10 41 23 404196  0.02438045 -0.03177261  1.00197315
10 41 23 406348  0.02709174 -0.03239894  1.00032353
10 41 23 408331  0.02776837 -0.03039074  1.00242066
10 41 23 427966  0.024014   -0.02972317  0.99884129
10 41 23 451818  0.02740288 -0.03253269  1.00171781
10 41 23 454425  0.02689147 -0.02880311  0.99806237
10 41 23 476792  0.02848649 -0.02940512  0.99943662
10 41 23 499672  0.02784824 -0.02831268  0.99946737
10 41 23 501781  0.0257628  -0.02853107  0.99816465
10 41 23 523746  0.02828932 -0.03015018  1.00042939
10 41 23 559526  0.02688479 -0.02857065  0.99792218
10 41 23 568181  0.02919841 -0.02897525  0.99970627
10 41 23 571866  0.02592182 -0.02631855  1.0017705 
10 41 23 595466  0.02525878 -0.02840734  1.00273681
10 41 23 597855  0.02667713 -0.02973056  1.00047898
10 41 23 620038  0.02299809 -0.02783751  1.00371647
10 41 23 643456  0.02429318 -0.02520156  1.00116992
10 41 23 646023  0.02492857 -0.03208208  0.99750185
10 41 23 668904  0.02926469 -0.03111267  1.00181627
10 41 23 691039  0.02633524 -0.02959728  1.00204492
10 41 23 693252  0.02365375 -0.02907825  1.00099111
10 41 23 715690  0.02631903 -0.03016281  1.00329661
10 41 23 739232  0.02831888 -0.02815223  0.99675369
10 41 23 741612  0.02314281 -0.02982378  1.00102282
10 41 23 763444  0.02645707 -0.02928853  1.00248122
10 41 23 787389  0.02761483 -0.02929807  0.99740338
10 41 23 789526  0.02524376 -0.03317261  0.99668384
10 41 23 813471  0.02655649 -0.03037786  1.00194454
10 41 23 835426  0.03147125 -0.02769756  1.00270605
10 41 23 838042  0.02752209 -0.02557325  1.00369287
10 41 23 859540  0.02135062 -0.02746248  0.9998548 
10 41 23 894861  0.02491522 -0.02982402  0.99931908
10 41 23 903042  0.02611732 -0.02701449  1.00021935
10 41 23 909847  0.02638865 -0.03216791  1.00104713
10 41 23 931208  0.02802658 -0.02848101  1.00534821
10 41 23 933999  0.02993155 -0.02742743  1.00253248
10 41 23 955531  0.02945018 -0.03007817  1.00251698
10 41 23 979247  0.02740932 -0.03125834  1.00162101
10 41 23 981765  0.02381873 -0.03024626  1.00268841
10 41 24 3224  0.02316618 -0.02868009  1.00253749
10 41 24 27140  0.02764368 -0.02749157  1.0012362 
10 41 24 29482  0.02707553 -0.02962971  1.00133729
10 41 24 51780  0.02638865 -0.02867389  1.00428796
10 41 24 75419  0.02615929 -0.03215599  1.00110912
10 41 24 77899  0.0271821  -0.02938747  1.00193357
10 41 24 99553  0.02356744 -0.02767491  0.99987984
10 41 24 123285  0.02483106 -0.02985048  0.99993801
10 41 24 125827  0.0250628  -0.02867484  1.00095248
10 41 24 147852  0.02331829 -0.03154063  1.00146222
10 41 24 150018  0.02480626 -0.03051162  1.00171638
10 41 24 171270  0.02923346 -0.03046823  1.00318789
10 41 24 195405  0.02828717 -0.02975893  0.99852133
10 41 24 197439  0.0251236  -0.02968526  1.00212502
10 41 24 219334  0.02409554 -0.02788472  1.00160885
10 41 24 315894  0.0252459  -0.02898312  0.99925709
10 41 24 318622  0.02808738 -0.03138852  0.9990871 
10 41 24 321178  0.02630949 -0.03278708  1.00142384
10 41 24 323873  0.02370286 -0.03016257  0.99746323
10 41 24 325853  0.02681208 -0.02989507  1.0010705 
10 41 24 327461  0.02577424 -0.0287869   1.00027466
10 41 24 339474  0.02347374 -0.0273447   0.99827313
10 41 24 341697  0.02590036 -0.02757788  0.99995446
10 41 24 371179  0.02366567 -0.03164673  1.0010004 
10 41 24 387834  0.02594972 -0.03018236  1.00248647
10 41 24 389678  0.02481461 -0.02889419  1.00187111
10 41 24 412306  0.024158   -0.02779174  0.99908543
10 41 24 435440  0.02641177 -0.0261023   0.99747491
10 41 24 437253  0.02423477 -0.03022027  1.00048852
10 41 24 460552  0.02532029 -0.02945209  1.00257993
10 41 24 484184  0.0241971  -0.03210115  1.00079107
10 41 24 486215  0.03306913 -0.03137112  1.00161409
10 41 24 507662  0.02491236 -0.02918649  1.00179219
10 41 24 531937  0.02610493 -0.02851629  1.00210571
10 41 24 535378  0.02220941 -0.02750826  1.00147891
10 41 24 555797  0.02695417 -0.03040504  1.00088501
10 41 24 579740  0.02488399 -0.0310092   1.00032306
10 41 24 583309  0.02426696 -0.0304184   0.99873233
10 41 24 604266  0.02502847 -0.03146648  1.0017128 
10 41 24 627608  0.02425599 -0.02860165  0.99947524
10 41 24 630071  0.02662063 -0.02604628  1.00011849
10 41 24 652599  0.02498603 -0.02811074  1.00181532
10 41 24 675637  0.02562451 -0.02729559  1.00282979
10 41 24 677900  0.02448893 -0.02637029  1.00167489
10 41 24 700388  0.02094078 -0.02925134  1.00350714
10 41 24 723299  0.02394605 -0.03217459  1.00260639
10 41 24 725371  0.02963519 -0.02878141  0.9992373 
10 41 24 748043  0.02830958 -0.0282619   0.99940538
10 41 24 771188  0.02357841 -0.0273087   1.00173998
10 41 24 772817  0.02451921 -0.02760887  1.00208616
10 41 24 795765  0.02384591 -0.02712417  1.00113893
10 41 24 819603  0.02273393 -0.02845955  1.00052333
10 41 24 821865  0.02468061 -0.02771592  1.00211143
10 41 24 843878  0.02711201 -0.02943373  1.00251675
10 41 24 867281  0.02904677 -0.02787805  1.00272179
10 41 24 869312  0.02825952 -0.02866864  1.00149751
10 41 24 891622  0.02483916 -0.02923012  0.99912262
10 41 24 915747  0.02375793 -0.02998114  0.9983201 
10 41 24 918453  0.02302122 -0.02794719  1.00443912
10 41 24 939341  0.02259207 -0.02997088  1.00084233
10 41 24 963308  0.02731204 -0.02825379  1.00255847
10 41 24 966087  0.02702785 -0.02914476  1.00320625
10 41 24 987404  0.02629137 -0.02775168  1.00122094
10 41 25 22813  0.02540803 -0.03070188  0.99977326
10 41 25 34223  0.0231986  -0.02676129  1.0016861 
10 41 25 56379  0.02595592 -0.0296278   1.00116944
10 41 25 66512  0.02861881 -0.03021121  1.00169086
10 41 25 91557  0.02585125 -0.02745223  1.005337  
10 41 25 119461  0.02447844 -0.03038096  1.00387979
10 41 25 145458  0.02594614 -0.0272913   1.00161672
10 41 25 166498  0.0237143  -0.02771425  1.00153208
10 41 25 168681  0.02691436 -0.02885556  1.00271606
10 41 25 170107  0.02607298 -0.02749968  1.00285912
10 41 25 171885  0.0244348  -0.02781725  0.99992371
10 41 25 179909  0.02433443 -0.02713084  0.99956965
10 41 25 182330  0.02537608 -0.02849603  1.00156331
10 41 25 215773  0.02220845 -0.02967453  0.99942589
10 41 25 239216  0.02317381 -0.02754855  1.0034008 
10 41 25 248341  0.02500057 -0.02576351  1.00244331
10 41 25 267864  0.02355862 -0.02705264  1.00238538
10 41 25 286271  0.02677917 -0.02698112  1.00166583
10 41 25 288392  0.02629042 -0.02348757  1.00287199
10 41 25 299552  0.02724886 -0.02787232  1.00045562
10 41 25 333217  0.02669287 -0.02739787  0.9994061 
10 41 25 346631  0.02617192 -0.02856803  1.00042987
10 41 25 348474  0.02571392 -0.02858877  1.00102139
10 41 25 385119  0.02594757 -0.02973032  1.00332999
10 41 25 411126  0.02664733 -0.027107    1.00051355
10 41 25 427751  0.02449775 -0.02879381  1.00286365
10 41 25 449931  0.02635932 -0.02449536  1.00185061
10 41 25 473546  0.02549195 -0.02754855  1.00303888
10 41 25 499071  0.0218513  -0.02765274  1.00286937
10 41 25 503578  0.02385116 -0.02753162  1.00312591
10 41 25 505444  0.02399206 -0.02940631  1.00023818
10 41 25 573849  0.02752995 -0.02811861  0.99714375
10 41 25 575633  0.03237724 -0.02857471  1.00072002
10 41 25 577457  0.02698827 -0.0284338   0.99981189
10 41 25 580588  0.02367759 -0.02650237  1.00320768
10 41 25 583523  0.02517915 -0.02940178  1.00139952
10 41 25 585750  0.02598929 -0.02801156  1.0015099 
10 41 25 587527  0.02394056 -0.02464342  1.00308371
10 41 25 611581  0.02571893 -0.02650237  0.99996567
10 41 25 614318  0.02429509 -0.02879548  1.00039124
10 41 25 636333  0.0243845  -0.02745032  1.00174284
10 41 25 659375  0.02855682 -0.02662063  0.99979997
10 41 25 661181  0.02425885 -0.02733421  1.00053644
10 41 25 684235  0.02393889 -0.02337027  1.00129485
10 41 25 707714  0.02507901 -0.02794909  0.99991441
10 41 25 710298  0.02536035 -0.0301404   1.0012548 
10 41 25 732769  0.02606153 -0.02847123  1.00026298
10 41 25 755451  0.02160454 -0.02694726  1.00267744
10 41 25 757219  0.02241421 -0.02661896  1.00037169
10 41 25 779925  0.0255034  -0.0269618   1.00151086
10 41 25 822785  0.02783179 -0.02549505  1.00191379
10 41 25 827332  0.02728295 -0.02870178  0.99933171
10 41 25 831865  0.02419448 -0.02939391  1.00063705
10 41 25 851890  0.02612042 -0.03032589  1.00244045
10 41 25 854041  0.0243628  -0.02536678  1.00121379
10 41 25 876056  0.02346039 -0.0261569   1.00251293
10 41 25 899225  0.02521372 -0.02376723  1.00222325
10 41 25 900839  0.02436566 -0.0272603   1.00177884
10 41 25 923716  0.02506948 -0.02737522  1.00335121
10 41 25 947763  0.02581763 -0.02801156  1.00366879
10 41 25 951107  0.0247612  -0.02652454  0.9997716 
10 41 25 973336  0.02479577 -0.02541399  1.00219393
10 41 25 998924  0.02353048 -0.02717876  0.99995136
10 41 26 17232  0.02499223 -0.0256269   1.00164461
10 41 26 19724  0.02385521 -0.02482677  1.00122571
10 41 26 43116  0.02340865 -0.0255084   0.999856  
10 41 26 44847  0.02667284 -0.02275443  1.00034118
10 41 26 68508  0.02778006 -0.02351022  1.00110531
10 41 26 94077  0.02648711 -0.02499342  1.00243664
10 41 26 106794  0.02590752 -0.0312233   1.00242615
10 41 26 115972  0.02375627 -0.02826929  1.00381303
10 41 26 139060  0.02362847 -0.02606297  1.00462556
10 41 26 141789  0.02109933 -0.02616835  1.00068879
10 41 26 163416  0.02259445 -0.02593231  0.99958539
10 41 26 188189  0.02138805 -0.02446246  1.00129628
10 41 26 191354  0.02404666 -0.02737284  0.99889827
10 41 26 216431  0.0251174  -0.02663636  1.00258589
10 41 26 235331  0.02513528 -0.02771521  1.00300407
10 41 26 237719  0.0268662  -0.0279355   1.00171924
10 41 26 259586  0.02402782 -0.02686501  1.00137281
10 41 26 289715  0.02517295 -0.0245297   0.99952483
10 41 26 301524  0.02370763 -0.02434516  1.00236416
10 41 26 320240  0.02312708 -0.02693653  0.99863958
10 41 26 345603  0.02363491 -0.02530646  0.99834824
10 41 26 362320  0.02636576 -0.02463007  0.99621367
10 41 26 378624  0.02420592 -0.0266695   1.00003672
10 41 26 380930  0.02502298 -0.02664399  0.99924755
10 41 26 382993  0.02036834 -0.02492571  1.00309801
10 41 26 403861  0.02148962 -0.02412558  1.00028062
10 41 26 427101  0.01883626 -0.02582097  1.00294352
10 41 26 430397  0.02105927 -0.02433395  1.00176382
10 41 26 452126  0.0232923  -0.02474904  1.00170517
10 41 26 475240  0.02518868 -0.0290575   1.00226355
10 41 26 478086  0.02371359 -0.02663875  1.00422883
10 41 26 499229  0.02460098 -0.03107023  1.00224948
10 41 26 523855  0.01993775 -0.02814102  1.00484133
10 41 26 526919  0.01912355 -0.02375174  0.99950576
10 41 26 547325  0.02017283 -0.02507496  0.9990406 
10 41 26 571081  0.02328825 -0.02509141  1.00450301
10 41 26 572822  0.02103782 -0.02967024  0.99897265
10 41 26 595058  0.02233267 -0.02359009  1.00049853
10 41 26 691628  0.02431393 -0.02657604  1.00206065
10 41 26 693590  0.02650928 -0.02525258  1.0044651 
10 41 26 695472  0.02405238 -0.02685618  1.00137401
10 41 26 697388  0.02899814 -0.02729416  1.00209641
10 41 26 699266  0.02991557 -0.02732825  1.00256228
10 41 26 701137  0.02551436 -0.02671838  1.00374532
10 41 26 715688  0.02380586 -0.02570891  1.00339293
10 41 26 717552  0.02196479 -0.02755523  0.99885535
10 41 26 740732  0.02399659 -0.02360916  0.99982023
10 41 26 763691  0.02043223 -0.02778602  1.00209236
10 41 26 765713  0.02329016 -0.02777433  1.0044589 
10 41 26 787972  0.02355886 -0.02510762  0.99884701
10 41 26 811646  0.0237906  -0.02659726  0.99886465
10 41 26 815351  0.0244267  -0.02815962  0.99808049
10 41 26 836223  0.0223372  -0.02275276  1.00284147
10 41 26 859310  0.02328849 -0.02646065  1.00241661
10 41 26 861123  0.02141237 -0.02640986  1.00352335
10 41 26 896652  0.0225327  -0.02444577  1.00353909
10 41 26 907759  0.02449822 -0.02784753  0.99847794
10 41 26 909612  0.02186728 -0.02698541  1.00236249
10 41 26 932334  0.02009225 -0.02519417  1.00184631
10 41 26 955411  0.02096915 -0.02649212  1.00224304
10 41 26 957452  0.0215292  -0.02847385  1.00264931
10 41 26 980657  0.01819468 -0.02643633  0.99981642
10 41 27 3369  0.02028656 -0.02848721  1.00166559
10 41 27 6189  0.02285767 -0.0293715   0.99697375
10 41 27 27770  0.02063203 -0.03192115  0.99923182
10 41 27 51880  0.02430797 -0.02862668  1.00107217
10 41 27 55482  0.02072978 -0.02467704  1.00069189
10 41 27 76371  0.0199523  -0.02538252  1.00354075
10 41 27 99360  0.02268767 -0.02774119  0.9991467 
10 41 27 101250  0.02215052 -0.02894092  1.00125051
10 41 27 124180  0.02386022 -0.02740645  1.00322533
10 41 27 152133  0.02212596 -0.02353573  1.00074029
10 41 27 176211  0.01712894 -0.02438498  1.00037479
10 41 27 186461  0.01909041 -0.0257647   1.00224638
10 41 27 205780  0.02167273 -0.03104115  1.00079775
10 41 27 230251  0.02042985 -0.02982593  1.00101066
10 41 27 248459  0.02392602 -0.02709174  1.00302267
10 41 27 267004  0.02373362 -0.02614546  1.00293469
10 41 27 289622  0.02044511 -0.02348137  1.00146866
10 41 27 313632  0.02101636 -0.02468014  1.00105953
10 41 27 342926  0.02145505 -0.02577686  1.00257564
10 41 27 368471  0.01976013 -0.02724361  1.00007701
10 41 27 393221  0.02455544 -0.02516341  1.0016439 
10 41 27 403475  0.02600694 -0.02745295  1.0027194 
10 41 27 422290  0.02417946 -0.02945971  0.99787927
10 41 27 443855  0.0240624 -0.0267396  0.9996922
10 41 27 461087  0.01847696 -0.02727795  1.00485921
10 41 27 470707  0.01957369 -0.02415967  1.00580382
10 41 27 493415  0.02412057 -0.02104259  0.99623919
10 41 27 512108  0.02106953 -0.02505994  0.99806929
10 41 27 529268  0.02148724 -0.0262506   1.00240755
10 41 27 547082  0.02261662 -0.02775502  1.00348616
10 41 27 563997  0.02677464 -0.02787852  1.00396085
10 41 27 580895  0.02011919 -0.02445817  1.00223136
10 41 27 600573  0.01994443 -0.02397156  1.0001955 
10 41 27 603542  0.01831198 -0.02094293  1.00012946
10 41 27 606719  0.01870823 -0.02530217  1.00249863
10 41 27 609396  0.02101326 -0.02668285  1.002527  
10 41 27 611712  0.0178473  -0.02813268  1.00345874
10 41 27 613532  0.02151227 -0.02903605  1.00287127
10 41 27 615808  0.02387214 -0.02812362  1.00125146
10 41 27 627008  0.02477098 -0.02635312  1.00087476
10 41 27 628979  0.02405453 -0.03001332  1.0021286 
10 41 27 651661  0.02531791 -0.02828407  1.00187206
10 41 27 675066  0.0216763  -0.02691317  1.00221324
10 41 27 677683  0.0192163  -0.02452445  1.00256276
10 41 27 699247  0.01736498 -0.02493048  1.00179648
10 41 27 722864  0.018466   -0.02335119  1.00286436
10 41 27 725253  0.01849842 -0.02326894  1.00570154
10 41 27 820235  0.01780462 -0.02713251  1.0011518 
10 41 27 822502  0.01968551 -0.02560472  1.00339174
10 41 27 824157  0.020715   -0.02712369  1.00141382
10 41 27 825795  0.01998305 -0.02305984  1.00276995
10 41 27 827464  0.02083993 -0.02349067  1.00158978
10 41 27 829685  0.01801658 -0.02392173  1.00341845
10 41 27 844838  0.01526475 -0.02575254  1.00111461
10 41 27 867515  0.02054715 -0.02496648  0.99991298
10 41 27 869144  0.02461576 -0.02705073  1.00026846
10 41 27 892296  0.02245641 -0.0264132   1.00302076
10 41 27 916291  0.02743459 -0.02678013  1.00331712
10 41 27 919061  0.02470565 -0.02679443  1.00369501
10 41 27 952224  0.02030277 -0.02888155  0.99940395
10 41 27 973789  0.02078819 -0.03124404  1.00276709
10 41 27 985199  0.01886702 -0.02938747  0.99978781
10 41 28 4923  0.02072024 -0.03142095  1.00120115
10 41 28 28136  0.02024651 -0.02759743  1.00020337
10 41 28 45053  0.02106023 -0.02429461  0.99956584
10 41 28 57654  0.01972389 -0.0280118   1.00188446
10 41 28 59153  0.02031922 -0.02646804  1.00142598
10 41 28 61722  0.01734877 -0.02894926  1.00255466
10 41 28 87577  0.01769471 -0.0260272   1.0008111 
10 41 28 123577  0.01639533 -0.02214098  1.00317335
10 41 28 139971  0.02098131 -0.02467251  1.00013351
10 41 28 149005  0.01815343 -0.02752829  0.99981809
10 41 28 170463  0.01606846 -0.0320909   1.00527334
10 41 28 184648  0.02307987 -0.02779579  1.00289249
10 41 28 203673  0.02269816 -0.03030157  0.99941349
10 41 28 216189  0.0222249  -0.03029275  1.00283647
10 41 28 223587  0.02338099 -0.02888227  0.99994946
10 41 28 231972  0.02222371 -0.03087878  1.00171113
10 41 28 233838  0.01828384 -0.02511692  1.00540519
10 41 28 251623  0.02076149 -0.02675176  0.9984498 
10 41 28 254605  0.01884937 -0.02770495  1.00106406
10 41 28 275707  0.01968479 -0.02894926  1.00141788
10 41 28 299379  0.02001214 -0.02469444  1.00383759
10 41 28 302545  0.02015519 -0.02737832  1.00590444
10 41 28 324247  0.02003407 -0.0302012   1.00349951
10 41 28 347269  0.01949382 -0.02937508  1.00135326
10 41 28 349690  0.02243376 -0.02804375  1.00099635
10 41 28 371760  0.02080703 -0.0272696   0.99965024
10 41 28 395936  0.01855588 -0.02563477  1.00293922
10 41 28 398293  0.01709151 -0.02703404  0.99774218
10 41 28 431630  0.01797938 -0.02641034  0.99885821
10 41 28 451592  0.01410747 -0.0278399   1.00210977
10 41 28 460085  0.01821685 -0.02593589  0.99906778
10 41 28 475013  0.02093148 -0.02821732  0.9996233 
10 41 28 491505  0.02250957 -0.02701831  1.00247288
10 41 28 493899  0.02123499 -0.0274322   1.00081468
10 41 28 516738  0.02025771 -0.02589202  1.00215983
10 41 28 539943  0.01926041 -0.02992678  1.00024176
10 41 28 542625  0.02023149 -0.0306375   1.00194192
10 41 28 570434  0.0231154  -0.02879906  1.00340652
10 41 28 587160  0.0210762  -0.02867913  0.99830294
10 41 28 589427  0.02049184 -0.02858591  0.99966502
10 41 28 611981  0.01998925 -0.02645755  0.99923539
10 41 28 635373  0.01932955 -0.0282526   1.00074816
10 41 28 637816  0.02107286 -0.02609372  1.00082135
10 41 28 672389  0.02104712 -0.0311861   0.99895191
10 41 28 696009  0.02409053 -0.0278542   1.00098228
10 41 28 706419  0.01942658 -0.02727389  1.00363564
10 41 28 726322  0.01778984 -0.02509403  0.99789858
10 41 28 750319  0.0178194  -0.02713513  0.9994936 
10 41 28 766616  0.01698494 -0.02520561  0.99966264
10 41 28 783083  0.01818967 -0.03030753  1.00408125
10 41 28 800108  0.02161717 -0.02936816  1.00115561
10 41 28 819371  0.02283382 -0.02798963  0.99910569
10 41 28 840385  0.02332163 -0.03069782  1.00141191
10 41 28 862507  0.01948237 -0.02948236  1.00132656
10 41 28 877289  0.02044511 -0.0285449   1.00235796
10 41 28 905282  0.01769066 -0.02743506  0.9988687 
10 41 28 927971  0.02041006 -0.02940512  1.00143766
10 41 28 949787  0.01744962 -0.02544355  1.00432014
10 41 28 969080  0.01966238 -0.0265646   1.0039742 
10 41 28 995348  0.02194881 -0.02972627  1.00173664
10 41 28 999633  0.02053452 -0.02726173  1.00101066
10 41 29 1941  0.02009034 -0.02903771  1.00281334
10 41 29 3943  0.01887178 -0.02853322  1.00260472
10 41 29 44963  0.01545525 -0.02713585  0.99991035
10 41 29 46584  0.02160382 -0.02664185  0.99997115
10 41 29 48561  0.01979995 -0.02485275  1.00366354
10 41 29 50458  0.02079415 -0.02733064  1.00160956
10 41 29 52401  0.01940393 -0.0297842   1.00102568
10 41 29 55028  0.0244081  -0.03028154  1.00199914
10 41 29 81469  0.02044368 -0.02958608  0.99818039
10 41 29 104313  0.01865911 -0.02838826  1.00230265
10 41 29 111592  0.01632762 -0.02720141  0.99945688
10 41 29 127576  0.02136517 -0.02943301  1.00008392
10 41 29 146652  0.01788092 -0.02447152  1.00143385
10 41 29 157581  0.02034163 -0.02473998  1.00098848
10 41 29 180549  0.01968002 -0.02917957  0.99896097
10 41 29 183578  0.01909113 -0.02681994  1.00259113
10 41 29 188786  0.01914144 -0.02837253  1.00123644
10 41 29 211921  0.01954103 -0.02711725  1.00202942
10 41 29 214837  0.01838183 -0.02851772  1.00197172
10 41 29 236702  0.01852584 -0.03056288  1.00411105
10 41 29 259670  0.02030277 -0.02636003  1.00300384
10 41 29 261957  0.01889515 -0.0292387   1.00321913
10 41 29 284513  0.019243   -0.02829576  1.00426698
10 41 29 313431  0.01866484 -0.03019953  1.00313783
10 41 29 326295  0.02183223 -0.02601743  1.00408101
10 41 29 335148  0.02067924 -0.02880096  1.0008316 
10 41 29 355822  0.01875925 -0.03221893  1.0030911 
10 41 29 358446  0.01823163 -0.02656102  1.00196099
10 41 29 379930  0.01773858 -0.02845669  0.99671936
10 41 29 403699  0.01872087 -0.02944255  1.00442505
10 41 29 405565  0.01985121 -0.02886796  1.00505853
10 41 29 428301  0.01767898 -0.02709508  1.00292587
10 41 29 458119  0.02024627 -0.03066993  1.001369  
10 41 29 461185  0.01585364 -0.03169847  1.00128937
10 41 29 476556  0.01947689 -0.03122354  1.00008893
10 41 29 499780  0.01897097 -0.02848387  1.00110769
10 41 29 502948  0.01906466 -0.02989912  1.00332332
10 41 29 523607  0.0213449  -0.02891254  1.00029254
10 41 29 548649  0.01992893 -0.02753019  1.00156498
10 41 29 551010  0.02092862 -0.02731133  1.00190544
10 41 29 572109  0.01856923 -0.02884674  1.00015926
10 41 29 595412  0.0208869  -0.02781057  1.00064731
10 41 29 598258  0.01773238 -0.03031325  1.00387979
10 41 29 619561  0.01786494 -0.02788758  1.0029645 
10 41 29 645099  0.01879907 -0.02769804  1.00189042
10 41 29 647334  0.02023649 -0.02587557  1.00376034
10 41 29 668045  0.01821113 -0.02845144  1.00286508
10 41 29 691252  0.01827025 -0.02764583  1.00141811
10 41 29 693500  0.01672149 -0.026963    1.00324583
10 41 29 715910  0.01950622 -0.02739429  1.0039959 
10 41 29 738976  0.0194819  -0.02715468  0.99907899
10 41 29 740792  0.0214932  -0.02892327  1.00327849
10 41 29 779028  0.02339077 -0.03095412  1.00360012
10 41 29 792920  0.01751781 -0.02862573  1.00525737
10 41 29 802825  0.01966476 -0.02825689  1.00280881
10 41 29 811503  0.02175593 -0.02707267  1.00150633
10 41 29 835288  0.01896977 -0.0244031   1.00435901
10 41 29 838636  0.01965857 -0.02742743  1.00203657
10 41 29 859262  0.02068257 -0.03082156  1.00068974
10 41 29 883309  0.01641321 -0.03052139  1.00159168
10 41 29 886289  0.01642537 -0.02478647  1.00234294
10 41 29 907895  0.0174613  -0.02601314  0.99982977
10 41 29 931398  0.02061033 -0.02802014  0.99928021
10 41 29 933681  0.02015686 -0.02949548  1.00055981
10 41 29 956231  0.02073979 -0.02994037  1.00145555
10 41 29 979803  0.0192337  -0.02763867  0.99890256
10 41 29 982127  0.02082038 -0.03079367  0.99864435
10 41 30 3202  0.01942348 -0.02987361  1.0020113 
10 41 30 26892  0.0197866  -0.02752495  1.0050447 
10 41 30 29805  0.02071142 -0.02729559  1.00639915
10 41 30 51990  0.02157307 -0.03207397  1.00113559
10 41 30 74885  0.01531529 -0.03019905  1.00195336
10 41 30 76853  0.01568294 -0.02620912  1.00500631
10 41 30 176161  0.01921487 -0.02740502  0.99968696
10 41 30 183084  0.0194931  -0.02594662  1.00287247
10 41 30 189303  0.02197218 -0.02854204  1.00452781
10 41 30 197743  0.01748872 -0.02769041  1.00223327
10 41 30 208065  0.01704669 -0.02954578  1.00408983
10 41 30 229799  0.01665521 -0.02400589  1.0000422 
10 41 30 256103  0.01956439 -0.02475524  0.99788928
10 41 30 283433  0.02241397 -0.02705789  1.00170708
10 41 30 295728  0.0184772  -0.03151798  1.00144792
10 41 30 305412  0.01958299 -0.03033566  1.00379705
10 41 30 314527  0.02022529 -0.0318296   1.00218701
10 41 30 317314  0.01868582 -0.03150964  0.99958706
10 41 30 320249  0.01845717 -0.03013897  1.00196838
10 41 30 322596  0.01570225 -0.02829123  1.00137281
10 41 30 324322  0.01212358 -0.02833319  1.00326443
10 41 30 342319  0.01683712 -0.03148389  1.00238967
10 41 30 363341  0.0191474  -0.02808452  1.00126219
10 41 30 365067  0.02220249 -0.02881789  1.00141478
10 41 30 398744  0.02015996 -0.02873015  1.00014591
10 41 30 422995  0.0175581  -0.02896953  1.00503945
10 41 30 446823  0.02069831 -0.03018689  1.00570726
10 41 30 462002  0.01999903 -0.02815294  1.00268126
10 41 30 472818  0.01550817 -0.02713656  1.00269914
10 41 30 488806  0.01437712 -0.02282381  1.00295353
10 41 30 491757  0.01761293 -0.02828884  1.00238562
10 41 30 507933  0.02106023 -0.02955914  1.00277114
10 41 30 509623  0.02077818 -0.03099751  0.9997468 
10 41 30 531545  0.02245069 -0.03263164  1.00543284
10 41 30 533922  0.02095819 -0.03049374  1.00339913
10 41 30 556174  0.01714873 -0.02763724  0.9978478 
10 41 30 579518  0.01507258 -0.02722836  1.00090265
10 41 30 582065  0.01567721 -0.03103065  1.00034142
10 41 30 605173  0.0172801  -0.0290494   1.00077057
10 41 30 628930  0.01918602 -0.0299933   0.99855804
10 41 30 631913  0.01905727 -0.02818298  1.00211978
10 41 30 651993  0.02063227 -0.03048754  1.00207782
10 41 30 675977  0.02202988 -0.0291779   0.99989033
10 41 30 679211  0.01887155 -0.03138185  1.00325298
10 41 30 701032  0.02067256 -0.02518797  1.00092793
10 41 30 724054  0.01843619 -0.02935791  1.00038338
10 41 30 727045  0.01861596 -0.02849102  1.00235772
10 41 30 759880  0.01685762 -0.02706051  1.00775003
10 41 30 772206  0.01837254 -0.03100109  1.00134015
10 41 30 774409  0.02032661 -0.02755737  1.00022531
10 41 30 796812  0.01899505 -0.02904582  1.00054717
10 41 30 819153  0.02246642 -0.02973509  1.00208616
10 41 30 821609  0.01741481 -0.0297308   1.00040841
10 41 30 844012  0.01397634 -0.03109193  1.00246668
10 41 30 871953  0.01897407 -0.02917218  1.00186396
10 41 30 885891  0.01737404 -0.0323627   1.00033402
10 41 30 891414  0.01901174 -0.02623868  0.99957705
10 41 30 914987  0.01877379 -0.02979136  1.00210571
10 41 30 916730  0.01637936 -0.02778459  1.00112295
10 41 30 939639  0.01987219 -0.02732682  1.00266171
10 41 30 963325  0.01898718 -0.02808833  1.00214505
10 41 30 965879  0.01793075 -0.02740502  1.00388145
10 41 30 993648  0.01533866 -0.02661443  0.99782467
10 41 31 11230  0.01659584 -0.0286603   1.00173616
10 41 31 13183  0.01812148 -0.02838087  1.0038631 
10 41 31 36101  0.01843286 -0.02790999  1.00226855
10 41 31 59039  0.01783037 -0.02804446  0.99799347
10 41 31 61838  0.01707482 -0.02885842  1.00129271
10 41 31 84006  0.02124333 -0.03040695  1.0011518 
10 41 31 107179  0.01964903 -0.02653885  0.99868464
10 41 31 109813  0.01727867 -0.02831483  1.00398088
10 41 31 131357  0.01815557 -0.03052759  1.00077558
10 41 31 155010  0.01360703 -0.02863097  1.00111103
10 41 31 157021  0.01563621 -0.02907133  1.00239038
10 41 31 179282  0.01944351 -0.02693057  1.00011778
10 41 31 202764  0.02189183 -0.02951765  1.00141573
10 41 31 204503  0.01839256 -0.0270884   1.00469351
10 41 31 227856  0.02073002 -0.03101897  1.00441122
10 41 31 251161  0.01421642 -0.03277826  1.00153303
10 41 31 254035  0.01455402 -0.03186727  1.00238538
10 41 31 275370  0.01819873 -0.02898884  1.0050385 
10 41 31 371651  0.01776171 -0.02778435  1.00036979
10 41 31 373524  0.01637316 -0.03108954  1.00286269
10 41 31 375234  0.02049899 -0.03027678  0.99988508
10 41 31 376963  0.01840734 -0.03102183  0.99879766
10 41 31 378338  0.01533389 -0.03085303  1.00027585
10 41 31 380271  0.01668906 -0.03176236  1.00080323
10 41 31 382212  0.02134252 -0.02878428  1.00366163
10 41 31 395868  0.01839972 -0.02911305  1.00149798
10 41 31 419997  0.01827908 -0.02924681  1.00319433
10 41 31 423270  0.01845455 -0.02937508  1.00255537
10 41 31 443925  0.01653123 -0.03096199  1.00064778
10 41 31 469353  0.01668429 -0.02956486  1.00421023
10 41 31 472330  0.01704979 -0.03293824  1.00161719
10 41 31 492537  0.01442695 -0.02723384  1.00144958
10 41 31 515504  0.01478505 -0.03213835  0.99846435
10 41 31 517593  0.01927876 -0.0315578   1.00413179
10 41 31 542999  0.02141738 -0.03103948  0.99773383
10 41 31 563658  0.02079511 -0.03039956  1.00196075
10 41 31 565765  0.01898289 -0.02599764  1.00096798
10 41 31 604869  0.01857853 -0.03055739  1.00142026
10 41 31 624171  0.01764846 -0.03220963  1.0003407 
10 41 31 626959  0.01543427 -0.02985692  1.00395727
10 41 31 635774  0.01613355 -0.02793694  1.00257754
10 41 31 660077  0.02043343 -0.02870584  1.00074697
10 41 31 663112  0.01492786 -0.03113556  1.00265384
10 41 31 697508  0.01805711 -0.03056884  1.00179672
10 41 31 724632  0.02054429 -0.03261971  0.99922681
10 41 31 749360  0.02108169 -0.02888155  0.99970698
10 41 31 766562  0.01555085 -0.03013873  1.00065875
10 41 31 783385  0.01605105 -0.0280807   1.00277448
10 41 31 800269  0.01871657 -0.02986836  0.99654531
10 41 31 815771  0.02093482 -0.02924252  0.99833941
10 41 31 827014  0.02022743 -0.03017497  1.00109982
10 41 31 849532  0.01854658 -0.03100371  1.00063658
10 41 31 852190  0.01961803 -0.02970791  1.00129962
10 41 31 855077  0.01655293 -0.03265476  1.00221491
10 41 31 857731  0.02348328 -0.03234839  1.00083661
10 41 31 875246  0.01664019 -0.02813196  1.00123954
10 41 31 877404  0.01371002 -0.03232718  1.00147676
10 41 31 900051  0.01971483 -0.02723503  1.00288486
10 41 31 927714  0.0158143  -0.02784872  0.99871659
10 41 31 937701  0.01995063 -0.02957797  1.00588226
10 41 31 947719  0.01964641 -0.03116989  1.00286317
10 41 31 971544  0.01652598 -0.02897882  1.00277638
10 41 31 974218  0.01795983 -0.02963376  1.00390983
10 41 31 995533  0.01690221 -0.03070617  0.99767685
10 41 32 19467  0.01576877 -0.02521467  0.99793339
10 41 32 21304  0.01530552 -0.02938771  1.00297689
10 41 32 44612  0.01649618 -0.02800107  1.0004108 
10 41 32 67489  0.01779413 -0.03440452  1.00099468
10 41 32 69723  0.01857686 -0.03190064  1.00279737
10 41 32 92359  0.01913333 -0.03017044  1.00071812
10 41 32 115511  0.01794791 -0.03510714  0.99873638
10 41 32 118663  0.0155437  -0.03413725  1.00150061
10 41 32 140388  0.01535487 -0.03281355  1.00184059
10 41 32 162894  0.01585841 -0.02786994  1.00390553
10 41 32 164521  0.01946163 -0.03078151  1.00301743
10 41 32 187456  0.01823568 -0.02832365  1.00340343
10 41 32 211325  0.02225876 -0.03202462  1.0003562 
10 41 32 214175  0.01914573 -0.02948141  1.00128341
10 41 32 236065  0.02005005 -0.02917337  1.00177193
10 41 32 264455  0.01576877 -0.03109598  1.00579977
10 41 32 274184  0.01967144 -0.02757144  1.00262976
10 41 32 283617  0.01790714 -0.02780747  0.99865556
10 41 32 307731  0.01791501 -0.02857876  1.00090384
10 41 32 310492  0.01831222 -0.03126311  1.00325656
10 41 32 337047  0.0180583  -0.03024745  1.00428391
10 41 32 355310  0.01922274 -0.03128076  1.00053644
10 41 32 358569  0.02178574 -0.03478694  1.00127125
10 41 32 379199  0.01757765 -0.03095341  1.00107932
10 41 32 404130  0.01733375 -0.03977609  1.00212598
10 41 32 407017  0.01754618 -0.03011465  1.00427246
10 41 32 440108  0.01313186 -0.02952909  0.99987483
10 41 32 454754  0.0133357  -0.02767801  1.00737333
10 41 32 476259  0.01157212 -0.03108454  1.00125599
10 41 32 564981  0.01445246 -0.03098559  0.99509144
10 41 32 574999  0.01606369 -0.03080559  0.99725676
10 41 32 583557  0.01784825 -0.03164291  1.00288129
10 41 32 592078  0.02229881 -0.03304291  1.00056887
10 41 32 600803  0.02514076 -0.03262115  1.00111747
10 41 32 612349  0.02256894 -0.03221583  1.00344086
10 41 32 615212  0.01997471 -0.03372955  0.9991653 
10 41 32 617704  0.01757646 -0.03318858  1.00032783
10 41 32 620397  0.0215385  -0.03386593  1.00197887
10 41 32 624869  0.02066231 -0.02867031  0.99932456
10 41 32 627006  0.01560807 -0.02991009  1.00565815
10 41 32 644690  0.01097155 -0.03127933  1.00382447
10 41 32 667999  0.01510787 -0.02853513  0.99947762
10 41 32 671025  0.0140264  -0.02895737  1.00115395
10 41 32 692596  0.01357532 -0.02913737  1.00355291
10 41 32 716101  0.01864743 -0.02495027  1.00281382
10 41 32 718700  0.02088022 -0.03154755  1.00027585
10 41 32 739840  0.02094483 -0.03464842  1.00205207
10 41 32 763446  0.02038789 -0.03498936  1.00219226
10 41 32 765219  0.0189693  -0.0376761   1.00233626
10 41 32 787922  0.02112436 -0.03125906  1.00185299
10 41 32 812207  0.02076054 -0.03124976  0.99947071
10 41 32 814153  0.0182364  -0.03041101  1.0032742 
10 41 32 836575  0.01584697 -0.03139591  0.99934554
10 41 32 859521  0.01390028 -0.02987194  1.00241613
10 41 32 861868  0.01597333 -0.03130388  1.00020242
10 41 32 884527  0.01480174 -0.03132105  1.00075626
10 41 32 907758  0.01540518 -0.03029823  1.00058627
10 41 32 909765  0.01712656 -0.03139949  1.00218821
10 41 32 931863  0.01971912 -0.03496075  0.99982262
10 41 32 955494  0.0170393  -0.03193212  0.9999094 
10 41 32 957771  0.01771975 -0.03407407  1.00091672
10 41 32 980167  0.01651001 -0.03170705  0.99987435
10 41 33 7933  0.01662588 -0.03556204  1.00053549
10 41 33 22504  0.01800871 -0.03333402  1.00072527
10 41 33 27779  0.01851916 -0.02932858  1.00540757
10 41 33 52491  0.01789665 -0.03015041  1.00587702
10 41 33 54775  0.0201292  -0.03176975  1.00366712
10 41 33 76729  0.01802945 -0.03253794  1.00077009
10 41 33 99215  0.01852345 -0.03486896  1.00105572
10 41 33 100987  0.01595306 -0.03393626  1.00274086
10 41 33 127176  0.01455021 -0.03254628  1.00142312
10 41 33 147141  0.01690769 -0.02873921  0.99943161
10 41 33 148782  0.01319981 -0.0268836   0.99734211
10 41 33 172011  0.0101006  -0.02812266  0.99985242
10 41 33 195504  0.01143289 -0.03083491  0.99914289
10 41 33 198860  0.01770902 -0.0296061   0.99841237
10 41 33 219525  0.01764345 -0.03314376  0.99964976
10 41 33 243235  0.02360106 -0.03357911  1.00112438
10 41 33 245749  0.02425432 -0.03246784  0.99909258
10 41 33 267579  0.02184725 -0.03398204  1.00235009
10 41 33 305844  0.01758361 -0.03312349  1.0014081 
10 41 33 333442  0.01576281 -0.03332376  1.0032208 
10 41 33 361081  0.01658893 -0.03030586  1.00175142
10 41 33 386955  0.01556468 -0.03157401  0.99847507
10 41 33 402457  0.02043223 -0.03297758  1.00039697
10 41 33 423641  0.01786375 -0.03300309  1.00188541
10 41 33 450816  0.01901197 -0.03473163  1.00123048
10 41 33 466263  0.01681066 -0.02837586  1.00025702
10 41 33 475788  0.01950097 -0.03022289  1.00209379
10 41 33 484034  0.01515055 -0.02931428  0.99985743
10 41 33 486302  0.01730227 -0.03277755  0.99950528
10 41 33 488129  0.0184145  -0.0308075   0.99834371
10 41 33 490582  0.01843095 -0.0328083   1.00193191
10 41 33 492849  0.02038956 -0.0326829   0.99933004
10 41 33 507449  0.01851535 -0.03278995  1.00025964
10 41 33 530707  0.01741529 -0.03286886  0.99943352
10 41 33 532400  0.01785088 -0.03189731  1.00240064
10 41 33 555589  0.01881194 -0.03021622  1.00107741
10 41 33 578853  0.01848054 -0.03060508  0.99993348
10 41 33 581396  0.01917434 -0.03265071  1.00179219
10 41 33 684244  0.0169723  -0.0312314   1.00192666
10 41 33 691706  0.01924729 -0.0336535   0.99918699
10 41 33 697917  0.01950264 -0.03423667  1.00357103
10 41 33 707112  0.01686597 -0.03534603  1.00158048
10 41 33 717337  0.01872373 -0.03393674  1.00278568
10 41 33 745048  0.01482153 -0.03170753  0.99874949
10 41 33 769814  0.0190084  -0.03303146  1.00003719
10 41 33 781971  0.01830387 -0.0313549   1.00116038
10 41 33 783792  0.01598263 -0.03302574  1.00073671
10 41 33 785752  0.01983333 -0.03196049  1.00063944
10 41 33 788057  0.01688433 -0.0311799   1.00007987
10 41 33 790922  0.01621819 -0.03041816  0.99975753
10 41 33 796130  0.02128172 -0.03365564  1.0012641 
10 41 33 819999  0.0207448  -0.03372478  1.00373888
10 41 33 822280  0.02222776 -0.03797293  1.00337505
10 41 33 844486  0.02417111 -0.03611636  1.0060761 
10 41 33 867997  0.02425289 -0.03765035  1.00051498
10 41 33 870285  0.01966119 -0.03344989  1.00230837
10 41 33 892601  0.0180068  -0.0308063   1.00277424
10 41 33 894431  0.01519036 -0.02639842  1.00010371
10 41 33 916113  0.01722765 -0.02480102  1.00132728
10 41 33 939524  0.01696801 -0.02961421  1.00216341
10 41 33 941737  0.01701522 -0.02973127  0.999192  
10 41 33 964139  0.01879239 -0.0336411   1.00099301
10 41 33 987367  0.02075005 -0.03307652  1.0022366 
10 41 33 989952  0.01835155 -0.03130054  1.0050571 
10 41 34 11888  0.01838613 -0.0302608   0.99846959
10 41 34 35305  0.02074337 -0.02925563  0.99840713
10 41 34 37491  0.01673365 -0.0330677   1.00291634
10 41 34 59807  0.01643491 -0.03624272  1.00510979
10 41 34 83285  0.01933765 -0.03405809  1.00180125
10 41 34 85140  0.02165127 -0.03219271  0.99873567
10 41 34 109033  0.01852632 -0.03227258  1.00057268
10 41 34 131636  0.01778364 -0.03221798  0.99767971
10 41 34 134479  0.02367783 -0.03415203  0.99947834
10 41 34 155679  0.01406193 -0.03458095  1.00374746
10 41 34 179353  0.01833725 -0.03627896  1.00172949
10 41 34 183007  0.02094865 -0.0355382   1.00309801
10 41 34 204550  0.01549125 -0.03530145  1.00304818
10 41 34 232658  0.01649642 -0.03043604  1.00231934
10 41 34 250232  0.01666045 -0.03517509  1.00225163
10 41 34 268898  0.01193547 -0.03249955  1.0001936 
10 41 34 285557  0.01692677 -0.02995038  1.00268865
10 41 34 314854  0.01983333 -0.03234911  1.00279427
10 41 34 328273  0.01970434 -0.03241038  1.005234  
10 41 34 336624  0.01995969 -0.03610611  1.00368667
10 41 34 350446  0.01863909 -0.03198743  1.00068235
10 41 34 352510  0.01825118 -0.03305316  1.00073171
10 41 34 354704  0.01649666 -0.03139305  1.00170994
10 41 34 371129  0.0205009  -0.03374147  1.00226188
10 41 34 373097  0.01886487 -0.03372931  1.00171113
10 41 34 396087  0.01892638 -0.03493214  1.00386286
10 41 34 419008  0.02137494 -0.03408456  1.00151253
10 41 34 420642  0.01671791 -0.03172565  1.00221348
10 41 34 443588  0.01578236 -0.03248715  1.00100112
10 41 34 467409  0.0163188  -0.03530407  1.00135612
10 41 34 470278  0.01835179 -0.0333848   1.00247693
10 41 34 491021  0.02184319 -0.03496504  0.99959135
10 41 34 493267  0.02110052 -0.03553176  1.00159431
10 41 34 516008  0.02121758 -0.03587961  1.00065613
10 41 34 539013  0.02021432 -0.03405285  0.99785495
10 41 34 541244  0.01717639 -0.031317    1.00174212
10 41 34 563877  0.01807213 -0.0336442   1.00095773
10 41 34 587857  0.01595879 -0.03112602  1.00269461
10 41 34 591011  0.01620817 -0.03087115  1.00408149
10 41 34 611347  0.02266026 -0.03263807  1.00131774
10 41 34 635926  0.02019286 -0.03577089  1.0027616 
10 41 34 638585  0.0185771  -0.03613639  1.00593019
10 41 34 659582  0.01924086 -0.03532076  1.00503588
10 41 34 683028  0.01447582 -0.03178167  1.00165868
10 41 34 686151  0.01520205 -0.03097343  1.00052667
10 41 34 707507  0.01860118 -0.03317642  1.00301385
10 41 34 730800  0.02156115 -0.03662109  1.00307178
10 41 34 732448  0.02035403 -0.03637171  1.00342274
10 41 34 761574  0.0228126  -0.03562045  1.00076723
10 41 34 851925  0.01689529 -0.03180051  1.00049353
10 41 34 853795  0.0176847  -0.0296979   0.99863386
10 41 34 855590  0.01552653 -0.03249264  1.00079584
10 41 34 857860  0.01919413 -0.0351553   1.00136995
10 41 34 859873  0.01798391 -0.03547311  1.00130844
10 41 34 861999  0.01822758 -0.03495431  1.00405455
10 41 34 875911  0.02230382 -0.03456473  1.00289273
10 41 34 878298  0.02081299 -0.0335083   1.00315094
10 41 34 899964  0.01938677 -0.03586245  0.99964857
10 41 34 923677  0.02049375 -0.0343504   1.00246429
10 41 34 926555  0.0187335  -0.03690147  1.00092673
10 41 34 948699  0.02109861 -0.03452992  1.00001764
10 41 34 971834  0.01902318 -0.03784013  1.00156617
10 41 34 973605  0.02171731 -0.03504539  1.00208974
10 41 35 6443  0.02092814 -0.03315663  1.00179362
10 41 35 8102  0.02108192 -0.03254962  1.00038886
10 41 35 19757  0.02149963 -0.03605628  1.00200033
10 41 35 22360  0.01866674 -0.03303075  1.00378418
10 41 35 44736  0.01743197 -0.03354907  1.00094151
10 41 35 67653  0.01583862 -0.03183842  1.00017285
10 41 35 70018  0.01792407 -0.02942276  0.9994154 
10 41 35 92051  0.01735377 -0.03184891  1.00175476
10 41 35 116022  0.01956797 -0.0359931   0.99959493
10 41 35 118430  0.01742959 -0.03432274  1.00231385
10 41 35 140939  0.01763201 -0.03251362  1.00206852
10 41 35 163745  0.01966882 -0.03218389  1.00197458
10 41 35 166005  0.01662827 -0.0372417   0.99764776
10 41 35 189265  0.01950574 -0.03808784  1.00181508
10 41 35 211338  0.02235198 -0.03751445  1.00641227
10 41 35 212984  0.02119637 -0.04007006  1.00304008
10 41 35 236120  0.02386117 -0.03521562  1.00317049
10 41 35 259622  0.01875615 -0.03152156  1.0044992 
10 41 35 262073  0.01791739 -0.0309031   1.00086856
10 41 35 283769  0.0168972  -0.03233385  1.00028634
10 41 35 308028  0.01708627 -0.03278399  0.99963522
10 41 35 310738  0.01560426 -0.03304768  1.00269079
10 41 35 332696  0.01488876 -0.02991724  0.9983654 
10 41 35 355785  0.02001119 -0.03251886  1.00285816
10 41 35 358679  0.0223515  -0.03294158  0.99870205
10 41 35 380117  0.02103639 -0.03356719  1.00156188
10 41 35 403586  0.01895547 -0.03336787  0.99872565
10 41 35 406153  0.01192999 -0.03154325  1.00260448
10 41 35 428403  0.01194239 -0.03073573  1.00017309
10 41 35 451780  0.01518154 -0.02983046  1.00187659
10 41 35 454256  0.02080345 -0.03474665  1.00301552
10 41 35 480773  0.02226996 -0.03604341  1.00358939
10 41 35 499905  0.02084923 -0.03817487  1.00227618
10 41 35 502301  0.02272868 -0.034688    1.00421453
10 41 35 524523  0.01942444 -0.03142405  0.99833608
10 41 35 547346  0.01781821 -0.0327661   0.99952817
10 41 35 549659  0.01980948 -0.03395295  0.99849224
10 41 35 572758  0.02273154 -0.03298163  1.00181246
10 41 35 595946  0.02552581 -0.03552151  1.0009439 
10 41 35 599492  0.0230124  -0.03741288  1.00133443
10 41 35 619639  0.01850152 -0.03614187  1.00386381
10 41 35 643762  0.01570725 -0.03012228  0.9999547 
10 41 35 647619  0.01483369 -0.03214908  0.99921703
10 41 35 668557  0.01292586 -0.03008485  1.00184965
10 41 35 691575  0.01761127 -0.03632355  1.00011063
10 41 35 694689  0.01761127 -0.02978396  1.00360847
10 41 35 718948  0.01694274 -0.03163528  1.00178599
10 41 35 739462  0.02050781 -0.03343201  0.99917483
10 41 35 742458  0.01973057 -0.02973008  0.99819613
10 41 35 763357  0.01901793 -0.03005004  1.00083423
10 41 35 787330  0.0135808  -0.0334909   1.00135398
10 41 35 789336  0.01361012 -0.03222871  0.99998093
10 41 35 810812  0.0148983  -0.03020525  0.99741602
10 41 35 812534  0.01678753 -0.02968121  0.99854898
10 41 35 835746  0.01916885 -0.03024888  1.00282121
10 41 35 859352  0.0234611  -0.03202486  1.0012064 
10 41 35 862210  0.02485681 -0.03243685  1.00441074
10 41 35 883406  0.02165174 -0.04003787  1.002491  
10 41 35 979646  0.01817393 -0.03334308  1.00016761
10 41 35 981331  0.01801753 -0.03616786  1.00011683
10 41 35 983036  0.01770544 -0.03172445  0.99959612
10 41 35 984707  0.01802921 -0.03573775  1.00155354
10 41 35 986367  0.02049208 -0.03504896  0.99912834
10 41 35 988016  0.0224514  -0.03619146  1.0031774 
10 41 36 4113  0.02076888 -0.03481293  1.0033288 
10 41 36 6158  0.02181339 -0.03425884  1.00431371
10 41 36 28313  0.02056217 -0.03524041  1.00081515
10 41 36 52108  0.02076983 -0.03518581  1.0013001 
10 41 36 54961  0.01751375 -0.03203034  1.00313663
10 41 36 76680  0.01829576 -0.03375912  0.99981928
10 41 36 77867  0.02173138 -0.03383756  1.00319934
10 41 36 111495  0.01996875 -0.03468919  1.00206971
10 41 36 127071  0.02325153 -0.03429103  1.00086856
10 41 36 137169  0.02000785 -0.03326988  1.00170779
10 41 36 148393  0.01983476 -0.03347254  1.00554419
10 41 36 171799  0.01858425 -0.03192973  1.00427318
10 41 36 174614  0.02060723 -0.03049421  1.00096822
10 41 36 196494  0.01632667 -0.03419971  0.99825692
10 41 36 229947  0.01692581 -0.03273773  1.00233126
10 41 36 240821  0.01672649 -0.03270388  1.00031447
10 41 36 259257  0.01761913 -0.03165293  0.99855614
10 41 36 284718  0.01829004 -0.03199601  1.00392556
10 41 36 297809  0.02180576 -0.03419828  1.00293398
10 41 36 299674  0.02028966 -0.03171182  1.00368834
10 41 36 325828  0.02183628 -0.03362608  1.00567746
10 41 36 339278  0.02175212 -0.03722286  1.00105643
10 41 36 362369  0.02255821 -0.0365324   1.00127792
10 41 36 377673  0.02447367 -0.0362618   1.00280428
10 41 36 380005  0.02140808 -0.03553319  1.00307083
10 41 36 389866  0.02453685 -0.03662801  1.00231409
10 41 36 411569  0.02468204 -0.03465033  1.00170994
10 41 36 414634  0.01866531 -0.03227615  0.99998164
10 41 36 437651  0.01973796 -0.03416491  1.00385761
10 41 36 459269  0.01582575 -0.02989006  0.9995203 
10 41 36 460922  0.01645255 -0.03358078  0.99957633
10 41 36 483704  0.0149076  -0.03280067  1.00703764
10 41 36 507549  0.01586986 -0.03204465  1.00187469
10 41 36 510143  0.01881552 -0.03365707  0.99909711
10 41 36 531995  0.02361321 -0.03218699  1.00238156
10 41 36 555620  0.02360868 -0.03831792  1.00186491
10 41 36 557498  0.02636671 -0.04049468  1.00185108
10 41 36 579493  0.02213025 -0.04097819  1.00433874
10 41 36 603385  0.02438307 -0.03627348  1.00271273
10 41 36 605434  0.02051687 -0.03480196  1.00006819
10 41 36 628533  0.021909   -0.03562713  1.00465894
10 41 36 651757  0.0227077  -0.03672147  1.00006533
10 41 36 654584  0.02113867 -0.03468919  1.00327754
10 41 36 675728  0.01993752 -0.03476858  0.99880528
10 41 36 699365  0.02304244 -0.03339696  0.99781108
10 41 36 703431  0.02303362 -0.03457022  0.99736357
10 41 36 723970  0.01885033 -0.03573251  1.00003839
10 41 36 747669  0.01950216 -0.03313756  1.00211477
10 41 36 749434  0.0182395  -0.0367043   1.00147581
10 41 36 772385  0.01946592 -0.03253102  0.9986372 
10 41 36 795406  0.02164388 -0.03560448  1.00339794
10 41 36 797563  0.01683259 -0.03634     1.00366759
10 41 36 819899  0.02109241 -0.03496933  1.00498343
10 41 36 842995  0.02254415 -0.03519773  1.00109315
10 41 36 845256  0.02501059 -0.03721309  1.00332785
10 41 36 882384  0.02508235 -0.03890777  1.00308156
10 41 36 907322  0.01930809 -0.03653049  1.0042448 
10 41 36 922258  0.02099085 -0.03799629  1.00339246
10 41 36 924845  0.02355123 -0.03070641  0.99910522
10 41 36 951396  0.02103829 -0.03141069  0.99735737
10 41 36 975670  0.0183084  -0.03420401  1.00598335
10 41 36 994806  0.02231145 -0.03719449  1.00050306
10 41 37 23636  0.01978445 -0.03983736  0.99831748
10 41 37 37882  0.03015089 -0.03637481  0.99923062
10 41 37 84604  0.0287466  -0.03877997  1.00124025
10 41 37 86792  0.02839231 -0.03914976  1.00137854
10 41 37 88345  0.0239799  -0.03930283  1.00475788
10 41 37 90861  0.02060914 -0.03479481  1.00664878
10 41 37 93019  0.01827288 -0.03371501  0.99772549
10 41 37 95326  0.0179801  -0.03413844  0.99885321
10 41 37 107921  0.01382399 -0.03476882  1.0044241 
10 41 37 111397  0.0133431  -0.03615522  1.0023036 
10 41 37 132080  0.01685476 -0.03549862  1.00409865
10 41 37 156951  0.02062774 -0.03371716  0.99947524
10 41 37 160335  0.02503157 -0.034343    0.99879217
10 41 37 180021  0.02887988 -0.03570724  1.00204372
10 41 37 203666  0.03046155 -0.04023838  1.00178003
10 41 37 206359  0.02536416 -0.0453558   1.00449395
10 41 37 227912  0.02457261 -0.04351401  1.00131702
10 41 37 251523  0.02508903 -0.0375905   1.00025511
10 41 37 253383  0.02252722 -0.03641129  1.001899  
10 41 37 276626  0.02294612 -0.03564811  0.9996593 
10 41 37 299553  0.02118683 -0.03218484  1.00012851
10 41 37 301630  0.02259302 -0.03449202  1.0014503 
10 41 37 324777  0.02286482 -0.03725433  1.00043106
10 41 37 362533  0.01980829 -0.03675556  1.00315237
10 41 37 376231  0.02093291 -0.03439116  1.0053947 
10 41 37 379012  0.02326226 -0.0316124   1.00158834
10 41 37 395626  0.02266717 -0.03128433  1.0022378 
10 41 37 397647  0.02332449 -0.0332396   1.00007725
10 41 37 420278  0.02164173 -0.03475523  1.00178623
10 41 37 444233  0.0227592  -0.03604436  1.00006509
10 41 37 447214  0.02338147 -0.03655171  0.99920654
10 41 37 467922  0.02127647 -0.03324413  1.00147462
10 41 37 491415  0.0226593  -0.03426409  1.00037932
10 41 37 494836  0.02257776 -0.03717375  1.00190973
10 41 37 515784  0.02424765 -0.03861809  0.99868059
10 41 37 540377  0.02510285 -0.0364356   0.99934602
10 41 37 542581  0.02648592 -0.03550768  1.00340581
10 41 37 564269  0.02399135 -0.03171134  1.00386953
10 41 37 587454  0.02083397 -0.03373051  1.00058699
10 41 37 589324  0.01955819 -0.03342748  1.00117064
10 41 37 612121  0.01821113 -0.03499436  0.99989057
10 41 37 635243  0.02119136 -0.03585291  1.00062943
10 41 37 637234  0.02036047 -0.03480554  1.002244  
10 41 37 660292  0.02434111 -0.03456521  0.99660397
10 41 37 683365  0.02562308 -0.03496552  1.00005984
10 41 37 685352  0.029212   -0.03588796  1.00063848
10 41 37 708613  0.02757978 -0.038481    1.00029492
10 41 37 731438  0.02530408 -0.03900719  1.00170994
10 41 37 734052  0.02253604 -0.03970671  1.00098443
10 41 37 756106  0.0279429  -0.03557014  0.99721932
10 41 37 779537  0.02499223 -0.03352475  0.99872851
10 41 37 781920  0.02078795 -0.03653955  1.00393844
10 41 37 804447  0.01752448 -0.03304863  1.00392389
10 41 37 827451  0.01870322 -0.03424311  0.99812388
10 41 37 829743  0.01645255 -0.03580356  0.99722838
10 41 37 851836  0.02063298 -0.03458738  0.99837852
10 41 37 877300  0.01969719 -0.03241873  1.00052333
10 41 37 880775  0.02416587 -0.03099751  1.00437665
10 41 37 912217  0.0225544  -0.03577495  1.00165176
10 41 37 928020  0.02317095 -0.03710747  0.99828243
10 41 37 953106  0.02515697 -0.03623152  0.99820781
10 41 37 958887  0.0239532  -0.03643107  1.00310254
10 41 37 971244  0.02530003 -0.03292108  1.00421262
10 41 37 973695  0.02397275 -0.03160214  1.00099754
10 41 37 995809  0.02165484 -0.03470564  1.00176668
10 41 38 22102  0.01958323 -0.03708577  1.00367522
10 41 38 40943  0.02087569 -0.03871226  0.99993634
10 41 38 70426  0.02284813 -0.03524733  1.00273561
10 41 38 98036  0.02530742 -0.03507185  0.99932957
10 41 38 126185  0.02390766 -0.03475952  1.00134873
10 41 38 153780  0.02582598 -0.03428626  1.00086236
10 41 38 168948  0.02886105 -0.03836846  0.99873018
10 41 38 178792  0.02946186 -0.04037118  1.00248361
10 41 38 187098  0.02779198 -0.03681111  1.00517201
10 41 38 189525  0.02701569 -0.03333688  1.0061903 
10 41 38 191736  0.02058911 -0.03143668  1.00094414
10 41 38 193753  0.0195241  -0.03417277  0.99774909
10 41 38 211168  0.01618314 -0.03754306  1.00005555
10 41 38 216252  0.01686716 -0.03564167  1.00056911
10 41 38 308600  0.01557112 -0.03396487  1.00323915
10 41 38 310295  0.01836181 -0.03531075  1.00348544
10 41 38 313342  0.02124095 -0.03299189  1.00116754
10 41 38 315307  0.02489901 -0.03285789  0.99961138
10 41 38 316958  0.0260334  -0.03556919  1.00119019
10 41 38 318568  0.03034067 -0.03910518  1.00280142
10 41 38 332935  0.02713966 -0.03794956  0.99807215
10 41 38 359150  0.02567053 -0.03364182  1.00046778
10 41 38 377708  0.02080774 -0.03404117  0.99820352
10 41 38 379954  0.0240376  -0.03497314  1.0028553 
10 41 38 403556  0.02012968 -0.03506947  1.00311399
10 41 38 405501  0.019701   -0.0324502   1.00087285
10 41 38 427984  0.01992464 -0.03465772  1.00007296
10 41 38 452074  0.01838207 -0.03291392  1.00028753
10 41 38 455055  0.02114344 -0.03126764  1.0037837 
10 41 38 476546  0.02106094 -0.03283453  1.00144076
10 41 38 500004  0.02471137 -0.03150201  1.00194478
10 41 38 502523  0.03012395 -0.03416729  1.00098538
10 41 38 524185  0.02850223 -0.0333426   1.00283265
10 41 38 547748  0.02797341 -0.03395534  0.99675369
10 41 38 550811  0.02353621 -0.03321028  1.00278926
10 41 38 572353  0.0247314  -0.03443623  1.00306678
10 41 38 607727  0.0213089  -0.03205156  1.00212097
10 41 38 623101  0.01951861 -0.03256655  1.00041056
10 41 38 633741  0.01707888 -0.03341317  1.00060248
10 41 38 647225  0.01850343 -0.03555894  1.0002811 
10 41 38 649182  0.02217984 -0.03497481  0.99903202
10 41 38 667889  0.02685285 -0.03463674  1.00514817
10 41 38 700595  0.02829766 -0.03190136  1.00168037
10 41 38 728793  0.03161287 -0.03698349  1.00189567
10 41 38 749069  0.02965569 -0.03744578  0.99941421
10 41 38 759942  0.0265944  -0.03458405  0.99982023
10 41 38 781138  0.02477336 -0.03414941  1.00127912
10 41 38 804628  0.02022576 -0.03201771  1.00107527
10 41 38 819617  0.01517963 -0.03014517  0.99783754
10 41 38 831033  0.0145328  -0.03202891  0.99987864
10 41 38 839817  0.01934457 -0.03243184  1.00076056
10 41 38 841608  0.02324581 -0.03347421  0.99885869
10 41 38 844060  0.02320886 -0.0315938   1.00361204
10 41 38 859197  0.03043485 -0.03409863  1.00204206
10 41 38 861746  0.03083849 -0.0330348   1.0019691 
10 41 38 884179  0.03418636 -0.0358119   0.99940658
10 41 38 908164  0.02901149 -0.03548765  1.00089502
10 41 38 913021  0.02459717 -0.03281236  1.00193119
10 41 38 931962  0.02339506 -0.03017545  1.0015378 
10 41 38 955159  0.02012038 -0.0292294   0.99509692
10 41 38 957849  0.01778746 -0.03240037  1.0014739 
10 41 38 980015  0.01896858 -0.0345006   1.00141931
10 41 39 3490  0.02275229 -0.03257155  0.99755025
10 41 39 5739  0.02713466 -0.0300312   1.00071979
10 41 39 29131  0.03033996 -0.02812624  1.00349116
10 41 39 65885  0.02894354 -0.03096771  1.00378203
10 41 39 92959  0.02915931 -0.03586674  1.00006127
10 41 39 119993  0.02628803 -0.03409791  1.00054479
10 41 39 137590  0.02534127 -0.03528428  1.00191641
10 41 39 155954  0.02386212 -0.03219771  0.9984374 
10 41 39 174580  0.02414012 -0.03252459  1.00112462
10 41 39 190951  0.02312136 -0.03462243  1.00351787
10 41 39 205574  0.02468777 -0.03279757  0.99881268
10 41 39 207347  0.02438188 -0.03505516  1.00156856
10 41 39 209715  0.02418828 -0.02779841  1.00378323
10 41 39 212168  0.02127099 -0.02980375  1.00374937
10 41 39 219990  0.01990795 -0.03308415  0.99723887
10 41 39 246727  0.01723719 -0.03665543  1.0008738 
10 41 39 266932  0.0247674  -0.03528714  1.0036447 
10 41 39 291879  0.02608728 -0.02974176  1.00068808
10 41 39 363687  0.02803898 -0.03287482  1.00432181
10 41 39 366331  0.02694535 -0.02878428  1.00265765
10 41 39 368862  0.02687764 -0.03564095  1.00080633
10 41 39 371151  0.02681518 -0.03262424  1.0016489 
10 41 39 374762  0.02710128 -0.03554845  1.0027349 
10 41 39 377488  0.0233345  -0.03322172  0.99836969
10 41 39 387644  0.02618837 -0.03109241  1.00393558
10 41 39 389801  0.02753401 -0.03164101  0.99994683
10 41 39 412562  0.02714038 -0.03277969  1.00364709
10 41 39 435704  0.02869487 -0.0345161   1.0005939 
10 41 39 437508  0.02693462 -0.0304687   1.00346661
10 41 39 460502  0.02927542 -0.03019738  0.99985027
10 41 39 484637  0.02677035 -0.03026724  0.99622273
10 41 39 487373  0.02702141 -0.03459096  1.00033164
10 41 39 508198  0.03774595 -0.03102016  1.00000477
10 41 39 531490  0.03419304 -0.03226137  1.00317025
10 41 39 533174  0.01864481 -0.03424716  1.00228572
10 41 39 571604  0.01675439 -0.03055048  1.00551081
10 41 39 580227  0.01661682 -0.03147268  0.99287343
10 41 39 583397  0.01965618 -0.02986574  0.99445128
10 41 39 604010  0.02232814 -0.03168368  1.00096464
10 41 39 627518  0.02719665 -0.02722144  1.00378323
10 41 39 629155  0.03037858 -0.0315702   1.00047708
10 41 39 651799  0.0332408  -0.03026795  0.99969053
10 41 39 676217  0.03073835 -0.03260493  0.99746537
10 41 39 678559  0.0277853  -0.03564787  1.00158858
10 41 39 699946  0.02902627 -0.03461218  1.00102854
10 41 39 723664  0.02496147 -0.03408027  1.00314355
10 41 39 726067  0.02561975 -0.02801538  1.00213742
10 41 39 756188  0.02458429 -0.02905273  0.99894214
10 41 39 771769  0.02176404 -0.02869201  1.00060296
10 41 39 774380  0.02198815 -0.03137922  1.00648403
10 41 39 795740  0.02511644 -0.03541303  0.9981904 
10 41 39 819793  0.02780509 -0.02942705  0.9993825 
10 41 39 822332  0.02761483 -0.0272646   1.0005517 
10 41 39 852804  0.02933049 -0.02857184  0.99958086
10 41 39 867248  0.02914643 -0.03483534  1.0016892 
10 41 39 869791  0.02744269 -0.03363013  1.00012398
10 41 39 892103  0.02476358 -0.03040528  0.99992752
10 41 39 915627  0.02319193 -0.03166914  0.99794602
10 41 39 918004  0.02325058 -0.02911711  0.99930143
10 41 39 940465  0.02247119 -0.03130412  1.00164938
10 41 39 963364  0.0250628  -0.03184509  1.0027144 
10 41 39 965872  0.02278876 -0.03355813  1.00257134
10 41 39 997815  0.02725577 -0.03266263  1.00208879
10 41 40 11332  0.02776814 -0.02598834  0.99871182
10 41 40 13016  0.02995086 -0.03103113  1.00052142
10 41 40 35768  0.0293889  -0.03186703  1.0005722 
10 41 40 59902  0.02764893 -0.0338285   1.00046301
10 41 40 63111  0.02880549 -0.03181171  1.00221419
10 41 40 88707  0.02658725 -0.03236794  0.99970794
10 41 40 107307  0.0241158  -0.03030372  1.00152135
10 41 40 109899  0.02457237 -0.02919745  1.00452185
10 41 40 131754  0.02689147 -0.02983737  0.99774694
10 41 40 154988  0.02934313 -0.0316658   1.00066495
10 41 40 156886  0.03306985 -0.03269029  1.00415826
10 41 40 181396  0.03052545 -0.02755237  1.00846648
10 41 40 203370  0.03022218 -0.03011942  1.00598001
10 41 40 206424  0.01973438 -0.02990532  1.00087142
10 41 40 228024  0.01645637 -0.02830744  0.99948168
10 41 40 250884  0.01805425 -0.02973175  0.99719214
10 41 40 252500  0.02098083 -0.02963853  0.99859428
10 41 40 275905  0.02447319 -0.02846408  1.00124073
10 41 40 299131  0.02764654 -0.03210378  1.00337338
10 41 40 302273  0.02748156 -0.0309732   1.00462556
10 41 40 328933  0.02782059 -0.02788186  1.00280452
10 41 40 343131  0.02922201 -0.03053546  1.0024066 
10 41 40 347643  0.02922916 -0.02991223  0.99976826
10 41 40 371929  0.03086615 -0.02844858  1.00122237
10 41 40 373997  0.02846336 -0.03315115  1.00260949
10 41 40 468449  0.02831149 -0.0298264   1.00240588
10 41 40 470638  0.02863765 -0.034127    0.99881244
10 41 40 472762  0.02342319 -0.02968431  1.00117731
10 41 40 474860  0.02698779 -0.02857828  0.99984598
10 41 40 477022  0.0244174  -0.02737522  0.99928188
10 41 40 478777  0.02374601 -0.02866554  1.00217533
10 41 40 492455  0.02305627 -0.02818656  1.00193167
10 41 40 516503  0.02242637 -0.02818823  1.0025723 
10 41 40 519693  0.0238502  -0.02700901  1.00135922
10 41 40 540673  0.02805424 -0.02672696  1.00019407
10 41 40 564321  0.02884555 -0.02709985  0.99825621
10 41 40 567339  0.02815413 -0.03005385  1.00004053
10 41 40 588943  0.02548289 -0.03045225  1.00227404
10 41 40 612462  0.02820587 -0.03011751  0.99710369
10 41 40 616142  0.0253644  -0.02791047  1.00073147
10 41 40 636268  0.02468634 -0.02658319  1.00400877
10 41 40 660616  0.02263141 -0.02875042  1.00308871
10 41 40 664165  0.02515745 -0.02909803  1.00167537
10 41 40 684282  0.02661872 -0.02987528  1.00109053
10 41 40 710495  0.02420092 -0.02946043  1.00150871
10 41 40 714288  0.0323844  -0.03127933  1.00170541
10 41 40 731947  0.03095531 -0.02981949  1.00155425
10 41 40 755813  0.0295434  -0.03531957  1.00208592
10 41 40 758109  0.02197909 -0.03314066  1.00252295
10 41 40 780228  0.0238812  -0.02896905  1.00168395
10 41 40 803409  0.02344918 -0.02438998  0.99909091
10 41 40 805344  0.02403331 -0.02878284  0.99980545
10 41 40 828088  0.02523088 -0.02875304  1.00443792
10 41 40 851315  0.02341247 -0.02979279  1.00299811
10 41 40 852997  0.02805853 -0.029917    1.00078082
10 41 40 876362  0.03061461 -0.02663732  0.99875736
10 41 40 910769  0.02551985 -0.02801704  1.0018599 
10 41 40 913347  0.02196765 -0.02940965  1.00082159
10 41 40 924177  0.0272398  -0.02651381  0.99640679
10 41 40 948672  0.0299387  -0.03076839  1.0048306 
10 41 40 951388  0.02524948 -0.03021646  1.00192189
10 41 40 971891  0.02667642 -0.03221583  1.00031185
10 41 40 995169  0.02611446 -0.02988696  1.00778508
10 41 40 997080  0.02409101 -0.02695417  0.99559164
10 41 41 20436  0.02485371 -0.02929497  0.9984715 
10 41 41 55213  0.02232361 -0.02958274  1.0064981 
10 41 41 60291  0.0232234  -0.03270435  1.00218678
10 41 41 69214  0.02508688 -0.02756763  0.99854159
10 41 41 99398  0.02860165 -0.03087139  1.00259709
10 41 41 114351  0.02616    -0.0293715   1.00018454
10 41 41 123986  0.02805781 -0.03056598  0.99904776
10 41 41 139536  0.02487707 -0.03023911  1.00338411
10 41 41 142073  0.02378845 -0.03030014  1.00012803
10 41 41 164726  0.02791786 -0.03008223  1.00204301
10 41 41 199305  0.0259726  -0.02759981  1.00190759
10 41 41 211140  0.02312684 -0.02751398  1.00145102
10 41 41 232228  0.02581644 -0.03259444  1.00149608
10 41 41 257033  0.02303076 -0.03477144  1.00289989
10 41 41 274673  0.02553463 -0.03052974  0.99859142
10 41 41 293688  0.02656031 -0.02614284  0.99855804
10 41 41 322349  0.02317023 -0.02983713  1.00079012
10 41 41 349053  0.02535582 -0.02991843  0.99951267
10 41 41 376656  0.02499294 -0.0316906   1.00111461
10 41 41 393234  0.02254987 -0.02900314  1.00660539
10 41 41 405957  0.02528596 -0.02514291  1.00252652
10 41 41 433913  0.02656412 -0.02915883  0.99800277
10 41 41 462117  0.02431798 -0.03229761  1.00123239
10 41 41 484804  0.02646279 -0.03035522  1.00535941
10 41 41 487732  0.02409315 -0.02888393  1.00469804
10 41 41 492173  0.02343202 -0.02753162  1.00255561
10 41 41 494574  0.02241993 -0.02789092  0.99871206
10 41 41 496948  0.0208919  -0.03336024  0.99750328
10 41 41 499143  0.02152395 -0.03070307  1.00103998
10 41 41 501526  0.02538824 -0.03047967  1.00588727
10 41 41 572206  0.02673602 -0.02791691  1.00370932
10 41 41 574012  0.02600431 -0.02729416  1.00223398
10 41 41 575701  0.02610302 -0.03195834  0.99999952
10 41 41 577997  0.02155876 -0.02958322  1.0009675 
10 41 41 579992  0.02464318 -0.02987289  1.00363851
10 41 41 581761  0.02542067 -0.03153658  1.00192738
10 41 41 596009  0.02235341 -0.02678275  1.00197744
10 41 41 620045  0.02360964 -0.02874231  1.00041533
10 41 41 622695  0.02788138 -0.02653217  0.99783945
10 41 41 644069  0.02546072 -0.02888966  1.00205588
10 41 41 667923  0.02790046 -0.03381729  1.00129175
10 41 41 670300  0.0245924  -0.03233719  1.00139594
10 41 41 692482  0.02468705 -0.02977991  1.00282359
10 41 41 721131  0.0202682  -0.03027248  1.00167918
10 41 41 747627  0.02400327 -0.02909303  1.00233412
10 41 41 769626  0.02315569 -0.02944112  1.00135136
10 41 41 782328  0.02810049 -0.0330193   0.99464869
10 41 41 804089  0.02737021 -0.029881    1.00338244
10 41 41 825340  0.02503252 -0.02895141  1.00195575
10 41 41 841341  0.02088046 -0.02801347  1.00021863
10 41 41 858570  0.02311778 -0.02776098  1.00278521
10 41 41 875734  0.0218327  -0.03016949  0.99573231
10 41 41 888749  0.02422476 -0.02956176  1.00056243
10 41 41 891018  0.02394485 -0.02781725  1.003021  
10 41 41 892695  0.02604628 -0.03068137  1.00259137
10 41 41 908099  0.02548027 -0.03095007  1.00259113
10 41 41 911167  0.02653074 -0.02854848  0.99675441
10 41 41 931466  0.02577519 -0.02691174  1.00049925
10 41 41 934184  0.02521706 -0.02791643  1.00046849
10 41 41 956233  0.02346849 -0.02739263  1.00248051
10 41 41 989339  0.02492452 -0.02924514  1.00364995
10 41 41 992050  0.0266192  -0.03012919  1.00306749
10 41 42 4030  0.02464437 -0.02944207  0.99955535
10 41 42 27704  0.02385521 -0.02910805  0.99940085
10 41 42 30475  0.02108645 -0.02858043  0.99593878
