8 58 40 542329  0.04080772 -0.06394768  0.98516464
8 58 40 544649  0.01115036 -0.22889328  0.94748306
8 58 40 564834 -9.13619995e-04 -1.06868744e-01  1.01412773e+00
8 58 40 567396 0.03282166 0.01649094 1.03891373
8 58 40 569780  0.03016663 -0.08979797  1.02557182
8 58 40 588469  0.00251961 -0.17747116  0.94005966
8 58 40 591014 -0.01353645 -0.13521767  0.97056389
8 58 40 593373 0.01970673 0.02234459 1.0497036 
8 58 40 612523  0.04142761 -0.02527428  0.98158836
8 58 40 615027  0.02503395 -0.17649841  0.96164703
8 58 40 617530 -1.98364258e-04 -1.33729935e-01  9.89110947e-01
8 58 40 709257  0.02544022 -0.01228523  1.03228188
8 58 40 711601  0.0374279  -0.06611633  1.02363968
8 58 40 714139  0.02057076 -0.13427544  0.95933151
8 58 40 716637 -0.00473785 -0.16373444  0.96617889
8 58 40 719130 -7.17163086e-04 -3.25698853e-02  1.03171158e+00
8 58 40 721643 0.03984451 0.07008934 1.01651955
8 58 40 724090  0.04088211 -0.15248489  0.94957352
8 58 40 726536 -0.01285553 -0.24833488  0.98890686
8 58 40 728988  0.00258255 -0.05663109  0.99595451
8 58 40 731514 0.04195595 0.00826263 1.0449295 
8 58 40 733965  0.03646278 -0.12058258  0.99868965
8 58 40 736336 -0.01089478 -0.18618393  0.92454529
8 58 40 738788 -0.00570488 -0.08026314  1.01398277
8 58 40 741159 0.02989197 0.07967186 1.06634903
8 58 40 748502  0.0400486  -0.06639862  0.95978546
8 58 40 757143  0.00264359 -0.28614235  0.95201874
8 58 40 759500 -0.00783539 -0.11558914  1.01713753
8 58 40 761915 0.04611969 0.04544449 1.04611969
8 58 40 781235  0.04837418 -0.08045769  1.0313015 
8 58 40 783814 -0.01096535 -0.19611549  0.94927406
8 58 40 786319 -0.01653671 -0.11356163  0.97852135
8 58 40 805951 0.03907013 0.04899597 1.04125977
8 58 40 808959  0.04198265 -0.0767765   0.9902401 
8 58 40 811635  0.00790215 -0.20694542  0.9458828 
8 58 40 829133 -0.00354195 -0.09993553  1.01185226
8 58 40 831666 0.0426712  0.0186882  1.04209709
8 58 40 834258  0.03500748 -0.09292793  1.02190971
8 58 40 853079 -0.003479   -0.17142296  0.93502045
8 58 40 855620 -0.01582718 -0.12913132  0.98283958
8 58 40 858008 0.02662849 0.04360199 1.05412292
8 58 40 877255  0.04232407 -0.03477478  0.98423576
8 58 40 879855  0.01000595 -0.23122025  0.95323944
8 58 40 882424 -0.00454521 -0.13994598  0.99983597
8 58 40 901256 0.03631973 0.01686478 1.03162956
8 58 40 903672  0.04087639 -0.06939888  1.04539871
8 58 40 906002  0.00199699 -0.17590141  0.95492363
8 58 40 925626 -0.01322174 -0.14583969  0.9706707 
8 58 40 928232 0.03049469 0.0447464  1.04791451
8 58 40 930591  0.0447731  -0.02967644  0.98731804
8 58 40 948849  0.01021576 -0.24357414  0.95306969
8 58 40 951219  5.01632690e-04 -1.34321213e-01  9.88702774e-01
8 58 40 953537 0.0407486  0.03182602 1.03042984
8 58 40 972827  0.05136871 -0.06339836  1.03482246
8 58 40 975205 -6.90460205e-04 -1.73721313e-01  9.48881149e-01
8 58 40 977598 -0.01784897 -0.13710403  0.97418213
8 58 40 996776 0.03036499 0.02706337 1.0484314 
8 58 40 999108  0.03848457 -0.05993462  0.99609756
8 58 41 1401  0.01517868 -0.19090462  0.94843292
8 58 41 20760 -0.00209427 -0.11613464  0.99456787
8 58 41 23068  4.30202484e-02 -4.53948975e-04  1.03160667e+00
8 58 41 25350  0.03657722 -0.07645035  1.03839874
8 58 41 44780  0.00645447 -0.14799881  0.94826698
8 58 41 47307 -0.01384926 -0.14604378  0.97785378
8 58 41 49743 0.02497101 0.02843475 1.03865433
8 58 41 68779  0.04646111 -0.01330376  0.98550797
8 58 41 71345  0.01927757 -0.21958542  0.9688015 
8 58 41 73957 -0.00555611 -0.16321945  0.98922539
8 58 41 93942 0.02695465 0.00594711 1.0244751 
8 58 41 96534  0.0429821  -0.04953194  1.04035187
8 58 41 99655  0.01595879 -0.1581974   0.95783806
8 58 41 116973 -0.02252197 -0.16053963  0.97387695
8 58 41 119767 0.01449394 0.00794792 1.03772354
8 58 41 122458 0.04339218 0.00814056 1.00084496
8 58 41 140671  0.02603722 -0.18707275  0.9590168 
8 58 41 143198 -0.00991058 -0.18988419  0.9881916 
8 58 41 145852  0.02059364 -0.00519562  1.01016617
8 58 41 164902  0.04994583 -0.02435875  1.03054047
8 58 41 167690  0.02139473 -0.14627838  0.96933365
8 58 41 170378 -0.01865005 -0.17984772  0.95934105
8 58 41 189007  0.0020504  -0.00562096  1.03709984
8 58 41 192000 0.0466938  0.02120399 1.00362968
8 58 41 199951  0.03220749 -0.1776123   0.96346664
8 58 41 212794 -0.01087761 -0.20649147  0.96637535
8 58 41 215729  0.00853157 -0.01855469  1.01799583
8 58 41 218520  0.04741478 -0.01726913  1.02964973
8 58 41 236606  0.02234077 -0.14288712  0.9717083 
8 58 41 239144 -0.01260757 -0.180439    0.93166161
8 58 41 241742 -0.00666809 -0.03116798  1.03993416
8 58 41 260578 0.04384804 0.03896523 1.01852417
8 58 41 263432  0.03501129 -0.16075897  0.96965408
8 58 41 267926 -0.00617409 -0.21173668  0.96987724
8 58 41 285658  0.00533295 -0.0404911   1.00128555
8 58 41 288304  4.55875397e-02 -1.96456909e-04  1.03236580e+00
8 58 41 291112  0.02619171 -0.13107109  0.99278259
8 58 41 308612 -0.01296806 -0.18828773  0.9361496 
8 58 41 311456  0.00117302 -0.0593071   1.01653862
8 58 41 314269 0.03896904 0.08280563 1.03849411
8 58 41 332558  0.04387474 -0.13140488  0.95916557
8 58 41 335286 -0.01521683 -0.27274323  0.9685688 
8 58 41 337878 -8.52584839e-04 -6.34689331e-02  1.00129318e+00
8 58 41 429520 0.06095123 0.04678917 1.03525925
8 58 41 432677  0.03519058 -0.1128006   1.02428627
8 58 41 435674 -0.02049255 -0.20345116  0.93080521
8 58 41 438735 -0.0083847  -0.07184029  1.00927162
8 58 41 441682 0.04577255 0.06989479 1.05288887
8 58 41 449347  0.04154587 -0.12124062  0.97135544
8 58 41 452409 -0.01494026 -0.23990822  0.95294189
8 58 41 455229  0.00198936 -0.07042885  1.00022316
8 58 41 457938 0.06035995 0.03218079 1.03963089
8 58 41 460755  0.03621101 -0.11837769  1.02402496
8 58 41 463708 -0.01747704 -0.19752121  0.93582535
8 58 41 466445 -0.00629997 -0.07148743  1.00304413
8 58 41 469087 0.05048752 0.05034065 1.03823853
8 58 41 471561  0.0377655  -0.11838913  0.976511  
8 58 41 473946 -0.01171112 -0.22286415  0.96575356
8 58 41 477255  0.00649071 -0.06219864  0.99636459
8 58 41 479888 0.05664825 0.02414703 1.03094292
8 58 41 482652  0.03046989 -0.12170792  1.02002907
8 58 41 501455 -0.01732445 -0.19562149  0.93286324
8 58 41 504297 -0.01003456 -0.06074905  1.00076675
8 58 41 507126 0.05142975 0.04460144 1.03732491
8 58 41 525291  0.03599739 -0.12794304  0.98220062
8 58 41 528107 -0.00956726 -0.21271896  0.9616642 
8 58 41 531547  0.0083046  -0.06515884  0.99086761
8 58 41 550642 0.0480423  0.01062012 1.03404045
8 58 41 554012  0.02987862 -0.12051392  1.01343918
8 58 41 556811 -0.01148033 -0.18690109  0.93793678
8 58 41 573214 -0.00846291 -0.08265114  1.00949097
8 58 41 576411 0.03838158 0.03639984 1.04371452
8 58 41 579212  0.03807449 -0.10733223  0.97726059
8 58 41 600753  0.00358582 -0.20043182  0.95959854
8 58 41 603862  4.69207764e-04 -7.61604309e-02  1.00114250e+00
8 58 41 606893  0.03876686 -0.00234795  1.03213501
8 58 41 621338  0.032547   -0.10375977  1.0118103 
8 58 41 623880  0.00309944 -0.16177177  0.93762589
8 58 41 627441 -0.0073967  -0.1119442   1.00085831
8 58 41 645465 0.01993179 0.0189209  1.04919434
8 58 41 653252  0.03022194 -0.0653286   0.98495102
8 58 41 656146  0.02347183 -0.18802071  0.96685028
8 58 41 669278  0.00229263 -0.10357094  0.99398994
8 58 41 671933  0.02487373 -0.01165581  1.02681351
8 58 41 674527  0.02544785 -0.08289337  1.02065086
8 58 41 696259  0.01477623 -0.12818909  0.95392227
8 58 41 698944 -0.00678825 -0.16068268  0.96756554
8 58 41 701686 -0.00260353 -0.02267075  1.05224419
8 58 41 717087 0.03547668 0.06541634 1.00614929
8 58 41 719895  0.04031563 -0.15949631  0.95655441
8 58 41 722562 -0.01589775 -0.25240135  1.00043106
8 58 41 748464  2.97546387e-04 -5.99899292e-02  9.99795914e-01
8 58 41 751206 0.04141045 0.00805664 1.03658676
8 58 41 755786  0.03490067 -0.11862755  0.99030685
8 58 41 764878 -0.01227379 -0.18658257  0.93407249
8 58 41 768833 -0.00923347 -0.08243561  1.01420593
8 58 41 771264 0.02169991 0.03899193 1.03994179
8 58 41 790978  0.04352188 -0.06525612  0.97631836
8 58 41 799610  0.01397896 -0.20734215  0.95977783
8 58 41 807605 -0.00688934 -0.11578178  1.01580238
8 58 41 812981  0.02866173 -0.00768661  1.03975105
8 58 41 815869  0.03425407 -0.07911491  1.01185989
8 58 41 818954  0.0083828  -0.15309906  0.95412064
8 58 41 836767 -0.00953674 -0.14181519  0.97333908
8 58 41 839516 0.01086617 0.00531578 1.04696083
8 58 41 848098 0.04458427 0.00701141 0.98785782
8 58 41 861212  0.03093529 -0.16406059  0.96337509
8 58 41 863942 -0.00756073 -0.17658234  0.99633408
8 58 41 866779  0.01095772 -0.02966499  1.01456261
8 58 41 884739  0.03471756 -0.04270744  1.04552269
8 58 41 887498  0.02261734 -0.128582    0.95238495
8 58 41 893029 -0.00496101 -0.16968918  0.94749641
8 58 41 909023 -3.52859497e-04 -6.12335205e-02  1.03022766e+00
8 58 41 911721 0.02662659 0.06506538 1.04512215
8 58 41 914668  0.04864883 -0.09230995  0.95022964
8 58 41 932583  0.00308609 -0.26582146  0.96025658
8 58 41 935275 -6.94274902e-04 -9.79194641e-02  1.00090027e+00
8 58 41 937956 0.04053688 0.01366425 1.03759956
8 58 41 956682  0.03300285 -0.09249115  1.02665329
8 58 41 959468  0.00155449 -0.18208313  0.93953514
8 58 41 962157 -0.00846291 -0.12345505  0.98296356
8 58 41 980471 0.01978493 0.03821564 1.0482769 
8 58 41 982895  0.04208183 -0.0081501   0.97542763
8 58 41 985293  0.02475166 -0.23732567  0.94551468
8 58 42 4973 -0.01302528 -0.15876961  1.02620697
8 58 42 7990 0.03249359 0.0242939  1.02895546
8 58 42 11640  0.045084   -0.05733299  1.02425385
8 58 42 51655  0.01457405 -0.1686573   0.95006752
8 58 42 54308 -0.02931404 -0.15922356  0.97004318
8 58 42 56758 0.01975441 0.0325737  1.04987144
8 58 42 125440 0.04605865 0.01703644 0.98823547
8 58 42 128065  0.0209198  -0.22346687  0.95121574
8 58 42 130743 -0.0163517  -0.1944313   0.98804855
8 58 42 133736 0.02099419 0.01607513 1.02945137
8 58 42 136451  0.0484848  -0.03486061  1.04782486
8 58 42 139140  0.01177788 -0.17235565  0.95869446
8 58 42 141899 -0.03317261 -0.17051125  0.93588257
8 58 42 149695 0.01234245 0.02377701 1.04824829
8 58 42 152525 0.05233574 0.00867653 0.99448586
8 58 42 155305  0.01195335 -0.22175217  0.96007919
8 58 42 158376 -0.01155281 -0.168293    0.98403931
8 58 42 187794 0.03312874 0.02410507 1.03294754
8 58 42 190745  0.05527878 -0.03679657  1.04462051
8 58 42 199394  5.79833984e-04 -1.82985306e-01  9.70966339e-01
8 58 42 202245 -0.04006386 -0.15639305  0.95451736
8 58 42 205102 0.02518463 0.03805161 1.04708481
8 58 42 207874  0.04981995 -0.03360367  0.99212265
8 58 42 210590  0.00604248 -0.22570992  0.9610157 
8 58 42 213377 -0.01209641 -0.1309967   0.98571014
8 58 42 215980 0.03900528 0.02357292 1.03096008
8 58 42 218829  0.04040718 -0.06565094  1.03453827
8 58 42 221567 -0.00988007 -0.17702675  0.96071815
8 58 42 249622 -0.02412415 -0.12859535  0.97272491
8 58 42 252429 0.033144   0.04743767 1.04393959
8 58 42 255310  0.0453701  -0.05879021  0.9902401 
8 58 42 258271 -0.0041523  -0.23465538  0.95675278
8 58 42 262343 -0.01035309 -0.10696793  0.99217415
8 58 42 269795 0.05007172 0.02946854 1.02295494
8 58 42 273077  0.03825188 -0.08274651  1.03935242
8 58 42 276515 -0.01876831 -0.18452072  0.95028877
8 58 42 298657 -0.0122261  -0.10281754  0.98067665
8 58 42 301320 0.03482246 0.03291321 1.0395031 
8 58 42 304144  0.03235054 -0.10124397  0.99378777
8 58 42 317285 -0.00601959 -0.17981148  0.95842171
8 58 42 320375  0.00565529 -0.07689285  0.98806953
8 58 42 323783  0.03671265 -0.00691414  1.01957893
8 58 42 341668  0.03052139 -0.09666634  1.02253532
8 58 42 345157 -0.00123978 -0.1554718   0.94320679
8 58 42 354103 -0.01524162 -0.12058258  1.00061607
8 58 42 365591 0.02517509 0.02467346 1.03809357
8 58 42 368902  0.03231239 -0.07156563  0.98823547
8 58 42 372153  0.00778389 -0.19860268  0.96848488
8 58 42 388859 -0.0031929  -0.11040878  0.99851036
8 58 42 391457  0.02866554 -0.00953293  1.02696037
8 58 42 400441  0.02742767 -0.07688904  1.02721977
8 58 42 413030  0.01458549 -0.14104462  0.94998932
8 58 42 416320 -0.00911713 -0.15073204  0.97038269
8 58 42 419648  0.00469589 -0.00476837  1.04842377
8 58 42 436984  0.03316498 -0.01760674  0.98871231
8 58 42 440007  0.03055763 -0.16553879  0.97740173
8 58 42 448818  0.00303841 -0.14504814  0.98036385
8 58 42 461423  0.01559448 -0.03858948  1.01330948
8 58 42 464761  0.03086853 -0.05464363  1.04149246
8 58 42 468924  0.02639008 -0.11720657  0.96347046
8 58 42 485190  0.00936699 -0.15083122  0.96395683
8 58 42 488829 -0.0130806  -0.09409714  1.02881813
8 58 42 492075 0.01458931 0.03350258 1.02646065
8 58 42 509124  0.04031563 -0.04536247  0.97884369
8 58 42 512253  0.02268219 -0.21475601  0.96090698
8 58 42 515326 -0.01192474 -0.1474514   1.01361847
8 58 42 532861  0.01555824 -0.01391411  1.04105377
8 58 42 535794  0.03806496 -0.06409073  1.00554848
8 58 42 538505  0.01429367 -0.14264679  0.95853043
8 58 42 556953 -0.00292015 -0.15745735  0.97182274
8 58 42 559548 -0.00282669 -0.0324688   1.04241943
8 58 42 562532 0.04113197 0.06374931 1.01865959
8 58 42 580879  0.04512787 -0.12217331  0.94632912
8 58 42 583583 -0.01091003 -0.25575829  0.99570847
8 58 42 586497  0.00541687 -0.0906086   1.00304413
8 58 42 605117  0.03863335 -0.00315094  1.03179359
8 58 42 608486  0.0343132  -0.1050663   1.00155067
8 58 42 612038  8.58306885e-04 -1.80311203e-01  9.47196960e-01
8 58 42 628577 -0.00665665 -0.11506653  1.00631905
8 58 42 631489 0.01921272 0.03695488 1.04587173
8 58 42 635454  0.04396248 -0.00432968  0.98498535
8 58 42 652584  0.02964401 -0.20797157  0.95643234
8 58 42 655557 -0.01543808 -0.17477417  1.01781082
8 58 42 658232  0.01746941 -0.00223541  1.03525543
8 58 42 676629  0.04290581 -0.05273056  1.02343559
8 58 42 679458  0.01541138 -0.160923    0.96026039
8 58 42 681925 -0.02056122 -0.17512894  0.9545002 
8 58 42 700576  0.00383377 -0.00319672  1.05732346
8 58 42 703502 0.03855133 0.03528214 1.00943756
8 58 42 706435  0.03085518 -0.14617348  0.94820213
8 58 42 773561 -0.0071106  -0.20712852  0.97900581
8 58 42 776469  0.01168633 -0.04497147  1.0117321 
8 58 42 779110  0.03204536 -0.02827835  1.04563332
8 58 42 781610  0.02802086 -0.12635803  0.97640038
8 58 42 783950 -0.00902176 -0.19142723  0.93522835
8 58 42 786318 -0.00748062 -0.06702042  1.01792526
8 58 42 788803 0.02556229 0.04956245 1.04589844
8 58 42 796258  0.0404377  -0.08876419  0.9598484 
8 58 42 799538  0.00207329 -0.23297882  0.9584198 
8 58 42 802268  0.00153732 -0.08223152  1.01156998
8 58 42 804936 0.03736687 0.00933838 1.03468323
8 58 42 807550  0.03250694 -0.09903717  1.01826096
8 58 42 821299 -0.00251198 -0.18256378  0.93017769
8 58 42 824187 -0.00421906 -0.11824417  0.99833298
8 58 42 826838 0.02385902 0.04960632 1.0671196 
8 58 42 849143  0.03468895 -0.02447319  0.97647667
8 58 42 852408  0.01785088 -0.24978638  0.94205666
8 58 42 855623 -0.00737381 -0.13217163  1.01108742
8 58 42 869338 0.03281593 0.02352715 1.04139137
8 58 42 871808  0.03796387 -0.07637405  1.0301609 
8 58 42 874369  0.00872803 -0.17651367  0.94573212
8 58 42 898000 -0.01317978 -0.13731575  0.97473717
8 58 42 900773 0.02583313 0.03582191 1.05183983
8 58 42 903426  0.04765892 -0.01630402  0.98793602
8 58 42 917646  0.02199173 -0.21520042  0.94474983
8 58 42 920457 -0.01178169 -0.14093208  1.00271988
8 58 42 923903 0.02792358 0.0194397  1.03681183
8 58 42 949027  0.04732895 -0.05865097  1.03962326
8 58 42 951760  0.00943565 -0.16834831  0.94778824
8 58 42 957364 -0.02636719 -0.1544857   0.955616  
8 58 42 965121 0.01939392 0.02860069 1.04656792
8 58 42 967862  0.04635811 -0.00437927  0.99062157
8 58 42 970363  0.01865196 -0.22698402  0.95031738
8 58 42 989857 -0.01213074 -0.16163063  0.98892212
8 58 42 998746 0.03394508 0.01574707 1.04078484
8 58 43 1572  0.04592896 -0.04563713  1.03587914
8 58 43 13157  0.00267792 -0.17090034  0.95230293
8 58 43 15855 -0.02444458 -0.15109634  0.95081711
8 58 43 18726 0.02600098 0.03534508 1.04226494
8 58 43 36956  0.05032158 -0.00637627  0.98483849
8 58 43 39436  0.00881386 -0.23975182  0.95787811
8 58 43 42197 -0.01024628 -0.15769768  0.9930172 
8 58 43 61407 0.04075623 0.03922653 1.02865601
8 58 43 64198  0.05506897 -0.0467186   1.03570938
8 58 43 66942 -0.00633621 -0.18603516  0.96459579
8 58 43 87447 -0.02381325 -0.13709259  0.95903206
8 58 43 90256 0.03356743 0.06418228 1.04976654
8 58 43 98513  0.05036736 -0.04451752  0.98569298
8 58 43 108814 -0.0039711  -0.26450348  0.94464111
8 58 43 111636 -0.00897026 -0.11868668  0.98842049
8 58 43 114394 0.05619812 0.05235672 1.02887917
8 58 43 132879  0.04945946 -0.07624817  1.04153252
8 58 43 135495 -0.02331734 -0.21057129  0.95436859
8 58 43 138325 -0.02245712 -0.09231949  0.96982956
8 58 43 156809 0.05613899 0.06323242 1.04401779
8 58 43 159435  0.04995918 -0.12038231  0.98892975
8 58 43 161970 -0.02556038 -0.22395515  0.95947647
8 58 43 180986  0.00358009 -0.05716896  0.98085022
8 58 43 183686 0.07142639 0.02804756 1.01554298
8 58 43 186329  0.03109932 -0.12175751  1.03211212
8 58 43 204907 -0.0282917  -0.20027733  0.93457031
8 58 43 207824 -0.01401711 -0.04372025  1.00790977
8 58 43 210748 0.0624485  0.03075981 1.02329063
8 58 43 229499  0.03007889 -0.14759827  0.99718475
8 58 43 232183 -0.01722527 -0.19011688  0.96249008
8 58 43 235080  0.00774384 -0.03761292  1.00178337
8 58 43 252690  0.06396103 -0.00147247  1.01934433
8 58 43 255448  0.02087212 -0.13817978  1.0007    
8 58 43 258196 -0.02428627 -0.18725395  0.93306541
8 58 43 276665 -0.00649834 -0.03108788  1.02394676
8 58 43 279383 0.05568314 0.02513504 1.00984001
8 58 43 281936  0.02721786 -0.16127968  0.9841156 
8 58 43 300639 -0.01600647 -0.20713615  0.97572327
8 58 43 303336  0.00961304 -0.02092934  1.00139809
8 58 43 305885  0.05474663 -0.00430107  1.01478195
8 58 43 324510  0.02046204 -0.13788033  0.99003029
8 58 43 327111 -0.01774788 -0.18353271  0.9372673 
8 58 43 329854 -0.00506401 -0.03662872  1.03476143
8 58 43 397618 0.05031204 0.02489662 1.02972221
8 58 43 400176  0.03145599 -0.15637589  0.97805023
8 58 43 402840 -0.00844955 -0.21131897  0.96995544
8 58 43 405629  0.00495529 -0.04299545  0.99506187
8 58 43 408724  0.04915047 -0.00753212  1.03072739
8 58 43 411477  0.0258503  -0.13148117  0.99432373
8 58 43 414213 -0.01167297 -0.17895889  0.93268967
8 58 43 417238 -0.00450325 -0.05534172  1.01672745
8 58 43 420406 0.04510498 0.06336975 1.04598999
8 58 43 449845  0.04289436 -0.13903618  0.95594406
8 58 43 452642 -0.01328659 -0.26210213  0.97009659
8 58 43 456069 -0.0021553  -0.06637383  1.00122643
8 58 43 459445 0.04980469 0.03046417 1.03756523
8 58 43 462293  0.04319191 -0.11869049  1.01428413
8 58 43 465773 -0.01332283 -0.20201302  0.93456459
8 58 43 469755 -0.00886345 -0.07396126  1.00800323
8 58 43 472876 0.04495049 0.05699539 1.05127144
8 58 43 476002  0.04369164 -0.11347961  0.96802139
8 58 43 498312 -0.00443268 -0.22777176  0.95910263
8 58 43 501077  0.00206757 -0.07484245  1.0020752 
8 58 43 504056 0.04834557 0.01630402 1.05088806
8 58 43 517179  0.038414   -0.10673332  1.00936127
8 58 43 519684 -0.00456047 -0.18587303  0.92848015
8 58 43 522523 -0.00832558 -0.09224129  0.99295044
8 58 43 548821 0.0331974  0.0442543  1.05640602
8 58 43 551791  0.03782463 -0.08371925  0.9654789 
8 58 43 555949  0.00260925 -0.22911263  0.95127869
8 58 43 565697  5.37872314e-04 -9.71755981e-02  1.00618935e+00
8 58 43 569556 0.03962708 0.01844788 1.03508377
8 58 43 572301  0.03670311 -0.10201645  1.01341629
8 58 43 590388 -0.00743866 -0.17996025  0.92711258
8 58 43 593281 -0.012146   -0.11909676  0.9640274 
8 58 43 596158 0.02543449 0.03862381 1.06263161
8 58 43 613208  0.03765678 -0.05298805  0.97816277
8 58 43 616122  0.01254654 -0.22691917  0.9586277 
8 58 43 619089 -0.00427437 -0.13130379  1.00521088
8 58 43 637825 0.02937508 0.01243591 1.03987885
8 58 43 640457  0.04092216 -0.07598495  1.01922417
8 58 43 648479  0.00148392 -0.17523766  0.94888687
8 58 43 661788 -0.02210426 -0.14206123  0.98412704
8 58 43 667374 0.01956177 0.02011681 1.03744507
8 58 43 670336  0.03996658 -0.03251648  0.98914719
8 58 43 686479  0.02090454 -0.18493843  0.95882797
8 58 43 689407 -0.00827026 -0.1416626   0.99058723
8 58 43 692260  0.02612114 -0.00678062  1.03531265
8 58 43 709078  0.03740883 -0.06184006  1.02193069
8 58 43 711750  0.01390266 -0.14866447  0.9546566 
8 58 43 714679 -0.01823997 -0.16531944  0.97483063
8 58 43 733061  5.89561462e-03 -6.31332397e-04  1.05141258e+00
8 58 43 735823 0.04792595 0.03112602 0.99765205
8 58 43 738698  0.0240612  -0.19158554  0.9562149 
8 58 43 757042 -0.01611519 -0.23633194  0.97930145
8 58 43 759918  0.00900269 -0.02607346  1.00889587
8 58 43 762386  0.05844498 -0.00437164  1.03354263
8 58 43 780897  0.02360916 -0.14182854  0.98137093
8 58 43 783737 -0.02529526 -0.19844437  0.9399147 
8 58 43 786617 -0.00302124 -0.02906609  1.02438545
8 58 43 804845 0.04645538 0.0300045  1.02069473
8 58 43 807738  0.03876686 -0.14121056  0.96033669
8 58 43 811266 -0.01280022 -0.21172714  0.97206306
8 58 43 828957  0.01082802 -0.04856682  1.00601768
8 58 43 831843  0.04657173 -0.00887299  1.0361557 
8 58 43 834663  0.02985382 -0.1263485   0.99034691
8 58 43 852967 -0.01119804 -0.19201088  0.94317055
8 58 43 855926 -0.00190353 -0.07300186  1.02000999
8 58 43 858945 0.03869629 0.06824303 1.04178238
8 58 43 876857  0.04433823 -0.1145153   0.9742527 
8 58 43 879575 -0.00703239 -0.26820755  0.95812607
8 58 43 882460  0.0026207  -0.0902977   0.99575615
8 58 43 901627 0.05306053 0.02997589 1.05143356
8 58 43 904655  0.03486252 -0.11423683  1.0246315 
8 58 43 907722 -0.01877022 -0.20159912  0.93224907
8 58 43 925046 -0.00801659 -0.08919525  0.99980927
8 58 43 928043 0.04003525 0.05736732 1.05023384
8 58 43 930998  0.03557968 -0.10582733  0.97488976
8 58 43 949204 -0.01083565 -0.24944115  0.95583534
8 58 43 951773 -0.00575829 -0.08172226  1.00098991
8 58 43 954242 0.05053329 0.03199577 1.03228951
8 58 43 972643  0.03414154 -0.11481285  1.02066803
8 58 43 975278 -0.02095032 -0.19805908  0.94218254
8 58 43 978015 -0.0118103  -0.09224319  1.00207901
8 58 43 999135 0.03760719 0.04532433 1.04767609
8 58 44 2363  0.03602791 -0.10736847  0.98332405
8 58 44 5346 -0.00887108 -0.20199203  0.95919418
8 58 44 20681 -0.00222015 -0.06925201  0.99271965
8 58 44 23502 0.04488945 0.00127792 1.03380966
8 58 44 26196  0.02788353 -0.10912704  1.02894783
8 58 44 117527 -0.01445961 -0.16930962  0.93213081
8 58 44 120119 -0.01831627 -0.11621857  0.9912796 
8 58 44 122809 0.02366829 0.03853989 1.05435562
8 58 44 125361  0.0373497  -0.05854607  0.98096657
8 58 44 127936  0.00663567 -0.24748993  0.96330833
8 58 44 130478 -0.00351334 -0.11587334  0.9990387 
8 58 44 133062 0.03236771 0.01462746 1.02612305
8 58 44 135782  0.03172302 -0.08584595  1.0141201 
8 58 44 138465 -2.70843506e-04 -1.76105499e-01  9.47803497e-01
8 58 44 141218 -0.01213837 -0.13825989  0.96817398
8 58 44 143829 0.0167675  0.04056358 1.05284691
8 58 44 146537  0.03758049 -0.01762581  0.9801693 
8 58 44 155430  0.02045059 -0.25320816  0.94332314
8 58 44 157956 -0.0130291  -0.16145515  0.99800682
8 58 44 160429 0.02563095 0.02308273 1.0280571 
8 58 44 165159  0.04841995 -0.04802513  1.03108788
8 58 44 167814  0.00309753 -0.18054199  0.95662689
8 58 44 170256 -0.02586746 -0.15758324  0.96736908
8 58 44 189231 0.02287102 0.03435135 1.04176903
8 58 44 191742  0.04586601 -0.0099411   0.98304176
8 58 44 200503  0.00995255 -0.22897339  0.9431324 
8 58 44 213185 -0.0143013  -0.16729355  1.00335503
8 58 44 215713 0.02890015 0.01812363 1.03540993
8 58 44 218800  0.04724312 -0.05781364  1.04050446
8 58 44 237207  0.00247192 -0.18122864  0.95087433
8 58 44 239686 -0.03125954 -0.15544128  0.95671844
8 58 44 247155 0.01465607 0.02112961 1.04054451
8 58 44 261079  0.04162407 -0.05068398  0.99923134
8 58 44 263541  0.01693153 -0.19126701  0.96232605
8 58 44 265908 -0.00994301 -0.1174221   0.98132133
8 58 44 285278  0.03547478 -0.00218773  1.03342819
8 58 44 287990  0.0344696  -0.08606148  1.02830696
8 58 44 290671  0.01088715 -0.151474    0.94724274
8 58 44 309208 -0.01926613 -0.15924835  0.97132683
8 58 44 311987 0.01799011 0.00916862 1.03152466
8 58 44 314608  0.04384041 -0.01085854  0.9811039 
8 58 44 333054  0.0182457  -0.20670891  0.97351074
8 58 44 335671 -0.00600624 -0.18293381  0.9891777 
8 58 44 338190  0.01948166 -0.00430679  1.02046776
8 58 44 357208  0.04875755 -0.04572868  1.03793907
8 58 44 359874  0.01428986 -0.16467857  0.96456146
8 58 44 362578 -0.02289963 -0.17694283  0.95709229
8 58 44 380945 0.00625801 0.00117111 1.04351807
8 58 44 383356 0.03886604 0.01299286 1.00193405
8 58 44 385842  0.02233505 -0.20012474  0.9592495 
8 58 44 405401 -0.01751518 -0.21383095  0.98348236
8 58 44 409074  0.01559639 -0.01346207  1.0136261 
8 58 44 411848  0.04858589 -0.02008057  1.0303154 
8 58 44 429092  0.02086067 -0.15181732  0.98038292
8 58 44 431635 -0.0217762  -0.18879509  0.94991493
8 58 44 434043 -0.0037632  -0.01451874  1.04048347
8 58 44 452899 0.05103493 0.02336121 1.010849  
8 58 44 455494  0.03142929 -0.17831993  0.95756149
8 58 44 457928 -0.01469803 -0.20775604  0.97638702
8 58 44 476807  0.0091095  -0.02658272  1.00875473
8 58 44 479334  0.05381775 -0.0164814   1.03424835
8 58 44 481915  0.02055168 -0.15023422  0.99332047
8 58 44 501220 -0.01534081 -0.19201279  0.92684364
8 58 44 504727 -0.00509262 -0.03445053  1.03183365
8 58 44 507316 0.05018616 0.05230713 1.03775978
8 58 44 525050  0.03979683 -0.16181755  0.96343613
8 58 44 527546 -0.01327324 -0.24560738  0.97048378
8 58 44 529873  0.01051903 -0.04914665  0.99688911
8 58 44 550024 0.06038475 0.00876999 1.04401398
8 58 44 552493  0.03305244 -0.14385605  1.0042038 
8 58 44 555748 -0.01580238 -0.20657539  0.92848015
8 58 44 572720 -0.00136375 -0.04673004  1.01818275
8 58 44 575210 0.06041145 0.03182983 1.03133583
8 58 44 577579  0.04673386 -0.14694977  0.97428322
8 58 44 602895 -5.14984131e-05 -2.09510803e-01  9.72011566e-01
8 58 44 605540  0.01963425 -0.05507088  0.99410439
8 58 44 607998  0.05420113 -0.002285    1.04239845
8 58 44 620795  0.04195786 -0.13060188  0.99581146
8 58 44 623303 -0.00223351 -0.18000412  0.93679047
8 58 44 625966  0.00450516 -0.07881927  1.01998711
8 58 44 644750 0.04841042 0.04788399 1.04262543
8 58 44 654521  0.04865837 -0.10408401  0.9715004 
8 58 44 657085  0.01180077 -0.22732162  0.96332741
8 58 44 669064  0.00725746 -0.08836174  0.99983597
8 58 44 671933 0.04359436 0.00774002 1.03787994
8 58 44 674421  0.04535103 -0.1062355   1.01849937
8 58 44 698199  0.00284004 -0.18283463  0.93741798
8 58 44 700869 -0.00665092 -0.10466766  0.99577141
8 58 44 703737 0.04114723 0.08500481 1.05961609
8 58 44 716481  0.05067444 -0.06747055  0.97693253
8 58 44 718919  0.0128746  -0.29286385  0.95033836
8 58 44 721339  7.01904297e-04 -1.27347946e-01  1.00122833e+00
8 58 44 747794 0.05060959 0.04888725 1.04247665
8 58 44 750524  0.05219841 -0.08388329  1.03067398
8 58 44 753332 -0.00314713 -0.20723724  0.94708443
8 58 44 764390 -0.01566315 -0.12140274  0.97393799
8 58 44 767014 0.04435539 0.03711319 1.06017876
8 58 44 769695  0.03853226 -0.07040977  0.99061012
8 58 44 861457  0.01415825 -0.21077538  0.94984055
8 58 44 864081 -0.00548744 -0.10641098  1.00109291
8 58 44 866924 0.04751015 0.00653458 1.04303169
8 58 44 869609  0.04282379 -0.08681107  1.02695084
8 58 44 872107  0.00531578 -0.17203522  0.9444313 
8 58 44 874502 -0.01171112 -0.13229942  0.9908905 
8 58 44 876924 0.03504562 0.04985809 1.04790115
8 58 44 879577  0.04758644 -0.04101181  0.98670578
8 58 44 882411  0.01015091 -0.25389099  0.95568466
8 58 44 885005 -0.00154495 -0.13742065  1.00787163
8 58 44 887345 0.04131317 0.03153801 1.03583145
8 58 44 889843  0.04637909 -0.07821465  1.04789162
8 58 44 892502 -0.00248146 -0.18891144  0.94728088
8 58 44 900817 -0.01643181 -0.13755608  0.96973991
8 58 44 903958 0.03556824 0.04489899 1.0639019 
8 58 44 909463  0.04688454 -0.03787041  0.99890327
8 58 44 912249  0.01486969 -0.23442459  0.95479774
8 58 44 915158 -0.00496483 -0.14186096  1.00990105
8 58 44 933938 0.04969025 0.02628517 1.03393936
8 58 44 936636  0.05583191 -0.06465721  1.03504944
8 58 44 939428  0.00360489 -0.19035721  0.96663284
8 58 44 957214 -0.01337433 -0.14378548  0.98667336
8 58 44 959783 0.03756523 0.0429306  1.04321289
8 58 44 962334  0.04974556 -0.06205177  0.98773766
8 58 44 981329  0.012146   -0.23911285  0.9493084 
8 58 44 983679 -0.00434113 -0.12759781  0.99942017
8 58 44 986115 0.05091858 0.01792717 1.01971245
8 58 45 5262  0.04942513 -0.09328842  1.02627563
8 58 45 8177 -8.14437866e-04 -1.98101044e-01  9.68507767e-01
8 58 45 11161 -0.00378227 -0.13614082  0.96304512
8 58 45 29085 0.0444622  0.02277374 1.04049683
8 58 45 31718  0.05163193 -0.09130669  1.00246429
8 58 45 34367  0.01515961 -0.21644974  0.9573288 
8 58 45 52866  0.00861549 -0.11986923  0.98282242
8 58 45 55579  0.05145645 -0.00746536  1.02629662
8 58 45 58302  0.04221344 -0.08756828  1.0213623 
8 58 45 77035  0.00584793 -0.17015839  0.94247627
8 58 45 79601 -0.00751686 -0.14464188  0.98316574
8 58 45 82219 0.02473068 0.02212524 1.03950119
8 58 45 101183  0.03933525 -0.04871178  0.9875927 
8 58 45 104032  0.02192879 -0.19574928  0.96788406
8 58 45 106728  0.00411606 -0.1388073   0.99759865
8 58 45 124893  0.03618622 -0.0051384   1.03030968
8 58 45 127385  0.04582977 -0.06621361  1.02872849
8 58 45 129770  0.02722931 -0.13892746  0.96937752
8 58 45 149129  0.00141335 -0.16109276  0.96438408
8 58 45 151751  0.01226044 -0.01794815  1.05292892
8 58 45 154398 0.04402542 0.02645111 1.00943375
8 58 45 172843  0.03833961 -0.15229034  0.96470833
8 58 45 175246 -0.00172424 -0.20161247  0.98500061
8 58 45 177578  0.01190567 -0.05177307  1.00004005
8 58 45 196976  0.04103279 -0.01437187  1.04788589
8 58 45 199750  0.03234863 -0.1172905   0.97647667
8 58 45 202492 -0.00719261 -0.16775322  0.94583893
8 58 45 220938 -0.00917244 -0.07956696  1.02529335
8 58 45 247636 0.02164078 0.04102135 1.0470562 
8 58 45 250107  0.04558754 -0.06532288  0.96621895
8 58 45 252719  0.01195335 -0.2263279   0.96212769
8 58 45 259759 -0.00329208 -0.11018562  1.01235771
8 58 45 262153 0.02611923 0.00213814 1.04677963
8 58 45 268453  0.0376339  -0.0763855   1.00737762
8 58 45 270905  0.00955963 -0.16357231  0.9408741 
8 58 45 273295 -0.01658821 -0.14194489  0.98179245
8 58 45 296767 0.0135479  0.02210426 1.04755402
8 58 45 299281 0.04670906 0.01310349 0.97780037
8 58 45 301597  0.02176476 -0.19755363  0.96359634
8 58 45 316685 -0.01407623 -0.19210434  0.99652481
8 58 45 319001  0.01444244 -0.02373695  1.02458382
8 58 45 321478  0.04132271 -0.04153824  1.03560829
8 58 45 348140  0.01316452 -0.15089417  0.9637661 
8 58 45 350653 -0.01217651 -0.17612839  0.94527817
8 58 45 353157 -0.00246429 -0.03713989  1.03029823
8 58 45 364833 0.03541374 0.06510353 1.02729607
8 58 45 367551  0.04489326 -0.13410187  0.94306564
8 58 45 369943 -0.00811195 -0.24445152  0.97679901
8 58 45 388619  0.00637436 -0.05790901  0.99875641
8 58 45 391157 0.05030823 0.01270866 1.03878593
8 58 45 398702  0.04381943 -0.1233654   1.00419235
8 58 45 412598  0.00442886 -0.18346977  0.93027687
8 58 45 415316  0.00193977 -0.09036064  1.01615334
8 58 45 417965 0.03704071 0.05123901 1.06442642
8 58 45 436589  0.049263   -0.06047821  0.97702408
8 58 45 439166  0.02313995 -0.22170258  0.95973396
8 58 45 463769  0.01331711 -0.10680771  1.01488876
8 58 45 493697 0.04325104 0.01008987 1.04208183
8 58 45 548162  0.04172707 -0.09225845  1.02560234
8 58 45 579717  0.00618935 -0.18209839  0.94255066
8 58 45 582244 -0.00617599 -0.13378525  0.98491859
8 58 45 584988 0.02757454 0.0323925  1.04829407
8 58 45 587580  0.04707146 -0.00346184  0.98264503
8 58 45 589898  0.01981926 -0.22379494  0.95423126
8 58 45 598372 -0.01147079 -0.17010117  1.00570297
8 58 45 611612 0.02895927 0.01132393 1.03526306
8 58 45 614052  0.04538155 -0.05395699  1.02585602
8 58 45 616612  0.01001358 -0.17695045  0.96218491
8 58 45 619083 -0.02176094 -0.16212845  0.95205307
8 58 45 626923 0.01866722 0.01496124 1.04744339
8 58 45 629913 0.04196548 0.00947189 1.00340843
8 58 45 632313  0.02065086 -0.19338799  0.95232582
8 58 45 634762 -0.01194763 -0.19269371  0.97881317
8 58 45 637308  0.02121735 -0.00470161  1.01570702
8 58 45 639664  0.05160904 -0.03345299  1.03937912
8 58 45 646455  0.0150013  -0.16174698  0.96896553
8 58 45 658241 -0.02556801 -0.18306541  0.94522285
8 58 45 660885 0.00269318 0.00285149 1.05067444
8 58 45 663749 0.05204773 0.04091644 1.00187874
8 58 45 666183  0.01738739 -0.20185852  0.96229362
8 58 45 668672 -0.02423286 -0.23989296  0.98098946
8 58 45 671231  0.0130024  -0.00168037  1.01230621
8 58 45 678080 0.06569672 0.00135231 1.0361042 
8 58 45 680576  0.01638985 -0.16354942  0.98416328
8 58 45 682986 -0.03138733 -0.19773865  0.93689537
8 58 45 686580 0.00222015 0.00105858 1.03308487
8 58 45 689122 0.05495834 0.01875305 1.00579834
8 58 45 703811  0.02677727 -0.19573784  0.96337509
8 58 45 706282 -0.01727104 -0.20351982  0.94996452
8 58 45 708855  0.01551056 -0.00705338  1.01235962
8 58 45 727416  0.05638504 -0.02694893  1.02208138
8 58 45 730404  0.0141449  -0.16522598  0.97330856
8 58 45 732832 -0.03222275 -0.1890049   0.95157623
8 58 45 767004  6.84738159e-04 -2.01663971e-02  1.03025627e+00
8 58 45 787184  0.040411   -0.03652382  1.00354195
8 58 45 837185  0.01478958 -0.17177391  0.97411156
8 58 45 877502 -0.00871849 -0.15501785  0.96002388
8 58 45 896559  0.01310539 -0.02813148  1.02649498
8 58 45 948107  0.03678131 -0.06644821  1.03260231
8 58 45 995021  0.02119637 -0.14122581  0.98011971
8 58 46 45140 -0.01737213 -0.17055511  0.95090294
8 58 46 105081 -0.01129532 -0.04294968  1.0249939 
8 58 46 161505 0.03427887 0.04858971 1.03017044
8 58 46 201217  0.02636337 -0.18087769  0.96645164
8 58 46 245401 -0.02254295 -0.28054237  0.97739792
8 58 46 300873 -0.00507164 -0.06305885  0.98662758
8 58 46 349460 0.05236244 0.01215935 1.03645134
8 58 46 396270  0.02145386 -0.13672447  1.0013485 
8 58 46 442152 -0.03448486 -0.21954155  0.92725182
8 58 46 489120 -0.01782417 -0.07438087  1.00515938
8 58 46 524244 0.0384922  0.01603699 1.0332222 
8 58 46 551158  0.027771   -0.14073372  0.95952034
8 58 46 553683 -0.01989365 -0.21446228  0.96200562
8 58 46 556087 -0.00368309 -0.06970787  0.98750305
8 58 46 558494  0.03588104 -0.01098061  1.03502464
8 58 46 560874  0.02516937 -0.11488914  0.99599838
8 58 46 563327 -0.02104759 -0.18430519  0.94223022
8 58 46 565679 -0.01079941 -0.10621834  1.01269722
8 58 46 568060 0.0298233  0.05245209 1.05050278
8 58 46 578832  0.03595924 -0.07408142  0.97037315
8 58 46 581259 -0.01573181 -0.27400017  0.95872116
8 58 46 583724 -0.01560783 -0.12632179  0.99664879
8 58 46 586162 0.03624153 0.01496887 1.05222702
8 58 46 588551  0.03535652 -0.09634399  1.02770996
8 58 46 590868 -0.01636505 -0.19675064  0.9381237 
8 58 46 593291 -0.01255798 -0.13075638  0.96757889
8 58 46 604158 0.03617287 0.05138397 1.04266167
8 58 46 607299  0.04543495 -0.05827522  0.98142815
8 58 46 609954  0.00700569 -0.26588821  0.945261  
8 58 46 612342 -0.00610733 -0.13092041  1.00090599
8 58 46 614914 0.04305458 0.03437996 1.02736473
8 58 46 617323  0.04864502 -0.07906914  1.02165222
8 58 46 619678 -0.01218987 -0.20681953  0.94646645
8 58 46 622033 -0.02304268 -0.13961029  0.97428131
8 58 46 624849 0.03757668 0.04348373 1.05454063
8 58 46 628178  0.04268265 -0.0501461   0.98181915
8 58 46 630764 -0.00345802 -0.24788094  0.94269753
8 58 46 633163 -0.00883293 -0.13575172  0.99934006
8 58 46 638867 0.03720093 0.0200882  1.03895187
8 58 46 641479  0.04693222 -0.07906914  1.02872658
8 58 46 653438 -0.0092144  -0.18881798  0.94504738
8 58 46 656129 -0.01745605 -0.13100243  0.96283913
8 58 46 658760 0.04023743 0.02947426 1.05285454
8 58 46 661268  0.04099655 -0.06689453  0.9949379 
8 58 46 663774  0.00695992 -0.21003723  0.95908165
8 58 46 666151 -1.02996826e-04 -1.10324860e-01  9.94382858e-01
8 58 46 668602 0.04814339 0.00499725 1.02853775
8 58 46 675178  0.03927612 -0.09264946  1.02199745
8 58 46 677534 -0.00119019 -0.16620064  0.94451523
8 58 46 679915 -0.01376915 -0.14360619  0.97647285
8 58 46 686658 0.02348709 0.04132462 1.04731178
8 58 46 689100  0.04454994 -0.02574348  0.97356606
8 58 46 691474  0.01143837 -0.25188446  0.95322227
8 58 46 698697 -0.01324654 -0.16456604  0.9910984 
8 58 46 701133 0.04205322 0.02437019 1.02440071
8 58 46 703670  0.04889679 -0.05193329  1.03556252
8 58 46 706127  0.00470924 -0.17831421  0.95858574
8 58 46 708657 -0.01964378 -0.1493988   0.96221161
8 58 46 711179 0.03215981 0.02054977 1.04536057
8 58 46 716664  0.04813766 -0.03902817  0.98420715
8 58 46 719242  0.01643753 -0.195261    0.94543076
8 58 46 721626 -0.00362587 -0.12983704  0.99919319
8 58 46 724027 0.04362869 0.00643349 1.03804779
8 58 46 726413  0.04629326 -0.06770897  1.02769852
8 58 46 729075  0.01374054 -0.14650917  0.95183372
8 58 46 732280 -0.01479912 -0.15242958  0.97263527
8 58 46 738975 0.01786041 0.02488136 1.04872131
8 58 46 747558 0.05353737 0.01888466 0.97840691
8 58 46 750534  0.02407837 -0.23513031  0.95363426
8 58 46 758419 -0.0222683  -0.21302605  0.98871994
8 58 46 761902 0.02158546 0.01351166 1.0122261 
8 58 46 764611  0.05927658 -0.0119381   1.0497036 
8 58 46 767291  0.01713181 -0.16668129  0.97234917
8 58 46 774253 -0.03121185 -0.17439461  0.93571854
8 58 46 776838 3.57818604e-03 1.33514404e-04 1.03941727e+00
8 58 46 779284  0.04718781 -0.02004433  0.998909  
8 58 46 781724  0.02366829 -0.18351555  0.95429611
8 58 46 784253 -0.00843811 -0.16047096  0.97772026
8 58 46 786776  0.02452087 -0.00255966  1.03183556
8 58 46 789276  0.04554367 -0.04031372  1.02175713
8 58 46 791709  0.01911736 -0.14414978  0.96614075
8 58 46 794122 -0.01755714 -0.17232895  0.96516037
8 58 46 807516  0.0112381  -0.00816345  1.04894638
8 58 46 810206 0.04893684 0.01688385 0.98776436
8 58 46 812840  0.02493095 -0.18894577  0.96936417
8 58 46 815483 -0.01147842 -0.20056152  0.98233986
8 58 46 818139  0.01485443 -0.01695061  1.01256371
8 58 46 820733  0.05407143 -0.02956963  1.0433712 
8 58 46 823340  0.01908302 -0.1448822   0.97594261
8 58 46 825923 -0.01900673 -0.17880249  0.9381752 
8 58 46 828356 -0.0021553  -0.02023315  1.03972435
8 58 46 830803 0.04956818 0.06859016 1.01833725
8 58 46 833683  0.04116821 -0.18841743  0.95265388
8 58 46 843064 -0.02396584 -0.25813293  0.97770119
8 58 46 850847  0.00996017 -0.0200367   0.98896408
8 58 46 853290 0.07227707 0.02446556 1.03118515
8 58 46 856305  0.02596855 -0.15643501  1.00609207
8 58 46 858938 -0.02460861 -0.21155357  0.93088913
8 58 46 861492  0.00268364 -0.02206612  1.03816032
8 58 46 864059 0.05886841 0.0252037  1.01850319
8 58 46 870834  0.02745819 -0.16213989  0.98381996
8 58 46 873281 -0.01006889 -0.20137596  0.97185135
8 58 46 875709  0.00920105 -0.03193855  1.01246071
8 58 46 878095  0.04850197 -0.00955963  1.03557587
8 58 46 880633  0.02354622 -0.13224602  0.98563004
8 58 46 883119 -0.02173615 -0.19080162  0.94148636
8 58 46 885684 -0.0082531  -0.0305481   1.02833366
8 58 46 888075 0.05212593 0.0731945  1.02018738
8 58 46 890487  0.03854752 -0.17090607  0.96857452
8 58 46 892792 -0.02706528 -0.26209831  0.97850037
8 58 46 911904  0.00543022 -0.03125     0.99239349
8 58 46 914948 0.06969833 0.03119278 1.04759026
8 58 46 917843  0.02597809 -0.14856339  1.0087719 
8 58 46 920743 -0.0314045  -0.20947838  0.92769241
8 58 46 923831 -0.00320053 -0.02739906  1.03409004
8 58 46 926794 0.06605911 0.03638268 1.02856255
8 58 46 929504  0.02841759 -0.16622162  0.98624611
8 58 46 932109 -0.01547241 -0.22638512  0.97312164
8 58 46 934736  0.00889015 -0.02176285  1.00787544
8 58 46 937547 0.06479454 0.01309967 1.03757668
8 58 46 940259  0.02498245 -0.14814186  0.9982357 
8 58 46 942813 -0.03589249 -0.20234108  0.94817734
8 58 46 955927 -0.00296783 -0.02584648  1.03191948
8 58 46 958566 0.05622292 0.02726746 1.01922607
8 58 46 961129  0.02024841 -0.16259956  0.98691368
8 58 46 963841 -0.01456261 -0.19644165  0.97755241
8 58 46 966499  0.009758   -0.02571487  1.00975609
8 58 46 969203  0.05761719 -0.02033615  1.04199409
8 58 46 978239  0.02316475 -0.14001846  0.98147964
8 58 46 980847 -0.02286911 -0.1807785   0.93669891
8 58 46 983453 -0.00332832 -0.03317261  1.03154564
8 58 46 986019 0.0545311  0.05014801 1.03686905
8 58 46 988457  0.03068161 -0.172575    0.97877693
8 58 46 991036 -0.01546669 -0.25086021  0.97669411
8 58 47 3571  0.00185204 -0.03884315  0.99632263
8 58 47 6327 0.05869293 0.02168846 1.0347538 
8 58 47 8761  0.02527237 -0.14278793  1.00279236
8 58 47 11335 -0.02941132 -0.20250702  0.93206406
8 58 47 14092 -0.00854111 -0.03084564  1.03219604
8 58 47 16568 0.04991913 0.05130959 1.02959633
8 58 47 19034  0.03310776 -0.16853523  0.96925354
8 58 47 21834 -0.02301407 -0.24391937  0.97994614
8 58 47 24437  0.00397873 -0.03449249  0.9932251 
8 58 47 26841 0.06612015 0.02018166 1.03557014
8 58 47 29452  0.02605247 -0.13875198  0.99598312
8 58 47 31988 -0.02425385 -0.19570541  0.9271183 
8 58 47 34338 -0.0039444  -0.04132843  1.02594566
8 58 47 36769 0.05762291 0.01622772 1.03211021
8 58 47 39357  0.03502846 -0.13347816  0.99502563
8 58 47 41707 -0.00657272 -0.18948746  0.96116447
8 58 47 44049  0.00658607 -0.04958153  1.00460625
8 58 47 46495  0.05381966 -0.01794624  1.04785538
8 58 47 48989  0.02850723 -0.11894226  0.98802948
8 58 47 61765 -0.01517677 -0.18266869  0.93478012
8 58 47 64257 -0.00186729 -0.05336189  1.02056694
8 58 47 66671 0.05032158 0.0697403  1.03973198
8 58 47 69073  0.03990746 -0.14769936  0.96050262
8 58 47 71624 -0.01601601 -0.27117538  0.97524071
8 58 47 73984 -0.00142097 -0.0579052   0.98931694
8 58 47 76573 0.06000519 0.04171562 1.03456879
8 58 47 79351  0.03460503 -0.12519264  1.02080536
8 58 47 93618 -0.02129555 -0.20774651  0.9244194 
8 58 47 108010 -0.00693703 -0.06641197  1.01759529
8 58 47 110763 0.04515839 0.07102203 1.04156113
8 58 47 121407  0.04050064 -0.1217289   0.9568367 
8 58 47 124348 -0.01523209 -0.26346207  0.96236801
8 58 47 126977  0.00354004 -0.06805992  0.99224091
8 58 47 143122 0.05828476 0.03853226 1.04186821
8 58 47 145593  0.04000473 -0.11621475  1.02117729
8 58 47 158780 -0.02404594 -0.20551682  0.9328537 
8 58 47 164968 -0.00373459 -0.07253647  1.00316048
8 58 47 167470 0.05545425 0.03910446 1.03560257
8 58 47 169850  0.04084396 -0.13983727  0.9783287 
8 58 47 189213 -0.00476074 -0.19766045  0.96967316
8 58 47 191817  0.01210785 -0.05822563  0.99899673
8 58 47 203604  0.0518055  -0.00361443  1.05057907
8 58 47 213038  0.03320312 -0.12231064  1.00488472
8 58 47 215585 -0.00937462 -0.18369293  0.92996025
8 58 47 217907 -0.00248528 -0.08111     1.00595474
8 58 47 237010 0.03441811 0.03619957 1.04607391
8 58 47 239531  0.03813744 -0.09308052  0.9744854 
8 58 47 251148  0.00181961 -0.22863579  0.96994209
8 58 47 261037  0.00313377 -0.09411621  0.99778748
8 58 47 268086 0.04718018 0.00909996 1.03675842
8 58 47 270539  0.03896904 -0.09974098  1.01441193
8 58 47 284907 -0.00462914 -0.19008064  0.94613266
8 58 47 291931 -0.01098061 -0.11837769  0.98626518
8 58 47 303745 0.0279026  0.06302071 1.05326653
8 58 47 309081  0.04384613 -0.04437637  0.97123718
8 58 47 311979  0.00868797 -0.27033234  0.9490509 
8 58 47 318712 -0.00421333 -0.12722969  1.00762177
8 58 47 332907 0.04430962 0.03960228 1.04110146
8 58 47 335344  0.04476929 -0.08194542  1.02018929
8 58 47 387536 -5.56945801e-04 -1.91907883e-01  9.41005707e-01
8 58 47 403861 -0.01862907 -0.13228798  0.97119904
8 58 47 440216 0.03176689 0.0488739  1.07254601
8 58 47 457920  0.03936768 -0.04953957  0.97926903
8 58 47 460573  0.01296616 -0.23577499  0.94054794
8 58 47 463263 -0.01078796 -0.13284683  1.00931168
8 58 47 472242 0.03820992 0.01848602 1.03573799
8 58 47 475573  0.04290199 -0.08188248  1.03203583
8 58 47 478242 -0.00411034 -0.18626404  0.9553566 
8 58 47 480791 -0.01944923 -0.13652611  0.96963692
8 58 47 484313 0.03455353 0.0451889  1.04769325
8 58 47 487087  0.04936028 -0.05602264  0.99224663
8 58 47 490600  0.0062809  -0.23877716  0.95769119
8 58 47 493248 -0.00330353 -0.13007736  1.00336838
8 58 47 506705 0.05175781 0.02833176 1.03093147
8 58 47 509270  0.05097389 -0.07883644  1.02802467
8 58 47 514359 -0.00699234 -0.18928528  0.95265961
8 58 47 517002 -0.02035522 -0.13717079  0.96739006
8 58 47 519581 0.02991867 0.0348053  1.05285072
8 58 47 522237  0.04610062 -0.07310867  0.991642  
8 58 47 524791  0.00572395 -0.20051765  0.96005249
8 58 47 528298  0.00221062 -0.10449219  0.99954605
8 58 47 531542 0.04623413 0.00275612 1.0287056 
8 58 47 534123  0.03540611 -0.08699799  1.03074074
8 58 47 536657  0.00359154 -0.15991592  0.95355225
8 58 47 554391 -0.0132122  -0.14285088  0.986166  
8 58 47 556929 0.02119064 0.01394463 1.04545021
8 58 47 559477  0.04600143 -0.02023888  0.98142624
8 58 47 575206  0.02148056 -0.20313072  0.97153091
8 58 47 577675 -0.00862885 -0.16609764  0.99538994
8 58 47 580077 0.02923012 0.00698471 1.02619553
8 58 47 598872  0.04432678 -0.05842209  1.03201866
8 58 47 606153  0.01283836 -0.16366196  0.97291756
8 58 47 608655 -0.01597214 -0.16369438  0.95863342
8 58 47 620418 1.02558136e-02 2.91824341e-04 1.04450607e+00
8 58 47 622990  0.04055595 -0.00328064  0.99908257
8 58 47 625472  0.02499962 -0.17661858  0.96652412
8 58 47 717422 -0.01068878 -0.18824196  0.9876976 
8 58 47 720042  0.01202202 -0.0232048   1.0181427 
8 58 47 722503  0.04613495 -0.03738213  1.02283287
8 58 47 724905  0.02591324 -0.13920403  0.97470665
8 58 47 727359 -0.0083313  -0.18175697  0.95820808
8 58 47 729792 -2.72750854e-04 -3.58924866e-02  1.04106522e+00
8 58 47 732291 0.04524422 0.07167816 1.01102066
8 58 47 734745  0.04482079 -0.16015053  0.95154953
8 58 47 737279 -0.02153206 -0.27894211  0.98933029
8 58 47 739755  0.00179482 -0.05016899  0.98908043
8 58 47 742184 0.05252266 0.02728271 1.03868484
8 58 47 744679  0.03555107 -0.13284302  1.00610161
8 58 47 753535 -0.02221107 -0.20454025  0.92507744
8 58 47 760399 -0.00519753 -0.06085968  1.01740646
8 58 47 764653 0.04208755 0.02445984 1.04595757
8 58 47 767339  0.03587914 -0.12360954  0.9793396 
8 58 47 770021  0.00346756 -0.1789608   0.96284485
8 58 47 773462  0.01578903 -0.0664463   0.9963665 
8 58 47 789172  0.03703117 -0.01922989  1.04456711
8 58 47 791641  0.03272438 -0.11330986  0.99815559
8 58 47 811403  0.00168991 -0.16287231  0.94412613
8 58 47 813932 -0.00939369 -0.11912537  1.01285553
8 58 47 817221 0.01978493 0.03998184 1.04146004
8 58 47 843613  0.04011726 -0.02726555  0.98145294
8 58 47 898135  0.01811981 -0.25060463  0.95682907
8 58 47 951065 -0.00875092 -0.15963745  1.00122643
8 58 48 2363 0.02981949 0.01132202 1.04572487
8 58 48 36657  0.04550362 -0.06399536  1.01954269
8 58 48 57009  0.00798988 -0.17632866  0.94802094
8 58 48 93572 -0.01847458 -0.15828323  0.95054436
8 58 48 120954 0.0161705  0.01471138 1.05236053
8 58 48 123632 0.04735184 0.01531219 0.99232674
8 58 48 126580  0.02194023 -0.22527695  0.94581795
8 58 48 130286 -0.01500511 -0.21619797  0.98596382
8 58 48 134388  1.85775757e-02 -2.63214111e-04  1.01357269e+00
8 58 48 137105  0.05328751 -0.03033066  1.03073502
8 58 48 139710  0.01058388 -0.17120361  0.96922493
8 58 48 142260 -0.02164459 -0.19131851  0.93780518
8 58 48 150413  0.00149536 -0.01209259  1.04454041
8 58 48 152794 0.04977417 0.00211525 1.00738716
8 58 48 155362  0.02120018 -0.17731476  0.96118927
8 58 48 157727 -0.02105141 -0.21078682  0.96471405
8 58 48 160093  0.01218033 -0.02765083  1.00720024
8 58 48 162446  0.04402161 -0.03640938  1.03448868
8 58 48 164870  0.01316071 -0.14990616  0.97641373
8 58 48 167271 -0.0235424  -0.19887352  0.9360981 
8 58 48 169566 -0.00531578 -0.0418644   1.02662468
8 58 48 171855  0.04177475 -0.02880669  1.01350212
8 58 48 174256  0.02472687 -0.15535736  0.97979546
8 58 48 176561  0.00565147 -0.13386536  0.96677399
8 58 48 178976  0.01977921 -0.05745697  1.00300407
8 58 48 181303  0.02705574 -0.07595634  1.03700638
8 58 48 183699  0.0187397  -0.12050056  0.97208214
8 58 48 186039  0.00306702 -0.15618706  0.94636726
8 58 48 188395 -0.00526047 -0.13043976  1.009058  
8 58 48 190803 0.01567841 0.02325058 1.02825546
8 58 48 197932  0.04088402 -0.01130867  0.97457123
8 58 48 200479  0.0180912  -0.25998878  0.95480537
8 58 48 202960 -0.01793861 -0.19249916  0.98820114
8 58 48 205410  0.01275253 -0.01163101  1.04501152
8 58 48 207961  0.050354   -0.04490089  1.01510048
8 58 48 210356  0.01066589 -0.16885567  0.96634293
8 58 48 212768 -0.0116272  -0.17465591  0.94645309
8 58 48 215257 -0.00152779 -0.04288292  1.04725075
8 58 48 217732 0.04025841 0.04665947 1.01675224
8 58 48 220673  0.03589821 -0.16021538  0.93920898
8 58 48 247992 -0.01811028 -0.24915314  0.97758675
8 58 48 250691  0.00671768 -0.06919098  0.99635696
8 58 48 253174  0.04522514 -0.0083828   1.03653145
8 58 48 260505  0.0263176  -0.12893486  1.00246429
8 58 48 263334 -0.00614357 -0.19827843  0.93016243
8 58 48 265720 -0.00870895 -0.09375     1.00272369
8 58 48 268142 0.03248596 0.03604507 1.04785728
8 58 48 270550  0.03648186 -0.07566452  0.97140694
8 58 48 272868  0.0066433  -0.22159576  0.94425201
8 58 48 275644 -0.00322342 -0.11101532  1.01879883
8 58 48 277990  0.03084946 -0.01246262  1.04076004
8 58 48 280349  0.02912712 -0.08884811  1.01049042
8 58 48 283079  0.00574303 -0.17075157  0.93929482
8 58 48 285365 -0.00863647 -0.1390686   0.98228455
8 58 48 287739 0.02168274 0.03103828 1.05648804
8 58 48 292113 0.05288124 0.02911758 0.99891281
8 58 48 300244  0.0232296  -0.22637749  0.95427895
8 58 48 302820 -0.00946999 -0.2097683   0.98855972
8 58 48 316429  0.0207119  -0.00172234  1.02078629
8 58 48 318885  0.05090141 -0.03017044  1.03588676
8 58 48 321177  0.01304626 -0.17362595  0.96930504
8 58 48 413276 -0.01657867 -0.19291306  0.94112015
8 58 48 415801  0.00685883 -0.00481987  1.0428009 
8 58 48 418267 4.72583771e-02 9.91821289e-04 1.01178360e+00
8 58 48 420671  0.01835442 -0.16767311  0.96879959
8 58 48 423083 -0.0092144  -0.18696213  0.96962547
8 58 48 425482  0.01365089 -0.02558708  1.02040291
8 58 48 427801  0.04966354 -0.02927589  1.03296471
8 58 48 430204  0.01651573 -0.13830185  0.98398018
8 58 48 432599 -0.01547241 -0.18914795  0.94647026
8 58 48 435046 -0.00367165 -0.03973389  1.02859688
8 58 48 437466 0.04918671 0.06332207 1.02038383
8 58 48 439855  0.0351429  -0.15480423  0.97152519
8 58 48 459056 -0.01555443 -0.25526428  0.97226715
8 58 48 470609  0.01021194 -0.05282402  0.98325348
8 58 48 480462 0.05389023 0.00654221 1.04786301
8 58 48 491016  0.03342628 -0.13095856  1.01453972
8 58 48 521669 -0.01266098 -0.20273972  0.92355156
8 58 48 540820 -2.91824341e-04 -5.87501526e-02  1.01450539e+00
8 58 48 582909 0.05078316 0.07879639 1.05383492
8 58 48 600828  0.03632736 -0.15014648  0.96425629
8 58 48 644175 -0.02011108 -0.28422546  0.9605751 
8 58 48 669905  0.00495529 -0.05350685  0.9859848 
8 58 48 672728 0.06778145 0.04304314 1.03713036
8 58 48 675449  0.03356743 -0.12720299  1.02965355
8 58 48 678005 -0.03138733 -0.22312737  0.93247032
8 58 48 680569 -0.00501251 -0.0542717   1.00150681
8 58 48 683238 0.05718231 0.0276432  1.04192543
8 58 48 685863  0.02922821 -0.12861061  0.98820496
8 58 48 688412 -0.01366615 -0.19536209  0.95935631
8 58 48 690914  0.0085907  -0.06018829  0.99880028
8 58 48 694025 0.05531883 0.00183678 1.04675102
8 58 48 703352  0.03095436 -0.12161636  1.0054493 
8 58 48 705931 -0.0084362  -0.19709587  0.94311333
8 58 48 708430 -0.00174141 -0.06886292  1.00780678
8 58 48 711490 0.05065155 0.06032753 1.04666138
8 58 48 714172  0.03894234 -0.13849449  0.97393417
8 58 48 716622 -0.01712418 -0.26765251  0.96805954
8 58 48 718988  0.00180244 -0.06882477  0.99394989
8 58 48 721438 0.0641098  0.02904701 1.04748344
8 58 48 723862  0.0353775  -0.12078667  1.02373314
8 58 48 726287 -0.02306175 -0.20818901  0.93559456
8 58 48 728712 -0.00876808 -0.06451988  1.00515175
8 58 48 731473 0.04904747 0.03809929 1.04005814
8 58 48 734254  0.03605843 -0.13843727  0.9806881 
8 58 48 736817 -0.01534081 -0.23044014  0.96767044
8 58 48 739340  0.00621033 -0.06489372  0.98705482
8 58 48 742427 0.05719757 0.01745987 1.03352737
8 58 48 753334  0.0377655  -0.124506    1.01489258
8 58 48 755790 -0.01139069 -0.19829178  0.94158173
8 58 48 759478 -0.00602531 -0.0816021   1.01626968
8 58 48 762293 0.04442215 0.04826355 1.03787041
8 58 48 765694  0.04075623 -0.1258831   0.97351265
8 58 48 768658 -0.0110321  -0.24132538  0.97104263
8 58 48 771583  0.00263977 -0.08181     0.99413109
8 58 48 774553 0.05288124 0.01016998 1.04230118
8 58 48 778200  0.03950691 -0.11508369  1.01574898
8 58 48 781381 -0.01124191 -0.1909256   0.93614578
8 58 48 803856 -0.0049839  -0.08884048  1.00233841
8 58 48 806575 0.03462982 0.03913879 1.04959297
8 58 48 809253  0.04068756 -0.10086823  0.97799301
8 58 48 824687  0.00369453 -0.22743988  0.9593029 
8 58 48 848931  0.01051712 -0.0947361   0.99270821
8 58 48 851422 0.04506302 0.00951576 1.0331974 
8 58 48 853860  0.03996849 -0.10214806  1.01560974
8 58 48 856230 -0.00179672 -0.18815231  0.95016098
8 58 48 858591 -0.01340675 -0.11401558  0.98965073
8 58 48 869015 0.03583336 0.03985596 1.04384232
8 58 48 871836  0.04182816 -0.07239723  0.97313309
8 58 48 874371  0.01047516 -0.22184563  0.95454216
8 58 48 899824  0.00337601 -0.1162529   0.99947739
8 58 48 902754 0.03764915 0.00333214 1.03662491
8 58 48 906267  0.04129982 -0.08599091  1.01631737
8 58 48 916546  0.0090332  -0.17015076  0.94764709
8 58 48 918963 -0.0115757  -0.14904404  0.97990227
8 58 48 921293 0.02113914 0.00626755 1.04278755
8 58 48 949586  0.0415554  -0.06331062  0.98140717
8 58 48 952126  0.02370834 -0.16881943  0.97207832
8 58 48 954560  0.00973701 -0.11348343  0.98218155
8 58 48 964799  0.02425385 -0.0326767   1.03304863
8 58 48 986527  0.03469658 -0.08769989  1.01365662
8 58 49 26196  0.01768494 -0.12506676  0.95799255
8 58 49 40746  0.00409889 -0.1642704   0.96146393
8 58 49 54698  6.84738159e-04 -7.39288330e-02  1.03430939e+00
8 58 49 57883 0.03262138 0.0597477  1.0222435 
8 58 49 61175  0.04883194 -0.10931969  0.95157433
8 58 49 64453 -0.00097275 -0.27056122  0.96756935
8 58 49 67283 -6.80923462e-04 -1.06996536e-01  1.00627899e+00
8 58 49 70595 0.04211426 0.00749397 1.04751587
8 58 49 73394  0.03399277 -0.0922184   1.0072403 
8 58 49 76137  0.00996971 -0.17761421  0.93424416
8 58 49 133961 -0.00574112 -0.13516617  0.98981857
8 58 49 136369 0.01236725 0.00904846 1.04183769
8 58 49 145599  0.04313469 -0.03473663  0.97360039
8 58 49 154130  0.02865028 -0.16508102  0.97028732
8 58 49 156514  0.00423622 -0.14349937  0.99875641
8 58 49 158942  0.01718521 -0.0369854   1.02615166
8 58 49 161243  0.03404045 -0.05823708  1.02040291
8 58 49 168307  0.02656555 -0.12610435  0.96117973
8 58 49 170817  0.0075531  -0.15694618  0.97773933
8 58 49 173369 -0.00423622 -0.0918045   1.01801491
8 58 49 175654 0.01919937 0.04870033 1.03339386
8 58 49 182167  0.04808044 -0.03951645  0.9580574 
8 58 49 184602  0.01806068 -0.24438095  0.96521187
8 58 49 186955 -0.00887108 -0.14811897  1.01708984
8 58 49 189297  0.02074623 -0.01931953  1.04066658
8 58 49 191772  0.03427887 -0.06500435  0.99553871
8 58 49 199818  0.01697731 -0.1588726   0.95153427
8 58 49 202477 -0.00174332 -0.16037369  0.97322083
8 58 49 205084  8.37326050e-04 -1.04427338e-02  1.04907799e+00
8 58 49 208488 0.05016136 0.07374763 1.00250244
8 58 49 211205  0.04049873 -0.17259979  0.93689537
8 58 49 229292 -0.0178051  -0.27899551  0.99480629
8 58 49 232483  0.01340866 -0.05334473  0.9976387 
8 58 49 235010 0.052742   0.0096035  1.04968452
8 58 49 253090  0.02882195 -0.1295681   0.99308968
8 58 49 255727 -0.01066971 -0.20424652  0.92614937
8 58 49 258566 -0.00276947 -0.07886505  1.01309776
8 58 49 277182 0.03039932 0.0615654  1.05146217
8 58 49 279976  0.04400253 -0.09455681  0.95083618
8 58 49 282796 -0.00438309 -0.24793434  0.95876122
8 58 49 303864 -0.0042038  -0.08556938  1.00890923
8 58 49 306432 0.04500198 0.016922   1.04793167
8 58 49 308820  0.03873825 -0.10323334  1.00788498
8 58 49 327299 -0.00206566 -0.19231987  0.92688179
8 58 49 330032 -0.00517464 -0.10819435  0.99857712
8 58 49 332742 0.03348351 0.039011   1.05392838
8 58 49 352181  0.03686905 -0.05402374  0.98366165
8 58 49 354722  0.01943588 -0.2165184   0.94550514
8 58 49 357099  0.00452995 -0.11755753  1.01266861
8 58 49 373150 0.04117012 0.00190926 1.04070282
8 58 49 375584  0.04009056 -0.09357643  1.02400398
8 58 49 377996  0.00611115 -0.17900276  0.9322834 
8 58 49 396749 -0.00984955 -0.14505005  0.97811699
8 58 49 399815 0.02362442 0.03589058 1.04348755
8 58 49 402437  0.05020523 -0.01992416  0.98996544
8 58 49 421294  0.01769447 -0.22477531  0.94551849
8 58 49 448082 -0.00621223 -0.15179825  1.00162315
8 58 49 450779 0.03304291 0.01881409 1.03311348
8 58 49 453498  0.04547882 -0.06772614  1.03619194
8 58 49 456113  0.01267433 -0.17543983  0.94840431
8 58 49 458967 -0.02282715 -0.15202332  0.96083832
8 58 49 468855 0.02030563 0.02066422 1.04629135
8 58 49 471432  0.04562569 -0.00174713  0.9955368 
8 58 49 474009  0.02502441 -0.21141815  0.9558239 
8 58 49 505475 -0.00761032 -0.17981148  0.98516846
8 58 49 508008 0.02856445 0.00645065 1.02860832
8 58 49 510434  0.04706573 -0.04276085  1.04133606
8 58 49 516578  0.01521873 -0.16683006  0.96178818
8 58 49 518985 -0.02033234 -0.17560577  0.95985031
8 58 49 521308 0.01398849 0.01425362 1.05202484
8 58 49 548595 0.05796623 0.02138519 0.98216057
8 58 49 551270  0.01682854 -0.2265625   0.95613098
8 58 49 553709 -0.01648712 -0.20581245  0.98293686
8 58 49 564794 0.02497673 0.0102005  1.0241909 
8 58 49 567359  0.0586586  -0.02260971  1.03672028
8 58 49 569838  0.01387978 -0.17009926  0.97667694
8 58 49 588633 -0.03347206 -0.17832565  0.94402122
8 58 49 591246 0.01832581 0.00119972 1.03887367
8 58 49 593592  0.04660034 -0.02161598  0.99782562
8 58 49 612617  0.01803207 -0.17894936  0.96043396
8 58 49 615041 -0.00779152 -0.15557289  0.96366882
8 58 49 617501  0.0285244  -0.00853348  1.03120613
8 58 49 636638  0.04396057 -0.05910683  1.02811432
8 58 49 639159  0.01665115 -0.14883614  0.9669075 
8 58 49 641477 -0.01886177 -0.1791954   0.9611702 
8 58 49 660612  0.00693321 -0.00730133  1.04866791
8 58 49 663598 0.04844666 0.01223755 0.98881721
8 58 49 666812  0.02389908 -0.18869781  0.97750092
8 58 49 684619 -0.01252556 -0.21425056  0.98363304
8 58 49 687050  0.00923538 -0.02093315  1.0039444 
8 58 49 689406  0.05210876 -0.01832199  1.02781677
8 58 49 708553  0.0207653  -0.14794159  0.98291779
8 58 49 710998 -0.01843834 -0.19107056  0.93902779
8 58 49 713469 -0.00535202 -0.02816391  1.02972412
8 58 49 732608 0.04216766 0.02948952 1.02038574
8 58 49 735110  0.03304482 -0.14219666  0.96657753
8 58 49 737495 -0.00819016 -0.21299171  0.96486282
8 58 49 756354  0.01019669 -0.05505753  0.99240494
8 58 49 758799  0.04227638 -0.00869179  1.03209496
8 58 49 761094  0.03562546 -0.12316132  0.98459435
8 58 49 853279 -0.00936127 -0.19161797  0.9407177 
8 58 49 855847 -0.00623512 -0.07976913  1.02137947
8 58 49 858334 0.03273392 0.07203293 1.05266953
8 58 49 860657  0.0393734  -0.10462761  0.95575333
8 58 49 863048 -0.0139122  -0.28223991  0.96046829
8 58 49 865459 -0.01243782 -0.09108925  1.00074959
8 58 49 867878 0.04312134 0.03842163 1.04566574
8 58 49 870281  0.03668785 -0.10379028  1.01130486
8 58 49 872597 -0.02206802 -0.2103405   0.9341526 
8 58 49 875155 -0.01041985 -0.10014725  0.98905754
8 58 49 877645 0.03298187 0.04551506 1.04859352
8 58 49 880026  0.03349495 -0.08925056  0.97504044
8 58 49 882372  0.00123024 -0.22990799  0.94927406
8 58 49 884735 -0.0072155  -0.10553169  1.00935936
8 58 49 887438 0.03500175 0.00339127 1.03320312
8 58 49 901218  0.03266907 -0.11008453  1.01935577
8 58 49 904168 -0.01442909 -0.19164848  0.94597816
8 58 49 907258 -0.02160645 -0.13027763  0.98883057
8 58 49 925179 0.02741241 0.02761459 1.04020882
8 58 49 927591  0.03523254 -0.05121231  0.97997284
8 58 49 930030 -0.00211334 -0.24977303  0.94347191
8 58 49 949155 -0.01495743 -0.1494503   0.99928474
8 58 49 952386 0.02746391 0.01282692 1.02886963
8 58 49 954901  0.03845406 -0.08608818  1.02063751
8 58 49 973046 -0.00866699 -0.20038795  0.95171928
8 58 49 975458 -0.02873993 -0.14952469  0.95528984
8 58 49 977805 0.02018738 0.00572968 1.04307556
8 58 49 996967  0.03501511 -0.05963326  1.00450706
8 58 49 999479  0.01380157 -0.20265961  0.94393158
8 58 50 1833 -0.00618553 -0.14213371  0.98677254
8 58 50 21033  0.03284073 -0.01504898  1.02554703
8 58 50 23420  0.03075409 -0.08469963  1.0210762 
8 58 50 25767  0.00898933 -0.16678047  0.95856667
8 58 50 44991 -0.01841354 -0.17090988  0.97274399
8 58 50 47363 0.01198578 0.00354576 1.0506382 
8 58 50 54516 0.04730225 0.01298141 0.98894501
8 58 50 69133  0.01638031 -0.21545601  0.96673203
8 58 50 71517 -0.0152359  -0.22638512  0.98363304
8 58 50 73902  0.01495171 -0.01259995  1.01346207
8 58 50 96494  0.05469322 -0.02144623  1.03666306
8 58 50 99103  0.01755714 -0.16142654  0.97813988
8 58 50 101878 -0.01681137 -0.18675041  0.94602203
8 58 50 117068  0.00219727 -0.00691032  1.04992485
8 58 50 120011 0.05679512 0.05830002 1.00870895
8 58 50 122939  0.02709198 -0.20647049  0.94860649
8 58 50 148060 -0.02377129 -0.26756859  0.97991943
8 58 50 150562  0.01114655 -0.01122665  1.00615501
8 58 50 152975 0.06629181 0.02035332 1.03473091
8 58 50 168890  0.0221653  -0.15664291  1.00677299
8 58 50 171303 -0.03807449 -0.20996284  0.9361763 
8 58 50 177552  0.00225067 -0.01449203  1.03494835
8 58 50 189171 0.0586338  0.0162468  1.01429939
8 58 50 191919  0.02171135 -0.17727852  0.97922325
8 58 50 199332 -0.01930428 -0.19795227  0.96600723
8 58 50 213112  0.0150528  -0.01691055  1.0133419 
8 58 50 215530  0.06124878 -0.01892281  1.03533173
8 58 50 217823  0.01540947 -0.15042305  0.98295593
8 58 50 236816 -0.02454376 -0.19426155  0.9405632 
8 58 50 239140 -0.00271797 -0.0116272   1.03858566
8 58 50 241858 0.06380844 0.04197121 1.00545692
8 58 50 260683  0.0205822  -0.21572304  0.97325516
8 58 50 263101 -0.02112198 -0.25214195  0.97448158
8 58 50 265418  0.01413345 -0.01451683  1.00609398
8 58 50 284741 0.06820679 0.0091114  1.03653526
8 58 50 287394  0.01276207 -0.16859245  0.9922905 
8 58 50 290173 -0.03970718 -0.1997261   0.93253136
8 58 50 310173  0.00427437 -0.00835037  1.03140259
8 58 50 312995  0.06097031 -0.00353813  1.00458336
8 58 50 315502  0.02285385 -0.1987381   0.97180367
8 58 50 332857 -0.01620674 -0.17974091  0.97406006
8 58 50 336006 0.02692223 0.00374603 1.01825142
8 58 50 339023  0.0513134  -0.04151535  1.02224159
8 58 50 356759  0.01470184 -0.17265892  0.9641552 
8 58 50 359375 -0.03557014 -0.16962433  0.965868  
8 58 50 361991 0.0146122  0.00362587 1.03676987
8 58 50 380612  0.05013466 -0.01827621  1.00144768
8 58 50 383024  0.01750374 -0.20370865  0.96085358
8 58 50 385423 -0.01323128 -0.16571236  0.99501801
8 58 50 404591  0.03190613 -0.00324821  1.01785088
8 58 50 411133  0.0455513  -0.05722427  1.02872658
8 58 50 413505  0.0107193  -0.16661453  0.96324921
8 58 50 431050 -0.02709007 -0.1572094   0.97703171
8 58 50 433407 0.02190781 0.01835823 1.02924538
8 58 50 435836  0.04947853 -0.02848244  0.99285126
8 58 50 452509  0.01870728 -0.21293831  0.9687233 
8 58 50 455039 -0.00441551 -0.15503502  0.99837494
8 58 50 457773 0.03556824 0.00689697 1.01996422
8 58 50 476431  0.04575348 -0.06274414  1.02841759
8 58 50 479539  0.01351547 -0.16669273  0.95878792
8 58 50 484946 -0.02351952 -0.1568222   0.97835159
8 58 50 573591 0.02274323 0.02854156 1.04408836
8 58 50 576263 4.35619354e-02 6.21795654e-04 9.86515045e-01
8 58 50 579211  0.01974869 -0.23392677  0.95929337
8 58 50 581741 -0.01579666 -0.18145943  1.0025177 
8 58 50 584159 0.03313828 0.02042389 1.02228928
8 58 50 586634  0.05472946 -0.04403877  1.03069496
8 58 50 589072  0.0059433  -0.17900467  0.97039604
8 58 50 591561 -0.02606201 -0.15563774  0.96670151
8 58 50 602694 0.0274334  0.01841927 1.03519249
8 58 50 605071  0.04645157 -0.04999542  0.99591255
8 58 50 607482  0.01621628 -0.19761658  0.95382309
8 58 50 614187 -0.00947762 -0.13317871  0.99646568
8 58 50 616660 0.0407238  0.00234795 1.03172302
8 58 50 619070  0.04442215 -0.07403755  1.02701569
8 58 50 621460  0.01267624 -0.16523933  0.95536232
8 58 50 623789 -0.02358437 -0.14999771  0.98313904
8 58 50 649591 0.01970673 0.03943634 1.04914474
8 58 50 652480  0.04605293 -0.01627541  0.98314095
8 58 50 654967  0.01229858 -0.25102997  0.96162224
8 58 50 657657 -0.01355171 -0.16644287  1.00343132
8 58 50 660072 0.03957176 0.02363586 1.02557373
8 58 50 669427  0.05192757 -0.04918289  1.03244781
8 58 50 671911  0.00310707 -0.18370247  0.95822334
8 58 50 674332 -0.02319908 -0.15493393  0.95936584
8 58 50 696572 0.02523613 0.02836418 1.03733635
8 58 50 699293  0.04523087 -0.03919983  0.99027443
8 58 50 701827  0.01073647 -0.22427177  0.94652557
8 58 50 717154 -0.00671577 -0.13363838  1.00111961
8 58 50 719948 0.04645157 0.02731705 1.0275631 
8 58 50 722871  0.04867744 -0.07219696  1.02962494
8 58 50 747942  8.94546509e-04 -1.79044724e-01  9.55806732e-01
8 58 50 750523 -0.02054787 -0.14435577  0.97930527
8 58 50 753149 0.03347206 0.03959656 1.05002022
8 58 50 764946  0.04755974 -0.05785561  0.98844337
8 58 50 767263  0.00301743 -0.24144745  0.95401192
8 58 50 769690 -0.00274277 -0.12805557  0.99852371
8 58 50 789002 0.04434586 0.01854324 1.02566147
8 58 50 791860  0.04097748 -0.08469963  1.0306263 
8 58 50 799974 -0.0107708  -0.18792534  0.94373322
8 58 50 813091 -0.01879883 -0.12280273  0.95792389
8 58 50 815708 0.03549576 0.04117584 1.04716873
8 58 50 818287  0.04218674 -0.07203484  0.98958588
8 58 50 836883  0.00108528 -0.23593903  0.95278931
8 58 50 840112 -0.00295448 -0.11161995  0.99974823
8 58 50 847261 0.05099678 0.01813126 1.02550316
8 58 50 860856  0.04325676 -0.09487343  1.01942825
8 58 50 863208 -0.01089287 -0.18413162  0.94023132
8 58 50 865558 -0.01269913 -0.12604713  0.98079109
