8 58 40 542329  0.02662873 -0.01399088  1.01484966
8 58 40 544649  0.03541708 -0.0941093   0.98485756
8 58 40 564834  0.00920749 -0.17033267  0.98345828
8 58 40 567396  0.01267433 -0.10238481  1.00280762
8 58 40 569780  0.03178239 -0.05008221  1.02091837
8 58 40 588469  0.02903986 -0.09716082  1.00190997
8 58 40 591014  0.00738239 -0.1482265   0.96586108
8 58 40 593373  0.00114608 -0.10270119  0.99511695
8 58 40 612523  0.01877856 -0.0293622   1.02219081
8 58 40 615027  0.02921414 -0.06871605  0.9916327 
8 58 40 617530  0.02388716 -0.13672256  0.97621799
8 58 40 709257  0.01461887 -0.10571575  0.99230504
8 58 40 711601  0.02520418 -0.05575252  1.01819158
8 58 40 714139  0.02905154 -0.08118439  1.0090127 
8 58 40 716637  0.01883292 -0.13226628  0.97834945
8 58 40 719130  0.00367332 -0.13300824  0.98411632
8 58 40 721643  0.00601792 -0.04139614  1.02224398
8 58 40 724090  0.02728677 -0.01757932  0.99868488
8 58 40 726536  0.0268631  -0.1398561   0.97525239
8 58 40 728988  0.00822783 -0.16826296  0.98951387
8 58 40 731514  0.01321173 -0.07801843  1.01143932
8 58 40 733965  0.0303452  -0.05292773  1.02191806
8 58 40 736336  0.02816749 -0.11594677  0.98895502
8 58 40 738788  0.00602627 -0.14652753  0.96719193
8 58 40 741159  0.00585294 -0.06795335  1.0133779 
8 58 40 748502 0.02778101 0.00946641 1.0166502 
8 58 40 757143  0.03403068 -0.10294199  0.97260904
8 58 40 759500  0.00701761 -0.19782329  0.98059511
8 58 40 761915  0.00919843 -0.10455394  1.00472903
8 58 40 781235  0.03331161 -0.03112578  1.02543306
8 58 40 783814  0.03384399 -0.09492016  1.01152992
8 58 40 786319  0.00251198 -0.16108441  0.97003984
8 58 40 805951 -5.69820404e-05 -9.05551910e-02  9.98929024e-01
8 58 40 808959  0.02637506 -0.02330351  1.01223564
8 58 40 811635  0.03162169 -0.09684205  0.9924221 
8 58 40 829133  0.00954437 -0.15523648  0.97891092
8 58 40 831666  0.01039171 -0.08668637  1.00407887
8 58 40 834258  0.03322315 -0.04374385  1.02415895
8 58 40 853079  0.02968001 -0.09244847  1.00792408
8 58 40 855620  0.00795078 -0.14670539  0.96802998
8 58 40 858008  0.00275517 -0.09367156  0.99944329
8 58 40 877255  0.02994227 -0.01010728  1.01662064
8 58 40 879855  0.03269696 -0.07992578  0.99479508
8 58 40 882424  0.0135076  -0.1734755   0.98122025
8 58 40 901256  0.00796676 -0.11286116  0.99781728
8 58 40 903672  0.03269434 -0.03728724  1.02319574
8 58 40 906002  0.03085828 -0.08947992  1.01854205
8 58 40 925626  0.00230455 -0.15183258  0.97404981
8 58 40 928232 -0.00202274 -0.10615468  0.9935782 
8 58 40 930591  0.0278821  -0.01330829  1.01846361
8 58 40 948849  0.03509116 -0.08188343  0.99433422
8 58 40 951219  0.01080489 -0.17589688  0.97883058
8 58 40 953537  0.00743461 -0.11063933  0.99638724
8 58 40 972827  0.03610802 -0.03342366  1.01436067
8 58 40 975205  0.03742194 -0.08377028  1.0106473 
8 58 40 977598  0.00769401 -0.15121245  0.97339582
8 58 40 996776 -2.53200531e-04 -1.00995541e-01  9.93971586e-01
8 58 40 999108  0.0239799  -0.03118849  1.01902962
8 58 41 1401  0.03363252 -0.08478761  0.99585962
8 58 41 20760  0.0169239  -0.14528847  0.97635961
8 58 41 23068  0.01218891 -0.09921169  0.99328923
8 58 41 25350  0.02824116 -0.04981208  1.01768827
8 58 41 44780  0.0305357  -0.08560944  1.0091691 
8 58 41 47307  0.00955415 -0.13841367  0.97598886
8 58 41 49743  0.00149918 -0.10480165  0.99249721
8 58 41 68779  0.02219629 -0.02135944  1.01687145
8 58 41 71345  0.03447747 -0.07102227  0.99206352
8 58 41 73957  0.01544356 -0.17056155  0.97708678
8 58 41 93942  0.01037335 -0.12358427  0.98872948
8 58 41 96534  0.03014898 -0.04544353  1.01417255
8 58 41 99655  0.03512788 -0.07900023  1.01552725
8 58 41 116973  0.01045465 -0.14195442  0.97493148
8 58 41 119767  0.00282121 -0.12113953  0.98543787
8 58 41 122458  0.01547217 -0.02850175  1.01920891
8 58 41 140671  0.03342891 -0.05683708  0.99431634
8 58 41 143198  0.01908922 -0.15630364  0.97599745
8 58 41 145852  0.00713539 -0.13447332  0.99005485
8 58 41 164902  0.02669907 -0.0479598   1.01537395
8 58 41 167690  0.03445292 -0.06616926  1.01840544
8 58 41 170378  0.017869   -0.13411164  0.98192215
8 58 41 189007  0.00201559 -0.12963891  0.98831725
8 58 41 192000  0.01907682 -0.03351665  1.01694298
8 58 41 199951  0.03934026 -0.04475784  0.99590325
8 58 41 212794  0.02661085 -0.14821792  0.97476935
8 58 41 215729  0.01035714 -0.14067483  0.99000955
8 58 41 218520  0.02609158 -0.05440116  1.01803017
8 58 41 236606  0.03634906 -0.06528497  1.01885462
8 58 41 239144  0.02294111 -0.12623787  0.97535825
8 58 41 241742  0.00523782 -0.1330266   0.97523952
8 58 41 260578  0.01195073 -0.04564309  1.02018309
8 58 41 263432  0.03132463 -0.03709412  1.00208855
8 58 41 267926  0.0288415  -0.13841677  0.97733569
8 58 41 285658  0.0140872  -0.14954662  0.98437881
8 58 41 288304  0.02115226 -0.0638442   1.00551295
8 58 41 291112  0.03763747 -0.06140924  1.02034593
8 58 41 308612  0.02464032 -0.12168694  0.98585248
8 58 41 311456  0.00593066 -0.14827442  0.97367001
8 58 41 314269  0.01036882 -0.05380869  1.01221251
8 58 41 332558  0.033952   -0.00717521  0.99762154
8 58 41 335286  0.03123403 -0.13437986  0.97414923
8 58 41 337878  0.00677299 -0.18346429  0.98277092
8 58 41 429520  0.01645637 -0.07824612  1.00540709
8 58 41 432677  0.0410583  -0.0370357   1.02394724
8 58 41 435674  0.02880287 -0.11408329  0.99232793
8 58 41 438735 -7.67707825e-04 -1.51155233e-01  9.62831974e-01
8 58 41 441682  0.00615072 -0.06479239  1.00950098
8 58 41 449347  0.03150415 -0.01429534  1.0113945 
8 58 41 452409  0.02885389 -0.12230682  0.97985339
8 58 41 455229  0.0064373  -0.17043447  0.97758555
8 58 41 457938  0.01670647 -0.07613468  1.00442362
8 58 41 460755  0.03780079 -0.04177308  1.02125144
8 58 41 463708  0.0245645  -0.11044502  0.99669743
8 58 41 466445  7.20262527e-04 -1.51470900e-01  9.69075918e-01
8 58 41 469087  0.00668192 -0.0650475   1.00457644
8 58 41 471561  0.03171754 -0.02411723  1.0083971 
8 58 41 473946  0.02918434 -0.12057757  0.98361158
8 58 41 477255  0.00707006 -0.15898585  0.98271489
8 58 41 479888  0.0159328  -0.07172728  1.00406718
8 58 41 482652  0.03668928 -0.04285932  1.01655078
8 58 41 501455  0.02505016 -0.1117816   0.99419546
8 58 41 504297 -0.00468993 -0.14959812  0.97203898
8 58 41 507126  0.00568104 -0.0664928   1.00383615
8 58 41 525291  0.0318594  -0.02899432  1.00735998
8 58 41 528107  0.02584004 -0.12095833  0.98797584
8 58 41 531547  0.00839138 -0.15139532  0.97995377
8 58 41 550642  0.01531458 -0.07265639  1.00121832
8 58 41 554012  0.03464127 -0.05340719  1.01711011
8 58 41 556811  0.02633977 -0.10946536  0.99233985
8 58 41 573214  4.83274460e-04 -1.47736788e-01  9.76090431e-01
8 58 41 576411  0.00350475 -0.07586312  1.00719833
8 58 41 579212  0.02279544 -0.03468323  1.00942397
8 58 41 600753  0.02606416 -0.1095376   0.984303  
8 58 41 603862  0.00962925 -0.14670634  0.9828105 
8 58 41 606893  0.01511002 -0.07855988  0.99998713
8 58 41 621338  0.02910876 -0.05529165  1.02036858
8 58 41 623880  0.02626729 -0.09987307  0.99299693
8 58 41 627441  0.00776339 -0.14129472  0.97360587
8 58 41 645465  0.00315571 -0.08929253  1.00432992
8 58 41 653252  0.01684523 -0.03242731  1.01461601
8 58 41 656146  0.02793241 -0.09161353  0.99168205
8 58 41 669278  0.01995921 -0.14431381  0.97948623
8 58 41 671933  0.01121068 -0.09941769  0.99923086
8 58 41 674527  0.02055764 -0.06264734  1.02045345
8 58 41 696259  0.02590203 -0.08790421  1.00306845
8 58 41 698944  0.01865125 -0.12843537  0.97530508
8 58 41 701686  0.0034399  -0.12231493  0.9930687 
8 58 41 717087  0.011554   -0.03493166  1.02594733
8 58 41 719895  0.03612947 -0.01956701  0.99710846
8 58 41 722562  0.03307676 -0.14377689  0.9737339 
8 58 41 748464  0.00505376 -0.17404866  0.99520135
8 58 41 751206  0.00926495 -0.08002377  1.01306605
8 58 41 755786  0.02912307 -0.05478311  1.01898074
8 58 41 764878  0.02705288 -0.11132073  0.98458886
8 58 41 768833  0.00466847 -0.14525127  0.97299433
8 58 41 771264  0.0026598  -0.07808471  1.01211524
8 58 41 790978  0.02371907 -0.0185616   1.01302695
8 58 41 799610  0.03531194 -0.090837    0.97759557
8 58 41 807605  0.0171051  -0.15961623  0.98211479
8 58 41 812981  0.00887346 -0.10249019  1.00494003
8 58 41 815869  0.0257206  -0.05669641  1.02246881
8 58 41 818954  0.03002572 -0.09281635  1.00262642
8 58 41 836767  0.01413679 -0.14195848  0.97286391
8 58 41 839516  0.00179529 -0.11302328  0.99517846
8 58 41 848098  0.01568389 -0.03342152  1.0156548 
8 58 41 861212  0.03170085 -0.05223846  0.99263024
8 58 41 863942  0.02425289 -0.13816237  0.97576094
8 58 41 866779  0.00972676 -0.13038015  0.99477267
8 58 41 884739  0.01571345 -0.06792474  1.0222249 
8 58 41 887498  0.02323294 -0.07932162  1.01369715
8 58 41 893029  0.0188241  -0.12621379  0.97598076
8 58 41 909023  0.00472951 -0.14111376  0.97740412
8 58 41 911721  0.00551939 -0.05715561  1.02193952
8 58 41 914668  0.02788901 -0.00168085  1.01351666
8 58 41 932583  0.03500533 -0.11052585  0.97910047
8 58 41 935275  0.01102185 -0.18179083  0.98515439
8 58 41 937956  0.01224256 -0.095716    1.00292802
8 58 41 956682  0.02918839 -0.04835749  1.02530813
8 58 41 959468  0.02876472 -0.10060596  1.00406098
8 58 41 962157  0.0054059  -0.15285349  0.97171712
8 58 41 980471 -0.0014236  -0.0967195   1.00346255
8 58 41 982895  0.02034593 -0.00774002  1.02178025
8 58 41 985293  0.03338218 -0.07316327  0.98291063
8 58 42 4973  0.0141995  -0.18005753  0.97305679
8 58 42 7990  0.00633287 -0.12359571  1.00153136
8 58 42 11640  0.02918506 -0.04301047  1.01980138
8 58 42 51655  0.03406382 -0.0802834   1.01128674
8 58 42 54308  0.00738883 -0.14878273  0.97179985
8 58 42 56758 -0.00304627 -0.11477661  0.99514341
8 58 42 125440  0.02091336 -0.00938201  1.0243175 
8 58 42 128065  0.03679252 -0.0553689   0.99401069
8 58 42 130743  0.0141418  -0.17401695  0.9717288 
8 58 42 133736  0.00148916 -0.136168    0.99448228
8 58 42 136451  0.02598977 -0.03917146  1.0214107 
8 58 42 139140  0.03336382 -0.07455468  1.02569127
8 58 42 141899  0.00935864 -0.15046668  0.9768374 
8 58 42 149695 -0.00532389 -0.11887383  0.9797678 
8 58 42 152525  0.01954889 -0.01817846  1.01829243
8 58 42 155305  0.03531981 -0.06522632  0.99995279
8 58 42 158376  0.01115036 -0.17213869  0.9708178 
8 58 42 187794  0.00445223 -0.12642622  0.98852754
8 58 42 190745  0.03334022 -0.03248358  1.01518083
8 58 42 199394  0.03584719 -0.07686877  1.02000403
8 58 42 202245  0.00452423 -0.15772724  0.97711182
8 58 42 205102 -0.0073483  -0.11371446  0.98646832
8 58 42 207874  0.02308965 -0.01824427  1.01459455
8 58 42 210590  0.0332489  -0.08385324  0.99460149
8 58 42 213377  0.00762343 -0.16971087  0.97624564
8 58 42 215980  0.00700569 -0.10653448  0.98864818
8 58 42 218829  0.0336287  -0.03141546  1.01478505
8 58 42 221567  0.03032017 -0.08731079  1.01162076
8 58 42 249622  0.00178719 -0.15199542  0.97412086
8 58 42 252429 -0.0056231  -0.09663987  0.99281716
8 58 42 255310  0.02690911 -0.01667047  1.01513243
8 58 42 258271  0.03340292 -0.09586453  0.99484229
8 58 42 262343  0.00425243 -0.17298079  0.98250365
8 58 42 269795  0.00836468 -0.09756637  0.98928094
8 58 42 273077  0.03620291 -0.03548121  1.01166749
8 58 42 276515  0.02812481 -0.09585285  1.00956917
8 58 42 298657 -4.07695770e-04 -1.52725220e-01  9.73337412e-01
8 58 42 301320  1.37567520e-04 -8.71250629e-02  9.98742342e-01
8 58 42 304144  0.02432966 -0.04194975  1.01250386
8 58 42 317285  0.02369738 -0.10471416  0.99837875
8 58 42 320375  0.00828147 -0.139925    0.98081827
8 58 42 323783  0.01262951 -0.08129215  0.99565983
8 58 42 341668  0.02876616 -0.05032468  1.01310778
8 58 42 345157  0.0245142  -0.09586334  0.99877357
8 58 42 354103  0.0033319  -0.14237785  0.97271824
8 58 42 365591  0.00281525 -0.09142971  1.00210857
8 58 42 368902  0.01736999 -0.03309345  1.01546574
8 58 42 372153  0.0290525  -0.09332681  0.99561143
8 58 42 388859  0.0162468  -0.15203071  0.9868288 
8 58 42 391457  0.01092529 -0.10167551  0.99762821
8 58 42 400441  0.02150869 -0.05537391  1.01841307
8 58 42 413030  0.02733803 -0.09030414  1.00713968
8 58 42 416320  0.01198387 -0.13635135  0.97392082
8 58 42 419648 -5.28812408e-04 -1.15893841e-01  9.95246172e-01
8 58 42 436984  0.01011682 -0.04023218  1.02058744
8 58 42 440007  0.02676916 -0.06795049  0.99995875
8 58 42 448818  0.02246475 -0.13416052  0.98443866
8 58 42 461423  0.00907874 -0.1160512   0.99210835
8 58 42 464761  0.01694107 -0.06470299  1.0161016 
8 58 42 468924  0.02582431 -0.07543921  1.01568532
8 58 42 485190  0.0245645  -0.11339474  0.98082113
8 58 42 488829  0.0121007  -0.13626623  0.98312616
8 58 42 492075  0.00166941 -0.07907295  1.01849222
8 58 42 509124  0.02232671 -0.0153091   1.00550127
8 58 42 512253  0.03385925 -0.08231997  0.98157406
8 58 42 515326  0.01520801 -0.16511393  0.98495436
8 58 42 532861  0.00768542 -0.12263012  1.00545096
8 58 42 535794  0.01558447 -0.0638144   1.02130151
8 58 42 538505  0.02693987 -0.08671117  1.00080132
8 58 42 556953  0.01963735 -0.13507748  0.97118616
8 58 42 559548  6.36100769e-04 -1.31659746e-01  9.90321398e-01
8 58 42 562532  0.00858855 -0.0427444   1.02236152
8 58 42 580879  0.03171229 -0.00782132  0.99814129
8 58 42 583583  0.03339124 -0.12141728  0.97285318
8 58 42 586497  0.00913787 -0.17567444  0.99511433
8 58 42 605117  0.00859809 -0.09481025  1.01445961
8 58 42 608486  0.02727199 -0.05590153  1.01899433
8 58 42 612038  0.02846837 -0.10976863  0.99135041
8 58 42 628577  0.00985503 -0.15082049  0.97150803
8 58 42 631489  0.00202751 -0.09277058  1.0037117 
8 58 42 635454  0.02028584 -0.0061636   1.01884818
8 58 42 652584  0.03641462 -0.06232762  0.98033476
8 58 42 655557  0.01750851 -0.16814566  0.97951841
8 58 42 658232  0.00727844 -0.12849212  1.00242758
8 58 42 676629  0.01943564 -0.05688047  1.02426171
8 58 42 679458  0.02670145 -0.08423996  1.00719714
8 58 42 681925  0.01394367 -0.14367557  0.97214961
8 58 42 700576  0.00107026 -0.130059    0.9869976 
8 58 42 703502  0.01219106 -0.03506875  1.02601218
8 58 42 706435  0.02847672 -0.0348742   1.0062027 
8 58 42 773561  0.02817416 -0.12969661  0.97533202
8 58 42 776469  0.0069263  -0.14538193  0.99248147
8 58 42 779110  0.01733041 -0.07282329  1.01724339
8 58 42 781610  0.02762222 -0.07198358  1.02274132
8 58 42 783950  0.02190328 -0.13033962  0.98254848
8 58 42 786318  0.00313091 -0.14932632  0.97186685
8 58 42 788803  0.0071156  -0.06558323  1.01633739
8 58 42 796258  0.02935171 -0.01444292  1.01413965
8 58 42 799538  0.03525782 -0.10264277  0.97689152
8 58 42 802268  0.01000285 -0.1651392   0.98530006
8 58 42 804936  0.01240087 -0.08761501  1.00558114
8 58 42 807550  0.02781487 -0.0522511   1.02467799
8 58 42 821299  0.02877903 -0.10464239  0.99665284
8 58 42 824187  0.00528336 -0.15263748  0.9673593 
8 58 42 826838  0.00127363 -0.09192419  1.00375938
8 58 42 849143  0.0236547  -0.00691414  1.01944804
8 58 42 852408  0.03372598 -0.08133626  0.98213291
8 58 42 855623  0.01081133 -0.17741966  0.97172976
8 58 42 869338  0.01055145 -0.11202478  0.99560595
8 58 42 871808  0.02732682 -0.04103613  1.02796698
8 58 42 874369  0.03276777 -0.08653879  1.00820661
8 58 42 898000  0.00785351 -0.15377307  0.96494436
8 58 42 900773  2.47716904e-04 -1.06749535e-01  9.90375519e-01
8 58 42 903426  0.02299953 -0.01746798  1.02148247
8 58 42 917646  0.03377342 -0.07319307  0.99069977
8 58 42 920457  0.01536536 -0.16800046  0.97002029
8 58 42 923903  0.00687289 -0.11486387  0.99294424
8 58 42 949027  0.03215957 -0.03971243  1.02164984
8 58 42 951760  0.03283477 -0.080832    1.01374674
8 58 42 957364  0.00922537 -0.14643717  0.96982408
8 58 42 965121  3.03030014e-04 -1.10486269e-01  9.87679720e-01
8 58 42 967862  0.0235498  -0.01512504  1.02167153
8 58 42 970363  0.03230071 -0.06620121  0.99285507
8 58 42 989857  0.01148462 -0.17494512  0.97226143
8 58 42 998746  0.00537467 -0.12435961  0.98920965
8 58 43 1572  0.0326426  -0.03723121  1.01565576
8 58 43 13157  0.03247285 -0.07826567  1.01696706
8 58 43 15855  0.00947762 -0.15056753  0.97213411
8 58 43 18726 -0.00199652 -0.10887623  0.9835012 
8 58 43 36956  0.02714086 -0.00867581  1.01592302
8 58 43 39436  0.03407168 -0.07027578  0.9905169 
8 58 43 42197  0.01110578 -0.18396354  0.97253227
8 58 43 61407  0.0056982  -0.11876583  0.98946309
8 58 43 64198  0.03748965 -0.02556586  1.01486444
8 58 43 66942  0.03445387 -0.07819128  1.01587939
8 58 43 87447  0.00207782 -0.15263581  0.97512579
8 58 43 90256 -0.00193357 -0.09713769  0.9866612 
8 58 43 98513  0.03270197 -0.00252318  1.01526022
8 58 43 108814  0.03401875 -0.0899334   0.99262309
8 58 43 111636  0.00394964 -0.18573141  0.9749248 
8 58 43 114394  0.00673413 -0.10324597  0.98737836
8 58 43 132879  0.04151201 -0.02296209  1.01219487
8 58 43 135495  0.03022146 -0.09417963  1.01538634
8 58 43 138325 -0.00476813 -0.15599275  0.97264409
8 58 43 156809  0.00329828 -0.07715249  0.9924705 
8 58 43 159435  0.03786778 -0.0244472   1.00785446
8 58 43 161970  0.03115249 -0.11815763  0.99388003
8 58 43 180986  0.00694776 -0.15525126  0.9787941 
8 58 43 183686  0.01714921 -0.0674448   0.99647641
8 58 43 186329  0.04957819 -0.04069924  1.01294756
8 58 43 204907  0.02785945 -0.11711049  0.995996  
8 58 43 207824 -0.00282955 -0.14602494  0.97461987
8 58 43 210748  0.00812721 -0.06010723  1.00136876
8 58 43 229499  0.03833485 -0.04185462  1.00565314
8 58 43 232183  0.0237112  -0.13131738  0.98509908
8 58 43 235080  0.00391865 -0.13638234  0.98695898
8 58 43 252690  0.02278924 -0.0605917   1.00425315
8 58 43 255448  0.03878832 -0.05656862  1.011518  
8 58 43 258196  0.01955628 -0.12469244  0.98540092
8 58 43 276665 -0.00219011 -0.13758349  0.9822228 
8 58 43 279383  0.01363087 -0.04953456  1.01038909
8 58 43 281936  0.03739023 -0.04669189  1.00236392
8 58 43 300639  0.020226   -0.14411902  0.98566985
8 58 43 303336  0.00775504 -0.14070535  0.98649597
8 58 43 305885  0.0237298  -0.06002569  1.00488806
8 58 43 324510  0.03594065 -0.06060696  1.01328135
8 58 43 327111  0.02221084 -0.12740374  0.97872472
8 58 43 329854  0.00382781 -0.13315344  0.97932434
8 58 43 397618  0.01238704 -0.04703569  1.01419568
8 58 43 400176  0.03424025 -0.04014087  1.00639129
8 58 43 402840  0.02796292 -0.13833308  0.98330021
8 58 43 405629  0.01222825 -0.14441109  0.98641706
8 58 43 408724  0.02230358 -0.06675005  1.00899529
8 58 43 411477  0.03066802 -0.0626421   1.02220106
8 58 43 414213  0.02240109 -0.12400627  0.98248339
8 58 43 417238  0.00604844 -0.14265251  0.97317338
8 58 43 420406  0.01020885 -0.05485868  1.01627254
8 58 43 449845  0.03221726 -0.01888037  1.00771332
8 58 43 452642  0.02677321 -0.13395524  0.97612524
8 58 43 456069  0.00527787 -0.17823529  0.98821044
8 58 43 459445  0.01392579 -0.08106661  1.00997901
8 58 43 462293  0.03455544 -0.04492497  1.02203608
8 58 43 465773  0.0258956  -0.11325765  0.99347138
8 58 43 469755  0.00349927 -0.15126967  0.96876955
8 58 43 472876  0.00451684 -0.0682838   1.01084208
8 58 43 476002  0.02956605 -0.0244751   1.01465178
8 58 43 498312  0.03098631 -0.11927676  0.98093462
8 58 43 501077  0.0094192  -0.16558242  0.98199439
8 58 43 504056  0.01677966 -0.08467531  1.00858378
8 58 43 517179  0.03598046 -0.05034947  1.02929139
8 58 43 519684  0.02763486 -0.10999179  0.99512529
8 58 43 522523  0.00490236 -0.15335822  0.96835804
8 58 43 548821  0.00478601 -0.07994008  1.00303435
8 58 43 551791  0.02935481 -0.02221656  1.0122304 
8 58 43 555949  0.03254104 -0.10687947  0.97876167
8 58 43 565697  0.00990009 -0.1643374   0.97805572
8 58 43 569556  0.01002145 -0.09276915  1.00151205
8 58 43 572301  0.03057766 -0.04808283  1.02425289
8 58 43 590388  0.02724552 -0.10284805  0.99940729
8 58 43 593281  0.00667214 -0.1528883   0.95935583
8 58 43 596158 -4.75645065e-04 -9.31520462e-02  9.93419409e-01
8 58 43 613208  0.02037477 -0.01782036  1.01940155
8 58 43 616122  0.0304265  -0.08872318  0.98851967
8 58 43 619089  0.00882578 -0.17120957  0.97800589
8 58 43 637825  0.01038837 -0.10954595  0.99690437
8 58 43 640457  0.02715135 -0.04890919  1.02212858
8 58 43 648479  0.0282402  -0.09263515  1.00648952
8 58 43 661788  0.00375104 -0.15154743  0.97236037
8 58 43 667374 -0.0022881  -0.10788274  0.99764633
8 58 43 670336  0.01849508 -0.0302124   1.01594377
8 58 43 686479  0.03161764 -0.07363701  0.99613214
8 58 43 689407  0.01536107 -0.15101743  0.98088312
8 58 43 692260  0.0073576  -0.11276484  0.99700665
8 58 43 709078  0.02330589 -0.05301142  1.02126169
8 58 43 711750  0.02706575 -0.08307528  1.0080328 
8 58 43 714679  0.01525307 -0.13676906  0.97647357
8 58 43 733061 -1.35898590e-04 -1.23804808e-01  9.91120577e-01
8 58 43 735823  0.0098877  -0.02637434  1.02495837
8 58 43 738698  0.03177214 -0.04111481  0.99741864
8 58 43 757042  0.0201447  -0.16091394  0.97105598
8 58 43 759918  0.00310421 -0.15873933  0.98884821
8 58 43 762386  0.02138686 -0.06050134  1.01510549
8 58 43 780897  0.03289366 -0.06379271  1.02137423
8 58 43 783737  0.01773572 -0.13771963  0.98331738
8 58 43 786617 -0.00168371 -0.14523625  0.97660422
8 58 43 804845  0.01165915 -0.05062175  1.01504326
8 58 43 807738  0.03293705 -0.04262376  1.00379181
8 58 43 811266  0.02925038 -0.136096    0.97308397
8 58 43 828957  0.01077414 -0.14768457  0.99019384
8 58 43 831843  0.02311516 -0.07082653  1.01102948
8 58 43 834663  0.03290963 -0.06483126  1.0158658 
8 58 43 852967  0.02301264 -0.12383652  0.98393512
8 58 43 855926  0.00263166 -0.14976072  0.97426581
8 58 43 858945  0.00419283 -0.06199527  1.01517558
8 58 43 876857  0.03135419 -0.0146215   1.00333095
8 58 43 879575  0.02896976 -0.12380147  0.97541404
8 58 43 882460  0.0071516  -0.18554258  0.98013282
8 58 43 901627  0.01560855 -0.09056163  1.00390005
8 58 43 904655  0.03500223 -0.05060458  1.02100778
8 58 43 907722  0.02445698 -0.11478424  0.99482369
8 58 43 925046 -0.00115752 -0.16036224  0.96535087
8 58 43 928043  0.00203109 -0.0769372   1.00465798
8 58 43 930998  0.0304656  -0.02028108  1.01015878
8 58 43 949204  0.02751589 -0.1207335   0.97917914
8 58 43 951773  0.00475478 -0.17575741  0.98154855
8 58 43 954242  0.0135026  -0.08327198  1.00169182
8 58 43 972643  0.03727269 -0.04261541  1.01832604
8 58 43 975278  0.02354956 -0.11050701  0.99589634
8 58 43 978015 -0.00415754 -0.15631509  0.97288322
8 58 43 999135 -0.00249696 -0.08395076  1.00525022
8 58 44 2363  0.02446771 -0.03654051  1.00718808
8 58 44 5346  0.02461576 -0.11259151  0.98415327
8 58 44 20681  0.00578165 -0.14799285  0.98159122
8 58 44 23502  0.01259065 -0.08086872  1.00055933
8 58 44 26196  0.02834368 -0.05402541  1.02248096
8 58 44 117527  0.02136707 -0.10735798  0.99995947
8 58 44 120119  5.62191010e-04 -1.50599003e-01  9.67536211e-01
8 58 44 122809 -0.00329471 -0.08639789  0.99985194
8 58 44 125361  0.01933885 -0.02010465  1.01520824
8 58 44 127936  0.02560639 -0.09935665  0.98345256
8 58 44 130478  0.00818372 -0.17712545  0.98046279
8 58 44 133062  0.0065999  -0.11013007  0.9967382 
8 58 44 135782  0.02751923 -0.04801321  1.0151279 
8 58 44 138465  0.02801943 -0.09667921  1.00685883
8 58 44 141218  0.00325656 -0.15398765  0.97054863
8 58 44 143829 -0.00184107 -0.10601592  0.99125528
8 58 44 146537  0.01842594 -0.01166916  1.02084732
8 58 44 155430  0.02856278 -0.07683921  0.98465323
8 58 44 157956  0.00697231 -0.18842888  0.97441006
8 58 44 160429  0.00497389 -0.12802482  0.98946404
8 58 44 165159  0.0278616  -0.03966308  1.01485014
8 58 44 167814  0.03363681 -0.08108759  1.0123806 
8 58 44 170256  0.00427485 -0.15439773  0.97151279
8 58 44 189231 -0.00193119 -0.11291504  0.9905827 
8 58 44 191742  0.02244997 -0.01784849  1.01753926
8 58 44 200503  0.03535151 -0.07666254  0.99204469
8 58 44 213185  0.01002598 -0.18032908  0.97066283
8 58 44 215713 -3.91483307e-04 -1.27284288e-01  9.95340824e-01
8 58 44 218800  0.02780128 -0.04154229  1.02253008
8 58 44 237207  0.0326581  -0.08518481  1.01922727
8 58 44 239686  0.00205731 -0.15825653  0.97105932
8 58 44 247155 -0.006675   -0.11418772  0.98615313
8 58 44 261079  0.02290463 -0.03813386  1.01482844
8 58 44 263541  0.0298171  -0.08896589  0.99657035
8 58 44 265908  0.01231909 -0.14891267  0.97717643
8 58 44 285278  0.00934815 -0.10201216  0.99059653
8 58 44 287990  0.02640343 -0.05093551  1.01475596
8 58 44 290671  0.02918291 -0.09323668  1.00930953
8 58 44 309208  0.00917387 -0.14698839  0.97097969
8 58 44 311987 -0.00306416 -0.11643529  0.98898005
8 58 44 314608  0.01564074 -0.03004241  1.01315498
8 58 44 333054  0.0336132  -0.07259345  0.99183893
8 58 44 335671  0.01642108 -0.16990376  0.98038197
8 58 44 338190  0.00790739 -0.13251901  0.99302244
8 58 44 357208  0.02696991 -0.05519629  1.0130868 
8 58 44 359874  0.03261137 -0.0818212   1.01681995
8 58 44 362578  0.01516867 -0.14925385  0.97415328
8 58 44 380945 -0.0017662  -0.13163972  0.98233581
8 58 44 383356  0.0171268  -0.03242564  1.02447152
8 58 44 385842  0.03256488 -0.05780864  0.99556541
8 58 44 405401  0.02050781 -0.17101264  0.97257495
8 58 44 409074  0.00523233 -0.14887166  0.98928094
8 58 44 411848  0.02294159 -0.05904198  1.01377344
8 58 44 429092  0.03187633 -0.0713861   1.01652789
8 58 44 431635  0.01868844 -0.14334154  0.9789269 
8 58 44 434043  0.00149179 -0.13579488  0.98281097
8 58 44 452899  0.01565218 -0.04233313  1.02096725
8 58 44 455494  0.03320861 -0.04966426  0.997931  
8 58 44 457928  0.02174473 -0.15436983  0.97523284
8 58 44 476807  0.00675011 -0.14828396  0.98788953
8 58 44 479334  0.02127886 -0.06370616  1.013026  
8 58 44 481915  0.03335333 -0.06942844  1.01903725
8 58 44 501220  0.02051806 -0.13702035  0.98219585
8 58 44 504727 -6.93082809e-04 -1.44524813e-01  9.72869158e-01
8 58 44 507316  0.0107708  -0.04698873  1.01821136
8 58 44 525050  0.03619552 -0.0341568   1.00925016
8 58 44 527546  0.02800274 -0.15157819  0.97368431
8 58 44 529873  0.01067996 -0.17402768  0.98413253
8 58 44 550024  0.02033281 -0.07922435  1.00952458
8 58 44 552493  0.04179525 -0.06062341  1.02150583
8 58 44 555748  0.02620983 -0.13110328  0.98776793
8 58 44 572720  0.00440788 -0.15440726  0.97384167
8 58 44 575210  0.01848936 -0.06449962  1.01395011
8 58 44 577579  0.04074121 -0.0458498   1.00340247
8 58 44 602895  0.03423834 -0.13527322  0.98151779
8 58 44 605540  0.01983142 -0.14875746  0.98591208
8 58 44 607998  0.02967    -0.0699873   1.00647736
8 58 44 620795  0.04694033 -0.0586791   1.02111888
8 58 44 623303  0.03755927 -0.11790419  0.98419261
8 58 44 625966  0.01312041 -0.14611554  0.97105527
8 58 44 644750  0.01734781 -0.06987977  1.01369667
8 58 44 654521  0.03784442 -0.02699184  1.00932693
8 58 44 657085  0.03639507 -0.11591458  0.98252225
8 58 44 669064  0.02257657 -0.16428065  0.98039556
8 58 44 671933  0.02172399 -0.09222174  1.00462985
8 58 44 674421  0.04033065 -0.05500364  1.02230859
8 58 44 698199  0.03500223 -0.10967255  0.99861693
8 58 44 700869  0.01274014 -0.15197325  0.97251606
8 58 44 703737  0.01160502 -0.07987595  1.00968671
8 58 44 716481 0.03570724 0.00863981 1.01797128
8 58 44 718919  0.04026008 -0.10264778  0.98299479
8 58 44 721339  0.01291132 -0.20094013  0.98320055
8 58 44 747794  0.01251769 -0.11047196  0.99915504
8 58 44 750524  0.04326272 -0.02793455  1.0234108 
8 58 44 753332  0.03675961 -0.09573364  1.0121603 
8 58 44 764390  0.00325632 -0.16491675  0.96767545
8 58 44 767014  0.00499153 -0.09840298  0.99621558
8 58 44 769695  0.03144908 -0.03184271  1.01629925
8 58 44 861457  0.03181243 -0.09583926  0.99158812
8 58 44 864081  0.01538301 -0.16029549  0.97405767
8 58 44 866924  0.01401377 -0.09991741  0.99595237
8 58 44 869609  0.03519154 -0.04599547  1.02417827
8 58 44 872107  0.03311324 -0.09774208  1.00744247
8 58 44 874502  0.00841165 -0.15048289  0.97439551
8 58 44 876924  0.00430202 -0.09797454  1.00072122
8 58 44 879577  0.02985692 -0.00760961  1.01772094
8 58 44 882411  0.03523135 -0.08943939  0.99103165
8 58 44 885005  0.00960803 -0.18737125  0.98401761
8 58 44 887345  0.00536633 -0.11635542  1.00303388
8 58 44 889843  0.03727579 -0.0349977   1.02480602
8 58 44 892502  0.03240299 -0.09333992  1.02314186
8 58 44 900817  0.0042758  -0.16186237  0.9742682 
8 58 44 903958 -1.95026398e-04 -1.05277777e-01  9.96760130e-01
8 58 44 909463  0.02873778 -0.01693535  1.02741098
8 58 44 912249  0.03524923 -0.08167076  1.00030065
8 58 44 915158  0.01094365 -0.17385578  0.98416543
8 58 44 933938  0.01354241 -0.11267948  1.00221753
8 58 44 936636  0.04126167 -0.0373199   1.01859736
8 58 44 939428  0.04059243 -0.08914638  1.01344991
8 58 44 957214  0.01211309 -0.16145325  0.98124099
8 58 44 959783  0.00384188 -0.10981226  1.00087833
8 58 44 962334  0.03097343 -0.02158237  1.01860166
8 58 44 981329  0.04048038 -0.09364438  0.99338651
8 58 44 983679  0.0140779  -0.17911243  0.98228669
8 58 44 986115  0.01300526 -0.11173987  0.99175119
8 58 45 5262  0.04342484 -0.04833555  1.0142777 
8 58 45 8177  0.04019737 -0.10527682  1.0045464 
8 58 45 11161  0.00949645 -0.16793537  0.96639371
8 58 45 29085  0.00850272 -0.10963225  0.98383951
8 58 45 31718  0.0348053  -0.04396129  1.00932813
8 58 45 34367  0.04370904 -0.11018682  0.99554825
8 58 45 52866  0.0215838  -0.16777205  0.97342134
8 58 45 55579  0.02290988 -0.10830569  0.99123001
8 58 45 58302  0.04168749 -0.05662727  1.01421523
8 58 45 77035  0.0377543  -0.09996796  0.99840808
8 58 45 79601  0.01550412 -0.15086341  0.96361089
8 58 45 82219  0.00458765 -0.1093061   0.99057126
8 58 45 101183  0.0255003  -0.03387809  1.00985384
8 58 45 104032  0.03467655 -0.08259034  0.98789334
8 58 45 106728  0.01721358 -0.15398812  0.98706913
8 58 45 124893  0.01813579 -0.10947013  0.99912977
8 58 45 127385  0.03375983 -0.05356812  1.02007866
8 58 45 129770  0.0397706  -0.0809021   1.01239562
8 58 45 149129  0.02638125 -0.13222623  0.97914791
8 58 45 151751  0.01245093 -0.12357569  0.99513984
8 58 45 154398  0.01714301 -0.03970885  1.02994561
8 58 45 172843  0.03721595 -0.03877807  1.00344253
8 58 45 175246  0.03048253 -0.13347697  0.97687578
8 58 45 177578  0.01122069 -0.14653444  0.98518014
8 58 45 196976  0.0153842  -0.07067132  1.01547909
8 58 45 199750  0.02819371 -0.06246948  1.01868892
8 58 45 202492  0.02600503 -0.11230493  0.98699188
8 58 45 220938  0.0096693  -0.14098382  0.97630548
8 58 45 247636  0.00473475 -0.07010674  1.0202868 
8 58 45 250107  0.02536273 -0.01644778  1.01363111
8 58 45 252719  0.03495336 -0.09255576  0.98355651
8 58 45 259759  0.01383185 -0.16630173  0.98666239
8 58 45 262153  0.00852728 -0.10375786  1.01038051
8 58 45 268453  0.02679324 -0.05088043  1.02584195
8 58 45 270905  0.03153944 -0.09266496  0.99987864
8 58 45 273295  0.01299071 -0.14426279  0.96874428
8 58 45 296767  8.78810883e-04 -1.05967999e-01  9.95799541e-01
8 58 45 299281  0.01356769 -0.01761484  1.01813102
8 58 45 301597  0.03396034 -0.05277443  0.98859215
8 58 45 316685  0.02143574 -0.16241789  0.97664523
8 58 45 319001  0.00633574 -0.13813663  0.99586201
8 58 45 321478  0.01787496 -0.07012534  1.02487969
8 58 45 348140  0.02728128 -0.082582    1.01884842
8 58 45 350653  0.01129842 -0.13959455  0.97757101
8 58 45 353157 -0.00205588 -0.14043546  0.98085499
8 58 45 364833  0.00507164 -0.04818273  1.01929283
8 58 45 367551  0.02968812 -0.01421523  1.00055265
8 58 45 369943  0.03068423 -0.12606573  0.96952534
8 58 45 388619  0.00984883 -0.16321921  0.9890523 
8 58 45 391157  0.01760435 -0.07215238  1.01305199
8 58 45 398702  0.03770113 -0.05097008  1.02511597
8 58 45 412598  0.03425717 -0.11666059  0.99155045
8 58 45 415316  0.01337862 -0.15163541  0.96619821
8 58 45 417965  0.01312017 -0.07343006  1.01122761
8 58 45 436589  0.03588891 -0.01212668  1.01869249
8 58 45 439166  0.04335976 -0.09300566  0.98338366
8 58 45 463769  0.02238798 -0.16443563  0.98063469
8 58 45 493697  0.02193403 -0.09849572  1.00312448
8 58 45 548162  0.03466582 -0.05156493  1.02784491
8 58 45 579717  0.03259087 -0.10102034  1.00509357
8 58 45 582244  0.01160169 -0.15767121  0.96772695
8 58 45 584988  0.00279546 -0.10560846  0.99622464
8 58 45 587580  0.02299118 -0.00865626  1.01884246
8 58 45 589898  0.03191972 -0.0691154   0.9886291 
8 58 45 598372  0.01438379 -0.17595267  0.97184563
8 58 45 611612  0.00553536 -0.12747407  0.99367738
8 58 45 614052  0.02713132 -0.04423094  1.02324438
8 58 45 616612  0.0312047  -0.08459902  1.01554537
8 58 45 619083  0.01106334 -0.15321255  0.97420478
8 58 45 626923  5.73635101e-04 -1.27274513e-01  9.86152411e-01
8 58 45 629913  0.01879263 -0.02966595  1.02132535
8 58 45 632313  0.03156662 -0.05651307  0.9971633 
8 58 45 634762  0.01820612 -0.16007161  0.97142792
8 58 45 637308  0.00565362 -0.13516712  0.98617649
8 58 45 639664  0.02844334 -0.05108476  1.01519322
8 58 45 646455  0.03372335 -0.07444906  1.01817203
8 58 45 658241  0.01350808 -0.1453445   0.97877789
8 58 45 660885 -4.85897064e-04 -1.32258892e-01  9.80545282e-01
8 58 45 663749  0.01750875 -0.02718019  1.02519679
8 58 45 666183  0.03552866 -0.0439961   1.00257826
8 58 45 668672  0.0156467  -0.17162275  0.97648168
8 58 45 671231  9.22679901e-04 -1.53816700e-01  9.88788128e-01
8 58 45 678080  0.02250862 -0.04731894  1.0171566 
8 58 45 680576  0.03857541 -0.05964804  1.02392936
8 58 45 682986  0.01310325 -0.14416313  0.98073149
8 58 45 686580 -0.0026083  -0.13516283  0.97646356
8 58 45 689122  0.02065444 -0.03184938  1.01570058
8 58 45 703811  0.03855562 -0.05287671  0.99989128
8 58 45 706282  0.01958251 -0.1563375   0.97224426
8 58 45 708855  0.00593233 -0.14020371  0.9769609 
8 58 45 727416  0.02779675 -0.05058289  1.00588465
8 58 45 730404  0.03881884 -0.0691359   1.01730776
8 58 45 732832  0.01588988 -0.14751649  0.97666764
8 58 45 767004 -0.0057869  -0.13651824  0.97913432
8 58 45 787184  0.01520181 -0.05537915  1.01254034
8 58 45 837185  0.02850842 -0.08067608  0.99886632
8 58 45 877502  0.01488948 -0.1440208   0.98126173
8 58 45 896559  0.00428367 -0.11517406  0.98419213
8 58 45 948107  0.01891565 -0.06342292  1.01163816
8 58 45 995021  0.02546883 -0.08836937  1.01614428
8 58 46 45140  0.01412511 -0.13655567  0.97786736
8 58 46 105081 -0.00204444 -0.14434791  0.98082495
8 58 46 161505  0.0044117  -0.04777646  1.01846981
8 58 46 201217  0.02876997 -0.03556085  1.0032475 
8 58 46 245401  0.01780534 -0.16789198  0.97994065
8 58 46 300873 -6.76870346e-04 -1.89458609e-01  9.83635187e-01
8 58 46 349460  0.00661445 -0.08328867  1.00505424
8 58 46 396270  0.03032517 -0.06227756  1.01945162
8 58 46 442152  0.01652384 -0.13410664  0.99106669
8 58 46 489120 -0.01104736 -0.1611042   0.96879482
8 58 46 524244 -0.00124407 -0.07600546  1.00270391
8 58 46 551158  0.02283549 -0.05086899  1.00154042
8 58 46 553683  0.01918936 -0.13131475  0.97511077
8 58 46 556087 -0.0065856  -0.15368104  0.97508955
8 58 46 558494  0.00548673 -0.08114314  0.99900889
8 58 46 560874  0.02265167 -0.0666461   1.01381898
8 58 46 563327  0.0163691  -0.11747026  0.9856534 
8 58 46 565679 -0.00985146 -0.15708876  0.96804833
8 58 46 568060 -0.00398803 -0.08358169  1.00994134
8 58 46 578832  0.02414322 -0.01965499  1.01309967
8 58 46 581259  0.02539897 -0.11237597  0.97911406
8 58 46 583724  1.28984451e-04 -1.95659876e-01  9.75348473e-01
8 58 46 586162  0.00186419 -0.11660385  0.99938798
8 58 46 588551  0.02722383 -0.05227709  1.02354336
8 58 46 590868  0.02353859 -0.10469437  1.00516844
8 58 46 593291 -0.00514364 -0.16448569  0.96291327
8 58 46 604158  1.95264816e-04 -9.99786854e-02  9.93607998e-01
8 58 46 607299  0.03044844 -0.01357102  1.01271391
8 58 46 609954  0.03752518 -0.09558964  0.98370481
8 58 46 612342  0.00813627 -0.18902516  0.97654438
8 58 46 614914  0.00774312 -0.11203098  0.99499106
8 58 46 617323  0.03560901 -0.03816724  1.01882076
8 58 46 619678  0.03466868 -0.09548831  1.00883484
8 58 46 622033  5.83171844e-04 -1.63826466e-01  9.70626593e-01
8 58 46 624849 -0.00554276 -0.10619545  0.99378014
8 58 46 628178  0.02807617 -0.01714516  1.01479387
8 58 46 630764  0.03114128 -0.09081197  0.9879818 
8 58 46 633163  0.00248814 -0.17890048  0.97366643
8 58 46 638867  0.00582242 -0.11558127  0.99433374
8 58 46 641479  0.03491211 -0.04134536  1.02133536
8 58 46 653438  0.02976274 -0.09656954  1.01181579
8 58 46 656129  0.00405765 -0.15763164  0.96734834
8 58 46 658760  8.39948654e-04 -1.05684042e-01  9.95653391e-01
8 58 46 661268  0.03052449 -0.02996635  1.01642251
8 58 46 663774  0.03261137 -0.09750223  0.99727917
8 58 46 666151  0.01279855 -0.15748453  0.97386432
8 58 46 668602  0.01450586 -0.09882879  0.99245405
8 58 46 675178  0.03850341 -0.05020261  1.01495194
8 58 46 677534  0.03211832 -0.09809923  0.99995852
8 58 46 679915  0.00621486 -0.15029192  0.96701241
8 58 46 686658  0.00139761 -0.10418272  0.9911809 
8 58 46 689100  0.02529788 -0.01427555  1.01481628
8 58 46 691474  0.03559232 -0.08442116  0.98330617
8 58 46 698697  0.0099721  -0.19118714  0.97475028
8 58 46 701133  0.00522614 -0.12366986  0.98501325
8 58 46 703670  0.03401375 -0.03850746  1.01153278
8 58 46 706127  0.03764486 -0.08311582  1.01113081
8 58 46 708657  0.00883079 -0.15489507  0.97237968
8 58 46 711179  4.38690186e-05 -1.12385273e-01  9.91328716e-01
8 58 46 716664  0.02828979 -0.03031492  1.01644325
8 58 46 719242  0.03572321 -0.08440232  0.99142361
8 58 46 721626  0.01577735 -0.15648437  0.97398615
8 58 46 724027  0.01311493 -0.10815144  0.99708486
8 58 46 726413  0.0328002  -0.04632735  1.01967454
8 58 46 729075  0.03445315 -0.08140254  1.00896502
8 58 46 732280  0.01677537 -0.13892412  0.96859837
8 58 46 738975  0.00327969 -0.11424136  0.99221635
8 58 46 747558  0.02133346 -0.01123857  1.02008486
8 58 46 750534  0.03768635 -0.05603123  0.98638153
8 58 46 758419  0.0161562  -0.18654084  0.97148395
8 58 46 761902  5.68151474e-04 -1.47855282e-01  9.87054825e-01
8 58 46 764611  0.02695203 -0.04458499  1.0158608 
8 58 46 767291  0.03819418 -0.06541491  1.0245254 
8 58 46 774253  0.0107007  -0.14868307  0.97704625
8 58 46 776838 -0.00297165 -0.12674212  0.97901177
8 58 46 779284  0.01793909 -0.04064822  1.01447749
8 58 46 781724  0.03572583 -0.075562    0.99670267
8 58 46 784253  0.01708746 -0.1505115   0.97962403
8 58 46 786776  0.00814295 -0.11508179  0.99255729
8 58 46 789276  0.03057671 -0.04838228  1.01880503
8 58 46 791709  0.03644848 -0.07479405  1.01378751
8 58 46 794122  0.01540875 -0.13798809  0.97896028
8 58 46 807516 -0.00107408 -0.12873149  0.98768425
8 58 46 810206  0.0177362  -0.03239751  1.02309871
8 58 46 812840  0.03565621 -0.05145574  0.9981432 
8 58 46 815483  0.02050304 -0.15639114  0.97963405
8 58 46 818139  0.00607157 -0.14046907  0.98913407
8 58 46 820733  0.02735901 -0.05862069  1.01540804
8 58 46 823340  0.0327177  -0.07310414  1.02111077
8 58 46 825923  0.01755571 -0.13298106  0.97705436
8 58 46 828356  0.00203156 -0.13482976  0.97342587
8 58 46 830803  0.01516318 -0.03296423  1.02143455
8 58 46 833683  0.03672838 -0.03007913  1.002105  
8 58 46 843064  0.02287078 -0.16780543  0.97673059
8 58 46 850847  0.00343609 -0.16979194  0.98767209
8 58 46 853290  0.0244658  -0.05305815  1.01284862
8 58 46 856305  0.04568672 -0.04931045  1.0257318 
8 58 46 858938  0.02328801 -0.13736725  0.9918766 
8 58 46 861492 -0.00232935 -0.14691949  0.98089838
8 58 46 864059  0.0170958  -0.04775286  1.02065778
8 58 46 870834  0.03382993 -0.04544377  1.00956345
8 58 46 873281  0.02364755 -0.13815331  0.97956991
8 58 46 875709  0.00655437 -0.13728595  0.98802638
8 58 46 878095  0.02169776 -0.05746007  1.01321173
8 58 46 880633  0.03471613 -0.05946255  1.01869512
8 58 46 883119  0.0189383  -0.12505341  0.98467278
8 58 46 885684 -0.00281715 -0.13945627  0.98253775
8 58 46 888075  0.01077008 -0.04007101  1.02009177
8 58 46 890487  0.03596377 -0.02030706  1.00407004
8 58 46 892792  0.02278256 -0.15574813  0.97590542
8 58 46 911904  0.00400162 -0.16873932  0.98932195
8 58 46 914948  0.02172685 -0.06281137  1.01407528
8 58 46 917843  0.04076815 -0.04841661  1.02859592
8 58 46 920743  0.02004099 -0.13283205  0.99475622
8 58 46 923831 -4.46796417e-04 -1.46015644e-01  9.72762585e-01
8 58 46 926794  0.01445842 -0.04879189  1.01509476
8 58 46 929504  0.03835821 -0.04457116  1.00916243
8 58 46 932109  0.0230453  -0.15134239  0.98418045
8 58 46 934736  0.00393748 -0.1524508   0.99051929
8 58 46 937547  0.02632976 -0.05429554  1.00876975
8 58 46 940259  0.03993416 -0.05510902  1.02074051
8 58 46 942813  0.0173502  -0.13274598  0.98787332
8 58 46 955927 -0.00434542 -0.1451931   0.98521233
8 58 46 958566  0.01713204 -0.0518806   1.01783156
8 58 46 961129  0.03673339 -0.05169797  1.00030899
8 58 46 963841  0.01985836 -0.14070702  0.98450017
8 58 46 966499  0.0012908  -0.13850451  0.99165511
8 58 46 969203  0.02264881 -0.05743384  1.01215315
8 58 46 978239  0.03400755 -0.06272769  1.0196619 
8 58 46 980847  0.01754093 -0.13006854  0.98481965
8 58 46 983453  2.24113464e-05 -1.36052132e-01  9.77118015e-01
8 58 46 986019  0.01391959 -0.04439831  1.01994038
8 58 46 988457  0.03403735 -0.03448033  1.01227307
8 58 46 991036  0.02094507 -0.15611076  0.98691368
8 58 47 3571  0.0063014  -0.16783762  0.9887197 
8 58 47 6327  0.02275109 -0.06407285  1.00905943
8 58 47 8761  0.04272223 -0.05620813  1.020504  
8 58 47 11335  0.01973271 -0.13049984  0.98895144
8 58 47 14092  4.38928604e-04 -1.48713827e-01  9.76658583e-01
8 58 47 16568  0.01217699 -0.051018    1.01979923
8 58 47 19034  0.03163886 -0.03516793  1.00170684
8 58 47 21834  0.02436662 -0.1515286   0.97468829
8 58 47 24437  0.00216317 -0.16431618  0.98881865
8 58 47 26841  0.0202837  -0.06418157  1.00778675
8 58 47 29452  0.03900075 -0.05230832  1.0156548 
8 58 47 31988  0.02062559 -0.12919283  0.98719096
8 58 47 34338 -0.00337577 -0.14719081  0.97277522
8 58 47 36769  0.0120399  -0.06154203  1.01038885
8 58 47 39357  0.03489351 -0.05273676  1.00617123
8 58 47 41707  0.02915239 -0.12593484  0.98006654
8 58 47 44049  0.01024532 -0.13592768  0.98348951
8 58 47 46495  0.02427769 -0.06787443  1.01002526
8 58 47 48989  0.03872657 -0.06790876  1.02115345
8 58 47 61765  0.02258062 -0.12252593  0.98528576
8 58 47 64257  0.00177979 -0.14577985  0.97450876
8 58 47 66671  0.01051617 -0.05522823  1.01847792
8 58 47 69073  0.03422499 -0.020504    1.01052403
8 58 47 71624  0.02676344 -0.13934135  0.98533678
8 58 47 73984  0.00389957 -0.17643523  0.99123836
8 58 47 76573  0.01784968 -0.0741961   1.0049088 
8 58 47 79351  0.03828979 -0.04385757  1.02024627
8 58 47 93618  0.02501583 -0.1180563   0.991292  
8 58 47 108010  0.0023272  -0.15415001  0.96714258
8 58 47 110763  0.00745797 -0.06115341  1.01104188
8 58 47 121407  0.03069234 -0.01763058  1.00077915
8 58 47 124348  0.02905488 -0.12866163  0.97209883
8 58 47 126977  0.00515413 -0.18008089  0.97724199
8 58 47 143122  0.01600862 -0.07823372  1.00202632
8 58 47 145593  0.03730011 -0.04076552  1.01893306
8 58 47 158780  0.028759   -0.11617804  0.99491143
8 58 47 164968  0.00132728 -0.15269995  0.97135639
8 58 47 167470  0.00598335 -0.07018423  1.00818944
8 58 47 169850  0.03418255 -0.03882384  1.0070734 
8 58 47 189213  0.0293138  -0.12567329  0.985816  
8 58 47 191817  0.01138377 -0.13934684  0.98152375
8 58 47 203604  0.01921773 -0.0693531   1.00573826
8 58 47 213038  0.03475618 -0.05667019  1.02916479
8 58 47 215585  0.02706909 -0.1202817   0.99274373
8 58 47 217907  0.00460863 -0.1486547   0.96642494
8 58 47 237010  0.00629759 -0.07439446  1.00777102
8 58 47 239531  0.02813768 -0.02783084  1.01151943
8 58 47 251148  0.02959299 -0.1105566   0.98703456
8 58 47 261037  0.01280808 -0.16476202  0.98766732
8 58 47 268086  0.01877522 -0.0925107   1.00130725
8 58 47 270539  0.03377891 -0.05114269  1.0172174 
8 58 47 284907  0.0265646  -0.1032753   0.99822521
8 58 47 291931  0.00730848 -0.15602112  0.97613502
8 58 47 303745  0.00129986 -0.09043765  1.00307822
8 58 47 309081  0.02785754 -0.00191879  1.01380754
8 58 47 311979  0.03851652 -0.09492636  0.97904325
8 58 47 318712  0.01040268 -0.19230247  0.98135066
8 58 47 332907  0.01008558 -0.11350632  0.99950099
8 58 47 335344  0.03719091 -0.0319109   1.01943207
8 58 47 387536  0.03404713 -0.09129667  1.00662971
8 58 47 403861  0.00729632 -0.15837622  0.96681309
8 58 47 440216 -8.64267349e-04 -1.02472544e-01  9.97353554e-01
8 58 47 457920  0.02813077 -0.01559782  1.02103996
8 58 47 460573  0.03257346 -0.08635879  0.98608637
8 58 47 463263  0.00972033 -0.17669773  0.97191477
8 58 47 472242  0.00615501 -0.11201596  1.00039697
8 58 47 475573  0.02943134 -0.04342937  1.02110553
8 58 47 478242  0.03068972 -0.09934616  1.0125978 
8 58 47 480791  0.00334454 -0.16205692  0.97146416
8 58 47 484313 -6.61849976e-04 -1.01375580e-01  9.98445272e-01
8 58 47 487087  0.02955532 -0.01716685  1.01568985
8 58 47 490600  0.03219676 -0.09368181  0.99158168
8 58 47 493248  0.00842404 -0.17777753  0.98093414
8 58 47 506705  0.00949001 -0.10982299  0.9945333 
8 58 47 509270  0.03877831 -0.03876853  1.02035975
8 58 47 514359  0.03415442 -0.09743643  1.0119679 
8 58 47 517002  0.00503993 -0.16065955  0.97300458
8 58 47 519581 -3.32355499e-04 -1.03566170e-01  9.98661757e-01
8 58 47 522237  0.02977347 -0.0322938   1.01608086
8 58 47 524791  0.03165722 -0.09567142  0.99348211
8 58 47 528298  0.01397729 -0.15126348  0.98319101
8 58 47 531542  0.01566577 -0.0969317   0.99993134
8 58 47 534123  0.03288603 -0.05145931  1.02053356
8 58 47 536657  0.02955794 -0.09714532  1.00690937
8 58 47 554391  0.01071715 -0.14726734  0.97238564
8 58 47 556929  6.49452209e-04 -1.10270500e-01  1.00230122e+00
8 58 47 559477  0.02129936 -0.02723455  1.02031851
8 58 47 575206  0.03441596 -0.07783771  0.99728441
8 58 47 577675  0.01453519 -0.16623306  0.98481417
8 58 47 580077  0.00714588 -0.12592316  0.99503422
8 58 47 598872  0.02658463 -0.04858232  1.02045393
8 58 47 606153  0.03289914 -0.08866262  1.01381445
8 58 47 608655  0.01458549 -0.14689016  0.97389245
8 58 47 620418  0.00161839 -0.1236093   0.98953724
8 58 47 622990  0.01374698 -0.03586841  1.0239563 
8 58 47 625472  0.03110027 -0.05979085  0.99998164
8 58 47 717422  0.02416444 -0.15042424  0.98141599
8 58 47 720042  0.00924754 -0.13490629  0.99009728
8 58 47 722503  0.02288842 -0.05755925  1.01310372
8 58 47 724905  0.03160429 -0.07072067  1.01232219
8 58 47 727359  0.0200429  -0.13438201  0.97920728
8 58 47 729792  5.83171844e-04 -1.40366077e-01  9.83965397e-01
8 58 47 732291  0.00961399 -0.04196548  1.02471757
8 58 47 734745  0.03186345 -0.01678228  0.99941278
8 58 47 737279  0.02612066 -0.14890599  0.97290969
8 58 47 739755  0.00637698 -0.18117023  0.99440145
8 58 47 742184  0.01310468 -0.07275271  1.02047253
8 58 47 744679  0.03264117 -0.05025554  1.02878022
8 58 47 753535  0.02297115 -0.12589502  0.99147272
8 58 47 760399  3.49998474e-04 -1.55256748e-01  9.69249010e-01
8 58 47 764653  0.00960135 -0.07315636  1.01198268
8 58 47 767339  0.030195   -0.04625988  1.01255345
8 58 47 770021  0.02732778 -0.1176641   0.98276901
8 58 47 773462  0.01517177 -0.1361165   0.98319125
8 58 47 789172  0.01977587 -0.07623124  1.00636148
8 58 47 791641  0.02995896 -0.06599021  1.01913285
8 58 47 811403  0.02424335 -0.11119914  0.99439669
8 58 47 813932  0.00983739 -0.1487112   0.97210026
8 58 47 817221  0.001899   -0.09554291  1.00612211
8 58 47 843613  0.02362204 -0.0134635   1.01405191
8 58 47 898135  0.03410125 -0.08056641  0.98638296
8 58 47 951065  0.01090527 -0.18764043  0.97847033
8 58 48 2363  0.00548315 -0.12883449  0.99572158
8 58 48 36657  0.02781463 -0.05074191  1.02066946
8 58 48 57009  0.02673936 -0.08870268  1.00994658
8 58 48 93572  0.01158333 -0.15748739  0.9633739 
8 58 48 120954  3.64780426e-05 -1.23514652e-01  9.88384247e-01
8 58 48 123632  0.01973772 -0.02256441  1.02455735
8 58 48 126580  0.03334379 -0.06205988  0.99058676
8 58 48 130286  0.01587057 -0.18305397  0.97114086
8 58 48 134388  0.00668335 -0.1502769   0.98704815
8 58 48 137105  0.02673984 -0.05564022  1.01196623
8 58 48 139710  0.03559375 -0.08260322  1.0134294 
8 58 48 142260  0.01349854 -0.15509391  0.97624636
8 58 48 150413 -0.00112343 -0.14104581  0.97737885
8 58 48 152794  0.01826978 -0.04709339  1.0134902 
8 58 48 155362  0.03526807 -0.05848646  0.99674511
8 58 48 157727  0.02157521 -0.15266848  0.97166705
8 58 48 160093  0.00564933 -0.14408541  0.98193717
8 58 48 162446  0.02123809 -0.06532598  1.0125668 
8 58 48 164870  0.03124833 -0.07990813  1.01640439
8 58 48 167271  0.01281762 -0.14370871  0.97672796
8 58 48 169566 -0.00300694 -0.14761162  0.97186899
8 58 48 171855  0.01110768 -0.0708127   1.01032281
8 58 48 174256  0.02711463 -0.08030748  1.00324297
8 58 48 176561  0.02411485 -0.13384295  0.98598051
8 58 48 178976  0.01747179 -0.11969161  0.98042274
8 58 48 181303  0.01979876 -0.08419204  1.00673866
8 58 48 183699  0.02434921 -0.09176183  1.01226759
8 58 48 186039  0.02047276 -0.12472534  0.97984338
8 58 48 188395  0.00719118 -0.15329766  0.97182703
8 58 48 190803  0.0025897  -0.10782743  1.00370502
8 58 48 197932  0.02025604 -0.01738858  1.01062036
8 58 48 200479  0.03184247 -0.08093548  0.98008418
8 58 48 202960  0.01034951 -0.19932628  0.97431207
8 58 48 205410  0.00282073 -0.15168238  0.98892188
8 58 48 207961  0.01954412 -0.06264162  1.0197165 
8 58 48 210356  0.02716994 -0.08748174  1.01011014
8 58 48 212768  0.01562023 -0.1492579   0.96469426
8 58 48 215257  0.00485659 -0.14114952  0.97903872
8 58 48 217732  0.00840974 -0.05025196  1.02021146
8 58 48 220673  0.03278518 -0.03671098  0.99151039
8 58 48 247992  0.02627516 -0.14851785  0.96585846
8 58 48 250691  0.00468135 -0.17265129  0.98531437
8 58 48 253174  0.01254654 -0.08359218  1.01230168
8 58 48 260505  0.03350329 -0.06112647  1.01605439
8 58 48 263334  0.02402902 -0.12688971  0.99157572
8 58 48 265720  0.00650001 -0.15747499  0.9720037 
8 58 48 268142  0.00693178 -0.08210015  1.00703955
8 58 48 270550  0.02809286 -0.02514815  1.01227403
8 58 48 272868  0.03220868 -0.10077691  0.97842669
8 58 48 275644  0.01290536 -0.16448188  0.97913861
8 58 48 277990  0.01011014 -0.10418105  1.00661445
8 58 48 280349  0.02478933 -0.06471896  1.02683663
8 58 48 283079  0.02956319 -0.10474277  0.99763107
8 58 48 285365  0.01141691 -0.15372515  0.96299052
8 58 48 287739  0.00283432 -0.10838151  0.99386358
8 58 48 292113  0.02146482 -0.01157045  1.02618051
8 58 48 300244  0.03398514 -0.05237865  0.99262452
8 58 48 302820  0.01924372 -0.18156505  0.96878147
8 58 48 316429  0.0066781  -0.14883423  0.98632288
8 58 48 318885  0.02751398 -0.05458164  1.01849103
8 58 48 321177  0.03182459 -0.0748589   1.02239871
8 58 48 413276  0.01177788 -0.15499282  0.97688484
8 58 48 415801  3.15427780e-04 -1.36806726e-01  9.83412266e-01
8 58 48 418267  0.01657534 -0.04151344  1.01895213
8 58 48 420671  0.03405094 -0.05788136  1.00229406
8 58 48 423083  0.0249033  -0.14346218  0.97681403
8 58 48 425482  0.01290917 -0.13354445  0.98862433
8 58 48 427801  0.02750826 -0.0558753   1.01504183
8 58 48 430204  0.03344512 -0.07147646  1.01693821
8 58 48 432599  0.01882839 -0.13282204  0.98154974
8 58 48 435046  0.00289321 -0.14554548  0.97948289
8 58 48 437466  0.01363683 -0.04807997  1.01886582
8 58 48 439855  0.03577328 -0.02556014  1.00304866
8 58 48 459056  0.02976751 -0.14149213  0.97678232
8 58 48 470609  0.00968552 -0.17012167  0.98149538
8 58 48 480462  0.020679   -0.0721302   1.01127601
8 58 48 491016  0.03634763 -0.05633116  1.02978778
8 58 48 521669  0.02462244 -0.12712336  0.99549317
8 58 48 540820  0.00374484 -0.15324926  0.96643329
8 58 48 582909  0.01202059 -0.05397582  1.01525927
8 58 48 600828  0.03610229 -0.01427889  1.01165295
8 58 48 644175  0.02981019 -0.14198446  0.98050833
8 58 48 669905  0.00266886 -0.18637967  0.98310447
8 58 48 672728  0.01893592 -0.07264328  1.00325823
8 58 48 675449  0.04296255 -0.04071164  1.02318096
8 58 48 678005  0.02393126 -0.12405777  1.00397944
8 58 48 680569 -0.00279832 -0.15979886  0.97271514
8 58 48 683238  0.00928497 -0.0715971   1.0046165 
8 58 48 685863  0.03356934 -0.04757142  1.01204586
8 58 48 688412  0.02847862 -0.12497663  0.98625326
8 58 48 690914  0.0074029  -0.14461184  0.98422933
8 58 48 694025  0.02046919 -0.07189131  1.00976181
8 58 48 703352  0.03661776 -0.05793643  1.02247882
8 58 48 705931  0.02558589 -0.11514664  0.99497795
8 58 48 708430  0.00197721 -0.14689946  0.97768688
8 58 48 711490  0.00855923 -0.06374836  1.0141902 
8 58 48 714172  0.03624916 -0.02245498  1.00901246
8 58 48 716622  0.02895522 -0.14070845  0.98508   
8 58 48 718988  0.00586486 -0.18052745  0.98756671
8 58 48 721438  0.01443863 -0.08581471  1.0036068 
8 58 48 723862  0.03883719 -0.05051398  1.02350163
8 58 48 726287  0.02369332 -0.12041402  0.99715447
8 58 48 728712 -0.00572324 -0.1580255   0.97103977
8 58 48 731473  0.00246024 -0.06986356  1.00618768
8 58 48 734254  0.03075504 -0.03926182  1.01256633
8 58 48 736817  0.02647734 -0.13218093  0.98508358
8 58 48 739340  0.00545645 -0.16126323  0.98479366
8 58 48 742427  0.0206604  -0.07590866  0.9997232 
8 58 48 753334  0.04140568 -0.05333567  1.01730132
8 58 48 755790  0.02907014 -0.11890101  0.99700522
8 58 48 759478  2.94446945e-04 -1.55009747e-01  9.79781628e-01
8 58 48 762293  0.00755954 -0.07107496  1.01312852
8 58 48 765694  0.03287792 -0.02936292  1.00985646
8 58 48 768658  0.03158808 -0.12983704  0.98128247
8 58 48 771583  0.00833321 -0.1731019   0.98653865
8 58 48 774553  0.01377201 -0.08747983  1.00896382
8 58 48 778200  0.03444147 -0.05491686  1.0231812 
8 58 48 781381  0.02727294 -0.1139307   0.99770474
8 58 48 803856  0.00483537 -0.15425539  0.97084188
8 58 48 806575  0.00569057 -0.07883     1.00827694
8 58 48 809253  0.0287509  -0.02967906  1.01518583
8 58 48 824687  0.0332582  -0.11320162  0.98668337
8 58 48 848931  0.01420999 -0.16607285  0.98544502
8 58 48 851422  0.01997066 -0.09399724  1.00417852
8 58 48 853860  0.03406882 -0.05448174  1.02181363
8 58 48 856230  0.03493595 -0.10763359  0.99922562
8 58 48 858591  0.00735044 -0.15811944  0.97650933
8 58 48 869015  0.00691891 -0.09106112  1.00394058
8 58 48 871836  0.02749491 -0.02671623  1.0134995 
8 58 48 874371  0.03457427 -0.09912443  0.98409867
8 58 48 899824  0.01430488 -0.16684246  0.97908688
8 58 48 902754  0.01216626 -0.10459495  0.99875903
8 58 48 906267  0.03294587 -0.05075049  1.01928258
8 58 48 916546  0.0348165  -0.09558082  1.0030973 
8 58 48 918963  0.01255774 -0.15335965  0.97046018
8 58 48 921293  0.0054605  -0.11096668  0.99926519
8 58 48 949586  0.02158141 -0.04382849  1.01687884
8 58 48 952126  0.03142023 -0.08980465  0.99594092
8 58 48 954560  0.02563834 -0.13475704  0.98376036
8 58 48 964799  0.01765466 -0.1013732   0.99532819
8 58 48 986527  0.02752471 -0.06848407  1.02363491
8 58 49 26196  0.03045678 -0.09070253  1.00903201
8 58 49 40746  0.01969647 -0.12520432  0.97523689
8 58 49 54698  0.0064528  -0.13875842  0.98589516
8 58 49 57883  0.00536346 -0.06282163  1.02108765
8 58 49 61175  0.02678657 -0.01082063  1.00602269
8 58 49 64453  0.03441715 -0.12097549  0.97577262
8 58 49 67283  0.00942397 -0.19174528  0.98850846
8 58 49 70595  0.01033044 -0.10945296  1.00644326
8 58 49 73394  0.03061795 -0.04983115  1.02127481
8 58 49 76137  0.03046751 -0.09966469  0.99619651
8 58 49 133961  0.01065326 -0.15121245  0.96666908
8 58 49 136369  0.00312424 -0.1124661   0.99895668
8 58 49 145599  0.0172348  -0.04071712  1.0134294 
8 58 49 154130  0.03541327 -0.07620192  0.97900581
8 58 49 156514  0.0246284  -0.14069772  0.97995782
8 58 49 158942  0.01237059 -0.12170982  0.99798322
8 58 49 161243  0.02251601 -0.07088089  1.01542306
8 58 49 168307  0.03129482 -0.08243465  1.00541306
8 58 49 170817  0.02556372 -0.12310839  0.9759078 
8 58 49 173369  0.01182151 -0.14024091  0.98377323
8 58 49 175654  0.00662708 -0.07689095  1.01597214
8 58 49 182167  0.02889228 -0.00702024  1.00945234
8 58 49 184602  0.03721547 -0.08421469  0.9784894 
8 58 49 186955  0.0168767  -0.17712355  0.9860549 
8 58 49 189297  0.00674009 -0.12704229  1.00848389
8 58 49 191772  0.0221386 -0.0665493  1.0225668
8 58 49 199818  0.03038025 -0.09302592  0.99410868
8 58 49 202477  0.01916933 -0.14280367  0.96487617
8 58 49 205084  0.00366163 -0.12638927  0.99000931
8 58 49 208488  0.01135802 -0.02568936  1.02792883
8 58 49 211205  0.03613663 -0.01549768  0.99062943
8 58 49 229292  0.03126073 -0.15923262  0.96610355
8 58 49 232483  0.0060389  -0.18098426  0.98652434
8 58 49 235010  0.01538897 -0.07973146  1.01686954
8 58 49 253090  0.03684735 -0.05666471  1.02481222
8 58 49 255727  0.02483654 -0.12863588  0.98404503
8 58 49 258566  0.00529671 -0.15485859  0.9698    
8 58 49 277182  0.00676799 -0.07086277  1.01356459
8 58 49 279976  0.02894497 -0.01091647  1.00790977
8 58 49 282796  0.03380036 -0.11350393  0.9701159 
8 58 49 303864  0.00897121 -0.17545319  0.98283219
8 58 49 306432  0.01344514 -0.09236073  1.01034451
8 58 49 308820  0.03274798 -0.0501442   1.02501822
8 58 49 327299  0.02728677 -0.10967851  0.99220967
8 58 49 330032  0.00629139 -0.16036224  0.96140528
8 58 49 332742  0.00640178 -0.08972263  1.00163603
8 58 49 352181  0.02772856 -0.01988363  1.01500034
8 58 49 354722  0.03419971 -0.08967257  0.98801112
8 58 49 357099  0.01838613 -0.16116428  0.97880006
8 58 49 373150  0.01856756 -0.10464168  1.00218391
8 58 49 375584  0.03249812 -0.05075073  1.02620864
8 58 49 377996  0.03525519 -0.09942865  1.00595498
8 58 49 396749  0.01320815 -0.15776086  0.96450329
8 58 49 399815  0.00332117 -0.10926294  0.99623394
8 58 49 402437  0.02523208 -0.02065659  1.01944566
8 58 49 421294  0.03388739 -0.07272148  0.99070334
8 58 49 448082  0.01195693 -0.17260027  0.97384357
8 58 49 450779  0.00755501 -0.12146163  0.99006724
8 58 49 453498  0.03084445 -0.04590535  1.01735234
8 58 49 456113  0.03172898 -0.08808732  1.01366806
8 58 49 458967  0.0089457  -0.15531468  0.9720161 
8 58 49 468855 -5.79118729e-04 -1.19688988e-01  9.87113714e-01
8 58 49 471432  0.01962566 -0.02617359  1.02430606
8 58 49 474009  0.03505993 -0.06809735  0.99485159
8 58 49 505475  0.01628971 -0.17085123  0.97278953
8 58 49 508008  0.01014113 -0.13239336  0.98958755
8 58 49 510434  0.02651095 -0.04569125  1.0182755 
8 58 49 516578  0.03495622 -0.07726383  1.01663709
8 58 49 518985  0.01570725 -0.14875317  0.97930813
8 58 49 521308  1.10387802e-04 -1.28771305e-01  9.89968538e-01
8 58 49 548595  0.02069402 -0.02089715  1.02188349
8 58 49 551270  0.03955483 -0.06087518  0.98972464
8 58 49 553709  0.01497221 -0.17999005  0.97368193
8 58 49 564794  0.00210524 -0.1432941   0.98716116
8 58 49 567359  0.02946115 -0.04167008  1.01402974
8 58 49 569838  0.03628373 -0.07207823  1.01964688
8 58 49 588633  0.00838542 -0.15258551  0.97561932
8 58 49 591246 -0.00225091 -0.12659621  0.98046875
8 58 49 593592  0.02035713 -0.04191208  1.01644897
8 58 49 612617  0.03454494 -0.07362866  1.00062227
8 58 49 615041  0.01784873 -0.14729738  0.97464037
8 58 49 617501  0.01060581 -0.1171515   0.98177791
8 58 49 636638  0.02952337 -0.05414033  1.01242113
8 58 49 639159  0.03473711 -0.08212113  1.01432848
8 58 49 641477  0.01530075 -0.14254212  0.978719  
8 58 49 660612  0.00176024 -0.13428044  0.98834705
8 58 49 663598  0.01956987 -0.03883433  1.02051783
8 58 49 666812  0.03488827 -0.05381823  0.99722266
8 58 49 684619  0.0184114  -0.15912223  0.97793508
8 58 49 687050  0.0069654  -0.14851618  0.98836946
8 58 49 689406  0.02214098 -0.05984974  1.01025963
8 58 49 708553  0.03591514 -0.06948018  1.01317668
8 58 49 710998  0.01843572 -0.13632035  0.97754264
8 58 49 713469 -0.00101757 -0.14416003  0.97695088
8 58 49 732608  0.01160717 -0.05245447  1.01544285
8 58 49 735110  0.03160357 -0.03794336  1.00247645
8 58 49 737495  0.02670479 -0.13372922  0.97342086
8 58 49 756354  0.00621128 -0.15395355  0.97930002
8 58 49 758799  0.01792526 -0.072335    1.00364113
8 58 49 761094  0.03275561 -0.0660634   1.01414871
8 58 49 853279  0.02654028 -0.11788082  0.98539186
8 58 49 855847  0.0023222  -0.15243101  0.97478342
8 58 49 858334  0.00678921 -0.06663728  1.01146984
8 58 49 860657  0.02923918 -0.01226759  1.00711083
8 58 49 863048  0.02410626 -0.12845206  0.97164202
8 58 49 865459  0.00231409 -0.19477129  0.98129869
8 58 49 867878  0.00570798 -0.09572268  1.00400209
8 58 49 870281  0.02798867 -0.04730701  1.02323771
8 58 49 872597  0.0228982  -0.11786532  0.99756908
8 58 49 875155 -0.00235081 -0.16434288  0.96587086
8 58 49 877645 -0.00458765 -0.08780861  1.00693202
8 58 49 880026  0.02340031 -0.02656913  1.01533175
8 58 49 882372  0.02659845 -0.10759735  0.9836607 
8 58 49 884735  0.00507998 -0.16760588  0.9777379 
8 58 49 887438  0.00786471 -0.10195065  1.00089526
8 58 49 901218  0.02878666 -0.05775452  1.02008653
8 58 49 904168  0.02273011 -0.11100054  1.00550413
8 58 49 907258 -0.00171804 -0.16772151  0.96929264
8 58 49 925179 -0.00481582 -0.10871959  1.00004125
8 58 49 927591  0.01753855 -0.02752352  1.01683521
8 58 49 930030  0.02415299 -0.09762764  0.98752594
8 58 49 949155  1.98364258e-04 -1.90525055e-01  9.75143909e-01
8 58 49 952386 -0.00106788 -0.12638617  0.99251485
8 58 49 954901  0.02390981 -0.0556035   1.01643634
8 58 49 973046  0.02508092 -0.10439849  1.00420046
8 58 49 975458 -0.0031004  -0.17286611  0.96471381
8 58 49 977805 -0.00731039 -0.11892724  0.98749447
8 58 49 996967  0.02085233 -0.0446403   1.01481867
8 58 49 999479  0.0254643  -0.09617066  0.99122977
8 58 50 1833  0.01347351 -0.16492724  0.97339034
8 58 50 21033  0.00619841 -0.12085748  0.98495054
8 58 50 23420  0.02532315 -0.06625199  1.01318073
8 58 50 25767  0.02615142 -0.09974694  1.00605321
8 58 50 44991  0.00807238 -0.15458155  0.97196817
8 58 50 47363 -0.00332093 -0.13033342  0.98905158
8 58 50 54516  0.02033544 -0.03412461  1.02019572
8 58 50 69133  0.03347802 -0.06163931  0.99288177
8 58 50 71517  0.01583219 -0.18209767  0.97536802
8 58 50 73902 -6.23941422e-04 -1.54098749e-01  9.87448454e-01
8 58 50 96494  0.02376294 -0.05510497  1.01152611
8 58 50 99103  0.03484726 -0.07502151  1.01563311
8 58 50 101878  0.01489067 -0.14872003  0.97696638
8 58 50 117068  6.10113144e-04 -1.37081861e-01  9.77849483e-01
8 58 50 120011  0.01785326 -0.0267632   1.02546024
8 58 50 122939  0.04162788 -0.03579211  1.00027847
8 58 50 148060  0.01951599 -0.17701602  0.97720599
8 58 50 150562  0.00392365 -0.17153955  0.99013448
8 58 50 152975  0.02744532 -0.0553453   1.01408434
8 58 50 168890  0.0414176  -0.05701852  1.02690983
8 58 50 171303  0.0156064  -0.14085889  0.99075007
8 58 50 177552 -0.0055759  -0.14406276  0.98323417
8 58 50 189171  0.01578784 -0.04320073  1.0208993 
8 58 50 191919  0.03619576 -0.05721593  1.0053215 
8 58 50 199332  0.02059603 -0.14921355  0.98209906
8 58 50 213112  0.00406122 -0.13539696  0.98861742
8 58 50 215530  0.02639556 -0.05275989  1.01634288
8 58 50 217823  0.03634262 -0.06764293  1.02119422
8 58 50 236816  0.01506948 -0.13955164  0.98049784
8 58 50 239140 -0.00347686 -0.13785505  0.98072863
8 58 50 241858  0.01594973 -0.02996993  1.0214119 
8 58 50 260683  0.03669071 -0.04651642  1.00005889
8 58 50 263101  0.01408935 -0.1813302   0.9800272 
8 58 50 265418 -0.00217128 -0.16442037  0.98864174
8 58 50 284741  0.02565455 -0.05643964  1.01284575
8 58 50 287394  0.03776121 -0.06951761  1.0242219 
8 58 50 290173  0.00989461 -0.15308976  0.98286533
8 58 50 310173 -0.00730896 -0.14027143  0.98006082
8 58 50 312995  0.01912761 -0.04408622  1.01610065
8 58 50 315502  0.03518224 -0.0714848   1.00446725
8 58 50 332857  0.01389623 -0.16375375  0.98335695
8 58 50 336006  0.00699496 -0.12965727  0.98840714
8 58 50 339023  0.03320312 -0.04610515  1.00867105
8 58 50 356759  0.03926921 -0.07802796  1.01234341
8 58 50 359375  0.00992417 -0.14966893  0.97639084
8 58 50 361991 -0.00669003 -0.1238687   0.98989248
8 58 50 380612  0.02352691 -0.03989887  1.01857901
8 58 50 383024  0.03448033 -0.07770395  1.00282216
8 58 50 385423  0.01387691 -0.16454816  0.97566462
8 58 50 404591  0.0042119  -0.12923837  0.99013138
8 58 50 411133  0.0301652  -0.0536418   1.01185155
8 58 50 413505  0.03553748 -0.08623123  1.0143857 
8 58 50 431050  0.01076198 -0.15032315  0.9764781 
8 58 50 433407 -0.00386405 -0.11607075  0.98920274
8 58 50 435836  0.02244091 -0.02661538  1.0190289 
8 58 50 452509  0.03516579 -0.0794158   1.00482559
8 58 50 455039  0.01536965 -0.16764569  0.98492861
8 58 50 457773  0.00730038 -0.12068009  0.99264169
8 58 50 476431  0.03426313 -0.04347181  1.012321  
8 58 50 479539  0.03550673 -0.08407593  1.01150417
8 58 50 484946  0.01327753 -0.14825535  0.97302365
8 58 50 573591  1.52826309e-04 -1.18888140e-01  9.97740984e-01
8 58 50 576263  0.02262306 -0.01638865  1.02304006
8 58 50 579211  0.03670812 -0.07085037  0.99326634
8 58 50 581741  0.01187491 -0.18387485  0.97913623
8 58 50 584159  0.00280118 -0.13424969  0.99377894
8 58 50 586634  0.02873039 -0.04096365  1.01551199
8 58 50 589072  0.03666449 -0.07979536  1.01330924
8 58 50 591561  0.00595021 -0.15404177  0.97485209
8 58 50 602694 -0.00420856 -0.11424398  0.98757601
8 58 50 605071  0.02393317 -0.03130412  1.01484585
8 58 50 607482  0.03559351 -0.08082938  0.99786353
8 58 50 614187  0.01121306 -0.15529895  0.98085403
8 58 50 616660  0.01041722 -0.10694695  0.99085379
8 58 50 619070  0.03291154 -0.04462314  1.01564026
8 58 50 621460  0.03371215 -0.08766794  1.00888491
8 58 50 623789  0.00990438 -0.14811945  0.97269464
8 58 50 649591 -0.00178123 -0.10701513  0.99622154
8 58 50 652480  0.0227952  -0.00872135  1.01992321
8 58 50 654967  0.03525782 -0.07759976  0.99320102
8 58 50 657657  0.00969648 -0.19004869  0.98176289
8 58 50 660072  0.00321126 -0.13338661  0.99455523
8 58 50 669427  0.03449702 -0.0360024   1.01752067
8 58 50 671911  0.03685951 -0.08004904  1.01596165
8 58 50 674332  0.00697279 -0.1587131   0.97258806
8 58 50 696572 -0.00150156 -0.11339831  0.98689342
8 58 50 699293  0.0262692  -0.02510118  1.01812744
8 58 50 701827  0.03301883 -0.08386683  0.99511051
8 58 50 717154  0.00989079 -0.17158437  0.98033857
