10 48 34 777099 -0.10615921  0.08237839  0.99388885
10 48 34 799598 -0.10679436  0.07746315  0.98861885
10 48 34 811974 -0.10609627  0.07974434  0.99352837
10 48 34 829256 -0.10763359  0.08036995  0.99686432
10 48 34 844298 -0.10635948  0.08374596  0.99122429
10 48 34 846968 -0.10562706  0.08534813  0.99654579
10 48 34 869028 -0.10520172  0.08463669  0.98834038
10 48 34 892511 -0.10765648  0.08434868  0.98890877
10 48 34 895267 -0.11137581  0.08399963  0.9919548 
10 48 34 917234 -0.10907936  0.08575249  0.98836517
10 48 34 940892 -0.10848045  0.08143044  0.99042892
10 48 34 944148 -0.10527229  0.08200455  0.98871613
10 48 34 965382 -0.10908699  0.08461952  0.99154854
10 48 34 988024 -0.10847282  0.0819931   0.99220467
10 48 34 990226 -0.11446571  0.08189583  0.99311829
10 48 35 12563 -0.10831261  0.07625198  0.98993111
10 48 35 36305 -0.10663795  0.07683945  0.99507141
10 48 35 39062 -0.10870743  0.07962608  0.99232483
10 48 35 61337 -0.10951614  0.08287811  0.99227715
10 48 35 83944 -0.10950279  0.07798576  0.99118233
10 48 35 87752 -0.1157093   0.0772934   0.99393082
10 48 35 109208 -0.11346245  0.07437706  0.98594856
10 48 35 132184 -0.11279106  0.07818604  0.98924255
10 48 35 134244 -0.10829735  0.08112717  0.98948479
10 48 35 229598 -0.11049271  0.07996559  0.99199104
10 48 35 231737 -0.11136246  0.07922173  0.98983192
10 48 35 233845 -0.11673546  0.0774231   0.99190521
10 48 35 235768 -0.11529732  0.07316208  0.99111366
10 48 35 237889 -0.11242867  0.07706261  0.98719025
10 48 35 246847 -0.1070137   0.08304596  0.99167252
10 48 35 258033 -0.11170387  0.08145332  0.99277115
10 48 35 276740 -0.11096382  0.07575989  0.99046326
10 48 35 278640 -0.11285591  0.0759449   0.99045563
10 48 35 301389 -0.11148071  0.07589912  0.98789406
10 48 35 325269 -0.11437798  0.07591248  0.99092865
10 48 35 327465 -0.11603355  0.0754776   0.99348831
10 48 35 349300 -0.11410332  0.07494354  0.99155426
10 48 35 372797 -0.11747932  0.07298279  0.98952484
10 48 35 374572 -0.11993408  0.06858444  0.98983765
10 48 35 397284 -0.11450005  0.073452    0.99202919
10 48 35 422354 -0.11890411  0.07728386  0.98897934
10 48 35 425460 -0.11871719  0.07493591  0.98973656
10 48 35 445062 -0.11727333  0.07687759  0.99020386
10 48 35 468606 -0.11590004  0.0725193   0.98888016
10 48 35 470742 -0.11602211  0.07216644  0.98819542
10 48 35 493828 -0.11262131  0.0728569   0.99015045
10 48 35 520063 -0.11762428  0.07979965  0.9902153 
10 48 35 529683 -0.11326599  0.07710266  0.98888016
10 48 35 541928 -0.1121769   0.07919693  0.99332428
10 48 35 564890 -0.11253166  0.07737923  0.98961067
10 48 35 567400 -0.11164474  0.0802803   0.99015045
10 48 35 590255 -0.11229134  0.08185577  0.99369431
10 48 35 612825 -0.11237335  0.07891846  0.99368477
10 48 35 615316 -0.1143074   0.0808506   0.99172401
10 48 35 638086 -0.11527252  0.07932281  0.99040222
10 48 35 660433 -0.10946846  0.07876396  0.99359703
10 48 35 662338 -0.11200142  0.08355331  0.99140549
10 48 35 685595 -0.11663818  0.08483505  0.9927845 
10 48 35 708961 -0.11227608  0.0809288   0.99458122
10 48 35 711637 -0.10945129  0.08203125  0.9893322 
10 48 35 732878 -0.11199188  0.0857296   0.99126625
10 48 35 756959 -0.1087265   0.07907295  0.98511887
10 48 35 760257 -0.11195755  0.08006477  0.98972511
10 48 35 781992 -0.10961723  0.08292007  0.99426079
10 48 35 804237 -0.10814476  0.08774757  0.99168777
10 48 35 806017 -0.10790062  0.08558846  0.98835373
10 48 35 828845 -0.11045074  0.08606529  0.99009895
10 48 35 852692 -0.11260223  0.08566475  0.99084473
10 48 35 856837 -0.10788918  0.08115387  0.99227715
10 48 35 877703 -0.10865021  0.08652878  0.99725533
10 48 35 900259 -0.11104202  0.08430099  0.991539  
10 48 35 902379 -0.10671425  0.08332825  0.98926735
10 48 35 924795 -0.10658646  0.08536148  0.99231911
10 48 35 948614 -0.1108036   0.08443642  0.99288559
10 48 35 950569 -0.11078835  0.08857727  0.98698616
10 48 35 978023 -0.11302567  0.08678436  0.98956299
10 48 35 996570 -0.10593033  0.08567429  0.98758125
10 48 35 999511 -0.11431885  0.08557129  0.99071503
10 48 36 20886 -0.10705185  0.08145714  0.99435043
10 48 36 44087 -0.10952377  0.08610725  0.99063683
10 48 36 45727 -0.10735321  0.08368683  0.98980331
10 48 36 68895 -0.11071968  0.08179092  0.99090958
10 48 36 92096 -0.10731316  0.08130455  0.99371147
10 48 36 95301 -0.11102295  0.08528328  0.98974991
10 48 36 116844 -0.10504723  0.08768654  0.99357796
10 48 36 140314 -0.10684013  0.08472061  0.99419975
10 48 36 144601 -0.10879707  0.0823822   0.9918251 
10 48 36 165007 -0.10603142  0.08721733  0.99497795
10 48 36 187961 -0.10839081  0.08037758  0.99036407
10 48 36 189641 -0.10752869  0.08515167  0.99079323
10 48 36 212518 -0.10992432  0.08218956  0.99163437
10 48 36 235905 -0.11308861  0.07917213  0.9933548 
10 48 36 238436 -0.11143684  0.08441925  0.98931313
10 48 36 260381 -0.10729408  0.08634949  0.99112701
10 48 36 283948 -0.1079216   0.08114433  0.98791122
10 48 36 286367 -0.11139679  0.08533096  0.99272919
10 48 36 308361 -0.10941315  0.08518028  0.99541283
10 48 36 332770 -0.10996819  0.08125687  0.99616051
10 48 36 334370 -0.10728455  0.08473396  0.9907341 
10 48 36 356108 -0.10533142  0.07855988  0.99542809
10 48 36 358231 -0.11155891  0.08076859  0.98228264
10 48 36 464366 -0.11435318  0.0813942   0.99399757
10 48 36 476199 -0.10770035  0.07693291  1.00430679
10 48 36 486167 -0.11266518  0.08738327  0.98072815
10 48 36 503811 -0.10935593  0.0844326   0.99225807
10 48 36 518650 -0.11411667  0.08448982  0.9811058 
10 48 36 537181 -0.11071777  0.08188057  0.99464035
10 48 36 553737 -0.11112022  0.08056259  0.98971176
10 48 36 571393 -0.11347198  0.0833931   0.9946804 
10 48 36 577032 -0.11093903  0.07945824  0.99050522
10 48 36 578960 -0.11094284  0.08345604  0.99015427
10 48 36 581827 -0.11170578  0.08596611  0.99208832
10 48 36 584554 -0.10905266  0.08497238  0.98620605
10 48 36 587284 -0.11571884  0.0834198   0.99375916
10 48 36 589782 -0.10997009  0.08047867  0.99377251
10 48 36 597488 -0.10488892  0.08500099  0.99204826
10 48 36 620804 -0.108078    0.09097099  0.98867798
10 48 36 622912 -0.10494614  0.08989906  0.99367714
10 48 36 645392 -0.10598564  0.08447647  0.98696709
10 48 36 669261 -0.10923195  0.08850861  0.98509979
10 48 36 672324 -0.11048698  0.08700371  0.98802948
10 48 36 692931 -0.1080513   0.08977127  0.99188995
10 48 36 716953 -0.10908318  0.08769989  0.99370193
10 48 36 718622 -0.10839844  0.08908653  0.99184799
10 48 36 740898 -0.10618401  0.07977295  0.99217606
10 48 36 764804 -0.10812569  0.07826042  0.99631119
10 48 36 766735 -0.1084137   0.0830555   0.99435997
10 48 36 788928 -0.10836029  0.08821106  0.99569702
10 48 36 812751 -0.10931778  0.08548927  0.98817825
10 48 36 816493 -0.11231804  0.08111382  0.99031639
10 48 36 837293 -0.11000443  0.08271217  0.99074173
10 48 36 860518 -0.11009598  0.08422089  0.98372269
10 48 36 863159 -0.11162376  0.08566284  0.99219513
10 48 36 885109 -0.10741997  0.08991051  0.99173355
10 48 36 909018 -0.1120224   0.07894516  0.98945618
10 48 36 911228 -0.11223412  0.07935905  0.99636269
10 48 36 933066 -0.11108398  0.08053017  0.99168205
10 48 36 956296 -0.10904312  0.08467293  0.99079323
10 48 36 958068 -0.11115265  0.08312225  0.99137115
10 48 36 981094 -0.10971832  0.07988739  0.99265671
10 48 37 4289 -0.10934067  0.08381271  0.99110413
10 48 37 6243 -0.10900688  0.08065987  0.98951721
10 48 37 29297 -0.11137962  0.0786705   0.99295807
10 48 37 52297 -0.10816956  0.07940483  0.99128151
10 48 37 57472 -0.11453438  0.08107376  0.98906708
10 48 37 78445 -0.11305046  0.08153152  0.98933411
10 48 37 100266 -0.11164474  0.08503723  0.99152565
10 48 37 102227 -0.11035156  0.08164597  0.98948097
10 48 37 137540 -0.11004448  0.08010483  0.99510765
10 48 37 148355 -0.1118412   0.08005905  0.99141502
10 48 37 151473 -0.11484718  0.08012199  0.99204636
10 48 37 172879 -0.10731888  0.08359146  0.993927  
10 48 37 196024 -0.10953712  0.07767487  0.99401855
10 48 37 198377 -0.11021233  0.07928848  0.98765564
10 48 37 220820 -0.11252022  0.08242798  0.99096298
10 48 37 244636 -0.11243439  0.08237267  0.9865036 
10 48 37 247333 -0.11255455  0.08158302  0.98641014
10 48 37 269200 -0.11114311  0.08279228  0.9893074 
10 48 37 292388 -0.11217308  0.08546829  0.98923111
10 48 37 294113 -0.1065731   0.08119392  0.98512268
10 48 37 316956 -0.11022568  0.08884239  0.98988914
10 48 37 339916 -0.11537361  0.07946968  0.99160194
10 48 37 341712 -0.11497116  0.08300018  0.98906708
10 48 37 378273 -0.11241913  0.08148384  0.99246025
10 48 37 388022 -0.10900307  0.08172226  0.98967361
10 48 37 392706 -0.10727692  0.08492088  0.98775291
10 48 37 413166 -0.1106987   0.08331108  0.99352455
10 48 37 436126 -0.1132164   0.07921791  0.99069405
10 48 37 438661 -0.10967445  0.08478928  0.99239349
10 48 37 461142 -0.10836792  0.08025932  0.98755455
10 48 37 557564 -0.11749649  0.08008957  0.99758148
10 48 37 559741 -0.10970116  0.07848358  0.9999485 
10 48 37 561971 -0.11741447  0.07748795  0.99230766
10 48 37 564271 -0.10822868  0.08421135  0.99322701
10 48 37 566676 -0.10953331  0.07874107  0.98187256
10 48 37 568842 -0.11445236  0.08525848  1.0021019 
10 48 37 580970 -0.10864639  0.08046341  0.9920845 
10 48 37 583567 -0.11295319  0.08212852  1.00180626
10 48 37 605111 -0.10810089  0.08948898  0.9913311 
10 48 37 629055 -0.10920143  0.08110046  0.99145317
10 48 37 631784 -0.11024475  0.08142662  0.99080658
10 48 37 653383 -0.10629272  0.08188629  0.99106026
10 48 37 676795 -0.11229515  0.08451653  0.99266052
10 48 37 679193 -0.10922813  0.08284378  0.9897747 
10 48 37 705580 -0.11159897  0.07935524  0.98972321
10 48 37 724955 -0.10921288  0.08473396  0.98663139
10 48 37 727442 -0.11021423  0.08263397  0.98841286
10 48 37 784133 -0.10826111  0.08426285  0.98701096
10 48 37 797220 -0.10340691  0.08542442  0.99696732
10 48 37 809387 -0.1076107   0.08451271  0.99714661
10 48 37 821017 -0.10911369  0.08337021  0.98213387
10 48 37 830937 -0.10630226  0.08334923  0.99571609
10 48 37 850872 -0.1109314   0.08728027  0.9891758 
10 48 37 862072 -0.10265732  0.08232307  0.99310112
10 48 37 873449 -0.10835648  0.08698845  0.98920059
10 48 37 883265 -0.10904884  0.09715652  0.99529457
10 48 37 896941 -0.11262321  0.07725525  1.00199509
10 48 37 916651 -0.10297585  0.08294678  0.99761581
10 48 37 918854 -0.10150719  0.08238029  0.99834442
10 48 37 941596 -0.10697556  0.08062935  0.99938011
10 48 37 964641 -0.09890938  0.07925797  0.98394012
10 48 37 966624 -0.10811424  0.07688141  0.98602104
10 48 37 990676 -0.11110687  0.08615875  1.02219963
10 48 38 12850 -0.10319519  0.08468628  0.99132156
10 48 38 15341 -0.10674286  0.08617783  0.98908424
10 48 38 37690 -0.11023712  0.09058762  0.9857235 
10 48 38 60713 -0.10604095  0.07951927  0.99096107
10 48 38 63374 -0.10744667  0.08136368  0.98881721
10 48 38 84825 -0.1077404   0.0860672   0.99020576
10 48 38 108548 -0.10800743  0.08840752  0.9883461 
10 48 38 110433 -0.10886955  0.08953667  0.98299599
10 48 38 133617 -0.10965347  0.08824539  0.98815536
10 48 38 157063 -0.10015488  0.08598709  0.98915291
10 48 38 165098 -0.10615349  0.08523369  0.99381638
10 48 38 181238 -0.10186005  0.08739853  0.99137497
10 48 38 204788 -0.1042366   0.08496284  0.99663353
10 48 38 207100 -0.10562515  0.08589363  0.99544525
10 48 38 229394 -0.1036396   0.08547211  0.98968506
10 48 38 252894 -0.10398102  0.08689117  0.98456573
10 48 38 255164 -0.10532951  0.08427048  0.99506569
10 48 38 277121 -0.10550117  0.08422279  0.98844719
10 48 38 300392 -0.11213684  0.07915306  0.98918343
10 48 38 304936 -0.11253929  0.07840157  0.99265862
10 48 38 325185 -0.10809517  0.08198166  0.98775291
10 48 38 348229 -0.11539268  0.08079529  0.98693657
10 48 38 350776 -0.10810852  0.08502388  0.99170494
10 48 38 373252 -0.10532379  0.08377266  0.99072266
10 48 38 396301 -0.11001587  0.08457375  0.98904037
10 48 38 398781 -0.10993767  0.08461952  0.99292374
10 48 38 420770 -0.10400772  0.08260918  0.99150658
10 48 38 444176 -0.10698128  0.08667374  0.99425125
10 48 38 446311 -0.10415268  0.08151627  0.99296379
10 48 38 469204 -0.10193253  0.08366585  0.98968124
10 48 38 492205 -0.10263634  0.08691406  0.9901638 
10 48 38 494797 -0.10692978  0.08802795  0.99199867
10 48 38 517478 -0.10490608  0.0873909   0.9956398 
10 48 38 541021 -0.10773468  0.08736038  0.99222183
10 48 38 545594 -0.10216522  0.08205605  0.99330139
10 48 38 564723 -0.10637474  0.08737183  0.989151  
10 48 38 587941 -0.10631752  0.08733368  0.99173927
10 48 38 590819 -0.1046505   0.08502769  0.99007416
10 48 38 612874 -0.1049099   0.08637047  0.99094963
10 48 38 636067 -0.10873413  0.07931137  0.99112701
10 48 38 637917 -0.10734367  0.08398247  0.99083328
10 48 38 734089 -0.1023941   0.08470535  0.99080658
10 48 38 737199 -0.10430145  0.08623886  0.99054909
10 48 38 740079 -0.10963631  0.08274269  0.98595428
10 48 38 742772 -0.10419846  0.08491707  0.98839378
10 48 38 745628 -0.10781097  0.08219528  0.98859215
10 48 38 749441 -0.10184669  0.08332062  0.99303436
10 48 38 757346 -0.10009003  0.08919716  0.99276161
10 48 38 781830 -0.10243797  0.08846474  0.99173927
10 48 38 784126 -0.10578156  0.0864563   0.98938179
10 48 38 805606 -0.1037693   0.08590698  0.98711777
10 48 38 829195 -0.10633659  0.0820961   0.98902702
10 48 38 831742 -0.09926224  0.09307098  0.99217415
10 48 38 853234 -0.10025215  0.09007835  0.99023056
10 48 38 876786 -0.10189438  0.0884552   0.98787308
10 48 38 878984 -0.10429955  0.08729553  0.98851585
10 48 38 901480 -0.09850693  0.09217834  0.98852348
10 48 38 929373 -0.10141754  0.08657455  0.99481392
10 48 38 952880 -0.09992599  0.0909729   0.98637581
10 48 38 964530 -0.10573959  0.08596039  0.99108887
10 48 38 981651 -0.10417557  0.08444977  0.99261475
10 48 39 2033 -0.10089111  0.08767128  0.99041748
10 48 39 18225 -0.10762024  0.08193588  0.99193573
10 48 39 36058 -0.10677528  0.07922363  0.9897213 
10 48 39 49860 -0.10617638  0.07723618  0.98917198
10 48 39 64285 -0.10556602  0.07813644  0.99514389
10 48 39 80938 -0.1087513   0.08137512  0.99179649
10 48 39 98736 -0.11358261  0.07832909  0.99429131
10 48 39 117987 -0.10871696  0.07109261  0.98693848
10 48 39 133639 -0.10359192  0.08021164  0.99127769
10 48 39 142801 -0.10624313  0.08206749  0.99146652
10 48 39 159936 -0.10699463  0.07934761  0.99013519
10 48 39 173978 -0.10557175  0.08625793  0.99043655
10 48 39 186376 -0.10195732  0.08267403  0.9865818 
10 48 39 203028 -0.10285568  0.0835743   0.99310112
10 48 39 221676 -0.10338593  0.08581352  0.99573517
10 48 39 239280 -0.1035881   0.08979607  0.9936676 
10 48 39 260340 -0.10521317  0.08820915  0.99163055
10 48 39 275462 -0.10131073  0.0875721   0.98904037
10 48 39 285697 -0.10320282  0.08465767  0.98929024
10 48 39 288641 -0.10547638  0.08284187  0.99170113
10 48 39 308932 -0.10297203  0.08797264  0.99210548
10 48 39 311365 -0.10465813  0.08751488  0.98699188
10 48 39 333526 -0.10995865  0.08662987  0.99358749
10 48 39 356397 -0.10918617  0.07864952  0.99031448
10 48 39 360573 -0.10267258  0.08670807  0.98965836
10 48 39 380958 -0.10715294  0.08184052  0.98978615
10 48 39 404952 -0.10666466  0.0830307   0.98781013
10 48 39 407277 -0.1041317   0.07879639  0.99512291
10 48 39 429283 -0.10991287  0.08561516  0.99662018
10 48 39 452294 -0.10831451  0.07885551  0.99185753
10 48 39 456297 -0.11271667  0.08087921  0.99028015
10 48 39 480667 -0.11038589  0.08263779  0.99289513
10 48 39 522621 -0.10451889  0.08296013  0.99296188
10 48 39 539202 -0.10679054  0.08421707  0.99336433
10 48 39 552529 -0.10698318  0.08247185  0.98647118
10 48 39 561765 -0.10512543  0.0791893   0.98862839
10 48 39 578160 -0.10528946  0.08125877  0.99099922
10 48 39 598083 -0.11340141  0.08039665  0.98751831
10 48 39 613001 -0.08553696  0.12765121  0.89576721
10 48 39 631789 -0.09178734  0.03836632  1.03963089
10 48 39 634116 -0.09449768  0.06525803  1.0479908 
10 48 39 644138 -0.10226822  0.0892868   0.92316246
10 48 39 646160 -0.11266899  0.07594299  0.97769547
10 48 39 669034 -0.11417198  0.07559395  0.99890137
10 48 39 693507 -0.11579514  0.09960747  0.82606125
10 48 39 695488 -0.1169548   0.06812859  0.99017906
10 48 39 719193 -0.0906353   0.09078979  1.0049839 
10 48 39 741132 -0.10211372  0.18795013  0.99135208
10 48 39 743341 -0.10072517  0.07281876  1.03779793
10 48 39 764810 -0.12840652  0.1149044   0.96203804
10 48 39 788506 -0.11583138  0.09477806  0.98309708
10 48 39 791364 -0.11759949  0.08670807  0.98950577
10 48 39 812847 -0.09835052  0.08411407  0.99067688
10 48 39 836004 -0.09037018  0.09086227  0.98854065
10 48 39 838745 -0.0955925   0.10301971  0.99116707
10 48 39 862260 -0.09919357  0.09367561  1.00042725
10 48 39 883882 -0.10108376  0.09392357  0.99859428
10 48 39 887480 -0.10128784  0.09280205  0.98747826
10 48 39 981634 -0.10926819  0.09094048  0.97972488
10 48 39 984323 -0.09816933  0.0915184   0.99268723
10 48 39 987091 -0.09306335  0.10343361  0.989851  
10 48 39 989865 -0.09449387  0.1002655   0.99202728
10 48 39 994009 -0.09196091  0.09544945  0.98770142
10 48 39 996632 -0.09652138  0.09732437  0.9944973 
10 48 40 11146 -0.10293198  0.09786034  0.98976898
10 48 40 24379 -0.09828377  0.10111427  0.99072647
10 48 40 29810 -0.09403038  0.10732651  0.99117088
10 48 40 52840 -0.08154488  0.1102314   0.98440552
10 48 40 55045 -0.0755024   0.11575127  0.98298836
10 48 40 77033 -0.07247353  0.11675262  0.98283577
10 48 40 100795 -0.07730484  0.12088013  0.99617958
10 48 40 102648 -0.07751083  0.11361122  0.99020195
10 48 40 125916 -0.07356453  0.11696053  0.9890213 
10 48 40 149073 -0.07097054  0.11584091  0.99639511
10 48 40 151711 -0.06272507  0.11005974  0.99917221
10 48 40 173685 -0.06126022  0.11916542  0.99728775
10 48 40 196883 -0.07500648  0.10419273  0.99753189
10 48 40 199060 -0.08300781  0.10079384  0.99955368
10 48 40 221664 -0.08162498  0.09852028  0.99409294
10 48 40 245815 -0.08311462  0.10012245  0.98908424
10 48 40 252773 -0.08522034  0.10264397  0.99476624
10 48 40 269413 -0.08603477  0.09936333  0.99363899
10 48 40 295594 -0.09010124  0.10164452  0.99160385
10 48 40 298721 -0.085783    0.09737396  0.98376846
10 48 40 317472 -0.09181976  0.09846687  0.98369217
10 48 40 340691 -0.09104347  0.09978104  0.98758316
10 48 40 343016 -0.09414673  0.09620285  0.98991394
10 48 40 365546 -0.08606529  0.09579086  0.9868927 
10 48 40 388842 -0.08708763  0.09375572  0.98781967
10 48 40 391428 -0.08806801  0.09069443  0.99145889
10 48 40 413332 -0.08854866  0.09136009  0.99643517
10 48 40 436495 -0.09072113  0.08712006  0.9954319 
10 48 40 438378 -0.09189415  0.08521843  1.00211716
10 48 40 463346 -0.10038757  0.08737755  1.0048008 
10 48 40 484559 -0.11509895  0.08653641  1.00983429
10 48 40 486958 -0.09329414  0.06904602  0.98552895
10 48 40 509318 -0.07524109  0.07814407  0.9702301 
10 48 40 532666 -0.07692909  0.09227371  0.96806526
10 48 40 535058 -0.08838272  0.09391403  0.99448967
10 48 40 556986 -0.09977531  0.06891823  0.98664474
10 48 40 580365 -0.10912895  0.07209969  0.97459984
10 48 40 582037 -0.11316299  0.07088089  0.99490738
10 48 40 605138 -0.10611153  0.07923508  1.02049828
10 48 40 628217 -0.10412979  0.07756233  1.00858116
10 48 40 630132 -0.10149765  0.0722065   0.98489571
10 48 40 652571 -0.10471725  0.06395912  0.9858284 
10 48 40 676589 -0.11601257  0.07186127  1.00226593
10 48 40 678384 -0.11452103  0.0695858   1.0073719 
10 48 40 701541 -0.10835838  0.07201195  0.98094368
10 48 40 730015 -0.10264969  0.07080078  0.97296524
10 48 40 742308 -0.10525703  0.07068825  0.98455429
10 48 40 758111 -0.11284637  0.06927109  0.991045  
10 48 40 774751 -0.11227608  0.07338333  0.99768639
10 48 40 783575 -0.10705185  0.07223511  0.9901619 
10 48 40 805624 -0.10988426  0.0719471   0.98761368
10 48 40 813959 -0.10726357  0.0713501   0.99328423
10 48 40 833186 -0.10769463  0.06817818  0.99597549
10 48 40 847865 -0.10796165  0.07644844  0.99612617
10 48 40 866639 -0.10710907  0.07125473  0.99302101
10 48 40 887991 -0.11034966  0.07354546  0.98970222
10 48 40 901013 -0.10577583  0.07513618  0.99177933
10 48 40 908584 -0.10701942  0.07756042  0.98961449
10 48 40 926640 -0.10388756  0.07273865  0.98590469
10 48 40 943965 -0.10953903  0.07387161  0.98806   
10 48 40 959692 -0.10541534  0.08359909  0.9933548 
10 48 40 971564 -0.1096611   0.08138466  0.99496841
10 48 40 989088 -0.1061058   0.0841465   0.99106789
10 48 40 991712 -0.10068512  0.08426094  0.99355316
10 48 41 12907 -0.10561752  0.08765411  0.98816681
10 48 41 39172 -0.10631371  0.08511353  0.99602318
10 48 41 54512 -0.10612679  0.08376503  0.98977089
10 48 41 70906 -0.10601807  0.08193588  0.98398781
10 48 41 84870 -0.10640526  0.07805824  0.98492241
10 48 41 86709 -0.10783958  0.08152771  0.98782349
10 48 41 108331 -0.11104393  0.08744621  0.98951721
10 48 41 131901 -0.09869194  0.0824604   0.99208641
10 48 41 133765 -0.09795761  0.0863266   0.98916817
10 48 41 229342 -0.09752846  0.08410645  0.99485779
10 48 41 231660 -0.09490204  0.08235931  0.99304008
10 48 41 233963 -0.09898376  0.08627129  1.0000782 
10 48 41 236391 -0.1032486   0.0832901   1.00151634
10 48 41 238176 -0.10042     0.08175468  1.00038147
10 48 41 239879 -0.10031319  0.08286476  0.99575806
10 48 41 253130 -0.1006031   0.08786964  0.99312973
10 48 41 276674 -0.10224152  0.08888626  0.99275017
10 48 41 278371 -0.10474777  0.08483315  0.99146652
10 48 41 301205 -0.10611916  0.08431625  0.97824287
10 48 41 325594 -0.10557365  0.08288765  0.98070908
10 48 41 327605 -0.10401154  0.08637428  0.98773193
10 48 41 349116 -0.10329247  0.08708954  0.99350739
10 48 41 379116 -0.10419273  0.08897781  0.995327  
10 48 41 391214 -0.09485054  0.08621025  0.98735809
10 48 41 402677 -0.09334373  0.08513641  0.98694801
10 48 41 420618 -0.09303474  0.09061813  0.98818207
10 48 41 422538 -0.10113525  0.08753967  1.00201988
10 48 41 445799 -0.10130882  0.09190178  1.00014687
10 48 41 468880 -0.10080528  0.09185028  0.99464226
10 48 41 470679 -0.09614182  0.08797073  0.9904995 
10 48 41 493014 -0.09615326  0.09037971  0.99416733
10 48 41 517534 -0.09712791  0.09314537  0.99627686
10 48 41 519798 -0.10126114  0.09500694  0.9950428 
10 48 41 540908 -0.09851646  0.08874321  0.99118805
10 48 41 564979 -0.10185051  0.08831215  0.98535156
10 48 41 567496 -0.10104561  0.09107208  0.98949432
10 48 41 588934 -0.10122299  0.0862751   0.98978424
10 48 41 613005 -0.09979057  0.08623695  0.98841858
10 48 41 615957 -0.10195541  0.09057426  0.99041748
10 48 41 646970 -0.0962429   0.09443855  0.99383545
10 48 41 660814 -0.10208511  0.09311676  0.99198151
10 48 41 662916 -0.09967041  0.09369469  0.99692535
10 48 41 685715 -0.09847832  0.08757591  1.00314903
10 48 41 708478 -0.09440422  0.09072495  0.9890976 
10 48 41 711762 -0.10415459  0.08979034  0.9916172 
10 48 41 732863 -0.09859848  0.09465027  0.98466873
10 48 41 756637 -0.10135651  0.09639168  0.9984169 
10 48 41 759049 -0.10333061  0.08701897  0.98908615
10 48 41 782613 -0.09981728  0.08982849  0.99096107
10 48 41 804698 -0.10003662  0.08953285  0.98489952
10 48 41 807474 -0.097229    0.0927906   0.98858452
10 48 41 829098 -0.1018219   0.06739426  1.01327705
10 48 41 852600 -0.09692192  0.09700584  0.98290825
10 48 41 854767 -0.10053635  0.09397697  0.99024391
10 48 41 878123 -0.09938812  0.09303474  0.98861504
10 48 41 900279 -0.09623528  0.09389305  0.99255943
10 48 41 903469 -0.09885025  0.09897423  0.99749756
10 48 41 924708 -0.0926857   0.09477425  0.99241066
10 48 41 926191 -0.09583664  0.08986855  0.98878098
10 48 41 949476 -0.09464264  0.09341621  0.99076653
10 48 41 972569 -0.0922718   0.09641838  0.99409103
10 48 41 974968 -0.09946632  0.09703064  0.99767685
10 48 41 997355 -0.09668159  0.09408569  0.99427605
10 48 42 20948 -0.09505463  0.0912056   0.98566055
10 48 42 24033 -0.09267044  0.09546852  0.98779106
10 48 42 45607 -0.09243393  0.09986305  0.99232483
10 48 42 68462 -0.09480095  0.09949684  0.99732971
10 48 42 70651 -0.09688187  0.09715462  0.99273109
10 48 42 93716 -0.09749985  0.08896828  0.9905014 
10 48 42 116986 -0.09785271  0.09117699  0.99116898
10 48 42 119358 -0.0958252   0.09646225  0.99516296
10 48 42 141071 -0.09646606  0.09983253  0.99468994
10 48 42 144700 -0.09764671  0.09458733  0.99609184
10 48 42 165835 -0.09671593  0.09329414  0.99215698
10 48 42 188000 -0.0977211   0.09290695  0.99258423
10 48 42 190225 -0.09966278  0.0892334   0.99530792
10 48 42 212434 -0.0988636   0.09241867  0.99048805
10 48 42 235884 -0.09282112  0.08882904  0.9914856 
10 48 42 237812 -0.09180641  0.09078026  0.98164177
10 48 42 260450 -0.08992386  0.09108543  0.98535538
10 48 42 283949 -0.09522247  0.09113884  0.98900604
10 48 42 286874 -0.10119057  0.08849716  1.00149155
10 48 42 309466 -0.10250854  0.082901    0.99992371
10 48 42 332386 -0.09981346  0.08961678  0.99210358
10 48 42 334890 -0.09881783  0.08422279  0.99138832
10 48 42 429339 -0.10170937  0.08423233  0.99331665
10 48 42 431207 -0.10527039  0.086483    0.99160767
10 48 42 433154 -0.10370445  0.09031487  0.9897213 
10 48 42 434899 -0.10565758  0.08040428  0.98675156
10 48 42 436680 -0.10370827  0.07817268  0.98474121
10 48 42 438913 -0.10788155  0.08730507  0.98776245
10 48 42 455670 -0.10927963  0.08638573  0.99364471
10 48 42 477148 -0.10505104  0.08623123  0.99366379
10 48 42 481959 -0.10254288  0.0823288   0.99019051
10 48 42 501613 -0.10704613  0.08039474  0.99284363
10 48 42 524782 -0.10731697  0.08629608  0.99827385
10 48 42 526770 -0.10607147  0.08382416  1.00349045
10 48 42 549663 -0.1060276  0.0839386  0.9893589
10 48 42 572903 -0.10559464  0.08519173  0.98592567
10 48 42 577163 -0.10539436  0.08412933  0.99019051
10 48 42 597949 -0.10455322  0.08694839  0.991642  
10 48 42 620632 -0.10478783  0.08864784  0.9933548 
10 48 42 622346 -0.10335541  0.087286    0.99153328
10 48 42 646693 -0.10465813  0.09070969  0.99355507
10 48 42 668580 -0.10634041  0.08743858  0.99379158
10 48 42 671500 -0.10326385  0.09133911  0.99466705
10 48 42 693053 -0.10294151  0.0948658   0.98836327
10 48 42 716556 -0.10007477  0.09266281  0.99214554
10 48 42 718339 -0.10776901  0.09220123  0.99580383
10 48 42 752349 -0.10277176  0.09122086  0.99493217
10 48 42 772962 -0.1096096   0.09122086  0.9899559 
10 48 42 788675 -0.10289001  0.0930748   0.98699188
10 48 42 797467 -0.10131073  0.0939827   0.99165535
10 48 42 813350 -0.10004616  0.09339142  0.99321747
10 48 42 815243 -0.10053444  0.09041023  0.98557854
10 48 42 837521 -0.10073471  0.09304428  0.98641205
10 48 42 860621 -0.10445976  0.09351158  0.99149323
10 48 42 863596 -0.09885216  0.09038925  0.98993874
10 48 42 884828 -0.09991646  0.09944916  0.98872185
10 48 42 909112 -0.10066032  0.09496498  0.99016762
10 48 42 912002 -0.10058594  0.09385681  0.98927116
10 48 42 933182 -0.10169029  0.09355736  0.99385262
10 48 42 956497 -0.10202789  0.09085083  0.99030876
10 48 42 958300 -0.09881401  0.09312439  0.99021149
10 48 42 981178 -0.10101509  0.09323883  0.98994064
10 48 43 4611 -0.10269547  0.09546661  0.99169731
10 48 43 6693 -0.10224724  0.09242821  0.99511909
10 48 43 29034 -0.10320473  0.09163475  0.99158287
10 48 43 52570 -0.10408974  0.09105301  0.98581123
10 48 43 55190 -0.10166168  0.09734917  0.98741913
10 48 43 76630 -0.10082817  0.09975433  0.99611282
10 48 43 100214 -0.10220337  0.09272385  0.99307823
10 48 43 102002 -0.10055733  0.09412575  0.98573875
10 48 43 124733 -0.09534073  0.08963966  0.98806763
10 48 43 148337 -0.10327911  0.09536362  0.99338722
10 48 43 151191 -0.10097122  0.10435295  0.9936142 
10 48 43 173135 -0.09923363  0.09830093  0.99262428
10 48 43 196215 -0.09641457  0.09505272  0.98669624
10 48 43 197984 -0.09600449  0.09687424  0.98564529
10 48 43 221011 -0.09947205  0.09893608  0.99183464
10 48 43 244078 -0.09545517  0.10185051  0.99707222
10 48 43 245700 -0.09655571  0.10082245  0.98929977
10 48 43 271333 -0.09855461  0.09489441  0.98468208
10 48 43 292227 -0.10084152  0.0929184   0.98724937
10 48 43 295330 -0.09954453  0.09887505  0.99456406
10 48 43 317911 -0.09819221  0.10017204  0.99798775
10 48 43 340111 -0.09905815  0.09928894  0.99028397
10 48 43 342189 -0.09993935  0.09204674  0.98535728
10 48 43 364827 -0.09726715  0.09183311  0.98637581
10 48 43 388053 -0.09938622  0.10295296  0.99440956
10 48 43 390505 -0.09799004  0.09462547  0.99102783
10 48 43 413114 -0.10030556  0.08977509  0.98190117
10 48 43 436676 -0.09881401  0.09014511  0.98474121
10 48 43 439331 -0.09966278  0.09554672  0.99376869
10 48 43 460824 -0.10081291  0.09713173  0.99561119
10 48 43 484232 -0.10047913  0.09363556  0.99427605
10 48 43 486580 -0.10084724  0.09052086  0.99355125
10 48 43 509345 -0.10295868  0.09356499  0.99143791
10 48 43 532402 -0.09804344  0.08934021  0.99174118
10 48 43 534819 -0.0994091   0.09645081  0.99294472
10 48 43 556841 -0.10289764  0.09230614  0.98998642
10 48 43 653125 -0.10374641  0.09586716  0.99142838
10 48 43 655383 -0.10482025  0.094347    0.99033928
10 48 43 657637 -0.10144234  0.08975983  0.98211098
10 48 43 659538 -0.10250473  0.08978462  0.99084282
10 48 43 664015 -0.10476112  0.09765434  0.98789024
10 48 43 670485 -0.10159302  0.08987045  0.99171829
10 48 43 678776 -0.10611725  0.09685516  0.9932003 
10 48 43 682686 -0.10415459  0.09114456  0.98392868
10 48 43 700797 -0.10307121  0.08903122  0.99320412
10 48 43 702428 -0.09923363  0.09826088  0.98968124
10 48 43 725055 -0.10112762  0.09861374  0.99138069
10 48 43 749149 -0.09786034  0.09551239  0.9878521 
10 48 43 751314 -0.10176468  0.09225655  0.98901939
10 48 43 786347 -0.10547256  0.08855057  0.99609756
10 48 43 805503 -0.10847855  0.08646965  0.994524  
10 48 43 834863 -0.10446358  0.09067726  0.99465752
10 48 43 852319 -0.10564804  0.0914135   0.98986244
10 48 43 875547 -0.10129166  0.09386444  0.98904228
10 48 43 896328 -0.10333252  0.09296227  0.9927063 
10 48 43 910211 -0.10502052  0.09485435  0.99362564
10 48 43 919279 -0.09999275  0.09650993  0.98385429
10 48 43 935542 -0.09839439  0.09682465  0.98566818
10 48 43 947939 -0.10456085  0.09572983  0.98566628
10 48 43 962604 -0.10222626  0.09293556  0.98970604
10 48 43 979114 -0.10383224  0.09416008  0.99337578
10 48 43 996398 -0.10407257  0.08765984  0.99449921
10 48 44 7773 -0.10458374  0.09103775  0.99720192
10 48 44 16818 -0.1020813   0.0913372   0.99760437
10 48 44 34952 -0.10622978  0.09158325  0.99101257
10 48 44 51514 -0.10506058  0.08991051  0.99134827
10 48 44 70929 -0.10889244  0.09492493  0.98812675
10 48 44 85735 -0.10217094  0.09320831  0.98841095
10 48 44 100222 -0.09896469  0.09536934  0.99038124
10 48 44 106674 -0.10259438  0.09807396  0.98961067
10 48 44 115677 -0.10459137  0.10001373  0.99061203
10 48 44 137086 -0.1069088   0.09220886  0.98925972
10 48 44 143199 -0.1075058   0.09335136  0.99597168
10 48 44 169712 -0.1053524   0.08782387  0.99704361
10 48 44 190178 -0.10261917  0.08548927  0.99152374
10 48 44 203324 -0.10630035  0.08839035  0.98871613
10 48 44 212023 -0.10697746  0.08750725  0.99606895
10 48 44 228803 -0.10902214  0.09048271  0.99538994
10 48 44 230997 -0.10726929  0.09443665  0.98826599
10 48 44 252782 -0.10284233  0.09151649  0.9887619 
10 48 44 276693 -0.10156059  0.09334755  0.98709297
10 48 44 278886 -0.1053009   0.09058189  0.98534775
10 48 44 300775 -0.10740662  0.09265518  0.99370384
10 48 44 324726 -0.10757828  0.09356499  0.98950005
10 48 44 326576 -0.09668541  0.09492302  0.99666405
10 48 44 349481 -0.1004467   0.09304428  0.99892426
10 48 44 372253 -0.10101891  0.09490204  0.99471855
10 48 44 373907 -0.10708237  0.09644508  0.99040985
10 48 44 397170 -0.11073875  0.09921455  0.97254753
10 48 44 420590 -0.1039505   0.0997963   0.98772049
10 48 44 423267 -0.101614    0.09667397  0.99067879
10 48 44 444772 -0.10522079  0.09038925  0.99179077
10 48 44 468837 -0.10733223  0.0967598   0.99637032
10 48 44 470970 -0.10538673  0.09325981  0.99616051
10 48 44 493847 -0.10915756  0.09632683  0.99415398
10 48 44 516044 -0.105896    0.09835052  0.99080849
10 48 44 517640 -0.10910797  0.08825302  0.9921093 
10 48 44 540970 -0.1068306   0.09530449  0.99000168
10 48 44 564660 -0.10181236  0.10028458  0.99330521
10 48 44 566908 -0.10022545  0.09822845  0.98838234
10 48 44 592535 -0.10090446  0.09610748  0.98845291
10 48 44 612541 -0.10480881  0.09392166  0.99133682
10 48 44 614599 -0.10446548  0.09325218  0.99370766
10 48 44 637240 -0.10415077  0.09624672  0.99040794
10 48 44 660082 -0.10406113  0.09594917  0.9919529 
10 48 44 662421 -0.10697556  0.09814072  0.99135971
10 48 44 684441 -0.1070652   0.09167099  0.98741531
10 48 44 708013 -0.10792542  0.09812546  0.98686409
10 48 44 709947 -0.10996628  0.09387016  0.98863602
10 48 44 732366 -0.1066227   0.08991814  0.98795128
10 48 44 733795 -0.10966682  0.08645439  0.98593521
10 48 44 757165 -0.10798454  0.09043312  0.9914856 
10 48 44 780267 -0.1121273   0.08966446  0.99822998
10 48 44 781935 -0.10847664  0.08787537  0.9918766 
10 48 44 807786 -0.11005974  0.08648872  0.9907093 
10 48 44 814108 -0.11412621  0.0902195   0.9907608 
10 48 44 901867 -0.11221313  0.08753395  0.99890327
10 48 44 904270 -0.11715317  0.09138298  0.98381233
10 48 44 906771 -0.11563301  0.08746338  0.99312782
10 48 44 909571 -0.10925674  0.09022903  0.98869896
10 48 44 912376 -0.11661339  0.08507729  0.98874092
10 48 44 914946 -0.1117897   0.09254646  0.98467445
10 48 44 929605 -0.11071205  0.0905323   0.98906326
10 48 44 952285 -0.11434746  0.08936691  0.98950386
10 48 44 956186 -0.11584282  0.0882473   0.98865509
10 48 44 973237 -0.1212616  0.0886364  0.9928627
10 48 44 996833 -0.11473465  0.08693314  0.99193382
10 48 44 999164 -0.11177635  0.08785248  0.98741341
10 48 45 22134 -0.10783005  0.09110069  0.98742676
10 48 45 53805 -0.11551476  0.09087181  0.99295998
10 48 45 88909 -0.11571121  0.08967972  0.99511909
10 48 45 106979 -0.11657906  0.09490204  0.98939705
10 48 45 123882 -0.11333847  0.09229851  0.98939705
10 48 45 144224 -0.10843277  0.09857368  0.99058914
10 48 45 163491 -0.10568237  0.09792328  0.98685265
10 48 45 182748 -0.11136246  0.09919357  0.99204063
10 48 45 192300 -0.11010361  0.0933609   0.98824692
10 48 45 202133 -0.10450363  0.09703064  0.9881134 
10 48 45 220288 -0.11138153  0.09731865  0.99688339
10 48 45 230180 -0.11512184  0.09729195  0.99349403
10 48 45 241193 -0.11037827  0.09426117  0.99507904
10 48 45 261598 -0.11330223  0.09147453  0.99433327
10 48 45 276799 -0.10987282  0.08842278  0.98973274
10 48 45 289622 -0.11007309  0.09823227  0.98747063
10 48 45 298818 -0.11231041  0.10058212  0.99010658
10 48 45 312592 -0.11149788  0.09170532  0.98719788
10 48 45 326481 -0.11004066  0.09597588  0.98763275
10 48 45 335962 -0.11234474  0.09118652  0.9865799 
10 48 45 351857 -0.11574364  0.09756088  0.98685265
10 48 45 365771 -0.11349678  0.09408569  0.98948097
10 48 45 388592 -0.11376381  0.1010952   0.99302673
10 48 45 396897 -0.11483192  0.09214973  0.99338913
10 48 45 415666 -0.11232567  0.08945274  0.98714066
10 48 45 432618 -0.10887909  0.09085274  0.9885807 
10 48 45 446355 -0.10948372  0.09281158  0.99132919
10 48 45 458760 -0.10952568  0.09777641  0.99023819
10 48 45 485642 -0.10930443  0.09570503  0.98940849
10 48 45 497592 -0.11387062  0.09356499  0.98863411
10 48 45 516545 -0.11027908  0.08908653  0.98874092
10 48 45 528929 -0.11716652  0.09638023  0.98634338
10 48 45 539476 -0.1175766   0.08929253  0.99226952
10 48 45 556467 -0.11764717  0.09797668  0.99568748
10 48 45 572626 -0.10928535  0.08950996  1.00838852
10 48 45 575108 -0.11668777  0.10374069  0.96654892
10 48 45 597351 -0.11075783  0.0743351   1.03921127
10 48 45 620246 -0.10290718  0.09516144  0.96373177
10 48 45 622802 -0.11545563  0.09431839  0.98863411
10 48 45 645766 -0.10915947  0.09514809  0.98272514
10 48 45 673623 -0.11816406  0.09513855  0.99324417
10 48 45 690043 -0.11558342  0.09379768  0.98924255
10 48 45 709626 -0.11385345  0.09136581  0.98537064
10 48 45 726723 -0.10825348  0.09350395  0.99092674
10 48 45 734966 -0.11555481  0.09239769  0.99588585
10 48 45 751892 -0.11659431  0.08633232  0.9931736 
10 48 45 771926 -0.12063789  0.08833885  0.99189186
10 48 45 787230 -0.11623764  0.08821297  0.98968315
10 48 45 795213 -0.11517334  0.09400177  0.98792458
10 48 45 812165 -0.1132679   0.09486771  0.98811531
10 48 45 813928 -0.11943626  0.09713745  0.99510193
10 48 45 837227 -0.12054253  0.08932114  0.98600769
10 48 45 860753 -0.12253571  0.08867073  0.98623276
10 48 45 862741 -0.11966896  0.08930969  0.98458099
10 48 45 885923 -0.11748695  0.08825493  0.98960495
10 48 45 918621 -0.12412262  0.09485626  1.00000572
10 48 45 936713 -0.12028694  0.09150887  0.99485779
10 48 45 953779 -0.11863899  0.0879364   0.98840714
10 48 45 961792 -0.12263298  0.0924511   0.99007034
10 48 45 976374 -0.12343216  0.09285355  0.9902401 
10 48 45 992211 -0.11694908  0.09327126  0.98807144
10 48 46 4075 -0.11797523  0.09514046  0.98736954
10 48 46 6774 -0.11618042  0.09049797  0.98244476
10 48 46 28276 -0.12502098  0.09026146  0.9843483 
10 48 46 51752 -0.12541199  0.09643555  0.98877144
10 48 46 53391 -0.12450409  0.09700012  0.99496078
10 48 46 149327 -0.11389732  0.10323524  0.98855782
10 48 46 151492 -0.11362839  0.09606934  0.98602486
10 48 46 153274 -0.11541748  0.09573364  0.98610878
10 48 46 154937 -0.11746979  0.09730148  0.99548531
10 48 46 156619 -0.11621857  0.09941101  0.9906826 
10 48 46 158287 -0.11601448  0.10070419  0.99050522
10 48 46 172845 -0.11537361  0.09844398  0.98626328
10 48 46 175023 -0.11416817  0.09689331  0.98719978
10 48 46 203211 -0.11733437  0.09354591  0.98700714
10 48 46 230536 -0.12575531  0.09595871  0.99184799
10 48 46 243780 -0.12144661  0.10191536  0.99604225
10 48 46 250868 -0.12043762  0.09787941  0.99392891
10 48 46 261940 -0.11963654  0.10069847  0.9930191 
10 48 46 278142 -0.11284256  0.10132217  0.98382187
10 48 46 300023 -0.10791779  0.10514259  0.98882103
10 48 46 315688 -0.10764694  0.0959568   0.98285675
10 48 46 322399 -0.11580467  0.0926857   0.97920799
10 48 46 346172 -0.11757278  0.09655952  0.9769268 
10 48 46 362753 -0.12372971  0.09417725  0.99376106
10 48 46 376296 -0.12721825  0.09553146  0.99551392
10 48 46 398992 -0.11777878  0.09892845  0.99632263
10 48 46 414372 -0.11709213  0.09584618  0.99346542
10 48 46 434461 -0.11779976  0.09319496  0.99328995
10 48 46 446931 -0.11911583  0.09759903  0.99260139
10 48 46 462218 -0.10982513  0.09727669  0.99378967
10 48 46 484832 -0.11479568  0.10283279  0.98775864
10 48 46 498458 -0.12080574  0.10043144  0.98074532
10 48 46 517331 -0.11509514  0.09694862  0.97902489
10 48 46 538404 -0.11851692  0.0954895   0.98253059
10 48 46 553279 -0.12163925  0.09718704  0.98716164
10 48 46 573202 -0.12016296  0.09939766  0.99450684
10 48 46 575159 -0.11929131  0.09263802  0.99438667
10 48 46 582473 -0.12192154  0.09044647  0.99444008
10 48 46 584112 -0.12142372  0.08968163  0.99353981
10 48 46 605008 -0.12723541  0.09132957  0.99176407
10 48 46 628730 -0.12556076  0.09152794  0.99460793
10 48 46 631084 -0.12127495  0.09489632  0.99003029
10 48 46 653327 -0.11661339  0.09615517  0.98370552
10 48 46 676480 -0.12301254  0.09644699  0.98200226
10 48 46 679238 -0.12135506  0.09711266  0.98142242
10 48 46 701102 -0.12060738  0.09119415  0.98496437
10 48 46 724703 -0.12741089  0.09225845  0.9877243 
10 48 46 726694 -0.127388    0.08726883  0.9924736 
10 48 46 749102 -0.12327385  0.08872414  0.99299049
10 48 46 773180 -0.12680626  0.09786987  0.99757004
10 48 46 776862 -0.11871529  0.09674072  0.99947739
10 48 46 797710 -0.11719894  0.09536362  0.99037552
10 48 46 820688 -0.11907196  0.10046196  0.98423386
10 48 46 823185 -0.11772156  0.09801674  0.97903824
10 48 46 845900 -0.120924    0.09649849  0.98170471
10 48 46 869160 -0.12264633  0.09654999  0.98533058
10 48 46 873775 -0.12124634  0.10372353  0.98843575
10 48 46 893715 -0.12137794  0.09735107  0.98373032
10 48 46 916250 -0.11782265  0.09908867  0.98639679
10 48 46 918546 -0.11140442  0.10091782  0.98453903
10 48 46 941609 -0.12326622  0.09952736  0.99460983
10 48 46 964167 -0.12314606  0.09809494  0.99280167
10 48 46 966872 -0.12413406  0.09104156  0.98666191
10 48 46 989054 -0.12171936  0.08940697  0.98823929
10 48 47 12275 -0.12146759  0.09377861  0.98449516
10 48 47 14923 -0.11470413  0.09300232  0.98991203
10 48 47 37041 -0.12062454  0.09502411  0.98940849
10 48 47 61214 -0.12922668  0.09776497  0.98870087
10 48 47 67171 -0.12455368  0.09053802  0.97939301
10 48 47 85293 -0.13512421  0.09905624  0.97297478
10 48 47 108574 -0.11585426  0.09354973  0.97965622
10 48 47 111566 -0.1160183   0.08282661  0.99880409
10 48 47 134724 -0.1278019   0.08462524  0.9943428 
10 48 47 156250 -0.11847687  0.08765602  0.98910141
10 48 47 158132 -0.11509895  0.09486198  0.98379707
10 48 47 253321 -0.11571503  0.09448051  0.99113464
10 48 47 255205 -0.11834145  0.09030914  0.97940636
10 48 47 256893 -0.11804581  0.0858593   0.99221039
10 48 47 258431 -0.11823273  0.08805656  0.98540497
10 48 47 259932 -0.12122345  0.08370972  0.986063  
10 48 47 261670 -0.12004662  0.08803749  0.99342728
10 48 47 277213 -0.12613106  0.09214973  0.99832535
10 48 47 301245 -0.12655449  0.088377    0.98522758
10 48 47 302913 -0.11981583  0.08851624  0.98115158
10 48 47 324850 -0.12137222  0.09101295  0.9774189 
10 48 47 327443 -0.12306023  0.09441376  0.98539734
10 48 47 349054 -0.11817169  0.09449959  0.98856544
10 48 47 374440 -0.11792946  0.09168625  0.9909687 
10 48 47 376244 -0.12103462  0.0906086   0.98996544
10 48 47 397935 -0.1216259   0.08771896  0.99348068
10 48 47 421396 -0.12380981  0.08426666  0.99037361
10 48 47 423918 -0.13218689  0.08738518  0.9955349 
10 48 47 445512 -0.12870407  0.08950996  0.9922657 
10 48 47 469514 -0.12322807  0.08939552  0.98439026
10 48 47 473247 -0.12025642  0.08817291  0.98054886
10 48 47 493843 -0.12006378  0.09519958  0.98400307
10 48 47 516993 -0.12578964  0.09668732  0.98742294
10 48 47 519414 -0.12069893  0.09038162  0.99666977
10 48 47 541771 -0.12505913  0.08543587  0.98582649
10 48 47 565794 -0.12725449  0.08055496  0.98319626
10 48 47 567456 -0.12011719  0.08981323  0.99314308
10 48 47 589604 -0.1263485   0.09045601  0.9984417 
10 48 47 612768 -0.12556458  0.09130096  0.99788475
10 48 47 614624 -0.12650108  0.08864212  0.98633385
10 48 47 637599 -0.1260376   0.08350372  0.98095512
10 48 47 660590 -0.12247467  0.08830833  0.97887421
10 48 47 662532 -0.123209    0.09239578  0.98367691
10 48 47 685544 -0.12347603  0.09828186  0.99058914
10 48 47 686900 -0.13039207  0.09288216  0.98830032
10 48 47 709201 -0.1277523   0.09375     0.98762894
10 48 47 732669 -0.12647629  0.08477974  0.98840523
10 48 47 734926 -0.12471962  0.08586311  0.98309135
10 48 47 758437 -0.12818336  0.08668709  0.98757744
10 48 47 781754 -0.12856674  0.09049034  0.99497032
10 48 47 788601 -0.12746811  0.09024048  0.99426079
10 48 47 805383 -0.12910843  0.0912571   0.99058723
10 48 47 828557 -0.12491417  0.08680725  0.98252106
10 48 47 831333 -0.12282562  0.08925247  0.98414993
10 48 47 857684 -0.12171936  0.09718132  0.99301338
10 48 47 876851 -0.12624741  0.09937096  0.9921608 
10 48 47 878985 -0.12821007  0.09350014  0.99116325
10 48 47 901341 -0.12251472  0.08888817  0.9823246 
10 48 47 924668 -0.11985397  0.0921154   0.97630692
10 48 47 927208 -0.11893272  0.0937748   0.98621941
10 48 47 949354 -0.12425995  0.09923744  1.00122643
10 48 47 972206 -0.12617683  0.10002327  0.99414635
10 48 47 977922 -0.12267685  0.09522438  0.98699188
10 48 47 997614 -0.12031364  0.09266663  0.97958565
10 48 48 20287 -0.11940765  0.09863853  0.9828949 
10 48 48 22684 -0.11450768  0.1021595   0.9887104 
10 48 48 44891 -0.114151    0.10027695  0.99586105
10 48 48 68063 -0.11762047  0.10323524  0.99469566
10 48 48 70331 -0.11841965  0.09269524  0.98677635
10 48 48 92620 -0.11536598  0.09195709  0.97971535
10 48 48 116670 -0.11791611  0.09467506  0.98928642
10 48 48 119270 -0.11793327  0.09398651  1.000494  
10 48 48 141253 -0.11631203  0.09529686  0.9936676 
10 48 48 164036 -0.12424278  0.09476662  0.99010849
10 48 48 166446 -0.12509346  0.0914402   0.98911476
10 48 48 188905 -0.12315178  0.08649445  0.98869896
10 48 48 212386 -0.11799431  0.09804153  0.98661232
10 48 48 215147 -0.11999893  0.09955215  0.98589134
10 48 48 236969 -0.12138939  0.09598923  0.99136543
10 48 48 260364 -0.12087822  0.09257698  0.98861122
10 48 48 263250 -0.11595917  0.08967781  0.99048805
10 48 48 284315 -0.11762619  0.09436798  0.99014473
10 48 48 308114 -0.11604691  0.0904026   0.99209023
10 48 48 311062 -0.11741447  0.09747505  0.98871613
10 48 48 405236 -0.11936188  0.09578133  0.99083519
10 48 48 407523 -0.12002373  0.09129143  0.98932838
10 48 48 409329 -0.11795616  0.09028053  0.99448204
10 48 48 411643 -0.11955452  0.08835411  0.99023819
10 48 48 413790 -0.11778259  0.09283829  0.98776436
10 48 48 416218 -0.11856651  0.09404373  0.98726654
10 48 48 428942 -0.11624146  0.09857941  0.97830009
10 48 48 431195 -0.11696243  0.09734917  0.98706055
10 48 48 455336 -0.11965942  0.08966637  0.99021912
10 48 48 477483 -0.11605263  0.08681679  0.99127769
10 48 48 480211 -0.11667252  0.08595848  0.98376274
10 48 48 501133 -0.12871742  0.08766747  0.9876709 
10 48 48 524927 -0.12461662  0.08532143  0.99362946
10 48 48 527402 -0.12352753  0.08438873  0.99289322
10 48 48 549852 -0.11979485  0.08939362  0.98588371
10 48 48 572786 -0.12248993  0.08760834  0.9887867 
10 48 48 574744 -0.11593437  0.08825684  0.99158096
10 48 48 597800 -0.11444855  0.09045601  0.98937607
10 48 48 620914 -0.11755562  0.0939312   0.98451614
10 48 48 623760 -0.11696243  0.08945084  0.98683548
10 48 48 645168 -0.11984634  0.08905029  0.9848156 
10 48 48 669419 -0.11855888  0.08538628  0.99032974
10 48 48 672099 -0.1133194   0.09810638  0.99965858
10 48 48 693946 -0.11219978  0.09851646  0.99615669
10 48 48 716784 -0.11192322  0.09350586  0.99548912
10 48 48 719213 -0.11224747  0.0912323   0.98182678
10 48 48 741587 -0.1122551   0.08884811  0.9808979 
10 48 48 764848 -0.1152668   0.09253883  0.98814201
10 48 48 767133 -0.11397934  0.09616852  0.99648476
10 48 48 788966 -0.11347389  0.0970974   0.99244499
10 48 48 812831 -0.11211967  0.094244    0.9914093 
10 48 48 815450 -0.11128235  0.09331322  0.98989105
10 48 48 838353 -0.11195946  0.08728409  0.99373817
10 48 48 871295 -0.11676216  0.09102821  0.99275398
10 48 48 900625 -0.11749458  0.08802223  0.98312759
10 48 48 917727 -0.11474991  0.09381104  0.98714066
10 48 48 936091 -0.11660576  0.09402084  0.99155617
10 48 48 957954 -0.10737419  0.09150696  0.98775101
10 48 48 974899 -0.10625648  0.09187126  0.98537636
10 48 48 986851 -0.11286354  0.08928299  0.99003601
10 48 49 7109 -0.11261177  0.087183    0.99710655
10 48 49 19672 -0.11854935  0.08906364  0.99557877
10 48 49 36362 -0.11362076  0.08911896  0.99733925
10 48 49 54557 -0.11203575  0.087883    0.98843384
10 48 49 69358 -0.1076107   0.08994102  0.98732948
10 48 49 80257 -0.10583496  0.0946579   0.98675156
10 48 49 99632 -0.11679268  0.08774948  0.99110222
10 48 49 114149 -0.11311913  0.08889198  0.98546982
10 48 49 130701 -0.11732483  0.09842491  0.97328568
10 48 49 147958 -0.11178017  0.0941658   0.9977932 
10 48 49 163654 -0.10638428  0.09506035  0.9882412 
10 48 49 179717 -0.10393715  0.08913803  0.98624039
10 48 49 190364 -0.103899    0.0833168   0.98117065
10 48 49 205615 -0.10913467  0.09156418  0.99117088
10 48 49 219954 -0.11526871  0.09054756  0.99556732
10 48 49 234104 -0.11356544  0.09216881  0.99704552
10 48 49 247398 -0.10892296  0.09195328  0.98578072
10 48 49 256492 -0.10664558  0.09236145  0.98980713
10 48 49 273177 -0.1034565   0.08922386  0.98796654
10 48 49 291847 -0.10977936  0.09454536  0.99379158
10 48 49 309000 -0.10899162  0.09202003  0.99321938
10 48 49 319487 -0.11102486  0.08938599  0.9924221 
10 48 49 336224 -0.11138535  0.09147453  0.98874283
10 48 49 353198 -0.10672951  0.09052658  0.98557091
10 48 49 373078 -0.10679817  0.09322548  0.98804855
10 48 49 393414 -0.10516739  0.09462166  0.99398994
10 48 49 410461 -0.10484505  0.08885002  0.99021912
10 48 49 429963 -0.10581779  0.08944321  0.9883194 
10 48 49 447928 -0.11053276  0.09072495  0.99071312
10 48 49 464264 -0.10798836  0.09278297  0.99338531
10 48 49 476776 -0.10792732  0.08955193  0.99024963
10 48 49 496954 -0.10222244  0.08954048  0.9828701 
10 48 49 513907 -0.10791206  0.08315468  0.98503876
10 48 49 526265 -0.10729218  0.09070969  0.9926548 
10 48 49 536870 -0.10823059  0.08814049  0.9999752 
10 48 49 550758 -0.10908127  0.08950043  0.99350929
10 48 49 565587 -0.10613441  0.08599281  0.99163628
10 48 49 580447 -0.10622597  0.0919342   0.98378181
10 48 49 596067 -0.10745621  0.09033394  0.98526001
10 48 49 665639 -0.10776138  0.08831787  0.98366737
10 48 49 683966 -0.09762764  0.09062767  0.98735809
10 48 49 698665 -0.10245323  0.09148026  0.98311424
10 48 49 711285 -0.10653687  0.08872604  0.99248886
10 48 49 720129 -0.10764313  0.08867455  0.99420738
10 48 49 737640 -0.10547066  0.08817482  0.99350357
10 48 49 752508 -0.10542297  0.09501839  0.98849106
10 48 49 771539 -0.11473274  0.08940506  1.01051903
10 48 49 782123 -0.1179142   0.08601379  0.99073219
10 48 49 797750 -0.10291862  0.07717323  0.99585915
10 48 49 807538 -0.10261536  0.08106613  0.97551918
10 48 49 809168 -0.09822845  0.09036064  0.98625946
10 48 49 811449 -0.09555435  0.10103989  0.99388313
10 48 49 816085 -0.1055603   0.08427429  0.99732208
10 48 49 818129 -0.09573746  0.08224297  0.97024345
10 48 49 820315 -0.10668945  0.087286    0.97877121
10 48 49 822240 -0.11464119  0.08742523  1.00476265
10 48 49 845521 -0.10819244  0.08248901  1.00977898
10 48 49 868838 -0.11149025  0.08634758  0.98779869
10 48 49 872289 -0.10924911  0.08073997  0.9884243 
10 48 49 893278 -0.10804749  0.08067703  0.99959183
10 48 49 916659 -0.11601067  0.08703995  1.00203514
10 48 49 918507 -0.1099968   0.08446884  0.99133873
10 48 49 941621 -0.10566902  0.08395386  0.98683739
10 48 49 965144 -0.1038723   0.09116173  0.98044205
10 48 49 970585 -0.10182953  0.08909035  0.98291588
10 48 49 991506 -0.10455894  0.08728027  0.99136734
10 48 50 12540 -0.1086998   0.08302498  0.9922905 
10 48 50 14681 -0.09981346  0.12083626  0.9395752 
10 48 50 48814 -0.10669327  0.09192657  0.98942184
10 48 50 73330 -0.11089325  0.10039711  1.02206612
10 48 50 105174 -0.10804176  0.10494804  1.00296211
10 48 50 108163 -0.09379005  0.09687614  0.98361588
10 48 50 110704 -0.08165359  0.09429741  0.96471405
10 48 50 113861 -0.07864189  0.09586525  0.97190475
10 48 50 139341 -0.07920647  0.09835434  0.9789238 
10 48 50 169240 -0.09229279  0.11005783  0.99281883
10 48 50 171497 -0.09579849  0.10887337  1.00252533
10 48 50 180314 -0.09895134  0.10173607  0.99411583
10 48 50 182627 -0.10064697  0.089468    0.9913311 
10 48 50 205387 -0.09451485  0.08991432  0.98697472
10 48 50 228766 -0.09063148  0.10593414  1.00296402
10 48 50 231428 -0.09215736  0.09910011  0.9991436 
10 48 50 253215 -0.10029984  0.08818436  0.99430275
10 48 50 276427 -0.10127449  0.07860756  0.98051643
10 48 50 279426 -0.10309601  0.08608246  0.97815514
10 48 50 301437 -0.10853958  0.09428596  0.99616623
10 48 50 331692 -0.10754967  0.08799744  1.00287819
10 48 50 343494 -0.10308838  0.08693314  0.98265076
10 48 50 360238 -0.10515404  0.09663773  0.98487473
10 48 50 372246 -0.11964989  0.11022758  1.01855278
10 48 50 374091 -0.1222496   0.08353806  1.00967979
10 48 50 397189 -0.09430313  0.0754776   0.97286987
10 48 50 420083 -0.07804298  0.09044075  0.94915581
10 48 50 422030 -0.10256958  0.10313416  0.99458504
10 48 50 444803 -0.11380577  0.08707047  1.02385521
10 48 50 468171 -0.095047    0.06733322  0.97952843
10 48 50 470849 -0.09542847  0.07980156  0.94780922
10 48 50 492958 -0.09757042  0.08156013  1.00111008
10 48 50 516529 -0.10448074  0.08530045  1.03753853
10 48 50 518877 -0.11286736  0.08725357  1.01247215
10 48 50 540491 -0.11082649  0.08160973  0.98381042
10 48 50 563981 -0.11562347  0.06818199  0.98633003
10 48 50 566440 -0.12685013  0.07458496  1.00108528
10 48 50 589407 -0.12061119  0.08285141  0.98657036
10 48 50 612038 -0.11221504  0.07526398  0.97525978
10 48 50 613990 -0.10705376  0.07175446  0.98654366
10 48 50 636621 -0.10849953  0.08685303  0.99043274
10 48 50 661256 -0.11441803  0.08405876  0.9851017 
10 48 50 664579 -0.12429237  0.07867813  0.99014473
10 48 50 685071 -0.12013817  0.07835579  0.98784637
10 48 50 707907 -0.11986732  0.07936859  0.97942162
10 48 50 709870 -0.11528397  0.07570267  0.99573517
10 48 50 732488 -0.11035728  0.0862236   1.00513268
10 48 50 755891 -0.11288071  0.08441353  1.00344658
10 48 50 757864 -0.11147881  0.07727051  0.99507713
10 48 50 785746 -0.11159134  0.07446671  0.99085236
10 48 50 877225 -0.11911011  0.0793972   0.99051666
10 48 50 879663 -0.11870956  0.08669853  0.99322128
10 48 50 882166 -0.12047958  0.09043694  0.99269867
