15 21 5 403446 -0.0065279  -0.05465412  1.00062156
15 21 11 354688 -0.00593209 -0.05508995  0.99922013
15 21 17 306473 -0.00808024 -0.05565619  1.0009141 
15 21 23 258752 -0.00753403 -0.05818748  0.99908543
15 21 23 688673 -0.00695276 -0.05709171  0.99932432
15 21 24 118447 -0.00980806 -0.05657887  1.00230765
15 21 24 548005 -0.0100677  -0.05369425  1.0014298 
15 21 24 978078 -0.00734735 -0.0561862   1.00170326
15 21 25 408733 -0.00830936 -0.05630708  1.00161529
15 21 25 838481 -0.00792408 -0.05494738  1.00089264
15 21 26 268913 -0.00728798 -0.05505347  1.00003362
15 21 26 699194 -0.00678563 -0.05511546  1.00140309
15 21 27 129424 -0.00612664 -0.05477381  1.00164938
15 21 27 558450 -0.00834227 -0.05505061  1.00167966
15 21 27 988035 -0.00904346 -0.05434704  1.00113773
15 21 28 418311 -0.00569749 -0.05562091  1.00257254
15 21 28 848351 -0.00375009 -0.05595398  1.00180006
15 21 29 278687 -0.00615239 -0.05773187  1.00055885
15 21 29 708592 -0.00833249 -0.05537581  0.99969745
15 21 30 139077 -0.00716186 -0.05513668  0.99839115
15 21 30 568388 -0.00657439 -0.05748391  1.00372958
15 21 30 999162 -0.00750351 -0.05660081  0.99850106
15 21 31 428645 -0.00697231 -0.05549479  1.00094843
15 21 31 858289 -0.00927734 -0.05770779  0.99781537
15 21 33 851608 -0.00705981 -0.05676341  1.00058246
15 21 34 281548 -0.01000309 -0.05579758  0.99861264
15 21 34 711492 -0.00772834 -0.05660725  1.00073242
15 21 35 141004 -0.00479865 -0.0574491   1.00134969
15 21 35 571378 -0.00771594 -0.05409145  0.99709892
15 21 36 1834 -0.00573564 -0.05669856  1.00074005
15 21 36 431595 -0.00798631 -0.05515933  1.00332999
15 21 36 861054 -0.00899315 -0.05504847  1.00153089
15 21 37 290940 -0.00686979 -0.05326724  1.00415826
15 21 37 721056 -0.00935841 -0.05576682  1.00209308
15 21 38 151944 -0.00849056 -0.05351853  1.00226021
15 21 38 582512 -0.00870681 -0.05427504  1.00175476
15 21 39 11671 -0.00530219 -0.05388618  0.99986243
15 21 39 441635 -0.00637865 -0.05638957  0.99880815
15 21 39 872182 -0.00891447 -0.05530596  0.99991488
15 21 40 302307 -0.00361633 -0.05730534  1.00220466
15 21 43 278602 -0.00664401 -0.05548954  1.00110769
15 21 46 254842 -0.00809455 -0.05377078  1.00055313
15 21 49 230838 -0.00821114 -0.05854964  1.00012231
15 21 52 207377 -0.00520897 -0.05375195  0.99620175
15 21 55 182949 -0.00529647 -0.05713964  1.00165319
15 21 58 158273 -0.00606728 -0.05420351  1.0007112 
15 22 1 133863 -0.00786638 -0.05392718  1.00121951
15 22 7 85274 -0.00460649 -0.05490327  1.00190568
