10 30 0 481068  0.00034428 -0.0005846  -0.00290489
10 30 0 487448  0.00071144 -0.00078583 -0.00238705
10 30 0 530893  0.00041533 -0.00081205 -0.00305891
10 30 0 579399  0.00056696 -0.00075865 -0.00316525
10 30 0 631459  0.00029278 -0.000525   -0.00298977
10 30 0 681019 -3.24249268e-05 -1.00326538e-03 -2.97451019e-03
10 30 0 736658  0.00035381 -0.00094986 -0.00241899
10 30 0 785094  0.00014448 -0.00097942 -0.00292158
10 30 0 828310 -0.00021505 -0.00060654 -0.00273657
10 30 0 880131 -0.00019503 -0.00093412 -0.00289011
10 30 0 929309 -0.0001111  -0.00069952 -0.00299311
10 30 0 980696 -0.00018692 -0.00073862 -0.00291443
10 30 1 29727  0.00038958 -0.00093746 -0.00272036
10 30 1 81930 -0.00029564 -0.00079966 -0.00312376
10 30 1 131465 -0.00028229 -0.00126171 -0.00307083
10 30 1 180922 -5.24520874e-06 -6.99043274e-04 -2.89011002e-03
10 30 1 231398  5.00679016e-05 -6.53266907e-04 -2.76803970e-03
10 30 1 280781  2.38418579e-05 -1.09481812e-03 -3.04889679e-03
10 30 1 332662 -0.00059271 -0.00088596 -0.00320053
10 30 1 381338 -0.00061131 -0.00095081 -0.00343657
10 30 1 428417 -0.00010252 -0.00071907 -0.00282431
10 30 1 479869 -0.00022078 -0.00079727 -0.00256777
10 30 1 531548 -0.00038242 -0.00081158 -0.00304461
10 30 1 580715 -0.00068617 -0.00070381 -0.00286341
10 30 1 630243 -0.00013685 -0.00106239 -0.00327015
10 30 1 679518 -0.00054884 -0.00113249 -0.00308514
10 30 1 730929 -0.00075817 -0.00104046 -0.00314379
10 30 1 782269 -0.00047684 -0.00041151 -0.00321817
10 30 1 831971 -0.00036669 -0.00113249 -0.00310802
10 30 1 879826 -0.00059748 -0.0012393  -0.00301504
10 30 1 932122 -0.00088787 -0.00095558 -0.00329542
10 30 1 982607 -0.00055504 -0.00085878 -0.00268602
10 30 2 28547 -0.00054884 -0.00102568 -0.00314951
10 30 2 88463 -0.00036716 -0.00055552 -0.00376511
10 30 2 124804 -0.00058174 -0.0007391  -0.00294828
10 30 2 183270 -0.00055361 -0.00097847 -0.003407  
10 30 2 233382 -0.00062752 -0.00075388 -0.00305605
10 30 2 277901 -0.00058746 -0.00083637 -0.00275421
10 30 2 331851 -0.0007205  -0.000597   -0.00339413
10 30 2 380426 -0.00070715 -0.00094843 -0.0028286 
10 30 2 432478 -0.00061893 -0.00045681 -0.00307608
10 30 2 480939 -0.00040245 -0.0003643  -0.00298309
10 30 2 531786 -0.00091314 -0.00105858 -0.00279665
10 30 2 581065 -0.00074577 -0.00029802 -0.00303984
10 30 2 628186 -0.00071812 -0.00040388 -0.00309086
10 30 2 681088 -0.00063848 -0.00073338 -0.0028038 
10 30 2 729510  0.00012589 -0.00038242 -0.00256729
10 30 2 783566 -0.00053215 -0.00021076 -0.00339413
10 30 2 839506 -0.00036669 -0.0003109  -0.00317192
10 30 2 906633 -0.00043154 -0.00054979 -0.00295162
10 30 2 954248 -0.00014257 -0.00029087 -0.00310707
10 30 2 998699 -0.00050735 -0.00027132 -0.00290537
10 30 3 50615 -0.00012207 -0.00079536 -0.00300217
10 30 3 93816 -9.29832458e-05 -6.05583191e-04 -2.96163559e-03
10 30 3 165285 -2.81333923e-05 -6.12735748e-04 -3.08990479e-03
10 30 3 224144  4.67300415e-05 -7.96318054e-05 -2.95829773e-03
10 30 3 274726 -0.0002718  -0.00077772 -0.00308037
10 30 3 326739  2.32696533e-04 -3.57627869e-05 -2.75707245e-03
10 30 3 371365  0.00013208 -0.00038195 -0.00340223
10 30 3 424318 -2.81333923e-05 -4.09126282e-04 -2.59447098e-03
10 30 3 480139 -1.90734863e-06 -1.20639801e-04 -3.09944153e-03
10 30 3 532362 -0.00020218  0.00031042 -0.00272465
10 30 3 569102  0.00021362 -0.00021648 -0.00279284
10 30 3 608456  0.0002141  -0.00024891 -0.00287485
10 30 3 651791 -7.67707825e-05  2.46524811e-04 -2.67171860e-03
10 30 3 695952  0.00032282  0.00010681 -0.00282717
10 30 3 754570 -3.05175781e-05  2.74658203e-04 -2.73609161e-03
10 30 3 802673  0.00052786  0.00022745 -0.00309896
10 30 3 852668  1.25885010e-04  6.53266907e-05 -2.53772736e-03
10 30 3 902621 -3.67164612e-05  1.52587891e-05 -3.23629379e-03
10 30 3 945192  0.00046015  0.0001297  -0.0026927 
10 30 3 996163  5.23090363e-04 -3.00407410e-05 -3.39746475e-03
10 30 4 29236  6.22272491e-04  3.05175781e-05 -2.87818909e-03
10 30 4 81848  9.62734222e-04 -8.48770142e-05 -3.00312042e-03
10 30 4 129650  0.00046635  0.0004878  -0.00326061
10 30 4 178920  0.00070429 -0.00014162 -0.00311375
10 30 4 231172  0.00044346 -0.00012255 -0.00299978
10 30 4 281236  5.67436218e-04 -8.20159912e-05 -2.50577927e-03
10 30 4 331651  3.81946564e-04  1.38282776e-05 -3.23772430e-03
10 30 4 380250  0.00060892 -0.00012445 -0.00321388
10 30 4 427456  0.00070858 -0.00018072 -0.00281096
10 30 4 479194  0.00102901  0.00036955 -0.00298977
10 30 4 530025  0.00041962  0.00018501 -0.00307226
10 30 4 580773  0.00082588 -0.00022364 -0.00297213
10 30 4 629562  0.00076723  0.00020647 -0.00314713
10 30 4 678878  0.00071526 -0.00013781 -0.00312471
10 30 4 730058  0.00059366  0.00013542 -0.00298405
10 30 4 781818  1.01947784e-03 -4.52995300e-05 -3.35454941e-03
10 30 4 830546  0.00103235 -0.00011349 -0.00318384
10 30 4 878488  0.00055838 -0.00031567 -0.00317526
10 30 4 929989  0.00081205  0.00030565 -0.00327873
10 30 4 980874  1.02233887e-03 -5.62667847e-05 -3.17335129e-03
10 30 5 27316  0.00097513  0.00013304 -0.00330734
10 30 5 89611  8.58306885e-04 -2.24113464e-05 -2.90679932e-03
10 30 5 129059  1.14917755e-03 -2.81333923e-05 -3.25012207e-03
10 30 5 179759  0.00077915  0.00019026 -0.00333738
10 30 5 228789  0.00137234  0.0002737  -0.00313234
10 30 5 279193  0.00119066 -0.00010777 -0.00296068
10 30 5 329873  0.00114918 -0.00012207 -0.0028882 
10 30 5 379001  1.40619278e-03  4.29153442e-06 -3.22389603e-03
10 30 5 431256  0.00130224  0.00016785 -0.00321531
10 30 5 480283  0.00102234  0.00032139 -0.00264788
10 30 5 532077  0.00111341 -0.00011158 -0.00308228
10 30 5 580348  0.00108576  0.0001874  -0.00290537
10 30 5 627556  1.23167038e-03  5.43594360e-05 -2.92301178e-03
10 30 5 678991  0.00129795 -0.00012636 -0.00290155
10 30 5 728349  0.00130224  0.00055647 -0.00297022
10 30 5 780954  8.11576843e-04 -2.57492065e-05 -3.18574905e-03
10 30 5 835248  0.00106716  0.00016975 -0.0030489 
10 30 5 902315  1.36232376e-03  9.72747803e-05 -2.87055969e-03
10 30 5 942349  0.00116062 -0.00018406 -0.00267172
10 30 5 997018  0.00111437  0.00042152 -0.00270557
10 30 6 53070  0.00115919 -0.00044298 -0.00268078
10 30 6 94798  0.00086594  0.0001173  -0.00268316
10 30 6 131694  0.00112057  0.00040674 -0.00289822
10 30 6 180871  0.0012536   0.00025225 -0.00287008
10 30 6 227256  1.26647949e-03 -1.23977661e-05 -3.06797028e-03
10 30 6 279397  1.55735016e-03 -3.48091125e-05 -3.21483612e-03
10 30 6 328380  1.41429901e-03 -9.53674316e-05 -3.34548950e-03
10 30 6 379684  0.00141144  0.00013208 -0.00298357
10 30 6 429917  0.0016222  -0.00013447 -0.00263453
10 30 6 480237  0.00138378  0.00025129 -0.0029645 
10 30 6 530629  0.00174332  0.00041676 -0.00297785
10 30 6 580041  0.001719    0.00033569 -0.00282097
10 30 6 631651  0.00180435  0.00029135 -0.00292253
10 30 6 681399  0.0022254  -0.00019121 -0.00287294
10 30 6 735405  0.00174093  0.00017405 -0.00287914
10 30 6 784013  0.00173187  0.00018024 -0.00250101
10 30 6 847769  1.36852264e-03  4.76837158e-07 -5.62511921e-01
10 30 6 898948  0.00139189  0.00031757 -0.00318384
10 30 6 949990  1.72472000e-03  7.00950623e-05 -2.79045105e-03
10 30 6 992820  0.00140953  0.00028706 -0.00307846
10 30 7 30246  0.00087118 -0.0011816  -0.00208759
10 30 7 82527  0.00091028 -0.0014677  -0.00183725
10 30 7 131637  0.00097084 -0.00143528 -0.00205278
10 30 7 179227  0.00106144 -0.00138044 -0.00175476
10 30 7 231851  0.00087023 -0.00132179 -0.00187397
10 30 7 280606  0.00112867 -0.00130653 -0.00148773
10 30 7 332206  0.00167084 -0.00166512 -0.00170612
10 30 7 381358  0.00164127 -0.00095749 -0.00150299
10 30 7 428351  0.00156927 -0.00119734 -0.00122929
10 30 7 479458  0.00141954 -0.00128937 -0.0008812 
10 30 7 529740  0.00116444 -0.00094604 -0.00097752
10 30 7 580658  0.00155592 -0.00109005 -0.00167799
10 30 7 629839  0.00159168 -0.00124693 -0.00118017
10 30 7 678548  0.00118828 -0.00154543 -0.00132275
10 30 7 730641  0.0012207  -0.00111628 -0.00156069
10 30 7 781559  0.00138807 -0.00080872 -0.00153399
10 30 7 831189  0.00183773 -0.00084925 -0.00132656
10 30 7 889123  0.00180578 -0.00089502 -0.00111866
10 30 7 931490  0.00244951 -0.00093079 -0.00128555
10 30 7 981266  0.0023241  -0.00090265 -0.0014782 
10 30 8 28336  0.00264597 -0.00092316 -0.00162506
10 30 8 87372  0.00274515 -0.00073385 -0.00139475
10 30 8 129034  0.00308895 -0.00043917 -0.001441  
10 30 8 180265  0.00310278 -0.00092936 -0.0014801 
10 30 8 229309  0.00332642 -0.00072384 -0.00117731
10 30 8 279354  0.00438261 -0.00093126 -0.00152159
10 30 8 330376  0.00437975 -0.00058842 -0.00166941
10 30 8 380369  3.53813171e-03  6.58035278e-05 -1.62792206e-03
10 30 8 430762  0.00214386 -0.00015879 -0.0017848 
10 30 8 480915  0.00210142 -0.00034285 -0.00165653
10 30 8 531933  0.00290155 -0.00095034 -0.00225067
10 30 8 581832  0.00334167 -0.00060701 -0.00173521
10 30 8 628193  0.0030632  -0.00041819 -0.00201702
10 30 8 679185  2.57492065e-03  4.81605530e-05 -1.45530701e-03
10 30 8 729108  2.55537033e-03  1.76429749e-05 -1.59645081e-03
10 30 8 785946  0.00293732 -0.00068092 -0.0019455 
10 30 8 829292  0.00396538 -0.00067663 -0.00201607
10 30 8 878148  3.01647186e-03  9.77516174e-05 -1.96695328e-03
10 30 8 940966  1.84249878e-03 -7.43865967e-05 -1.49726868e-03
10 30 9 6960  0.00126982  0.00023985 -0.00106955
10 30 9 49115  0.00207424  0.00084543 -0.00146866
10 30 9 94556  0.00186872  0.00058079 -0.00156164
10 30 9 131460  0.00065231  0.00060511 -0.00158787
10 30 9 180256  0.0002017   0.001091   -0.00175524
10 30 9 226990  0.00020504  0.00136089 -0.00165987
10 30 9 278665  0.00044346  0.00132656 -0.00219774
10 30 9 331332  3.86238098e-05  8.18729401e-04 -2.46429443e-03
10 30 9 410798  0.00022745  0.00148058 -0.00209045
10 30 9 428518 -0.00020885  0.00127697 -0.00182724
10 30 9 478447 -3.09944153e-05  1.26266479e-03 -2.61402130e-03
10 30 9 530180  0.00048828  0.00084496 -0.00194931
10 30 9 578710  0.00084448  0.00022221 -0.00215244
10 30 9 630455  0.00111103  0.00036764 -0.0018425 
10 30 9 679644  1.15442276e-03  3.76701355e-05 -1.82342529e-03
10 30 9 731277  1.78527832e-03 -4.62532043e-05 -1.72615051e-03
10 30 9 783713  0.00252247  0.00041485 -0.00212097
10 30 9 827534  0.00206137 -0.0001545  -0.00231934
10 30 9 879087  0.00213146  0.00041485 -0.00191307
10 30 9 927871  0.00167131  0.00024557 -0.00205946
10 30 9 980196  1.53255463e-03  5.81741333e-05 -1.78480148e-03
10 30 10 29013  0.00164413  0.00020695 -0.00225163
10 30 10 81509  0.00148869  0.000319   -0.00210333
10 30 10 129788  0.00112629  0.00111294 -0.00223494
10 30 10 179362  0.00122452  0.00023508 -0.00257206
10 30 10 231492  0.0008316   0.00052691 -0.00181198
10 30 10 280114  0.00148964  0.00013399 -0.00161219
10 30 10 331787  0.00139904  0.00021076 -0.00203753
10 30 10 380705  0.00103664  0.00032234 -0.0018239 
10 30 10 428108  0.00116014  0.00034571 -0.00146341
10 30 10 479018  0.00117397 -0.000175   -0.00154305
10 30 10 528231  0.00137615  0.00031567 -0.00106335
10 30 10 580095  0.00145197 -0.00013876 -0.00142002
10 30 10 659150  0.00082064  0.00076008 -0.00105095
10 30 10 714126  0.00080252  0.00027657 -0.00118923
10 30 10 751690  0.00101614  0.00052357 -0.00082111
10 30 10 797399  0.00094509  0.00057602 -0.00141048
10 30 10 847706  1.29699707e-03 -4.24385071e-05 -1.35946274e-03
10 30 10 895307  0.00116873  0.00054121 -0.00138903
10 30 10 931465  0.00061893  0.00055408 -0.00171661
10 30 10 980336  0.00171471  0.00062084 -0.00161028
10 30 11 27654  0.00161839  0.00030851 -0.00180531
10 30 11 94331  0.0018425   0.00033569 -0.00153875
10 30 11 123866  0.00185633  0.00047207 -0.00201988
10 30 11 183001  0.0023756   0.00026655 -0.00159502
10 30 11 229202  0.00161552 -0.0001092  -0.00175905
10 30 11 278782  0.00177383  0.00019741 -0.00115061
10 30 11 329921  0.00186682  0.000103   -0.00162268
10 30 11 379002  0.00158119  0.00016165 -0.00159836
10 30 11 431777  0.00128889  0.00043249 -0.00167036
10 30 11 479667  0.00132179  0.00027132 -0.00180435
10 30 11 533212  0.00105143  0.00019646 -0.0015521 
10 30 11 580546  0.00092983  0.00029087 -0.00191927
10 30 11 627542  0.00104809  0.00010347 -0.002244  
10 30 11 679195  1.45578384e-03 -3.57627869e-05 -1.73425674e-03
10 30 11 729236  0.00089598  0.00051451 -0.00191832
10 30 11 781060  0.00066185  0.00013256 -0.00196838
10 30 11 828843  0.00088358  0.00050449 -0.00233507
10 30 11 877536  0.00106001  0.00037289 -0.00217819
10 30 11 930223  0.00133991  0.00021935 -0.00225163
10 30 11 979557  0.00190258  0.00070333 -0.00190973
10 30 12 31201  0.00165272  0.00076818 -0.00213385
10 30 12 82270  1.52111053e-03 -5.76972961e-05 -1.40905380e-03
10 30 12 130639  0.00126266  0.00053501 -0.00139475
10 30 12 202416  0.00091362  0.00064468 -0.00173044
10 30 12 249620  0.00054836  0.00012302 -0.00179005
10 30 12 291536  0.0005393   0.00024271 -0.00154924
10 30 12 349994  0.00047636  0.00026894 -0.00162411
10 30 12 392274  0.00037384  0.00042677 -0.00161648
10 30 12 429871 -9.53674316e-06 -1.75952911e-04 -1.63841248e-03
10 30 12 478411  5.57899475e-05  3.19957733e-04 -2.02798843e-03
10 30 12 529999 -1.63078308e-04  8.15391541e-05 -1.22594833e-03
10 30 12 579367 -1.33514404e-05  3.52859497e-05 -1.61981583e-03
10 30 12 629841  0.00015211  0.00024986 -0.00191259
10 30 12 679874 -0.00021553  0.00014067 -0.00154114
10 30 12 731112  8.63075256e-05  2.59876251e-04 -1.56545639e-03
10 30 12 786745 -9.67979431e-05  2.93731689e-04 -1.62315369e-03
10 30 12 828837  0.00036573 -0.00037241 -0.00162601
10 30 12 881028  0.00051308 -0.00029516 -0.00133896
10 30 12 928979  0.00063658 -0.00012875 -0.00154495
10 30 12 980247  0.00078392  0.00031519 -0.00161219
10 30 13 28572  0.00091267  0.00037861 -0.0014534 
10 30 13 80688  0.00121307  0.00048399 -0.0015974 
10 30 13 130035  0.00098038  0.00021076 -0.00155735
10 30 13 179226  0.00138235  0.00055218 -0.00169849
10 30 13 230359  0.00177574  0.00029945 -0.00127268
10 30 13 279325  0.00131512  0.00028276 -0.00143719
10 30 13 336561  0.00140095  0.00045967 -0.00131464
10 30 13 380491 -0.00196123 -0.00111198  0.00061083
10 30 13 427725 -0.00153923 -0.00136757  0.00112247
10 30 13 490759 -0.00199413 -0.00136185  0.00105667
10 30 13 545526 -0.0019784  -0.0013566   0.00059414
10 30 13 592708 -0.00193024 -0.00110435  0.00066185
10 30 13 644707 -0.00186872 -0.00145626  0.00072241
10 30 13 677874 -0.00192165 -0.00105524  0.00075912
10 30 13 745922 -0.00217199 -0.0017271   0.00031948
10 30 13 796605 -0.00236225 -0.00111628  0.00043488
10 30 13 830354 -0.00224018 -0.00107336  0.00087547
10 30 13 895464 -0.00242567 -0.00152826  0.00087118
10 30 13 930402 -0.00258732 -0.00154638  0.00060225
10 30 13 979967 -0.00255299 -0.0015173   0.00056696
10 30 14 27484 -0.002913   -0.0014534   0.00076199
10 30 14 87473 -0.00240946 -0.00184774  0.00063753
10 30 14 129063 -0.00238895 -0.00119019  0.00063801
10 30 14 180252 -0.00272751 -0.0017066   0.00026035
10 30 14 228914 -0.00249147 -0.00180578  0.00043058
10 30 14 279089 -0.00274992 -0.00118446  0.00086212
10 30 14 329865 -0.00279474 -0.00194073  0.00068855
10 30 14 378454 -0.00259161 -0.00108194  0.00062323
10 30 14 430929 -0.00276852 -0.00127459  0.00079489
10 30 14 480582 -0.00298548 -0.00109959  0.00059938
10 30 14 532080 -0.00231123 -0.00148821  0.00070763
10 30 14 581188 -0.00305367 -0.00180244  0.00073719
10 30 14 627825 -0.00279331 -0.00079775  0.00068331
10 30 14 679258 -0.00250673 -0.00174665  0.00109625
10 30 14 729255 -0.00256777 -0.00125217  0.00053453
10 30 14 780476 -0.00294638 -0.00159407  0.00095463
10 30 14 835573 -0.00230837 -0.0012989   0.00091887
10 30 14 896853 -0.00212431 -0.00101376  0.00110531
10 30 14 941542 -0.00270081 -0.00133991  0.00094652
10 30 15 260 -0.00234509 -0.00097275  0.0008893 
10 30 15 46089 -0.00253057 -0.00130367  0.00120687
10 30 15 95604 -0.0022192  -0.00118065  0.00120831
10 30 15 146542 -0.00238991 -0.0011797   0.0010581 
10 30 15 197504 -0.00256824 -0.00140619  0.00107813
10 30 15 247449 -0.00265884 -0.00145578  0.00144291
10 30 15 288504 -0.00230169 -0.00099373  0.00114107
10 30 15 328478 -0.0023942  -0.0014472   0.00114155
10 30 15 379948 -0.00282288 -0.0014677   0.00122452
10 30 15 429264 -0.00232744 -0.00066853  0.00097847
10 30 15 477649 -0.00233459 -0.00091267  0.00089693
10 30 15 529650 -0.00271606 -0.00123072  0.00117254
10 30 15 578391 -0.00224352 -0.00103664  0.00136423
10 30 15 630571 -0.00238419 -0.00119114  0.001091  
10 30 15 679398 -0.00239706 -0.00070286  0.00095177
10 30 15 731228 -0.00244474 -0.00066423  0.00117016
10 30 15 783274 -0.002285   -0.00074291  0.00114679
10 30 15 827355 -0.00214672 -0.00115347  0.00117397
10 30 15 879000 -0.0022912  -0.00054598  0.0013423 
10 30 15 928340 -0.00208092 -0.0009017   0.00080013
10 30 15 979922 -0.00186062 -0.00103378  0.00062943
10 30 16 30367 -0.00153446 -0.00082541  0.00085974
10 30 16 81197 -0.00165939 -0.00057364  0.00108719
10 30 16 130487 -0.0018549  -0.00045061  0.00086975
10 30 16 179604 -0.00172186 -0.00048351  0.00063086
10 30 16 231014 -0.0017724  -0.0004859   0.00103712
10 30 16 279459 -2.13432312e-03  5.24520874e-06  1.18589401e-03
10 30 16 331912 -0.00154448 -0.00049734  0.00111532
10 30 16 380726 -0.00217772 -0.00086403  0.00116062
10 30 16 428193 -0.00190926 -0.0002737   0.00088406
10 30 16 479002 -0.00184536 -0.00047588  0.00096035
10 30 16 529492 -0.00150299 -0.00013971  0.001019  
10 30 16 579821 -0.0017004  -0.00054073  0.00111771
10 30 16 628716 -0.00155449 -0.00109434  0.00119495
10 30 16 677600 -0.00161552 -0.00053167  0.00119829
10 30 16 730337 -0.00148964 -0.00019884  0.00117207
10 30 16 781464 -0.00119114 -0.00039387  0.0014143 
10 30 16 830581 -1.52111053e-03 -6.15119934e-05  1.28221512e-03
10 30 16 878579 -0.00154495 -0.00047779  0.0011425 
10 30 16 931386 -0.00050688  0.00025558  0.00157833
10 30 16 980256 -0.00120687 -0.00010252  0.00148201
10 30 17 28327 -1.09338760e-03 -1.76429749e-05  1.23310089e-03
10 30 17 87442 -0.00075912  0.00039482  0.00171232
10 30 17 123785 -7.89165497e-04 -4.43458557e-05  9.91344452e-04
10 30 17 181870 -0.00076628  0.0001235   0.00183582
10 30 17 228873 -0.0007143   0.0002327   0.00163412
10 30 17 278564 -0.00085688  0.00053787  0.00180817
10 30 17 331135 -0.00092983  0.00022316  0.00144339
10 30 17 379978 -0.00020123  0.00027514  0.00171566
10 30 17 430816 -0.00020409  0.00044966  0.00145197
10 30 17 479863 -0.00039864  0.00024986  0.00165319
10 30 17 532074 -0.00036621  0.00026131  0.00168848
10 30 17 580953 -0.00032806  0.00056696  0.00207663
10 30 17 627727 -0.00036716  0.00057125  0.00142622
10 30 17 679027 -0.00055408  0.0005393   0.00161409
10 30 17 728517 -0.00048733  0.0007534   0.00147247
10 30 17 780430 -0.00018358  0.00066328  0.00190639
10 30 17 828055 -0.00040674  0.00089264  0.00180101
10 30 17 877518 -4.91142273e-05  1.04618073e-03  1.59549713e-03
10 30 17 930567 0.00030279 0.00059032 0.00194979
10 30 17 979538 1.95503235e-05 7.66277313e-04 2.12383270e-03
10 30 18 30056 0.00047398 0.00072098 0.00167418
10 30 18 82180 0.00037766 0.00078392 0.00142717
10 30 18 133523 0.00032663 0.00098515 0.00184917
10 30 18 181020 -7.24792480e-05  6.92367554e-04  1.70516968e-03
10 30 18 227863 0.00012159 0.00188589 0.00199127
10 30 18 280274 0.00031996 0.00066996 0.00208187
10 30 18 328724 0.00059414 0.0009861  0.00194216
10 30 18 380108 0.00075293 0.00114012 0.00212574
10 30 18 429309 -0.00013399  0.00078964  0.0018115 
10 30 18 478096 0.00034809 0.00141525 0.00233459
10 30 18 547187 0.0001092  0.0011034  0.00164747
10 30 18 596657 0.00049973 0.00106239 0.00229311
10 30 18 650552 0.00027084 0.00130177 0.00186443
10 30 18 697429 0.00081062 0.00086403 0.0020237 
10 30 18 749781 0.00061893 0.00114393 0.00209713
10 30 18 801514 0.00108242 0.00130844 0.00241661
10 30 18 847744 0.0011158 0.0009923 0.0023942
10 30 18 899513 0.001122   0.00125885 0.00214863
10 30 18 950207 0.00086546 0.00113392 0.00256872
10 30 18 995239 0.00068855 0.00145721 0.00242281
10 30 19 29413 0.0014267  0.00118065 0.00222921
10 30 19 96371 0.00127125 0.00163412 0.00254869
10 30 19 145437  9.64641571e-04  6.67572021e-06 -3.65623999e+00
10 30 19 194326 0.00085211 0.00111437 0.00235462
10 30 19 250757 0.00136805 0.00111628 0.0024991 
10 30 19 296321 0.00134945 0.00128603 0.00250101
10 30 19 351603 -0.00266457  0.0013876   0.00566053
10 30 19 401934 -0.00273609  0.00124168  0.00573587
10 30 19 445524 -0.00276804  0.00148535  0.00590038
10 30 19 491778 -0.00328779  0.00163794  0.0062499 
10 30 19 542679 -0.00292635  0.00135994  0.00590086
10 30 19 592693 -0.00301409  0.00111532  0.00634909
10 30 19 646080 -0.00319672  0.00183201  0.00626564
10 30 19 707873 -0.00369835  0.0016489   0.00595617
10 30 19 745278 -0.0041151   0.00128651  0.00580835
10 30 19 794485 -0.00394392  0.00155401  0.00604916
10 30 19 830322 -0.00381851  0.00157213  0.00611591
10 30 19 878416 -0.0040741   0.00157881  0.00595331
10 30 19 931003 -0.00452137  0.00222158  0.00588369
10 30 19 980047 -0.00422001  0.00122643  0.00606346
10 30 20 27092 -0.00394678  0.00197077  0.00648737
10 30 20 87955 -0.00410748  0.00182199  0.00616312
10 30 20 124351 -0.00417995  0.0019846   0.00588751
10 30 20 182944 -0.00403643  0.00213909  0.00653505
10 30 20 230998 -0.00450897  0.00190783  0.00626755
10 30 20 278228 -0.00468731  0.0019145   0.00656223
10 30 20 330565 -0.00452042  0.00158453  0.00618935
10 30 20 378884 -0.00462675  0.00146866  0.00619411
10 30 20 430979 -0.00435066  0.0014286   0.00650978
10 30 20 480082 -0.00430441  0.00169325  0.00621939
10 30 20 531257 -0.00478172  0.00158405  0.00611401
10 30 20 579567 -0.00486183  0.00174713  0.00634527
10 30 20 626745 -0.00497818  0.00188971  0.00616121
10 30 20 678228 -0.00508881  0.00147915  0.00658274
10 30 20 728209 -0.00470877  0.00156307  0.00604963
10 30 20 780701 -0.00447464  0.00133467  0.00645924
10 30 20 839825 -0.00479364  0.00184441  0.00619984
10 30 20 877184 -0.00484991  0.00177908  0.00623369
10 30 20 928987 -0.00437212  0.00134611  0.00689125
10 30 20 978573 -0.00382423  0.00156784  0.00618124
10 30 21 30320 -0.00454569  0.0014019   0.00651789
10 30 21 81624 -0.00453329  0.00155592  0.00655127
10 30 21 131167 -0.00423431  0.00065184  0.00626564
10 30 21 180090 -0.00494289  0.0014801   0.00653744
10 30 21 228485 -0.00444984  0.00200129  0.00678539
10 30 21 280083 -0.00480032  0.00111294  0.00569105
10 30 21 328768 -0.0048275   0.00170994  0.00575399
10 30 21 379455 -0.00482798  0.00139904  0.00629568
10 30 21 428737 -0.00450754  0.00127983  0.00623083
10 30 21 477913 -0.00418472  0.00104141  0.00673437
10 30 21 529271 -0.00476885  0.00120211  0.00636768
10 30 21 578390 -0.00442028  0.00141048  0.00636101
10 30 21 630978 -0.00422668  0.0009017   0.00647449
10 30 21 679603 -0.00425625  0.00099802  0.00655222
10 30 21 740694 -0.00456524  0.00123549  0.00649023
10 30 21 800778 -0.00439262  0.00085402  0.00673866
10 30 21 829337 -0.00439072  0.00122309  0.00658369
10 30 21 879523 -0.00418997  0.00092602  0.00674295
10 30 21 927917 -0.00426817  0.00054264  0.00670385
10 30 21 980142 -0.00384712  0.00090075  0.00662851
10 30 22 29262 -0.00428915  0.00047779  0.00654697
10 30 22 80928 -0.00438404  0.00084066  0.00650501
10 30 22 130322 -0.00371504  0.00068569  0.00661039
10 30 22 179287 -0.00356913  0.00025129  0.00665331
10 30 22 230014 -0.00391817  0.00044966  0.00655079
10 30 22 279587 -0.00383377  0.00113583  0.00696707
10 30 22 332065 -0.00407314  0.00033236  0.00669575
10 30 22 379679 -0.00372982  0.00029707  0.00649834
10 30 22 427848 -0.0042491   0.00064754  0.00713539
10 30 22 478835 -0.00411081  0.00028229  0.00642061
10 30 22 527558 -0.00408602  0.0002389   0.0071063 
10 30 22 579172 -0.00399256  0.00020933  0.00702763
10 30 22 629730 -0.00470495  0.0001936   0.00688553
10 30 22 696381 -0.00433302 -0.00017691  0.006639  
10 30 22 747648 -0.00377655 -0.00041246  0.00689363
10 30 22 800878 -4.05645370e-03 -1.04904175e-05  6.65283203e-03
10 30 22 852073 -4.39357758e-03 -3.71932983e-05  7.13348389e-03
10 30 22 894672 -0.0040307 -0.0001235  0.0070281
10 30 22 940255 -0.00403404 -0.00056076  0.00729609
10 30 22 997094 -0.00414324 -0.00037622  0.00693083
10 30 23 50469 -0.00368547 -0.00029612  0.00700283
10 30 23 114476 -0.00370073 -0.00094795  0.00701714
10 30 23 154072 -0.00370884 -0.00016499  0.00736904
10 30 23 200123 -0.00341845 -0.00065422  0.00692034
10 30 23 257800 -0.00337315 -0.00016737  0.00689507
10 30 23 301591 -0.00303507 -0.00063276  0.00666571
10 30 23 360979 -0.00333929 -0.00045204  0.00689793
10 30 23 414582 -0.00316191 -0.0003767   0.00737715
10 30 23 462557 -0.00325251 -0.00049973  0.00715446
10 30 23 505283 -0.00300121 -0.00097418  0.00714064
10 30 23 551491 -0.00274754 -0.00095224  0.00690222
10 30 23 602370 -0.00294542 -0.00073099  0.00706005
10 30 23 653424 -0.00263929 -0.00071859  0.00692844
10 30 23 680823 -0.00231504 -0.00069809  0.00710869
10 30 23 728359 -0.00258207 -0.00065804  0.00700569
10 30 23 780439 -0.0028367  -0.00076437  0.00701284
10 30 23 829190 -0.00317192 -0.00113678  0.00684166
10 30 23 881375 -0.00267029 -0.00063515  0.00676966
10 30 23 930080 -0.00283909 -0.00084972  0.00687647
10 30 23 978679 -0.00280666 -0.00020981  0.00727129
10 30 24 30366 -0.00235653 -0.00079107  0.00707436
10 30 24 82829 -0.00238419 -0.00099421  0.0072279 
10 30 24 130505 -0.00279522 -0.00113344  0.00743628
10 30 24 179131 -0.00246096 -0.00112391  0.00718212
10 30 24 227417 -0.00244045 -0.00115728  0.00683355
10 30 24 278870 -0.00187922 -0.00114155  0.00695562
10 30 24 328057 -0.00184822 -0.00060892  0.00712824
10 30 24 398469 -0.00197887 -0.00113773  0.00730228
10 30 24 453329 -0.00212097 -0.00142765  0.00714731
10 30 24 479482 -0.0015831  -0.00131893  0.00738907
10 30 24 529790 -0.00145864 -0.00102472  0.00785542
10 30 24 577590 -0.00149775 -0.00120878  0.00748634
10 30 24 629918 -0.00167799 -0.00062132  0.00740337
10 30 24 678668 -0.00186443 -0.00087786  0.00706959
10 30 24 730407 -0.00116205 -0.00113106  0.00700235
10 30 24 784334 -0.00126314 -0.00113487  0.00704288
10 30 24 828368 -0.0016222  -0.00108385  0.00716114
10 30 24 878058 -0.00109005 -0.00061417  0.00730276
10 30 24 928730 -0.00062227 -0.00146198  0.0071106 
10 30 24 982634 -0.00109816 -0.00076342  0.00746155
10 30 25 38736 -0.0005641  -0.00074577  0.00727892
10 30 25 96342 -0.00090981 -0.00100565  0.0069623 
10 30 25 131793 -0.00073862 -0.00093603  0.00750303
10 30 25 178606 -0.00079155 -0.00110626  0.00715923
10 30 25 230543 -0.00073528 -0.00144625  0.007061  
10 30 25 279292 -0.00058889 -0.00069666  0.00710249
10 30 25 331508 -0.00061083 -0.00060749  0.00718212
10 30 25 379675 -0.00019693 -0.00092649  0.00750875
10 30 25 427219 -0.01494932  0.00137568  0.00480032
10 30 25 478301 -0.01489544  0.00205469  0.00506353
10 30 25 530674 -0.01525879  0.00229692  0.00508165
10 30 25 593502 -0.01545525  0.00226068  0.00509119
10 30 25 628426 -0.01500893  0.00164032  0.00546646
10 30 25 677575 -0.01524448  0.0005126   0.00516653
10 30 25 730057 -1.44481659e-02  2.19345093e-05  4.82749939e-03
10 30 25 781515 -0.01500654  0.00017357  0.0052557 
10 30 25 833415 -0.01563787  0.00051069  0.00507355
10 30 25 879035 -0.01540756  0.00057697  0.00584221
10 30 25 931009 -0.01574755  0.00031805  0.00542402
10 30 25 980399 -0.0156002   0.00021553  0.00554371
10 30 26 27167 -0.01530218 -0.00056696  0.00529289
10 30 26 86107 -0.01548624 -0.00092125  0.00508213
10 30 26 129173 -0.01566887 -0.00029993  0.00568771
10 30 26 179751 -0.01623297 -0.00063419  0.00564194
10 30 26 228085 -0.01644182 -0.00109243  0.00548077
10 30 26 277042 -0.01612234 -0.00122404  0.00572205
10 30 26 329219 -0.01590872 -0.00137472  0.00539875
10 30 26 378119 -0.01583099 -0.00178385  0.00545931
10 30 26 431138 -0.01605892 -0.00182915  0.00590754
10 30 26 478874 -0.01605415 -0.00217819  0.00559139
10 30 26 531721 -0.01617098 -0.00249767  0.00558805
10 30 26 579990 -0.0157299  -0.00169039  0.00563574
10 30 26 627132 -0.01599646 -0.00239515  0.00517178
10 30 26 678540 -0.01575947 -0.00239944  0.00568771
10 30 26 729148 -0.01580763 -0.00278091  0.00559711
10 30 26 785185 -0.01506853 -0.00335026  0.0055275 
10 30 26 828741 -0.01573038 -0.0026474   0.00569487
10 30 26 876856 -0.01506233 -0.00337601  0.00552273
10 30 26 927815 -0.01481152 -0.00354338  0.00514555
10 30 26 978957 -0.01507568 -0.00301886  0.00511694
10 30 27 30420 -0.01467562 -0.00379276  0.0052762 
10 30 27 83275 -0.01443434 -0.00344992  0.00525236
10 30 27 132537 -0.01473713 -0.0035615   0.00532818
10 30 27 180413 -0.01435566 -0.00366545  0.00496626
10 30 27 227702 -0.01398945 -0.00386953  0.00459862
10 30 27 278832 -0.01441717 -0.00383663  0.00497198
10 30 27 328164 -0.01395082 -0.00382614  0.00487375
10 30 27 382545 -0.01389313 -0.00389004  0.00496054
10 30 27 429063 -0.01351118 -0.00437975  0.00508499
10 30 27 477844 -0.01357841 -0.00375366  0.00460339
10 30 27 529809 -0.01373959 -0.00446987  0.00481415
10 30 27 578637 -0.01281261 -0.0044651   0.00467253
10 30 27 630645 -0.012815   -0.0046401   0.00472164
10 30 27 679819 -0.01236963 -0.00495195  0.00443125
10 30 27 732031 -0.01182938 -0.00493288  0.00449038
10 30 27 795324 -0.01167107 -0.0048275   0.00488997
10 30 27 828330 -0.01039267 -0.00474548  0.00478888
10 30 27 880690 -0.01017761 -0.00492144  0.004673  
10 30 27 928943 -0.00966454 -0.00539112  0.00485039
10 30 27 980142 -0.00950003 -0.00497389  0.0048213 
10 30 28 28341 -0.00903225 -0.00484943  0.00511217
10 30 28 80570 -0.00907946 -0.00443554  0.00468397
10 30 28 129907 -0.00873232 -0.00448847  0.00470018
10 30 28 187419 -0.00815868 -0.00477409  0.00462055
10 30 28 232063 -0.00768852 -0.0045929   0.00473642
10 30 28 303715 -0.00726128 -0.00453281  0.00528002
10 30 28 356755 -0.00698137 -0.004951    0.00455379
10 30 28 399756 -0.00676489 -0.00408554  0.00498962
10 30 28 449173 -0.00574923 -0.00479174  0.00433731
10 30 28 498580 -0.00547218 -0.00459671  0.00438499
10 30 28 557332 -0.00504923 -0.00435543  0.00482512
10 30 28 597211 -0.00482225 -0.00433731  0.00472355
10 30 28 648853 -0.00368071 -0.0040803   0.00484514
10 30 28 699834 -0.00372505 -0.00408936  0.00464058
10 30 28 751289 -0.00281668 -0.00382948  0.00520182
10 30 28 806176 -0.00261497 -0.00299835  0.00493908
10 30 28 855606 -0.00221872 -0.00365067  0.0047102 
10 30 28 897632 -0.00128746 -0.00309038  0.00514889
10 30 28 953062 -0.00066471 -0.003263    0.00504303
10 30 28 999807 -0.00052023 -0.0032444   0.00505781
10 30 29 51111  0.0001297  -0.0027833   0.00516462
10 30 29 103231 -0.00010157 -0.00275564  0.00521278
10 30 29 145844  0.00054169 -0.00166559  0.00524759
10 30 29 192960  0.00115061 -0.0023632   0.00513887
10 30 29 248390  0.00087309 -0.00227642  0.00512695
10 30 29 297825  0.00117636 -0.0021677   0.005476  
10 30 29 347047  0.00188923 -0.00155354  0.00515985
10 30 29 405334  0.00272703 -0.00175238  0.00562859
10 30 29 454629  0.00257111 -0.00215101  0.00552177
10 30 29 497921  0.00308228 -0.0015645   0.00538158
10 30 29 530725  0.00311756 -0.00163221  0.00565529
10 30 29 581267  0.00402451 -0.00122929  0.00531864
10 30 29 627476  0.00450468 -0.00136518  0.00612497
10 30 29 678953  0.00497532 -0.00094223  0.00560474
10 30 29 733840  0.00493908 -0.0007658   0.00581789
10 30 29 780669  0.00530481 -0.00128508  0.00595713
10 30 29 828414  0.00582981 -0.00098181  0.0057559 
10 30 29 877699  0.0062871  -0.00114918  0.00587654
10 30 29 928992 6.54554367e-03 5.19752502e-05 5.67054749e-03
10 30 29 978472  0.00688982 -0.00093174  0.00569487
10 30 30 31901  0.00677013 -0.00030947  0.0054903 
10 30 30 96268  0.00702143 -0.00033236  0.00560284
10 30 30 155551  0.00741291 -0.000525    0.00551558
10 30 30 180584  7.70473480e-03 -6.15119934e-05  5.58662415e-03
10 30 30 227129 7.36427307e-03 7.43865967e-05 5.47122955e-03
10 30 30 278981 0.00760269 0.00039959 0.00566339
10 30 30 333294 0.00765181 0.00030899 0.00568628
10 30 30 384962 0.00761843 0.00045443 0.00583124
10 30 30 428699 0.00750589 0.00061417 0.00539827
10 30 30 477724 0.0074811  0.00102854 0.0057292 
10 30 30 531045 0.00714254 0.00084257 0.00605154
10 30 30 578435 0.00746965 0.00303078 0.00559902
10 30 30 631462 0.00675774 0.00064564 0.00574017
10 30 30 680405 0.00728321 0.0003581  0.00515079
10 30 30 731610 0.00822878 0.00032234 0.00576925
10 30 30 783962 0.00777006 0.00086355 0.00529861
10 30 30 827419 0.00766706 0.00159597 0.00536871
10 30 30 878403 0.0072794  0.00169992 0.00529909
10 30 30 928660 0.00717306 0.00192261 0.00536919
10 30 30 979377 0.00725651 0.00085354 0.00498247
10 30 31 29261 0.00744677 0.00048923 0.00477695
10 30 31 81449 0.00768852 0.0014987  0.00494051
10 30 31 147697 0.00664806 0.00202703 0.00544691
10 30 31 194988 0.00641108 0.00227261 0.00512028
10 30 31 255291 0.00587368 0.00141907 0.00505066
10 30 31 300490 0.00597572 0.00100756 0.00467682
10 30 31 331627  5.07354736e-03  6.19888306e-06 -7.49982357e-01
10 30 31 380131 0.00487423 0.00176334 0.00472403
10 30 31 427983 0.00473976 0.00239897 0.00448227
10 30 31 478581 0.00494719 0.0017724  0.00444555
10 30 31 528500  0.00138283 -0.00066423 -0.00100565
10 30 31 581815  0.00130796 -0.00083494 -0.00091696
10 30 31 629089  0.0016799  -0.00024891 -0.00117397
10 30 31 676808  0.00154161 -0.00067377 -0.00127363
10 30 31 729054  0.00146532 -0.00103378 -0.00138044
10 30 31 778887  0.0009613  -0.00064659 -0.000875  
10 30 31 829772  0.00110149 -0.0008359  -0.00124502
10 30 31 888649  0.00113535 -0.00136328 -0.00100756
10 30 31 930773  0.00081873 -0.0010252  -0.00120974
10 30 31 979769  0.00079346 -0.00093794 -0.0011158 
10 30 32 27469  0.00101423 -0.00055408 -0.00120211
10 30 32 88741  0.00082064 -0.00055599 -0.00138521
10 30 32 125043  0.00023556 -0.00073624 -0.00150204
10 30 32 178087  0.00041962 -0.00021267 -0.00173044
10 30 32 231324 -3.62396240e-05 -5.46932220e-04 -1.22022629e-03
10 30 32 277379 -0.00013351 -0.00064659 -0.00131607
10 30 32 340396 -0.00015783 -0.00077581 -0.00196505
10 30 32 407408  7.34329224e-05 -7.30514526e-04 -1.65271759e-03
10 30 32 457347 -0.00076437 -0.00093699 -0.00159645
10 30 32 500325 -0.00101995 -0.00152683 -0.0018034 
10 30 32 552803 -0.00046301 -0.00126076 -0.00169325
10 30 32 603013 -0.00081968 -0.00099659 -0.00178528
10 30 32 629261 -0.00117397 -0.00137806 -0.00185585
10 30 32 678698 -0.00072479 -0.00074911 -0.00214434
10 30 32 728982 -0.00102997 -0.00061703 -0.00194502
10 30 32 784411 -0.00128603 -0.00077248 -0.00196028
10 30 32 829424 -0.00160646 -0.00133324 -0.00221634
10 30 32 881536 -0.00132704 -0.00116587 -0.00201416
10 30 32 929978 -0.00153255 -0.00033617 -0.00241566
10 30 32 978960 -0.00157404 -0.00079584 -0.0020299 
10 30 33 46646 -0.00092316 -0.00096464 -0.00248623
10 30 33 97058 -0.00158167 -0.00093699 -0.00265169
10 30 33 130574 -0.00144291 -0.000947   -0.00239754
10 30 33 180359 -0.00181007 -0.00105906 -0.00264406
10 30 33 227611 -0.00156593 -0.00109673 -0.00212336
10 30 33 279136 -0.00161648 -0.00077248 -0.0026598 
10 30 33 329051 -0.00185061 -0.00105476 -0.00252724
10 30 33 379399 -0.00177383 -0.00100517 -0.00239944
10 30 33 427759 -0.00194693 -0.00134087 -0.00229359
10 30 33 478456 -0.00196934 -0.00054359 -0.00264454
10 30 33 529520 -0.00192165 -0.00058508 -0.00278139
10 30 33 578766 -0.00179434 -0.00081539 -0.00268698
10 30 33 631806 -0.00127125 -0.00052357 -0.00298882
10 30 33 680284 -0.0019536  -0.00092745 -0.00340128
10 30 33 731229 -0.00166368 -0.00056362 -0.00269651
10 30 33 783542 -0.0015111  -0.00090885 -0.00274944
10 30 33 827297 -0.00170565 -0.00035095 -0.00282097
10 30 33 878497 -0.00199461 -0.00035906 -0.00272131
10 30 33 929024 -0.00204039 -0.00054646 -0.00304604
10 30 33 979993 -0.00186968 -0.00054359 -0.00332165
10 30 34 28403 -0.00180578 -0.00077486 -0.00322294
10 30 34 80827 -0.00115347 -0.00055981 -0.00300932
10 30 34 129632 -0.00127602 -0.00017357 -0.00323915
10 30 34 178356 -0.00129843 -0.00066662 -0.00327206
10 30 34 230565 -0.00136137 -0.00078392 -0.00318623
10 30 34 279500 -0.00153255 -0.0008812  -0.00332975
10 30 34 331927 -0.00074863 -0.0005579  -0.00345278
10 30 34 380099 -0.00093794 -0.00018406 -0.00353432
10 30 34 427517 -0.00105953 -0.00080681 -0.0035429 
10 30 34 478164 -0.00113106 -0.00058842 -0.00340939
10 30 34 528764 -0.00114202 -0.00018597 -0.00374603
10 30 34 579101 -0.00090265 -0.00038099 -0.00337029
10 30 34 628393 -0.00114107 -0.00077534 -0.00353289
10 30 34 677610 -0.00077915 -0.00036669 -0.00387859
10 30 34 742111 -1.34611130e-03 -7.72476196e-05 -3.71026993e-03
10 30 34 800253 -0.0009284  -0.00069618 -0.0041132 
10 30 34 850105 -0.00061083 -0.00016594 -0.00381565
10 30 34 898409 -0.00080442 -0.00051165 -0.0038209 
10 30 34 951404 -0.0006032  -0.00019312 -0.00377941
10 30 34 997282 -0.00067329 -0.00031662 -0.00391579
10 30 35 27162 -0.00054359 -0.00027227 -0.00422812
10 30 35 86776 -4.63008881e-04 -7.43865967e-05 -4.19759750e-03
10 30 35 125104 -3.67641449e-04 -6.38961792e-05 -4.30679321e-03
10 30 35 181679  8.58306885e-06 -4.29153442e-05 -4.30965424e-03
10 30 35 228770  0.00058508 -0.00065756 -0.00440073
10 30 35 276952  0.00067043 -0.00029993 -0.0043807 
10 30 35 330483  0.00045395 -0.00012207 -0.00453854
10 30 35 378156  0.00059891 -0.00016403 -0.00466251
10 30 35 430946  0.00010586  0.00028944 -0.00455809
10 30 35 478896  0.00039625 -0.00016832 -0.00478649
10 30 35 531477  0.00081396 -0.00034809 -0.00474882
10 30 35 580237  7.92503357e-04  2.86102295e-05 -4.86040115e-03
10 30 35 626954  0.00079536 -0.00031948 -0.00464535
10 30 35 678350  0.00129509 -0.00044155 -0.00470638
10 30 35 727319  0.00134945  0.00023127 -0.00451851
10 30 35 786451  0.00120735 -0.00020647 -0.00460911
10 30 35 828369  0.00099802 -0.00054073 -0.00473976
10 30 35 876484  0.00163269  0.00030136 -0.00476742
10 30 35 928340  0.00159883 -0.00030375 -0.00490475
10 30 35 978310  1.57499313e-03  5.76972961e-05 -5.20181656e-03
10 30 36 30013  0.00177431 -0.00025797 -0.00453091
10 30 36 81489  0.00184393 -0.00019979 -0.00483942
10 30 36 137975  0.00198841  0.0003233  -0.0047822 
10 30 36 207313  0.00213003 -0.00040388 -0.00493193
10 30 36 246513  1.94311142e-03  6.38961792e-05 -4.79412079e-03
10 30 36 293705  0.00192547 -0.0002532  -0.00492907
10 30 36 346878  0.00209284 -0.00019407 -0.00484514
10 30 36 390655  0.00211048 -0.00035477 -0.00463057
10 30 36 430044  0.0021615  -0.00053501 -0.00508213
10 30 36 477211  0.00223303  0.00012589 -0.0049696 
10 30 36 529389  0.00269032  0.00012875 -0.00484276
10 30 36 579266  0.00241184  0.00026178 -0.00538492
10 30 36 630409  0.00287437  0.00031805 -0.00501156
10 30 36 679080  0.00272083 -0.00014162 -0.00513506
10 30 36 731713  0.00283575  0.00022984 -0.0055728 
10 30 36 783369  2.83098221e-03  6.81877136e-05 -5.59473038e-03
10 30 36 826561  0.00295687  0.0002408  -0.00508881
10 30 36 877779  2.99882889e-03  1.38282776e-05 -5.79071045e-03
10 30 36 928879  0.00271893 -0.00020361 -0.00530577
10 30 36 979716  3.26538086e-03 -3.14712524e-05 -5.72252274e-03
10 30 37 29500  0.00278282  0.00023651 -0.00562954
10 30 37 80652  3.38745117e-03 -3.67164612e-05 -5.77878952e-03
10 30 37 129299  0.0029974   0.00026846 -0.00549936
10 30 37 177770  0.00346994  0.00010633 -0.00570774
10 30 37 231527  3.71170044e-03 -4.76837158e-07 -5.76114655e-03
10 30 37 278882  3.66878510e-03  2.43186951e-05 -5.79881668e-03
10 30 37 331157 3.41367722e-03 1.90734863e-06 2.71872520e+00
10 30 37 380640  0.00320768  0.00025225 -0.00606251
10 30 37 427864  3.71408463e-03  8.48770142e-05 -5.82838058e-03
10 30 37 478163  0.00370407 -0.00012732 -0.00606155
10 30 37 527560  0.00012875  0.00088739 -0.01165247
10 30 37 579026  6.19888306e-05  6.04629517e-04 -1.20520592e-02
10 30 37 640043  0.00077629  0.00127506 -0.01226568
10 30 37 697121  0.00043964  0.0007906  -0.01207447
10 30 37 745821  0.00045252  0.0009551  -0.01174402
10 30 37 781691  0.00016785  0.00123596 -0.01186037
10 30 37 830139  0.0003171  0.0010705 -0.0121069
10 30 37 877783  0.00013161  0.00109053 -0.01200867
10 30 37 928782  0.00028563  0.00131989 -0.01220465
10 30 37 983718  0.00031042  0.00103617 -0.01254749
10 30 38 27003 -6.91413879e-05  1.02138519e-03 -1.20692253e-02
10 30 38 79654  5.34057617e-05  1.06334686e-03 -1.19032860e-02
10 30 38 128858  0.00021505  0.00094414 -0.01211977
10 30 38 179032  0.00020838  0.00113916 -0.01219463
10 30 38 228167  0.00052691  0.00113249 -0.01189327
10 30 38 277589  0.00044489  0.00137424 -0.01135063
10 30 38 329549  8.72612000e-05  7.34806061e-04 -1.13849640e-02
10 30 38 379551  0.00072479  0.00088882 -0.01185751
10 30 38 430210  0.00064325  0.00113201 -0.01176929
10 30 38 479712  0.00121975  0.00076246 -0.01189375
10 30 38 531411  0.00085163  0.00086784 -0.01152992
10 30 38 580152  0.00102186  0.00105143 -0.01137543
10 30 38 627914  0.00058174  0.00101423 -0.01149607
10 30 38 678757  0.00095749  0.00108242 -0.01164341
10 30 38 728592  0.00104332  0.00091219 -0.01176929
10 30 38 781487  0.00166988  0.00105143 -0.012043  
10 30 38 827593  0.00148582  0.00075293 -0.01174784
10 30 38 877340  0.00176907  0.00113916 -0.01175404
10 30 38 929757  0.00189209  0.00107145 -0.01178122
10 30 38 980225  0.001688    0.00061798 -0.01184607
10 30 39 30009  0.00180197  0.00069332 -0.01151752
10 30 39 81826  0.00202608  0.00047636 -0.01183987
10 30 39 132361  0.00193739  0.00068569 -0.01161098
10 30 39 180777  0.00206089  0.0002656  -0.01151609
10 30 39 226838  0.00204134  0.00062704 -0.0114994 
10 30 39 278260  0.00192308  0.00050306 -0.0115757 
10 30 39 328434  0.00223875  0.00055885 -0.01192093
10 30 39 388099  0.00245667  0.00028515 -0.01164198
10 30 39 429422  0.00259447  0.00025797 -0.01134014
10 30 39 477194  0.00287533  0.00029135 -0.0118103 
10 30 39 529042  0.0024147   0.00029516 -0.01130581
10 30 39 577696  0.00276899  0.00045919 -0.01156521
10 30 39 630212  2.71987915e-03  4.48226929e-05 -1.12371445e-02
10 30 39 678804  0.00304842  0.00031328 -0.01162386
10 30 39 731164  0.00318527  0.00031662 -0.01107216
10 30 39 783094  0.00288582 -0.00015688 -0.01103687
10 30 39 826650  0.0035491   0.00015545 -0.01114511
10 30 39 877751  0.00307226  0.00026655 -0.01128578
10 30 39 928788  3.50952148e-03 -9.53674316e-05 -1.12652779e-02
10 30 39 979585  0.00341749 -0.00040483 -0.01110458
10 30 40 28430  0.00388193 -0.00025892 -0.01093483
10 30 40 79979  0.0039196  -0.00035572 -0.01122189
10 30 40 129103  3.83281708e-03  8.86917114e-05 -1.10988617e-02
10 30 40 177810  0.00374651 -0.00079107 -0.01081276
10 30 40 231287  0.00377369 -0.00011873 -0.01130295
10 30 40 279579  0.00379515 -0.00041103 -0.01105261
10 30 40 331507  0.00356054  0.00018644 -0.01141596
10 30 40 379710  0.0034008  -0.00041819 -0.01117325
10 30 40 428232  0.0033679  -0.00035191 -0.01121473
10 30 40 487606  0.00392485 -0.00012398 -0.01120472
10 30 40 553800  0.00402117 -0.00039005 -0.01113033
10 30 40 594271  0.00450516 -0.0007987  -0.01138544
10 30 40 649754  0.00430012 -0.00033092 -0.01059151
10 30 40 687724  0.00422621 -0.00077534 -0.01140308
10 30 40 731132  0.00416899 -0.00066519 -0.01076889
10 30 40 780789  0.00417328 -0.00027704 -0.01072884
10 30 40 829812  0.00451565 -0.00049639 -0.01072407
10 30 40 878480  0.0041275 -0.0007863 -0.0110507
10 30 40 931667  0.00409651 -0.00068092 -0.01088572
10 30 40 979881  0.00490808 -0.00076866 -0.01134062
10 30 41 27278  0.00426197 -0.00122786 -0.01084232
10 30 41 88189  0.00415468 -0.00095129 -0.01038647
10 30 41 123885  0.0041666  -0.00080252 -0.01124001
10 30 41 181733  0.00435162 -0.00079918 -0.01124811
10 30 41 228697  0.00433731 -0.00051117 -0.01090431
10 30 41 279123  0.00468111 -0.00079346 -0.0110364 
10 30 41 329210  0.00440979 -0.00098944 -0.01104593
10 30 41 379880  0.00400305 -0.00082254 -0.01091051
10 30 41 429547  0.00428534 -0.00060654 -0.01095343
10 30 41 478590  0.00400782 -0.00040436 -0.01117277
10 30 41 530333  0.0043931  -0.00124407 -0.01116991
10 30 41 584872  0.00414944 -0.00111485 -0.01084232
10 30 41 644696  0.00393867 -0.00089645 -0.01118994
10 30 41 692696  0.00423002 -0.0010376  -0.01113796
10 30 41 730190  0.00428677 -0.00118923 -0.01112556
10 30 41 780128  0.00438404 -0.00045204 -0.01110792
10 30 41 828851  0.00384521 -0.0004158  -0.01161814
10 30 41 876617  0.00373268 -0.00059462 -0.01121426
10 30 41 927345  0.00382185 -0.00061989 -0.01153421
10 30 41 977902  0.00360346 -0.00028706 -0.01175928
10 30 42 30228  0.00388765 -0.00053453 -0.01139021
10 30 42 81960  0.0035553  -0.00035477 -0.01138639
10 30 42 131659  0.00361443 -0.00032091 -0.01134253
10 30 42 180605  0.0037694  -0.00082302 -0.01149607
10 30 42 226707  0.00344324 -0.00036001 -0.01156855
10 30 42 278146  0.00343323 -0.00013208 -0.01117802
10 30 42 327617  0.0027113  -0.00077057 -0.01098585
10 30 42 398723  0.00322294 -0.00102901 -0.01132536
10 30 42 449465  0.00298834 -0.00032282 -0.01152086
10 30 42 495534  0.00259304 -0.00024748 -0.01116705
10 30 42 544809  0.00255919 -0.00059891 -0.01119804
10 30 42 597645  0.00236416 -0.00039816 -0.01110888
10 30 42 654702  0.00240183 -0.00039434 -0.0112915 
10 30 42 700387  0.00266457 -0.00072002 -0.01091576
10 30 42 758222  0.00236845 -0.00074816 -0.01114941
10 30 42 800530  0.00228977 -0.00082397 -0.01116467
10 30 42 850837  0.00210285 -0.00054359 -0.01095486
10 30 42 892637  0.00200701 -0.0007844  -0.01130772
10 30 42 965460  0.00166368 -0.00065184 -0.01124048
10 30 43 15407  0.00226259 -0.00062656 -0.01143694
10 30 43 55205  0.00180578 -0.00044584 -0.01136494
10 30 43 98814  0.00163698 -0.0003252  -0.01127481
10 30 43 129092  1.92260742e-03 -4.76837158e-05 -1.14297867e-02
10 30 43 177647  2.18105316e-03  9.15527344e-05 -1.19242668e-02
10 30 43 230958  2.32172012e-03  9.67979431e-05 -1.12919807e-02
10 30 43 278478  2.17866898e-03  1.28746033e-05 -1.11155510e-02
10 30 43 347358  1.74045563e-03  3.12495232e-02 -2.21879578e+00
10 30 43 399044  0.00181246  0.00029755 -0.01160002
10 30 43 447142  0.00203991  0.00022268 -0.01120806
10 30 43 495486  1.77621841e-03 -3.76701355e-05 -1.12376213e-02
10 30 43 549131 -0.00135374  0.0003581  -0.00186443
10 30 43 594805 -0.00182295  0.00086212 -0.00181055
10 30 43 649588 -0.00213575  0.00066328 -0.0018816 
10 30 43 701198 -0.00221157  0.00011396 -0.00148392
10 30 43 748446 -0.00188446  0.00073481 -0.00199413
10 30 43 805820 -0.00245476  0.00092697 -0.00241041
10 30 43 851712 -0.00249481  0.00063467 -0.00195217
10 30 43 900152 -0.00319338  0.00058842 -0.00194407
10 30 43 952812 -0.0032382   0.00137091 -0.00190258
10 30 43 980281 -0.00345802  0.00056171 -0.00183249
10 30 44 26971 -0.00379419  0.00099754 -0.00225115
10 30 44 87182 -0.00420713  0.00069571 -0.00176859
10 30 44 123633 -0.00468397  0.00123405 -0.00237179
10 30 44 181373 -0.00481606  0.00135946 -0.00229692
10 30 44 228842 -0.00528622  0.00140333 -0.00217295
10 30 44 279809 -0.00532866  0.00148249 -0.0027504 
10 30 44 330712 -0.00593662  0.00175381 -0.00251293
10 30 44 381751 -0.00643873  0.00196218 -0.00272608
10 30 44 430657 -0.00672054  0.00180817 -0.00295496
10 30 44 479302 -0.00661039  0.00185776 -0.00244379
10 30 44 530146 -0.00637436  0.00210953 -0.00295353
10 30 44 580694 -0.00713778  0.00213623 -0.00266981
10 30 44 628462 -0.00792885  0.00189257 -0.00317764
10 30 44 679328 -0.00809431  0.00220299 -0.00274754
10 30 44 727879 -0.00813437  0.00223732 -0.00332737
10 30 44 779942 -0.00867891  0.00205994 -0.00303602
10 30 44 828727 -0.00889492  0.00240374 -0.00305557
10 30 44 876808 -0.00901651  0.00227356 -0.0031867 
10 30 44 929365 -0.00968122  0.00283384 -0.00348043
10 30 44 978593 -0.00996876  0.00289488 -0.00326204
10 30 45 29611 -0.01011753  0.00226116 -0.0033493 
10 30 45 81962 -0.01026249  0.00266218 -0.00358725
10 30 45 144853 -0.01044703  0.00281858 -0.00337696
10 30 45 179961 -0.01091862  0.00299168 -0.00363684
10 30 45 226641 -0.01137877  0.0024395  -0.00412035
10 30 45 277951 -0.01180363  0.00282049 -0.00374031
10 30 45 328077 -0.01232195  0.00282621 -0.00396967
10 30 45 378594 -0.01232672  0.00332451 -0.00376415
10 30 45 428113 -0.01284361  0.00300121 -0.003757  
10 30 45 478763 -0.01283455  0.00275469 -0.00371408
10 30 45 559298 -0.01276827  0.00279093 -0.00380325
10 30 45 581085 -0.01236916  0.00267076 -0.00438166
10 30 45 629969 -0.01264572  0.00263071 -0.00365019
10 30 45 680503 -0.01282072  0.00279856 -0.00431442
10 30 45 730794 -0.01259565  0.00312376 -0.00422478
10 30 45 786683 -0.01206207  0.00297403 -0.0043788 
10 30 45 826555 -0.01218081  0.00287962 -0.00420713
10 30 45 877485 -0.01269913  0.00299549 -0.00429821
10 30 45 927301 -0.01213169  0.00307035 -0.00458097
10 30 45 979890 -0.01204538  0.00309849 -0.0043478 
10 30 46 28358 -0.01311016  0.00307751 -0.00443792
10 30 46 80364 -0.01205111  0.00271034 -0.00461578
10 30 46 128624 -0.01171446  0.00298834 -0.00434542
10 30 46 178446 -0.01073408  0.00302982 -0.0040884 
10 30 46 230378 -0.01098871  0.00328159 -0.00367022
10 30 46 279040 -0.01077557  0.00255919 -0.00400782
10 30 46 331094 -0.00936222  0.00277233 -0.00380993
10 30 46 380127 -0.00883389  0.00220633 -0.0042038 
10 30 46 426900 -0.00840902  0.00292921 -0.00423574
10 30 46 478088 -0.00952387  0.00335979 -0.00380707
10 30 46 528014 -0.00989294  0.00253725 -0.0041666 
10 30 46 579160 -0.00971031  0.00195122 -0.0042696 
10 30 46 648620 -0.00928259  0.00190783 -0.00399733
10 30 46 695792 -0.00965643  0.00238848 -0.00456667
10 30 46 729513 -0.00941658  0.00210905 -0.0042572 
10 30 46 780833 -0.00870228  0.00219393 -0.00389957
10 30 46 829741 -0.00817966  0.00198126 -0.0037694 
10 30 46 878279 -0.00732231  0.00111485 -0.00320816
10 30 46 930306 -0.00658369  0.00081253 -0.0035162 
10 30 46 979822 -0.00569105  0.00091314 -0.00399971
10 30 47 27422 -0.00588274  0.00071716 -0.0036273 
10 30 47 88130 -0.00510502  0.00068665 -0.00376368
10 30 47 123955 -0.0042448  -0.00010777 -0.0034337 
10 30 47 181769 -0.00327921  0.0001564  -0.00387383
10 30 47 228524 -0.00290298  0.00021219 -0.00346994
10 30 47 278494 -0.00173044  0.00104046 -0.00307989
10 30 47 330211 -0.0008359   0.00027895 -0.00313282
10 30 47 378270 -0.00080395  0.00016546 -0.00369072
10 30 47 430733  0.00020647  0.00013447 -0.00347042
10 30 47 479807 -4.19616699e-05 -3.68118286e-04 -3.29351425e-03
10 30 47 531302  0.00040054 -0.00043201 -0.00337172
10 30 47 581477  1.04284286e-03 -2.52723694e-05 -3.39841843e-03
10 30 47 627040  0.00185919 -0.0002718  -0.00299788
10 30 47 677935  0.00239563 -0.00052261 -0.00286865
10 30 47 731300  0.00326967 -0.0001421  -0.00294876
10 30 47 780174  0.00413656 -0.00051546 -0.00272226
10 30 47 828791  0.00480938 -0.00065756 -0.00237036
10 30 47 876553  0.00468636 -0.00070047 -0.00243092
10 30 47 929173  0.00561953 -0.00037003 -0.00231075
10 30 47 978342  0.00586653 -0.00096703 -0.00245762
10 30 48 29771  0.00624323 -0.00101089 -0.00207472
10 30 48 80895  0.00722218 -0.0008769  -0.00227547
10 30 48 134759  0.00755453 -0.00030851 -0.00190878
10 30 48 180517  0.00806618 -0.0003581  -0.00231123
10 30 48 226735  0.00838614 -0.00080919 -0.00196791
10 30 48 278209  0.00870705 -0.00079298 -0.00181913
10 30 48 328184  0.00919294 -0.00122118 -0.00183916
10 30 48 378904  0.01015329 -0.00082397 -0.00172377
10 30 48 427846  0.01050997 -0.00064421 -0.00139427
10 30 48 478097  0.01094055 -0.00122118 -0.00195742
10 30 48 528997  0.01150322 -0.00151587 -0.00153351
10 30 48 584064  0.01223326 -0.00076294 -0.00189066
10 30 48 629001  0.01211214 -0.0005517  -0.00140285
10 30 48 678476  0.01167011 -0.00106239 -0.00128365
10 30 48 729982  0.01171541 -0.00102186 -0.00127697
10 30 48 782634  0.01178408 -0.00099468 -0.0009284 
10 30 48 826755  0.01329947 -0.00058794 -0.0010252 
10 30 48 877308  0.01321507 -0.00021553 -0.0011344 
10 30 48 927899  0.01211834 -0.00053787 -0.00091696
10 30 48 978819  0.01313257 -0.00084734 -0.00108004
10 30 49 28173  0.01358557 -0.00120115 -0.00103474
10 30 49 80211  0.01397848 -0.00149393 -0.00154877
10 30 49 129058  0.0135994  -0.00038433 -0.00189352
10 30 49 178653  1.14941597e-02  7.48634338e-05 -1.08337402e-03
10 30 49 231827  0.0102067  -0.00064659 -0.00134277
10 30 49 278823  0.01145744 -0.0004096  -0.00176048
10 30 49 330833 0.01100254 0.03124952 1.5624938 
10 30 49 379974  0.00990582 -0.00040913 -0.0014205 
10 30 49 427347  0.01039553 -0.00021935 -0.00130272
10 30 49 477935  0.01079845 -0.00017548 -0.00112295
10 30 49 528703  0.0052948  -0.00015545  0.00678396
10 30 49 579103  0.00553942 -0.00010014  0.00666523
10 30 49 628822  5.82599640e-03 -8.01086426e-05  6.33478165e-03
10 30 49 703869 0.0058794  0.00019312 0.00663614
10 30 49 749968 6.29138947e-03 4.19616699e-05 6.84547424e-03
10 30 49 804306  0.00602484 -0.00034952  0.00667763
10 30 49 855419 0.00620079 0.00021839 0.00647354
10 30 49 878125 5.69868088e-03 1.95503235e-05 7.07244873e-03
10 30 49 930914 0.00611067 0.00011873 0.00642824
10 30 49 980272 0.00602722 0.00012636 0.00664949
10 30 50 26770 6.25658035e-03 3.38554382e-05 6.76584244e-03
10 30 50 85843 0.00555277 0.00037909 0.00664473
10 30 50 127327  5.92899323e-03 -2.09808350e-05  6.64949417e-03
10 30 50 179259 0.00585985 0.0001111  0.00696468
10 30 50 229111 0.00604773 0.00012493 0.00695181
10 30 50 280020 0.00555897 0.00046587 0.0067811 
10 30 50 329807 0.00574017 0.00013781 0.00692844
10 30 50 379663 5.95569611e-03 7.05718994e-05 6.66427612e-03
10 30 50 430331 5.38825989e-03 2.19345093e-05 6.38914108e-03
10 30 50 480742 0.00561047 0.00027466 0.00730848
10 30 50 530160  5.04016876e-03 -1.90734863e-05  6.65283203e-03
10 30 50 578901 0.0050025  0.00028372 0.00725126
10 30 50 626457  5.28907776e-03 -1.00135803e-05  6.81114197e-03
10 30 50 678323  0.00496864 -0.00029707  0.00724316
10 30 50 727140 0.00481892 0.00025511 0.00720739
10 30 50 787655  0.00499916 -0.00017357  0.00693703
10 30 50 827594 0.0053091  0.0001812  0.00716162
10 30 50 876582 0.00509453 0.00064087 0.00700712
10 30 50 926987 0.00453377 0.00019598 0.00675869
10 30 50 979257 0.00439262 0.00020218 0.007195  
10 30 51 31742 0.00436783 0.00024939 0.00707865
10 30 51 81035 0.00451994 0.00058651 0.00647974
10 30 51 130846 0.00381517 0.00067472 0.00712204
10 30 51 179718 0.0039134  0.00064659 0.00715351
10 30 51 226365 0.00358105 0.00049162 0.00689888
10 30 51 277781 0.00347233 0.00021744 0.00633526
10 30 51 328201 0.00333643 0.00097418 0.00696707
10 30 51 378824 0.00303698 0.00090599 0.00674343
10 30 51 428928 0.00303125 0.00092793 0.00679827
10 30 51 477105 0.00237656 0.00086546 0.00645447
10 30 51 528959 0.00227785 0.00068665 0.00684881
10 30 51 577881 2.32839584e-03 6.48498535e-05 7.01808929e-03
10 30 51 629399 0.00144768 0.00097752 0.00646257
10 30 51 679245 0.00119066 0.00108147 0.00645399
10 30 51 730833 0.00089359 0.00020266 0.0061965 
10 30 51 791197 0.00048065 0.00077295 0.00638962
10 30 51 849054 -0.00051928  0.00037384  0.00623846
10 30 51 898285 -0.00025749  0.00050402  0.00605726
10 30 51 951412 -0.00079346  0.0011425   0.00584221
10 30 51 995236 -0.0005064   0.00045109  0.00602484
10 30 52 50690 -0.00056028 -0.00016546  0.00586414
10 30 52 80736 -1.14822388e-03  6.05583191e-05  5.75160980e-03
10 30 52 129181 -0.00122595  0.00067806  0.00596905
10 30 52 186551 -0.00207043  0.00052404  0.00560236
10 30 52 229413 -0.0020175   0.00132656  0.0057416 
10 30 52 279520 -0.00217628  0.00112009  0.00540543
10 30 52 330656 -0.00260639  0.00119877  0.00567722
10 30 52 379826 -0.00294399  0.00054741  0.00527334
10 30 52 425678 -0.00339746  0.00086451  0.00551224
10 30 52 477335 -0.00393391  0.00089979  0.00508785
10 30 52 526989 -0.00428486  0.00112772  0.00549889
10 30 52 579001 -0.00433302  0.00132418  0.00496483
10 30 52 627849 -0.00468349  0.00085354  0.00493097
10 30 52 676583 -0.00468588  0.00110292  0.00467157
10 30 52 729032 -0.00505972  0.00095892  0.00480318
10 30 52 780464 -0.00494432  0.00075531  0.00449848
10 30 52 829019 -0.00558901  0.00082207  0.00466347
10 30 52 876910 -0.00590467  0.00092936  0.00483274
10 30 52 928577 -0.00633144  0.00113726  0.00449657
10 30 52 979497 -0.00653887  0.00089216  0.00468731
10 30 53 26765 -0.00678492  0.0012846   0.00470066
10 30 53 87808 -0.00707722  0.0015974   0.00405598
10 30 53 123609 -0.00725555  0.00121069  0.00415277
10 30 53 177570 -0.00739527  0.00084734  0.00422573
10 30 53 227979 -0.00802851  0.00081921  0.00409889
10 30 53 278062 -0.00851202  0.00059557  0.00436592
10 30 53 329283 -0.00867796  0.00102901  0.00394058
10 30 53 378160 -0.00860453  0.00039673  0.00442123
10 30 53 430021 -0.00952339  0.00080204  0.00370932
10 30 53 478938 -0.00917721  0.00060272  0.00393009
10 30 53 531441 -0.01026297  0.00088263  0.00416279
10 30 53 580612 -0.01032305  0.00052023  0.00371265
10 30 53 627271 -0.01081085  0.00070095  0.0036912 
10 30 53 679815 -0.01082802  0.0008235   0.00380182
10 30 53 727320 -0.01133966  0.00071144  0.00424433
10 30 53 779669 -0.01138783  0.00046206  0.00425625
10 30 53 828782 -0.01130295  0.00043726  0.00409317
10 30 53 878539 -0.0119381   0.00090885  0.00382566
10 30 53 929418 -0.01220942  0.00083828  0.00432301
10 30 53 978021 -0.01219988  0.00070715  0.00381374
10 30 54 30545 -0.012187    0.00074387  0.00373888
10 30 54 81343 -0.01270723  0.00058365  0.00405884
10 30 54 130844 -0.01271963  0.00054359  0.00389719
10 30 54 179893 -0.01316118  0.00042391  0.00387192
10 30 54 226633 -0.01311302  0.00066662  0.00377893
10 30 54 277916 -0.01347256  0.00053453  0.00390434
10 30 54 328072 -0.01343489  0.00062132  0.00445986
10 30 54 380225 -0.01385117  0.00078583  0.00389242
10 30 54 451844 -0.01420069  0.00064564  0.00408316
10 30 54 498967 -0.01368809  0.00070477  0.00439119
10 30 54 553697 -0.01387119  0.00021219  0.00452089
10 30 54 595616 -0.01392984  0.00037622  0.00453997
10 30 54 648444 -0.01398849  0.00011635  0.00438499
10 30 54 700319 -0.01416254  0.00028992  0.00440168
10 30 54 750222 -0.01379919  0.00041389  0.00442219
10 30 54 802834 -1.39565468e-02  3.71932983e-05  4.95719910e-03
10 30 54 847533 -0.01414967  0.00047779  0.00499868
10 30 54 895272 -1.43580437e-02 -2.86102295e-05  4.32777405e-03
10 30 54 946265 -1.38769150e-02 -5.86509705e-05  4.28152084e-03
10 30 55 7921 -0.01377058  0.00014734  0.00481129
10 30 55 50924 -0.01407433  0.00063896  0.004601  
10 30 55 95564 -0.01396894  0.0006094   0.00418043
10 30 55 150111 -0.01384354  0.00064707  0.00433254
10 30 55 178578 -0.01386642  0.00039864  0.00450945
10 30 55 235551 -0.01363325 -0.0001092   0.00415897
10 30 55 296485 -0.01368666  0.00042343  0.00439978
10 30 55 333629 -0.01349545  0.0002408   0.00422478
10 30 55 380584 -0.01350594  0.00045347  0.00457525
10 30 55 427171 -1.32818222e-02  1.90734863e-06 -3.81248474e+00
10 30 55 478225 -0.01320171  0.00041485  0.00446558
10 30 55 528421 -0.01302147  0.00035381  0.00406408
10 30 55 578768 -0.01294231  0.00039339  0.00442266
10 30 55 629789 -0.00414276 -0.00213051  0.00147629
10 30 55 677232 -0.00448418 -0.0019722   0.00149822
10 30 55 729314 -0.00469971 -0.00188017  0.00139856
10 30 55 779727 -0.00429869 -0.00189257  0.00126457
10 30 55 828806 -0.00485611 -0.00244522  0.00224352
10 30 55 882572 -0.00488615 -0.00188398  0.00119352
10 30 55 954765 -0.00431967 -0.00177574  0.00145435
10 30 55 996646 -0.00471163 -0.00213909  0.00129271
10 30 56 26236 -0.00462961 -0.00179243  0.00160265
10 30 56 85492 -0.00436783 -0.00140142  0.00157309
10 30 56 127758 -0.00458145 -0.00183105  0.00132895
10 30 56 197162 -0.00412798 -0.0018549   0.00146389
10 30 56 245045 -0.00387716 -0.00133944  0.00178003
10 30 56 294624 -0.00398445 -0.00148344  0.00165081
10 30 56 328707 -0.00458717 -0.00149441  0.00124836
10 30 56 377176 -0.00473452 -0.00138712  0.00144863
10 30 56 429543 -0.00437689 -0.0014596   0.00142002
10 30 56 477944 -0.00477505 -0.00117779  0.0015173 
10 30 56 552455 -0.00472307 -0.00084686  0.00178146
10 30 56 597025 -0.00429106 -0.00154018  0.00138903
10 30 56 626448 -0.00436974 -0.00146198  0.00201654
10 30 56 677919 -0.00414562 -0.00104237  0.00174952
10 30 56 727491 -0.00419044 -0.00069761  0.00174332
10 30 56 779671 -0.00414658 -0.00101042  0.00195312
10 30 56 827516 -0.00374556 -0.00075388  0.00185251
10 30 56 876484 -0.00368404 -0.000741    0.00199366
10 30 56 927302 -0.00372553 -0.00058889  0.00187063
10 30 56 977976 -0.003304   -0.00061989  0.00156593
10 30 57 29279 -0.00307274 -0.00090599  0.00186348
10 30 57 81279 -0.00277567 -0.00058079  0.00204325
10 30 57 130583 -0.00277805 -0.00076246  0.0017066 
10 30 57 207329 -0.00251293 -0.00054741  0.00197697
10 30 57 226221 -0.00208569 -0.00030947  0.00191355
10 30 57 295525 -0.00212288 -0.00038242  0.0018115 
10 30 57 346916 -0.0018034  -0.00011587  0.00168276
10 30 57 378712 -1.58405304e-03  3.38554382e-05  2.15005875e-03
10 30 57 428586 -0.00170565 -0.00070906  0.00170517
10 30 57 477731 -0.00108767 -0.00042248  0.00154495
10 30 57 529753 -1.42097473e-03 -2.24113464e-05  1.88636780e-03
10 30 57 578195 -0.00153208  0.00040722  0.0016861 
10 30 57 640993 -0.00151634  0.00061131  0.00208282
10 30 57 689261 -0.00165796  0.00066614  0.00210238
10 30 57 730213 -0.0014143   0.00054216  0.0017848 
10 30 57 782639 -0.00180149  0.00065136  0.00175476
10 30 57 827503 -0.00091934  0.00054359  0.00217438
10 30 57 876970 -0.00119114  0.00045538  0.00207138
10 30 57 928095 -0.0004549   0.00026798  0.00226736
10 30 57 987404 -0.00045061  0.0006628   0.00198078
10 30 58 27668 -0.00092506  0.00074053  0.00193262
10 30 58 80109 -0.00041056  0.00064707  0.00201988
10 30 58 128496 0.00022078 0.00068045 0.00225115
10 30 58 177638 0.00021601 0.00103855 0.00224686
10 30 58 230420 0.00013638 0.00090981 0.00199986
10 30 58 278669 0.00061941 0.00075865 0.00220823
10 30 58 330523 0.0008359  0.00076008 0.00232077
10 30 58 381289 0.0006156  0.00077009 0.00253773
10 30 58 425635 0.00054741 0.00064468 0.00250816
10 30 58 479032 0.00038767 0.00068998 0.00242138
10 30 58 528663 0.00037622 0.00102854 0.0023036 
10 30 58 578906 0.00043154 0.00093031 0.0028429 
10 30 58 628051 0.00087738 0.00078297 0.00228262
10 30 58 676503 0.00120735 0.00109005 0.00272465
10 30 58 729276 0.00089884 0.00067616 0.0027833 
10 30 58 797549 0.00131226 0.00083113 0.00271368
10 30 58 854423 0.00145817 0.00047445 0.00301075
10 30 58 878810 0.00152302 0.00066566 0.00263929
10 30 58 931672 0.00169706 0.00075054 0.0025444 
10 30 58 978797 0.00170565 0.00058413 0.00267506
10 30 59 25942 0.00219774 0.00051355 0.00272322
10 30 59 88170 0.0018301  0.00079775 0.00276518
10 30 59 141811 0.00219727 0.0005827  0.0026145 
10 30 59 198355 0.00240421 0.00068617 0.00307131
10 30 59 256310 0.00294685 0.00107193 0.0032258 
10 30 59 312314 0.00266552 0.00099611 0.00279474
10 30 59 349515 0.00279617 0.000772   0.00292778
10 30 59 379128 0.00295115 0.00053167 0.00312996
10 30 59 429788 0.00272274 0.00118876 0.00374365
10 30 59 479255 0.00259113 0.00046682 0.00315952
10 30 59 532264 0.00251532 0.00067663 0.00338554
10 30 59 579727 0.00285196 0.00085878 0.00372791
10 30 59 627350 0.00225782 0.00091171 0.00373554
10 30 59 677692 0.00211    0.00083637 0.00345707
10 30 59 729647 0.0021224  0.0012188  0.00371885
10 30 59 780255 0.00199842 0.00097847 0.00414467
10 30 59 829903 0.00159073 0.00113964 0.00361443
10 30 59 875626 0.00149298 0.00054264 0.00399733
10 30 59 926739 0.00180674 0.00103617 0.00402832
10 30 59 977836 0.00136185 0.00138903 0.00415897
10 31 0 31184 0.00197458 0.00082827 0.00441074
10 31 0 80827 0.00221157 0.00096083 0.00454235
10 31 0 131221 0.00181389 0.00097275 0.00438452
10 31 0 179810 0.0020957  0.00095129 0.00434351
10 31 0 227363 0.00198364 0.00089121 0.00468206
10 31 0 278370 0.00201035 0.00091648 0.00487185
10 31 0 327397 0.00157166 0.00065327 0.00537348
10 31 0 378480 0.00184298 0.00069141 0.00515079
10 31 0 428687 0.00136042 0.00087023 0.00490141
10 31 0 476733 0.00175571 0.001266   0.00560284
10 31 0 529403 0.00151682 0.00055456 0.0054841 
10 31 0 578664 0.00114965 0.00050259 0.00540781
10 31 0 630007 0.00112009 0.00033808 0.00589371
10 31 0 678458  0.00101185 -0.00017071  0.0057044 
10 31 0 730467 0.00104094 0.00050497 0.00560093
10 31 0 783865 0.00040531 0.00095129 0.00622654
10 31 0 826473 0.00047588 0.00116491 0.00580406
10 31 0 879124 -2.00271606e-05  8.23020935e-04  6.62088394e-03
10 31 0 927689 -1.81198120e-05  5.56945801e-04  6.83546066e-03
10 31 0 978898 -0.00027227 -0.0001173   0.00659847
10 31 1 28636 -0.00026226  0.00031137  0.00713253
10 31 1 103061 -7.20024109e-05 -6.38961792e-05  7.56740570e-03
10 31 1 152549 -0.00023079 -0.00036144  0.00767565
10 31 1 198321 -0.00021935  0.00018883  0.00768471
10 31 1 256060 -0.00055552 -0.00025845  0.00815868
10 31 1 299282 -1.57356262e-04 -4.76837158e-05  8.35275650e-03
10 31 1 354989 -0.00098562  0.00016928  0.00824404
10 31 1 398057 -9.28878784e-04 -2.09808350e-05  8.83674622e-03
10 31 1 444385 -9.40799713e-04  3.12485695e-02  2.00003529e+00
10 31 1 493396 -0.00143576 -0.00063658  0.00924969
10 31 1 548636 -0.00160027 -0.00121832  0.009408  
10 31 1 582234 -0.00137472 -0.00094509  0.00991154
10 31 1 628400  0.00489855 -0.00696659  0.00012016
10 31 1 677889  0.00495243 -0.00658417  0.00037956
10 31 1 728303  5.35774231e-03 -5.76925278e-03 -5.48362732e-05
10 31 1 780774  0.00578022 -0.00553131  0.00045586
10 31 1 829877  0.00633144 -0.00512886  0.00031233
10 31 1 877404  0.00700808 -0.00492477  0.00041294
10 31 1 930091  0.00774527 -0.00394249  0.00027561
10 31 1 980201  0.00902557 -0.00326777  0.00090647
10 31 2 26642  0.0095911  -0.00274086  0.00070524
10 31 2 85761  0.01059866 -0.0019927   0.00080395
10 31 2 127779  0.01103926 -0.00260782  0.00085068
10 31 2 181737  0.0126462  -0.00218105  0.00145578
10 31 2 229100  0.01386881 -0.00191212  0.00090885
10 31 2 276924  0.01505709 -0.00161266  0.00124264
10 31 2 328574  0.01589918 -0.00085974  0.0007    
10 31 2 377647  0.01552582 -0.00038004  0.00093603
10 31 2 429413 1.65276527e-02 7.67707825e-05 7.61508942e-04
10 31 2 478253 0.01623344 0.00027084 0.00030613
10 31 2 530484 0.01710892 0.00074053 0.00050402
10 31 2 579669 0.01753426 0.00053978 0.00015497
10 31 2 639030  0.01764107  0.00056791 -0.00027657
10 31 2 682428  0.01842165  0.0012064  -0.00055838
10 31 2 729498 1.87954903e-02 1.65796280e-03 3.14712524e-05
10 31 2 779611  0.01979733  0.00225353 -0.00015068
10 31 2 827983 0.02107239 0.00219965 0.00017977
10 31 2 876136  0.02199554  0.00215769 -0.0001688 
10 31 2 929195  0.02324438  0.00300503 -0.00024033
10 31 2 977572  0.02446032  0.00359917 -0.00060749
10 31 3 28756  0.02482796  0.00351763 -0.00024223
10 31 3 80825  0.02545595  0.00404024 -0.00052404
10 31 3 130497  0.02618313  0.00398684 -0.00071144
10 31 3 178973  0.02695227  0.00470209 -0.00103426
10 31 3 225634  0.02673817  0.00520086 -0.00097704
10 31 3 279974  0.02661228  0.00573778 -0.00128126
10 31 3 329680  0.02590418  0.00617313 -0.00165749
10 31 3 378598  0.02611065  0.00597048 -0.00153494
10 31 3 427605  0.02670097  0.00663805 -0.00153351
10 31 3 476808  0.02748156  0.00617456 -0.00182152
10 31 3 529940  0.02714539  0.00644922 -0.00198746
10 31 3 580343  0.02651262  0.00640059 -0.00214195
10 31 3 629591  0.02619839  0.00640774 -0.00209284
10 31 3 678818  0.02603436  0.00670338 -0.0018239 
10 31 3 730691  0.02603102  0.00756025 -0.00259972
10 31 3 782256  0.02569056  0.00677586 -0.00244951
10 31 3 827048  0.02597284  0.00759649 -0.00273037
10 31 3 877528  0.0263195   0.00667381 -0.0022049 
10 31 3 928460  0.02584219  0.00837278 -0.004879  
10 31 3 978488  0.0220871   0.00527859 -0.00284958
10 31 4 27136  0.02053976  0.00748014 -0.00405312
10 31 4 79467  0.0196209   0.00696564 -0.00339079
10 31 4 128627  0.02078915  0.00928259 -0.00376797
10 31 4 177523  0.02208519  0.00744867 -0.0032444 
10 31 4 229869  0.02239656  0.00675821 -0.00455284
10 31 4 277924  0.02279806  0.00644779 -0.00420284
10 31 4 329927  0.02037334  0.00568199 -0.0038166 
10 31 4 379048  0.02124262  0.00801516 -0.00444937
10 31 4 426428  0.02028179  0.00734758 -0.00408649
10 31 4 477564  0.01954365  0.00591278 -0.00494671
10 31 4 526958  0.01808262  0.00584602 -0.00572395
10 31 4 578447  0.01763678  0.00629187 -0.00474405
10 31 4 628227  0.0183897   0.00655508 -0.00506687
10 31 4 676447  0.01836109  0.00710917 -0.00556564
10 31 4 728465  0.01641178  0.00600481 -0.00511265
10 31 4 780473  0.01468229  0.00438309 -0.00593662
10 31 4 829305  0.01415062  0.00506067 -0.00617361
10 31 4 877610  0.01369381  0.00578356 -0.00552988
10 31 4 930929  0.01246262  0.00581169 -0.00621557
10 31 4 979511  0.01178217  0.00450325 -0.00609016
10 31 5 26463  0.01078892  0.00473642 -0.00636339
10 31 5 85916  0.01111507  0.00512648 -0.00586605
10 31 5 122663  0.01160145  0.00536823 -0.00647211
10 31 5 181226  0.0109868   0.00448084 -0.00616217
10 31 5 228660  0.01011562  0.00356197 -0.0059166 
10 31 5 278485  0.00846386  0.00287819 -0.0065527 
10 31 5 329596  0.00692034  0.00329542 -0.00665236
10 31 5 384032  0.00551271  0.00304461 -0.00652695
10 31 5 429646  0.00417852  0.00327253 -0.00691175
10 31 5 479709  0.0031724   0.00181866 -0.00733995
10 31 5 530679  0.00279188  0.00206661 -0.00738716
10 31 5 579733  0.00196695  0.00170708 -0.00805521
10 31 5 627603  0.00085306  0.00204182 -0.00819778
10 31 5 678036 -0.00025988  0.00143862 -0.00779819
10 31 5 727885 -0.00138283  0.00185156 -0.00887203
10 31 5 780231 -0.00264215  0.00055313 -0.00878429
10 31 5 827832 -0.00296307  0.00025558 -0.00879335
10 31 5 876837 -0.00328493  0.0007844  -0.00877666
10 31 5 930060 -0.00362778  0.00042343 -0.00976562
10 31 5 979134 -4.39929962e-03  9.91821289e-05 -9.05084610e-03
10 31 6 29450 -0.00455666  0.00049162 -0.00932074
10 31 6 80819 -0.00558376 -0.0002532  -0.00952482
10 31 6 130434 -0.00542402 -0.00047445 -0.01007128
10 31 6 179202 -0.00627565 -0.00096941 -0.01033878
10 31 6 225871 -0.00684309 -0.00122452 -0.01093483
10 31 6 278911 -0.00773478 -0.00111151 -0.01113415
10 31 6 327449 -0.00913954 -0.00113773 -0.01143646
10 31 6 379067 -0.00944233 -0.00146198 -0.01184511
10 31 6 427276 -0.00957441 -0.00155306 -0.01169538
10 31 6 475925 -0.00962639 -0.00213814 -0.01224852
10 31 6 529423 -0.00992966 -0.00219345 -0.01256943
10 31 6 577462 -0.01049805 -0.00254869 -0.01282501
10 31 6 632147 -0.01056671 -0.00255919 -0.01277685
10 31 6 682615 -0.01067495 -0.0025382  -0.01255846
10 31 6 729988 -0.01157713 -0.00270891 -0.0133357 
10 31 6 782475 -0.01210737 -0.0029397  -0.01350641
10 31 6 826108 -0.0115118  -0.00315952 -0.01285124
10 31 6 876903 -0.01161909 -0.00303268 -0.01345491
10 31 6 926312 -0.01140928 -0.00290918 -0.01337147
10 31 6 979617 -0.01163244 -0.00335741 -0.01346874
10 31 7 29396 -0.01172256 -0.00313139 -0.01327229
10 31 7 80875 -0.01187134 -0.00275278 -0.01347971
10 31 7 128887 -0.01196289 -0.00278854 -0.0135293 
10 31 7 178938 -0.01220846 -0.00374508 -0.0137701 
10 31 7 229247 -0.01246643 -0.00388813 -0.01370907
10 31 7 279038 -0.01181746 -0.00407648 -0.01380301
10 31 7 331184 -0.01059532 -0.00380421 -0.01341343
10 31 7 378708 -0.0100565  -0.00359344 -0.01350689
10 31 7 426315 -0.01022577  0.03123474 -3.93755388
10 31 7 477328 -0.00972748 -0.00361252 -0.01408195
10 31 7 530168 -0.00904655 -0.00346518 -0.01325083
10 31 7 578469 -0.00888872 -0.00407362 -0.01381493
10 31 7 646117 -0.01437044 -0.00029612  0.02802515
10 31 7 700002 -0.01814413  0.00121021  0.02770853
10 31 7 762219 -0.02226448  0.00050879  0.02745676
10 31 7 811880 -0.02530718 -0.00057983  0.02647591
10 31 7 860588 -0.02754307 -0.00075626  0.02604294
10 31 7 900522 -0.02904892 -0.00054598  0.0249238 
10 31 7 949828 -0.03148651 -0.00088978  0.02443218
10 31 7 996062 -0.03489923 -0.00091171  0.0234971 
10 31 8 47256 -3.73330116e-02 -2.33650208e-05  2.37398148e-02
10 31 8 106136 -0.03775549  0.00026703  0.02372026
10 31 8 144708 -0.03795481 -0.00065994  0.02280331
10 31 8 204771 -0.03790617 -0.00113106  0.02297926
10 31 8 247104 -0.03866291 -0.00146866  0.02328873
10 31 8 295864 -0.03880739 -0.00183678  0.02264643
10 31 8 347485 -0.03995419 -0.00099802  0.02223969
10 31 8 377879 -0.04189301 -0.00025988  0.02276087
10 31 8 429671 -0.04395247  0.00097084  0.02337122
10 31 8 478477 -0.04527283 -0.00044775  0.02301741
10 31 8 531068 -0.04561377 -0.00069427  0.02199507
10 31 8 579609 -0.04654026  0.00011301  0.02124786
10 31 8 627151 -0.04751825  0.          0.02117443
10 31 8 677993 -0.0499754   0.00010395  0.02028465
10 31 8 728468 -0.05267382  0.00052118  0.02003813
10 31 8 779256 -0.0548768  -0.00059509  0.02034378
10 31 8 828305 -0.0556674   0.00060129  0.0203414 
10 31 8 875565 -0.05631304  0.00095749  0.0202322 
10 31 8 930204 -5.85064888e-02  3.67164612e-05  2.04491615e-02
10 31 8 977187 -0.06078911 -0.00028992  0.02075338
10 31 9 28590 -0.06118584 -0.0009613   0.02071667
10 31 9 88724 -0.06029844 -0.0008831   0.02038813
10 31 9 129307 -0.06134081 -0.00087404  0.02056694
10 31 9 179066 -6.31480217e-02 -7.15255737e-05  2.14796066e-02
10 31 9 225248 -6.45804405e-02  7.05718994e-05  2.25267410e-02
10 31 9 277141 -6.25462532e-02 -5.76972961e-05  2.23040581e-02
10 31 9 341453 -0.06109524 -0.00056934  0.0220561 
10 31 9 392765 -0.06166124 -0.00039196  0.02181482
10 31 9 446552 -0.06436586 -0.00063801  0.02235126
10 31 9 494484 -0.06588268  0.00093508  0.02224255
10 31 9 545373 -0.06676006  0.00195646  0.02244329
10 31 9 595979 -0.06589699  0.00359964  0.02239752
10 31 9 630185 -0.06404638  0.00166464  0.0228343 
10 31 9 678362 -6.12416267e-02  5.38825989e-05  2.19831467e-02
10 31 9 730319 -0.06070375 -0.00095558  0.02139425
10 31 9 782135 -0.06032848 -0.00020361  0.02255154
10 31 9 833883 -0.0596962   0.00044298  0.02247381
10 31 9 892821 -0.05954504  0.00130796  0.02239275
10 31 9 954571 -0.0597024   0.00133276  0.02304363
10 31 9 997029 -5.81121445e-02 -2.09808350e-05  2.28419304e-02
10 31 10 44681 -0.05569077  0.0007329   0.02267313
10 31 10 80906 -0.05343103  0.00125599  0.02316666
10 31 10 128826 -0.05322886  0.00173187  0.02349091
10 31 10 177662 -0.05375004  0.00138187  0.02448368
10 31 10 230184 -0.05257893  0.00141954  0.02459717
10 31 10 278754 -0.05016232  0.00155878  0.02497196
10 31 10 330661 -0.04906368  0.00218487  0.02482462
10 31 10 379429 -0.04937649  0.00244188  0.02560902
10 31 10 426458 -0.04953671  0.00250149  0.02657366
10 31 10 478031 -0.04892111  0.00317144  0.02687931
10 31 10 528846 -0.04645252  0.00260544  0.02686501
10 31 10 578924 -0.04340649  0.00206089  0.02753067
10 31 10 628192 -0.04074287  0.00132799  0.02732038
10 31 10 677046 -0.0404582   0.00110102  0.02776718
10 31 10 749469 -0.04042101  0.00218439  0.02783632
10 31 10 803766 -0.04055405  0.00217104  0.02841043
10 31 10 848181 -0.03781128  0.00310564  0.02813196
10 31 10 899692 -0.03730106  0.00333643  0.02794361
10 31 10 934248 -0.03682756  0.00309658  0.02940989
10 31 10 978740 -0.03547144  0.00229836  0.0300684 
10 31 11 26424 -0.03325701  0.00223112  0.02860975
10 31 11 86684 -0.03174305  0.00245476  0.02937126
10 31 11 140529 -0.03183365  0.00289106  0.03014326
10 31 11 210455 -0.03169107  0.00353909  0.03090668
10 31 11 256757 -0.0303092   0.00407124  0.0316081 
10 31 11 293805 -0.02839231  0.00193262  0.03176308
10 31 11 349205 -0.02520084  0.00212717  0.0310998 
10 31 11 395041 -0.02447271  0.00145483  0.03177214
10 31 11 435388 -0.0245409   0.00253057  0.03210402
10 31 11 477957 -0.02416754  0.00353193  0.03218985
10 31 11 529936 -0.02347469  0.00357533  0.03218985
10 31 11 578950 -0.02182817  0.00272226  0.03123999
10 31 11 626117 -0.02067614  0.00207281  0.03092718
10 31 11 677730 -0.01974392  0.00231028  0.03092909
10 31 11 727851 -0.01867485  0.00305367  0.03065681
10 31 11 778997 -0.01763439  0.0027051   0.03083563
10 31 11 835420 -0.01747322  0.00222301  0.03033018
10 31 11 875427 -0.0163784   0.00311327  0.03029394
10 31 11 926380 -0.01620054  0.00290918  0.03050852
10 31 11 977083 -0.01564598  0.00341511  0.02972889
10 31 12 29745 -0.01588488  0.00298691  0.03022814
10 31 12 81033 -0.01642323  0.00265217  0.02944374
10 31 12 130221 -0.01693869  0.00253391  0.02954865
10 31 12 179394 -0.01695251  0.00390863  0.02921724
10 31 12 227313 -0.01737833  0.00371933  0.02902746
10 31 12 277641 -0.01837921  0.00381565  0.02835894
10 31 12 327686 -0.0204258   0.00377607  0.02856112
10 31 12 378653 -0.02388     0.00339222  0.02865219
10 31 12 428562 -0.02678013  0.00043631  0.02787066
10 31 12 477196 -0.0273428  -0.00035238  0.02763605
10 31 12 530242 -0.02723503 -0.00119781  0.02603674
10 31 12 577839 -0.03001881 -0.00028419  0.02583218
10 31 12 628613 -0.03041935  0.00122833  0.02744484
10 31 12 677755 -0.02733135  0.00542259  0.02715063
10 31 12 730029 -0.02544737  0.00755501  0.02569914
10 31 12 781498 -0.02839804  0.00640011  0.02543831
10 31 12 825555 -0.03296757  0.00388288  0.02567387
10 31 12 876731 -0.03604984  0.00141048  0.02546024
10 31 12 926707 -0.03536415 -0.00159407  0.02297735
10 31 12 978337 -0.03517818 -0.00170994  0.02062321
10 31 13 27491 -0.03622293  0.00189972  0.02158499
10 31 13 79513 -0.04127073  0.00336599  0.02124119
10 31 13 128261 -0.04458618  0.00239182  0.02106476
10 31 13 177269 -0.04344273  0.00104761  0.02032518
10 31 13 229302 -0.04197979 -0.00017405  0.01826143
10 31 13 278939 -0.04285145  0.00023127  0.01709604
10 31 13 331398 -0.04992151  0.00065851  0.01715851
10 31 13 379116 -0.05027437  0.00267029  0.015728  
10 31 13 425763 -4.92563248e-02  1.47819519e-05 -3.34369087e+00
10 31 13 477247 -0.04963732  0.00375605  0.01429653
10 31 13 526952 -0.05097198  0.00346375  0.01441813
10 31 13 578112 -0.05265093  0.00076103  0.01361895
10 31 13 629878  0.00309372 -0.00125551 -0.00690365
10 31 13 679680  0.00293589 -0.00111723 -0.0072341 
10 31 13 730270  0.0026803  -0.00124645 -0.00811243
10 31 13 780045  0.0017848  -0.00094175 -0.00802279
10 31 13 829430  0.00139141 -0.00084591 -0.00747967
10 31 13 877557  0.00154066 -0.00126982 -0.00800467
10 31 13 930711  0.00131702 -0.00102472 -0.00816822
10 31 13 979353  0.00088263 -0.00115013 -0.00837135
10 31 14 25898  0.00076962 -0.00132608 -0.0085268 
10 31 14 101332  0.00020218 -0.00111628 -0.00838804
10 31 14 145364 -0.00041342 -0.00070333 -0.00815964
10 31 14 194377 -0.00067568 -0.00086069 -0.00850964
10 31 14 258487 -0.00102282 -0.00044203 -0.00875425
10 31 14 298335 -0.0018363  -0.00138998 -0.0089798 
10 31 14 346316 -0.00211287 -0.00112391 -0.00865507
10 31 14 399094 -0.00299644 -0.00106287 -0.00865698
10 31 14 429791 -0.00374603 -0.00066042 -0.00934982
10 31 14 477844 -0.00440121 -0.0009675  -0.00945997
10 31 14 529674 -0.00466251 -0.0010314  -0.00946712
10 31 14 578537 -0.0050931  -0.00040913 -0.00956488
10 31 14 625538 -0.00479126 -0.00100803 -0.00983763
10 31 14 689829 -0.0054512  -0.00125885 -0.00949001
10 31 14 727678 -0.00614119 -0.00125885 -0.01016426
10 31 14 783823 -0.00674009 -0.00049734 -0.01026249
10 31 14 827735 -0.00707483 -0.0009985  -0.01032591
10 31 14 876260 -0.00778437 -0.00069904 -0.01016665
10 31 14 928145 -0.00785685 -0.00105047 -0.0106554 
10 31 14 977380 -0.00828457 -0.00049734 -0.01004457
10 31 15 28582 -0.00857115  0.00016212 -0.01031446
10 31 15 80074 -7.96413422e-03 -4.62532043e-05 -1.04012489e-02
10 31 15 129399 -0.0078063   0.00022602 -0.01097775
10 31 15 178523 -8.20446014e-03  1.71661377e-05 -1.08189583e-02
10 31 15 225548 -0.00789642 -0.00021029 -0.01137638
10 31 15 277492 -0.00801611 -0.00012827 -0.01113749
10 31 15 327224 -0.00879955 -0.00019169 -0.01144505
10 31 15 378183 -0.00922966 -0.00039577 -0.01139498
10 31 15 427411 -0.00970507 -0.00053549 -0.01202822
10 31 15 476368 -1.01242065e-02  2.14576721e-05 -1.14898682e-02
10 31 15 529383 -0.0101018  -0.00049591 -0.01152182
10 31 15 577520 -0.01028204 -0.00016737 -0.01196432
10 31 15 629529 -0.0106864  -0.00043011 -0.01181793
10 31 15 679429 -0.01066494 -0.00041866 -0.01235962
10 31 15 730307 -0.01140594 -0.00031948 -0.01194   
10 31 15 783925 -0.01151371 -0.00041914 -0.01239347
10 31 15 826929 -0.01162958 -0.00044775 -0.01178217
10 31 15 879689 -0.01166916 -0.00057602 -0.01201248
10 31 15 927146 -0.01144075 -0.00027561 -0.01246023
10 31 15 979099 -0.01163578 -0.00012445 -0.01172972
10 31 16 28240 -1.16686821e-02 -8.29696655e-05 -1.20425224e-02
10 31 16 79558 -0.01076412 -0.00032711 -0.01207495
10 31 16 128879 -1.05071068e-02  7.39097595e-05 -1.20096207e-02
10 31 16 177168 -0.01063108 -0.00035524 -0.01188421
10 31 16 230011 -0.01031351 -0.00058842 -0.01176453
10 31 16 277911 -0.0103817  -0.00047016 -0.01215029
10 31 16 330224 -0.00993729 -0.00020123 -0.01222515
10 31 16 379068 -0.00934315 -0.00061846 -0.01176977
10 31 16 426968 -0.00980425 -0.00097179 -0.01188564
10 31 16 477799 -0.00921869 -0.00061655 -0.01206112
10 31 16 526452 -0.00879955 -0.00097752 -0.01198959
10 31 16 578012 -0.00830936 -0.00088835 -0.01194668
10 31 16 627674 -0.00794029 -0.00082111 -0.01205254
10 31 16 705196 -0.0067029  -0.00084925 -0.01228571
10 31 16 755588 -0.00609922 -0.00092363 -0.01245785
10 31 16 805743 -0.0057683  -0.00074816 -0.01222944
10 31 16 851473 -0.00463295 -0.00063515 -0.01206112
10 31 16 899970 -0.00360346 -0.00133896 -0.01190186
10 31 16 930093 -0.00347185 -0.00071287 -0.01191473
10 31 16 979018 -0.00295401 -0.001091   -0.01130486
10 31 17 26285 -0.00207567 -0.00093222 -0.01135778
10 31 17 87444 -0.00220919 -0.00043392 -0.01176739
10 31 17 123582 -0.00120544 -0.00069427 -0.0112381 
10 31 17 176089 -0.00118113 -0.00111866 -0.01147509
10 31 17 227628 -0.00083351 -0.00141525 -0.01129866
10 31 17 280530  4.14848328e-05 -1.29604340e-03 -1.11732483e-02
10 31 17 328202  8.15391541e-05 -1.55115128e-03 -1.14407539e-02
10 31 17 380244  0.00062227 -0.00142002 -0.01054192
10 31 17 428982  0.00066519 -0.00139332 -0.01091433
10 31 17 477928  0.00016499 -0.00158787 -0.0109272 
10 31 17 529769  0.00076771 -0.00208664 -0.01024866
10 31 17 579079  0.00189209 -0.00166845 -0.01078224
10 31 17 626427  0.00207806 -0.00152159 -0.0101676 
10 31 17 677708  0.00296688 -0.00144863 -0.01020575
10 31 17 750500  0.00312185 -0.00162983 -0.01001644
10 31 17 807709  0.00409985 -0.00138903 -0.0099082 
10 31 17 854531  0.00468016 -0.00109339 -0.01009607
10 31 17 876494  0.00576591 -0.00144577 -0.00978804
10 31 17 928480  0.00604153 -0.00177002 -0.01025867
10 31 17 977757  0.00710344 -0.00135231 -0.01006413
10 31 18 29224  0.00754404 -0.00128937 -0.00993395
10 31 18 79989  0.0081234  -0.00118208 -0.00976372
10 31 18 131367  0.00897217 -0.00130129 -0.00961351
10 31 18 179307  0.00990152 -0.00177717 -0.00998926
10 31 18 226198  0.01064301 -0.00156498 -0.01038122
10 31 18 276869  0.01038837 -0.00226307 -0.01006365
10 31 18 326138  0.01089001 -0.00226498 -0.00975275
10 31 18 377841  0.01022339 -0.00177765 -0.00994778
10 31 18 427399  0.01080465 -0.00178766 -0.01025343
10 31 18 476184  0.01060534 -0.00187206 -0.00969648
10 31 18 550228  0.01108837 -0.00154543 -0.00978184
10 31 18 597803  0.01058435 -0.00158119 -0.00955248
10 31 18 653535  0.0113287  -0.00175238 -0.00954103
10 31 18 702312  0.01141119 -0.0014329  -0.00966311
10 31 18 761791  0.01169252 -0.00150919 -0.00933456
10 31 18 804057  0.01143026 -0.00177956 -0.00946712
10 31 18 826050  0.01119757 -0.00192165 -0.00916243
10 31 18 877025  0.0110364  -0.00123072 -0.00921774
10 31 18 926468  0.01095819 -0.00154352 -0.00919342
10 31 18 977978  0.0105958  -0.00156355 -0.00928402
10 31 19 27713  0.01032162 -0.00122929 -0.00909138
10 31 19 79406  0.01015282 -0.00070667 -0.00915623
10 31 19 128585  0.01025295 -0.00157261 -0.00899649
10 31 19 177475  0.00984716 -0.00190115 -0.00956249
10 31 19 229098  0.00992346 -0.00160503 -0.00950146
10 31 19 278224  0.00943756 -0.00177097 -0.00940418
10 31 19 329882  0.00929117 -0.00137949 -0.0093112 
10 31 19 379163  0.00861502 -0.00158453 -0.00942135
10 31 19 426127  0.00801945 -0.00128984 -0.00945807
10 31 19 478215  0.00806093 -0.0016613  -0.00967169
10 31 19 527620  0.00793314 -0.00151825 -0.0092206 
10 31 19 579560  0.00841665 -0.00145292 -0.00992632
10 31 19 627707  0.00786257 -0.00131702 -0.00965691
10 31 19 676464  0.00784874 -0.00083828 -0.00985289
10 31 19 728394  0.00752878 -0.00172091 -0.0095892 
10 31 19 781138  0.00719595 -0.00145388  0.03121185
10 31 19 828455  0.00692272 -0.00114489 -0.00984192
10 31 19 877553  0.00630713 -0.00113297 -0.01008177
10 31 19 929824  0.0053544  -0.00092888 -0.00955677
10 31 19 979390  0.00443125 -0.0010643  -0.01008463
10 31 20 25728  0.00354433 -0.00087214 -0.00995064
10 31 20 96135  0.00306368 -0.00082541 -0.01029539
10 31 20 128595  0.00068331  0.00018597 -0.00725412
10 31 20 191773  6.57558441e-04  1.66893005e-05 -7.41004944e-03
10 31 20 251758  0.00062752  0.00057602 -0.00692415
10 31 20 295942  0.00050926  0.00049829 -0.00699043
10 31 20 352421  0.00058794  0.00029087 -0.00734758
10 31 20 397897  0.0004797   0.00018024 -0.00748348
10 31 20 447250  0.00034094  0.00018787 -0.00658512
10 31 20 507528  4.43458557e-04 -9.05990601e-06 -7.62176514e-03
10 31 20 557126  0.00044727  0.00014067 -0.00683928
10 31 20 604108  0.00053024 -0.00026083 -0.00729084
10 31 20 650961  0.00049543 -0.00028563 -0.00715828
10 31 20 705230  2.28881836e-05 -2.17437744e-04 -7.02428818e-03
10 31 20 748913  0.00051165  0.00020361 -0.00767136
10 31 20 798705  4.05311584e-04 -3.91006470e-05 -7.21454620e-03
10 31 20 847994  7.30037689e-04  5.96046448e-05 -7.28893280e-03
10 31 20 908830  6.54697418e-04 -9.25064087e-05 -7.49969482e-03
10 31 20 949152  0.00040293 -0.00051308 -0.00716829
10 31 20 978001  0.0009923   0.00013447 -0.00709486
10 31 21 29863  0.00030613 -0.00030184 -0.00730515
10 31 21 84990  0.0006814   0.00035858 -0.00724792
10 31 21 129686  0.00089884  0.00023222 -0.00738239
10 31 21 178442  0.0010767  -0.00078678 -0.00717068
10 31 21 226467  0.00068808  0.00023699 -0.0069561 
10 31 21 277592  0.00164413  0.00027275 -0.00754738
10 31 21 327322  9.81330872e-04 -9.53674316e-07 -7.14826584e-03
10 31 21 407450  8.78810883e-04  4.76837158e-05 -7.09724426e-03
10 31 21 459067  0.0007863  -0.00029659 -0.00729656
10 31 21 499651  0.00112009 -0.00029373 -0.00753784
10 31 21 554727  1.29222870e-03  4.95910645e-05 -7.30895996e-03
10 31 21 601571  0.00120878 -0.00037384 -0.00714922
10 31 21 648855  0.00104618 -0.00028372 -0.0075202 
10 31 21 689869  0.00144291 -0.00025034 -0.00720453
10 31 21 731334  0.00114202 -0.00024939 -0.00733232
10 31 21 781674  0.00180578 -0.00027847 -0.00705767
10 31 21 825770  0.00161028 -0.00015831 -0.00642395
10 31 21 877435  1.22070312e-03 -9.58442688e-05 -7.18736649e-03
10 31 21 930724  1.75523758e-03 -2.38418579e-05 -6.70623779e-03
10 31 21 977616  0.00142908 -0.00043774 -0.00727463
10 31 22 41705  0.0016036  -0.00042963 -0.00715113
10 31 22 100035  0.00164795 -0.00034761 -0.00740433
10 31 22 146981  0.00177336 -0.00016356 -0.00693798
10 31 22 209457  0.00191355  0.00017071 -0.00665808
10 31 22 268936  0.00189209 -0.0001049  -0.00703955
10 31 22 312598  0.00206757 -0.00034666 -0.00699329
10 31 22 352162  0.00184774 -0.00034523 -0.00713396
10 31 22 396993  0.00210619 -0.00034237 -0.00714874
10 31 22 445934  0.00191212 -0.00039196 -0.00680256
10 31 22 477699  0.00206852 -0.00027895 -0.00709629
10 31 22 526456  0.00232983 -0.000247   -0.00673914
10 31 22 578506  0.00211048 -0.00042725 -0.00709391
10 31 22 630309  0.00208807 -0.0001893  -0.00688362
10 31 22 677185  0.00208044 -0.00038815 -0.00709915
10 31 22 728632  0.00223207 -0.00036812 -0.0068121 
10 31 22 780621  2.19488144e-03  6.58035278e-05 -6.95610046e-03
10 31 22 829479  0.00258875 -0.00050116 -0.00708675
10 31 22 878161  0.0019021  -0.00077963 -0.00732183
10 31 22 930809  0.00219202 -0.00080872 -0.00689363
10 31 22 979103  2.81906128e-03 -8.20159912e-05 -7.42006302e-03
10 31 23 28267  0.00217295 -0.00028086 -0.00697088
10 31 23 78830  0.00233364 -0.00067091 -0.0068841 
10 31 23 126202  0.00219488 -0.00047874 -0.00726509
10 31 23 183223  0.00227118 -0.00026655 -0.00708437
10 31 23 256646  2.74515152e-03 -8.72612000e-05 -6.91890717e-03
10 31 23 294824  0.00230742 -0.00031185 -0.00715351
10 31 23 344054  0.00226688 -0.00055313 -0.00686407
10 31 23 396833  0.00207806 -0.00043201 -0.00694704
10 31 23 448861  0.00221872 -0.00034142 -0.00667238
10 31 23 477984  0.0024395  -0.00031042 -0.00686884
10 31 23 530723  1.90544128e-03  4.95910645e-05 -6.98471069e-03
10 31 23 578968  0.00196362 -0.00041151 -0.00698042
10 31 23 625486  1.96743011e-03 -9.10758972e-05 -6.65330887e-03
10 31 23 678547  0.0018816  -0.00062084 -0.006917  
10 31 23 727705  1.96409225e-03 -4.29153442e-06 -6.68954849e-03
10 31 23 783841  0.00176239 -0.00057554 -0.00723219
10 31 23 827648  0.00188589 -0.00011826 -0.00691652
10 31 23 875502  0.0020647  -0.00036716 -0.00685978
10 31 23 926490  0.00209951 -0.00067663 -0.0066185 
10 31 23 976579  2.04038620e-03 -9.53674316e-07 -7.14969635e-03
10 31 24 29353  0.00201988 -0.00054836 -0.00646019
10 31 24 80247  0.0017724  -0.00018549 -0.00721931
10 31 24 130533  0.0015955  -0.00025749 -0.00701857
10 31 24 178885  0.00199747 -0.00050783 -0.00696468
10 31 24 237203  0.00165272 -0.00037622 -0.00719404
10 31 24 293532  0.00168037 -0.00034046 -0.0066576 
10 31 24 345430  0.00197077 -0.00041819 -0.00704718
10 31 24 392148  0.00186729 -0.00015736 -0.00700569
10 31 24 427649  0.0011487  -0.00045633 -0.00714874
10 31 24 476649  0.00180769 -0.00058413 -0.00711584
10 31 24 528531  0.00186586 -0.00061655 -0.00723457
10 31 24 577484  1.63602829e-03 -9.39369202e-05 -6.83593750e-03
10 31 24 628389  1.70469284e-03 -5.14984131e-05 -6.96897507e-03
10 31 24 677459  0.00139999 -0.00036526 -0.00658083
10 31 24 729460  0.00129461 -0.00037718 -0.00670242
10 31 24 781993  0.00141191 -0.00057888 -0.00694609
10 31 24 827292  0.00127697  0.00015545 -0.00666714
10 31 24 879420  0.0009923  -0.00034475 -0.00699377
10 31 24 927605  0.00091267 -0.0004158  -0.00685787
10 31 24 978649  0.00104141 -0.00013351 -0.0068202 
10 31 25 27234  0.00071955 -0.0003109  -0.00641775
10 31 25 79500  0.00113058 -0.00012779 -0.00723457
10 31 25 128518  0.00073576 -0.00058842 -0.00681019
10 31 25 176659  0.00069904 -0.00040293 -0.00684309
10 31 25 231813  0.00079584  0.00015402 -0.00658798
10 31 25 277783  0.00069952 -0.00022507 -0.00674105
10 31 25 330077  1.03616714e-03 -6.10351562e-05 -6.89363480e-03
10 31 25 379608  7.29084015e-04  2.62260437e-05 -6.79397583e-03
10 31 25 429412  0.00083542 -0.00039053 -0.0067606 
10 31 25 476936  0.00051308 -0.00023222 -0.00699043
10 31 25 526735  0.00046015 -0.00044823 -0.00686312
10 31 25 584379  0.00070381 -0.00046492 -0.00683117
10 31 25 647434  6.79492950e-04 -6.05583191e-05 -6.84499741e-03
10 31 25 697319  0.00041437 -0.00027084 -0.00698423
10 31 25 746885  4.33921814e-05 -9.25064087e-05 -7.26795197e-03
10 31 25 798386 -0.00013065 -0.00023794 -0.00660753
10 31 25 847869 -0.00017405 -0.00054932 -0.00706577
10 31 25 896155  3.14235687e-04  3.81469727e-06 -6.77824020e-03
10 31 25 949519  1.14440918e-04 -1.90734863e-05 -6.82401657e-03
10 31 26 4615 -1.17778778e-04 -7.10487366e-05 -3.11546326e-02
10 31 26 52199  0.00016689 -0.00039864 -0.0072999 
10 31 26 105201 -0.00021076 -0.0003581  -0.00712776
10 31 26 144482 -4.48226929e-05 -2.98500061e-04 -7.07864761e-03
10 31 26 202385 -0.00018358  0.00013399 -0.00696182
10 31 26 250207 -2.09331512e-04  1.85966492e-05 -6.78825378e-03
10 31 26 295576  0.00011778 -0.00043344 -0.00674343
10 31 26 352185  0.00145292 -0.00088358 -0.00684643
10 31 26 400210  0.00126886 -0.00083876 -0.00685883
10 31 26 454303  0.00110435 -0.00087452 -0.00678539
10 31 26 497228  0.00083971 -0.00072432 -0.00697231
10 31 26 549609  0.00095844 -0.00080681 -0.00642347
10 31 26 600199  0.0009675  -0.00119162 -0.00664806
10 31 26 647523  0.00112057 -0.00030184 -0.00713253
10 31 26 694113  0.00105047 -0.00099087 -0.00669336
10 31 26 749392  0.00049353 -0.00084066 -0.00680733
10 31 26 797312  0.00112343 -0.00121212 -0.00708437
10 31 26 848903  0.00098562 -0.00045013 -0.00638056
10 31 26 898242  0.00105333 -0.00063372 -0.00689507
10 31 26 945088  0.00100756 -0.00118446 -0.00645018
10 31 27 6164  0.00091982 -0.00114679 -0.00671434
10 31 27 61383  0.0008049  -0.00095797 -0.00662136
10 31 27 101396  0.00091314 -0.00079679 -0.00675297
10 31 27 147608  0.00076008 -0.00086069 -0.00679922
10 31 27 198263  0.00069904 -0.00053406 -0.00672913
10 31 27 245498  0.00070763 -0.00110817 -0.0071516 
10 31 27 292972  0.00071239 -0.0006094  -0.00671864
10 31 27 336515  0.00077581 -0.00073671 -0.00686455
10 31 27 378177  0.00078011 -0.00061846 -0.00656319
10 31 27 427069  0.00079775 -0.0005722  -0.0067544 
10 31 27 475890  0.0006299  -0.00074005 -0.00656509
10 31 27 527721  0.00080061 -0.0005722  -0.00644493
10 31 27 577285  0.00052357 -0.00094318 -0.00651789
10 31 27 629168  0.00047016 -0.00074053 -0.00683784
10 31 27 677668  0.00083685 -0.00105667 -0.00648165
10 31 27 729787  0.00093079 -0.00062752 -0.00629711
10 31 27 781995  0.00013113 -0.00074005 -0.00698233
10 31 27 834632  0.00063848 -0.00030136 -0.00704527
10 31 27 899294  0.00029278 -0.0006218  -0.00643063
10 31 27 946617  0.00060558 -0.00101948 -0.00623941
10 31 27 990685  0.00069094 -0.00073528 -0.00645733
10 31 28 55669  0.00049782 -0.00076437 -0.00640488
10 31 28 94426  0.0002532  -0.00018024 -0.00690126
10 31 28 146816  0.00026894 -0.00058222 -0.0061965 
10 31 28 177997  0.00069237 -0.00039387 -0.00661421
10 31 28 228290  0.00045204 -0.00055933 -0.00649261
10 31 28 277008  0.00029516 -0.00053215 -0.00680065
10 31 28 329028  0.00027609 -0.00013351 -0.00636482
10 31 28 378828  0.00053024 -0.00058413 -0.00635004
10 31 28 426635  0.0004878  -0.00084448 -0.00672007
10 31 28 477279  0.00048256  0.00017357 -0.00635433
10 31 28 525706  0.00033903 -0.00063038 -0.00606441
10 31 28 578120  2.76565552e-05  1.46865845e-04 -6.48164749e-03
10 31 28 627811  0.00023508 -0.00071764 -0.00632668
10 31 28 676080  3.72886658e-04 -3.76701355e-05 -6.49833679e-03
10 31 28 728072  0.00045967 -0.0002408  -0.00666428
10 31 28 779518  4.11033630e-04 -2.47955322e-05 -6.39486313e-03
10 31 28 828301  4.19616699e-05 -1.64508820e-04 -6.44254684e-03
10 31 28 876288  0.00062323  0.00011349 -0.00671101
10 31 28 927550  0.0004158   0.00022554 -0.0064292 
10 31 28 978829  0.00018406 -0.00040054 -0.00654173
10 31 29 26699  4.66823578e-04  1.00135803e-05 -6.30760193e-03
10 31 29 87556  3.33786011e-05  9.15527344e-05 -6.60562515e-03
10 31 29 123076  3.78131866e-04  3.33786011e-06 -6.63280487e-03
10 31 29 180540  6.53743744e-04  6.91413879e-05 -6.57224655e-03
10 31 29 227138  0.00050592 -0.00011158 -0.0062499 
10 31 29 276933  1.30176544e-04  8.63075256e-05 -6.38055801e-03
10 31 29 329018  5.07831573e-04 -3.33786011e-05 -6.45494461e-03
10 31 29 377998  5.14030457e-04 -5.72204590e-06 -6.84213638e-03
10 31 29 429443  0.00053978  0.00026178 -0.00604677
10 31 29 477722  0.00014544  0.00052738 -0.00650978
10 31 29 531401  0.0001936   0.00043058 -0.00676823
10 31 29 578889  0.00045729  0.0008688  -0.00676918
10 31 29 626276  0.00080967  0.00031233 -0.00687885
10 31 29 678081  0.00016499  0.00058937 -0.00639629
10 31 29 726380 -1.17778778e-04  2.28881836e-05 -6.25181198e-03
10 31 29 779964  4.19616699e-05  5.72204590e-04 -6.49261475e-03
10 31 29 827743  0.00042439  0.0003581  -0.00594521
10 31 29 875787  2.24113464e-05  3.30924988e-04 -6.76393509e-03
10 31 29 935006  3.57627869e-05  3.47614288e-04 -6.54935837e-03
10 31 29 977488  0.00012827  0.00066519 -0.0062933 
10 31 30 28339  0.00027943  0.00070858 -0.00606632
10 31 30 80858  0.00021553  0.00050068 -0.00665522
10 31 30 132906  0.00012302  0.00083303 -0.00616455
10 31 30 184139  0.00022364  0.00085974 -0.00657272
10 31 30 231810  0.00046158  0.00107145 -0.00609732
10 31 30 277522  0.0002346   0.000844   -0.00643206
10 31 30 327551  0.00021267  0.00079298 -0.00627375
10 31 30 378038  0.00055981  0.00099468 -0.00635338
10 31 30 427033  0.00044203  0.00101757 -0.0060401 
10 31 30 479270  0.00034571  0.00090647 -0.00607347
10 31 30 529085  0.00020218  0.00119305 -0.00656414
10 31 30 577871 -0.00010061  0.00058317 -0.00606823
10 31 30 628330  0.00044727  0.0005703  -0.00641298
10 31 30 677881  0.00027704  0.00078583 -0.0062995 
10 31 30 730504  9.58442688e-05  9.71317291e-04 -6.26087189e-03
10 31 30 781667  0.00011063  0.00080729 -0.00655794
10 31 30 825365 -1.76429749e-05  7.44819641e-04 -6.63995743e-03
10 31 30 876320  0.00044346  0.00072193 -0.00611258
10 31 30 925790  0.00021601  0.00073624 -0.00642109
10 31 30 991897  0.00025892  0.00056219 -0.00609303
10 31 31 48133  5.05447388e-05  1.19686127e-03 -6.19077682e-03
10 31 31 95129 -0.0001893   0.00094891 -0.00619602
10 31 31 138384  0.00011873  0.00082493 -0.00583935
10 31 31 179829  2.76565552e-05  7.31468201e-04 -6.19029999e-03
10 31 31 230082  0.00066996  0.00094748 -0.00610018
10 31 31 278030  0.00047207  0.00076962 -0.00594425
10 31 31 331376  1.52587891e-05  1.26695633e-03 -6.07109070e-03
10 31 31 379112  0.00064182  0.00076294 -0.00613928
10 31 31 426327  0.00045347  0.00045443 -0.00626421
10 31 31 477932  0.00043774  0.0009203  -0.00570536
10 31 31 526586 -3.71932983e-05  1.16586685e-03 -5.79214096e-03
10 31 31 577816  0.00035286  0.00066948 -0.00606728
10 31 31 627745  0.00064659  0.00103092 -0.00571156
10 31 31 677334  8.58306885e-06  7.01904297e-04 -6.24990463e-03
10 31 31 730118  0.00054646  0.00028992 -0.00605774
10 31 31 780000  0.00016308  0.00061703 -0.00586557
10 31 31 829564  5.57899475e-05  5.35964966e-04 -5.81169128e-03
10 31 31 877547  0.00075579  0.00065136 -0.00589228
10 31 31 931052  0.00069857  0.00039053 -0.00573254
10 31 31 980734  0.00047064  0.00042057 -0.00595236
10 31 32 27730  0.00082445  0.00053835 -0.00617743
10 31 32 86151  0.00063705  0.00050974 -0.00613499
10 31 32 127025  0.00070238  0.00033426 -0.00558805
10 31 32 178325  0.00103998  0.00033045 -0.0057559 
10 31 32 227186  0.00055981  0.0004797  -0.00508833
10 31 32 277272  0.00063705  0.00024605 -0.00539351
10 31 32 329297  0.0027194  -0.00202084 -0.00483513
10 31 32 376967  0.00224209 -0.00235844 -0.00438213
10 31 32 428615  0.00267076 -0.00231314 -0.00449944
10 31 32 478728  0.00288153 -0.00262356 -0.00464439
10 31 32 530286  0.00250006 -0.00216246 -0.00497103
10 31 32 578339  0.00252628 -0.00214577 -0.00488424
10 31 32 625184  0.00226498 -0.00201464 -0.00492859
10 31 32 687476  0.00262451 -0.00227213 -0.00488138
10 31 32 727230  0.00298834 -0.00242472 -0.00454807
10 31 32 781252  0.00242901 -0.00254869 -0.00487804
10 31 32 827283  0.00295019 -0.0023222  -0.00478363
10 31 32 875334  0.00303936 -0.00255489 -0.00471067
10 31 32 926659  0.00254583 -0.00269079 -0.00445461
10 31 32 977480  0.00211    -0.00223017 -0.00444508
10 31 33 28336  0.00264883 -0.00240088 -0.00483799
10 31 33 80027  0.0023818  -0.00277233 -0.00470638
10 31 33 129123  0.0023756  -0.0024395  -0.00472116
10 31 33 178724  0.00205564 -0.00244188 -0.00439739
10 31 33 226261  0.00213242 -0.00213861 -0.00469017
10 31 33 277162  0.00247526 -0.00248909 -0.00461197
10 31 33 326792  0.0028553  -0.00224638 -0.00482893
10 31 33 379215  0.00231743 -0.00184345 -0.00466061
10 31 33 427607  0.0025835  -0.00229406 -0.00450563
10 31 33 476381  0.00252819 -0.00200129 -0.00466204
10 31 33 528716  0.0022645  -0.00246572 -0.00445986
10 31 33 577710  0.00239944 -0.00236273 -0.00494719
10 31 33 628243  0.00224495 -0.00240469 -0.00443888
10 31 33 678408  0.00221634 -0.00205326 -0.00473022
10 31 33 729266  0.002069  -0.0020647 -0.0046134
10 31 33 783052  0.00210142 -0.00161314 -0.00437975
10 31 33 824870  0.00211573 -0.00193596 -0.00454092
10 31 33 876238  0.00224257 -0.00182199 -0.00456238
10 31 33 925362  0.00218868 -0.00147676 -0.00478411
10 31 33 998296  0.00227404 -0.00190353 -0.00444937
10 31 34 45200  0.00211525 -0.00211954 -0.0044961 
10 31 34 78943  0.00213194 -0.001369   -0.00489712
10 31 34 128153  0.00190687 -0.00193453 -0.00465775
