15 1 25 487396  0.04828453 -0.28054237  0.9582901 
15 1 25 509065  0.04996109 -0.28385353  0.95763206
15 1 25 512788  0.0546875  -0.28208923  0.95145798
15 1 25 557415  0.04743385 -0.28289604  0.95685196
15 1 25 561658  0.05042267 -0.28472519  0.95449257
15 1 25 604200  0.04863548 -0.28531837  0.96022415
15 1 25 607790  0.05451202 -0.28429413  0.95774269
15 1 25 662676  0.04926872 -0.28549576  0.95286751
15 1 25 672656  0.05323982 -0.28504562  0.95652008
15 1 25 704764  0.05168152 -0.28178787  0.95640945
15 1 25 708066  0.05234909 -0.2836895   0.95891953
15 1 25 756981  0.05382919 -0.28775024  0.95412254
15 1 25 760203  0.05182838 -0.2832489   0.95704842
15 1 25 805119  0.0520916  -0.2836113   0.95951653
15 1 25 808642  0.04818344 -0.28645515  0.95840263
15 1 25 857655  0.04712296 -0.28693581  0.9554882 
15 1 25 860863  0.05004311 -0.28597641  0.95882797
15 1 25 906382  0.05160332 -0.28668976  0.95303917
15 1 25 909758  0.05371284 -0.28408623  0.96138191
15 1 25 956035  0.05053329 -0.28503227  0.95882416
15 1 25 959386  0.05460548 -0.28501701  0.9590416 
15 1 28 383353  0.04824829 -0.28226662  0.95217705
15 1 28 432757  0.05028534 -0.28113556  0.95394897
15 1 28 481586  0.05127144 -0.28505516  0.95422363
15 1 28 530187  0.05087852 -0.27839088  0.95793724
15 1 28 579966  0.05056381 -0.28255272  0.95549965
15 1 28 640462  0.04756165 -0.28392029  0.95801544
15 1 28 691210  0.05194664 -0.28051949  0.95763779
15 1 28 742350  0.05305862 -0.27875137  0.95523453
15 1 28 789596  0.05233765 -0.27993774  0.9539566 
15 1 28 836325  0.05055428 -0.28316879  0.95675087
15 1 28 882828  0.04862022 -0.28247452  0.95484543
15 1 28 931986  0.05358315 -0.2833004   0.95131111
15 1 28 981086  0.05443764 -0.28202438  0.95594406
15 1 29 29858  0.04808807 -0.28549004  0.95811081
15 1 29 89019  0.05042267 -0.28076363  0.95656013
15 1 29 133032  0.05054855 -0.28523064  0.95534897
15 1 29 190568  0.05388451 -0.28159142  0.95352745
15 1 29 241647  0.04900169 -0.28245544  0.95161057
15 1 29 289267  0.04703712 -0.28155136  0.95312309
15 1 29 337665  0.05253792 -0.28404999  0.95144081
15 1 29 390499  0.05230331 -0.28411674  0.95365715
15 1 29 431693  0.05241013 -0.28683281  0.95453262
15 1 29 480840  0.0533371  -0.2835865   0.95282173
15 1 29 533351  0.05125809 -0.28384972  0.95536804
15 1 29 583435  0.05154991 -0.28172493  0.96103287
15 1 29 631848  0.04977798 -0.28528976  0.95646095
15 1 29 681540  0.05278587 -0.28110695  0.95915985
15 1 29 734263  0.04925537 -0.28870773  0.96079254
15 1 29 784802  0.04908562 -0.28634453  0.95890427
15 1 29 832668  0.05538177 -0.28968239  0.96089554
15 1 29 882706  0.04719162 -0.28143692  0.95354652
15 1 29 943336  0.05070496 -0.28174019  0.96084785
15 1 29 992554  0.05264473 -0.28798485  0.95962334
15 1 30 43220  0.04958725 -0.28222847  0.95947266
15 1 30 91523  0.05342484 -0.28181076  0.95296669
15 1 30 138606  0.05088615 -0.28079987  0.95585823
15 1 30 181643  0.05241776 -0.28001976  0.95516014
15 1 30 234161  0.05497169 -0.28409195  0.95478439
15 1 30 283560  0.05116653 -0.28265762  0.95628929
15 1 30 332149  0.05158424 -0.27901077  0.95520782
15 1 30 381595  0.05014229 -0.28312874  0.95331001
15 1 30 434554  0.0488987  -0.28062057  0.95605278
15 1 30 484248  0.05035973 -0.28314018  0.95490456
15 1 30 532376  0.05008316 -0.28162575  0.95387268
15 1 30 582283  0.05233765 -0.28481483  0.95449829
15 1 30 645083  0.05284119 -0.28582001  0.95710373
15 1 30 692791  0.04948425 -0.28788757  0.95523834
15 1 30 744323  0.05031013 -0.2824707   0.959198  
15 1 30 792377  0.0483036  -0.28437996  0.95613289
15 1 30 843428  0.05122185 -0.28629112  0.95801353
15 1 30 885459  0.05380249 -0.28417015  0.95449066
15 1 30 944002  0.05251694 -0.28556633  0.95771217
15 1 30 993016  0.05234909 -0.28322411  0.95973969
15 1 31 36136  0.05393219 -0.28760147  0.95546722
15 1 31 86350 1.92642212e-04 1.37488956e+01 1.00371552e+00
15 1 31 135518  0.05033875 -0.28147888  0.95557404
15 1 31 194142  0.0503521  -0.28075027  0.95666695
15 1 31 243904  0.05083084 -0.27995491  0.96110725
15 1 31 296286  0.04787636 -0.28400612  0.95534515
15 1 31 347259  0.0545311  -0.2828598   0.95818138
15 1 31 394144  0.04780388 -0.2851963   0.9495182 
15 1 31 434480  0.04849815 -0.2810955   0.94958115
15 1 31 492793  0.05131912 -0.28672028  0.95648193
15 1 31 547874  0.05554581 -0.28084373  0.95721626
15 1 31 592878  0.05115891 -0.28196907  0.95343781
15 1 31 635071  0.05013466 -0.28322983  0.95508766
15 1 31 683938  0.05302429 -0.28593826  0.95681763
15 1 31 738237  0.04953003 -0.28410339  0.95761108
15 1 31 786254  0.0517807  -0.28326035  0.95697212
15 1 31 835703  0.04980278 -0.27985764  0.95627594
15 1 31 884454  0.04962349 -0.28257561  0.9561348 
15 1 31 935043  0.0478096  -0.28187752  0.95654297
15 1 31 987032  0.0529232  -0.28276825  0.95883942
15 1 32 36813  0.05118942 -0.28481865  0.95521355
15 1 32 91703  0.05098534 -0.28547096  0.95094681
15 1 32 146904  0.05373955 -0.28546715  0.95657349
15 1 32 194398  0.05373573 -0.27926064  0.95423698
15 1 32 237831  0.05242157 -0.28059387  0.95292854
15 1 32 286135  0.04685783 -0.28540611  0.9527092 
15 1 32 335548  0.05041695 -0.28962326  0.95637321
15 1 32 384318  0.05308723 -0.2787838   0.95462036
15 1 32 438051  0.05349541 -0.2811203   0.95420265
15 1 32 494629  0.05175018 -0.28485298  0.95744133
15 1 32 547350  0.05116844 -0.2837677   0.95560074
15 1 32 592687  0.05093575 -0.28477859  0.95629883
15 1 32 638985  0.0491848  -0.28594017  0.95771408
15 1 32 687279  0.0512104  -0.28570175  0.95454407
15 1 32 737581  0.04793358 -0.28570175  0.95248413
15 1 32 785506  0.04959869 -0.28284454  0.95626831
15 1 32 835355  0.04929543 -0.27969933  0.9560833 
15 1 32 888218  0.04906464 -0.2810936   0.96012115
15 1 32 947808  0.05093956 -0.28393555  0.95726776
15 1 32 993761  0.04926491 -0.28309059  0.95277977
15 1 33 50462  0.05013275 -0.27825737  0.95607758
15 1 33 95765  0.04597092 -0.28350639  0.95246696
15 1 33 150765  0.04998398 -0.28661728  0.95688438
15 1 33 195040  0.05100822 -0.28350639  0.95703316
15 1 33 247771  0.04800224 -0.28242302  0.95495987
15 1 33 297017  0.05065727 -0.28247643  0.95542908
15 1 33 350433  0.04821014 -0.2833271   0.95437431
15 1 33 395285  0.05061722 -0.28156471  0.95595169
15 1 33 437507  0.04894638 -0.28257179  0.95581436
15 1 33 486137  0.04981804 -0.28496933  0.95789719
15 1 33 540713  0.05145264 -0.28488731  0.95903587
15 1 33 588652  0.05001831 -0.28569603  0.95404243
15 1 33 638186  0.05428505 -0.28685951  0.9543457 
15 1 33 693696  0.05157852 -0.28366661  0.95671272
15 1 33 736885  0.05020714 -0.28382683  0.96024704
15 1 33 789254  0.0512867  -0.28839302  0.9569912 
15 1 33 839889  0.05269623 -0.28650093  0.95462227
15 1 33 887586  0.05345726 -0.27760315  0.95594406
15 1 33 937465  0.05297279 -0.28314972  0.96062851
15 1 33 989871  0.05150414 -0.28132439  0.95621109
15 1 34 39639  0.04876518 -0.28031731  0.9542942 
15 1 34 88083  0.04956055 -0.28350067  0.95343018
15 1 34 137822  0.05300331 -0.28372002  0.95392609
15 1 34 197414  0.05156326 -0.28325653  0.95355034
15 1 34 250163  0.05159187 -0.28017807  0.95547867
15 1 34 296222  0.05270195 -0.28036499  0.9578495 
15 1 34 339230  0.05097389 -0.28414726  0.95850945
15 1 34 387179  0.05124474 -0.27985573  0.95731354
15 1 34 440603  0.04976463 -0.28569603  0.9548645 
15 1 34 489682  0.0526638  -0.28383255  0.95900345
15 1 34 539533  0.05026627 -0.28255844  0.95623207
15 1 34 587948  0.05117416 -0.28123665  0.96007919
15 1 34 637240  0.05248833 -0.2834568   0.95835495
15 1 34 690286  0.05288887 -0.2808342   0.96060562
15 1 34 739989  0.05046654 -0.2854805   0.96141243
15 1 34 788609  2.13623047e-04  1.32488899e+01 -1.23712635e+01
15 1 34 839093  0.05210304 -0.27970314  0.95068932
15 1 34 887864  0.05245018 -0.28533745  0.95419693
15 1 34 949620  0.04757309 -0.28998184  0.95388603
15 1 34 996972  0.05002975 -0.2795105   0.95235634
15 1 35 49277  0.05253029 -0.2836647   0.95474434
15 1 35 98608  0.05157661 -0.2832756   0.95921135
15 1 35 141062  0.05069542 -0.2815609   0.95318794
15 1 35 189964  0.05233383 -0.28272057  0.95767975
15 1 35 239435  0.05049133 -0.2832756   0.95428658
15 1 35 288358  0.05327034 -0.28024483  0.95919037
15 1 35 355198  0.0476532  -0.2813282   0.95619774
15 1 35 390974  0.04747772 -0.28435516  0.95450211
15 1 35 440299  0.05156326 -0.28232193  0.9549408 
15 1 35 489173  0.04843903 -0.28199196  0.95607185
15 1 35 542599  0.04882431 -0.28401375  0.9562645 
15 1 35 591477  0.05102348 -0.28445053  0.95602798
15 1 35 642099  0.04932404 -0.28293991  0.95282555
15 1 35 689721  0.05335045 -0.2830677   0.95575333
15 1 35 739170  0.04993629 -0.28505516  0.95554543
15 1 35 792008  0.05601692 -0.28261185  0.95621681
15 1 35 842302  0.0495491  -0.28208542  0.95784187
