14 56 22 485557 0 38766
14 56 22 510627 0 38816
14 56 22 514755 0 38866
14 56 22 560275 0 38916
14 56 22 563228 0 38966
14 56 22 616560 
14 56 22 628143 0 38316
14 56 22 669979 0 38366
14 56 22 691262 0 38416
14 56 22 721198 0 38466
14 56 22 735938 0 38516
14 56 22 759503 0 38566
14 56 22 763088 0 38616
14 56 22 808324 0 38666
14 56 22 811335 0 38716
14 56 22 860817 0 38766
14 56 22 863779 0 38816
14 56 22 908903 0 38866
14 56 22 912102 0 38916
14 56 25 374115 0 38966
14 56 25 438179 0 1999
14 56 25 485410 0 2049
14 56 25 523692 0 2099
14 56 25 574187 0 2149
14 56 25 623543 0 2199
14 56 25 672499 0 2249
14 56 25 720908 0 2299
14 56 25 774727 0 2349
14 56 25 822864 0 2399
14 56 25 873958 0 2449
14 56 25 922505 0 2499
14 56 25 975460 0 2549
14 56 26 33040 0 2599
14 56 26 73901 0 2649
14 56 26 123120 0 2699
14 56 26 171773 0 2749
14 56 26 244778 0 2799
14 56 26 287831 0 2849
14 56 26 340700 0 2899
14 56 26 386597 0 2949
14 56 26 425758 0 2999
14 56 26 475010 0 3049
14 56 26 523483 0 3099
14 56 26 572807 0 3149
14 56 26 626190 0 3200
14 56 26 675943 0 3250
14 56 26 724660 0 3300
14 56 26 773627 0 3350
14 56 26 826723 0 3400
14 56 26 876525 0 3450
14 56 26 924763 0 3500
14 56 26 985787 0 3550
14 56 27 24080 0 3600
14 56 27 77199 0 3650
14 56 27 125657 0 3700
14 56 27 175198 0 3750
14 56 27 224818 0 3800
14 56 27 274609 0 3850
14 56 27 326359 0 3900
14 56 27 376384 0 3950
14 56 27 424548 0 4000
14 56 27 474480 0 4050
14 56 27 527970 0 4100
14 56 27 577083 0 4150
14 56 27 625370 0 4200
14 56 27 675162 0 4250
14 56 27 728105 0 4300
14 56 27 788462 0 4350
14 56 27 841911 0 4400
14 56 27 887396 0 4450
14 56 27 940471 0 4500
14 56 27 989411 0 4550
14 56 28 40346 0 4600
14 56 28 89798 0 4651
14 56 28 124980 0 4701
14 56 28 178781 0 4751
14 56 28 228115 0 4801
14 56 28 277238 0 4851
14 56 28 325672 0 4901
14 56 28 375414 0 4951
14 56 28 428365 0 5001
14 56 28 478035 0 5051
14 56 28 541243 0 5101
14 56 28 591889 0 5151
14 56 28 629483 0 5201
14 56 28 678677 0 5251
14 56 28 727451 0 5301
14 56 28 777202 0 5351
14 56 28 830911 0 5401
14 56 28 879901 0 5451
14 56 28 928020 0 5501
14 56 28 977669 0 5551
14 56 29 26984 0 5601
14 56 29 80085 0 5651
14 56 29 129044 0 5701
14 56 29 178331 0 5751
14 56 29 226773 0 5801
14 56 29 276588 0 5851
14 56 29 330317 0 5901
14 56 29 379292 0 5951
14 56 29 427666 0 6001
14 56 29 477118 0 6051
14 56 29 530929 0 6102
14 56 29 579465 0 6152
14 56 29 628284 0 6202
14 56 29 677850 0 6252
14 56 29 731387 0 6302
14 56 29 780400 0 6352
14 56 29 828673 0 6402
14 56 29 878426 0 6452
14 56 29 931565 0 6502
14 56 29 992571 0 6552
14 56 30 43259 0 6602
14 56 30 79493 0 6652
14 56 30 128558 0 6702
14 56 30 181632 0 6752
14 56 30 245759 0 6802
14 56 30 291874 0 6852
14 56 30 339778 0 6902
14 56 30 390171 0 6952
14 56 30 443230 0 7002
14 56 30 480903 0 7052
14 56 30 529419 0 7102
14 56 30 578894 0 7152
14 56 30 643076 0 7202
14 56 30 695196 0 7252
14 56 30 730561 0 7302
14 56 30 779711 0 7352
14 56 30 832322 0 7402
14 56 30 881980 0 7452
14 56 30 930540 0 7502
14 56 30 980243 0 7552
14 56 31 28900 0 7602
14 56 31 82524 0 7652
14 56 31 131531 0 7702
14 56 31 181205 0 7752
14 56 31 230205 0 7802
14 56 31 279464 0 7852
14 56 31 342415 0 7902
14 56 31 393858 0 7952
14 56 31 431687 0 8002
14 56 31 480392 0 8052
14 56 31 528602 0 8102
14 56 31 582610 0 8152
14 56 31 631125 0 8202
14 56 31 680862 0 8252
14 56 31 729895 0 8302
14 56 31 783293 0 8352
14 56 31 831749 0 8402
14 56 31 881604 0 8452
14 56 31 942423 0 8502
14 56 31 983875 0 8552
14 56 32 33841 0 8602
14 56 32 82231 0 8652
14 56 32 145719 0 8702
14 56 32 192832 0 8752
14 56 32 233490 0 8802
14 56 32 283039 0 8852
14 56 32 331493 0 8902
14 56 32 381118 0 8952
14 56 32 434076 0 9003
14 56 32 483236 0 9053
14 56 32 545685 0 9103
14 56 32 594149 0 9153
14 56 32 645237 0 9203
14 56 32 698646 0 9253
14 56 32 733538 0 9303
14 56 32 782692 0 9353
14 56 32 844339 0 9403
14 56 32 897150 0 9453
14 56 32 949834 0 9503
14 56 32 993994 0 9553
14 56 33 32313 0 9603
14 56 33 85730 0 9653
14 56 33 135374 0 9703
14 56 33 184072 0 9753
14 56 33 232705 0 9803
14 56 33 293599 0 9853
14 56 33 335921 0 9903
14 56 33 384780 0 9953
14 56 33 433519 0 10003
14 56 33 482534 0 10053
14 56 33 536002 0 10103
14 56 33 585368 0 10153
14 56 33 634049 0 10203
14 56 33 682848 0 10253
14 56 33 733282 0 10303
14 56 33 800478 0 10353
14 56 33 845420 0 10403
14 56 33 897413 0 10454
14 56 33 933302 0 10504
14 56 33 986790 0 10554
14 56 34 35937 0 10604
14 56 34 84319 0 10654
14 56 34 134120 0 10704
14 56 34 186715 0 10754
14 56 34 237352 0 10804
14 56 34 285361 0 10854
14 56 34 334971 0 10904
14 56 34 387610 0 10954
14 56 34 437530 0 11004
14 56 34 486189 0 11054
14 56 34 536200 0 11104
14 56 34 584397 0 11154
14 56 34 637912 0 11204
14 56 34 686834 0 11254
14 56 34 736997 0 11304
14 56 34 785282 0 11354
14 56 34 834666 0 11404
14 56 34 887360 0 11454
14 56 34 936999 0 11504
14 56 34 985614 0 11554
14 56 35 35470 0 11604
14 56 35 83867 0 11654
14 56 35 137589 0 11704
14 56 35 186404 0 11754
14 56 35 236267 0 11804
14 56 35 284759 0 11854
14 56 35 352233 0 11904
14 56 35 396698 0 11954
14 56 35 452121 0 12004
14 56 35 494678 0 12054
14 56 35 539534 0 12104
14 56 35 587497 0 12154
14 56 35 637032 0 12204
14 56 35 686157 0 12254
