10 21 36 213164 -0.00958729  0.00049782 -0.02750111
10 21 36 215446 -0.00869179 -0.00124073 -0.02532434
10 21 36 235065 -0.00605249 -0.00132227 -0.02404451
10 21 36 237575 -7.48634338e-05 -2.62260437e-04 -2.60391235e-02
10 21 36 239803 -0.00451088 -0.00375128 -0.03088379
10 21 36 299014 -0.01483393 -0.00085545 -0.0311203 
10 21 36 350811 -0.00752354  0.00244761 -0.02536249
10 21 36 399881  0.00348759 -0.00355577 -0.02373314
10 21 36 452042 -0.00247383 -0.00339842 -0.02607059
10 21 36 500570 -0.00783825  0.00530863 -0.02568531
10 21 36 548080 -0.00399876  0.00072622 -0.02413225
10 21 36 603862 -0.00262928 -0.00347281 -0.022892  
10 21 36 650342  0.00127792  0.00240278 -0.02339649
10 21 36 714844 -0.00521374  0.00068855 -0.0271945 
10 21 36 773454 -0.01149321 -0.00127077 -0.02765131
10 21 36 802488 -0.00314951  0.0031395  -0.02466774
10 21 36 850200  0.00092316  0.00255919 -0.02205133
10 21 36 899800 -0.00142765  0.00054121 -0.02327824
10 21 36 951239 -0.00369024  0.00330114 -0.02335262
10 21 37 5277 -0.0045557   0.00348377 -0.02245903
10 21 37 52161 -0.00299931  0.00286198 -0.02092791
10 21 37 101415  0.00035477  0.00386429 -0.01984358
10 21 37 148030  0.00226116  0.00136375 -0.02476406
10 21 37 199446 -0.00819206  0.00213957 -0.02902603
10 21 37 248797 -0.01144218  0.00790167 -0.02366543
10 21 37 300424  0.00323582  0.00526381 -0.0180788 
10 21 37 384300  0.00422907 -0.00011587 -0.01990366
10 21 37 429761 -0.00434732  0.00744772 -0.02176809
10 21 37 452364 -0.00294733  0.00893879 -0.02038622
10 21 37 499405 -0.00016403 -0.00017405 -0.01820135
10 21 37 551813  0.00118732  0.00435877 -0.01737976
10 21 37 601955  0.0039444   0.01069784 -0.02060652
10 21 37 652237 -0.00773621  0.0030303  -0.02509689
10 21 37 700497 -0.00928164  0.00178623 -0.02119303
10 21 37 748206  0.00462437  0.00876188 -0.01575661
10 21 37 800111  0.00389051  0.00623465 -0.01717854
10 21 37 849381 -0.00342131  0.00515366 -0.01960564
10 21 37 900520 -0.00144386  0.00756121 -0.01842737
10 21 37 949530  0.00116634  0.00535154 -0.01653004
10 21 38 7707  0.00441933  0.00548601 -0.01612043
10 21 38 50315  0.00706148  0.00620604 -0.0212779 
10 21 38 100954 -0.0069561   0.00253773 -0.02452612
10 21 38 151760 -0.00646162  0.00734901 -0.01859188
10 21 38 200760  0.01033211  0.00981522 -0.01463032
10 21 38 252344  0.00641441  0.00402403 -0.01793766
10 21 38 307978 -5.76972961e-05  8.00037384e-03 -2.01964378e-02
10 21 38 377156  0.00247765  0.00896835 -0.01801109
10 21 38 421805  0.00315475  0.00384474 -0.01615763
10 21 38 463425  0.0082016   0.00699186 -0.01778269
10 21 38 500196  0.00384092  0.00749826 -0.02290583
10 21 38 549986 -0.00579834  0.00218916 -0.02233601
10 21 38 601394  0.00398922  0.00703859 -0.01687527
10 21 38 650761  0.01128578  0.00967932 -0.01664543
10 21 38 698619  0.00604391  0.00726271 -0.02032709
10 21 38 753334  0.00525665  0.00714588 -0.02008152
10 21 38 803531  0.00591326  0.00612736 -0.01821041
10 21 38 853305  0.00785732  0.0071187  -0.0170145 
10 21 38 902584  0.01261568  0.00640774 -0.02134514
10 21 38 948939  0.0045085   0.00162172 -0.0252018 
10 21 39 8119  0.00495195  0.00525236 -0.02080488
10 21 39 48948  0.01621771  0.0101347  -0.01821232
10 21 39 100487  0.01524115  0.00511885 -0.02014065
10 21 39 150208  0.01190186  0.00456524 -0.02230883
10 21 39 201308  0.01258326  0.00594711 -0.02067947
10 21 39 250886  0.01069927  0.00472736 -0.01847887
10 21 39 299778  0.01618814  0.00674582 -0.01968241
10 21 39 351748  0.01359606  0.00370979 -0.02425385
10 21 39 400791  8.33797455e-03  3.43322754e-05 -2.40721703e-02
10 21 39 466572  0.01751423  0.00698471 -0.02003336
10 21 39 522717  0.0205102   0.00815439 -0.01937151
10 21 39 564474  0.01869392  0.00494194 -0.02153683
10 21 39 616794  0.01881218  0.00445509 -0.02254677
10 21 39 670334  0.0171957   0.00463152 -0.02064276
10 21 39 714267  0.01583052  0.00593805 -0.0188942 
10 21 39 775423  0.02300596  0.00488806 -0.02147388
10 21 39 810005  0.01934814 -0.00093508 -0.02739239
10 21 39 850757  0.01069498  0.00259829 -0.02547646
10 21 39 899660  0.02166605  0.00933504 -0.01906061
10 21 39 951893  0.02722311  0.00035667 -0.01925611
10 21 40 3450  0.02212191  0.00071764 -0.02265692
10 21 40 53559  0.021029    0.00697803 -0.02211857
10 21 40 102497  0.02045298  0.00232744 -0.01995325
10 21 40 149634  0.02268839 -0.00166559 -0.01883507
10 21 40 199488  0.0253911   0.00427389 -0.0222311 
10 21 40 248926  0.01596403 -0.00036335 -0.02578211
10 21 40 301664  0.01613903 -0.00164509 -0.02373028
10 21 40 350156  0.0267024   0.00352144 -0.02054644
10 21 40 401418  0.02763367  0.00465679 -0.02094889
10 21 40 455737  0.02423811  0.00039816 -0.02266073
10 21 40 499413  0.02134514 -0.00097704 -0.02260828
10 21 40 551307  0.02001762  0.0023632  -0.020473  
10 21 40 600947  0.02278042  0.00430584 -0.01904774
10 21 40 652505  0.02757788 -0.00162745 -0.02335501
10 21 40 699594  0.01680517 -0.00534916 -0.02716112
10 21 40 748195  0.01349211  0.00327349 -0.02418423
10 21 40 815250  0.0252986   0.00469542 -0.0201664 
10 21 40 862814  0.02819014 -0.00295067 -0.02168941
10 21 40 919878  0.02273226  0.00017786 -0.0229435 
10 21 40 973005  0.01956367  0.00469351 -0.02191973
10 21 41 42343  0.01808453 -0.00045538 -0.02000141
10 21 41 94089  0.0199213  -0.00047493 -0.0189929 
10 21 41 147768  0.02332973  0.00135374 -0.02231789
10 21 41 188389  0.01299143 -0.00265312 -0.02597475
10 21 41 223141  0.01231623  0.00060844 -0.02369642
10 21 41 273820  0.02120304  0.00389433 -0.02081156
10 21 41 317977  2.21037865e-02  9.05990601e-06 -2.09875107e-02
10 21 41 358894  1.82399750e-02  7.86781311e-05 -2.24680901e-02
10 21 41 400891  0.0142417   0.00243902 -0.02173758
10 21 41 449048  1.41062737e-02  1.85966492e-05 -2.06084251e-02
10 21 41 500409  0.01406956  0.00042391 -0.01892853
10 21 41 555618  0.01676798  0.00025082 -0.0219326 
10 21 41 601726  0.01203537 -0.00317287 -0.02748823
10 21 41 649978  0.00302744  0.00026274 -0.02741718
10 21 41 698343  0.00993872  0.00277805 -0.02164221
10 21 41 751413  0.01699018 -0.0029211  -0.020895  
10 21 41 800024  0.00961971 -0.00241613 -0.02316093
10 21 41 852168  0.00556993  0.00336552 -0.02412462
10 21 41 900863  0.00819969 -0.00169611 -0.02253246
10 21 41 948250  0.00727892 -0.00637102 -0.02056217
10 21 42 7324  0.00814772 -0.00058031 -0.02226353
10 21 42 49633  0.00406504 -0.00405121 -0.02843618
10 21 42 100362 -0.00650454 -0.0073266  -0.02885675
10 21 42 150087  0.00184202 -0.0019474  -0.02326536
10 21 42 201641  0.00803137 -0.00458336 -0.0216589 
10 21 42 251222  0.0013957  -0.0094862  -0.02507591
10 21 42 299622 -0.0021739  -0.00600147 -0.02597475
10 21 42 351492 -0.00037622 -0.00484514 -0.02448463
10 21 42 400329 -0.00211287 -0.00925827 -0.02246046
10 21 42 453093 -0.00545883 -0.01145411 -0.02985048
10 21 42 501098 -0.01631975 -0.01165009 -0.02940941
10 21 42 547957 -0.00943995  0.03121996 -2.43759251
10 21 42 600185 -0.00190783 -0.00914907 -0.02257204
10 21 42 648926 -0.0094738  -0.0126462  -0.02553177
10 21 42 702144 -0.01368856 -0.0094924  -0.02669859
10 21 42 750618  0.01759672  0.00504637 -0.09548283
10 21 42 801709  0.04051876  0.01908731 -0.10232401
10 21 42 850792 -0.04091072 -0.00525713 -0.10721636
10 21 42 899348  0.00660563 -0.00079536 -0.09658527
10 21 42 951406  0.04427576  0.02207708 -0.09921455
10 21 43 3146 -0.03690863 -0.00098991 -0.10700703
10 21 43 52603 -0.01035404 -0.01185036 -0.09696388
10 21 43 102115  0.04693747  0.01851845 -0.0985198 
10 21 43 148393 -0.03118134  0.00514841 -0.10628366
10 21 43 199649 -0.02375221 -0.01726151 -0.09919596
10 21 43 248814  0.0461092   0.01399183 -0.09876013
10 21 43 300653 -0.0220437   0.00790548 -0.1056242 
10 21 43 349636 -0.03447723 -0.0179553  -0.10049677
10 21 43 400952  0.04217529  0.01275349 -0.09863281
10 21 43 450776 -0.0172267   0.0110507  -0.10625792
10 21 43 506950 -0.04446125 -0.02062988 -0.10353327
10 21 43 568467  0.03880167  0.01129055 -0.0987711 
10 21 43 601870 -0.01171446  0.01547146 -0.1070323 
10 21 43 652522 -0.05448818 -0.01956511 -0.10484791
10 21 43 701082  0.03456259  0.00787926 -0.09898901
10 21 43 748192 -0.00679779  0.01892567 -0.10668135
10 21 43 803898 -0.06224012 -0.01599646 -0.10676813
10 21 43 849035  0.02420521  0.00274372 -0.09964085
10 21 43 900402 -0.00030088  0.01872921 -0.10656404
10 21 43 950050 -0.06618929 -0.00951719 -0.10746002
10 21 44 8015  0.01378489  0.00112295 -0.10012341
10 21 44 50851  0.00571108  0.01907396 -0.10748243
10 21 44 99736 -0.06783438 -0.00765848 -0.11013508
10 21 44 150628  0.00583172 -0.00230551 -0.10087347
10 21 44 200124  0.01173162  0.01803064 -0.10690689
10 21 44 252367 -0.06646013 -0.00508595 -0.11026335
10 21 44 300228 -0.00134182 -0.00176811 -0.10104465
10 21 44 348255  0.01847506  0.01879692 -0.10746527
10 21 44 400250 -0.06431437 -0.00504303 -0.11218643
10 21 44 448640 -0.00813246 -0.00474501 -0.10258722
10 21 44 500421  0.02492571  0.01830578 -0.10822392
10 21 44 551196 -0.06020784 -0.00384474 -0.11347008
10 21 44 601547 -0.01384544 -0.00580549 -0.1042161 
10 21 44 650007  0.02984953  0.01817513 -0.10995436
10 21 44 699239 -0.05611849 -0.00318336 -0.11566639
10 21 44 751054 -0.02165413 -0.01083708 -0.10668898
10 21 44 800463  0.03119564  0.01807308 -0.11054516
10 21 44 852596 -0.05168533 -0.00073624 -0.11759043
10 21 44 900404 -0.02880287 -0.01292992 -0.10878754
10 21 44 948856  0.03488111  0.01943684 -0.11184359
10 21 45 8082 -0.04487514  0.00244522 -0.12003517
10 21 45 49680 -0.03743887 -0.01840687 -0.11263323
10 21 45 100894  0.03580141  0.01721764 -0.11222887
10 21 45 148577 -0.03709841  0.00483942 -0.11971807
10 21 45 201245 -0.04060745 -0.01840687 -0.11317444
10 21 45 256655  0.03841925  0.01586437 -0.11237431
10 21 45 319487 -0.02829027  0.00886345 -0.11951017
10 21 45 375909 -0.04415894 -0.01777458 -0.1136198 
10 21 45 427717  0.03991604  0.01371527 -0.11121798
10 21 45 471674 -0.01720858  0.0107317  -0.11968851
10 21 45 520908 -0.04782248 -0.01521444 -0.11638546
10 21 45 570118  0.03915262  0.01493549 -0.11010933
10 21 45 617537 -0.00359058  0.01055956 -0.11879063
10 21 45 673384 -0.04909611 -0.01368332 -0.11725044
10 21 45 709931  0.03469706  0.02050924 -0.10848761
10 21 45 768540  0.00517654  0.01301289 -0.11796474
10 21 45 824229 -0.04644537 -0.01740265 -0.11748314
10 21 45 880805  0.03304911  0.02177668 -0.10966682
10 21 45 917440  0.01387691  0.01933289 -0.11805344
10 21 45 973278 -0.0417738  -0.01847792 -0.11958361
10 21 46 21578  0.03183413  0.0222373  -0.10931015
10 21 46 73073  0.0216856   0.02427149 -0.1166544 
10 21 46 109960 -0.04466772 -0.01687813 -0.11917257
10 21 46 178696  0.03150177  0.01772404 -0.10923433
10 21 46 199200  0.02620792  0.02870893 -0.11585808
10 21 46 249535 -0.04590082 -0.01420355 -0.12040234
10 21 46 301734  0.02998543  0.01347303 -0.11023521
10 21 46 349533  0.02942514  0.0300622  -0.11484385
10 21 46 421781 -0.04531288 -0.00917959 -0.12005186
10 21 46 467872  0.02632856  0.00733805 -0.11101294
10 21 46 528027  0.03342342  0.02957296 -0.11609793
10 21 46 562614 -0.04498434 -0.00409508 -0.12105751
10 21 46 614927  0.01923323  0.00259781 -0.11106253
10 21 46 674540  0.03489161  0.02634716 -0.11447573
10 21 46 718006 -0.04816055 -0.00326109 -0.1201663 
10 21 46 767148  1.14483833e-02  4.76837158e-05 -1.11211777e-01
10 21 46 809383  0.03803587  0.02215099 -0.11693478
10 21 46 865752 -0.04824829 -0.00442457 -0.12090397
10 21 46 915746  0.00860405 -0.00167084 -0.11184883
10 21 46 971548  0.03569937  0.02124262 -0.11655188
10 21 47 31666 -0.04580975 -0.00818396 -0.12163115
10 21 47 73811  0.00794792 -0.0002203  -0.11291361
10 21 47 120517  0.03709984  0.02303219 -0.11728191
10 21 47 164156 -0.04707336 -0.00931215 -0.12219429
10 21 47 215921  0.00591421 -0.00467443 -0.11372328
10 21 47 271685  0.03755808  0.020823   -0.11734295
10 21 47 317219 -0.04540777 -0.00681019 -0.12323093
10 21 47 366585  0.00188494 -0.00663805 -0.11374617
10 21 47 400316  0.04116249  0.01850414 -0.11909389
10 21 47 448385 -0.04403067 -0.00638962 -0.12534857
10 21 47 502205 -0.00292826 -0.0057168  -0.11586094
10 21 47 548918  0.04063845  0.01692581 -0.12013483
10 21 47 601405 -0.0416832  -0.00902128 -0.12676382
10 21 47 650714 -0.0035491  -0.00743341 -0.11685181
10 21 47 698972  0.04312372  0.01658106 -0.12268639
10 21 47 750721 -0.03730297 -0.01212358 -0.13013649
10 21 47 799721 -0.00250673 -0.00805998 -0.1206727 
10 21 47 851694  0.04148245  0.01832628 -0.12351465
10 21 47 900472 -0.03845692 -0.01282597 -0.13228798
10 21 47 947632 -0.00457811 -0.01329136 -0.12293911
10 21 48 7209  0.04356861  0.01817608 -0.12645912
10 21 48 49919 -0.03816891 -0.01562214 -0.13544512
10 21 48 100844 -0.0046916  -0.01466036 -0.1264143 
10 21 48 149273  0.0406332   0.01740837 -0.12940311
10 21 48 201734 -0.04225969 -0.01686049 -0.13846254
10 21 48 251105 -0.00805473 -0.01874256 -0.12880802
10 21 48 299093  0.04078245  0.0135107  -0.13271141
10 21 48 350794 -0.04529858 -0.01856136 -0.13891077
10 21 48 401365 -0.00456572 -0.01721382 -0.13070488
10 21 48 452813 -0.04754829 -0.01851988 -0.14235258
10 21 48 501039 -0.0083065  -0.02490091 -0.13280249
10 21 48 548719 4.00686264e-02 3.52859497e-05 2.78071499e+00
10 21 48 600656 -0.0470233  -0.02020931 -0.14421511
10 21 48 651442 -0.0109272  -0.02088451 -0.13424397
10 21 48 700001  0.03869629  0.00763607 -0.13820267
10 21 48 749647 -0.05958891 -0.01277637 -0.18233776
10 21 48 800884 -0.00994682  0.01034451 -0.16700649
10 21 48 850571  0.02893209  0.02562618 -0.17445707
10 21 48 898964 -0.06400347 -0.01635647 -0.18074417
10 21 48 951501 -0.00721645  0.01172876 -0.16562939
10 21 49 2958  0.02821922  0.02510262 -0.17415524
10 21 49 52206 -0.06521749 -0.02002287 -0.1809783 
10 21 49 101764 -0.0050087   0.01167059 -0.1647377 
10 21 49 147846  0.02546167  0.0227356  -0.17271185
10 21 49 199146 -0.06418514 -0.0233202  -0.17705536
10 21 49 249476 -0.00461435  0.01411247 -0.16183281
10 21 49 300069  0.02010155  0.01928568 -0.17243814
10 21 49 349267 -0.06259394 -0.02495718 -0.17418718
10 21 49 401201  0.00089788  0.01600122 -0.16028357
10 21 49 450102  0.01538515  0.01691961 -0.17012405
10 21 49 498936 -0.0642314  -0.02261543 -0.17151785
10 21 49 551067  0.00225019  0.01776218 -0.15832567
10 21 49 600838  0.0169735   0.01375103 -0.16906261
10 21 49 651915 -0.06309605 -0.02284575 -0.17045212
10 21 49 699632  0.00365305  0.01957512 -0.15675163
10 21 49 747700  0.01442671  0.01143885 -0.16744709
10 21 49 799302 -0.06200171 -0.02020788 -0.16667175
10 21 49 848313  0.00392151  0.02059841 -0.15491247
10 21 49 901059  0.00999737  0.01022482 -0.16651487
10 21 49 949545 -0.06087542 -0.02292585 -0.16599178
10 21 50 6807  0.00492048  0.02049923 -0.15480518
10 21 50 50697  0.00435019  0.01068354 -0.1648984 
10 21 50 99204 -0.06135607 -0.02191019 -0.16427231
10 21 50 151285  0.00467253  0.02200842 -0.15255308
10 21 50 199753  0.00044918  0.0090394  -0.16390705
10 21 50 252050 -0.05747461 -0.02334595 -0.16105556
10 21 50 300621  0.00740337  0.02126217 -0.15223455
10 21 50 349250 -0.00424099  0.0068903  -0.16352081
10 21 50 399235 -0.05347347 -0.02067852 -0.160285  
10 21 50 448457  0.00970316  0.02223587 -0.15161467
10 21 50 500911 -0.00387144  0.00568581 -0.16362572
10 21 50 549584 -0.04951525 -0.0206418  -0.15994215
10 21 50 601806  0.01384878  0.02425766 -0.15140676
10 21 50 650753 -0.00522709  0.00203419 -0.16220665
10 21 50 700530 -0.04221869 -0.01486969 -0.15636396
10 21 50 751459  0.01905584  0.0229764  -0.15033722
10 21 50 800658 -0.00881958  0.00251102 -0.16260433
10 21 50 852715 -0.03774309 -0.01753521 -0.15644646
10 21 50 900616  0.0255537   0.02076912 -0.15067101
10 21 50 947722 -0.00935507  0.00149393 -0.16141844
10 21 51 6924 -0.0336771  -0.01056433 -0.15367937
10 21 51 48352  0.02835798  0.02105951 -0.14821196
10 21 51 100318 -0.00978088  0.0025444  -0.15909529
10 21 51 149365 -0.03018761 -0.01248741 -0.15054178
10 21 51 200831  0.0327158   0.0214572  -0.14635086
10 21 51 250208 -0.010324    0.00122118 -0.15831614
10 21 51 299313 -0.02856016 -0.00780153 -0.14873409
10 21 51 350898  0.03547144  0.02284718 -0.14639902
10 21 51 400383 -0.01418161  0.00053596 -0.15727472
10 21 51 451693 -0.02326155 -0.00466967 -0.1467967 
10 21 51 500656  0.03848839  0.02111959 -0.14748096
10 21 51 547578 -0.02157497 -0.00281906 -0.15689516
10 21 51 599573 -0.01895332  0.00287199 -0.14474821
10 21 51 649245  0.03841019  0.02193832 -0.14774132
10 21 51 700815 -0.02883101 -0.00411224 -0.15671253
10 21 51 750970 -0.01902485  0.00545645 -0.14333391
10 21 51 800861  0.03784275  0.02136517 -0.14744139
10 21 51 851241 -0.0292058  -0.00254679 -0.15784168
10 21 51 901091 -0.02138472  0.00566101 -0.14626694
10 21 51 950789  0.0332427   0.0255022  -0.14730215
10 21 52 4171 -0.02899647 -0.00080442 -0.15842056
10 21 52 52828 -0.02709484  0.00299644 -0.14708185
10 21 52 101422  0.03222561  0.02658224 -0.14657068
10 21 52 148458 -0.02641821 -0.00150108 -0.15854359
10 21 52 200191 -0.02565145  0.00513935 -0.14662504
10 21 52 253661  0.03120947  0.02843285 -0.14641142
10 21 52 300917 -0.02564335 -0.00055695 -0.1585784 
10 21 52 350798 -0.02567482  0.00674295 -0.14684725
10 21 52 400767  0.03162146  0.02880955 -0.14631701
10 21 52 450026 -0.02728844  0.00147676 -0.15808964
10 21 52 502039 -0.02454758  0.00584698 -0.14720488
10 21 52 551037  0.03094959  0.03092527 -0.14684057
10 21 52 602504 -0.02924347  0.00477409 -0.15910196
10 21 52 651891 -0.02667999  0.00596046 -0.14693165
10 21 52 699956  0.02972555  0.03346348 -0.14567327
10 21 52 748002 -0.03337812  0.00244617 -0.15676069
10 21 52 800339 -0.02295399  0.01032019 -0.14468098
10 21 52 848506  0.03054905  0.03417587 -0.14681244
10 21 52 900986 -0.03797579  0.00049973 -0.15719557
10 21 52 949560 -0.02014637  0.01323938 -0.14446926
10 21 53 7856  0.03153992  0.03344536 -0.14710188
10 21 53 52126 -0.04254675 -0.00179052 -0.15841627
10 21 53 99243 -0.01520634  0.01706171 -0.14443731
10 21 53 151208  0.03162003  0.03539515 -0.14927101
10 21 53 199953 -0.04797602 -0.00445938 -0.15860319
10 21 53 251844 -0.01126766  0.02057934 -0.14376783
10 21 53 300766  0.02996159  0.03483009 -0.15092087
10 21 53 347821 -0.04831934 -0.00824785 -0.15926218
10 21 53 399286 -0.0078001   0.02659369 -0.14449167
10 21 53 448617  0.02757263  0.03505135 -0.15330601
10 21 53 500061 -0.05055523 -0.00929976 -0.16002512
10 21 53 550062 -0.00308132  0.02990007 -0.14517355
10 21 53 601148  0.02753448  0.03296089 -0.15493584
10 21 53 650561 -0.04541111 -0.01169443 -0.15804815
10 21 53 698476  0.00756931  0.0353961  -0.14493656
10 21 53 751263  0.02338791  0.03014946 -0.15622091
10 21 53 800048 -0.04347038 -0.01024199 -0.15827513
10 21 53 853570  0.01328039  0.03501368 -0.14680147
10 21 53 901134  0.01811409  0.02636719 -0.1580205 
10 21 53 949045 -0.0402503  -0.00640821 -0.15615225
10 21 54 7646  0.01918745  0.03478289 -0.14641762
10 21 54 49757  0.01339054  0.02264643 -0.15836811
10 21 54 100609 -0.0396781  -0.00480461 -0.15652657
10 21 54 150774  0.02251244  0.03452301 -0.14646435
10 21 54 201510  0.01063585  0.01889181 -0.15798187
10 21 54 251375 -0.0358839  -0.00162601 -0.15412426
10 21 54 299693  0.028018    0.0338335  -0.14642715
10 21 54 351740  0.01008177  0.01597548 -0.1600275 
10 21 54 400474 -0.03260231 -0.00307465 -0.15568686
10 21 54 454017  0.00477171  0.0132556  -0.16020536
10 21 54 501064 -0.02706003 -0.00059128 -0.15337467
10 21 54 549652  0.03548813  0.03457308 -0.14912748
10 21 54 600742 -0.0027113   0.00900602 -0.16173601
10 21 54 648840 -0.0179925   0.00335932 -0.15180159
10 21 54 699705  0.03887606  0.03245354 -0.15108967
10 21 54 751933 -0.00351286  0.01600361 -0.13945246
10 21 54 802435 -0.02484465 -0.03404665 -0.13171387
10 21 54 851886  0.0116806   0.02973509 -0.13419056
10 21 54 900363 -0.02935982 -0.03116941 -0.13725948
10 21 54 952300  0.01148033  0.02669525 -0.1289134 
10 21 55 7393 -0.0287385  -0.00144005 -0.1405282 
10 21 55 52162  0.01130295  0.0005827  -0.12640905
10 21 55 101242 -0.00886059  0.01720858 -0.13744831
10 21 55 149636 -0.01405001 -0.02534151 -0.12685776
10 21 55 200597  0.00929403  0.02548647 -0.13397121
10 21 55 250094 -0.02469349 -0.03418875 -0.12983561
10 21 55 300483  0.01721668  0.03478003 -0.12989426
10 21 55 349045 -0.03365088 -0.01628971 -0.13724375
10 21 55 401123  0.01943922  0.01972008 -0.12737513
10 21 55 451143 -0.0191288   0.00774908 -0.13929081
10 21 55 499510  0.00294971 -0.00465822 -0.12695074
10 21 55 551404 -0.00145149  0.02031898 -0.13743925
10 21 55 601296 -0.01920748 -0.02613831 -0.12817192
10 21 55 651295  0.01394367  0.03198624 -0.1340313 
10 21 55 700043 -0.0269618  -0.03012705 -0.13239574
10 21 55 750237  0.01516294  0.03542137 -0.12916899
10 21 55 801307 -0.0359869  -0.00808334 -0.1393919 
10 21 55 851047  0.01764441  0.01491785 -0.12737656
10 21 55 901169 -0.01232719  0.01087666 -0.14049578
10 21 55 949603 -0.00670433 -0.01115704 -0.12737179
10 21 56 6733  0.00038338  0.02317667 -0.13763189
10 21 56 49818 -0.02260637 -0.03037739 -0.12929249
10 21 56 98565  0.01144791  0.03407145 -0.13460922
10 21 56 153139 -0.02955961 -0.0290575  -0.13495302
10 21 56 199373  0.01113129  0.03175592 -0.13050508
10 21 56 251784 -0.03519011 -0.00942421 -0.14131021
10 21 56 300816  0.01150608  0.01324177 -0.12794638
10 21 56 347143 -0.01427889  0.01078272 -0.14061832
10 21 56 399639 -0.00825071 -0.01280403 -0.12793636
10 21 56 448171 -8.44001770e-05  2.35152245e-02 -1.37959003e-01
10 21 56 500811 -0.02705717 -0.03181171 -0.12947798
10 21 56 549452  0.01429319  0.03552485 -0.13349485
10 21 56 601675 -0.02869701 -0.02938509 -0.13546753
10 21 56 649717  0.00822496  0.03339672 -0.12983465
10 21 56 699562 -0.03317976 -0.00267792 -0.13998413
10 21 56 750613  0.01263857  0.00548315 -0.12737942
10 21 56 800582 -0.01215219  0.01363707 -0.1401    
10 21 56 852418 -0.01193523 -0.01461124 -0.12787867
10 21 56 900375  0.0060091   0.02533531 -0.13731813
10 21 56 947207 -0.02689219 -0.03466368 -0.13091326
10 21 57 7054  0.01783752  0.0380764  -0.13249016
10 21 57 51115 -0.02859735 -0.02394724 -0.13717508
10 21 57 100700  0.01892328  0.02415419 -0.12896395
10 21 57 148721 -0.02613688 -0.00072956 -0.14042807
10 21 57 200457  0.01243305  0.00294352 -0.12671709
10 21 57 250227 -0.00525141  0.0133996  -0.1392293 
10 21 57 298449 -0.00659657 -0.01959276 -0.12797499
10 21 57 351224  0.01099157  0.02462912 -0.13661718
10 21 57 399904 -0.02149343 -0.0362587  -0.13042879
10 21 57 451285  0.02261686  0.03439283 -0.13381386
10 21 57 500617 -0.02573204 -0.0265274  -0.13838434
10 21 57 547797  0.02040863  0.02502346 -0.13068295
10 21 57 599629 -0.01939583 -0.00207424 -0.14310217
10 21 57 648517  0.01509047 -0.00321627 -0.1303215 
10 21 57 699479 -0.00119448  0.01123047 -0.14178276
10 21 57 749549 -0.00465107 -0.02714014 -0.13087702
10 21 57 801112  0.0142107   0.0217452  -0.13864231
10 21 57 850507 -0.02051258 -0.04146194 -0.13373804
10 21 57 898602  0.02230835  0.02563    -0.13571692
10 21 57 950843 -0.01805449 -0.02839184 -0.13893795
10 21 58 3069  0.02666712  0.01381874 -0.13331032
10 21 58 52182 -0.01805687 -0.00861263 -0.14670229
10 21 58 102565  0.01607084 -0.00461006 -0.13295317
10 21 58 147322  0.00682068  0.0054512  -0.14574337
10 21 58 201992 -0.00418377 -0.03334522 -0.13529491
10 21 58 248795  0.01586103  0.01949835 -0.14294052
10 21 58 299758 -0.01514387 -0.04562473 -0.13752079
10 21 58 349008  0.02587891  0.02734375 -0.13751602
10 21 58 401108 -0.0185194  -0.03018045 -0.14349699
10 21 58 450447  0.02619314  0.01566553 -0.13467598
10 21 58 499047 -0.01503515 -0.00921583 -0.14795828
10 21 58 551243  0.01466179 -0.0069747  -0.13396835
10 21 58 600591  0.00218296  0.00715637 -0.14545298
10 21 58 651606 -0.00725508 -0.03131294 -0.13564873
10 21 58 701567  0.01516008  0.01877737 -0.14326143
10 21 58 747638 -0.01912498 -0.04472017 -0.13795853
10 21 58 799082  0.02060175  0.02814579 -0.13868761
10 21 58 849629 -0.02457857 -0.03126574 -0.14394522
10 21 58 899590  0.02121925  0.01928616 -0.1336503 
10 21 58 949725 -0.02137613 -0.00643873 -0.14852428
10 21 59 9989  0.0103364  -0.00283384 -0.13314724
10 21 59 47229 -0.00119734  0.00905561 -0.14682674
10 21 59 99064 -0.00926828 -0.02919817 -0.13573074
10 21 59 151169  0.01317787  0.02427387 -0.14416265
10 21 59 200620 -0.02313471 -0.04076958 -0.13994741
10 21 59 251501  0.01972151  0.03459597 -0.14011478
10 21 59 300734 -0.0252471  -0.02649879 -0.14634848
10 21 59 347945  0.02311659  0.02213955 -0.13713789
10 21 59 399158 -1.75666809e-02 -1.41143799e-04 -1.51605129e-01
10 21 59 448633  0.01158571 -0.00072622 -0.13717794
10 21 59 499720  0.00076914  0.01763248 -0.15052795
10 21 59 548963 -0.01136255 -0.02558374 -0.13995218
10 21 59 603570  0.0156455   0.03017235 -0.14786673
10 21 59 649664 -0.01907778 -0.03305626 -0.14466763
10 21 59 697596  0.01727676  0.03891611 -0.14449215
10 21 59 749508 -0.02701139 -0.01802921 -0.14973545
10 21 59 799728  0.02288055  0.02608919 -0.14209843
10 21 59 851627 -0.0195713   0.00656986 -0.15539694
10 21 59 901475  0.00912571  0.00782061 -0.14110088
10 21 59 948260  0.00049496  0.01723433 -0.15503216
10 22 0 7059 -0.00974131 -0.01239824 -0.14350271
10 22 0 49004  0.01204014  0.035882   -0.15094519
10 22 0 102576 -0.02136469 -0.02649975 -0.14607143
10 22 0 149075  0.02047873  0.04333115 -0.14724255
10 22 0 201430 -0.02630854 -0.01283884 -0.15049171
10 22 0 250653  0.02395105  0.03313351 -0.14324188
10 22 0 298670 -0.02074718  0.00822592 -0.15543127
10 22 0 365210  0.01435423  0.01375008 -0.14222813
10 22 0 399962 -0.00429678  0.02668953 -0.15537786
10 22 0 454814  0.01395321  0.03338289 -0.15283346
10 22 0 500542 -0.0232892  -0.02290487 -0.14505577
10 22 0 549292 1.69663429e-02 1.87397003e-04 1.93692350e+00
10 22 0 599592 -0.03113747 -0.01810122 -0.14986897
10 22 0 649074  0.0192132   0.03495741 -0.14309502
10 22 0 701233 -0.03147936  0.01055241 -0.15565252
10 22 0 749572 -0.01494122  0.01847219 -0.21854973
10 22 0 800888 -0.05619383 -0.02650642 -0.22817087
10 22 0 850973 -0.00892687 -0.004107   -0.21526289
10 22 0 900446 -0.03876448 -0.01132917 -0.22746325
10 22 0 951258 -0.02519989 -0.02745771 -0.21475315
10 22 1 3127 -0.02587509  0.00221109 -0.22436047
10 22 1 51748 -0.03885555 -0.04632473 -0.21540356
10 22 1 100506 -0.01396656  0.01543093 -0.2198596 
10 22 1 148549 -0.04352283 -0.05179405 -0.21852636
10 22 1 200035 -0.00769806  0.02261353 -0.2166543 
10 22 1 248693 -0.04858303 -0.03795719 -0.22463036
10 22 1 300614 -0.00346804  0.01052618 -0.21352148
10 22 1 349333 -0.03748178 -0.01485491 -0.22612619
10 22 1 400939 -0.00664806 -0.01059914 -0.21273279
10 22 1 450444 -0.02622461  0.00090122 -0.22333193
10 22 1 500740 -0.02114248 -0.03174162 -0.21137142
10 22 1 552551 -0.01110888  0.01698112 -0.21814203
10 22 1 601096 -0.03367376 -0.04170513 -0.21218348
10 22 1 654486 -0.00168085  0.03019571 -0.21336222
10 22 1 700044 -0.03404093 -0.04127312 -0.21485519
10 22 1 747740  0.00040817  0.03351545 -0.20891857
10 22 1 799630 -0.03437042 -0.02109432 -0.21757746
10 22 1 848431  0.00681877  0.01929712 -0.20572329
10 22 1 900942 -0.02813387  0.00272179 -0.21778774
10 22 1 949244 -0.00398922 -0.00495243 -0.20547581
10 22 2 7015 -0.01457119  0.01807547 -0.21505117
10 22 2 50031 -0.01954937 -0.02277994 -0.20619631
10 22 2 99316 -0.00457001  0.03310919 -0.21200991
10 22 2 150786 -0.03019333 -0.02999163 -0.20874548
10 22 2 200487  4.76837158e-07  4.56900597e-02 -2.09264278e-01
10 22 2 251508 -0.03430986 -0.02326632 -0.21349716
10 22 2 300542  0.00117397  0.04142809 -0.20617628
10 22 2 348380 -0.04205227 -0.00333929 -0.21609068
10 22 2 400290  0.00269508  0.02298403 -0.20393085
10 22 2 448240 -0.02764845  0.0139451  -0.21563339
10 22 2 499681 -0.01026869  0.00102282 -0.20430946
10 22 2 549802 -0.01608753  0.0308094  -0.21293879
10 22 2 601436 -0.02750444 -0.01962185 -0.20454931
10 22 2 651459 -0.0053091   0.04270267 -0.20983982
10 22 2 697831 -0.03245544 -0.02523613 -0.20741034
10 22 2 749880 -0.00090647  0.05173063 -0.20565653
10 22 2 799906 -0.03575039 -0.01759529 -0.21128893
10 22 2 852055  0.00095654  0.04150057 -0.20202398
10 22 2 900759 -0.03598499  0.00138235 -0.21300268
10 22 2 947542  0.00798559  0.01943779 -0.20109653
10 22 3 6267 -0.02059078  0.02085781 -0.21151829
10 22 3 48135 -0.00579739 -0.00466728 -0.20134258
10 22 3 99871 -0.00455427  0.03191996 -0.20790243
10 22 3 148979 -0.01411676 -0.01925564 -0.20298672
10 22 3 201088  0.00870275  0.04301643 -0.20784569
10 22 3 250278 -0.01992083 -0.02666903 -0.20834732
10 22 3 299298  0.01100683  0.04580545 -0.2058239 
10 22 3 351809 -0.02539492 -0.01397562 -0.21329737
10 22 3 418036  0.01534033  0.03168154 -0.20524073
10 22 3 451599 -0.02317953  0.00373983 -0.21625662
10 22 3 501266  0.00939703  0.01056671 -0.20541239
10 22 3 547824 -0.00808048  0.01623821 -0.21610308
10 22 3 599558 -0.00141382 -0.01132536 -0.20882845
10 22 3 648410 -0.00053167  0.03603792 -0.21446323
10 22 3 700558 -0.01467943 -0.0247612  -0.21154022
10 22 3 749168  0.00582361  0.04336357 -0.21308088
10 22 3 800769 -0.02116251 -0.02465725 -0.21440601
10 22 3 850108  0.00954676  0.04513121 -0.21082926
10 22 3 899466 -0.02675104 -0.01093245 -0.21903992
10 22 3 951095  0.00770283  0.03314161 -0.20739126
10 22 4 10473 -0.02338314  0.00719118 -0.21883202
10 22 4 75662  0.00567675  0.00874996 -0.20744371
10 22 4 118309 -0.00926208  0.02640724 -0.216259  
10 22 4 165696 -0.01100969 -0.01482773 -0.207901  
10 22 4 212730 -0.00123596  0.03827953 -0.21367264
10 22 4 256841 -0.01965666 -0.02459669 -0.20982409
10 22 4 317494  0.00780678  0.04921627 -0.21004534
10 22 4 369049 -0.02375317 -0.02081871 -0.2151351 
10 22 4 414174  0.01036978  0.04499006 -0.20782328
10 22 4 468724 -0.0295639  -0.00335598 -0.21830368
10 22 4 519400  0.01477909  0.02488661 -0.20689011
10 22 4 571274 -0.01769161  0.01745129 -0.21761847
10 22 4 610372  0.002141    0.00251627 -0.20732403
10 22 4 652167 -0.00758791  0.02837372 -0.21561575
10 22 4 700679 -0.0120163  -0.01327372 -0.20854187
10 22 4 747957 -0.0004859   0.04452467 -0.21346998
10 22 4 799126 -0.02268028 -0.02272081 -0.21199942
10 22 4 848540  0.00522089  0.05118322 -0.21160412
10 22 4 900061 -0.02932215 -0.01685381 -0.21678352
10 22 4 949291  0.00515652  0.04352713 -0.20973873
10 22 5 7227 -0.03441572  0.00403833 -0.2202282 
10 22 5 50714  0.00275993  0.02361441 -0.20954847
10 22 5 99095 -0.02475119  0.01919842 -0.219666  
10 22 5 151214 -1.10826492e-02  2.05039978e-05 -2.10596085e-01
10 22 5 200586 -0.01584244  0.03366137 -0.21800184
10 22 5 252205 -0.0259099  -0.01727819 -0.21282291
10 22 5 301434 -0.00544786  0.04370213 -0.21696663
10 22 5 347942 -0.03203869 -0.02253103 -0.21652079
10 22 5 399279 -0.00168467  0.05047178 -0.21555471
10 22 5 448680 -0.03974295 -0.01186609 -0.22382164
10 22 5 507818 -0.0032053   0.03865814 -0.21426201
10 22 5 570522 -0.03792048  0.0063138  -0.22591925
10 22 5 614387 -0.00679302  0.015944   -0.21414232
10 22 5 667835 -0.02666903  0.0256772  -0.22483683
10 22 5 716741 -0.01772594 -0.00758314 -0.21506739
10 22 5 759841 -0.01299906  0.03441525 -0.22243834
10 22 5 800290 -0.02828121 -0.01928473 -0.21655941
10 22 5 852198 -0.00434017  0.04554033 -0.22031784
10 22 5 901161 -0.03029251 -0.02521133 -0.22138739
10 22 5 947761  0.00165367  0.04617453 -0.21831751
10 22 6 6594 -0.03665638 -0.01065159 -0.22566557
10 22 6 48141  0.00642872  0.02825069 -0.21665335
10 22 6 99818 -0.02950668  0.00397158 -0.22890949
10 22 6 150226  0.00059128  0.00733185 -0.2186327 
10 22 6 201017 -0.01713133  0.01934385 -0.22833872
10 22 6 250143 -0.01238871 -0.01474857 -0.22146606
10 22 6 318425 -0.00837135  0.03209305 -0.22907448
10 22 6 371162 -0.02436781 -0.02583838 -0.22606659
10 22 6 420046  0.00199747  0.03989315 -0.22986269
10 22 6 453927  0.00305796  0.04155827 -0.22980595
10 22 6 500650 -0.03383827 -0.01357651 -0.23881149
10 22 6 548140  1.09419823e-02  8.44001770e-05 -1.88405514e-01
10 22 6 599748 -0.02486324 -0.00107813 -0.24298763
10 22 6 647861  0.00116587  0.00511932 -0.23265791
10 22 6 699685 -0.01412916  0.01322412 -0.24418879
10 22 6 750672 -0.04498434  0.02120256 -0.21422434
10 22 6 801601 -0.05578613 -0.03651714 -0.20985603
10 22 6 850278 -0.0421052   0.03206825 -0.21115541
10 22 6 899366 -0.06366348 -0.0424614  -0.21324968
10 22 6 951927 -0.03647232  0.03255796 -0.20884514
10 22 7 2949 -0.06541348 -0.03477144 -0.21657467
10 22 7 51169 -0.03842878  0.02531528 -0.20604515
10 22 7 100907 -0.07446861 -0.01631594 -0.2174058 
10 22 7 147957 -0.03115129  0.00024462 -0.20357132
10 22 7 199357 -0.06379509 -0.00092173 -0.21529484
10 22 7 248673 -0.03895473 -0.01619625 -0.20246172
10 22 7 300767 -0.05027485  0.01441097 -0.21153307
10 22 7 349936 -0.05280876 -0.03596544 -0.2016139 
10 22 7 401159 -0.04074955  0.02664089 -0.20708704
10 22 7 450556 -0.05847597 -0.04318619 -0.20305777
10 22 7 499540 -0.03346634  0.03147507 -0.20301771
10 22 7 551186 -0.0649786  -0.04241133 -0.20557642
10 22 7 601508 -0.0307765   0.03025723 -0.1982832 
10 22 7 651639 -0.06522083 -0.02984905 -0.20760679
10 22 7 700361 -0.02339602  0.01168346 -0.19526672
10 22 7 748023 -0.06337118 -0.01114416 -0.20815182
10 22 7 799359 -0.02965736 -0.00890875 -0.19291353
10 22 7 849099 -0.05008554  0.00575686 -0.20461702
10 22 7 900123 -0.0376749  -0.03154516 -0.19451761
10 22 7 949189 -0.03827858  0.01938391 -0.2022438 
10 22 8 9225 -0.04877281 -0.04292774 -0.1963644 
10 22 8 49365 -0.03147364  0.02897072 -0.19941473
10 22 8 100182 -0.05389214 -0.04871941 -0.19973898
10 22 8 152154 -0.02235699  0.03103828 -0.19635248
10 22 8 199500 -0.05387783 -0.04009056 -0.20324135
10 22 8 252466 -0.02216005  0.02331448 -0.19261551
10 22 8 300613 -0.05772924 -0.02421808 -0.20421791
10 22 8 347081 -0.01057577  0.00045824 -0.19072485
10 22 8 399152 -0.04822731 -0.003582   -0.20404768
10 22 8 449828 -0.02379274 -0.01683617 -0.190732  
10 22 8 500359 -0.03558731  0.00900173 -0.20034647
10 22 8 548934 -0.02881432 -0.03777552 -0.19093466
10 22 8 600654 -0.02671337  0.02357578 -0.19671679
10 22 8 650539 -0.04119301 -0.04440975 -0.19190359
10 22 8 698529 -0.01968718  0.03065681 -0.19202614
10 22 8 750931 -0.04151726 -0.04675627 -0.19475269
10 22 8 800051 -0.01193094  0.0330019  -0.18853474
10 22 8 852460 -0.04507971 -0.03228998 -0.1977911 
10 22 8 900535 -0.00984144  0.01872015 -0.18511677
10 22 8 949277 -0.0467124  -0.01312733 -0.1979723 
10 22 9 7175 -0.00494528 -0.00228691 -0.18401623
10 22 9 48590 -0.03614664  0.00617456 -0.19653225
10 22 9 100290 -0.02111673 -0.02293205 -0.18330002
10 22 9 148951 -0.02485514  0.01901007 -0.19211292
10 22 9 200434 -0.028543   -0.04110432 -0.1835165 
10 22 9 249450 -0.0180316   0.03295279 -0.18770266
10 22 9 298704 -0.03714037 -0.04324007 -0.18487835
10 22 9 354179 -0.01041603  0.03525257 -0.18274879
10 22 9 419176 -0.03985596 -0.03481627 -0.18628979
10 22 9 451460 -0.00499582  0.02902317 -0.17830181
10 22 9 499984 -0.04640818 -0.01755857 -0.18863869
10 22 9 548936 -0.00078201  0.01168537 -0.17507076
10 22 9 599106 -0.04135132  0.00331163 -0.18574381
10 22 9 648792 -0.00571871 -0.01282406 -0.17434645
10 22 9 700081 -0.0323143   0.01935005 -0.18360949
10 22 9 749149 -0.02173042 -0.02690697 -0.17408419
10 22 9 800630 -0.01708603  0.03020287 -0.18024921
10 22 9 850884 -0.02556467 -0.03602266 -0.1747241 
10 22 9 918333 -0.01128483  0.04105377 -0.17543077
10 22 9 950769 -0.03000879 -0.0364728  -0.17857265
10 22 10 3392 -0.00155163  0.04169893 -0.17226028
10 22 10 52205 -0.03151178 -0.02025652 -0.17985725
10 22 10 100956  0.00152636  0.02498293 -0.16856146
10 22 10 150073 -0.03163338  0.00371647 -0.17921829
10 22 10 199655  0.00822496  0.00390053 -0.16720772
10 22 10 248771 -0.02122784  0.01629257 -0.1770153 
10 22 10 300716 -0.00343752 -0.01253176 -0.16638374
10 22 10 349631 -0.00972986  0.03254795 -0.17305994
10 22 10 400958 -0.00847149 -0.02769756 -0.1670022 
10 22 10 450544 -0.00265598  0.04267836 -0.17112112
10 22 10 499109 -0.01479149 -0.02926064 -0.16831446
10 22 10 551126  0.0022769   0.04837084 -0.1681385 
10 22 10 603164 -0.01955557 -0.02282953 -0.1732564 
10 22 10 653297  0.00605249  0.04273987 -0.16565514
10 22 10 700159 -0.02689409 -0.00435257 -0.1752429 
10 22 10 747545  0.00928164  0.0218482  -0.16393089
10 22 10 801531 -0.0236516   0.01688099 -0.17480183
10 22 10 848588  0.00367117  0.00358963 -0.16402435
10 22 10 906974 -0.01295853  0.02894545 -0.17237663
10 22 10 965219 -0.00787163 -0.01394749 -0.16506815
10 22 11 6863 -0.00909662  0.04771614 -0.16859818
10 22 11 50205 -0.01368284 -0.02528906 -0.16845608
10 22 11 99818 -0.00128746  0.05389738 -0.16682005
10 22 11 163136 -0.01736736 -0.02172375 -0.17287254
10 22 11 202210 -0.00251341  0.05533075 -0.16323185
10 22 11 252648 -0.02381659 -0.00262642 -0.17426157
10 22 11 300461  0.0096426   0.03344297 -0.16161776
10 22 11 347720 -0.02470589  0.01573896 -0.17319632
10 22 11 399182  0.00299501  0.01516438 -0.16148281
10 22 11 471386 -0.01768732  0.03571463 -0.17085266
10 22 11 504711 -0.00459814 -0.01006126 -0.16296053
10 22 11 550503 -0.00796127  0.04798412 -0.16829491
10 22 11 601383 -0.01162195 -0.01714182 -0.1651907 
10 22 11 650016 -0.0043931   0.05846643 -0.16592455
10 22 11 698048 -0.01673222 -0.02159739 -0.17010784
10 22 11 749079 -0.00022936  0.05932808 -0.16451502
10 22 11 799902 -0.02092695 -0.00653887 -0.17458868
10 22 11 851984  0.00329256  0.04190397 -0.16300583
10 22 11 902919 -0.02911997  0.01639891 -0.17593956
10 22 11 948119  0.00554419  0.01711941 -0.1632576 
10 22 12 7389 -0.01856613  0.03036833 -0.17307806
10 22 12 49368 -0.0034709  -0.00266457 -0.16494942
10 22 12 101743 -0.01338816  0.04567909 -0.17022657
10 22 12 149656 -0.01308393 -0.01885939 -0.16721582
10 22 12 200900 -0.00714397  0.05324459 -0.16876411
10 22 12 250722 -0.01752949 -0.02149868 -0.17047071
10 22 12 299008 -0.00412512  0.05888748 -0.16543055
10 22 12 350958 -0.02526855 -0.01399899 -0.17421532
10 22 12 400363 -0.00191641  0.04652596 -0.16271591
10 22 12 462873  0.00359774  0.02152491 -0.16213608
10 22 12 519104 -0.02553177  0.02652502 -0.17333317
10 22 12 567054 -0.00935411  0.         -2.37563801
10 22 12 618427 -0.01491022  0.03669024 -0.17148542
10 22 12 671370 -0.01596069 -0.01536798 -0.16512442
10 22 12 701236 -0.01049948  0.05047417 -0.1683917 
10 22 12 749940  0.00994253  0.01905394 -0.10066223
10 22 12 800746 -0.03214979 -0.00549126 -0.10894108
10 22 12 850828  0.00675297  0.00842142 -0.0980587 
10 22 12 906372 -0.03034115  0.0053196  -0.10950041
10 22 12 971091 -0.00291538 -0.00102758 -0.09521627
10 22 13 27769 -0.01998377  0.01037693 -0.10977459
10 22 13 52372 -0.0102973  -0.00927687 -0.09410477
10 22 13 101485 -0.01352596  0.02017689 -0.10845137
10 22 13 148043 -0.01600647 -0.02089643 -0.09365654
10 22 13 198947 -0.00757933  0.02554512 -0.1067915 
10 22 13 248679 -0.0219388  -0.02908421 -0.09486628
10 22 13 300210 -0.00506163  0.03133249 -0.10587025
10 22 13 349191 -0.02634382 -0.03515482 -0.09811211
10 22 13 400672 -0.00219059  0.03369665 -0.10414124
10 22 13 450310 -0.02649975 -0.03495789 -0.1004281 
10 22 13 502675 -0.00032997  0.0304389  -0.10320234
10 22 13 561124 -0.03032207 -0.03024721 -0.10436106
10 22 13 601726  0.00346565  0.02539587 -0.10101318
10 22 13 651829 -0.03499603 -0.02141619 -0.10783768
10 22 13 699759  0.00979853  0.01516819 -0.09913778
10 22 13 747996 -0.03396511 -0.01107454 -0.11011553
10 22 13 799638  0.00806713  0.00208616 -0.09843111
10 22 13 849054 -0.02589607 -0.00095844 -0.10996246
10 22 13 899953  0.00135517 -0.00909472 -0.0977006 
10 22 13 949492 -0.0188756   0.00636911 -0.11175346
10 22 14 6913 -0.00873423 -0.01767635 -0.0975914 
10 22 14 50793 -0.00726748  0.01383829 -0.11065006
10 22 14 99171 -0.01081419 -0.02749014 -0.09718847
10 22 14 151328 -0.00472975  0.02235842 -0.10976315
10 22 14 200147 -0.0152998  -0.03440046 -0.09807348
10 22 14 253700  0.00410461  0.02903175 -0.10783625
10 22 14 300735 -0.0189476  -0.03687048 -0.09997129
10 22 14 351324  0.00678825  0.03589916 -0.10506964
10 22 14 399671 -0.01936865 -0.03645325 -0.10355568
10 22 14 450281  0.01133108  0.03002548 -0.10240507
10 22 14 500053 -0.0204649  -0.02277279 -0.10609055
10 22 14 549496  0.01411104  0.02440119 -0.10106516
10 22 14 602239 -0.02780104 -0.01152468 -0.10900211
10 22 14 651362  0.02114534  0.00979042 -0.09935284
10 22 14 713617 -0.0172739  -0.00055408 -0.10939598
10 22 14 751081  0.01160765  0.00380898 -0.0983448 
10 22 14 800312 -0.01318312  0.01143217 -0.11114025
10 22 14 851682  0.00562048 -0.00879288 -0.09780312
10 22 14 901293 -0.00375414  0.01755953 -0.11179161
10 22 14 955438 -0.00376701 -0.01268673 -0.0986228 
10 22 15 29889  0.00222588  0.02505541 -0.11223602
10 22 15 70184 -0.00791645 -0.02283478 -0.10030651
10 22 15 100583  0.00870514  0.03259277 -0.11220646
10 22 15 149585 -0.01266241 -0.02608824 -0.10203171
10 22 15 201454  0.01036549  0.03846073 -0.10997725
10 22 15 256640 -0.01471806 -0.02819109 -0.10442781
10 22 15 300396  0.01434183  0.03564548 -0.10813999
10 22 15 351688 -0.01754475 -0.02083635 -0.1082902 
10 22 15 400482  0.0137763   0.03465843 -0.10445976
10 22 15 488430 -0.02210712 -0.01131439 -0.1117382 
10 22 15 530858  0.02476072  0.01935148 -0.10350466
10 22 15 569751 -0.01840448  0.00108767 -0.11442375
10 22 15 618067  0.02150536  0.01035786 -0.10331631
10 22 15 668487 -0.01182795  0.00884676 -0.11683369
10 22 15 719735  0.01257896 -0.00233746 -0.10448217
10 22 15 766094 -0.00157642  0.01594353 -0.11854887
10 22 15 813193  0.00378942 -0.01332998 -0.10579252
10 22 15 865829  0.00558805  0.02263355 -0.12021399
10 22 15 919690 -0.00421858 -0.02234268 -0.10722685
10 22 15 972091  0.01300144  0.02727985 -0.12030268
10 22 16 19356 -0.00808907 -0.02873182 -0.10904646
10 22 16 69461  0.01334667  0.03341007 -0.11806536
10 22 16 116987 -0.01012135 -0.03383684 -0.11106205
10 22 16 164566  0.02139521  0.03235817 -0.115345  
10 22 16 210033 -0.01341867 -0.03130293 -0.11467743
10 22 16 267962  0.02107573  0.0299263  -0.11211491
10 22 16 311335 -0.01769829 -0.02270222 -0.11747408
10 22 16 350431  0.02654505  0.01829624 -0.10943842
10 22 16 401177 -0.01854324 -0.01300764 -0.11969471
10 22 16 451503  0.02513075  0.00840807 -0.10761404
10 22 16 499044 -0.01387262 -0.00487566 -0.12011814
10 22 16 552544  0.01588726 -0.00127649 -0.10503483
10 22 16 601793 -0.00757122  0.0046649  -0.11990166
10 22 16 650919  0.00894165 -0.01191235 -0.10425186
10 22 16 700194  0.00219202  0.01351213 -0.11916494
10 22 16 747687 -0.00263357 -0.01902962 -0.10284472
10 22 16 799282  0.00278521  0.02197123 -0.11706209
10 22 16 848998 -0.00397301 -0.0274806  -0.10357714
10 22 16 900514  0.00652933  0.03037834 -0.11533165
10 22 16 953894 -0.01336145 -0.02809763 -0.10422993
10 22 17 7644  0.00666189  0.03678322 -0.11296797
10 22 17 51414 -0.01682138 -0.03220797 -0.10540247
10 22 17 99548  0.00991344  0.0403676  -0.10986757
10 22 17 160602 -0.02417803 -0.02710629 -0.10885668
10 22 17 225785  0.00913095  0.03626156 -0.10643196
10 22 17 268472 -0.02726889 -0.01766396 -0.11153841
10 22 17 321240  0.0096364   0.02771473 -0.10439396
10 22 17 349089 -0.03541756 -0.00421381 -0.11422491
10 22 17 399328  0.00926208  0.01531553 -0.10176706
10 22 17 448495 -0.03097534  0.00311661 -0.11500311
10 22 17 500592  0.00022554  0.00109625 -0.10151577
10 22 17 550267 -0.02202988  0.01217222 -0.11650133
10 22 17 602515 -0.01373243 -0.00866652 -0.10120058
10 22 17 649447 -0.01416588  0.02032757 -0.11588001
10 22 17 699576 -0.01882982 -0.02364731 -0.10291767
10 22 17 749730 -0.00890589  0.02642918 -0.11619091
10 22 17 799851 -0.02727365 -0.02937222 -0.10384846
10 22 17 866850 -0.00357676  0.02916384 -0.11479235
10 22 17 917815 -0.02717018 -0.03415394 -0.10583162
10 22 17 968013 -0.00200367  0.03051949 -0.11334229
10 22 18 24971 -0.03079224 -0.03163433 -0.10834122
10 22 18 48821 -0.00013208  0.02710342 -0.11072397
10 22 18 100132 -0.03285551 -0.03143215 -0.11054659
10 22 18 149298  0.00295353  0.02235651 -0.10840654
10 22 18 212304 -0.04171467 -0.02163696 -0.11512518
10 22 18 270244  0.00712824  0.01254511 -0.10650158
10 22 18 321116 -0.03516006 -0.01365185 -0.11671686
10 22 18 369901  0.00489044  0.00186729 -0.10396051
10 22 18 410848 -0.03125429 -0.00202608 -0.11794519
10 22 18 453575 -0.02005243  0.00450087 -0.11813498
10 22 18 500408 -0.00962496 -0.01580763 -0.10340738
10 22 18 548462 -1.45115852e-02  7.34329224e-05  4.99536991e-01
10 22 18 610555 -0.01858807 -0.02568531 -0.10471725
10 22 18 666584 -0.00923252  0.02275991 -0.1183424 
10 22 18 699408 -0.02368307 -0.02674294 -0.10545635
10 22 18 750626 -0.06700277 -0.04502964 -0.27675772
10 22 18 801746 -0.03050184  0.0186882  -0.27817726
10 22 18 852852 -0.0759325  -0.03770828 -0.28225327
10 22 18 899827 -0.02481794  0.00864649 -0.27637291
10 22 18 950111 -0.07201719 -0.02941561 -0.28570271
10 22 19 3580 -0.02306128 -0.00184441 -0.27783918
10 22 19 51923 -0.06601524 -0.02130556 -0.2910924 
10 22 19 100391 -0.02664661 -0.01500702 -0.27726555
10 22 19 147885 -0.05283117 -0.01438713 -0.29447508
10 22 19 200054 -0.03462791 -0.0264287  -0.27973509
10 22 19 249208 -0.04622889 -0.00528431 -0.2972436 
10 22 19 300333 -0.0464921  -0.03892326 -0.28206062
10 22 19 350029 -0.04013014 -0.00216389 -0.29823494
10 22 19 400839 -0.04838514 -0.04391432 -0.28474236
10 22 19 455281 -0.03551579  0.01003695 -0.29889154
10 22 19 500382 -0.05508995 -0.0558939  -0.28779507
10 22 19 552067 -0.02850294  0.01017094 -0.29817677
10 22 19 601333 -0.0526762  -0.05413246 -0.28964329
10 22 19 651302 -0.02214384  0.01333237 -0.29651642
10 22 19 700358 -0.06430721 -0.0560689  -0.29438734
10 22 19 747748 -0.02810955  0.01189137 -0.29244232
10 22 19 799768 -0.06882858 -0.0493412  -0.29657316
10 22 19 849497 -0.02221012 -0.00085831 -0.29048538
10 22 19 900389 -0.0753212  -0.03508711 -0.30002594
10 22 19 949507 -0.02249002 -0.01378107 -0.28685188
10 22 20 6908 -0.06405878 -0.03005171 -0.3014698 
10 22 20 56670 -0.02971697 -0.02558851 -0.28607607
10 22 20 116609 -0.05387735 -0.01654673 -0.30145931
10 22 20 169492 -0.0414691  -0.04432201 -0.28534079
10 22 20 224959 -0.0462842  -0.01350355 -0.30079985
10 22 20 274018 -0.0479188  -0.04919434 -0.28550005
10 22 20 303233 -0.03817034 -0.00444889 -0.30101776
10 22 20 347388 -0.05962992 -0.05868483 -0.28685045
10 22 20 398805 -0.03803253 -0.00120687 -0.29827547
10 22 20 449340 -0.06194687 -0.06515694 -0.2887187 
10 22 20 499655 -0.03773165  0.00403738 -0.29599285
10 22 20 548969 -0.07361317 -0.06493282 -0.29051828
10 22 20 600855 -0.04188728  0.00525808 -0.29162359
10 22 20 649946 -0.07517529 -0.06191778 -0.29281664
10 22 20 698684 -0.0415411   0.00266981 -0.29003859
10 22 20 751782 -0.08454943 -0.05090094 -0.29634285
10 22 20 800864 -0.03989315 -0.00412941 -0.2880621 
10 22 20 852255 -0.08138466 -0.03990221 -0.29926825
10 22 20 900773 -0.03733683 -0.01651955 -0.2887578 
10 22 20 947238 -0.07691574 -0.02499342 -0.30124521
10 22 21 7848 -0.04484367 -0.02595472 -0.2877965 
10 22 21 49191 -0.06733704 -0.01585531 -0.30090618
10 22 21 100512 -0.05469942 -0.03663158 -0.28720522
10 22 21 148519 -0.05938435 -0.00263834 -0.30018473
10 22 21 200422 -0.06598568 -0.04779387 -0.28773069
10 22 21 249591 -0.05019188  0.00504446 -0.29997015
10 22 21 298895 -0.06838989 -0.05224943 -0.28927517
10 22 21 350840 -0.04906416  0.01371479 -0.2988553 
10 22 21 400745 -0.07259226 -0.05340147 -0.29225874
10 22 21 452225 -0.04471827  0.01669693 -0.29625654
10 22 21 500339 -0.07519388 -0.04853868 -0.29490995
10 22 21 547785 -0.04292011  0.01606131 -0.29308271
10 22 21 600162 -0.08219004 -0.04076815 -0.29792738
10 22 21 647938 -0.04464436  0.00724077 -0.29102421
10 22 21 699284 -0.08532429 -0.02427149 -0.29761314
10 22 21 749211 -0.04225636 -0.00373459 -0.28863382
10 22 21 800881 -0.08338642 -0.01407051 -0.29951859
10 22 21 849843 -0.05107307 -0.01106405 -0.28761578
10 22 21 899266 -0.07712269 -0.00139093 -0.29931831
10 22 21 952082 -0.05886364 -0.02357578 -0.28714705
10 22 22 2780 -0.07136774  0.00763226 -0.2987051 
10 22 22 61525 -0.06939697 -0.02710438 -0.28613472
10 22 22 124813 -0.06321383  0.01796675 -0.29659367
10 22 22 168096 -0.07278633 -0.0350709  -0.28531122
10 22 22 220432 -0.05928564  0.02601528 -0.29360008
10 22 22 268992 -0.07700014 -0.03937244 -0.2861104 
10 22 22 314415 -0.05144453  0.03024387 -0.2907877 
10 22 22 367059 -0.07599545 -0.03678131 -0.28833342
10 22 22 414315 -0.04753065  0.0311904  -0.2866416 
10 22 22 469571 -0.07714796 -0.02999067 -0.29039955
10 22 22 518075 -0.04110909  0.02411366 -0.28291416
10 22 22 565030 -0.08109999 -0.01718092 -0.29202509
10 22 22 618900 -0.03807306  0.01115417 -0.28043365
10 22 22 651607 -0.07518435 -0.00473785 -0.29132271
10 22 22 700951 -0.04076195 -0.00448561 -0.28038788
10 22 22 747131 -0.06767273  0.00916529 -0.29005384
10 22 22 798526 -0.04926252 -0.0169034  -0.28063393
10 22 22 847871 -0.05926085  0.01838875 -0.28972197
10 22 22 900689 -0.06090307 -0.02851439 -0.28175545
10 22 22 949851 -0.05145025  0.02632284 -0.29082918
10 22 23 6689 -0.06242943 -0.03316593 -0.28382158
10 22 23 50021 -0.04382229  0.03224754 -0.28977823
10 22 23 99431 -0.0698905  -0.03695536 -0.28673315
10 22 23 150816 -0.04134512  0.03288174 -0.28679848
10 22 23 199707 -0.07072401 -0.02827549 -0.28893423
10 22 23 251552 -0.03378057  0.02331972 -0.28248882
