10 21 36 213164 -0.01942444 -0.03238773  1.01909614
10 21 36 215446 -0.01763368 -0.05738306  1.00145793
10 21 36 235065 -0.03420877 -0.08340979  0.99206567
10 21 36 237575 -0.04680228 -0.06412768  1.00354576
10 21 36 239803 -0.02230573  0.01479983  1.01936388
10 21 36 299014 0.00531793 0.01049519 1.00111198
10 21 36 350811 -0.00671363 -0.10693431  0.99301171
10 21 36 399881 -0.03901577 -0.1419642   0.99786592
10 21 36 452042 -0.03169227 -0.05916929  1.00891542
10 21 36 500570 -0.01412153 -0.01695609  1.01507068
10 21 36 548080 -0.01693296 -0.05091643  0.99944496
10 21 36 603862 -0.03602123 -0.08587623  0.98149681
10 21 36 650342 -0.05161428 -0.07458663  1.00597477
10 21 36 714844 -2.95989513e-02 -2.64167786e-04  1.01223230e+00
10 21 36 773454 -6.39438629e-04 -1.23445988e-02  9.88391638e-01
10 21 36 802488 -0.00829911 -0.08969951  1.00007439
10 21 36 850200 -0.03181696 -0.11018252  1.01161456
10 21 36 899800 -0.03273273 -0.06601691  1.00611663
10 21 36 951239 -0.01867676 -0.03089976  1.00614858
10 21 37 5277 -0.01243186 -0.04480386  1.0030067 
10 21 37 52161 -0.02552533 -0.07256436  0.99430943
10 21 37 101415 -0.04883814 -0.09475803  0.99522233
10 21 37 148030 -0.04140234 -0.02329588  1.00876093
10 21 37 199446 -0.0030241   0.05153012  1.0162313 
10 21 37 248797  0.00178409 -0.05349779  0.99597526
10 21 37 300424 -0.03184128 -0.17506623  0.99428558
10 21 37 384300 -0.04774165 -0.11377382  1.00173068
10 21 37 429761 -0.02465177 -0.01511765  1.0142312 
10 21 37 452364 -0.01322126 -0.02944589  1.0095222 
10 21 37 499405 -0.02792072 -0.0841713   0.9846561 
10 21 37 551813 -0.05016899 -0.09855723  0.99812412
10 21 37 601955 -0.04070568 -0.0325737   1.02765989
10 21 37 652237 -0.00375247  0.03092456  1.00349069
10 21 37 700497  0.00393891 -0.05658126  0.97866774
10 21 37 748206 -0.02641129 -0.15772605  1.00805926
10 21 37 800111 -0.03990293 -0.10447574  1.02086806
10 21 37 849381 -0.02165937 -0.02312469  1.00403643
10 21 37 900520 -0.00632906 -0.0374229   1.00301671
10 21 37 949530 -0.01964068 -0.08123755  1.00201225
10 21 38 7707 -0.04447699 -0.09774804  1.00818419
10 21 38 50315 -0.03854084 -0.01866412  1.02268505
10 21 38 100954 0.00364995 0.0379982  1.00111604
10 21 38 151760  0.01202083 -0.08173537  0.98397136
10 21 38 200760 -0.03053045 -0.17343354  1.01667809
10 21 38 252344 -0.04222226 -0.08718514  1.01966858
10 21 38 307978 -0.01655507 -0.00805831  1.01032138
10 21 38 377156 -0.00357008 -0.04215765  1.00067687
10 21 38 421805 -0.02827406 -0.09505224  0.99118662
10 21 38 463425 -0.04954457 -0.07634091  1.01611471
10 21 38 500196 -0.02632046  0.01046324  1.02691531
10 21 38 549986  0.00971961 -0.01264119  0.98490906
10 21 38 601394 -0.0039289  -0.12505984  0.99173951
10 21 38 650761 -0.03505731 -0.12546778  1.03049183
10 21 38 698619 -0.03149223 -0.04399323  1.02373743
10 21 38 753334 -0.00964785 -0.02827668  1.00384593
10 21 38 803531 -0.01058841 -0.0673604   0.99502206
10 21 38 853305 -0.04144716 -0.09052491  1.00312066
10 21 38 902584 -0.04986143 -0.03048992  1.02365541
10 21 38 948939 -0.01528955  0.01284409  1.01135588
10 21 39 8119  0.00693393 -0.06313968  0.99846196
10 21 39 48948 -0.01705527 -0.13358188  1.01733541
10 21 39 100487 -0.04006743 -0.07802582  1.0206852 
10 21 39 150208 -0.02073073 -0.02519584  1.01088619
10 21 39 201308 -0.00510955 -0.04219222  1.0026803 
10 21 39 250886 -0.02277517 -0.0798974   0.99541903
10 21 39 299778 -0.05028796 -0.06976151  1.0110178 
10 21 39 351748 -3.18372250e-02 -2.30789185e-04  1.01727057e+00
10 21 39 400791 -0.00235987 -0.01973867  0.99827623
10 21 39 466572 -0.00492835 -0.09989929  1.01550579
10 21 39 522717 -0.0256319  -0.10782075  1.02645445
10 21 39 564474 -0.03059959 -0.05070376  1.0117321 
10 21 39 616794 -0.01546049 -0.03557563  1.00393391
10 21 39 670334 -0.01018429 -0.05647039  1.00380993
10 21 39 714267 -0.02892828 -0.08194256  1.00238514
10 21 39 775423 -0.04525685 -0.05459428  1.00999951
10 21 39 810005 -0.01985168  0.02886415  1.01221752
10 21 39 850757  0.00956392 -0.01446629  1.00228643
10 21 39 899660 -0.00897694 -0.13797426  1.01196885
10 21 39 951893 -0.0420897  -0.12771726  1.01516461
10 21 40 3450 -0.02944756 -0.03836775  1.01332378
10 21 40 53559 -0.00537419 -0.02281642  1.01836967
10 21 40 102497 -0.01159334 -0.06322598  1.00351763
10 21 40 149634 -0.03619361 -0.09174609  0.9873333 
10 21 40 199488 -0.04484344 -0.04135847  1.01714921
10 21 40 248926 -0.01558542  0.01163578  1.01140404
10 21 40 301664  0.00407743 -0.04899764  0.98821831
10 21 40 350156 -0.01444292 -0.12500978  1.00928974
10 21 40 401418 -0.03538322 -0.10298085  1.02176046
10 21 40 455737 -0.02565169 -0.04633141  1.01001239
10 21 40 499413 -0.00605273 -0.04244208  0.99399066
10 21 40 551307 -0.01115417 -0.06692791  1.00230694
10 21 40 600947 -0.03827524 -0.08993673  1.00261784
10 21 40 652505 -0.0413456  -0.03524852  1.00192952
10 21 40 699594 -0.00861239  0.02347374  0.99984431
10 21 40 748195  0.00935173 -0.04388762  0.99934697
10 21 40 815250 -0.01410317 -0.13364887  1.0012145 
10 21 40 862814 -0.03467584 -0.10690522  0.99474692
10 21 40 919878 -0.02097034 -0.04392791  1.00636888
10 21 40 973005 -0.00581193 -0.04125166  1.0047605 
10 21 41 42343 -0.01523542 -0.06726861  0.99077845
10 21 41 94089 -0.04214382 -0.08835149  0.98365688
10 21 41 147768 -0.04447722 -0.04522967  1.00871325
10 21 41 188389 -0.01066566  0.00930071  0.99933743
10 21 41 223141  0.00226831 -0.04197884  0.98536825
10 21 41 273820 -0.02012062 -0.11492276  0.99826956
10 21 41 317977 -0.03256106 -0.1003592   0.99851656
10 21 41 358894 -0.02402067 -0.05203891  0.99552393
10 21 41 400891 -0.01428032 -0.04322529  0.99778986
10 21 41 449048 -0.01512361 -0.05824661  0.98840046
10 21 41 500409 -0.03541613 -0.08596659  0.98301601
10 21 41 555618 -0.04386544 -0.06175661  0.99390006
10 21 41 601726 -0.01181269  0.0276351   0.99904251
10 21 41 649978 0.01051784 0.01252174 0.98570418
10 21 41 698343 -0.00988913 -0.12823582  0.98148918
10 21 41 751413 -0.04087901 -0.15426946  0.9889276 
10 21 41 800024 -0.02829742 -0.0581305   0.9914372 
10 21 41 852168 -0.00934362 -0.01909924  0.9983139 
10 21 41 900863 -0.01544738 -0.05979466  0.9848609 
10 21 41 948250 -0.03330541 -0.09444427  0.97237396
10 21 42 7324 -0.05224991 -0.07748342  0.99051142
10 21 42 49633 -0.02213931  0.00935292  1.00169611
10 21 42 100362 0.00985169 0.00665855 0.97454166
10 21 42 150087 -0.00147891 -0.11628628  0.98349428
10 21 42 201641 -0.03091431 -0.14889789  1.00021219
10 21 42 251222 -0.0295012  -0.06360888  0.98957181
10 21 42 299622 -0.00862336 -0.0168457   0.99012113
10 21 42 351492 -0.00969458 -0.05296516  0.99083281
10 21 42 400329 -0.02863741 -0.08953476  0.97252679
10 21 42 453093 -0.03121328  1.28131342 -0.91799212
10 21 42 501098 0.0071485  0.0087924  0.98043346
10 21 42 547957 0.01561928 0.15576267 1.87882948
10 21 42 600185 -0.03766942 -0.14844203  1.00123072
10 21 42 648926 -0.03366566 -0.0557282   0.99604273
10 21 42 702144 -3.63731384e-03 -5.30991554e-02  3.21865082e-05
10 21 42 750618  0.06484723 -0.1591742   0.96757936
10 21 42 801709  0.05510211 -0.02392864  1.07709169
10 21 42 850792 0.03105783 0.06619048 0.9647336 
10 21 42 899348  0.06397176 -0.14706373  0.95817447
10 21 42 951406  0.05618978 -0.06472087  1.07928419
10 21 43 3146 0.0320549  0.08686066 0.98730683
10 21 43 52603  0.06728005 -0.11065626  0.94178867
10 21 43 102115  0.05909896 -0.09616351  1.07964277
10 21 43 148393 0.03524709 0.08518028 1.01924229
10 21 43 199649  0.07464647 -0.06644893  0.92113209
10 21 43 248814  0.06803703 -0.12291265  1.05452085
10 21 43 300653 0.03556085 0.06363416 1.03528714
10 21 43 349636  0.06368446 -0.06642437  0.92113876
10 21 43 400952  0.07126069 -0.13439083  1.03386641
10 21 43 450776 0.03682089 0.05523944 1.03841639
10 21 43 506950  0.05510044 -0.03868198  0.91153097
10 21 43 568467  0.07204533 -0.14799857  1.03553367
10 21 43 601870 0.03638983 0.04281831 1.05668306
10 21 43 652522  0.04533744 -0.02353597  0.90042996
10 21 43 701082  0.0679462  -0.15818214  1.01340795
10 21 43 748192 0.04315734 0.03471351 1.06554675
10 21 43 803898 0.04965663 0.00194407 0.89930129
10 21 43 849035  0.06828523 -0.17906022  0.99055123
10 21 43 900402 0.04484129 0.0053103  1.07377529
10 21 43 950050 0.03840947 0.02151775 0.91527247
10 21 44 8015  0.07010603 -0.16393638  0.97001958
10 21 44 50851 0.04593349 0.00809836 1.07344055
10 21 44 99736 0.03270936 0.03434896 0.92087173
10 21 44 150628  0.07041383 -0.16893315  0.94953418
10 21 44 200124  0.04930544 -0.01446652  1.0700922 
10 21 44 252367 0.02773237 0.03582144 0.94489717
10 21 44 300228  0.06961274 -0.16674209  0.95415497
10 21 44 348255  0.05406213 -0.02481556  1.07863951
10 21 44 400250 0.03174782 0.05939579 0.96021175
10 21 44 448640  0.07727981 -0.14675593  0.94247103
10 21 44 500421  0.06016898 -0.0334866   1.07659769
10 21 44 551196 0.03717256 0.06613731 0.96780849
10 21 44 601547  0.07780099 -0.13855743  0.93988609
10 21 44 650007  0.0662241  -0.04325867  1.07318211
10 21 44 699239 0.03768349 0.07041073 0.97774529
10 21 44 751054  0.07810521 -0.13330865  0.92689109
10 21 44 800463  0.06495571 -0.07367682  1.06695986
10 21 44 852596 0.03643632 0.07784534 0.99795866
10 21 44 900404  0.07649851 -0.10910225  0.92894435
10 21 44 948856  0.06585884 -0.08504581  1.06810498
10 21 45 8082 0.0330627  0.09000802 1.01730776
10 21 45 49680  0.07622766 -0.07259107  0.91050172
10 21 45 100894  0.06744099 -0.11901641  1.05686426
10 21 45 148577 0.03122091 0.05240273 1.03301764
10 21 45 201245  0.05784988 -0.08432865  0.91755891
10 21 45 256655  0.07343769 -0.11859179  1.05239654
10 21 45 319487 0.03753829 0.06080604 1.04871273
10 21 45 375909  0.04907775 -0.0743866   0.92160463
10 21 45 427717  0.07296944 -0.14289594  1.04272985
10 21 45 471674 0.03138113 0.05474567 1.06464887
10 21 45 520908  0.04803133 -0.04436302  0.9332912 
10 21 45 570118  0.07297301 -0.1635294   1.02829695
10 21 45 617537 0.03557754 0.03360868 1.0721519 
10 21 45 673384  0.03669977 -0.03724241  0.94501829
10 21 45 709931  0.07105494 -0.17710948  1.02692747
10 21 45 768540 0.04057765 0.01524377 1.0644629 
10 21 45 824229  0.02685022 -0.02930903  0.93248391
10 21 45 880805  0.06617498 -0.17136717  1.03385019
10 21 45 917440 0.04509282 0.02518201 1.08012056
10 21 45 973278  0.02396035 -0.00835633  0.93344164
10 21 46 21578  0.06963682 -0.18832088  1.0310235 
10 21 46 73073 5.02986908e-02 1.30653381e-04 1.08385038e+00
10 21 46 109960  0.02335954 -0.00417066  0.92198277
10 21 46 178696  0.06637025 -0.18566179  1.00829124
10 21 46 199200  0.04729104 -0.00913596  1.08105421
10 21 46 249535 0.02595282 0.01689315 0.92015076
10 21 46 301734  0.07309127 -0.18325186  0.99082327
10 21 46 349533  0.05291963 -0.02715921  1.08336449
10 21 46 421781 0.02024961 0.00879478 0.92808509
10 21 46 467872  0.07152343 -0.17294359  0.9588089 
10 21 46 528027  0.06009793 -0.01336002  1.07607937
10 21 46 562614 0.02312827 0.03603482 0.94369578
10 21 46 614927  0.07102489 -0.17218661  0.94009137
10 21 46 674540  0.05492473 -0.03821421  1.0696218 
10 21 46 718006 0.02663183 0.03345561 0.95012021
10 21 46 767148  0.07962084 -0.15911484  0.92697668
10 21 46 809383  0.06450558 -0.02693319  1.06583762
10 21 46 865752 0.02663374 0.03647566 0.95983362
10 21 46 915746  0.08143115 -0.16205311  0.93840551
10 21 46 971548  0.07307291 -0.03868055  1.06810904
10 21 47 31666 0.03042769 0.03934479 0.97494841
10 21 47 73811  0.07958007 -0.16405964  0.94706631
10 21 47 120517  0.07437682 -0.03480554  1.07761908
10 21 47 164156 0.02011895 0.03950739 0.96725631
10 21 47 215921  0.07040739 -0.1590395   0.94161582
10 21 47 271685  0.07162285 -0.03553033  1.07346439
10 21 47 317219 0.01815128 0.04229474 0.98038125
10 21 47 366585  0.06984997 -0.15997124  0.92719603
10 21 47 400316  0.07524633 -0.03348064  1.07350206
10 21 47 448385 0.02349734 0.06557989 1.00010324
10 21 47 502205  0.07927513 -0.14574695  0.93968415
10 21 47 548918  0.07733679 -0.05201507  1.07052565
10 21 47 601405 0.02428055 0.05108285 0.9951334 
10 21 47 650714  0.07224703 -0.14347959  0.93912673
10 21 47 698972  0.07799315 -0.03854847  1.06851745
10 21 47 750721 0.03082347 0.0717988  0.99476933
10 21 47 799721  0.07287025 -0.13913941  0.93926954
10 21 47 851694  0.07446241 -0.06163669  1.06543732
10 21 47 900472 0.02568579 0.05759144 0.98426795
10 21 47 947632  0.07174373 -0.14245272  0.92538142
10 21 48 7209  0.07232356 -0.05589819  1.06856632
10 21 48 49919 0.03307295 0.06657338 0.98686361
10 21 48 100844  0.0784483  -0.13731003  0.92303205
10 21 48 149273  0.07513618 -0.06360912  1.05728889
10 21 48 201734 0.03893495 0.06218123 0.97572875
10 21 48 251105  0.08735871 -0.14402771  0.91058683
10 21 48 299093  0.07447147 -0.06283188  1.07011962
10 21 48 350794 0.03759217 0.04537511 0.97942543
10 21 48 401365  0.07343602 -0.15693593  0.93945599
10 21 48 452813  0.03126788  0.43774772 -0.41806865
10 21 48 501039  0.08261442 -0.14655948  0.90922856
10 21 48 548719  2.55584717e-04  1.39036560e+00 -5.58337688e-01
10 21 48 600656 0.03163242 0.05615234 1.73827624
10 21 48 651442  0.0797112  -0.15187073  0.92631197
10 21 48 700001  0.01306391 -0.08653045  0.01562333
10 21 48 749647 2.45316029e-02 6.98328018e-04 9.70491648e-01
10 21 48 800884  0.09938693 -0.23674488  0.94542885
10 21 48 850571  0.08581328 -0.09857607  1.05866265
10 21 48 898964  0.02503991 -0.02928329  0.93696785
10 21 48 951501  0.09325218 -0.25830126  0.94492197
10 21 49 2958  0.078058   -0.08082986  1.06014967
10 21 49 52206  0.02551317 -0.01102281  0.92511892
10 21 49 101764  0.10470223 -0.25308251  0.94676805
10 21 49 147846  0.07567716 -0.09602666  1.06819725
10 21 49 199146  0.02931356 -0.0546279   0.91530395
10 21 49 249476  0.09884405 -0.26572251  0.95274973
10 21 49 300069  0.0717814  -0.06196284  1.07335591
10 21 49 349267  0.03072047 -0.06296062  0.90937901
10 21 49 401201  0.09828353 -0.26739597  0.96836472
10 21 49 450102  0.06752157 -0.05019045  1.0852108 
10 21 49 498936  0.03116179 -0.07244897  0.90663981
10 21 49 551067  0.09700441 -0.2750783   0.96264434
10 21 49 600838  0.06224155 -0.04476929  1.08919621
10 21 49 651915  0.03134465 -0.05660558  0.91067505
10 21 49 699632  0.10087109 -0.27266002  0.9671824 
10 21 49 747700  0.06646299 -0.05556059  1.08879471
10 21 49 799302  0.0373652  -0.0854466   0.90375829
10 21 49 848313  0.09585357 -0.26666522  0.97242403
10 21 49 901059  0.06240582 -0.04042745  1.08388996
10 21 49 949545  0.0358212  -0.08327365  0.89885783
10 21 50 6807  0.09775734 -0.27285838  0.9754591 
10 21 50 50697  0.06260562 -0.04836583  1.08099198
10 21 50 99204  0.04213595 -0.09556627  0.89781427
10 21 50 151285  0.10087204 -0.27290058  0.97532248
10 21 50 199753  0.05819345 -0.04561424  1.07846832
10 21 50 252050  0.03905749 -0.12537432  0.88093686
10 21 50 300621  0.09411669 -0.26611161  0.99333906
10 21 50 349250  0.05429983 -0.02813745  1.08410048
10 21 50 399235  0.04939437 -0.11951613  0.8947773 
10 21 50 448457  0.09914827 -0.26742053  1.00482774
10 21 50 500911  0.0400939  -0.02950096  1.09227896
10 21 50 549584  0.04699779 -0.12106872  0.901793  
10 21 50 601806  0.09650254 -0.26064372  1.01997852
10 21 50 650753  0.04339242 -0.03789854  1.09171128
10 21 50 700530  0.04004073 -0.16174126  0.91587806
10 21 50 751459  0.09157705 -0.24164581  1.03042054
10 21 50 800658  0.02943993 -0.00382352  1.09264588
10 21 50 852715  0.05434394 -0.13975501  0.89680886
10 21 50 900616  0.09504795 -0.24122453  1.02613211
10 21 50 947722  0.03522301 -0.02508235  1.08825159
10 21 51 6924  0.04733109 -0.16728902  0.92517328
10 21 51 48352  0.09374046 -0.23146701  1.03208399
10 21 51 100318  0.02493286 -0.01813841  1.07908535
10 21 51 149365  0.05580616 -0.17004752  0.90923762
10 21 51 200831  0.09312987 -0.22424459  1.02693272
10 21 51 250208  0.02637386 -0.00848627  1.08256054
10 21 51 299313  0.05504894 -0.16835594  0.92047453
10 21 51 350898  0.09969878 -0.20745802  1.02842689
10 21 51 400383  0.03078651 -0.00556564  1.06317663
10 21 51 451693  0.05770779 -0.18773842  0.92215657
10 21 51 500656  0.08961296 -0.18442631  1.02955604
10 21 51 547578  0.02635884 -0.00350595  1.0455966 
10 21 51 599573  0.06289291 -0.20953679  0.9467783 
10 21 51 649245  0.08816934 -0.17349219  1.02858114
10 21 51 700815  0.02702785 -0.008183    1.01666164
10 21 51 750970  0.05788112 -0.22275186  0.94088006
10 21 51 800861  0.07789254 -0.17882323  1.03842831
10 21 51 851241 0.01776433 0.01003027 1.01913929
10 21 51 901091  0.07341743 -0.18519592  0.95261431
10 21 51 950789  0.09189963 -0.18671775  1.02707314
10 21 52 4171 2.36063004e-02 6.05106354e-04 1.02513480e+00
10 21 52 52828  0.06402946 -0.19530463  0.93157411
10 21 52 101422  0.08649611 -0.20223117  1.02708507
10 21 52 148458  0.02645946 -0.00281024  1.03074002
10 21 52 200191  0.06662917 -0.19728255  0.94691801
10 21 52 253661  0.08783555 -0.19819379  1.03667068
10 21 52 300917  0.02904916 -0.00650573  1.04041553
10 21 52 350798  0.07079768 -0.18646669  0.9494307 
10 21 52 400767  0.09363055 -0.18778181  1.03659153
10 21 52 450026 2.67212391e-02 3.40461731e-04 1.03310585e+00
10 21 52 502039  0.06809235 -0.18896008  0.94384193
10 21 52 551037  0.09626842 -0.17912626  1.03615189
10 21 52 602504 0.02079821 0.00875688 1.03867221
10 21 52 651891  0.07591915 -0.18912411  0.92967439
10 21 52 699956  0.09474897 -0.18684888  1.03299332
10 21 52 748002  0.02041531 -0.01297879  1.02871919
10 21 52 800339  0.06614947 -0.2119112   0.9427197 
10 21 52 848506  0.09649539 -0.15559006  1.03308392
10 21 52 900986 0.02482629 0.00526595 1.02358627
10 21 52 949560  0.07794523 -0.21015549  0.93924642
10 21 53 7856  0.09902239 -0.14191747  1.03534985
10 21 53 52126 0.02153993 0.00223231 1.00961494
10 21 53 99243  0.08742118 -0.21659684  0.95157695
10 21 53 151208  0.09923291 -0.11714053  1.04269862
10 21 53 199953  0.01962304 -0.01080585  0.98928714
10 21 53 251844  0.09206438 -0.23304129  0.94692111
10 21 53 300766  0.09791517 -0.09700489  1.04329205
10 21 53 347821  0.02038264 -0.01748633  0.96526718
10 21 53 399286  0.10285234 -0.23782086  0.95666194
10 21 53 448617  0.09949613 -0.06558394  1.05900335
10 21 53 500061  0.02347851 -0.02619505  0.95258379
10 21 53 550062  0.10525703 -0.25112867  0.96821237
10 21 53 601148  0.09009695 -0.05898213  1.08155966
10 21 53 650561  0.02667069 -0.05907369  0.93152428
10 21 53 698476  0.09521461 -0.25200129  0.98992729
10 21 53 751263  0.08053422 -0.0220449   1.09031439
10 21 53 800048  0.03007174 -0.06291771  0.9162159 
10 21 53 853570  0.10506964 -0.25338411  0.98533106
10 21 53 901134  0.07660699 -0.02606511  1.09057927
10 21 53 949045  0.03395724 -0.10562634  0.90480947
10 21 54 7646  0.0968976  -0.24978399  0.99486423
10 21 54 49757  0.06956005 -0.00605702  1.08721781
10 21 54 100609  0.04727674 -0.09182906  0.90354824
10 21 54 150774  0.10509443 -0.24828887  0.99298668
10 21 54 201510  0.06509542 -0.01665545  1.08182669
10 21 54 251375  0.05035186 -0.11960745  0.89503932
10 21 54 299693  0.10155606 -0.23798132  0.99436712
10 21 54 351740 0.05397916 0.00927925 1.08051825
10 21 54 400474  0.072119   -0.09756279  0.89125299
10 21 54 454017  0.05370927 -0.00767183  1.07267404
10 21 54 501064  0.06396317 -0.14821482  0.8982358 
10 21 54 549652  0.10851812 -0.19237185  1.00891113
10 21 54 600742 0.05084896 0.01819062 1.06020069
10 21 54 648840  0.07060719 -0.16931772  0.90940619
10 21 54 699705 -1.21795416 -1.68750739  1.65622187
10 21 54 751933  0.06962276 -0.05029583  1.08596826
10 21 54 802435  0.14494157 -0.15972853  0.86752677
10 21 54 851886  0.09191775 -0.11744499  1.08154225
10 21 54 900363  0.13090968 -0.0642581   0.94493794
10 21 54 952300  0.13674331 -0.16148877  1.04784799
10 21 55 7393  0.10185409 -0.02121043  1.02842808
10 21 55 52162  0.1331203  -0.22589087  0.95020485
10 21 55 101242  0.07168889 -0.02850866  1.07469964
10 21 55 149636  0.14312387 -0.19108677  0.82854748
10 21 55 200597  0.06767821 -0.074332    1.0954504 
10 21 55 250094  0.13818121 -0.11962605  0.9015677 
10 21 55 300483  0.11279345 -0.11504006  1.07594848
10 21 55 349045  0.11404777 -0.02604604  0.98328805
10 21 55 401123  0.13257837 -0.16090822  1.01980352
10 21 55 451143  0.09487152 -0.00154448  1.04062438
10 21 55 499510  0.12979221 -0.21933627  0.90900993
10 21 55 551404  0.06274295 -0.02961612  1.07871604
10 21 55 601296  0.15324068 -0.15724564  0.8428669 
10 21 55 651295  0.08461618 -0.08125472  1.082129  
10 21 55 700043  0.13965511 -0.09500861  0.91538978
10 21 55 750237  0.11795235 -0.13430834  1.04966116
10 21 55 801307  0.11763763 -0.01820683  0.98746181
10 21 55 851047  0.13026834 -0.19200897  0.97118115
10 21 55 901169  0.08271885 -0.01990271  1.04705143
10 21 55 949603  0.13804674 -0.21955538  0.85637021
10 21 56 6733  0.06170893 -0.05318213  1.07797742
10 21 56 49818  0.15228033 -0.15405321  0.85268831
10 21 56 98565  0.09401321 -0.09663534  1.05970478
10 21 56 153139  0.13699365 -0.08639002  0.92990017
10 21 56 199373  0.1221478  -0.14670849  1.03329015
10 21 56 251784  0.11916804 -0.02279615  0.99627852
10 21 56 300816  0.13852525 -0.20097232  0.97046518
10 21 56 347143  0.09200788 -0.02209544  1.0593257 
10 21 56 399639  0.14162803 -0.23234487  0.86553741
10 21 56 448171  0.06661558 -0.05097675  1.08939934
10 21 56 500811  0.1678381  -0.13905931  0.85527802
10 21 56 549452  0.09428167 -0.11742592  1.07286429
10 21 56 601675  0.1426475  -0.07195807  0.9389379 
10 21 56 649717  0.13385463 -0.14405727  1.03589344
10 21 56 699562  0.10957909 -0.01562381  1.01544952
10 21 56 750613  0.12836981 -0.20718312  0.94485497
10 21 56 800582  0.08264613 -0.01025438  1.06332421
10 21 56 852418  0.15477562 -0.19855714  0.84994102
10 21 56 900375  0.06146121 -0.05031443  1.09518695
10 21 56 947207  0.15757132 -0.11403179  0.87111616
10 21 57 7054  0.10596156 -0.10764074  1.07671809
10 21 57 51115  0.12683105 -0.04700279  0.96689939
10 21 57 100700  0.13483953 -0.14316535  1.02790451
10 21 57 148721  0.10387874 -0.00620842  1.0290122 
10 21 57 200457  0.13579774 -0.20445251  0.93996644
10 21 57 250227  0.07663989 -0.02255917  1.07336068
10 21 57 298449  0.14924526 -0.19191051  0.8445673 
10 21 57 351224  0.06790686 -0.04880333  1.09506607
10 21 57 399904  0.14890575 -0.11554503  0.88522816
10 21 57 451285  0.10835505 -0.098809    1.07520342
10 21 57 500617  0.13440156 -0.03433371  0.96675968
10 21 57 547797  0.12916303 -0.1452477   1.03740931
10 21 57 599629 1.01405621e-01 7.74860382e-05 1.03835821e+00
10 21 57 648517  0.1324141  -0.20191383  0.93741107
10 21 57 699479  0.07027674 -0.02001595  1.08453488
10 21 57 749549  0.14894557 -0.18109369  0.84553814
10 21 57 801112  0.06970263 -0.05989075  1.09329557
10 21 57 850507  0.14431572 -0.11365533  0.90001345
10 21 57 898602  0.10848165 -0.12182808  1.06945705
10 21 57 950843  0.11902523 -0.06631088  0.98605084
10 21 58 3069  0.12555909 -0.13768458  1.0485909 
10 21 58 52182 0.10413003 0.02657843 1.04945946
10 21 58 102565  0.1412971  -0.19676995  0.95005774
10 21 58 147322  0.069942   -0.02708864  1.0915029 
10 21 58 201992  0.15499616 -0.18532634  0.85114646
10 21 58 248795  0.07334971 -0.06735492  1.10529375
10 21 58 299758  0.15183282 -0.11915088  0.9187429 
10 21 58 349008  0.103055   -0.13565946  1.08140779
10 21 58 401108  0.12342596 -0.05781078  0.99461317
10 21 58 450447  0.13395214 -0.15967512  1.04069161
10 21 58 499047  0.10905313 -0.00926352  1.05025673
10 21 58 551243  0.13145113 -0.22069097  0.94931078
10 21 58 600591  0.06753469 -0.04561973  1.08844805
10 21 58 651606  0.15077829 -0.19253635  0.84452605
10 21 58 701567  0.06844783 -0.07794094  1.10345626
10 21 58 747638  0.15077853 -0.12611651  0.91137481
10 21 58 799082  0.11076164 -0.13254476  1.07581902
10 21 58 849629  0.12745595 -0.06973457  0.98504734
10 21 58 899590  0.13461256 -0.17203045  1.03408742
10 21 58 949725  0.10267186 -0.01006007  1.0573523 
10 21 59 9989  0.14266038 -0.22416759  0.9282155 
10 21 59 47229  0.06543374 -0.03200316  1.09505177
10 21 59 99064  0.1581502  -0.18928862  0.83738446
10 21 59 151169  0.07729697 -0.06048799  1.10203981
10 21 59 200620  0.15478086 -0.10111284  0.91341496
10 21 59 251501  0.11531329 -0.11901379  1.07122874
10 21 59 300734  0.12483907 -0.05413008  0.98307109
10 21 59 347945  0.14163852 -0.14505172  1.02843571
10 21 59 399158 0.10626006 0.01501966 1.05695224
10 21 59 448633  0.14169979 -0.19886351  0.93083358
10 21 59 499720  0.06769037 -0.01765752  1.08366466
10 21 59 548963  0.1585989  -0.16084576  0.83435845
10 21 59 603570  0.07118177 -0.05567884  1.08793855
10 21 59 649664  0.15651727 -0.09169292  0.90463805
10 21 59 697596  0.11231804 -0.09678006  1.06396842
10 21 59 749508  0.12189078 -0.04101944  0.97535229
10 21 59 799728  0.12775493 -0.1356833   1.01851773
10 21 59 851627 0.10426116 0.01702595 1.04266262
10 21 59 901475  0.1298945  -0.18796325  0.92038441
10 21 59 948260  0.06538439 -0.00620317  1.0771687 
10 22 0 7059  0.15499163 -0.17286539  0.84154129
10 22 0 49004  0.07196188 -0.0488596   1.08882642
10 22 0 102576  0.14357424 -0.1053412   0.90420914
10 22 0 149075  0.11256456 -0.09916472  1.05763745
10 22 0 201430  0.12767911 -0.0549767   0.96623731
10 22 0 250653  0.13257933 -0.13762665  1.01734614
10 22 0 298670 0.10343552 0.00352526 1.02943897
10 22 0 365210  0.13459563 -0.18573427  0.93332267
10 22 0 399962  0.077528   -0.00177288  1.06222916
10 22 0 454814 0.04692483 1.35916281 0.70736384
10 22 0 500542  0.16662407 -0.12281013  0.87481046
10 22 0 549292 4.28915024e-04 1.87460113e+00 2.22916603e-01
10 22 0 599592  0.12649632 -0.08343506  1.73805118
10 22 0 649074  0.13562655 -0.15629578  1.01511908
10 22 0 701233 -2.30123997e-02 -1.12675667e-01  9.39369202e-05
10 22 0 749572  0.14199853 -0.16134715  1.03831458
10 22 0 800888  0.12653804 -0.04432058  1.03180647
10 22 0 850973  0.14680219 -0.19805908  0.97540355
10 22 0 900446  0.09794545 -0.02356935  1.06369948
10 22 0 951258  0.15725136 -0.23190546  0.91036987
10 22 1 3127  0.08675981 -0.04244256  1.0823772 
10 22 1 51748  0.1659894  -0.17704153  0.88149166
10 22 1 100506  0.10283589 -0.07531118  1.0736692 
10 22 1 148549  0.16477084 -0.10428619  0.942554  
10 22 1 200035  0.13532829 -0.10437465  1.08206558
10 22 1 248693  0.14302468 -0.01277852  1.0138464 
10 22 1 300614  0.15448141 -0.13762856  1.03832436
10 22 1 349333 0.11866999 0.00866055 1.06710863
10 22 1 400939  0.15023661 -0.1774447   0.96627927
10 22 1 450444  0.08018303 -0.00778985  1.08359385
10 22 1 500740  0.16524792 -0.18509126  0.86716056
10 22 1 552551  0.08256578 -0.04319692  1.08403039
10 22 1 601096  0.16511726 -0.1360755   0.89957595
10 22 1 654486  0.11500478 -0.09828305  1.05746984
10 22 1 700044  0.15466833 -0.07975435  0.95901012
10 22 1 747740  0.14840055 -0.12561584  1.05752873
10 22 1 799630  0.13513541 -0.0265677   1.03981733
10 22 1 848431  0.15555167 -0.16328454  1.03636956
10 22 1 900942  0.11062813 -0.00227237  1.07287478
10 22 1 949244  0.16281772 -0.20032096  0.92273927
10 22 2 7015  0.09563136 -0.02754116  1.07274628
10 22 2 50031  0.17101979 -0.17089558  0.86074996
10 22 2 99316  0.09067202 -0.06437683  1.06308103
10 22 2 150786  0.17752099 -0.10600233  0.89928293
10 22 2 200487  0.12936854 -0.08850503  1.05333352
10 22 2 251508  0.16188836 -0.04645777  0.97083616
10 22 2 300542  0.15376878 -0.12842226  1.03433156
10 22 2 348380  0.13486099 -0.01162171  1.02827454
10 22 2 400290  0.15409303 -0.17402124  0.97396517
10 22 2 448240  0.11044788 -0.00953293  1.05127621
10 22 2 499681  0.17214322 -0.19676638  0.90672612
10 22 2 549802  0.08893633 -0.0382669   1.06250596
10 22 2 601436  0.18285418 -0.15824723  0.846241  
10 22 2 651459  0.10567832 -0.07636857  1.04712915
10 22 2 697831  0.1771543  -0.10759044  0.9190197 
10 22 2 749880  0.14788914 -0.11121726  1.0566771 
10 22 2 799906  0.16029811 -0.0393796   0.99168086
10 22 2 852055  0.1599946  -0.14142752  1.03344512
10 22 2 900759  0.12974501 -0.01536226  1.04149342
10 22 2 947542  0.16855359 -0.18035054  0.98565054
10 22 3 6267  0.10627866 -0.01724076  1.07102561
10 22 3 48135  0.17019629 -0.20744801  0.89877033
10 22 3 99871  0.09004045 -0.05715585  1.07914281
10 22 3 148979  0.17152214 -0.14767051  0.89460659
10 22 3 201088  0.11083913 -0.06655121  1.08113337
10 22 3 250278  0.1641643  -0.07735372  0.95970631
10 22 3 299298  0.14101744 -0.11152339  1.07099342
10 22 3 351809  0.14097524 -0.03587675  1.01184583
10 22 3 418036  0.16120982 -0.12999988  1.03017926
10 22 3 451599 0.12522864 0.00336862 1.04352212
10 22 3 501266  0.15721035 -0.1800499   0.96876979
10 22 3 547824  0.10134101 -0.01461506  1.05994892
10 22 3 599558  0.17435479 -0.16936612  0.91225314
10 22 3 648410  0.10121417 -0.04127288  1.05716181
10 22 3 700558  0.17906666 -0.11337185  0.90283132
10 22 3 749168  0.12012744 -0.09830093  1.04269218
10 22 3 800769  0.1670599  -0.08239388  0.94438291
10 22 3 850108  0.15185213 -0.11315942  1.04965162
10 22 3 899466  0.15698075 -0.01763701  1.00453949
10 22 3 951095  0.16900206 -0.15905929  1.00366402
10 22 4 10473  0.12637377 -0.01906443  1.03498006
10 22 4 75662  0.16639614 -0.19775939  0.94597578
10 22 4 118309  0.1066556  -0.02789378  1.04962277
10 22 4 165696  0.18863058 -0.16667104  0.85358596
10 22 4 212730  0.09157228 -0.07126689  1.0413456 
10 22 4 256841  0.18036294 -0.11558533  0.8861022 
10 22 4 317494  0.13738418 -0.09168792  1.03882384
10 22 4 369049  0.16811681 -0.04763484  0.9633286 
10 22 4 414174  0.16141462 -0.12765551  1.03220081
10 22 4 468724  0.13463902 -0.01307201  1.0196228 
10 22 4 519400  0.16454291 -0.1614871   0.98449802
10 22 4 571274  0.11515474 -0.00982022  1.04401827
10 22 4 610372  0.16299582 -0.19885612  0.90916419
10 22 4 652167  0.09795189 -0.03958726  1.05239201
10 22 4 700679  0.1873765  -0.15936565  0.86793995
10 22 4 747957  0.11329031 -0.05906963  1.05121279
10 22 4 799126  0.18826032 -0.09328198  0.91272879
10 22 4 848540  0.1459918  -0.09910226  1.04672599
10 22 4 900061  0.16492724 -0.05248547  0.96592665
10 22 4 949291  0.16823363 -0.1339128   1.02508187
10 22 5 7227  0.15122867 -0.00729418  1.02138019
10 22 5 50714  0.16903162 -0.17040563  0.97872543
10 22 5 99095  0.11494803 -0.02540398  1.03863811
10 22 5 151214  0.18008208 -0.20191741  0.90044069
10 22 5 200586  0.10315895 -0.04305911  1.04910731
10 22 5 252205  0.1848402  -0.14513087  0.87046623
10 22 5 301434  0.11503005 -0.08350372  1.04285789
10 22 5 347942  0.17059207 -0.09822989  0.92929792
10 22 5 399279  0.14699197 -0.09557533  1.04858994
10 22 5 448680  0.16189766 -0.01184487  0.99214268
10 22 5 507818  0.17034578 -0.13737369  1.01549363
10 22 5 570522  0.13173842 -0.00558805  1.03767157
10 22 5 614387  0.17157316 -0.17697692  0.96511245
10 22 5 667835  0.10747576 -0.01544333  1.04815364
10 22 5 716741  0.17833304 -0.18955874  0.87043142
10 22 5 759841  0.09089518 -0.04922223  1.06237936
10 22 5 800290  0.18545222 -0.13197994  0.88333941
10 22 5 852198  0.11933327 -0.07803822  1.05064893
10 22 5 901161  0.17269254 -0.06823516  0.94314313
10 22 5 947761  0.16005874 -0.09461999  1.04997778
10 22 6 6594  0.14675403 -0.01688147  1.00703955
10 22 6 48141  0.15782833 -0.13637877  1.00378895
10 22 6 99818 0.1245985  0.00869942 1.02987075
10 22 6 150226  0.16761637 -0.16519976  0.94792318
10 22 6 201017  0.11233735 -0.00844121  1.05110335
10 22 6 250143  0.17548823 -0.17064738  0.88879204
10 22 6 318425  0.09561825 -0.03719258  1.05014324
10 22 6 371162  0.18552613 -0.105299    0.89283633
10 22 6 420046  0.1253581  -0.06431723  1.04964805
10 22 6 453927  0.15625811  0.21839738 -0.10530376
10 22 6 500650  0.15370917 -0.00585651  1.01289272
10 22 6 548140  6.27279282e-04  2.65155077e-01 -9.80482817e-01
10 22 6 599748  0.1400125   0.01647949 -1.21472001
10 22 6 647861  0.16966939 -0.15728903  0.95962238
10 22 6 699685 -1.40457153e-02 -1.03345871e-01  4.41074371e-05
10 22 6 750672  0.08909726 -0.09224677  1.02502155
10 22 6 801601  0.20560646 -0.15331602  0.88202477
10 22 6 850278  0.12133932 -0.10967088  1.04284596
10 22 6 899366  0.18269205 -0.10425115  0.93860984
10 22 6 951927  0.14533091 -0.14713264  1.04133248
10 22 7 2949  0.16716838 -0.06125951  0.99269795
10 22 7 51169  0.17766976 -0.15882993  1.02120423
10 22 7 100907  0.13439631 -0.04851222  1.04421043
10 22 7 147957  0.16079998 -0.21763349  0.97184038
10 22 7 199357  0.11160111 -0.06303596  1.0471735 
10 22 7 248673  0.18238282 -0.22175789  0.92899203
10 22 7 300767  0.09632063 -0.06647801  1.05628848
10 22 7 349936  0.18870473 -0.20552921  0.87031078
10 22 7 401159  0.08765864 -0.12142539  1.04717851
10 22 7 450556  0.18762803 -0.14312506  0.89184403
10 22 7 499540  0.13171625 -0.13265491  1.04941463
10 22 7 551186  0.17045379 -0.09840918  0.95531631
10 22 7 601508  0.14600468 -0.1730237   1.03397727
10 22 7 651639  0.13682032 -0.06500959  1.00041986
10 22 7 700361  0.16502237 -0.18829584  0.99581313
10 22 7 748023  0.11495447 -0.04193282  1.04494262
10 22 7 799359  0.17339826 -0.22829223  0.94860816
10 22 7 849099  0.08873582 -0.07112765  1.04751396
10 22 7 900123  0.18831444 -0.214849    0.87526751
10 22 7 949189  0.0857687  -0.08835578  1.04762912
10 22 8 9225  0.18944955 -0.16352487  0.87587643
10 22 8 49365  0.10075402 -0.11963153  1.04093862
10 22 8 100182  0.18036199 -0.11067629  0.91806865
10 22 8 152154  0.15038824 -0.13666821  1.04222345
10 22 8 199500  0.16540337 -0.06174159  0.98251629
10 22 8 252466  0.16035962 -0.17022061  1.01905704
10 22 8 300613  0.13375044 -0.05269766  1.01884222
10 22 8 347081  0.17659664 -0.20316148  0.97850323
10 22 8 399152  0.11079621 -0.04062176  1.04342866
10 22 8 449828  0.17670345 -0.22436261  0.92459822
10 22 8 500359  0.07675624 -0.08384848  1.04922581
10 22 8 548934  0.19082451 -0.21304893  0.86365867
10 22 8 600654  0.08252287 -0.10122418  1.05535173
10 22 8 650539  0.19075298 -0.15346098  0.89704704
10 22 8 698529  0.1070962  -0.15792084  1.05172515
10 22 8 750931  0.17180896 -0.12093067  0.94347048
10 22 8 800051  0.15498972 -0.16294312  1.04614449
10 22 8 852460  0.14923525 -0.06691289  1.00875711
10 22 8 900535  0.16448545 -0.20126867  1.01117778
10 22 8 949277  0.12176061 -0.06111145  1.03866625
10 22 9 7175  0.17028761 -0.22863793  0.95319128
10 22 9 48590  0.09660864 -0.0589788   1.05553341
10 22 9 100290  0.18344331 -0.23752117  0.88311577
10 22 9 148951  0.07543921 -0.10438347  1.06340027
10 22 9 200434  0.18436551 -0.20587516  0.85579967
10 22 9 249450  0.10332417 -0.13067722  1.05296707
10 22 9 298704  0.18464947 -0.1389451   0.9096148 
10 22 9 354179  0.13958097 -0.16661382  1.05734372
10 22 9 419176  0.15804744 -0.1117239   0.95549512
10 22 9 451460  0.16021132 -0.1882937   1.02120996
10 22 9 499984  0.14387012 -0.05807614  1.0090611 
10 22 9 548936  0.1818223  -0.21461773  0.97968507
10 22 9 599106  0.10567522 -0.07407141  1.0384593 
10 22 9 648792  0.1792922  -0.2534008   0.90988588
10 22 9 700081  0.09446502 -0.08398819  1.03622961
10 22 9 749149  0.20471931 -0.21119833  0.85917807
10 22 9 800630  0.09248471 -0.12178469  1.05350256
10 22 9 850884  0.19436979 -0.1738658   0.87281513
10 22 9 918333  0.12119889 -0.14401078  1.05777335
10 22 9 950769  0.18494892 -0.09071112  0.93122959
10 22 10 3392  0.16127586 -0.16415668  1.0567708 
10 22 10 52205  0.14868569 -0.06872654  0.99677181
10 22 10 100956  0.16318727 -0.1954515   1.01778221
10 22 10 150073  0.11963248 -0.05753136  1.03093028
10 22 10 199655  0.16820908 -0.21932554  0.95391536
10 22 10 248771  0.09922838 -0.07071781  1.03588939
10 22 10 300716  0.18933654 -0.23024344  0.89891958
10 22 10 349631  0.08683705 -0.11044455  1.04651237
10 22 10 400958  0.20520544 -0.17409992  0.85253859
10 22 10 450544  0.11195779 -0.12765598  1.06483293
10 22 10 499109  0.19378614 -0.13371944  0.90825319
10 22 10 551126  0.14244556 -0.16090059  1.05934072
10 22 10 603164  0.17549801 -0.07387328  0.95716715
10 22 10 653297  0.15981841 -0.17100549  1.03340125
10 22 10 700159  0.13983011 -0.06091237  1.00371695
10 22 10 747545  0.16356373 -0.21032548  0.99566746
10 22 10 801531  0.10640383 -0.06079698  1.02845454
10 22 10 848588  0.17456555 -0.22926211  0.92392492
10 22 10 906974  0.08229065 -0.09310198  1.03017521
10 22 10 965219  0.18980551 -0.20564914  0.87942147
10 22 11 6863  0.0781498  -0.11953259  1.03773284
10 22 11 50205  0.19566345 -0.1216898   0.88329887
10 22 11 99818  0.12836289 -0.14346337  1.04945135
10 22 11 163136  0.17138815 -0.07884455  0.96504021
10 22 11 202210  0.15618038 -0.1636796   1.04969883
10 22 11 252648  0.14664197 -0.05195141  1.02485108
10 22 11 300461  0.15960455 -0.19522595  0.99660087
10 22 11 347720  0.11013579 -0.05722785  1.03396106
10 22 11 399182  0.1782856  -0.2139535   0.95428038
10 22 11 471386  0.08598924 -0.07110119  1.03891754
10 22 11 504711  0.19995522 -0.19669151  0.86136484
10 22 11 550503  0.08424592 -0.09995508  1.05397487
10 22 11 601383  0.19645143 -0.13555717  0.90460706
10 22 11 650016  0.1203115  -0.13026929  1.06827927
10 22 11 698048  0.19445562 -0.07751298  0.94951797
10 22 11 749079  0.15595222 -0.14783478  1.05818009
10 22 11 799902  0.1583457  -0.04719877  1.0071187 
10 22 11 851984  0.1746242  -0.16972351  1.03235316
10 22 11 902919  0.1288538  -0.03228402  1.02947617
10 22 11 948119  0.17667174 -0.20929718  0.96060228
10 22 12 7389  0.09316516 -0.07103205  1.03213167
10 22 12 49368  0.1930635  -0.21090341  0.91329122
10 22 12 101743  0.08014488 -0.09069633  1.04514241
10 22 12 149656  0.20984101 -0.14115739  0.87863278
10 22 12 200900  0.1036725  -0.11880422  1.05503726
10 22 12 250722  0.19854212 -0.09870172  0.93080544
10 22 12 299008  0.15182662 -0.15083337  1.06663299
10 22 12 350958  0.1709373  -0.05800772  0.99147272
10 22 12 400363  0.16011882 -0.18273067  1.02564168
10 22 12 462873  0.17188787  0.4679544  -1.83988953
10 22 12 519104  0.11238837 -0.04487538  1.03867078
10 22 12 567054 7.32421875e-04 1.98353100e+00 6.75457716e-01
10 22 12 618427  0.08323741 -0.0871582   1.53531384
10 22 12 671370  0.20265627 -0.17458558  0.87778902
10 22 12 701236 -0.00786638 -0.05427766  0.00013518
10 22 12 749940  0.12849259 -0.12927723  1.02303672
10 22 12 800746  0.12755799 -0.01415825  0.99493361
10 22 12 850828  0.13976383 -0.15802455  0.99273729
10 22 12 906372 0.1176424  0.01129246 1.01852155
10 22 12 971091  0.14162064 -0.19025779  0.9424634 
10 22 13 27769  0.08860111 -0.00574803  1.04858541
10 22 13 52372  0.16360497 -0.19488955  0.89311934
10 22 13 101485  0.07580018 -0.01664233  1.06674433
10 22 13 148043  0.17268157 -0.18368196  0.85914397
10 22 13 198947  0.06280804 -0.04449654  1.08043456
10 22 13 248679  0.18208075 -0.15394831  0.87626982
10 22 13 300210  0.07849002 -0.05164146  1.07930994
10 22 13 349191  0.19048929 -0.10139728  0.89524603
10 22 13 400672  0.0975585  -0.07002211  1.09155035
10 22 13 450310  0.17861009 -0.08457756  0.93630815
10 22 13 502675  0.11372828 -0.0850606   1.08296728
10 22 13 561124  0.17972207 -0.04357243  0.95154929
10 22 13 601726  0.12814045 -0.10584807  1.07085514
10 22 13 651829  0.15623355 -0.02168179  0.98454356
10 22 13 699759  0.12927318 -0.13967013  1.03921223
10 22 13 747996  0.13085866 -0.00101709  1.01196527
10 22 13 799638  0.14261937 -0.15697289  0.98765159
10 22 13 849054  0.10768986 -0.00140548  1.03615999
10 22 13 899953  0.13727093 -0.18864179  0.95674515
10 22 13 949492 0.08551359 0.00833583 1.05471134
10 22 14 6913  0.17044353 -0.17526078  0.89259291
10 22 14 50793  0.07131195 -0.01095295  1.08311129
10 22 14 99171  0.17644215 -0.15967107  0.87639189
10 22 14 151328  0.06327963 -0.02450371  1.09579444
10 22 14 200147  0.1902101  -0.12049317  0.8838017 
10 22 14 253700  0.07740593 -0.04652143  1.09815931
10 22 14 300735  0.18652868 -0.08436394  0.90313363
10 22 14 351324  0.09719205 -0.06262088  1.09344077
10 22 14 399671  0.17653918 -0.04991007  0.92877007
10 22 14 450281  0.12356973 -0.07522631  1.07543826
10 22 14 500053  0.16053843 -0.01867151  0.97341037
10 22 14 549496  0.12995434 -0.09560251  1.05526114
10 22 14 602239 0.13485718 0.00465083 0.98590112
10 22 14 651362  0.13206315 -0.13770008  1.00807762
10 22 14 713617 0.12180853 0.0051415  1.01468635
10 22 14 751081  0.13811421 -0.15809822  0.97973084
10 22 14 800312 0.09534407 0.01246548 1.03232121
10 22 14 851682  0.15418267 -0.17850971  0.89538598
10 22 14 901293 0.0807364  0.00967336 1.05453134
10 22 14 955438  0.16209269 -0.15285516  0.88515759
10 22 15 29889 0.06882167 0.00363827 1.07717586
10 22 15 70184  0.1748929  -0.1244781   0.86916137
10 22 15 100583  0.07601738 -0.0133338   1.07337713
10 22 15 149585  0.18207073 -0.0892868   0.89235234
10 22 15 201454  0.0980854  -0.03899455  1.07526159
10 22 15 256640  0.16745639 -0.06917977  0.9093821 
10 22 15 300396  0.11275434 -0.05905342  1.06427836
10 22 15 351688  0.17197728 -0.02733088  0.93922591
10 22 15 400482  0.12886024 -0.09557199  1.06215429
10 22 15 488430  0.14811254 -0.01480198  0.97379589
10 22 15 530858  0.14455795 -0.12216306  1.02112341
10 22 15 569751 0.13525057 0.00786114 1.00065517
10 22 15 618067  0.14443111 -0.15054536  0.99614143
10 22 15 668487 0.11003971 0.01290083 1.03143835
10 22 15 719735  0.15170765 -0.18455219  0.92440295
10 22 15 766094 8.42931271e-02 3.60250473e-04 1.04755664e+00
10 22 15 813193  0.15922022 -0.17610168  0.88013816
10 22 15 865829  0.07319689 -0.00380683  1.06272984
10 22 15 919690  0.17699957 -0.15196896  0.86513662
10 22 15 972091  0.07259679 -0.02893448  1.07319093
10 22 16 19356  0.1803124  -0.10950518  0.89206076
10 22 16 69461  0.08919239 -0.04395795  1.08672261
10 22 16 116987  0.17126346 -0.09389758  0.92251849
10 22 16 164566  0.0975585  -0.06150794  1.07691646
10 22 16 210033  0.17560744 -0.0402379   0.93785   
10 22 16 267962  0.12688923 -0.08658409  1.0714283 
10 22 16 311335  0.1579113  -0.01678061  0.97911191
10 22 16 350431  0.12671566 -0.11915922  1.03289413
10 22 16 401177 0.13985133 0.00287414 0.9956212 
10 22 16 451503  0.1434195  -0.14543533  1.00151014
10 22 16 499044  1.15637302e-01 -9.68933105e-04  1.02633452e+00
10 22 16 552544  0.14263368 -0.19309711  0.96498799
10 22 16 601793  0.09847474 -0.0052352   1.045681  
10 22 16 650919  0.16201258 -0.19900084  0.902807  
10 22 16 700194  0.08262634 -0.01288056  1.06815791
10 22 16 747687  0.17759252 -0.18381453  0.86754584
10 22 16 799282  0.07033372 -0.04254055  1.06872177
10 22 16 848998  0.17987013 -0.16456699  0.85841751
10 22 16 900514  0.08261299 -0.04706073  1.07559896
10 22 16 953894  0.19596887 -0.12453866  0.88091159
10 22 17 7644  0.08706832 -0.07288265  1.06717086
10 22 17 51414  0.18034887 -0.1110673   0.88512468
10 22 17 99548  0.10911965 -0.0855031   1.06877494
10 22 17 160602  0.18421865 -0.05925536  0.91436982
10 22 17 225785  0.12159371 -0.122123    1.05054283
10 22 17 268472  0.15704632 -0.045789    0.94973803
10 22 17 321240  0.14290738 -0.13585639  1.02613664
10 22 17 349089  0.14439821 -0.01270628  0.98798919
10 22 17 399328  0.13913679 -0.1733458   0.97474289
10 22 17 448495  0.10808539 -0.0157547   1.00372219
10 22 17 500592  0.14829755 -0.18997884  0.92204595
10 22 17 550267 0.09548926 0.01120281 1.03626657
10 22 17 602515  0.15990281 -0.18383646  0.88170695
10 22 17 649447  0.07236314 -0.00780845  1.055794  
10 22 17 699576  0.17243648 -0.15384603  0.8494525 
10 22 17 749730  0.0771625  -0.00326109  1.07357264
10 22 17 799851  0.17422199 -0.1184094   0.89357185
10 22 17 866850  0.07867217 -0.03407931  1.08032012
10 22 17 917815  0.17964482 -0.09175539  0.90300179
10 22 17 968013  0.10909581 -0.02826834  1.08605146
10 22 18 24971  0.18138385 -0.05453229  0.94317913
10 22 18 48821  0.11210465 -0.06826496  1.07597542
10 22 18 100132  0.16260505 -0.04601836  0.95338631
10 22 18 149298  0.12579632 -0.09111738  1.06053853
10 22 18 212304 0.16524196 0.01257563 0.98245668
10 22 18 270244  0.13548398 -0.1183424   1.03228283
10 22 18 321116 0.13061309 0.00284791 1.01489377
10 22 18 369901  0.14021349 -0.1580441   0.99790597
10 22 18 410848 0.1227839  0.01969671 1.03792596
10 22 18 453575  0.07815933 -0.42184949 -0.23017621
10 22 18 500408  0.15907335 -0.17526269  0.90977597
10 22 18 548462  2.97546387e-04 -1.81247258e+00  1.48857903e+00
10 22 18 610555  0.17743921 -0.13439941  1.86274123
10 22 18 666584  0.05839038 -0.01679969  1.07720661
10 22 18 699408  0.01061797 -0.14002609  0.01557684
10 22 18 750626  0.18523526 -0.05930781  0.95421147
10 22 18 801746  0.13566589 -0.06156611  1.08807182
10 22 18 852852  0.17272735 -0.01420856  0.9965589 
10 22 18 899827  0.13559055 -0.10726976  1.04958844
10 22 18 950111  0.15125084 -0.00470757  1.01411939
10 22 19 3580  0.14969754 -0.11648035  1.01822877
10 22 19 51923 0.12840176 0.02435303 1.05037713
10 22 19 100391  0.15618634 -0.16664267  0.97118044
10 22 19 147885 0.10522747 0.0146656  1.07038879
10 22 19 200054  0.18886757 -0.16523194  0.91208172
10 22 19 249208 0.10550523 0.01878309 1.0912621 
10 22 19 300333  0.19028187 -0.172616    0.88004112
10 22 19 350029  0.09835887 -0.02260613  1.09485531
10 22 19 400839  0.20913815 -0.16425991  0.87784624
10 22 19 455281  0.10581613 -0.02589989  1.09873676
10 22 19 500382  0.21761012 -0.11552811  0.89460444
10 22 19 552067  0.10964727 -0.05169916  1.11144185
10 22 19 601333  0.19608331 -0.10944581  0.93358636
10 22 19 651302  0.11251736 -0.05451846  1.1121881 
10 22 19 700358  0.19429708 -0.0479126   0.94375229
10 22 19 747748  0.13019276 -0.10491228  1.07888842
10 22 19 799768  0.15872097 -0.05464387  0.98627138
10 22 19 849497  0.15794897 -0.12668753  1.04501057
10 22 19 900389  0.14780593 -0.02518177  1.03085947
10 22 19 949507  0.15384221 -0.18493509  0.99638677
10 22 20 6908  0.12151432 -0.0199163   1.0434382 
10 22 20 56670  0.1801517  -0.19486594  0.94368339
10 22 20 116609  1.14543200e-01 -6.52313232e-04  1.07643962e+00
10 22 20 169492  0.18050385 -0.20725417  0.87583089
10 22 20 224959  0.09487987 -0.03003526  1.08814549
10 22 20 274018  0.20046353 -0.19160676  0.86335278
10 22 20 303233  0.10874581 -0.02725983  1.08713961
10 22 20 347388  0.20380521 -0.15531754  0.87663817
10 22 20 398805  0.10540366 -0.05499601  1.0874486 
10 22 20 449340  0.22022057 -0.13947535  0.88805413
10 22 20 499655  0.14148307 -0.07093692  1.07606125
10 22 20 548969  0.21470618 -0.10933042  0.92166853
10 22 20 600855  0.13865209 -0.12421608  1.08104062
10 22 20 649946  0.19938135 -0.0873785   0.95790029
10 22 20 698684  0.16164184 -0.12000299  1.06276608
10 22 20 751782  0.18610811 -0.03248239  1.00118065
10 22 20 800864  0.15751386 -0.15569711  1.03121495
10 22 20 852255  0.15476847 -0.02053428  1.02851033
10 22 20 900773  0.16793156 -0.15891099  0.9937489 
10 22 20 947238 0.13018966 0.00961947 1.05401683
10 22 21 7848  0.1727674  -0.19154572  0.94967914
10 22 21 49191  0.10769367 -0.01314712  1.06933713
10 22 21 100512  0.18389535 -0.19761252  0.90424371
10 22 21 148519  0.10120201 -0.00842929  1.08029199
10 22 21 200422  0.19828844 -0.15656734  0.86288667
10 22 21 249591  0.10873699 -0.02443933  1.07080531
10 22 21 298895  0.21163321 -0.13261461  0.87605929
10 22 21 350840  0.12749076 -0.04825544  1.0690794 
10 22 21 400745  0.20612097 -0.10290313  0.90276003
10 22 21 452225  0.14033461 -0.09284282  1.06067944
10 22 21 500339  0.19492149 -0.0850811   0.92674088
10 22 21 547785  0.1569283  -0.11938     1.04309773
10 22 21 600162  0.17466283 -0.04020953  0.95785666
10 22 21 647938  0.1575067  -0.13781595  1.02252817
10 22 21 699284  0.14795303 -0.03722978  0.99398732
10 22 21 749211  0.15292311 -0.17599487  0.97921157
10 22 21 800881  0.12911677 -0.01544976  1.00869989
10 22 21 849843  0.16980338 -0.19598937  0.94086385
10 22 21 899266  0.1093719  -0.02842307  1.04511809
10 22 21 952082  0.1752286  -0.22486949  0.89796352
10 22 22 2780  0.09442449 -0.03883123  1.06308055
10 22 22 61525  0.19117403 -0.18877649  0.88774896
10 22 22 124813  0.09353662 -0.05302334  1.07113814
10 22 22 168096  0.18643212 -0.17773604  0.88576818
10 22 22 220432  0.09617305 -0.09440851  1.06148338
10 22 22 268992  0.2012167  -0.1303277   0.88888526
10 22 22 314415  0.12389064 -0.10500503  1.05894423
10 22 22 367059  0.18325281 -0.10482335  0.9283812 
10 22 22 414315  0.14425468 -0.13031101  1.05589938
10 22 22 469571  0.17539239 -0.06714702  0.96439528
10 22 22 518075  0.1534214  -0.15624309  1.03686881
10 22 22 565030  0.1552844  -0.03949761  1.00241327
10 22 22 618900  0.16796017 -0.1817162   0.99204135
10 22 22 651607  0.12791777 -0.03873682  1.0248518 
10 22 22 700951  0.17106462 -0.21036124  0.93731356
10 22 22 747131  0.11824322 -0.04328823  1.03849435
10 22 22 798526  0.18173552 -0.22322297  0.8956306 
10 22 22 847871  0.09306335 -0.06048465  1.05393004
10 22 22 900689  0.20066667 -0.19207549  0.84620166
10 22 22 949851  0.10184717 -0.06075573  1.061728  
10 22 23 6689  0.19476485 -0.14490414  0.88677669
10 22 23 50021  0.1133368  -0.09297848  1.07542396
10 22 23 99431  0.18669581 -0.10276008  0.9206748 
10 22 23 150816  0.14077163 -0.11368251  1.05386138
10 22 23 199707  0.15999818 -0.07931399  0.96824908
10 22 23 251552  0.15513062 -0.15972328  1.03543496
10 22 23 300824  0.13399506 -0.04017782  1.01603842
10 22 23 348843  0.15227795 -0.19788289  0.98867965
10 22 23 399041  0.10385299 -0.04198122  1.05152607
10 22 23 450820  0.17109776 -0.24523544  0.92921352
10 22 23 499690  0.08518815 -0.06563687  1.07897305
