11 0 21 517357 -0.17610836 -0.04327202  0.98562694
11 0 21 547739 -0.17301035 -0.0429008   0.98437023
11 0 21 589281 -0.17386436 -0.04442286  0.98710871
11 0 21 636796 -0.17363524 -0.04247785  0.98648214
11 0 21 680815 -0.174891   -0.04636002  0.98636937
11 0 21 749565 -0.17631269 -0.04409266  0.98561454
11 0 21 790737 -0.17621613 -0.04121375  0.98517299
11 0 21 835946 -0.17588902 -0.04071689  0.98527312
11 0 21 879726 -0.17546797 -0.04265571  0.98506427
11 0 21 914585 -0.1733067  -0.04005337  0.98672318
11 0 21 966144 -0.17593527 -0.04284525  0.98675513
11 0 22 16849 -0.17286134 -0.04211903  0.98678303
11 0 22 66977 -0.17371321 -0.04351974  0.98802423
11 0 22 116420 -0.17362022 -0.04209518  0.9865365 
11 0 22 165593 -0.17467093 -0.04237247  0.98652101
11 0 22 217454 -0.17257118 -0.04368186  0.98931313
11 0 22 266530 -0.17738795 -0.04657865  0.98704791
11 0 22 319234 -0.17749166 -0.04502439  0.98657084
11 0 22 366714 -0.17721152 -0.04132128  0.98842955
11 0 22 413852 -0.175632   -0.04324484  0.98636889
11 0 22 465369 -0.17513227 -0.04447031  0.98695946
11 0 22 515968 -0.17423058 -0.0452373   0.98271918
11 0 22 566247 -0.1743176  -0.04402661  0.98393106
11 0 22 616048 -0.17325473 -0.04197884  0.98445797
11 0 22 664921 -0.17224813 -0.04547048  0.98544955
11 0 22 716744 -0.17660999 -0.04490256  0.98642087
11 0 22 768209 -0.17410731 -0.04287052  0.98377657
11 0 22 820676 -0.17704654 -0.04409337  0.98377776
11 0 22 867510 -0.17651296 -0.04345846  0.98423076
11 0 22 917947 -0.17078257 -0.04446125  0.98275065
11 0 22 967220 -0.17470813 -0.04557276  0.98660159
11 0 23 14295 -0.17340732 -0.04268098  0.9854486 
11 0 23 75137 -0.17343068 -0.04336309  0.98702025
11 0 23 111138 -0.17287135 -0.04531097  0.98387837
11 0 23 168593 -0.17543626 -0.04641676  0.98485708
11 0 23 215975 -0.17308569 -0.0461762   0.98472381
11 0 23 267965 -0.17479897 -0.04384232  0.98697805
11 0 23 316929 -0.17248368 -0.04786038  0.98664784
11 0 23 366233 -0.1739676  -0.04492712  0.98308754
11 0 23 417410 -0.17268467 -0.04592156  0.98370647
11 0 23 466733 -0.17453122 -0.047858    0.98399448
11 0 23 518665 -0.17460322 -0.04738879  0.98519778
11 0 23 568646 -0.17408895 -0.04483676  0.98618746
11 0 23 614896 -0.17622328 -0.04384542  0.98433805
11 0 23 665748 -0.17698169 -0.04430866  0.98635125
11 0 23 715463 -0.17453289 -0.04894066  0.98822618
11 0 23 767339 -0.17244315 -0.04518652  0.98582244
11 0 23 816303 -0.17657113 -0.04382586  0.98474264
11 0 23 864539 -0.1725297  -0.04380322  0.98449755
11 0 23 916901 -0.17245865 -0.04714298  0.98344564
11 0 23 965785 -0.17209196 -0.04526973  0.98418188
11 0 24 18153 -0.17700028 -0.0460465   0.98752546
11 0 24 69084 -0.17503262 -0.0437901   0.9817884 
11 0 24 118100 -0.17241049 -0.04255152  0.98944187
11 0 24 166312 -0.17477655 -0.04438925  0.98560333
11 0 24 214328 -0.17348742 -0.04224706  0.98785686
11 0 24 265594 -0.17681551 -0.04209208  0.98822331
11 0 24 315986 -0.17448139 -0.04550862  0.98641443
11 0 24 386279 -0.17007589 -0.04609251  0.98678184
11 0 24 434454 -0.17064095 -0.04383492  0.98898339
11 0 24 493311 -0.17345595 -0.04438901  0.98723149
11 0 24 552520 -0.17209959 -0.04498529  0.98702288
11 0 24 593027 -0.17232561 -0.04307604  0.98450184
11 0 24 635315 -0.17396832 -0.04322004  0.98881245
11 0 24 684245 -0.1734879  -0.04562521  0.98520184
11 0 24 731840 -0.17306781 -0.04563069  0.98460937
11 0 24 769956 -0.17234778 -0.04723597  0.9828124 
11 0 24 816448 -0.17318463 -0.04471946  0.98659325
11 0 24 867622 -0.17326379 -0.04389811  0.98686767
11 0 24 915254 -0.17093682 -0.04181218  0.98361731
11 0 24 966928 -0.17219996 -0.04569817  0.98665142
11 0 25 20386 -0.17036653 -0.04605889  0.98662376
11 0 25 68160 -0.17112017 -0.04617715  0.98787212
11 0 25 115703 -0.17286801 -0.04517317  0.98493409
11 0 25 165462 -0.17070222 -0.04535675  0.98557162
11 0 25 217517 -0.16902876 -0.04428768  0.98652458
11 0 25 265558 -0.17237425 -0.04451537  0.98710585
11 0 25 317497 -0.17282057 -0.04422188  0.98815823
11 0 25 366724 -0.17334032 -0.04546189  0.99085093
11 0 25 414606 -0.1733911  -0.04546785  0.988554  
11 0 25 466258 -0.17139745 -0.04581451  0.98840404
11 0 25 516064 -0.17157364 -0.04628563  0.986305  
11 0 25 566528 -0.17109418 -0.04477286  0.98506951
11 0 25 615268 -0.17100668 -0.0447917   0.98606491
11 0 25 664547 -0.17281961 -0.04634809  0.98597431
11 0 25 716712 -0.17000604 -0.04511833  0.9874022 
11 0 25 769124 -0.17489529 -0.04170966  0.98703766
11 0 25 819829 -0.16919398 -0.04453325  0.98594117
11 0 25 865780 -0.17261744 -0.04291487  0.98659039
11 0 25 917986 -0.17209244 -0.04485798  0.98386073
11 0 25 966201 -0.17227459 -0.04612851  0.98741436
11 0 26 15270 -0.17212796 -0.0474546   0.98722434
11 0 26 73433 -0.17331433 -0.04514909  0.98662448
11 0 26 114991 -0.17450714 -0.04909372  0.98522735
11 0 26 166346 -0.17301583 -0.04379487  0.98561716
11 0 26 215115 -0.17169547 -0.04569268  0.98389339
11 0 26 266556 -0.17203951 -0.04533553  0.98816919
11 0 26 321460 -0.17261982 -0.04320431  0.98433495
11 0 26 365952 -0.17225361 -0.04531288  0.9823916 
11 0 26 417652 -0.17301822 -0.04557705  0.98467898
11 0 26 465754 -0.17374468 -0.04458451  0.98648763
11 0 26 518494 -0.1722455  -0.04447722  0.98659515
11 0 26 566457 -0.17263389 -0.04571795  0.98617387
11 0 26 613985 -0.17254138 -0.04392672  0.98697782
11 0 26 668870 -0.17109966 -0.04299641  0.98811388
11 0 26 714441 -0.17284489 -0.04457474  0.98913479
11 0 26 766723 -0.1728158  -0.04454446  0.98884535
11 0 26 815455 -0.17374158 -0.04598808  0.9905231 
11 0 26 863828 -0.17160296 -0.04491901  0.98689723
11 0 26 916053 -0.1762321  -0.04309297  0.98837614
11 0 26 964819 -0.17529511 -0.0458467   0.98749542
11 0 27 17256 -0.17456841 -0.04312849  0.98836541
11 0 27 69479 -0.1735878  -0.04360771  0.99241328
11 0 27 126196 -0.17316008 -0.04557157  0.9907515 
11 0 27 186799 -0.17608142 -0.04906869  0.9847343 
11 0 27 231255 -0.17508769 -0.04763889  0.98526025
11 0 27 279164 -0.17629862 -0.04770494  0.98600554
11 0 27 314977 -0.17406631 -0.0500176   0.98515463
11 0 27 365930 -0.17197919 -0.04679489  0.98633957
11 0 27 415486 -0.17358112 -0.04336286  0.98483133
11 0 27 464689 -0.17331839 -0.04516053  0.98144197
11 0 27 516908 -0.17528963 -0.04674888  0.98236132
11 0 27 564890 -0.17374134 -0.04642105  0.98617196
11 0 27 617002 -0.17388225 -0.04857826  0.98370647
11 0 27 665746 -0.17659569 -0.04705405  0.98405385
11 0 27 718401 -0.18744588  1.57794118 -1.85553026
11 0 27 769502 -0.17278123 -0.04720688  0.9824369 
11 0 27 813774 0.01495647 1.15606833 0.67571878
11 0 27 865198 -0.16816473 -0.04705811  1.16008401
11 0 27 914250 -0.16995692 -0.04796743  0.98559356
11 0 27 965932 -0.00051451 -0.00010467  0.01553845
11 0 28 16153 -0.17858863 -0.05035448  0.98359036
11 0 28 67123 -0.17758894 -0.04999232  0.98794127
11 0 28 116368 -0.17571044 -0.04867315  0.98549843
11 0 28 165804 -0.17602158 -0.05163026  0.98547554
11 0 28 218035 -0.17474246 -0.04969835  0.98611522
11 0 28 265709 -0.17545462 -0.05007005  0.9849906 
11 0 28 317968 -0.17517686 -0.05101347  0.98665357
11 0 28 367214 -0.17769456 -0.05182147  0.98201132
11 0 28 414614 -0.17750072 -0.05102777  0.98507738
11 0 28 465324 -0.17349863 -0.05214286  0.98374271
11 0 28 514675 -0.1737597  -0.04957223  0.98268414
11 0 28 566889 -0.17567945 -0.05010438  0.98422432
11 0 28 616241 -0.17609882 -0.05012465  0.9843545 
11 0 28 664656 -0.17704821 -0.04994965  0.98524785
11 0 28 716157 -0.177706   -0.04844785  0.98665071
11 0 28 768885 -0.17584515 -0.04945469  0.98567843
11 0 28 825026 -0.17668128 -0.04823589  0.98262572
11 0 28 866580 -0.17755222 -0.04679084  0.98614788
11 0 28 918756 -0.17735505 -0.04844832  0.98658967
11 0 28 967090 -0.17609811 -0.04688621  0.98462439
11 0 29 14545 -0.17500114 -0.05014133  0.98507071
11 0 29 73921 -0.17641163 -0.04967189  0.98550105
11 0 29 111410 -0.17607069 -0.05212474  0.98499036
11 0 29 168914 -0.17548633 -0.04735088  0.9847436 
11 0 29 220251 -0.17423868 -0.04818392  0.98636889
11 0 29 264715 -0.17759228 -0.05074143  0.98620105
11 0 29 316689 -0.17364979 -0.05096769  0.98814964
11 0 29 366092 -0.17671037 -0.0466764   0.98751616
11 0 29 417427 -0.17382765 -0.05059719  0.9867065 
11 0 29 467339 -0.17167044 -0.04711461  0.98744154
11 0 29 518746 -0.17360067 -0.04892898  0.98513818
11 0 29 567913 -0.17738962 -0.04886651  0.98666048
11 0 29 614630 -0.17712951 -0.04746342  0.98900962
11 0 29 665892 -0.17731833 -0.04724669  0.98620152
11 0 29 715752 -0.17408013 -0.04835153  0.98599792
11 0 29 768703 -0.17476606 -0.04727173  0.98500943
11 0 29 816156 -0.17454267 -0.04721117  0.98474121
11 0 29 864979 -0.17527199 -0.04841852  0.98501825
11 0 29 916575 -0.17460847 -0.04780269  0.98381853
11 0 29 978837 -0.1742239  -0.04805875  0.98549128
11 0 30 38377 -0.173491   -0.0491004   0.98634529
11 0 30 93731 -0.17100143 -0.04940486  0.98680449
11 0 30 137553 -0.17173171 -0.04596567  0.9858458 
11 0 30 188421 -0.17340899 -0.04813075  0.98536563
11 0 30 233133 -0.17328048 -0.04721642  0.98451018
11 0 30 278511 -0.17315841 -0.04688025  0.98541403
11 0 30 315695 -0.17340899 -0.04542422  0.981704  
11 0 30 366503 -0.17413735 -0.04710937  0.98550391
11 0 30 435635 -0.17356563 -0.04480457  0.98478675
11 0 30 484631 -0.17472339 -0.04564834  0.98317289
11 0 30 519358 -0.17571831 -0.04556346  0.98558569
11 0 30 565978 -0.17407727 -0.0447917   0.98863459
11 0 30 641704 -0.17748666 -0.04447579  0.984797  
11 0 30 683343 -0.17465711 -0.044451    0.98673654
11 0 30 737861 -0.17481422 -0.04484224  0.98501945
11 0 30 789418 -0.17508841 -0.0462532   0.9893589 
11 0 30 834724 -0.17305756 -0.04563355  0.98517942
11 0 30 880435 -0.17276025 -0.04977536  0.98779178
11 0 30 931264 -0.1761055  -0.0467205   0.98378229
11 0 30 980890 -0.17429876 -0.04584455  0.98400521
11 0 31 130458 -0.17767906 -0.05030131  0.98501587
11 0 31 166050 -0.17440391 -0.04824352  0.98782802
11 0 31 201248 -0.17735434 -0.04517007  0.98906803
11 0 31 236942 -0.17314267 -0.04479241  0.98624873
11 0 31 276948 -0.17129731 -0.04486871  0.98428559
11 0 31 313599 -0.17336297 -0.04796553  0.9855535 
11 0 31 347043 -0.17065573 -0.04450655  0.98746991
11 0 31 384296 -0.17209697 -0.04587817  0.98774076
11 0 31 436615 -0.1717329  -0.04776907  0.98698616
11 0 31 484252 -0.17384601 -0.04797673  0.98679066
11 0 31 543436 -0.17403889 -0.04983997  0.98515821
11 0 31 585282 -0.17122126 -0.04645634  0.98329091
11 0 31 636291 -0.17115808 -0.04801822  0.98749304
11 0 31 685929 -0.17051387 -0.04799628  0.98912287
11 0 31 732205 -0.17392468 -0.04704642  0.99122953
11 0 31 792257 -0.17192364 -0.04761767  0.98596811
11 0 31 819085 -0.17005849 -0.04885411  0.98393798
11 0 31 865634 -0.1748209  -0.04506755  0.98688936
11 0 31 918308 -0.1740427  -0.04712653  0.98612452
11 0 31 966570 -0.17237997 -0.04418921  0.98484111
11 0 32 13862 -0.17102623 -0.04712725  0.9836328 
11 0 32 79379 -0.1722312  -0.04911304  0.9834547 
11 0 32 115315 -0.17204618 -0.04913688  0.98737025
11 0 32 166389 -0.17190909 -0.04790378  0.98491931
11 0 32 214999 -0.17623305 -0.04662108  0.98665619
11 0 32 265801 -0.17279601 -0.04757357  0.98547435
11 0 32 315669 -0.17163587 -0.04608512  0.98338342
11 0 32 365040 -0.17200923 -0.04546523  0.98674369
11 0 32 416636 -0.17275882 -0.04721451  0.98567629
11 0 32 465464 -0.17568779 -0.04884577  0.98691392
11 0 32 518273 -0.17276144 -0.04518938  0.98666477
11 0 32 580174 -0.17591333 -0.04621768  0.98654938
11 0 32 631350 -0.17581654 -0.04671216  0.98561788
11 0 32 678353 -0.17229557 -0.04485297  0.98437357
11 0 32 736057 -0.17732692 -0.04579687  0.98574424
11 0 32 773271 -0.17283416 -0.04483247  0.98616004
11 0 32 816061 -0.17457223 -0.04304671  0.98278928
11 0 32 864184 -0.17391133 -0.04307151  0.98581409
11 0 32 916072 -0.17301774 -0.04296446  0.9840281 
11 0 32 964634 -0.17561674 -0.04471111  0.9880147 
11 0 33 16722 -0.17325878 -0.04320121  0.98700476
11 0 33 69061 -0.17651415 -0.0464108   0.98754716
11 0 33 140928 -0.17494583 -0.0432148   0.98756766
11 0 33 193260 -0.17332649 -0.0450964   0.98673558
11 0 33 216145 -0.17205167 -0.04533291  0.98516774
11 0 33 266605 -0.17519522 -0.04674578  0.98831058
11 0 33 317312 -0.1715014  -0.04542875  0.98468518
11 0 33 366050 -0.17161036 -0.04584956  0.98412585
11 0 33 415498 -0.17255855 -0.04698515  0.9871664 
11 0 33 464675 -0.17245007 -0.04163504  0.98580599
11 0 33 516001 -0.16949964 -0.04561925  0.98330832
11 0 33 586012 -0.17106271 -0.04554534  0.9838326 
11 0 33 617503 -0.16896081 -0.04520512  0.98425555
11 0 33 671976 -0.17307281 -0.0450232   0.98756671
11 0 33 719256 -0.18744421  1.68731284 -0.26177669
11 0 33 773751 -0.17107654 -0.04591513  0.9843688 
11 0 33 813958 0.01495123 0.31231999 1.37884521
11 0 33 865409 -0.17077541 -0.04614258  1.53509974
11 0 33 914540 -0.17074871 -0.04457402  0.98491001
11 0 33 965883 -0.00034952 -0.00152111  0.01553273
11 0 34 16097 -0.18654537 -0.07046866  0.99640894
11 0 34 67233 -0.18501711 -0.07231212  0.99441624
11 0 34 117800 -0.18320394 -0.07173467  0.99480534
11 0 34 165420 -0.18362927 -0.07112741  0.99721241
11 0 34 217486 -0.18305445 -0.06995773  0.99662423
11 0 34 266276 -0.18707752 -0.06986094  0.99901032
11 0 34 317865 -0.18562222 -0.07322645  0.99681163
11 0 34 366994 -0.18214178 -0.07019901  0.99761248
11 0 34 413854 -0.18356347 -0.07427764  0.99725652
11 0 34 465562 -0.18251467 -0.07305956  0.99781108
11 0 34 515950 -0.1796062  -0.07354259  0.99610877
11 0 34 566297 -0.18259239 -0.06890726  0.99763107
11 0 34 625821 -0.18095803 -0.07209015  0.99874759
11 0 34 665160 -0.18230867 -0.0708313   0.99713516
11 0 34 716568 -0.182019   -0.07129264  0.99317431
11 0 34 767484 -0.18035698 -0.06957889  0.99904823
11 0 34 819386 -0.18025327 -0.0685041   0.99315786
11 0 34 867344 -0.17786312 -0.07270741  0.99556255
11 0 34 918018 -0.1797514  -0.06874609  0.99648905
11 0 34 967310 -0.18094826 -0.06820703  0.9975543 
11 0 35 16177 -0.17759395 -0.06882143  0.99382758
11 0 35 74262 -0.18310928 -0.06922412  0.9942956 
11 0 35 110642 -0.18275428 -0.06806183  0.99324846
11 0 35 168458 -0.17954445 -0.06758165  0.99330068
11 0 35 215589 -0.17981935 -0.06727195  0.99110675
11 0 35 265108 -0.17900991 -0.06927276  0.98682094
11 0 35 316988 -0.18044257 -0.07071257  0.98959851
11 0 35 365573 -0.17934012 -0.07153654  0.98590684
11 0 35 417361 -0.17873883 -0.06942177  0.98553562
11 0 35 466321 -0.17876458 -0.07144594  0.98625541
11 0 35 518769 -0.17881656 -0.06950736  0.98538136
11 0 35 567208 -0.17812085 -0.07495499  0.98438787
11 0 35 614779 -0.17866778 -0.07295203  0.98246098
11 0 35 667002 -0.1789608  -0.0723896   0.98350883
11 0 35 716290 -0.17822909 -0.0718832   0.9802897 
11 0 35 767877 -0.17831469 -0.07352209  0.98352337
11 0 35 815738 -0.18197441 -0.07045579  0.98182631
11 0 35 864314 -0.18220639 -0.07121277  0.98151112
11 0 35 916674 -0.1786325  -0.07010007  0.97903752
11 0 35 966000 -0.17710304 -0.07153463  0.9838655 
11 0 36 18102 -0.17844391 -0.06840992  0.97930312
11 0 36 69172 -0.17935801 -0.07186413  0.9814229 
11 0 36 118338 -0.1765914  -0.07304716  0.9828527 
11 0 36 167144 -0.18012214 -0.07121539  0.98166776
11 0 36 213989 -0.17868233 -0.06926417  0.97911119
11 0 36 266139 -0.17819285 -0.07064962  0.98198962
11 0 36 321249 -0.17661572 -0.06955576  0.98224068
11 0 36 377493 -0.17578578 -0.07317281  0.97856116
11 0 36 416954 -0.17636466 -0.07050109  0.97953963
11 0 36 464315 -0.17834496 -0.07107019  0.97492075
11 0 36 516829 -0.17532706 -0.07388783  0.97561169
11 0 36 565565 -0.17361999 -0.07198477  0.97649312
11 0 36 617062 -0.17707419 -0.07017827  0.97687387
11 0 36 667462 -0.17512727 -0.07256842  0.97591734
11 0 36 718030 -0.1734786  -0.07504892  0.9728086 
11 0 36 769221 -0.17417669 -0.07480812  0.97374439
11 0 36 814027 -0.17518234 -0.07492542  0.97484231
11 0 36 878125 -0.17423487 -0.07697845  0.97090244
11 0 36 929906 -0.17136216 -0.07468581  0.97051048
11 0 36 982781 -0.17135024 -0.07152987  0.97062755
11 0 37 33248 -0.17521739 -0.07507801  0.97042727
11 0 37 81631 -0.17655516 -0.07469869  0.97012973
11 0 37 132968 -0.17624664 -0.07711363  0.97320437
11 0 37 174095 -0.17662168 -0.07729506  0.97337699
11 0 37 217679 -0.17392945 -0.07740736  0.97119164
11 0 37 266703 -0.17681623 -0.07800889  0.97126865
11 0 37 318019 -0.17642522 -0.0770247   0.97341347
11 0 37 367077 -0.17813182 -0.07656479  0.97081852
11 0 37 434742 -0.17691493 -0.077914    0.97017717
11 0 37 481132 -0.17779922 -0.07799077  0.97328615
11 0 37 537583 -0.17880082 -0.07738733  0.96996593
11 0 37 578650 -0.17766023 -0.07870317  0.97414064
11 0 37 645725 -0.17736006 -0.07853723  0.97290778
11 0 37 690361 -0.17818141 -0.07609105  0.97170568
11 0 37 722833 -0.18158102 -0.07718039  0.9750917 
11 0 37 769650 -0.18033576 -0.07879019  0.97364378
11 0 37 820069 -0.1814301  -0.07933688  0.97360563
11 0 37 866040 -0.1798079  -0.07963347  0.97126698
11 0 37 920962 -0.18051291 -0.07617283  0.97128344
11 0 37 967147 -0.18104219 -0.07753563  0.97190714
11 0 38 14237 -0.18223381 -0.07637739  0.97324491
11 0 38 74799 -0.18204832 -0.08093643  0.97326469
11 0 38 110727 -0.1797843  -0.07904959  0.97011924
11 0 38 168698 -0.1785965  -0.07976151  0.97003007
11 0 38 215807 -0.18113899 -0.07804942  0.97106338
11 0 38 264752 -0.18153453 -0.08137369  0.96841526
11 0 38 316753 -0.18073463 -0.07806063  0.97131157
11 0 38 365287 -0.18155718 -0.08261871  0.97214246
11 0 38 417404 -0.18237591 -0.08114076  0.97251725
11 0 38 466949 -0.18308735 -0.08203316  0.97131443
11 0 38 542406 -0.18089795 -0.07939005  0.97239685
11 0 38 567859 -0.18153095 -0.08321357  0.97558069
11 0 38 614263 -0.18081355 -0.08366728  0.97502613
11 0 38 665785 -0.18192863 -0.0808444   0.97350693
11 0 38 714798 -0.18299508 -0.08211493  0.97444558
11 0 38 767097 -0.18322372 -0.08460546  0.97691107
11 0 38 816439 -0.18098044 -0.08388805  0.97702789
11 0 38 863750 -0.18281865 -0.08334208  0.97591639
11 0 38 916768 -0.18048334 -0.0810163   0.97436452
11 0 38 965363 -0.18090534 -0.08167291  0.97476459
11 0 39 17961 -0.18308401 -0.08503652  0.97610378
11 0 39 71599 -0.18196797 -0.08263016  0.97478461
11 0 39 117904 -0.18360424 -0.08398104  0.97639251
11 0 39 178665 -0.18126607 -0.08523011  0.9751668 
11 0 39 242033 -0.18168139 -0.08143783  0.9796474 
11 0 39 283215 -0.18454814 -0.08135462  0.97899055
11 0 39 315427 -0.18427706 -0.08147955  0.97796917
11 0 39 366078 -0.18257403 -0.07902074  0.97545838
11 0 39 416065 -0.18227601 -0.07996058  0.97524381
11 0 39 464613 -0.18472791 -0.08286238  0.9767952 
11 0 39 516250 -0.18444347 -0.08210564  0.97428417
11 0 39 565253 -0.18632388 -0.08209157  0.97706437
11 0 39 618060 -0.18622255 -0.08274031  0.97476554
11 0 39 666310 -0.18512082 -0.08120942  0.97535467
11 0 39 719289 -0.18748832 -1.71908832  1.50382757
11 0 39 770244 -0.18725252 -0.08326006  0.97751331
11 0 39 816448  0.01489758  0.87465405 -0.26181316
11 0 39 869145 -0.18384671 -0.08795166 -1.77742791
11 0 39 915955 -0.18314147 -0.08439779  0.97708845
11 0 39 966573 -0.00775862  0.00147748  0.0155375 
11 0 40 16158 -0.17893505 -0.06434822  0.98832631
11 0 40 83064 -0.17894101 -0.06492782  0.98836374
11 0 40 137100 -0.17931461 -0.06646013  0.98700786
11 0 40 165588 -0.17751694 -0.06816268  0.98716211
11 0 40 217735 -0.17923808 -0.06622195  0.98419642
11 0 40 266134 -0.17741919 -0.06914234  0.98524022
11 0 40 318995 -0.17576838 -0.06574655  0.98393655
11 0 40 368434 -0.17616487 -0.06780481  0.98167849
11 0 40 414505 -0.17716694 -0.06670332  0.98015833
11 0 40 465772 -0.17778397 -0.0667727   0.98034549
11 0 40 515873 -0.17698288 -0.07143474  0.97808242
11 0 40 568013 -0.17480612 -0.0706172   0.980618  
11 0 40 618669 -0.17392755 -0.06981349  0.97804642
11 0 40 665168 -0.17490458 -0.07171226  0.97671962
11 0 40 716701 -0.17979765 -0.07142997  0.97947621
11 0 40 767963 -0.17644191 -0.06966734  0.97474742
11 0 40 820837 -0.17582607 -0.07063651  0.97535896
11 0 40 865637 -0.17475271 -0.06917     0.97516322
11 0 40 917078 -0.17748332 -0.0683403   0.97382927
11 0 40 966652 -0.17315722 -0.06762028  0.97518468
11 0 41 14754 -0.17646575 -0.06867814  0.97445536
11 0 41 77918 -0.17719221 -0.06747508  0.97723794
11 0 41 110297 -0.17544031 -0.06694746  0.97511268
11 0 41 169790 -0.17764068 -0.06698561  0.9751761 
11 0 41 215585 -0.17970204 -0.07017756  0.9770534 
11 0 41 265624 -0.17795038 -0.06683302  0.97620082
11 0 41 317302 -0.17610931 -0.0640347   0.97813272
11 0 41 367233 -0.17685699 -0.06494904  0.97660017
11 0 41 417160 -0.17823935 -0.06424093  0.97714281
11 0 41 465360 -0.1734879  -0.06655478  0.97768927
11 0 41 526946 -0.17647934 -0.06345034  0.97904611
11 0 41 567099 -0.17610836 -0.06495667  0.98109579
11 0 41 614064 -0.17724156 -0.06624293  0.98053813
11 0 41 665582 -0.17657495 -0.06378913  0.9812808 
11 0 41 715025 -0.17772627 -0.06402755  0.98039103
11 0 41 767548 -0.17654157 -0.06348538  0.97934413
11 0 41 815137 -0.17616916 -0.06182456  0.98124623
11 0 41 865130 -0.17917848 -0.06057191  0.97922873
11 0 41 917736 -0.17882204 -0.06362057  0.97781086
11 0 41 964933 -0.1761508  -0.06361604  0.97855783
11 0 42 19227 -0.17621207 -0.06522703  0.97894049
11 0 42 69063 -0.17575955 -0.06554437  0.9772861 
11 0 42 117466 -0.17777109 -0.06661391  0.9798851 
11 0 42 170543 -0.17413116 -0.06417561  0.97678447
11 0 42 214371 -0.17583537 -0.06591368  0.97887754
11 0 42 265990 -0.17496228 -0.06645107  0.97989655
11 0 42 315524 -0.17366219 -0.06624341  0.97820807
11 0 42 366613 -0.17416692 -0.06608629  0.98066401
11 0 42 414949 -0.17674112 -0.06294823  0.98019695
11 0 42 464594 -0.17696857 -0.06372213  0.98122072
11 0 42 516676 -0.17562222 -0.06279373  0.9812026 
11 0 42 565396 -0.17458344 -0.06175327  0.97984004
11 0 42 616683 -0.17446136 -0.05978322  0.98359561
11 0 42 684237 -0.17425442 -0.06029129  0.97960424
11 0 42 737729 -0.17377305 -0.06385517  0.98117256
11 0 42 784511 -0.17068362 -0.0618422   0.97971153
11 0 42 833890 -0.17274857 -0.06012058  0.98109746
11 0 42 882292 -0.17218208 -0.05989051  0.97679138
11 0 42 914273 -0.17642283 -0.05629444  0.98012686
11 0 42 965849 -0.17412639 -0.06008554  0.9838717 
11 0 43 35366 -0.1753273  -0.0593791   0.98135996
11 0 43 67950 -0.17400312 -0.05774283  0.98072314
11 0 43 115796 -0.17340255 -0.05732775  0.97890139
11 0 43 164500 -0.17547464 -0.05870962  0.9791162 
11 0 43 216382 -0.17170787 -0.05666184  0.98139381
11 0 43 265743 -0.17341375 -0.05462837  0.98050404
11 0 43 317316 -0.17208695 -0.05282116  0.98110437
11 0 43 366219 -0.17332649 -0.05173588  0.98066163
11 0 43 413929 -0.17456532 -0.05379009  0.97827578
11 0 43 481792 -0.17352867 -0.05052447  0.97920799
11 0 43 516190 -0.17180443 -0.05132151  0.98348331
11 0 43 566634 -0.17383838 -0.05131626  0.98571706
11 0 43 617138 -0.17075276 -0.05054021  0.98364139
11 0 43 663813 -0.17516398 -0.05181527  0.98511147
11 0 43 729543 -0.17885733 -0.05160332  0.98811769
11 0 43 810184 -0.17504597 -0.05302358  0.98662424
11 0 43 862059 -0.1762712  -0.05252481  0.988729  
11 0 43 901399 -0.17397785 -0.05216694  0.98800683
11 0 43 949817 -0.17564535 -0.05465031  0.98738313
11 0 43 991766 -0.17630219 -0.05297852  0.98796225
11 0 44 33430 -0.17620659 -0.05351686  0.98496819
11 0 44 92926 -0.17428613 -0.05403066  0.98659372
11 0 44 122770 -0.17527318 -0.05219769  0.9877224 
11 0 44 167117 -0.17459869 -0.05243778  0.98903608
11 0 44 215530 -0.17583799 -0.04837298  0.9873054 
11 0 44 266048 -0.17507744 -0.05240631  0.98551083
11 0 44 317294 -0.1724894  -0.05114341  0.98836637
11 0 44 365063 -0.17482543 -0.05059767  0.98834515
11 0 44 417923 -0.1698339  -0.05351639  0.98927665
11 0 44 466391 -0.17351532 -0.05187964  0.98667407
11 0 44 518526 -0.17226553 -0.04757929  0.98531485
11 0 44 567067 -0.172189   -0.05125308  0.98744082
11 0 44 614875 -0.17178535 -0.0491941   0.98853326
11 0 44 666981 -0.173141   -0.04886413  0.98833251
11 0 44 715255 -0.17507458 -0.04836082  0.98585391
11 0 44 797096 -0.17082596 -0.04676199  0.99089074
11 0 44 848232 -0.17050433 -0.04696321  0.98706722
11 0 44 890053 -0.17432594 -0.0431993   0.99024749
11 0 44 935213 -0.17329574 -0.04638362  0.98944759
11 0 44 996821 -0.17295909 -0.04552937  0.98374987
11 0 45 36264 -0.17155886 -0.04786325  0.98735476
11 0 45 85092 -0.16947794 -0.04883528  0.98784351
11 0 45 119515 -0.17284274 -0.04692364  0.98815989
11 0 45 166707 -0.17027497 -0.04635191  0.9870255 
11 0 45 213247 -0.17126679 -0.04592872  0.98902106
11 0 45 264808 -0.17057753 -0.04723763  0.98943806
11 0 45 315561 -0.1706543  -0.04601431  0.99145007
11 0 45 366269 -0.17072511 -0.04462981  0.99056697
11 0 45 414728 -0.16754198 -0.04579782  0.99034095
11 0 45 463572 -0.1720736  -0.04554272  0.98981237
11 0 45 515648 -0.16918731 -0.04545522  0.99253845
11 0 45 569709 -0.16565537 -0.04702997  0.99194598
11 0 45 629979 -0.16764212 -0.04388118  0.98872352
11 0 45 666417 -0.16595459 -0.04643202  0.98987985
11 0 45 717429 -0.16794157 -0.04392266  0.98741937
11 0 45 769230 -0.16521406 -0.04657006  0.98655581
11 0 45 822558 -0.1703763  -0.04593349  0.98714995
11 0 45 881540 0.01495934 0.59357977 1.41011071
11 0 45 939013 -0.16838861 -0.04574537  0.00386262
11 0 45 977759 -0.16709495 -0.04834056  0.98566008
11 0 46 33716  0.01497555 -1.53142977  0.01947737
11 0 46 81800 -0.16328764 -0.0433917   0.98794723
11 0 46 135854 -0.16495347 -0.04559255  0.98846769
11 0 46 190157 0.16522217 0.15216064 0.02722168
11 0 46 241251 -0.160007   -0.03117442  0.98978734
11 0 46 266087 -0.15962672 -0.02651191  0.99077773
11 0 46 318844 -0.16033673 -0.02750969  0.98782825
11 0 46 366958 -0.16183305 -0.02728462  0.98754311
11 0 46 413892 -0.16188574 -0.0261569   0.98556328
11 0 46 466429 -0.16211963 -0.02812457  0.98817325
11 0 46 520793 -0.16324425 -0.03010249  0.98800492
11 0 46 565899 -0.16469955 -0.02760458  0.98623133
11 0 46 616423 -0.16292143 -0.03107691  0.98764062
11 0 46 664351 -0.16306615 -0.02876067  0.98665476
11 0 46 728180 -0.16313744 -0.02955317  0.98878336
11 0 46 768749 -0.16226792 -0.02743053  0.98646259
11 0 46 820295 -0.16301894 -0.02849269  0.98834157
11 0 46 866771 -0.16251993 -0.02803826  0.98855877
11 0 46 917783 -0.1623528  -0.02828526  0.99010444
11 0 46 966587 -0.16277885 -0.03029251  0.98865867
11 0 47 14118 -0.16156197 -0.03161144  0.99006438
11 0 47 74526 -0.15778899 -0.03103471  0.99010468
11 0 47 110940 -0.15847421 -0.03148484  0.98722506
11 0 47 168717 -0.15844345 -0.03476691  0.98748326
11 0 47 215184 -0.15919662 -0.03157163  0.99076176
11 0 47 264885 -0.15979767 -0.03137946  0.99128413
11 0 47 316244 -0.1599443  -0.02934265  0.98993468
11 0 47 365517 -0.15947437 -0.03204823  0.98864961
11 0 47 416846 -0.15791726 -0.02576399  0.98885751
11 0 47 465916 -0.16021276 -0.02787018  0.98753834
11 0 47 517522 -0.15940619 -0.02910376  0.98885536
11 0 47 566485 -0.16043663 -0.03068876  0.98878026
11 0 47 614659 -0.15928936 -0.02899647  0.98978734
11 0 47 666406 -0.15945816 -0.0314579   0.9888072 
11 0 47 714418 -0.16093636 -0.03007078  0.98809552
11 0 47 771966 -0.16014171 -0.03223014  0.98918414
11 0 47 814783 -0.16128969 -0.03103518  0.99073911
11 0 47 863738 -0.16373754 -0.03059006  0.98581862
11 0 47 916294 -0.16057205 -0.03117704  0.98653054
11 0 47 965028 -0.16445589 -0.03018618  0.98827195
11 0 48 31617 -0.164083   -0.03060818  0.98874807
11 0 48 86178 -0.16367126 -0.02989793  0.98907924
11 0 48 134204 -0.16359472 -0.03008175  0.9873178 
11 0 48 183193 -0.16541576 -0.02977347  0.98727965
11 0 48 237605 -0.16025257 -0.0301187   0.98706746
11 0 48 279222 -0.16141605 -0.02896905  0.9893806 
11 0 48 332770 -0.16100979 -0.02991867  0.98764801
11 0 48 371255 -0.16389132 -0.02824163  0.98513603
11 0 48 415998 -0.16207027 -0.02944875  0.98619628
11 0 48 465554 -0.16328216 -0.02803302  0.98730755
11 0 48 516277 -0.16110802 -0.03028536  0.98640227
11 0 48 566440 -0.16140389 -0.02977753  0.98705006
11 0 48 617098 -0.15996909 -0.03174901  0.98528814
11 0 48 665702 -0.1617856  -0.02976608  0.98510408
11 0 48 717697 -0.16038036 -0.02779889  0.98727798
11 0 48 769641 -0.16250277 -0.02553773  0.99079394
11 0 48 814327 -0.1610353  -0.02940989  0.98680377
11 0 48 865487 -0.16195154 -0.02495217  0.98856354
11 0 48 915269 -0.16080356 -0.02790022  0.98777366
11 0 48 966106 -0.16280031 -0.02700496  0.98834014
11 0 49 15501 -0.1628859  -0.02685189  0.98995566
11 0 49 68267 -0.16415262 -0.02740145  0.98719001
11 0 49 116119 -0.16170287 -0.02711201  0.98369932
11 0 49 165113 -0.16176271 -0.025877    0.9872067 
11 0 49 220959 -0.16266465 -0.02541614  0.98885441
11 0 49 267499 -0.16477132 -0.02619195  0.98994732
11 0 49 318011 -0.16338897 -0.0287528   0.98982215
11 0 49 367093 -0.16497111 -0.02737474  0.9881258 
11 0 49 416075 -0.16428328 -0.02833271  0.99064541
11 0 49 466504 -0.16234708 -0.02756572  0.98441744
11 0 49 515053 -0.16157675 -0.02961469  0.98814368
11 0 49 567019 -0.16085911 -0.02993655  0.9871273 
11 0 49 615637 -0.16141081 -0.02977252  0.98785615
11 0 49 665419 -0.16500092 -0.0291748   0.99035478
11 0 49 716468 -0.16344142 -0.03013706  0.99033213
11 0 49 768253 -0.16451621 -0.0316143   0.99067903
11 0 49 819253 -0.16253853 -0.03102875  0.99146509
11 0 49 865764 -0.1657207  -0.02892041  0.9886694 
11 0 49 918219 -0.16339302 -0.02882338  0.98969722
11 0 49 971632 -0.16356182 -0.02904582  0.98892498
11 0 50 14347 -0.16217351 -0.02927732  0.99145484
11 0 50 72958 -0.1599021  -0.02740049  0.99028873
11 0 50 114712 -0.16192389 -0.02809644  0.98834801
11 0 50 166496 -0.16122699 -0.03056312  0.98916459
11 0 50 242299 -0.16036105 -0.02812767  0.98775411
11 0 50 281332 -0.16012716 -0.02825665  0.99007177
11 0 50 336375 -0.16317439 -0.02692223  0.98847389
11 0 50 381242 -0.15680718 -0.02820754  0.98654366
11 0 50 417773 -0.15915704 -0.02879763  0.98768926
11 0 50 467213 -0.16074967 -0.02746868  0.98915911
11 0 50 517842 -0.16043425 -0.02464676  0.98886251
11 0 50 566380 -0.16009188 -0.02639747  0.98655391
11 0 50 615375 -0.16142559 -0.02440166  0.98821688
11 0 50 666030 -0.16102242 -0.02565503  0.98989415
11 0 50 714203 -0.16324878 -0.02625275  0.98777962
11 0 50 772303 -0.15869713 -0.02615714  0.98918653
11 0 50 814956 -0.16284347 -0.02424073  0.9893837 
11 0 50 864155 -0.16049671 -0.02325368  0.98736548
11 0 50 916106 -0.16358662 -0.02580452  0.98958349
11 0 50 988343 -0.15977716 -0.02588773  0.98926473
11 0 51 39148 -0.16624045 -0.0243187   0.99095416
11 0 51 83542 -0.16112494 -0.02348566  0.99153805
11 0 51 140445 -0.16210961 -0.02600479  0.9903574 
11 0 51 191854 -0.16334081 -0.02530026  0.98921561
11 0 51 245369 -0.16296148 -0.02642798  0.98622704
11 0 51 292262 -0.16407847 -0.02528477  0.99112725
11 0 51 333018 -0.16357517 -0.02730942  0.98748064
11 0 51 381956 -0.16354012 -0.02742767  0.98910141
11 0 51 433252 -0.1614933  -0.03036451  0.99050331
11 0 51 482664 -0.16416526 -0.02875018  0.98657513
11 0 51 535176 -0.16057372 -0.02903342  0.99003863
11 0 51 595998 -0.16236019 -0.02961993  0.98915911
11 0 51 637640 -0.16279054 -0.02870655  0.98767567
11 0 51 692620 -0.16122603 -0.02978587  0.98846483
11 0 51 745372 -0.16423392 -0.02984262  0.98428702
11 0 51 794689 -0.16045117 -0.02980924  0.98549795
11 0 51 836765 -0.16281533 -0.02829671  0.98796248
11 0 51 882168 -0.16106939 -0.03124928  0.98539662
11 0 51 935124 -0.16151834 -0.02754211  0.98525929
11 0 51 981113 -0.16506457 -0.02997541  0.98816752
11 0 52 36360 -0.16536522 -0.02926016  0.98849273
11 0 52 81052 0.01498532 1.73426032 1.62884736
11 0 52 135834 -0.16387725  0.01550293 -0.87114978
11 0 52 183607 -0.16262221 -0.02806258  0.99006963
11 0 52 235678  0.01498389 -1.84386826 -0.30862665
11 0 52 287408 -0.16438818 -0.02741623  0.9844048 
11 0 52 344883 -0.16332865 -0.02924871  0.99294019
11 0 52 389418  1.83282447 -1.28027368 -0.88311768
11 0 52 431675 -0.15977955 -0.0220437   0.99309134
11 0 52 466981 -0.16062236 -0.02482176  0.99027467
11 0 52 514935 -0.16149116 -0.0224719   0.98991942
11 0 52 566053 -0.1590786  -0.02509546  0.98831153
11 0 52 615381 -0.16085792 -0.02269053  0.98936009
11 0 52 664188 -0.15996242 -0.02388597  0.98951626
11 0 52 732483 -0.1606822  -0.02236438  0.99154496
11 0 52 789640 -0.15804219 -0.02393579  0.98858643
11 0 52 838822 -0.16166377 -0.02007294  0.99252701
11 0 52 878067 -0.16369653 -0.02456069  0.98966312
11 0 52 918214 -0.16466641 -0.02324224  0.98894358
11 0 52 967826 -0.16161537 -0.02472448  0.98927212
11 0 53 14101 -0.1584208  -0.02456784  0.9890728 
11 0 53 74969 -0.16019797 -0.02463698  0.98724198
11 0 53 110713 -0.16071558 -0.0228765   0.98889399
11 0 53 164298 -0.15921974 -0.02304554  0.9922893 
11 0 53 220567 -0.16203165 -0.02275538  0.98981833
11 0 53 264193 -0.15853858 -0.02466989  0.9899354 
11 0 53 316319 -0.15750194 -0.02448916  0.98904014
11 0 53 366355 -0.16078568 -0.02414584  0.99172831
11 0 53 417294 -0.16033292 -0.02328801  0.99173665
11 0 53 466154 -0.15926194 -0.02421594  0.99020004
11 0 53 518115 -0.16166186 -0.02407217  0.98717499
11 0 53 589418 -0.16113615 -0.02456784  0.98786449
11 0 53 632797 -0.16122246 -0.02344012  0.99191833
11 0 53 666149 -0.15929985 -0.02579832  0.98863006
11 0 53 715566 -0.16002965 -0.0225606   0.98893309
11 0 53 767207 -0.16370249 -0.02545857  0.98696756
11 0 53 815467 -0.16201949 -0.02304316  0.98734331
11 0 53 863947 -0.16266203 -0.02487469  0.98797727
11 0 53 917253 -0.16148901 -0.02569103  0.98724174
11 0 53 966371 -0.16385841 -0.02537727  0.9905858 
11 0 54 16961 -0.16144967 -0.02378273  0.99115324
11 0 54 70908 -0.16101456 -0.02496839  0.99009252
11 0 54 118509 -0.16220617 -0.0260222   0.98921156
11 0 54 166772 -0.16299081 -0.02445221  0.99144959
11 0 54 213570 -0.16202307 -0.02679777  0.99012041
11 0 54 266067 -0.16172671 -0.02361178  0.98776317
11 0 54 314825 -0.15945387 -0.02502799  0.98772335
11 0 54 366420 -0.16037488 -0.02119231  0.98912477
11 0 54 415916 -0.16307306 -0.02264047  0.98825407
11 0 54 465487 -0.16582131 -0.02432537  0.98893642
11 0 54 516538 -0.1615622  -0.02142787  0.98954272
11 0 54 565589 -0.16480398 -0.02399302  0.98821545
11 0 54 617501 -0.16642666 -0.02461362  0.98954439
11 0 54 666313 -0.16203904 -0.02446055  0.98974681
11 0 54 718588 -0.16702366 -0.02475524  0.9903419 
11 0 54 770383 -0.16302228 -0.02027893  0.98830986
11 0 54 815865 -0.16591048 -0.02298236  0.98981953
11 0 54 868015 -0.16609812 -0.0219276   0.98846769
11 0 54 915460 -0.16370726 -0.02135348  0.99087286
11 0 54 967093 -0.16654158 -0.02275562  0.98869753
11 0 55 27446 -0.16599512 -0.02603054  0.99041462
11 0 55 67935 -0.16821098 -0.02113318  0.99396133
11 0 55 116723 -0.16417885 -0.02302384  0.98871469
11 0 55 166249 -0.16443658 -0.02204514  0.98642111
11 0 55 225337 -0.16626692 -0.02308249  0.99173045
11 0 55 266538 -0.16401553 -0.02353573  0.99072909
11 0 55 319584 -0.165061   -0.02334785  0.98696947
11 0 55 367604 -0.16391087 -0.02244616  0.99192524
11 0 55 414026 -0.16551971 -0.02398825  0.98924184
11 0 55 465612 -0.16502953 -0.02172995  0.98682451
11 0 55 514540 -0.16922498 -0.02436209  0.98635793
11 0 55 566637 -0.16891789 -0.02263808  0.98871613
11 0 55 616393 -0.16989756 -0.02645016  0.98870826
11 0 55 664984 -0.16722798 -0.02521801  0.98881173
11 0 55 716960 -0.16731429 -0.0251925   0.98966098
11 0 55 767926 -0.1680274  -0.0219841   0.98794413
11 0 55 821277 -0.16710067 -0.02345109  0.9874115 
11 0 55 867033 -0.16904593 -0.0229702   0.99000001
11 0 55 919713 -0.17012668 -0.02048826  0.99337482
11 0 55 969135 -0.16924691 -0.02286792  0.99040198
11 0 56 14091 -0.1660223  -0.02114463  0.98897171
11 0 56 74031 -0.16931581 -0.02008605  0.99071383
11 0 56 115287 -0.1691587  -0.01754498  0.98884249
11 0 56 166726 -0.17074037 -0.01621079  0.9898119 
11 0 56 215953 -0.16779518 -0.01741099  0.99041581
11 0 56 266553 -0.16657019 -0.01615691  0.99242997
11 0 56 316925 -0.16839743 -0.01684022  0.98992467
11 0 56 365905 -0.16992402 -0.01852584  0.99017787
11 0 56 417842 -0.16781878 -0.01632476  0.98713565
11 0 56 465564 -0.16622949 -0.01301241  0.98923802
11 0 56 517622 -0.16818881 -0.0153985   0.98698568
11 0 56 567243 -0.16804862 -0.01810408  0.98783779
11 0 56 617947 -0.17142177 -0.0169363   0.98876953
11 0 56 683546 -0.16863012 -0.0174408   0.98791933
11 0 56 738923 -0.16672945 -0.01766157  0.98879981
11 0 56 783850 -0.16707206 -0.01952267  0.99111438
11 0 56 841305 -0.17049074 -0.01875353  0.98913145
11 0 56 882313 -0.17046309 -0.01805758  0.99021721
11 0 56 934949 -0.16730309 -0.0202837   0.98854399
11 0 56 965018 -0.16765666 -0.02222228  0.9892602 
11 0 57 16889 -0.16924357 -0.02295184  0.98965144
11 0 57 68989 -0.1687057  -0.0213654   0.98867226
11 0 57 117518 -0.16819596 -0.02382374  0.98675942
11 0 57 169274 -0.16928196 -0.02382135  0.98933554
11 0 57 213639 -0.1644423  -0.02424979  0.99077225
11 0 57 280636 -0.16375875 -0.02387047  0.99108005
11 0 57 318443 -0.1637249  -0.02524638  0.98841596
11 0 57 366213 -0.16334105 -0.02267075  0.99009681
11 0 57 415742 -0.16408062 -0.02540898  0.9876554 
11 0 57 464352 -0.16457057 -0.02295232  0.99105787
11 0 57 517716 -0.16268086 -0.02315235  0.98798537
11 0 57 564715 -0.15993905 -0.02442074  0.98857903
11 0 57 616791 -0.16123891 -0.02727938  0.98840213
11 0 57 669610 -0.15878749 -0.02103996  0.9888978 
11 0 57 717533 -0.16342354 -0.0221169   0.98889971
11 0 57 769666 -0.16217113 -0.01960087  0.98586988
11 0 57 814879 -0.15648818 -0.02174568  0.98977375
11 0 57 865186 -0.15906715 -0.01901889  0.98698521
11 0 57 915015 -0.15817761 -0.02138662  0.99068642
11 0 57 966375 -0.15784097 -0.02259445  0.9893136 
11 0 58 15978 -0.16126657 -0.02135205  0.98880935
11 0 58 77137 -0.16018367 -0.01985812  0.98716235
11 0 58 146675 -0.15624356 -0.87508368  1.33198738
11 0 58 165286 -0.16137886 -0.02275729  0.99043608
11 0 58 219183  0.01500678 -1.60946321  0.20700026
11 0 58 267157 -0.15697408 -0.02099609  0.36323071
11 0 58 318332 -0.1607089  -0.02389216  0.98546433
11 0 58 367435 -0.00609326 -0.00024295  0.01554441
11 0 58 415043 -0.16364527 -0.02551579  0.98842525
11 0 58 466173 -0.16052723 -0.02516627  0.98892951
11 0 58 515682 -0.15933037 -0.02449679  0.98978782
11 0 58 566631 -0.16129827 -0.02271891  0.99061084
11 0 58 616515 -0.16180182 -0.02110147  0.98907423
11 0 58 665636 -0.16442847 -0.02114296  0.9896369 
11 0 58 717743 -0.16166806 -0.02212358  0.98775935
11 0 58 768750 -0.16370296 -0.02295136  0.98717856
11 0 58 819980 -0.16576314 -0.02391577  0.98733664
11 0 58 872811 -0.16189718 -0.02492476  0.98879457
11 0 58 918189 -0.16022658 -0.02325678  0.98780489
11 0 58 985912 -0.16031647 -0.01993299  0.9884305 
11 0 59 34967 -0.16102099 -0.02206826  0.98755956
11 0 59 77956 -0.16118193 -0.02336431  0.98489833
11 0 59 111589 -0.16030788 -0.02327323  0.98679161
11 0 59 169480 -0.15781808 -0.02484131  0.98513103
11 0 59 216528 -0.16273379 -0.01941919  0.98701668
11 0 59 264889 -0.16072512 -0.02278924  0.98938155
11 0 59 317040 -0.16093516 -0.01943445  0.98761797
11 0 59 365459 -0.16067839 -0.02491379  0.98857522
11 0 59 417790 -0.15847754 -0.02275419  0.98947096
11 0 59 468304 -0.15809631 -0.02088261  0.98915505
11 0 59 518340 -0.15605426 -0.02439904  0.99098182
11 0 59 569344 -0.15756488 -0.02098083  0.98861885
11 0 59 614515 -0.15879989 -0.02156115  0.98811865
11 0 59 666288 -0.1556735  -0.01989913  0.98890233
11 0 59 716282 -0.15541482 -0.02048397  0.99124575
11 0 59 767869 -0.15575552 -0.02239966  0.99088335
11 0 59 816590 -0.15438175 -0.02321911  0.99088836
11 0 59 864725 -0.15786886 -0.02305412  0.98944902
11 0 59 915353 -0.16063929 -0.02381063  0.99066591
11 0 59 966984 -0.16247463 -0.02003527  0.98716187
11 1 0 18270 -0.16064143 -0.0225265   0.98720121
11 1 0 70835 -0.16155529 -0.02210617  0.99136686
11 1 0 123185 -0.16098356 -0.01946592  0.98798752
11 1 0 169251 -0.15974045 -0.0212307   0.99175715
11 1 0 215218 -0.16015911 -0.02152681  0.98838639
11 1 0 266088 -0.16174245 -0.02251601  0.99251795
11 1 0 315294 -0.1569984  -0.02114367  0.99084496
11 1 0 366959 -0.16109705 -0.02309132  0.99034762
11 1 0 416077 -0.16081357 -0.01911473  0.98917437
11 1 0 465041 -0.16243887 -0.01934958  0.98848057
11 1 0 517265 -0.16164088 -0.02070284  0.9920032 
11 1 0 566819 -0.16449547 -0.01997018  0.99042654
11 1 0 617949 -0.16105509 -0.02079058  0.98982406
11 1 0 667307 -0.16220069 -0.02064896  0.99309349
11 1 0 719373 -0.16118383 -0.02258563  0.98823762
11 1 0 771640 -0.16258788 -0.02054453  0.993047  
11 1 0 814810 -0.16016459 -0.02243662  0.9931612 
11 1 0 866544 -0.16040277 -0.02296567  0.99538922
11 1 0 916613 -0.15912032 -0.02098703  0.99169326
11 1 0 978416 -0.16095376 -0.01923752  0.99087906
11 1 1 38761 -0.16269684 -0.02255106  0.99001098
11 1 1 68498 -0.16129541 -0.01893234  0.99141574
11 1 1 117797 -0.16311979 -0.0218339   0.99300838
11 1 1 171904 -0.16035628 -0.0213995   0.99205828
11 1 1 217890 -0.16013288 -0.01924491  0.99177456
11 1 1 266486 -0.16244674 -0.02186012  0.99378395
11 1 1 318467 -0.16188121 -0.02297163  0.9947989 
11 1 1 366962 -0.16514206 -0.01878405  0.99436021
11 1 1 414537 -0.16339946 -0.02065849  0.99607944
11 1 1 466143 -0.16162896 -0.02112961  0.99443293
11 1 1 515780 -0.16291451 -0.02441525  0.99328399
11 1 1 566922 -0.16407299 -0.02251315  0.99312758
11 1 1 616434 -0.16514802 -0.02569294  0.99096012
11 1 1 664867 -0.16402102 -0.02320361  0.98900652
11 1 1 728330 -0.16411161 -0.02219009  0.99028873
11 1 1 768644 -0.16099095 -0.02531862  0.99008203
11 1 1 820482 -0.162251   -0.02645612  0.99176025
11 1 1 866278 -0.16256881 -0.02696419  0.99335623
11 1 1 921175 -0.16185117 -0.02715516  0.99202275
11 1 1 967690 -0.16295981 -0.02827215  0.99195504
11 1 2 14903 -0.16379309 -0.02540421  0.9921031 
11 1 2 74334 -0.16495872 -0.02578878  0.99180627
11 1 2 111191 -0.16373992 -0.02417707  0.9932735 
11 1 2 168966 -0.16305828 -0.02631211  0.9904747 
11 1 2 215602 -0.16262817 -0.02166486  0.98978853
11 1 2 265673 -0.16388559 -0.02463818  0.99386454
11 1 2 317462 -0.16685867 -0.02754307  0.99301291
11 1 2 365859 -0.16450763 -0.02405524  0.99380565
11 1 2 419896 -0.16565323 -0.02710581  0.99179125
11 1 2 467157 -0.16608787 -0.02867723  0.99147081
11 1 2 519866 -0.17006421 -0.02724171  0.99364948
11 1 2 567593 -0.16945386 -0.02644277  0.99453664
11 1 2 614112 -0.16480923 -0.02624154  0.992239  
11 1 2 665809 -0.16588783 -0.02680373  0.99217129
11 1 2 716658 -0.16673708 -0.0265162   0.99578238
11 1 2 789716 -0.16681552 -0.02330184  0.988801  
11 1 2 816044 -0.16492152 -0.02449083  0.99231982
11 1 2 864817 -0.16642356 -0.02331376  0.99286747
11 1 2 916232 -0.16683483 -0.02370167  0.99291515
11 1 2 966275 -0.16540861 -0.01979637  0.9936552 
11 1 3 41999 -0.16506553 -0.02321696  0.9915266 
11 1 3 70153 -0.16735911 -0.02244782  0.99149251
11 1 3 118437 -0.16643834 -0.02369595  0.99568701
11 1 3 166955 -0.16525173 -0.01866221  0.99348116
11 1 3 214027 -0.16524816 -0.01986241  0.99212384
11 1 3 265215 -0.16650176 -0.02018952  0.99087071
11 1 3 314562 -0.16256475 -0.02189803  0.99165082
11 1 3 366355 -0.16359782 -0.02163982  0.99503732
11 1 3 416191 -0.16821527 -0.01827979  0.99462557
11 1 3 464869 -0.16539454 -0.01862264  0.99438524
11 1 3 516603 -0.16491055 -0.01687551  0.99046898
11 1 3 566065 -0.16392827 -0.01779294  0.98983264
11 1 3 617961 -0.16336012 -0.02012444  0.98977184
11 1 3 666222 -0.1627357  -0.02247119  0.9907093 
11 1 3 717609 -0.15998912 -0.01863527  0.98933673
11 1 3 770117 -0.1617589  -0.02043891  0.98769641
11 1 3 814234 -0.16226149 -0.01801276  0.98602676
11 1 3 865293 -0.16493487 -0.02036929  0.98819733
11 1 3 914276 -0.16018724 -0.01998639  0.98459792
11 1 3 966570 -0.16337895 -0.01856542  0.98595881
11 1 4 17568 -0.16397595 -0.02167487  0.98561692
11 1 4 70221 -0.16491675 -0.02011275  0.9876647 
11 1 4 155290 -0.17183018 -0.17196298 -0.08989525
11 1 4 197708 -0.16015983 -0.02020884  0.98344541
11 1 4 248439  0.01499438  0.01553845 -1.35553336
11 1 4 302665 -0.16027355 -0.02191162 -0.1055274 
11 1 4 355752 -0.16050959 -0.02265787  0.98416471
11 1 4 414845 -0.00342703 -0.0029397   0.01554418
11 1 4 478352 -0.16503739 -0.0346868   0.99396706
11 1 4 527710 -0.16297507 -0.03563142  0.99368906
11 1 4 536441 -0.16245246 -0.03287768  0.99000621
11 1 4 567187 -0.16351676 -0.03438044  0.99052787
11 1 4 616479 -0.16425776 -0.0373323   0.98948026
11 1 4 665259 -0.16397691 -0.03948259  0.98685384
11 1 4 717386 -0.16306138 -0.0383172   0.98744869
11 1 4 769205 -0.161901   -0.0390079   0.98853159
11 1 4 819915 -0.16004729 -0.03713274  0.98877621
11 1 4 866712 -0.16089463 -0.03565049  0.9864552 
11 1 4 918934 -0.15691876 -0.03735447  0.98698401
11 1 4 968762 -0.15786958 -0.03361702  0.98610377
11 1 5 15390 -0.15767479 -0.03321576  0.98578191
11 1 5 74439 -0.15403605 -0.03429723  0.98622608
11 1 5 110931 -0.15431142 -0.03446388  0.9876852 
11 1 5 169756 -0.15582299 -0.03338933  0.98522043
11 1 5 216579 -0.1569798  -0.03330564  0.98636794
11 1 5 265456 -0.15551662 -0.03162813  0.98896003
11 1 5 317838 -0.15644288 -0.03520226  0.98762345
11 1 5 366391 -0.16118526 -0.03496861  0.99179459
11 1 5 417719 -0.15884304 -0.03278637  0.9911015 
11 1 5 467083 -0.1609695  -0.0320816   0.99323606
11 1 5 518130 -0.16118073 -0.03198266  0.99238706
11 1 5 567251 -0.16589618 -0.03010416  0.9929049 
11 1 5 614705 -0.16765881 -0.03122115  0.9943316 
11 1 5 665842 -0.16608429 -0.02985811  0.99142766
11 1 5 715426 -0.16366577 -0.02997255  0.9944973 
11 1 5 767745 -0.16467762 -0.03118753  0.9942174 
11 1 5 816486 -0.16319227 -0.02970791  0.98946691
11 1 5 889471 -0.1631875  -0.02820921  0.98988628
11 1 5 935458 -0.16200376 -0.02675653  0.99028087
11 1 5 966028 -0.16116261 -0.02753568  0.99456   
11 1 6 18157 -0.16459823 -0.02689624  0.99028921
11 1 6 69827 -0.16197324 -0.02687025  0.99015808
11 1 6 119148 -0.16487432 -0.02523637  0.98949718
11 1 6 168343 -0.16454077 -0.02999163  0.98988724
11 1 6 215664 -0.16334462 -0.0275445   0.99068236
11 1 6 265776 -0.1603272  -0.02806282  0.99015307
11 1 6 316036 -0.16119385 -0.02913713  0.99176764
11 1 6 371689 -0.16329074 -0.02825212  0.98890948
11 1 6 416506 -0.15978289 -0.0233283   0.99149942
11 1 6 468521 -0.16115141 -0.02753568  0.98992968
11 1 6 516994 -0.16043591 -0.02544475  0.98728895
11 1 6 566158 -0.15926123 -0.0257318   0.99023485
11 1 6 617806 -0.16042638 -0.02500319  0.98992205
11 1 6 668344 -0.1622684  -0.02585101  0.99229932
11 1 6 718255 -0.16022825 -0.02675176  0.99309278
11 1 6 770208 -0.16245508 -0.02821064  0.99213219
11 1 6 814488 -0.16323113 -0.02686238  0.99372506
11 1 6 867788 -0.16306567 -0.02707314  0.99344492
11 1 6 915546 -0.16502094 -0.02712488  0.99353886
11 1 6 966631 -0.16698527 -0.02843189  0.99310064
11 1 7 17602 -0.1656363  -0.02996206  0.99224925
11 1 7 68427 -0.16673946 -0.02652955  0.99346662
11 1 7 116850 -0.16691947 -0.02527881  0.98981333
11 1 7 166100 -0.1670506  -0.02622437  0.9906857 
11 1 7 217657 -0.16446686 -0.02706432  0.98996735
11 1 7 266138 -0.16599274 -0.02443767  0.99437213
11 1 7 319568 -0.16687131 -0.02360463  0.99268627
11 1 7 369563 -0.16343427 -0.02400851  0.98820877
11 1 7 416764 -0.16474295 -0.0241046   0.99374676
11 1 7 466104 -0.1662333  -0.02381992  0.99154449
11 1 7 515724 -0.16435838 -0.02444601  0.9960742 
11 1 7 569186 -0.16587853 -0.02483821  0.99242115
11 1 7 616256 -0.16492367 -0.02338505  0.99171162
11 1 7 666328 -0.16782618 -0.0274024   0.99243522
11 1 7 716943 -0.16281271 -0.02507877  0.99291325
11 1 7 768614 -0.16366959 -0.02528     0.99404502
11 1 7 819916 -0.16159606 -0.02332211  0.99400377
11 1 7 868359 -0.16242075 -0.02355266  0.99090099
11 1 7 919335 -0.16338348 -0.02330017  0.99301934
11 1 7 968307 -0.16503811 -0.02685928  0.98907948
11 1 8 14022 -0.164294   -0.02551937  0.98925042
11 1 8 108593 -0.16164231 -0.02864504  0.98902106
11 1 8 161653 -0.16101956 -0.02580667  0.99071503
11 1 8 212367 -0.16262579 -0.02539706  0.99186945
11 1 8 265756 -0.1609199  -0.02894187  0.9899044 
11 1 8 317238 -0.16014743 -0.02575636  0.98900223
11 1 8 369150 -0.16610289 -0.02821946  0.98883486
11 1 8 419863 -0.16035438 -0.02487135  0.99170971
11 1 8 469324 -0.16516209 -0.02883077  0.98888326
11 1 8 519601 -0.16171122 -0.02647901  0.99119115
11 1 8 573866 -0.15976977 -0.02658582  0.99258089
11 1 8 644706 -0.15983701 -0.02887344  0.99042892
11 1 8 694971 -0.15816998 -0.03179622  0.98881125
11 1 8 743221 -0.15817952 -0.03087139  0.98754811
11 1 8 769707 -0.1573112  -0.03227472  0.99031162
11 1 8 779767 -0.15658975 -0.03220057  0.99101973
11 1 8 816914 -0.15965533 -0.02995849  0.98727655
11 1 8 864213 -0.15586352 -0.03036785  0.98613763
11 1 8 916963 -0.15776134 -0.03134513  0.98475623
11 1 8 965218 -0.15703082 -0.03043795  0.98766136
11 1 9 17310 -0.15944672 -0.03047776  0.99031448
11 1 9 69481 -0.15911365 -0.02883172  0.9894197 
11 1 9 118115 -0.15980506 -0.02706575  0.98974085
11 1 9 167077 -0.15824318 -0.02659369  0.98796606
11 1 9 214061 -0.15728903 -0.02627563  0.98811507
11 1 9 267122 -0.1575985  -0.02490807  0.98725843
11 1 9 314761 -0.16031885 -0.02804804  0.98630309
11 1 9 366116 -0.15830159 -0.02860308  0.98974848
11 1 9 416075 -0.15789342 -0.02457333  0.98785472
11 1 9 465257 -0.16069508 -0.02761912  0.98924088
11 1 9 518124 -0.15669775 -0.02917576  0.98722839
11 1 9 565842 -0.15613461 -0.0283258   0.98867655
11 1 9 617898 -0.15445304 -0.02719378  0.98604727
11 1 9 666790 -0.15646243 -0.02882051  0.98225045
11 1 9 719039 -0.15797615 -0.02963829  0.98396921
11 1 9 771554 -0.15519977 -0.02723742  0.98497629
11 1 9 816906 -0.15718555 -0.02743077  0.98519468
11 1 9 868664 -0.15500832 -0.02963233  0.98564339
11 1 9 916138 -0.15561795 -0.03000021  0.98471498
11 1 9 967054 -0.1563406  -0.02780676  0.98522043
11 1 10 16444 -0.15393138 -0.02999806  0.98416543
11 1 10 67828 -0.15371728 -0.02636743  0.98821354
11 1 10 117695 -0.1545682  -0.02771425  0.98978186
11 1 10 167992 -0.1557374  -0.03261423  0.98439622
11 1 10 257155 -0.15400314 -0.03056884  0.98970819
11 1 10 312187 -0.15693402 -0.03303218  0.98826051
11 1 10 358412 -0.15711713 -0.03056526  0.98601604
11 1 10 407178 -0.15344977 -0.03159785  0.98720407
11 1 10 454529 -0.15276551 -0.03415084  0.9880116 
11 1 10 506713 -0.15679336 -0.03407598  0.98459029
11 1 10 552632 -0.15607929 -0.03305316  0.98579836
11 1 10 597090  0.01501632 -1.65638995  1.30072999
11 1 10 641069 -0.15471077 -0.03514624  0.98956823
11 1 10 699214 -0.15430951 -0.03203607  0.98567963
11 1 10 752129 0.01501894 1.99987245 1.51947331
11 1 10 808226 -0.15773106 -0.03462267  0.98812151
11 1 10 866555 -0.15266871 -0.03593254  0.98359752
11 1 10 927096 -0.16964507 -0.00461721  0.99816561
11 1 10 982641 -0.16993856 -0.00295353  0.99692011
11 1 11 41295 -0.17117214 -0.00171471  0.99838519
11 1 11 89691 -0.17407632 -0.0039494   1.00085235
11 1 11 139393 -1.72406197e-01  9.84668732e-04  1.00529170e+00
11 1 11 199157 -1.71961308e-01 -1.78098679e-04  1.00377870e+00
11 1 11 249415 -0.17187548 -0.00164104  1.00104904
11 1 11 297733 -1.74133778e-01  1.85966492e-05  1.00208855e+00
11 1 11 345753 -1.71278954e-01 -2.53200531e-04  1.00169921e+00
11 1 11 391118 -0.16976595 -0.00378823  0.99776626
11 1 11 439150 -0.17281413 -0.00107813  1.00128746
11 1 11 486702 -0.16890693 -0.00652456  0.99884081
11 1 11 532472 -0.1692059  -0.00829625  0.99608636
11 1 11 583911 -0.16962385 -0.00853419  0.99424934
11 1 11 624934 -0.17145514 -0.01262045  0.99302745
11 1 11 663942 -0.16907358 -0.01521897  0.99566054
11 1 11 705314 -0.16705704 -0.01776552  0.99176073
11 1 11 757547 -0.16802979 -0.02441025  0.99318743
11 1 11 801852 -0.16605806 -0.02750254  0.9869554 
11 1 11 852711 -0.16533852 -0.02716112  0.98898911
11 1 11 904677 -0.1605258  -0.03028059  0.98560429
11 1 11 948775 -0.15860081 -0.03320146  0.98401046
11 1 11 991584 -0.15495706 -0.03379917  0.98297334
11 1 12 42354 -0.15388751 -0.04025888  0.98088193
11 1 12 70560 -0.15382028 -0.04224181  0.98048711
11 1 12 118389 -0.15230799 -0.043607    0.97817183
11 1 12 167100 -0.14769506 -0.04795504  0.97832346
11 1 12 215632 -0.15020657 -0.05332446  0.9770155 
11 1 12 266583 -0.15142775 -0.05479074  0.97595668
11 1 12 316013 -0.15223408 -0.0560081   0.97693038
11 1 12 368697 -0.15135264 -0.0612278   0.97643042
11 1 12 417184 -0.15385079 -0.06104422  0.97724819
11 1 12 465604 -0.15529728 -0.06508088  0.97702146
11 1 12 517309 -0.1524415  -0.06416321  0.98223567
11 1 12 573797 -0.14859557 -0.06431055  0.97966552
11 1 12 629932 -0.14811611 -0.0655489   0.97957802
11 1 12 668348 -0.1522038  -0.06127739  0.98267984
11 1 12 730172 -0.14864659 -0.06062841  0.98346186
11 1 12 797453 -0.15048242 -0.06067252  0.98193288
11 1 12 842043 -0.147223   -0.05653572  0.98370147
11 1 12 883038 -0.14937758 -0.0536685   0.98167872
11 1 12 934974 -0.14899254 -0.05047321  0.98291111
11 1 12 981090 -0.15495491 -0.04573011  0.9852941 
11 1 13 34340 -0.15461588 -0.04629016  0.9876411 
11 1 13 85676 -0.15564394 -0.0433526   0.98919916
11 1 13 136520 -0.15795827 -0.03825045  0.98654485
11 1 13 185915 -0.1615417  -0.03637481  0.98684001
11 1 13 246346 -0.16206002 -0.03126502  0.98627806
11 1 13 287284 -0.16266465 -0.02654672  0.98633623
11 1 13 322433 -0.16565037 -0.02116036  0.98842835
11 1 13 367523 -0.16894722 -0.01820302  0.98690367
11 1 13 415474 -0.16752267 -0.01758528  0.98889756
11 1 13 466483 -0.17115092 -0.00964904  0.99029756
11 1 13 515124 -0.17003608 -0.01111221  0.98937917
11 1 13 566546 -0.16847467 -0.00809836  0.99227476
11 1 13 616103 -0.16739154 -0.00682497  0.99465108
11 1 13 664977 -0.16728592 -0.00396585  0.99395847
11 1 13 718894 -1.67847633e-01 -7.34329224e-04  9.94309664e-01
11 1 13 768828 -0.16569066 -0.00166917  0.99647141
11 1 13 819621 -1.63575172e-01  3.47614288e-04  9.98861790e-01
11 1 13 867484 -1.64125443e-01 -2.91824341e-04  9.99373913e-01
11 1 13 920242 -0.16080165  0.00144815  1.00194788
11 1 13 969112 -1.60000324e-01 -7.09295273e-04  1.00573635e+00
11 1 14 35654 -0.16710091 -0.00114536  1.00290322
11 1 14 97053 -1.64963722e-01  5.12599945e-05  1.00070691e+00
11 1 14 135949 -1.62945032e-01 -5.45024872e-04  1.00004244e+00
11 1 14 181382 -0.16110396 -0.00131941  1.00046539
11 1 14 238433 -0.1611445  -0.00356364  1.00188756
11 1 14 286427 -0.16593385 -0.00274634  0.99676919
11 1 14 339107 -0.16586089 -0.00788283  0.99915743
11 1 14 389940 -0.16249824 -0.01137543  0.99880934
11 1 14 438296 -0.1593523  -0.01571703  0.99789834
11 1 14 491606 -0.16352224 -0.0180068   0.99324465
11 1 14 518954 -0.16136909 -0.01906395  0.98900294
11 1 14 568171 -0.1622169  -0.02263141  0.98921537
11 1 14 614114 -0.1616447  -0.02736187  0.9900105 
11 1 14 666281 -0.15907192 -0.03083706  0.98763895
11 1 14 716521 -0.15712094 -0.03312683  0.98029637
11 1 14 768291 -0.15563869 -0.03766203  0.97980452
11 1 14 816362 -0.15748501 -0.04008746  0.98109484
11 1 14 865935 -0.15692401 -0.04268003  0.97794127
11 1 14 917698 -0.15318847 -0.04633379  0.97892308
11 1 14 965557 -0.15194798 -0.04768395  0.97640061
11 1 15 21949 -0.14934635 -0.05298734  0.9797039 
11 1 15 69774 -0.1542995  -0.05097604  0.98079348
11 1 15 120175 -0.15148973 -0.05207562  0.97889972
11 1 15 168301 -0.15293026 -0.05739403  0.9792738 
11 1 15 247236 -0.15274668 -0.05933142  0.97799921
11 1 15 287140 -0.15600228 -0.06314206  0.9782424 
11 1 15 319445 -0.15434933 -0.06199741  0.98387718
11 1 15 369173 -0.15556264 -0.06183839  0.98222065
11 1 15 416030 -0.15475202 -0.06030273  0.98242998
11 1 15 465674 -0.15783143 -0.06014419  0.98166633
11 1 15 517978 -0.15891957 -0.06197977  0.9849031 
11 1 15 566081 -0.15391922 -0.05529618  0.98639369
11 1 15 625422 -0.15400624 -0.05381155  0.98656106
11 1 15 668524 -0.15334582 -0.05252218  0.9881568 
11 1 15 719444 -0.15439296 -0.05110812  0.98298883
11 1 15 771492 -0.15049243 -0.04702854  0.9880209 
11 1 15 814583 -0.15149403 -0.04191303  0.99108005
11 1 15 866164 -0.14826131 -0.03537965  0.98853517
11 1 15 915919 -0.15216064 -0.03551126  0.98568916
11 1 15 966897 -0.15176558 -0.02808309  0.98519492
11 1 16 15648 -0.15177488 -0.02702141  0.98388553
11 1 16 67537 -0.15443945 -0.0252316   0.99118519
11 1 16 116555 -0.15834117 -0.02318478  0.99228358
11 1 16 166038 -0.15598512 -0.01973653  0.98657346
11 1 16 218193 -0.15696144 -0.01462007  0.98713183
11 1 16 267498 -0.15935183 -0.01221824  0.98816657
11 1 16 322040 -0.16041422 -0.01116753  0.99477148
11 1 16 367773 -0.16119409 -0.00893354  0.99470091
11 1 16 414523 -0.15778112 -0.00622153  0.99367261
11 1 16 467947 -0.15712643 -0.0025034   0.99437928
11 1 16 515989 -0.1600678  -0.00698352  0.99421501
11 1 16 568329 -0.17182755 -0.20312667  1.70701122
11 1 16 616949 -0.16160059 -0.00183558  0.99676895
11 1 16 668289  0.01500869  0.48436928 -0.27735138
11 1 16 717365 -0.15699649  0.         -1.21484971
11 1 16 769080 -1.57919884e-01 -7.35044479e-04  1.00040245e+00
11 1 16 820158 0.00111914 0.00249386 0.01554465
11 1 16 867663 -0.16195345 -0.02491069  0.98692489
11 1 16 919750 -0.15974784 -0.02640915  0.98953485
11 1 16 967781 -0.16198683 -0.02634883  0.99021649
11 1 17 14835 -0.16117978 -0.02461553  0.99060059
11 1 17 77032 -0.16353559 -0.02113152  0.99067402
11 1 17 112532 -0.1613121  -0.02605224  0.99162817
11 1 17 165254 -0.16191554 -0.02570105  0.98867035
11 1 17 228099 -0.15762067 -0.02558708  0.98804522
11 1 17 288423 -0.16151285 -0.02412581  0.98699164
11 1 17 346737 -0.16293335 -0.02540064  0.98838425
11 1 17 392209 -0.16170526 -0.02542353  0.98835278
11 1 17 440412 -0.1598506  -0.02637839  0.99071002
11 1 17 467182 -0.15930057 -0.02722454  0.98617864
11 1 17 518801 -0.15870476 -0.02564788  0.98920774
11 1 17 567573 -0.16220856 -0.02537584  0.98646307
11 1 17 614574 -0.16003799 -0.02236819  0.99087811
11 1 17 666027 -0.16098785 -0.02540231  0.99037457
11 1 17 715832 -0.15949821 -0.02396822  0.99027848
11 1 17 767847 -0.15694046 -0.02302527  0.98643112
11 1 17 815213 -0.16009092 -0.02757335  0.99070072
11 1 17 864911 -0.15882874 -0.02697802  0.98704219
11 1 17 918191 -0.1574614  -0.02739263  0.98919392
11 1 17 967078 -0.15919137 -0.02751637  0.98813462
11 1 18 18056 -0.15725136 -0.02479959  0.98934388
11 1 18 69559 -0.16025519 -0.02471542  0.98839617
11 1 18 117712 -0.16102433 -0.02393508  0.98913383
11 1 18 168406 -0.16008663 -0.02515602  0.98800945
11 1 18 215849 -0.16129756 -0.0266366   0.98983264
11 1 18 266490 -0.16057634 -0.02866626  0.99176073
11 1 18 315846 -0.16199851 -0.02891922  0.99052238
11 1 18 367334 -0.15967321 -0.02733707  0.9898777 
11 1 18 415571 -0.16013813 -0.02253461  0.98829412
11 1 18 464736 -0.16232896 -0.02569413  0.98775816
11 1 18 519464 -0.16110468 -0.0258286   0.98700976
11 1 18 565948 -0.15654993 -0.0261066   0.99052119
11 1 18 618943 -0.15937257 -0.02518439  0.99211025
11 1 18 667509 -0.16034079 -0.02421713  0.99171424
11 1 18 722157 -0.15740037 -0.02718496  0.98990107
11 1 18 770493 -0.15932131 -0.02138209  0.99065161
11 1 18 816124 -0.16180253 -0.023103    0.98873687
11 1 18 866301 -0.16098809 -0.02584934  0.98874331
11 1 18 925983 -0.15791631 -0.02259398  0.99002457
11 1 18 967140 -0.16120291 -0.02288604  0.99172902
11 1 19 17384 -0.16204405 -0.02369881  0.99240398
11 1 19 68639 -0.15996671 -0.02315259  0.99143791
11 1 19 117919 -0.16104674 -0.02753186  0.99228263
11 1 19 165122 -0.15989828 -0.02370739  0.98638105
11 1 19 217843 -0.16084576 -0.02854395  0.9899416 
11 1 19 265951 -0.16047192 -0.02392077  0.99113178
11 1 19 318551 -0.16056776 -0.0243156   0.99169254
11 1 19 368089 -0.15966582 -0.0233171   0.98828316
11 1 19 414986 -0.1619215  -0.02216268  0.99019933
11 1 19 479137 -0.1617415  -0.01965046  0.98957348
11 1 19 525513 -0.16445994 -0.02233124  0.99326468
11 1 19 566394 -0.16295195 -0.02213526  0.98896575
11 1 19 615245 -0.16344976 -0.02141476  0.99181342
11 1 19 665851 -0.16242146 -0.02177215  0.99452996
11 1 19 739104 -0.1593883  -0.02374864  0.99177599
11 1 19 797107 -0.16397309 -0.02453613  0.99066281
11 1 19 840664 -0.16350865 -0.02521634  0.99074292
11 1 19 887069 -0.16340065 -0.02375531  0.99134183
11 1 19 936874 -0.16300106 -0.02510738  0.99105382
11 1 19 987757 -0.16049147 -0.02323461  0.98904943
11 1 20 34046 -0.16481447 -0.02696276  0.99068856
11 1 20 97168 -0.16159463 -0.02488089  0.99175262
11 1 20 133373 -0.1617856  -0.02468824  0.98808599
11 1 20 183060 -0.1625514  -0.02535963  0.99070668
11 1 20 243343 -0.1616528  -0.0227077   0.98998308
11 1 20 293210 -0.15953207 -0.02056813  0.99050975
11 1 20 325236 -0.16136122 -0.02635384  0.99203849
11 1 20 365378 -0.15865111 -0.02362299  0.98838711
11 1 20 417669 -0.16272378 -0.02366281  0.9891789 
11 1 20 466999 -0.15914989 -0.02689743  0.98861957
11 1 20 518776 -0.16012049 -0.0253787   0.99123621
11 1 20 568095 -0.15968347 -0.02251291  0.98810124
11 1 20 616092 -0.15901589 -0.02415562  0.99254894
11 1 20 667315 -0.15897226 -0.02377558  0.99141788
11 1 20 715850 -0.15981364 -0.02542281  0.98894   
11 1 20 773884 -0.16251421 -0.02522278  0.99116683
11 1 20 826742 -0.16047311 -0.02642035  0.99234843
11 1 20 887893 -0.15783048 -0.02564931  0.98816299
11 1 20 943174 -0.15833902 -0.02600455  0.99011564
11 1 20 985717 -0.16103029 -0.0221405   0.98979902
11 1 21 18575 -0.15897846 -0.02518916  0.98649597
11 1 21 70454 -0.15953255 -0.02477503  0.99292994
11 1 21 119543 -0.15931034 -0.02215409  0.9896071 
11 1 21 172250 -0.16123343 -0.02497625  0.9918828 
11 1 21 214355 -0.16144896 -0.0244112   0.98952556
11 1 21 266368 -0.1609683  -0.02513719  0.98600054
11 1 21 315683 -0.15924573 -0.02427125  0.98889065
11 1 21 366577 -0.16390204 -0.02483273  0.98630571
11 1 21 416039 -0.1616044  -0.02411723  0.99235654
11 1 21 465623 -0.16108918 -0.02690554  0.98770404
11 1 21 516638 -0.16017365 -0.02381492  0.98808002
11 1 21 565758 -0.15929151 -0.02445388  0.98922896
11 1 21 620167 -0.15916944 -0.02764058  0.99011707
11 1 21 670505 -0.16041493 -0.0229888   0.98846006
11 1 21 728319 -0.16136575 -0.02410078  0.98915195
11 1 21 770562 -0.15855002 -0.02771902  0.99069285
11 1 21 814593 -0.1628623  -0.02484179  0.99084306
11 1 21 865500 -0.15912414 -0.02289701  0.98906255
11 1 21 914673 -0.15872383 -0.02619028  0.99065924
11 1 21 966548 -0.15900016 -0.02442789  0.98711419
11 1 22 16762 -0.15787005 -0.02376103  0.99001575
11 1 22 67914 -0.15799546 -0.02434707  0.98928761
11 1 22 117143 -0.15913892 -0.02323174  0.98896503
11 1 22 165909 -0.16039085 -0.02327347  0.99095201
11 1 22 218673 -0.16105533 -0.02157092  0.98832035
11 1 22 266425 -0.15997696 -0.02557611  0.98924923
11 1 22 333659 -0.15958929 -0.02398515  0.98873591
11 1 22 367956 -0.15934491 -0.02209926  0.98852134
11 1 22 414280 -0.15999341 -0.02246928  0.99085855
11 1 22 466363 -0.16005898 -0.02112556  0.98941922
11 1 22 515352 -0.16028762 -0.02088094  0.98942018
11 1 22 567971 -0.17184234 -0.78134537 -0.26177788
11 1 22 616552 -0.16082883 -0.0222702   0.9854722 
11 1 22 664792  0.01499724 -0.01571012  0.55074239
11 1 22 717748 -0.16090155 -0.02502441 -1.07427478
11 1 22 770836 -0.16234827 -0.02510643  0.99011588
11 1 22 820287  0.00102615 -0.00313568  0.01554871
11 1 22 868179 -0.15495801 -0.02427602  0.98640871
11 1 22 919031 -0.1555059  -0.026438    0.98727918
11 1 22 968320 -0.15809655 -0.02600861  0.98967624
11 1 23 14816 -0.15775394 -0.02462578  0.99097276
11 1 23 74950 -0.15499067 -0.02482033  0.99178648
11 1 23 111851 -0.15680814 -0.02424097  0.99154043
11 1 23 169852 -0.15770555 -0.02313685  0.99254775
11 1 23 216732 -0.15822268 -0.02630734  0.99269795
11 1 23 266138 -0.15850163 -0.02436113  0.99171567
11 1 23 317678 -0.16063356 -0.02295375  0.99179673
11 1 23 366277 -0.15711856 -0.02254605  0.99192166
11 1 23 417952 -0.16319489 -0.02279782  0.99324656
11 1 23 467776 -0.16190982 -0.01952982  0.99210787
11 1 23 518951 -0.16088557 -0.02066851  0.99057698
11 1 23 568326 -0.16285157 -0.02118182  0.98947167
11 1 23 615166 -0.16459084 -0.02138424  0.98948431
11 1 23 680742 -0.16004729 -0.0219903   0.99166322
11 1 23 715879 -0.16499376 -0.02219248  0.99154925
11 1 23 767884 -0.16696596 -0.02055335  0.98867774
11 1 23 816111 -0.1668613  -0.0208652   0.99116182
11 1 23 865253 -0.16637397 -0.02323818  0.9919548 
11 1 23 917765 -0.16762781 -0.02285981  0.9915309 
11 1 23 967383 -0.16718292 -0.02137327  0.99312663
11 1 24 17592 -0.16568136 -0.02293277  0.99407125
11 1 24 68893 -0.16202307 -0.02175474  0.98860812
11 1 24 117965 -0.16204095 -0.02359915  0.98817897
11 1 24 167884 -0.15918446 -0.02576518  0.98743272
11 1 24 215863 -0.15788436 -0.02182817  0.98753881
11 1 24 266335 -0.15918493 -0.02212095  0.9860816 
11 1 24 316436 -0.15884352 -0.0254395   0.98876381
11 1 24 367162 -0.15790296 -0.02274108  0.98926234
11 1 24 416302 -0.15580368 -0.0259397   0.98903394
11 1 24 467534 -0.15723181 -0.02342606  0.98843884
11 1 24 520594 -0.1526556  -0.02609825  0.9857049 
11 1 24 565882 -0.1549964  -0.02802777  0.98772931
11 1 24 618574 -0.15401936 -0.02773261  0.98686719
11 1 24 669141 -0.15564179 -0.02832913  0.9849205 
11 1 24 720335 -0.15385437 -0.02710652  0.98633432
11 1 24 774256 -0.15774751 -0.02649498  0.98904657
11 1 24 817786 -0.15284681 -0.02581811  0.98985195
11 1 24 868617 -0.15508938 -0.0275588   0.99182081
11 1 24 915211 -0.1562438  -0.02323818  0.98416781
11 1 24 966631 -0.1566987  -0.02828455  0.9870038 
11 1 25 16739 -0.15565944 -0.02790618  0.98604941
11 1 25 69124 -0.15573525 -0.02620149  0.98584652
11 1 25 117666 -0.1570735  -0.02505088  0.98539448
11 1 25 165948 -0.15842175 -0.02270675  0.99175882
11 1 25 217433 -0.15902567 -0.02810717  0.9869132 
11 1 25 267102 -0.16091442 -0.0276854   0.9866209 
11 1 25 333742 -0.15974307 -0.02858329  0.98802733
11 1 25 375012 -0.16082263 -0.02546954  0.98807144
11 1 25 415635 -0.16020107 -0.02586794  0.98990393
11 1 25 465958 -0.1624155  -0.02561402  0.98831844
11 1 25 515438 -0.16256309 -0.02590036  0.990098  
11 1 25 567356 -0.16403651 -0.02547956  0.98769498
11 1 25 616540 -0.15947747 -0.02499914  0.99068356
11 1 25 665936 -0.16003847 -0.0262115   0.99059463
