10 44 1 391626 -0.08513069 -0.17251778  0.97450066
10 44 1 397594 -0.06931496 -0.0420208   1.00426102
10 44 1 445514 -0.06000137 -0.03296661  0.99974442
10 44 1 496173 -0.05001068 -0.12018394  0.98941231
10 44 1 545151 -0.06002045 -0.15223122  1.00345802
10 44 1 592194 -0.0796299  -0.14387894  0.9922657 
10 44 1 643689 -0.08659172 -0.02772522  1.01041222
10 44 1 692761 -0.05018806  0.04100609  1.01250648
10 44 1 744190 -0.04553413 -0.1216259   0.99100304
10 44 1 794799 -0.07842827 -0.25801468  0.9672184 
10 44 1 845199 -0.08889771 -0.13705444  0.99191284
10 44 1 894663 -0.05748558  0.00989532  0.99744415
10 44 1 943600 -0.05482864 -0.06121445  0.98980141
10 44 1 996103 -0.06027794 -0.16374969  0.99331474
10 44 2 53551 -0.07023621 -0.1765728   0.99513435
10 44 2 96624 -0.0840416  -0.07063103  1.00784302
10 44 2 145688 -0.06213188  0.052145    1.00641441
10 44 2 196963 -0.03975105 -0.07034874  0.97800636
10 44 2 244348 -0.06664848 -0.25082397  0.9794178 
10 44 2 292894 -0.09209061 -0.17341423  0.99381065
10 44 2 346191 -0.0710125  -0.01363945  0.9993    
10 44 2 395611 -0.04736519 -0.0220089   0.97798157
10 44 2 445670 -0.04966354 -0.13559151  0.97629166
10 44 2 495314 -0.0770092  -0.18923187  0.99259567
10 44 2 543778 -0.08635139 -0.09774971  1.02296638
10 44 2 595513 -0.05621338  0.02124596  0.99329376
10 44 2 644573 -0.04475594 -0.08252716  0.96531677
10 44 2 696481 -0.06392479 -0.17895317  0.99912643
10 44 2 746862 -0.08646965 -0.14216614  1.02898407
10 44 2 792284 -0.07255554 -0.06918716  0.98985672
10 44 2 844137 -0.05497169 -0.03213882  0.96429062
10 44 2 893316 -0.0523243  -0.07379341  0.97162247
10 44 2 945503 -0.07107925 -0.14506912  1.00987244
10 44 2 994353 -0.08869171 -0.16339493  1.01252174
10 44 3 54793 -0.06878471  0.00441933  1.01380157
10 44 3 91055 -0.04830742  0.03854561  0.98122597
10 44 3 143373 -0.05183411 -0.15790176  0.96708679
10 44 3 195542 -0.08658791 -0.25068665  1.00236511
10 44 3 246796 -0.08471489 -0.1059742   1.00932693
10 44 3 297144 -0.05688858  0.00247192  0.98165131
10 44 3 350312 -0.05221939 -0.07036972  0.96137047
10 44 3 393627 -0.06477356 -0.15312767  0.96820641
10 44 3 444544 -0.08805084 -0.17355156  1.00997925
10 44 3 496058 -0.07699394 -0.05900192  1.02667046
10 44 3 547693 -0.05105972  0.02879715  1.0003109 
10 44 3 595073 -0.04784775 -0.09100533  0.96636772
10 44 3 646412 -0.07812119 -0.21148682  0.99242973
10 44 3 695268 -0.08409691 -0.15549278  0.99614143
10 44 3 752419 -0.06607819 -0.04068947  1.00438118
10 44 3 795791 -0.04898643 -0.04268646  0.96977615
10 44 3 844935 -0.05384827 -0.10627365  0.97184181
10 44 3 897413 -0.0741272  -0.15361023  0.99919128
10 44 3 946313 -0.09209633 -0.13434792  1.01326942
10 44 3 993557 -0.0637455   0.00897789  1.01871109
10 44 4 53940 -0.04316711 -0.03088951  0.9725914 
10 44 4 90146 -0.06369781 -0.17976761  0.97200203
10 44 4 146462 -0.09023857 -0.18317223  0.99020386
10 44 4 193528 -0.07203865 -0.07515907  1.00937271
10 44 4 249495 -0.05534744 -0.03554535  0.98796844
10 44 4 295235 -0.05047035 -0.09529114  0.96735764
10 44 4 344064 -0.06499672 -0.13406372  0.98959541
10 44 4 395116 -0.08323669 -0.15245056  1.00860214
10 44 4 446766 -0.07865906 -0.0421772   1.0194931 
10 44 4 498449 -0.0487957   0.04462624  1.00153351
10 44 4 544401 -0.03937149 -0.10661316  0.96653748
10 44 4 592907 -0.08290672 -0.24700546  0.96632195
10 44 4 648296 -0.08999062 -0.13638115  1.01551437
10 44 4 693988 -0.05868149 -0.00993347  1.0032444 
10 44 4 747051 -0.04617882 -0.04253769  0.98361015
10 44 4 794084 -0.05566788 -0.14666176  0.97253609
10 44 4 846484 -0.07522011 -0.1666584   1.00023651
10 44 4 895139 -0.08798981 -0.08551407  1.0226593 
10 44 4 944419 -0.06279564  0.02545738  1.01678467
10 44 4 995878 -0.04159546 -0.08205414  0.97194099
10 44 5 48770 -0.06643867 -0.20587349  0.9564476 
10 44 5 96211 -0.08943367 -0.15360641  1.01535797
10 44 5 144512 -0.06850433 -0.04855919  1.00655556
10 44 5 191884 -0.05236244 -0.05179787  0.97131348
10 44 5 243577 -0.04536438 -0.10488892  0.97388268
10 44 5 292701 -0.06707954 -0.13471985  1.00239182
10 44 5 344074 -0.08775711 -0.14611435  1.00689697
10 44 5 393805 -0.07638931 -0.00520706  1.01500893
10 44 5 446460 -0.03826332  0.03195     0.99598503
10 44 5 495184 -0.04264259 -0.15869522  0.95872879
10 44 5 543456 -0.09596062 -0.24119568  0.97823524
10 44 5 595527 -0.08545876 -0.09635544  1.01320648
10 44 5 644628 -0.05701065 -0.00415421  1.00189209
10 44 5 697217 -0.05321503 -0.07313728  0.96930122
10 44 5 744834 -0.06213379 -0.14773178  0.97167015
10 44 5 791907 -0.07721329 -0.15773201  1.0184021 
10 44 5 844376 -0.08189011 -0.05446053  1.01756096
10 44 5 893823 -0.05457497  0.04341507  0.99939346
10 44 5 945143 -0.04183197 -0.086586    0.96258545
10 44 5 993646 -0.07353973 -0.23366356  0.96276474
10 44 6 58514 -0.09149742 -0.14524078  1.00388145
10 44 6 91347 -0.06637955 -0.01667404  1.00013161
10 44 6 143863 -0.05136108 -0.03700256  0.97235107
10 44 6 196937 -0.05011368 -0.12316513  0.96497536
10 44 6 244492 -0.07522202 -0.16777229  1.00088501
10 44 6 298017 -0.09221649 -0.1120224   1.01224518
10 44 6 345235 -0.06245995  0.02676964  1.00662613
10 44 6 391784 -0.03824234 -0.02558136  0.9839344 
10 44 6 443360 -0.05535126 -0.19327354  0.96481323
10 44 6 493763 -0.09759521 -0.1985817   1.00530243
10 44 6 548630 -0.07871819 -0.05674934  1.00190544
10 44 6 595100 -0.05933571 -0.01059532  0.98278999
10 44 6 646408 -0.04619789 -0.09916306  0.95942879
10 44 6 694391 -0.06844139 -0.15591049  0.99085617
10 44 6 743510 -0.09170532 -0.15173912  1.0228157 
10 44 6 795211 -0.07445908  0.0011158   1.01519775
10 44 6 844823 -0.04833031  0.03613472  0.99168777
10 44 6 897465 -0.0421505  -0.15019798  0.95020676
10 44 6 946080 -0.08662796 -0.25592613  0.98373032
10 44 6 992607 -0.08628654 -0.09976387  1.03545761
10 44 7 53473 -0.05461311  0.01099205  0.98115158
10 44 7 105589 -0.04761887 -0.07222939  0.95546341
10 44 7 159450 -0.06139946 -0.16062355  0.96736717
10 44 7 208532 -0.08322906 -0.15822029  1.02532196
10 44 7 259592 -0.07931519 -0.01895905  1.02204514
10 44 7 313404 -0.04840279  0.01864815  0.98537064
10 44 7 362931 -0.03730965 -0.13440132  0.9456234 
10 44 7 407350 -0.08139038 -0.21411514  0.97653008
10 44 7 444768 -0.09230423 -0.12255287  1.03100014
10 44 7 496398 -0.05415344 -0.01448631  1.0039444 
10 44 7 545793 -0.05156326 -0.0606041   0.94796753
10 44 7 593527 -0.08534622 -0.15888405  1.01535988
10 44 7 645151 -0.08618355 -0.04814911  1.05238152
10 44 7 693170  0.12481117 -1.50004196 -7.99612999
10 44 7 744876 -0.04377174 -0.11339951  0.95602989
10 44 7 794813 -0.07525635 -0.16606712  0.98187828
10 44 7 846987  -0.08517456  -0.11912155 -13.50009537
10 44 7 895411 -0.07992172 -0.03071213  0.98579788
10 44 7 944904 -0.01569939  0.05892372  1.0334053 
10 44 7 995972 -0.0036068  -0.08229065  1.0012722 
10 44 8 48860 -0.05429649 -0.2434597   0.96443558
10 44 8 98412 -0.09323311 -0.15071678  0.99020386
10 44 8 145333 -0.05937004 -0.00488091  1.00658798
10 44 8 191661 -0.02794266 -0.05744362  0.99732208
10 44 8 244249 -0.0473671  -0.16065598  0.98605156
10 44 8 294053 -0.06858063 -0.14091492  0.98851776
10 44 8 345494 -0.09603691 -0.09614563  0.9799633 
10 44 8 393329 -0.06142998  0.02482414  1.00268555
10 44 8 445050 -0.00861359  0.00470352  1.01552391
10 44 8 494839 -0.02761841 -0.16229248  0.99183273
10 44 8 545655 -0.06927681 -0.18870354  0.98266792
10 44 8 596792 -0.07942963 -0.07884598  0.989851  
10 44 8 644070 -0.04790306 -0.00161743  1.0078907 
10 44 8 697641 -0.04229546 -0.08842468  0.99957848
10 44 8 745605 -0.04846001 -0.13794708  1.00037003
10 44 8 794492 -0.06570244 -0.12181282  0.99590492
10 44 8 843640 -0.09640503 -0.09182549  0.96914673
10 44 8 893903 -0.04902267  0.0472393   1.03029823
10 44 8 945365 -0.00704384  0.03270531  1.04259491
10 44 8 993720 -0.02992439 -0.1878109   0.97650909
10 44 9 56989 -0.08047676 -0.24979591  0.95663071
10 44 9 91920 -0.07538033 -0.06585884  0.99083328
10 44 9 142572 -0.04125595  0.01362419  1.01942825
10 44 9 194240 -0.04320908 -0.12653351  0.98579407
10 44 9 244334 -0.05770302 -0.17089844  0.97294235
10 44 9 297009 -0.07949638 -0.11982155  0.99146652
10 44 9 344816 -0.08259201 -0.05748367  0.96778107
10 44 9 392883 -0.0271244   0.03891945  1.02017212
10 44 9 444197 -0.01590729 -0.06298256  1.02819633
10 44 9 493504 -0.05829811 -0.19944954  0.97763824
10 44 9 544295 -0.0622673  -0.14897156  0.97456551
10 44 9 594664 -0.05340195 -0.03297424  0.99381447
10 44 9 646359 -0.04347992 -0.04034424  1.00478172
10 44 9 695386 -0.04563522 -0.11933899  0.9955883 
10 44 9 744057 -0.05226517 -0.13186646  0.99918938
10 44 9 795837 -0.0802021  -0.13094902  0.9656868 
10 44 9 843827 -0.0840168  -0.06357384  0.96125031
10 44 9 895889 -0.02381897  0.05877876  1.04572868
10 44 9 944832 -0.01097107 -0.04301071  1.0416317 
10 44 9 993226 -0.04662895 -0.23230362  0.95669746
10 44 10 54512 -0.08346939 -0.17713547  0.95607758
10 44 10 90797 -0.05174637 -0.02136421  0.99648285
10 44 10 144503 -0.04288864 -0.04528809  1.02072144
10 44 10 195862 -0.04588127 -0.15253639  0.98594093
10 44 10 245118 -0.04988861 -0.12238503  0.99143791
10 44 10 294222 -0.07830429 -0.11159515  0.97067642
10 44 10 343934 -0.07487106 -0.05776024  0.97540474
10 44 10 396419 -0.0203495   0.04310799  1.04988098
10 44 10 459495 -0.00698471 -0.05777359  1.01483917
10 44 10 496053 -0.04096222 -0.21733856  0.95630264
10 44 10 554826 -0.07684898 -0.17261505  0.95728493
10 44 10 609612 -0.05821228 -0.02799416  1.01575279
10 44 10 656554 -0.04056931 -0.05906296  1.01449203
10 44 10 715246 -0.04367065 -0.1438179   0.98660278
10 44 10 756878 -0.05235481 -0.12182236  0.98021889
10 44 10 813557 -0.08628464 -0.11096382  0.96077728
10 44 10 856147 -0.07147026 -0.03260422  1.00053406
10 44 10 913765 -0.01832008  0.06389236  1.04742622
10 44 10 963020 -0.00568771 -0.08154106  0.9978466 
10 44 11 17563 -0.05373001 -0.25796318  0.94135666
10 44 11 65659 -0.08812141 -0.14330673  0.97576141
10 44 11 119460 -0.04328346  0.00947762  1.02634048
10 44 11 163527 -0.02993774 -0.07262039  1.00882339
10 44 11 209379 -0.04636383 -0.17098236  0.98861122
10 44 11 253191 -0.06647682 -0.13349342  0.98316765
10 44 11 314960 -0.08485985 -0.08430481  0.98138237
10 44 11 354096 -0.04245377  0.02728081  1.01530266
10 44 11 416446 -0.00974846 -0.01711082  1.01625824
10 44 11 461031 -0.03243446 -0.20391273  0.97995567
10 44 11 513644 -0.07484055 -0.1909771   0.9792881 
10 44 11 667868 -0.05944633 -0.04574394  0.98529053
10 44 11 701661 -0.03432083 -0.01804352  1.01071358
10 44 11 728593 -0.04583931 -0.10997772  0.98975945
10 44 11 745995 -0.05715561 -0.1404953   0.99098969
10 44 11 760650 -0.07957077 -0.13348007  0.98030853
10 44 11 792468 -0.07870102 -0.07135582  0.95335197
10 44 11 846663 -0.02072906  0.07949257  1.03545952
10 44 11 895652  0.00250626 -0.01139069  1.03858376
10 44 11 946015 -0.05111313 -0.26873589  0.96990204
10 44 11 994830 -0.09503555 -0.23950958  0.95899582
10 44 12 56274 -0.05019188 -0.00230026  1.00387764
10 44 12 91823 -0.0253849  -0.02399254  1.00356865
10 44 12 142833 -0.04394722 -0.16518974  0.98307228
10 44 12 196340 -0.07021523 -0.15218735  1.00321388
10 44 12 247832 -0.08913994 -0.12163925  0.97974777
10 44 12 298619 -0.05974388  0.01095963  0.99580383
10 44 12 348096 0.00444984 0.06049347 1.01989555
10 44 12 396902 -0.01366806 -0.1361866   1.0066452 
10 44 12 443867 -0.07694054 -0.27907181  0.98035622
10 44 12 493448 -0.08407974 -0.1148262   1.00844955
10 44 12 546128 -0.02127647  0.02692795  0.98086739
10 44 12 594118 -0.02741051 -0.07506943  0.971138  
10 44 12 645508 -0.06880379 -0.1754837   0.99151611
10 44 12 696213 -0.08019257 -0.15090942  1.02132607
10 44 12 744373 -0.08000565 -0.05829048  0.98227501
10 44 12 796398 -0.01584244  0.08163452  0.98787117
10 44 12 845513 -0.00648689 -0.05592537  0.99341011
10 44 12 898401 -0.06723213 -0.27215004  1.00441742
10 44 12 947166 -0.09426117 -0.17846489  1.00975418
10 44 12 994148 -0.04488373 -0.01374245  0.99625778
10 44 13 54034 -0.01532745 -0.02427673  0.96147537
10 44 13 90150 -0.05030251 -0.14628792  0.95402336
10 44 13 142531 -0.0940876  -0.18140221  1.02913857
10 44 13 192899 -0.08887672 -0.10738373  1.02888489
10 44 13 244688 -0.02431107  0.04234123  0.96409225
10 44 13 305328 0.0044136  0.01558304 0.98836708
10 44 13 361788 -0.0388031  -0.21212006  1.00335312
10 44 13 433780 -0.10305214 -0.24513245  1.02816772
10 44 13 478009 -0.0533905  -0.0565052   1.01571465
10 44 13 526373 -0.01680374  0.00199509  0.95912743
10 44 13 573386 -0.03785896 -0.09114456  0.9611721 
10 44 13 616788 -0.10333443 -0.16638374  1.02899551
10 44 13 658422 -0.0519619  -0.01058388  0.99725533
10 44 13 718411  0.12497139 -1.12490845  8.12874413
10 44 13 762224 -0.0354023  -0.13674927  0.98863792
10 44 13 820582 -0.08586502 -0.18913651  1.04288292
10 44 13 857748  -0.06740379  -0.1127739  -13.62495422
10 44 13 916719 -0.10695839 -0.13099861  1.00387955
10 44 13 965542 -0.05277061 -0.03451538  0.97867584
10 44 14 18595 -0.04045868 -0.08307457  0.97210693
10 44 14 70260 -0.06868362 -0.13923454  0.99625206
10 44 14 112214 -0.09713364 -0.13471031  0.99905014
10 44 14 153777 -0.10437202 -0.10519218  0.97911835
10 44 14 192134 -0.03268051  0.02065468  1.00409126
10 44 14 243997 0.00309944 0.00842476 0.99689484
10 44 14 292606 -0.03947449 -0.15846634  0.99574661
10 44 14 344837 -0.11072731 -0.22953224  0.99560165
10 44 14 393799 -0.09050941 -0.1078949   0.99668121
10 44 14 447436 -0.02489281 -0.02913666  0.9904995 
10 44 14 494640 -0.03857422 -0.11189842  0.96980667
10 44 14 544531 -0.07811928 -0.15212822  0.99045753
10 44 14 595271 -0.1023922  -0.11605263  1.00298309
10 44 14 644871 -0.08943367 -0.05718422  0.98572731
10 44 14 696664 6.10351562e-04 4.27227020e-02 9.89398956e-01
10 44 14 745067  0.01220703 -0.04474831  1.00009727
10 44 14 794329 -0.07690239 -0.22906685  0.99645042
10 44 14 844241 -0.12203407 -0.17959404  1.00878906
10 44 14 893612 -0.05933189 -0.02397156  1.00911331
10 44 14 945504 -0.018116   -0.05130386  0.96611214
10 44 14 993631 -0.04720116 -0.14281464  0.96103096
10 44 15 54758 -0.08875847 -0.13545036  1.02218628
10 44 15 90990 -0.11185646 -0.1164856   1.00534058
10 44 15 142379 -0.04354286  0.00820351  0.98661041
10 44 15 195754  0.0056057  -0.0094738   0.98501015
10 44 15 244495 -0.03850937 -0.17304039  0.991436  
10 44 15 296998 -0.09348297 -0.183918    1.03237534
10 44 15 345673 -0.08083534 -0.08610535  1.00330162
10 44 15 392202 -0.03266525 -0.0287056   0.97842407
10 44 15 443841 -0.03575897 -0.08974266  0.97072029
10 44 15 493645 -0.07370186 -0.13508797  0.99478722
10 44 15 544943 -0.09223366 -0.12845993  1.00885773
10 44 15 594135 -0.09357071 -0.07107544  0.97637939
10 44 15 645991 -0.00835991  0.06546974  1.00062561
10 44 15 695663 0.02093315 0.0171032  1.02134895
10 44 15 743510 -0.07221031 -0.23478889  0.97070503
10 44 15 799029 -0.13661957 -0.24529839  1.01066017
10 44 15 845371 -0.07648277 -0.03785133  1.01245499
10 44 15 896747 -0.01696777 -0.02112961  0.96948624
10 44 15 945229 -0.04349709 -0.15371132  0.9589119 
10 44 15 992071 -0.10655212 -0.15350533  1.00471115
10 44 16 51864 -0.11415863 -0.10595512  0.99893379
10 44 16 89556 -0.04159546  0.0154171   0.9957428 
10 44 16 143152  0.00808525 -0.00288391  0.97153473
10 44 16 193911 -0.04521942 -0.16111946  0.99236488
10 44 16 244755 -0.09653091 -0.17577934  1.02718163
10 44 16 298637 -0.0818634  -0.08078766  1.00795937
10 44 16 343939 -0.02977943 -0.0291996   0.98355675
10 44 16 396216 -0.03845596 -0.08667564  0.96696663
10 44 16 474526 -0.07381058 -0.12654686  0.98425484
10 44 16 525392 -0.09007072 -0.12778664  1.0130291 
10 44 16 562422 -0.10464668 -0.07867241  0.99105644
10 44 16 612514 -0.02389526  0.04223824  0.98330116
10 44 16 660048  0.00322723 -0.01578712  1.00684929
10 44 16 706904 -0.06136894 -0.191679    1.00539207
10 44 16 746291 -0.11868858 -0.19589996  1.00475883
10 44 16 793067 -0.07975578 -0.06700706  0.99868393
10 44 16 845471 -0.02852058 -0.02989388  0.98623657
10 44 16 893853 -0.04943848 -0.11959267  0.97047806
10 44 16 942776 -0.083992   -0.1458683   0.99600983
10 44 16 995304 -0.10611153 -0.13066292  1.00978851
10 44 17 47306 -0.06784439 -0.0324707   0.98963547
10 44 17 96824 0.01050568 0.06443214 1.00545311
10 44 17 144378 -0.00979996 -0.08025169  1.00338936
10 44 17 191353 -0.08955574 -0.23013115  1.0001297 
10 44 17 243738 -0.10386086 -0.15753555  1.01501274
10 44 17 294676 -0.04404449 -0.0339241   0.98997498
10 44 17 345352 -0.02452087 -0.06762886  0.96359444
10 44 17 394308 -0.05031967 -0.13208389  0.9757061 
10 44 17 445419 -0.09244728 -0.1277771   1.01926613
10 44 17 495247 -0.10797501 -0.11115074  0.99884415
10 44 17 544154 -0.05294418  0.01075554  0.9887352 
10 44 17 600106 0.00779915 0.02762985 0.99319267
10 44 17 644238 -0.0286274  -0.12579346  1.00272942
10 44 17 696350 -0.09872818 -0.21353531  1.00298691
10 44 17 745426 -0.08626556 -0.10320854  1.0070591 
10 44 17 793502 -0.03432846 -0.01768494  0.97317505
10 44 17 844859 -0.03473473 -0.07660866  0.97234154
10 44 17 893033 -0.06681442 -0.1385746   0.99680901
10 44 17 944085 -0.09281921 -0.12883377  1.01309967
10 44 17 993637 -0.09619713 -0.08540344  0.98579979
10 44 18 55453 -0.02564812  0.04189873  0.99723434
10 44 18 91306 0.00958633 0.00777245 1.00961494
10 44 18 142304 -0.05204582 -0.19813728  0.9919014 
10 44 18 195229 -0.10942841 -0.2143898   0.99863625
10 44 18 245525 -0.08269501 -0.07277298  0.98712158
10 44 18 296977 -0.03480339 -0.02486801  0.98669243
10 44 18 346093 -0.04644394 -0.1190052   0.96892166
10 44 18 392566 -0.08505249 -0.14236259  0.99088669
10 44 18 445417 -0.10535812 -0.11201096  1.00411224
10 44 18 494637 -0.07823372 -0.03080368  0.97544289
10 44 18 545332 8.46862793e-04 7.59315491e-02 1.00686646e+00
10 44 18 593803  0.00862312 -0.05282974  1.00614166
10 44 18 645606 -0.09164429 -0.24245644  0.99335861
10 44 18 694817 -0.12059212 -0.17285156  1.00976562
10 44 18 743480 -0.05717659 -0.01029587  0.99853516
10 44 18 795290 -0.01849556 -0.05643654  0.96352577
10 44 18 845510 -0.04924965 -0.15019608  0.96904755
10 44 18 896194 -0.09568024 -0.12631989  1.0156002 
10 44 18 946053 -0.11319923 -0.08740997  1.01041794
10 44 18 992676 -0.03370857  0.03277016  0.98958778
10 44 19 54474  0.0077343  -0.03064346  0.97624397
10 44 19 89671 -0.05309868 -0.17705727  0.99544334
10 44 19 143044 -0.09389114 -0.13853645  1.02648544
10 44 19 194470 -0.06228256 -0.064991    1.01015472
10 44 19 246114 -0.03725052 -0.04049301  0.97500992
10 44 19 295399 -0.0402298  -0.09083176  0.96555328
10 44 19 344860 -0.07366753 -0.12831688  0.99836731
10 44 19 397121 -0.09318733 -0.12292862  1.0145607 
10 44 19 445402 -0.08986282 -0.06273842  0.97575378
10 44 19 497487 -0.01077843  0.06765747  0.99572182
10 44 19 551144  0.00335312 -0.02882957  1.00520134
10 44 19 593585 -0.07347298 -0.2053051   0.99454117
10 44 19 644647 -0.11261177 -0.19719315  1.00673485
10 44 19 694967 -0.03071213 -0.03693962  0.98339653
10 44 19 745778 -0.05310822 -0.12903404  0.97230339
10 44 19 794087   0.12465096 -11.12553406  -5.62112999
10 44 19 845329 -0.09884453 -0.10860634  1.00642014
10 44 19 895843 -0.05999756 -0.02030945  0.97706413
10 44 19 943234  4.07981873e-03  6.54487610e-02 -1.35000858e+01
10 44 20 1884 -1.37329102e-04 -8.08010101e-02  1.00247192e+00
10 44 20 53476 -0.09041977 -0.20948792  0.99593353
10 44 20 96432 -0.10485268 -0.13521767  1.00382996
10 44 20 146603 -0.04170036 -0.02396202  0.99184036
10 44 20 192269 -0.01834869 -0.07258797  0.9719677 
10 44 20 257991 -0.05818558 -0.12842369  0.98229218
10 44 20 317985 -0.10033417 -0.10210991  1.01947784
10 44 20 358810 -0.10686684 -0.08832741  0.99382401
10 44 20 415341 -0.04164696  0.02073288  0.98769379
10 44 20 459344 1.46713257e-02 9.42230225e-04 9.89992142e-01
10 44 20 510434 -0.04128838 -0.13928032  1.00757217
10 44 20 558645 -0.10543251 -0.19205666  1.00363541
10 44 20 595225 -0.08859444 -0.08876228  1.00658798
10 44 20 643992 -0.03064346 -0.02095413  0.97755623
10 44 20 699408 -0.03242302 -0.09417343  0.98270035
10 44 20 745087 -0.07541656 -0.1391449   0.98942947
10 44 20 791631 -0.10964966 -0.11120033  1.00822258
10 44 20 843877 -0.09034729 -0.0499649   0.98640633
10 44 20 893021 0.00462341 0.05442619 0.99522209
10 44 20 945641  0.01859283 -0.03072357  1.01206779
10 44 20 993828 -0.0759716  -0.20713615  0.9984951 
10 44 21 54241 -0.11954498 -0.18336105  1.01097298
10 44 21 93135 -0.06949425 -0.03882027  1.00025749
10 44 21 145003 -0.02271652 -0.04991913  0.97220802
10 44 21 195282 -0.04901505 -0.13949966  0.97015762
10 44 21 244186 -0.10071945 -0.11682892  1.0091629 
10 44 21 296057 -0.11445808 -0.09062386  1.00584602
10 44 21 344862 -0.06097412 -0.00145721  0.98986626
10 44 21 392104 0.03139877 0.03190422 0.99844742
10 44 21 456670 -0.0076046  -0.12103844  0.99225044
10 44 21 514352 -0.10924721 -0.20879936  1.02269363
10 44 21 563697 -0.10357094 -0.10077095  1.01904106
10 44 21 626570 -0.02854347 -0.01095963  0.98567772
10 44 21 645743 -0.01410866 -0.07871056  0.9690361 
10 44 21 694950 -0.06039429 -0.13873863  0.97597504
10 44 21 743459 -0.10888672 -0.11302376  1.02153397
10 44 21 795637 -0.09618568 -0.05437279  0.99792099
10 44 21 844259 0.00548744 0.04699516 0.99014854
10 44 21 898691  0.02389717 -0.03039169  0.9920063 
10 44 21 945753 -0.06774902 -0.21119308  0.99551201
10 44 21 993571 -0.1310482  -0.17928696  1.0260582 
10 44 22 54676 -0.06535912 -0.03811455  1.00569153
10 44 22 89788 -0.01337624 -0.05123329  0.96110916
10 44 22 142889 -0.03879166 -0.13238144  0.96035194
10 44 22 193888 -0.10338593 -0.12463379  1.00903511
10 44 22 245538 -0.11731148 -0.09301758  1.01330948
10 44 22 294477 -0.04311371  0.008955    0.9750042 
10 44 22 343682 0.03515434 0.03324509 0.97697639
10 44 22 395569 -0.02542686 -0.13922119  0.99322891
10 44 22 444265 -0.11432266 -0.20914841  1.0343895 
10 44 22 496163 -0.10061646 -0.10213089  1.02142334
10 44 22 545177 -0.01651192 -0.00958061  0.97092247
10 44 22 595684 -0.01552582 -0.07698631  0.94822311
10 44 22 643586 -0.07263947 -0.14398193  0.98528481
10 44 22 693040 -0.12053871 -0.11598015  1.03093147
10 44 22 744641 -0.08859444 -0.04865074  0.99728012
10 44 22 793814 0.00914955 0.0532341  0.98355103
10 44 22 846206  3.45230103e-04 -7.06367493e-02  9.83440399e-01
10 44 22 895267 -0.08527756 -0.20963097  1.02109146
10 44 22 943500 -0.11157608 -0.14278984  1.03909302
10 44 22 996126 -0.05598831 -0.02674866  0.9824028 
10 44 23 47874 -0.01405334 -0.04559517  0.95173264
10 44 23 97449 -0.04931831 -0.11786079  0.97112083
10 44 23 144347 -0.1017952  -0.11904144  1.01540565
10 44 23 192494 -0.1083374  -0.09765816  1.01054573
10 44 23 243847 -0.03739738  0.0165863   0.99198723
10 44 23 295827 0.02791023 0.01503754 0.97771645
10 44 23 345003 -0.03768158 -0.14959335  1.00325966
10 44 23 393828 -0.11447906 -0.20305443  1.02529144
10 44 23 446292 -0.09151649 -0.09906769  1.00936508
10 44 23 495463 -0.02060699 -0.02956963  0.96586418
10 44 23 543564 -0.02905273 -0.07994461  0.97615433
10 44 23 595815 -0.07025337 -0.13624763  0.97728729
10 44 23 644612 -0.10894585 -0.11216736  1.01200294
10 44 23 696499 -0.08826828 -0.06236839  0.99423027
10 44 23 750470 -4.42504883e-04  4.38861847e-02  9.84415054e-01
10 44 23 793175 -0.00177956 -0.06125832  0.99792671
10 44 23 843882 -0.07277489 -0.18750572  1.01080894
10 44 23 893914 -0.09760094 -0.13533401  1.03045273
10 44 23 945391 -0.05421638 -0.05965233  0.99005699
10 44 23 994314 -0.02009964 -0.04955673  0.96995163
10 44 24 56553 -0.05027962 -0.09354973  0.97787857
10 44 24 91949 -0.07938766 -0.11103821  1.0026226 
10 44 24 143082 -0.09317589 -0.1156044   1.00026894
10 44 24 194623 -0.08029366 -0.06472778  0.97633934
10 44 24 244602 0.00811195 0.04504967 1.01563835
10 44 24 296410  0.00960159 -0.03355598  1.01297569
10 44 24 345440 -0.06178665 -0.19144058  0.98819351
10 44 24 392439 -0.11833    -0.19182968  1.00646591
10 44 24 444926 -0.08018684 -0.05981636  0.9831543 
10 44 24 493105 -0.02540016 -0.05562782  0.9832077 
10 44 24 545334 -0.04482269 -0.12153244  0.97148132
10 44 24 594005 -0.0852108  -0.1194458   0.99450874
10 44 24 645403 -0.1078186  -0.10228729  0.99952316
10 44 24 695304 -0.05970764 -0.0245533   0.99055672
10 44 24 743722 0.01732445 0.03341293 1.00727844
10 44 24 797040 -0.00806236 -0.08380127  0.99931526
10 44 24 845745 -0.08296394 -0.1926136   0.99673843
10 44 24 897501 -0.10091972 -0.13022041  1.00732231
10 44 24 944714 -0.05130386 -0.03828621  0.99416924
10 44 24 993934 -0.02839088 -0.07009315  0.97501564
10 44 25 54141 -0.05023956 -0.12097359  0.99304581
10 44 25 89529 -0.08846855 -0.10024261  1.01146126
10 44 25 142551 -0.10654831 -0.08709145  0.98356628
10 44 25 193115 -0.05078697 -0.00825691  0.98691368
10 44 25 244931 0.02378082 0.02236557 1.01072502
10 44 25 295332 -0.01939774 -0.10593224  1.00567245
10 44 25 344507 -0.10904503 -0.21392632  0.97660828
10 44 25 395813 -0.11224747 -0.11087036  0.99495125
10 44 25 445329 -0.03586388 -0.0157547   0.9913578 
10 44 25 498917 -0.01790047 -0.08647346  0.98111153
10 44 25 544952 -0.07020187 -0.14088821  0.99480057
10 44 25 593596 -0.10605049 -0.11237526  0.99080467
10 44 25 645032 -0.09855461 -0.06027794  0.9876709 
10 44 25 692767  0.12495804 -5.74988747 14.62891769
10 44 25 744307  0.01873779 -0.04160309  1.00331306
10 44 25 794417 -0.06261444 -0.18466568  1.00368309
10 44 25 845846  0.12456322  9.87438583 -0.87105942
10 44 25 894395 -0.06275749 -0.04515839  0.99878311
10 44 25 943477 -0.02488327 -0.05269814  0.98325157
10 44 25 995246 -0.04520416 -0.12091446  1.32226372
10 44 26 53647 -0.05443573 -0.18080711  0.95918274
10 44 26 96941 -0.05581284 -0.04133034  0.99718666
10 44 26 145444 -0.03155518 -0.01846886  0.96457291
10 44 26 193123 -0.08574867 -0.14326668  0.97824669
10 44 26 244020 -0.00967026 -0.00230789  1.03412819
10 44 26 293306  0.01174164 -0.1459713   0.98034096
10 44 26 344523 -0.08359337 -0.2050724   0.99299049
10 44 26 393951 -4.94194031e-02  2.84194946e-04  1.03868675e+00
10 44 26 445343 -0.01032448 -0.01348305  0.98250198
10 44 26 499783 -0.0840683  -0.1554184   0.99975967
10 44 26 543365 -0.02721977 -0.02774429  1.0161438 
10 44 26 595305  9.91821289e-05 -1.27241135e-01  1.00406456e+00
10 44 26 645092 -0.05740929 -0.15721703  1.02664948
10 44 26 698051 -0.03509331  0.01054001  1.04464722
10 44 26 745096 -0.04530144 -0.06498528  0.94908333
10 44 26 793547 -0.07970428 -0.13105965  0.99118614
10 44 26 844292  0.02052116 -0.00664139  1.00629997
10 44 26 892890 -0.00838852 -0.17440414  0.99870682
10 44 26 944877 -0.07035446 -0.1248951   1.04382133
10 44 26 993956 -0.01592636  0.05075264  1.01153755
10 44 27 54942 -0.04305267 -0.08881569  0.92276382
10 44 27 91628 -0.08244896 -0.12103081  1.03150749
10 44 27 142905 -0.00109291 -0.0376358   0.99110985
10 44 27 197153 -0.02290916 -0.15823746  1.00566864
10 44 27 244063 -0.05471992 -0.09699249  1.04117775
10 44 27 296595 -0.00994873  0.01610565  0.97704887
10 44 27 346532 -0.07832146 -0.10754395  0.95708656
10 44 27 392807 -0.06309319 -0.06330872  1.05210495
10 44 27 444342  0.02469063 -0.04944038  0.98764038
10 44 27 493058 -0.05952454 -0.22415161  1.00774956
10 44 27 546589 -0.08761406 -0.08401299  1.04087448
10 44 27 595197 0.01242828 0.04410934 0.96013832
10 44 27 645480 -0.07145119 -0.11969185  0.96644592
10 44 27 697072 -0.06229973 -0.07765961  1.03310776
10 44 27 752159  0.01142693 -0.05851173  0.97611046
10 44 27 828603 -0.07089233 -0.20210075  0.9922905 
10 44 27 867190 -0.07277489 -0.08529282  1.00371933
10 44 27 918613 -9.34600830e-04  1.96247101e-02  9.63228226e-01
10 44 27 969852 -0.08745193 -0.11773491  0.98653603
10 44 28 17705 -0.03880882 -0.05384636  1.01450157
10 44 28 78162  0.02365494 -0.10351372  0.96878433
10 44 28 97619 -0.06860733 -0.19250107  0.96191978
10 44 28 143173 -0.06593132 -0.04395294  0.98696518
10 44 28 194267 -0.00790024 -0.0042305   0.98600006
10 44 28 245951 -0.09256172 -0.13502502  1.00647926
10 44 28 295055 -0.04732513 -0.04253578  1.02479935
10 44 28 343888  0.01213646 -0.12544823  0.99570656
10 44 28 396980 -0.064785   -0.15302086  1.00212288
10 44 28 444568 -0.05308723 -0.01528549  1.02912903
10 44 28 496887 -0.02445602 -0.05731964  0.98757553
10 44 28 549379 -0.07961273 -0.1117382   0.9960556 
10 44 28 592116  0.00984001 -0.0193615   0.99295998
10 44 28 647415  0.00247383 -0.20305443  0.99159622
10 44 28 693407 -0.07589149 -0.1199398   1.04835129
10 44 28 744717 -0.02766228  0.04832077  1.00639534
10 44 28 793992 -0.03630447 -0.10507202  0.9213562 
10 44 28 848867 -0.09344101 -0.10045624  1.03193283
10 44 28 894883 -0.00436211 -0.04234886  0.98035812
10 44 28 944262 -0.02574921 -0.19954872  1.01656723
10 44 28 995626 -0.07030106 -0.08207703  1.04589272
10 44 29 48882 -0.01076126  0.01455116  0.95759392
10 44 29 97274 -0.07229424 -0.12490654  0.97475815
10 44 29 148447 -0.07182884 -0.06018639  1.03870201
10 44 29 193031  0.01184654 -0.1000843   0.96997452
10 44 29 243831 -0.05895805 -0.21242332  1.00049782
10 44 29 293534 -0.07705688 -0.05178833  1.00052071
10 44 29 346077 -0.00452805  0.00641823  0.92893219
10 44 29 393049 -0.07855606 -0.14113808  0.97949982
10 44 29 445914 -0.04178238 -0.02244949  1.02297592
10 44 29 496421  0.01663971 -0.12481689  0.96438789
10 44 29 544580 -0.0573597  -0.20872116  0.968853  
10 44 29 595262 -0.05835915 -0.00802612  1.00961685
10 44 29 649541 -0.0149231  -0.02806473  0.97738266
10 44 29 695851 -0.0832901  -0.14897537  1.00504875
10 44 29 744879 -0.02590561 -0.02475548  1.01573944
10 44 29 791929  0.01849747 -0.14478874  0.98893929
10 44 29 843261 -0.0465374  -0.1127224   1.04627991
10 44 29 893735 -0.03601646  0.03917885  1.02185631
10 44 29 944971 -0.03827667 -0.09444046  0.92232323
10 44 29 993432 -0.07913971 -0.11706543  1.0188694 
10 44 30 58753  0.00798988 -0.01082993  0.98989677
10 44 30 91404 -0.01331902 -0.18626976  1.00233459
10 44 30 143661 -0.06151962 -0.09617043  1.05595016
10 44 30 195374 -0.02787209  0.04352188  0.98834229
10 44 30 247138 -0.06201935 -0.11971664  0.95401382
10 44 30 295682 -0.06834412 -0.06968117  1.05554199
10 44 30 345237  0.00753403 -0.04709435  0.98213196
10 44 30 392110 -0.05742836 -0.22582054  1.01291084
10 44 30 443880 -0.07676697 -0.0669899   1.03554344
10 44 30 493053 3.85284424e-04 3.78379822e-02 9.38257217e-01
10 44 30 544100 -0.08240318 -0.12903595  0.9699173 
10 44 30 594635 -0.05831528 -0.08202171  1.02323914
10 44 30 645545  0.00542831 -0.06331635  0.98688507
10 44 30 694245 -0.05465126 -0.1847229   0.96893501
10 44 30 743307 -0.0598259  -0.06235695  0.97971535
10 44 30 796139 -0.02140617  0.00486374  0.9720726 
10 44 30 845167 -0.08802605 -0.14451408  0.97021866
10 44 30 896816 -0.02916145 -0.03764343  1.02139282
10 44 30 944606  0.02634621 -0.11183167  0.97942162
10 44 30 994836 -0.06925583 -0.17015839  0.98827171
10 44 31 52497 -0.04966354 -0.01769638  1.02152252
10 44 31 90328 -0.01767731 -0.03014946  0.98827934
10 44 31 142350 -0.08503342 -0.14941025  0.97986412
10 44 31 199326 -0.01097679 -0.00944328  1.03105927
10 44 31 249507  0.00367546 -0.14384842  0.99159431
10 44 31 298456 -0.07257271 -0.16903114  1.01519012
10 44 31 345079 -0.03782845  0.00907707  1.03523636
10 44 31 396030 -0.03455734 -0.05587387  0.95740318
10 44 31 445640 -0.08815193 -0.12783623  0.98979187
10 44 31 498954  0.01117134 -0.02696037  0.99088669
10 44 31 545981 -0.00773048 -0.17219925  1.00361061
10 44 31 593465 -0.06591415 -0.11552048  1.03034401
10 44 31 644028 -0.00702095  0.02508736  0.98755455
10 44 31 693727 -0.0487957  -0.10004807  0.94670677
10 44 31 747304  0.02234268 -0.04363823  0.98439598
10 44 31 794382 -0.03925514 -0.2061367   1.0075779 
10 44 31 845420   0.12467194 -12.25031853  -4.12097168
10 44 31 894484 0.00616837 0.02880859 0.95273209
10 44 31 943488 -0.07555389 -0.11750603  0.97550392
10 44 31 996326  -0.06475449  -0.06541061 -13.50074387
10 44 32 66014  0.01158333 -0.06032181  0.9937191 
10 44 32 119361 -0.08572197 -0.17728233  1.0170784 
10 44 32 165127 -0.108284   -0.12052155  1.03188324
10 44 32 212842 -0.05113029 -0.00935173  1.00997543
10 44 32 260665 -0.00657272 -0.02859688  0.95028687
10 44 32 315027 -0.04186249 -0.0812149   0.98407936
10 44 32 358803 -0.09736252 -0.10321999  0.99837875
10 44 32 416848 -0.10044861 -0.0777607   1.0105896 
10 44 32 464316 -0.02763176  0.04797173  0.9998188 
10 44 32 522606 0.02015305 0.0069294  0.98603821
10 44 32 542618 -0.0532608  -0.15521431  1.01216888
10 44 32 597578 -0.11933517 -0.18370247  1.01699829
10 44 32 643848 -0.07282257 -0.04699516  1.02368927
10 44 32 696610 -0.01784325  0.01728439  0.97694397
10 44 32 745992 -0.02878189 -0.08618736  0.95125008
10 44 32 792643 -0.08816528 -0.10865593  0.99184799
10 44 32 844080 -0.11032104 -0.0802269   1.00675201
10 44 32 894507 -0.04968643  0.01538849  1.00643349
10 44 32 945449 0.01753616 0.03471565 0.99255562
10 44 32 995504 -0.02819061 -0.12130356  0.99163818
10 44 33 54424 -0.10383606 -0.19221497  1.02993965
10 44 33 91014 -0.08552551 -0.07435608  1.02597427
10 44 33 144903 -0.02221489  0.00471687  0.98565865
10 44 33 196385 -0.01633263 -0.05470848  0.9571228 
10 44 33 244862 -0.06518173 -0.10860443  0.97633553
10 44 33 297900 -0.10774612 -0.10579109  1.00553131
10 44 33 347363 -0.07919312 -0.01579857  1.0273056 
10 44 33 395008 0.0260582  0.06508827 0.99527359
10 44 33 446087  0.00257492 -0.04870224  0.99617577
10 44 33 493383 -0.09365654 -0.21563911  1.01298332
10 44 33 545467 -0.11070824 -0.12898254  1.04401588
10 44 33 594137 -0.04439354 -0.00266838  0.99471283
10 44 33 661265 -0.01080894 -0.01420975  0.96211243
10 44 33 712675 -0.05194283 -0.11592293  0.9618187 
10 44 33 761634 -0.1075592  -0.12545586  1.00744629
10 44 33 812569 -0.10357094 -0.04356956  1.0291729 
10 44 33 866555 1.33514404e-04 5.93833923e-02 1.00162315e+00
10 44 33 911941  0.01669884 -0.03911972  0.98798943
10 44 33 970996 -0.08179855 -0.1835804   1.00458717
10 44 34 16106 -0.10673523 -0.15010262  1.03222275
10 44 34 75785 -0.04753494 -0.01835823  1.02396584
10 44 34 108623 -0.00820923 -0.01538467  0.95628548
10 44 34 155753 -0.0385952  -0.08945847  0.96052933
10 44 34 214538 -0.10211754 -0.12661743  0.99236107
10 44 34 261572 -0.10708809 -0.0696907   1.03381157
10 44 34 296445 -0.01919937  0.04491043  1.00378418
10 44 34 343863  0.02609825 -0.00232124  0.97073364
10 44 34 396906 -0.06429672 -0.18481445  0.99119949
10 44 34 445031 -0.12167168 -0.17682648  1.02637291
10 44 34 497526 -0.06033325 -0.02121925  1.03376389
10 44 34 545115  0.00371552 -0.02389717  0.95451927
10 44 34 592001 -0.02928352 -0.0948143   0.95178986
10 44 34 643536 -0.10766983 -0.10776901  0.98487091
10 44 34 693650 -0.11115265 -0.08172417  1.03162956
10 44 34 744291 -0.02041245  0.02523994  1.00836563
10 44 34 796093  0.02293205 -0.01249886  0.97345543
10 44 34 845451 -0.05827141 -0.1638813   0.98651695
10 44 34 896019 -0.12299919 -0.16369438  1.03289032
10 44 34 945554 -0.06824493 -0.04993629  1.02388573
10 44 34 998493 -0.00772476 -0.02749825  0.95943451
10 44 35 49122 -0.0231266  -0.08274841  0.95365334
10 44 35 97803 -0.10049057 -0.10389519  0.9807415 
10 44 35 145068 -0.11548424 -0.08298111  1.02359962
10 44 35 194810 -0.02765846  0.01250648  1.01285744
10 44 35 244396  0.02195358 -0.01825333  0.97479439
10 44 35 294310 -0.05915451 -0.16498756  0.98383522
10 44 35 345438 -0.12623978 -0.17316628  1.0253315 
10 44 35 394202 -0.0680027  -0.04561615  1.03495598
10 44 35 446349 -0.00713348 -0.04113579  0.9638195 
10 44 35 497115 -0.03415871 -0.08532143  0.93943405
10 44 35 546330 -0.09871292 -0.09555435  0.98554039
10 44 35 596706 -0.10881424 -0.10071945  0.99980545
10 44 35 647843 -0.03827667  0.01089478  1.00486183
10 44 35 697938  0.01529503 -0.0258007   0.97898102
10 44 35 746023 -0.04575157 -0.15584755  0.98644066
10 44 35 795384 -0.12316513 -0.15754509  1.04121208
10 44 35 846676 -0.07578087 -0.06854057  1.01937675
10 44 35 897639 -0.02243996 -0.03742027  0.97490692
10 44 35 946111 -0.02067947 -0.08288956  0.94410133
10 44 35 994646 -0.0938282  -0.08812332  0.98279762
10 44 36 56764 -0.11842918 -0.10482025  1.01038361
10 44 36 91877 -0.05288506 -0.01628685  1.01696777
10 44 36 143153 0.0233593  0.02239799 0.98241234
10 44 36 196716 -0.03185463 -0.13486481  0.9889698 
10 44 36 245499 -0.13153076 -0.2027626   1.0256424 
10 44 36 298640 -0.09849739 -0.07529259  1.02721405
10 44 36 345535 -0.0173111  -0.01085281  0.99091148
10 44 36 392436 -0.0102005  -0.08390617  0.94282722
10 44 36 443899 -0.08642006 -0.12128258  0.96571732
10 44 36 493556 -0.13232613 -0.09724808  1.02184677
10 44 36 544657 -0.07375908 -0.00398636  1.01625443
10 44 36 606453 0.02763557 0.00984764 0.9700222 
10 44 36 663396 -0.0258522 -0.1348629  0.9733696
10 44 36 715889 -0.11742973 -0.1960659   1.0301342 
10 44 36 765768 -0.1062355  -0.07151985  1.04320526
10 44 36 816760 -0.02837944 -0.02914429  0.9825592 
10 44 36 861811 -0.01124001 -0.08312798  0.94502831
10 44 36 920951 -0.06445694 -0.11166382  0.95505524
10 44 36 966047 -0.12341881 -0.11048889  1.02230453
10 44 37 18542 -0.09428024 -0.02826881  1.02775574
10 44 37 71896 0.01454544 0.01551056 0.96934128
10 44 37 114548 -0.00744438 -0.12349129  0.98464203
10 44 37 154397 -0.08417702 -0.16664696  1.02842903
10 44 37 194922 -0.08732986 -0.06386185  1.0369091 
10 44 37 246643 -0.035923   -0.01789284  0.98752213
10 44 37 296302 -0.01109314 -0.05918503  0.94824219
10 44 37 361855 -0.04365349 -0.08564377  0.97006989
10 44 37 417411 -0.0952282  -0.09907722  1.01773643
10 44 37 464723 -0.09979248 -0.08180618  1.01420784
10 44 37 516562 -0.00494385  0.06316948  1.00333595
10 44 37 566175 0.05209351 0.04055977 0.99692535
10 44 37 610154 -0.06732941 -0.20533371  0.99118042
10 44 37 662024 -0.14709091 -0.21216583  1.02478409
10 44 37 712425 -0.08102989 -0.00711441  1.02483559
10 44 37 751159 -0.01003838 -0.01387405  0.95177841
10 44 37 793901 -0.0437603  -0.1163559   0.94034576
10 44 37 874939 -0.12693787 -0.11824417  0.99639893
10 44 37 919406 -0.13709831 -0.10195923  1.01769066
10 44 37 973660 -0.04714012  0.00188446  0.99193764
10 44 38 20875 -0.00132561 -0.03393364  0.97029305
10 44 38 74991 -0.05640602 -0.14570427  0.99279594
10 44 38 121486 -0.12231255 -0.15879059  1.02410126
10 44 38 163653 -0.09485435 -0.06444168  1.02103806
10 44 38 214824 -0.02329445 -0.01958084  0.96517754
10 44 38 254367 -0.02820015 -0.08455467  0.97388077
10 44 38 314817 -0.09272575  0.12449074 -4.87122345
10 44 38 365961 -0.12634087 -0.12529373  1.02290344
10 44 38 422809 -0.06598091 -0.01366806  1.01549911
10 44 38 464603 -0.00477791  0.01205826  0.87542152
10 44 38 515339 -0.02971649 -0.12729073  0.9749012 
10 44 38 565548 -0.09089088 -0.06523132  1.04581261
10 44 38 598456 -0.06613541  0.03500175  1.01415253
10 44 38 646743 -0.03945923  0.02059174  0.98297119
10 44 38 697538 -0.06572533 -0.10806656  0.95799065
10 44 38 746140 -0.09654236 -0.12872696  1.01803589
10 44 38 794241 -0.10051918 -0.08472824  1.02814293
10 44 38 844551 -0.03656387  0.07932663  1.01436424
10 44 38 896192 0.0091629  0.13110352 0.97344971
10 44 38 946008 -0.06389618 -0.10196686  0.96656418
10 44 38 998009 -0.12938881 -0.21084976  1.00240898
10 44 39 56509 -0.1040554  -0.05458069  1.02900505
10 44 39 92367 -0.02770424  0.05594254  0.991045  
10 44 39 142908 -0.03378677 -0.03369522  0.95103645
10 44 39 197840 -0.07840538 -0.12252426  1.00081825
10 44 39 247589 -0.11089516 -0.11498642  1.04241943
10 44 39 298219 -0.08042717  0.00691223  1.02795792
10 44 39 347318 -0.00796509  0.11432838  0.97865677
10 44 39 392863 -0.02800751 -0.02902794  0.9521637 
10 44 39 444287 -0.09656906 -0.17928314  1.00524902
10 44 39 493476 -0.10819054 -0.07753563  1.04961777
10 44 39 546114 -0.05866241  0.01198769  0.99899483
10 44 39 595629 -0.03697205 -0.0109272   0.9543457 
10 44 39 646018 -0.05265045 -0.06632423  0.96270561
10 44 39 696787 -0.09070587 -0.10683823  1.02385139
10 44 39 744199 -0.09930229 -0.09442711  1.02823639
10 44 39 798366 -0.04715729  0.05604172  1.00136948
10 44 39 845322 -0.01220894  0.13199806  0.9767437 
10 44 39 897712 -0.06863213 -0.08527946  0.96370316
10 44 39 947254 -0.12278175 -0.21343994  1.00411987
10 44 39 993348 -0.11473656 -0.06421661  1.01832962
10 44 40 54232 -0.0550766   0.04362297  0.99505043
10 44 40 90088 -0.06147194 -0.03096771  0.97261047
10 44 40 143187 -0.0833149 -0.1117115  0.9865036
10 44 40 194711 -0.09729004 -0.09736443  1.02212334
10 44 40 245638 -0.08594322 -0.05757713  1.00538445
10 44 40 299515 -0.02227783  0.09536743  1.00495529
10 44 40 345665 -0.02310753  0.06797028  0.98339081
10 44 40 396948 -0.08101845 -0.12897682  0.98703575
10 44 40 444874 -0.11716652 -0.13639641  1.01156616
10 44 40 496544 -0.08179283 -0.02229309  1.00176048
10 44 40 546080 -0.04902267  0.0218811   0.9899292 
10 44 40 593294 -0.05521965 -0.02883911  0.98141479
10 44 40 644457 -0.07986259 -0.09558105  1.0137043 
10 44 40 693687 -0.09640121 -0.09189415  1.01727486
10 44 40 744460 -0.07981873 -0.04759789  0.98352051
10 44 40 794348 -0.02327728  0.10644341  1.0265274 
