14 49 19 118297 
14 49 19 163514 0 26210
14 49 19 166488 0 26260
14 49 19 223274 
14 49 19 269949 0 25610
14 49 19 291564 0 25660
14 49 19 307240 0 25710
14 49 19 322111 0 25760
14 49 19 334927 0 25810
14 49 19 373705 0 25860
14 49 19 385208 0 25910
14 49 19 426927 0 25960
14 49 19 442265 0 26010
14 49 19 471618 0 26060
14 49 19 488735 0 26110
14 49 19 529763 0 26160
14 49 19 541061 0 26210
14 49 19 579622 0 26260
14 49 19 598128 
14 49 19 626047 0 25610
14 49 19 638556 0 25660
14 49 19 668817 0 25710
14 49 19 685990 0 25760
14 49 19 722490 0 25810
14 49 19 741837 0 25860
14 49 19 761285 0 25910
14 49 19 764608 0 25960
14 49 19 810045 0 26010
14 49 19 814454 0 26060
14 49 19 862346 0 26110
14 49 19 865736 0 26160
14 49 19 910862 0 26210
14 49 19 914067 0 26260
14 49 22 17077 0 1999
14 49 22 65460 0 2049
14 49 22 106289 0 2099
14 49 22 155877 0 2149
14 49 22 204221 0 2199
14 49 22 252842 0 2249
14 49 22 306427 0 2299
14 49 22 356118 0 2349
14 49 22 405000 0 2399
14 49 22 453650 0 2449
14 49 22 502956 0 2499
14 49 22 556118 0 2549
14 49 22 605519 0 2599
14 49 22 654177 0 2649
14 49 22 718102 0 2699
14 49 22 766707 0 2749
14 49 22 821817 0 2799
14 49 22 854802 0 2849
14 49 22 905194 0 2899
14 49 22 953570 0 2949
14 49 23 6725 0 2999
14 49 23 65890 0 3049
14 49 23 118709 0 3099
14 49 23 163754 0 3149
14 49 23 219904 0 3200
14 49 23 266227 0 3250
14 49 23 317656 0 3300
14 49 23 365202 0 3350
14 49 23 408976 0 3400
14 49 23 457409 0 3450
14 49 23 506918 0 3500
14 49 23 555470 0 3550
14 49 23 605532 0 3600
14 49 23 658067 0 3650
14 49 23 708104 0 3700
14 49 23 756400 0 3750
14 49 23 805670 0 3800
14 49 23 869058 0 3850
14 49 23 907973 0 3900
14 49 23 956998 0 3950
14 49 24 7039 0 4000
14 49 24 59039 0 4050
14 49 24 108483 0 4100
14 49 24 157627 0 4150
