11 19 57 566537 -0.01687813 -0.00235605  1.02543712
11 19 57 568909 -0.03901291 -0.09834814  0.95011187
11 19 57 588479 -0.06910706 -0.15664911  0.96844411
11 19 57 595184 -0.07216644 -0.10202122  1.03510857
11 19 57 644870 -0.03736901 -0.04338455  1.04195189
11 19 57 693854 -0.03836489 -0.0719049   0.98034668
11 19 57 743340 -0.06611347 -0.10827255  0.93211174
11 19 57 797410 -0.08918118 -0.09722161  1.0071342 
11 19 57 844293 -0.06369305 -0.01785731  1.04849172
11 19 57 895578 -0.01258802  0.01502347  1.02215409
11 19 57 945343 -0.02809811 -0.08272028  0.95333219
11 19 57 993475 -0.06740713 -0.16469812  0.98321462
11 19 58 50374 -0.070611   -0.11199975  1.03771472
11 19 58 98735 -0.03863263 -0.04346275  1.04039669
11 19 58 143828 -0.03802204 -0.066468    0.97776246
11 19 58 193981 -0.05794764 -0.10615516  0.94571424
11 19 58 244465 -0.08356524 -0.10370302  1.01208735
11 19 58 294790 -0.06700206 -0.02726293  1.04156876
11 19 58 344246 -0.02700329  0.01580358  1.01117539
11 19 58 396025 -0.02849293 -0.06687474  0.95159507
11 19 58 445121 -0.06236267 -0.15541863  0.99358678
11 19 58 498113 -0.07285857 -0.11832094  1.03925014
11 19 58 545464 -0.04514146 -0.04362106  1.03577566
11 19 58 592886 -0.04175234 -0.05798936  0.97006416
11 19 58 643870 -0.05485392 -0.09281278  0.94397902
11 19 58 692876 -0.0825727  -0.12115502  1.00603509
11 19 58 745274 -0.07202005 -0.04857516  1.04226255
11 19 58 794791 -0.03348327  0.02129364  1.01989269
11 19 58 845824 -0.02790713 -0.04768658  0.94790149
11 19 58 895752 -0.05195594 -0.14288235  0.99088502
11 19 58 943084 -0.07042909 -0.13757253  1.03873682
11 19 58 997825 -0.04879546 -0.0611465   1.04793191
11 19 59 47828 -0.04060769 -0.04661703  0.98842502
11 19 59 97375 -0.05415988 -0.07604885  0.93579578
11 19 59 144599 -0.07214212 -0.1152184   0.9955318 
11 19 59 191974 -0.08218932 -0.09708786  1.03965783
11 19 59 242746 -0.05078745  0.02400804  1.04281831
11 19 59 294275 -0.01679945  0.0542109   0.9754262 
11 19 59 346168 -0.03873301 -0.11307216  0.94937158
11 19 59 394055 -0.07791781 -0.22809243  1.00087857
11 19 59 444705 -0.06710863 -0.11015534  1.04180288
11 19 59 494301 -0.03448844 -0.00775695  1.04410481
11 19 59 543953 -0.05075049 -0.06584668  0.93510365
11 19 59 596122 -0.06585622 -0.13485312  0.93757749
11 19 59 643645 -0.08726358 -0.11605382  1.02926159
11 19 59 696579 -5.80093861e-02 -5.15222549e-04  1.06592274e+00
11 19 59 744924 -0.01627064  0.03880787  1.02237916
11 19 59 792266 -0.03410244 -0.09516859  0.91626835
11 19 59 843351 -0.06763339 -0.18516994  0.9905436 
11 19 59 893946 -0.06744957 -0.1147089   1.04465008
11 19 59 944897 -0.03097224 -0.03677416  1.03707266
11 19 59 993312 -0.04035044 -0.06043959  0.96365714
11 20 0 55759 -0.0602591  -0.10634351  0.92998743
11 20 0 113653 -0.08708024 -0.10713911  1.02673936
11 20 0 166048 -0.05929828 -0.01688838  1.05694342
11 20 0 218305 -0.02013111  0.02567124  1.02544641
11 20 0 274296 -0.03565359 -0.08359647  0.91922903
11 20 0 323563 -0.06578517 -0.16546822  0.97461414
11 20 0 349003 -0.07091689 -0.11482882  1.04656529
11 20 0 391930 -0.04061651 -0.03849649  1.04370093
11 20 0 443265 -0.03815174 -0.05746889  0.96983528
11 20 0 492999 -0.06620955 -0.10461712  0.91382122
11 20 0 543765 -0.08872676 -0.10380435  1.02040172
11 20 0 593504 -0.06356621 -0.02209496  1.06055641
11 20 0 644594 -0.01277161  0.03221416  1.03537178
11 20 0 694008 -0.03046799 -0.08554363  0.93112779
11 20 0 742563 -0.06675601 -0.17374253  0.96084261
11 20 0 794677 -0.0755775  -0.1197257   1.04814172
11 20 0 843921 -0.03763819 -0.04055882  1.04993153
11 20 0 895620 -0.03806376 -0.06404877  0.98801041
11 20 0 944699 -0.06615114 -0.11046553  0.90916753
11 20 0 992482 -0.09106851 -0.09540129  1.00440168
11 20 1 50362 -0.06291246 -0.00891995  1.06009746
11 20 1 91924 -0.01386452  0.0211904   1.03383398
11 20 1 143519 -0.03905773 -0.10943365  0.94387865
11 20 1 193352 -0.07416582 -0.1758821   0.96280456
11 20 1 245102 -0.07101774 -0.09678721  1.03897882
11 20 1 294287 -0.03214383 -0.03679752  1.04332328
11 20 1 344288 -0.03590107 -0.07918692  0.98318624
11 20 1 395438 -0.06887221 -0.11843181  0.91486073
11 20 1 444534 -0.08857131 -0.07245755  1.01347351
11 20 1 495661 -0.05461621 -0.01532269  1.04057169
11 20 1 546143 -0.02764773 -0.05608821  1.00772858
11 20 1 593747 -0.04175615 -0.10398245  0.95477796
11 20 1 645904 -0.06395769 -0.09367824  1.0019989 
11 20 1 692178 -0.06097126 -0.07076168  1.0386889 
11 20 1 743932 -0.04214144 -0.06594419  1.01759672
11 20 1 794607 -0.04137158 -0.06418228  0.95566368
11 20 1 844562 -0.06778049 -0.08445597  0.96072245
11 20 1 894925 -0.08507895 -0.10408807  1.02035809
11 20 1 943757 -0.06081128 -0.01960588  1.04006577
11 20 1 994797 -0.02211332  0.02626085  1.00365233
11 20 2 47034 -0.03832865 -0.08961987  0.95391417
11 20 2 95804 -0.06662869 -0.18561172  0.99057412
11 20 2 143523 -0.07189965 -0.1163888   1.0332644 
11 20 2 191975 -0.04384565 -0.02808523  1.04024172
11 20 2 242927 -0.04712725 -0.0598886   0.9587214 
11 20 2 292636 -0.0640974  -0.11068344  0.9390316 
11 20 2 344973 -0.08308673 -0.11997724  1.00582218
11 20 2 393010 -0.06631017 -0.03663373  1.04253864
11 20 2 444674 -0.02465558  0.03111005  1.02241731
11 20 2 493923 -0.02997279 -0.04889584  0.95174098
11 20 2 542687 -0.05937052 -0.16920996  0.98167992
11 20 2 594289 -0.07171154 -0.1543982   1.02825356
11 20 2 643666 -0.04398799 -0.05525279  1.03485918
11 20 2 695601 -0.0386014  -0.04305458  0.98416328
11 20 2 744500 -0.05648923 -0.08788157  0.93821955
11 20 2 791384 -0.07649803 -0.11721683  1.00191426
11 20 2 843029 -0.07532692 -0.06967235  1.03899813
11 20 2 892177 -0.03521037  0.04064584  1.03568006
11 20 2 946914 -0.02141714 -0.00683594  0.95456862
11 20 2 993850 -0.05366802 -0.15845084  0.9622097 
11 20 3 54682 -0.07809806 -0.18453884  1.01770473
11 20 3 90395 -0.05075741 -0.05912495  1.03599644
11 20 3 142775 -0.03085971 -0.01237416  1.00984359
11 20 3 195477 -0.05628014 -0.08855081  0.91777754
11 20 3 252033 -0.07562542 -0.12794161  0.97517109
11 20 3 328391 -0.07873964 -0.07325292  1.03776956
11 20 3 362922 -0.03846431  0.00839376  1.04203963
11 20 3 410537 -0.03011632 -0.04418278  0.96761847
11 20 3 453938 -0.0489192  -0.11656523  0.95401335
11 20 3 513790 -0.06775188 -0.12828946  1.02912307
11 20 3 558440 -0.05500984 -0.0784905   1.04081392
11 20 3 610484 -0.03794408 -0.05266547  1.00978613
11 20 3 665167 -0.05124593 -0.06858635  0.92516351
11 20 3 722735 -0.06620693 -0.09334469  0.97474051
11 20 3 768443 -0.08304858 -0.1131556   1.03051519
11 20 3 818931 -0.05807996 -0.01374435  1.04530454
11 20 3 869638 -0.04683614 -0.92217636 -0.01195478
11 20 3 913640 -0.07063317 -0.19900227  0.98783064
11 20 3 964439 0.01533794 0.43699265 0.53531528
11 20 4 9638 -0.03772926 -0.02716064 -0.24592066
11 20 4 72604 -0.04696727 -0.04863787  0.95720506
11 20 4 118262 -0.00221109 -0.00051308  0.01558375
11 20 4 161954 -0.07721281 -0.12155128  0.96480823
11 20 4 213891 -0.08274198 -0.11095881  1.02728629
11 20 4 267848 -0.05793619 -0.04180694  1.05677915
11 20 4 322850 -0.04546785 -0.03501368  1.00530291
11 20 4 376973 -0.0583744  -0.07418942  0.95330024
11 20 4 421701 -0.08482885 -0.10783267  0.98018098
11 20 4 464419 -0.08465338 -0.06077194  1.04299736
11 20 4 518036 -0.05738711  0.013695    1.05278397
11 20 4 567440 -0.05218482 -0.02964568  0.97494125
11 20 4 610153 -0.07847357 -0.12402487  0.93855619
11 20 4 657815 -0.0886786  -0.1234417   1.00179863
11 20 4 717704 -0.06854796 -0.04439998  1.05521393
11 20 4 755495 -0.05269647 -0.03881073  1.00344467
11 20 4 817078 -0.0667491  -0.084553    0.94646907
11 20 4 865023 -0.08757925 -0.10972738  0.96647692
11 20 4 913737 -0.0851388  -0.06015778  1.04368973
11 20 4 963128 -0.05659604  0.02836609  1.06516051
11 20 5 19149 -0.0554347  -0.02748036  0.98259759
11 20 5 65165 -0.08502769 -0.14588332  0.93592596
11 20 5 115872 -0.08892059 -0.1246593   1.00189114
11 20 5 164201 -0.06743765 -0.02899027  1.05709767
11 20 5 213196 -0.05544472 -0.03801608  1.01086426
11 20 5 253379 -0.08146262 -0.09930539  0.9456079 
11 20 5 306162 -0.10546589 -0.11000466  0.97540283
11 20 5 344509 -0.08578038 -0.02323985  1.04809642
11 20 5 394673 -0.05896091 -0.01890659  1.03450823
11 20 5 445342 -0.0609479  -0.09556556  0.97210836
11 20 5 493999 -0.08500814 -0.10293436  0.97751355
11 20 5 544835 -0.08300805 -0.05527472  1.01594377
11 20 5 595012 -0.06216741 -0.03441048  1.02406502
11 20 5 644645 -0.05550385 -0.06272388  0.98433042
11 20 5 700293 -0.07374763 -0.08903003  0.96172214
11 20 5 745410 -0.09007335 -0.08535528  0.98297882
11 20 5 792684 -0.06815553 -0.01860237  1.03518796
11 20 5 844086 -0.043854   -0.00279355  1.0217576 
11 20 5 893266 -0.05380154 -0.08509016  0.96788883
11 20 5 944881 -0.07851005 -0.13632703  0.97265339
11 20 5 993275 -0.07919645 -0.07826757  1.02679777
11 20 6 55238 -0.05634952 -0.03513122  1.03457856
11 20 6 91316 -0.053092   -0.06952095  0.9726882 
11 20 6 142185 -0.07980728 -0.11365676  0.94704485
11 20 6 195080 -0.09494352 -0.09068203  0.99151421
11 20 6 243696 -0.06441593  0.01753855  1.04313111
11 20 6 296442 -0.04505777  0.00942659  1.01137042
11 20 6 345809 -0.06885171 -0.12679577  0.9493072 
11 20 6 392047 -0.09600949 -0.15586805  0.98323584
11 20 6 444254 -0.0726378  -0.04984379  1.05005479
11 20 6 493271 -0.04701209 -0.0228734   1.02516365
11 20 6 557365 -0.06285715 -0.08943939  0.95444465
11 20 6 616928 -0.09278393 -0.13164926  0.95363593
11 20 6 648539 -0.08708954 -0.04977584  1.02625632
11 20 6 695402 -0.05432916  0.00103569  1.03558278
11 20 6 744027 -0.05210519 -0.06593466  0.97290564
11 20 6 796604 -0.07503891 -0.10731673  0.96319771
11 20 6 844587 -0.08353257 -0.06430697  1.01345968
11 20 6 896933 -0.06168056 -0.03447676  1.03267145
11 20 6 945398 -0.05046105 -0.05675054  0.99101853
11 20 6 992980 -0.06886935 -0.09074521  0.94746971
11 20 7 52563 -0.09338737 -0.08467484  0.97105336
11 20 7 94230 -0.07297754 -0.0205307   1.03436899
11 20 7 144847 -0.04742193 -0.00389838  1.02125263
11 20 7 194420 -0.05700397 -0.08561039  0.96792817
11 20 7 244701 -0.08576727 -0.12293029  0.97083402
11 20 7 295200 -0.08089018 -0.06392145  1.03298378
11 20 7 345528 -0.0589354  -0.0419867   1.04349732
11 20 7 395580 -0.05911231 -0.08828139  0.98676872
11 20 7 445134 -0.0870142  -0.12869787  0.94389391
11 20 7 498322 -0.09545302 -0.07958913  0.98030305
11 20 7 545061 -0.06164098  0.00559831  1.03414297
11 20 7 592821 -0.04448819 -0.0379765   1.00805783
11 20 7 644370 -0.07788491 -0.14454341  0.96134663
11 20 7 692884 -0.09479833 -0.11285472  0.98639894
11 20 7 744686 -0.0662868  -0.0273087   1.03386831
11 20 7 793914 -0.04700661 -0.0512948   1.01230335
11 20 7 847333 -0.06844163 -0.1238656   0.95783639
11 20 7 894681 -0.09665251 -0.12136078  0.96062016
11 20 7 944040 -0.07525015 -0.02186441  1.01457953
11 20 7 995860 -0.04469705 -0.0090456   1.00889254
11 20 8 47965 -0.05515552 -0.10087419  0.97455645
11 20 8 97023 -0.0848918  -0.1073947   0.98776102
11 20 8 144808 -0.07821298 -0.03186226  1.02996826
11 20 8 194604 -0.04871917 -0.01962805  1.02723408
11 20 8 244841 -0.05204034 -0.07622409  0.9811902 
11 20 8 293844 -0.08509088 -0.1154747   0.95878124
11 20 8 345121 -0.09302282 -0.05799794  0.99781561
11 20 8 393982 -0.05927014  0.00786781  1.02620625
11 20 8 445047 -0.04559779 -0.04854512  0.98641849
11 20 8 494292 -0.07063103 -0.12434292  0.96230841
11 20 8 543155 -0.08489227 -0.08251309  1.00728416
11 20 8 595666 -0.06484556 -0.02491975  1.0415144 
11 20 8 645145 -0.05092216 -0.0623343   1.01394439
11 20 8 697822 -0.06980205 -0.12273312  0.96019149
11 20 8 745259 -0.09477568 -0.11240244  0.9642911 
11 20 8 793376 -0.07888889 -0.03179216  1.00512743
11 20 8 843891 -0.05165935 -0.04887438  1.00070238
11 20 8 893705 -0.05741453 -0.11775804  0.97908068
11 20 8 962798 -0.08076406 -0.09872603  0.98896003
11 20 9 17256 -0.07251501 -0.03573632  1.0221436 
11 20 9 72675 -0.051682   -0.04201651  1.020787  
11 20 9 114488 -0.05392361 -0.08909917  0.99456334
11 20 9 161270 -0.08026934 -0.11018801  0.96106005
11 20 9 217271 -0.08507085 -0.06680632  0.98166847
11 20 9 266810 -0.06007934 -0.01167822  1.00913787
11 20 9 321779 -0.04488373 -0.04645801  0.99881244
11 20 9 365912 -0.06490493 -0.11160612  0.97501564
11 20 9 410145 -0.08134866 -0.08372211  1.00434923
11 20 9 463762 -0.06680417 -0.02662826  1.0357275 
11 20 9 522838 -0.05035329 -0.05070162  1.01912332
11 20 9 563335 -0.0651052  -0.0989182   0.97246957
11 20 9 613306 -0.09545898 -0.11196494  0.96552873
11 20 9 662713 -0.08289909 -0.03950453  1.00716138
11 20 9 694923 -0.04922533 -0.00234056  1.01088738
11 20 9 743185 -0.05150938 -0.07867074  0.97432303
11 20 9 795034 -0.08466053 -0.1247673   0.97521591
11 20 9 845152 -0.06248116 -1.6407218  -0.99592471
11 20 9 896456 -0.04713035 -0.06666565  0.99542689
11 20 9 944016  0.01531959 -1.8285737   1.89435816
11 20 9 991944 -0.09864306 -0.10296631 -0.2461834 
11 20 10 49989 -0.06916714 -0.00852132  1.02873063
11 20 10 92972 -0.00457287 -0.01631117  0.01555681
11 20 10 147133 -0.11031985 -0.19586492  0.91905642
11 20 10 193413 -0.09480572 -0.10540652  1.041327  
11 20 10 244296 -0.05604053 -0.01683497  1.0769484 
11 20 10 295536 -0.06359243 -0.07687926  0.99125075
11 20 10 343610 -0.08432007 -0.14090228  0.92098403
11 20 10 395368 -0.07688379 -0.03130436  1.0242703 
11 20 10 444924 -0.05614305  0.09091663  1.08202505
11 20 10 497012 -0.06189466 -0.03010988  0.98085737
11 20 10 546018 -0.09521103 -0.17773581  0.90797782
11 20 10 592745 -0.09205174 -0.12721539  0.98661232
11 20 10 643934 -0.06572461 -0.01312637  1.05151057
11 20 10 693500 -0.06204152 -0.0739615   1.00411177
11 20 10 744773 -0.08179402 -0.15901375  0.9518044 
11 20 10 794260 -0.07816386 -0.01690531  1.03474045
11 20 10 845990 -0.06193209  0.13195419  1.07333159
11 20 10 894512 -0.07883644 -0.04071903  0.95108604
11 20 10 943188 -0.10549593 -0.21968269  0.91197038
11 20 10 995281 -0.07963824 -0.11206079  1.01397228
11 20 11 47142 -0.05122685  0.00420547  1.06791806
11 20 11 96369 -0.07566595 -0.11561847  1.00038171
11 20 11 143890 -0.07538557 -0.12548757  0.97249055
11 20 11 192103 -0.05749345  0.08386517  1.06119275
11 20 11 243463 -0.07829237  0.06121111  0.99787307
11 20 11 292489 -0.12056255 -0.16645122  0.92377114
11 20 11 344351 -0.08326602 -0.1742301   0.98868275
11 20 11 394205 -0.0528934  -0.02271938  1.0339818 
11 20 11 446897 -0.07003951 -0.04960442  0.99446702
11 20 11 494832 -0.08547473 -0.10022068  1.00266623
11 20 11 543325 -0.06966424 -0.02438116  1.04879642
11 20 11 595473 -0.09137893 -0.04392958  0.99731493
11 20 11 644233 -0.09186959 -0.11958146  0.95849586
11 20 11 696304 -0.06004882 -0.09260154  0.99301147
11 20 11 745335 -0.07038784 -0.04770398  1.00296426
11 20 11 791837 -0.08223009 -0.03455281  1.0085156 
11 20 11 844962 -0.06379199  0.01638889  1.01984406
11 20 11 892854 -0.09337854 -0.07082987  0.98063898
11 20 11 945706 -0.11321568 -0.14913058  0.98780584
11 20 11 993599 -0.062922   -0.08849192  1.03047204
11 20 12 55519 -0.05985475 -0.04650903  1.01094294
11 20 12 95997 -0.10348773 -0.03805542  0.98976231
11 20 12 142370 -0.08395147 -0.00336242  1.00295496
11 20 12 195502 -0.0774188  -0.06525874  0.9879384 
11 20 12 244659 -0.08054996 -0.10154366  1.00317621
11 20 12 296347 -0.05612397 -0.04331183  1.01688957
11 20 12 346121 -0.07066512 -0.05466151  0.98609996
11 20 12 391888 -0.08815742 -0.02203751  1.01271462
11 20 12 443532 -0.08749485 -0.01521111  1.01796865
11 20 12 494489 -0.09020996 -0.09708786  0.96536636
11 20 12 544444 -0.0681448  -0.08453846  0.99726343
11 20 12 597789 -0.06111908 -0.03285456  1.01735592
11 20 12 645875 -0.09052134 -0.04651403  0.9994235 
11 20 12 694916 -0.10125017 -0.03640389  1.00697565
11 20 12 743138 -0.08944273 -0.05828595  1.00134468
11 20 12 794527 -0.06608176 -0.06673026  0.98812556
11 20 12 844629 -0.04824162 -0.04483128  1.01316524
11 20 12 896208 -0.08489108 -0.05784702  0.98962736
11 20 12 944657 -0.09695673  0.00493431  1.00777507
11 20 12 993005 -0.09821558 -0.00207043  1.02195048
11 20 13 50594 -0.09071827 -0.09019756  0.97922707
11 20 13 91803 -0.05252099 -0.06140256  1.00397396
11 20 13 145072 -0.06704855 -0.03724384  1.01816034
11 20 13 193023 -0.10455298 -0.02556086  0.99980521
11 20 13 244437 -0.09665442 -0.0349822   0.99831367
11 20 13 294463 -0.08591652 -0.07120848  1.01745367
