15 17 3 755143 0 5651
15 17 12 579651 0 5701
15 17 18 532999 0 4951
15 17 24 485564 0 5001
15 17 24 915889 0 5051
15 17 25 345461 0 5101
15 17 25 775122 0 5151
15 17 26 205203 0 5201
15 17 26 635553 0 5251
15 17 27 66006 0 5301
15 17 27 496339 0 5351
15 17 27 926916 0 5401
15 17 28 356594 0 5451
15 17 28 786217 0 5501
15 17 29 216199 0 5551
15 17 29 646233 0 5601
15 17 30 76250 0 5651
15 17 30 506308 0 5701
15 17 30 935759 0 4951
15 17 31 365967 0 5001
15 17 31 795593 0 5051
15 17 32 225340 0 5101
15 17 32 655399 0 5151
15 17 33 83027 0 5201
15 17 33 512702 0 5251
15 17 33 942777 0 5301
15 17 34 371080 0 5351
15 17 34 799629 0 5401
15 17 35 229445 0 5451
15 17 35 659476 0 5501
15 17 36 88233 0 5551
15 17 36 517892 0 5601
15 17 36 947679 0 5651
15 17 37 378031 0 5701
15 17 37 806987 0 1999
15 17 38 236672 0 2049
15 17 38 666746 0
15 17 39 94399 0 19991
15 17 39 522542 0 20041
15 17 39 952571 0 20091
