-0.00022316 -0.00048018 -0.00058126
2.12192535e-04 1.36375427e-04 3.29017639e-05
5.86509705e-05 2.60353088e-04 1.72615051e-04
-0.00024891 -0.00063372  0.00033998
-1.15394592e-04  1.52587891e-05  5.00679016e-05
-0.00012207 -0.00038385 -0.00019026
 0.00014925 -0.00031471 -0.00018549
-0.0005703   0.00087118  0.00014257
-3.62396240e-05 -2.65121460e-04  2.17437744e-04
-0.00017881  0.00015211  0.00022411
-1.46389008e-04  2.28881836e-04 -6.29425049e-05
-0.00040102  0.00043631 -0.00023842
 0.00020075  0.00036621 -0.00068617
 0.00015259 -0.00017405 -0.00022364
 2.47001648e-04 -7.06195831e-04 -9.96589661e-05
 0.00044966 -0.00040007 -0.00020885
-1.73091888e-04  3.20911407e-04  2.90870667e-05
3.12805176e-04 4.59194183e-04 8.53538513e-05
