-0.0497508  -0.01063681  0.99513531
-0.05213785 -0.00666451  1.00151396
-0.05014157 -0.00696325  0.99888206
-0.05029941 -0.01002812  1.00000644
-0.05066419 -0.011415    1.00353456
-0.05130434 -0.01251149  0.9984479 
-0.05091381 -0.01119065  0.99937487
-0.05258107 -0.01351738  1.00248241
-0.05226779 -0.01169014  0.99672699
-0.05589318 -0.01118755  1.0011735 
-0.05740857 -0.0102427   1.00148916
-0.05615425 -0.01321173  1.00195694
-0.05428481 -0.00803041  1.00313187
-0.05608463 -0.00907612  1.00008655
-0.04821491 -0.00568867  1.00116801
-0.04902172 -0.00751638  1.00214267
-0.0495038  -0.01073432  0.99912262
-0.05118728 -0.01139569  1.00204992
