15 40 36 239428  0.0264883  -0.04941511  1.00076437
15 40 36 261882  0.02200341 -0.05195332  0.99773788
15 40 36 345785  0.02402854 -0.05034757  0.99872279
15 40 36 454520  0.0231545  -0.0487287   0.99941134
15 40 36 563248  0.02080131 -0.05034208  1.00173283
15 40 36 672188  0.02081895 -0.05046058  1.00106692
15 40 36 780963  0.01985693 -0.05139613  1.00106764
15 40 36 889742  0.02238083 -0.04997778  0.99954462
15 40 36 998448  0.02176189 -0.05057287  0.99965763
15 40 37 107336  0.02386355 -0.04961991  0.99987411
15 40 37 216175  0.02622008 -0.05125976  0.99867439
15 40 37 325099  0.02305937 -0.04956031  0.99790096
15 40 37 433813  0.02688599 -0.04722476  0.99976969
15 40 37 542679  0.02194095 -0.05134869  1.00077319
15 40 37 651390  0.02394462 -0.05249143  0.99991059
15 40 37 760236  0.02208734 -0.04945803  1.00217938
15 40 37 868931  0.0234971  -0.04880118  1.00172162
15 40 37 939562  0.02170825 -0.04941797  0.99846101
15 40 38 45267  0.02240133 -0.05029893  0.99804807
15 40 38 154499  0.02214026 -0.04978251  1.00046945
15 40 38 263265  0.02073574 -0.05166149  0.99817371
15 40 38 372087  0.02205038 -0.05188084  0.99982595
15 40 38 480865  0.01855588 -0.05120802  1.00188637
15 40 38 589598  0.02359343 -0.05185509  1.00123978
15 40 38 698452  0.02418995 -0.05418301  0.99914098
15 40 38 807330  0.02390242 -0.04853964  1.00004697
15 40 38 915985  0.02325368 -0.04723716  1.00190973
15 40 39 25193  0.02380633 -0.04707146  1.00452256
15 40 39 133622  0.0235014  -0.04922986  1.00268269
15 40 39 242465  0.02342677 -0.05065084  1.00201559
15 40 39 351202  0.02313089 -0.05289245  1.00261068
15 40 39 460081  0.02417707 -0.0525589   1.00043654
15 40 39 568788  0.02164888 -0.04994798  1.00105309
15 40 39 677619  0.02154469 -0.04954362  1.00142312
15 40 39 786382  0.02093005 -0.05040312  0.99830031
15 40 39 894721  0.0204556  -0.05039072  0.99814796
15 40 40 3962  0.02053642 -0.0491941   1.00045252
15 40 40 112818  0.02641249 -0.05190682  0.99997687
15 40 40 221520  0.02400732 -0.05088544  1.00150275
15 40 40 330381  0.02338362 -0.05126858  1.00238013
15 40 40 439145  0.02406836 -0.05308986  1.00187278
15 40 43 187537  0.02057076 -0.04944348  1.00277972
15 40 43 289423  0.01928926 -0.05073547  1.00314641
15 40 43 398300  0.02218938 -0.05060434  1.00177431
15 40 46 106274  0.02376032 -0.05062675  0.99779344
15 40 46 209678  0.02193713 -0.04875779  0.99993515
15 40 46 318385  0.0232656  -0.0482192   0.99955225
15 40 49 26873  0.02254868 -0.05034208  0.99996376
15 40 49 130078  0.01960945 -0.0513196   0.99952102
15 40 49 238934  0.02321529 -0.05167842  1.00266504
15 40 51 944110  0.02198815 -0.0491221   1.00038528
15 40 52 46471  0.02222991 -0.04947639  1.00100732
15 40 52 155165  0.02273488 -0.04881358  1.00339651
15 40 54 863694  0.02354169 -0.05125856  0.99618554
15 40 54 966643  0.02447796 -0.04919481  1.00190711
15 40 55 75462  0.02370143 -0.05138183  1.00048971
15 40 57 783873  0.02126694 -0.04792905  1.00048137
