15 40 36 240458 5226
15 40 36 263276 1 85276
15 40 36 346366 1 85326
15 40 36 455111 1 85376
15 40 36 563821 1 85426
15 40 36 672764 1 85476
15 40 36 781473 
15 40 36 890315 1 84826
15 40 36 999044 1 84876
15 40 37 107910 1 84926
15 40 37 216750 1 84976
15 40 37 325676 1 85026
15 40 37 434395 1 85076
15 40 37 543270 1 85126
15 40 37 651957 1 85176
15 40 37 760803 1 85226
15 40 37 869492 1 85276
15 40 37 940138 1 85326
15 40 38 45843 1 85376
15 40 38 155078 1 85426
15 40 38 263833 1 85476
15 40 38 372576 
15 40 38 481450 1 84826
15 40 38 590165 1 84876
15 40 38 699083 1 84926
15 40 38 807913 1 84976
15 40 38 916553 1 85026
15 40 39 25825 1 85076
15 40 39 134191 1 85126
15 40 39 243041 1 85176
15 40 39 351783 1 85226
15 40 39 460666 1 85276
15 40 39 569358 1 85326
15 40 39 678191 1 85376
15 40 39 786960 1 85426
15 40 39 895310 1 85476
15 40 40 4523 0 1999
15 40 40 113401 0 2049
15 40 40 222074 0 2099
15 40 40 330956 0 2149
15 40 43 184156 0
15 40 43 188667 0 9083
15 40 43 290001 0 9133
15 40 46 104418 0
15 40 46 106878 0 12004
15 40 46 210249 0 12054
15 40 49 24819 0
15 40 49 27487 1 14928
15 40 49 130985 1 14978
15 40 51 941131 0
15 40 51 945206 3 17850
15 40 52 47118 3 17900
15 40 54 861465 0
15 40 54 864442 287 20770
15 40 54 967258 210 20820
15 40 57 781748 0
15 40 57 784582 456 23693
