10 22 24 836882 -0.0006547  -0.00211525  0.00045967
10 22 24 839481 -0.00010824 -0.00214291  0.00051451
10 22 24 841928 -0.00067711 -0.00128174  0.00044918
10 22 24 844224  2.19345093e-05  1.05381012e-04 -5.91278076e-05
10 22 24 846404 0.00079584 0.00061369 0.00017023
10 22 24 848814 1.86109543e-03 1.69706345e-03 4.57763672e-05
10 22 24 851172  0.00145769  0.00157309 -0.00017071
10 22 24 853285  0.00124788  0.00162888 -0.00064945
10 22 24 855292  0.00075102  0.00059891 -0.00051022
10 22 24 857214  0.00010538 -0.000453   -0.00075817
10 22 24 859323 -0.00042295 -0.00105572 -0.00053596
10 22 24 861647 -0.00056124 -0.00097609 -0.0006094 
10 22 24 863993 -0.00045013 -0.00058603 -0.00038338
10 22 24 866018 -0.00086832 -0.00108004 -0.00046301
10 22 24 867946  5.34057617e-04  1.46102905e-03 -2.33650208e-05
10 22 24 869866  0.00071955 -0.00010252 -0.00017166
10 22 24 871729 0.00109816 0.00207281 0.00072956
10 22 24 873666 2.50339508e-04 6.96182251e-05 7.04765320e-04
10 22 24 876517 3.81469727e-06 1.01566315e-03 7.05242157e-04
10 22 24 878643 -0.0010047  -0.00079536  0.00024652
10 22 24 880719 -0.00037909 -0.00108051  0.00026035
10 22 24 882777 -0.00157738 -0.00163126  0.00055075
10 22 24 885071 -0.00150919 -0.00105095  0.00075865
10 22 24 887153 -0.00158834 -0.00047064  0.000772  
10 22 24 889217 -0.00067663  0.0013485   0.00015783
10 22 24 892046 2.57492065e-05 1.65748596e-03 2.98976898e-04
10 22 24 894240 -9.62734222e-04  1.44100189e-03  8.39233398e-05
10 22 24 896835  3.63826752e-04 -7.62939453e-05 -7.15255737e-04
10 22 24 899300 -0.00163174 -0.00061989 -0.00050545
10 22 24 901750 -0.00075102 -0.00112724 -0.0013833 
10 22 24 903733 -0.00291252 -0.00200367 -0.00038338
10 22 24 905680 -0.00329971 -0.0015521  -0.00053549
10 22 24 907676 -1.96409225e-03 -6.95228577e-04 -2.57492065e-05
10 22 24 910174 -3.00407410e-05 -2.25067139e-04 -3.45230103e-04
10 22 24 912216  1.47581100e-03  1.11150742e-03 -6.58035278e-05
10 22 24 914188 -0.00026083  0.00181341  0.00083351
10 22 24 916284 -0.00022268  0.00174284  0.00074911
10 22 24 918804 -0.00037813  0.00023556  0.00146246
10 22 24 921485 0.00098896 0.00015116 0.00206566
10 22 24 923915  0.00134802 -0.00082779  0.00193691
10 22 24 925945 0.00154495 0.00040007 0.00300455
10 22 24 927987 0.00190067 0.00056648 0.00232172
10 22 24 930574 0.00322342 0.00157309 0.00292063
10 22 24 932688 0.00487661 0.00118637 0.00244999
10 22 24 934615 0.0045433  0.00186443 0.00336933
10 22 24 936631 0.00203943 0.00071478 0.00288248
10 22 24 938541 0.00139046 0.00105524 0.00227737
10 22 24 940559  1.57356262e-05 -4.99725342e-04  1.42860413e-03
10 22 24 943033  0.00079203 -0.00139046  0.00027847
10 22 24 945109  1.03855133e-03 -1.43623352e-03  3.33786011e-06
10 22 24 947518 -0.00105381 -0.0013504  -0.000669  
10 22 24 949978 -0.00060844 -0.00113773 -0.00124931
10 22 24 952179 -0.00013876 -0.00092936 -0.00124645
10 22 24 954217  5.38349152e-04 -4.72068787e-05 -1.68848038e-03
10 22 24 970003  0.00133657  0.00112391 -0.00212908
10 22 24 972468  6.67572021e-06  3.33786011e-06 -2.50000858e+00
10 22 24 975007 -0.00094891  0.00101662 -0.00232077
10 22 24 993575 -0.00037718 -0.0002923   0.00017405
10 22 24 996500 -0.0015564   0.00034523 -0.00017929
10 22 25 17864 -0.00137281  0.00032902  0.00048494
10 22 25 41347 -2.05039978e-05 -3.11374664e-04  7.29560852e-05
10 22 25 43944  1.78098679e-03 -4.23908234e-04  5.48362732e-05
10 22 25 65861  0.00116348 -0.00019836  0.00050688
10 22 25 89320 -0.00070715  0.0003047   0.00021648
10 22 25 91492 -0.00084496  0.00029135  0.00034523
10 22 25 113858 -5.71250916e-04 -8.05854797e-05  4.67777252e-04
10 22 25 137284 -0.00027847 -0.00080633  0.00056028
10 22 25 139467 -0.00051641 -0.00045824  0.0007453 
10 22 25 162758 -0.00028992  0.00029135  0.00035429
10 22 25 190230  0.00034857  0.00093746 -0.00027275
10 22 25 201408 -1.48296356e-04  6.41822815e-04 -7.39097595e-05
10 22 25 215894  0.000597    0.00045824 -0.00015831
10 22 25 235284  3.60012054e-04  7.91549683e-05 -5.79357147e-04
10 22 25 246571  0.00025129 -0.00030804 -0.00016499
10 22 25 261460  0.00035095 -0.00075769 -0.0004859 
10 22 25 286484 -0.0001626  -0.00034094 -0.00028133
10 22 25 295373 -4.10556793e-04 -7.34329224e-05 -1.94072723e-04
10 22 25 310708 -9.17434692e-04  3.23772430e-04 -2.81333923e-05
10 22 25 329380 -0.00048351 -0.00027561 -0.0003047 
10 22 25 332164 5.19752502e-05 2.99453735e-04 5.24520874e-06
10 22 25 353520 -6.48498535e-05  3.49998474e-04 -2.67028809e-05
10 22 25 377057 -2.15053558e-04 -1.81198120e-05 -4.05311584e-04
10 22 25 379304 -4.81605530e-04  1.53064728e-04 -7.15255737e-05
10 22 25 401455 4.80175018e-04 1.14440918e-05 1.89781189e-04
10 22 25 425044 0.00017262 0.00026417 0.00021696
10 22 25 427580 -0.00023603 -0.000278    0.00043869
10 22 25 449740  1.54972076e-04  2.52723694e-05 -3.52859497e-05
10 22 25 521864  0.         -0.00024128  0.00075197
10 22 25 524232  3.13758850e-04 -3.12805176e-04  5.29289246e-05
10 22 25 526477 6.80446625e-04 7.91549683e-05 2.52246857e-04
10 22 25 528679 0.00020266 0.00032473 0.00035429
10 22 25 530990 -2.15530396e-04  6.36100769e-04 -4.10079956e-05
10 22 25 546197 -9.53674316e-05 -1.66416168e-04  2.14576721e-05
10 22 25 569821  1.59263611e-04 -5.41210175e-04 -2.62260437e-05
10 22 25 572435 -2.14576721e-05 -6.30378723e-04 -1.72615051e-04
10 22 25 594355 -6.28948212e-04 -5.53607941e-04 -8.91685486e-05
10 22 25 617772 -1.06191635e-03  3.19480896e-05 -2.70843506e-04
10 22 25 620606 -0.00010824  0.00021267 -0.00042295
10 22 25 641966 -0.00024605  0.00060511 -0.00060606
10 22 25 665680 -3.33786011e-06  5.01155853e-04 -4.80175018e-04
10 22 25 667818  0.00015688  0.00063705 -0.00021887
10 22 25 689998 -0.00015783  0.00060987 -0.0007782 
10 22 25 713767 -7.94410706e-04 -4.74929810e-04  6.15119934e-05
10 22 25 716455 -0.00038958 -0.00020361 -0.00014448
10 22 25 738316 -4.85897064e-04 -2.05039978e-05  2.16960907e-04
10 22 25 761551 -1.64031982e-04 -9.96589661e-05  2.24113464e-05
10 22 25 764090 0.00024271 0.00025368 0.00089979
10 22 25 786021 -2.67028809e-05  8.91685486e-05  5.91278076e-04
10 22 25 809465 -2.58445740e-04  1.95503235e-05  5.92708588e-04
10 22 25 811443 -0.0005765  -0.00054932  0.00056887
10 22 25 834024 -0.00083876 -0.00064754  0.00021267
10 22 25 857375 -1.49774551e-03 -1.27744675e-03  3.71932983e-05
10 22 25 859863 -0.00042105 -0.00069618  0.00011063
10 22 25 882074  5.38825989e-05 -1.03473663e-03 -8.26358795e-04
10 22 25 905198  3.49044800e-04 -4.76837158e-05 -3.46660614e-04
10 22 25 907573 -0.00059605  0.0012207  -0.00027323
10 22 25 930097 -0.00210094  0.00190496 -0.00041389
10 22 25 953241 -0.0010519   0.00055981 -0.00084829
10 22 25 955470  1.46722794e-03 -1.76429749e-05 -6.61849976e-04
10 22 25 977974  0.00103283 -0.00071001 -0.00075865
10 22 25 979801  0.00018024 -0.00090933 -0.00046921
10 22 26 1554 -8.21590424e-04  2.86579132e-04  8.05854797e-05
10 22 26 28020 -0.00095844  0.00032282  0.00031853
10 22 26 40954 -1.17731094e-03  7.39097595e-05 -8.91685486e-05
10 22 26 52916  3.67641449e-04 -1.20449066e-03  2.76565552e-05
10 22 26 72997  0.00080061 -0.00141668  0.00028372
10 22 26 74980  7.03811646e-04 -2.75135040e-04  9.67979431e-05
10 22 26 97573 -0.00016499  0.0007143   0.00039291
10 22 26 121021 -0.00056982  0.00136662  0.00055981
10 22 26 123511 -0.00012016  0.00133181  0.00012398
10 22 26 194297  1.54018402e-04 -1.66893005e-05  2.75135040e-04
10 22 26 196999  0.00056267 -0.00106382  0.00017786
10 22 26 199438  0.00060797 -0.00155592 -0.00025082
10 22 26 201781  2.39372253e-04 -7.89642334e-04  1.23977661e-05
10 22 26 217811  5.47409058e-04  5.29766083e-04 -5.53131104e-05
10 22 26 219999 -9.82284546e-05  1.23119354e-03  2.49385834e-04
10 22 26 242097 5.62667847e-05 1.06716156e-03 8.53538513e-05
10 22 26 266770  6.54697418e-04  1.98841095e-04 -9.15527344e-05
10 22 26 268681  2.13146210e-04 -1.43051147e-04  6.77108765e-05
10 22 26 290226 -0.00130033 -0.0009923   0.00033236
10 22 26 313734 -0.00173903 -0.00037193  0.00045204
10 22 26 316047 -0.00085783 -0.00146723 -0.00018978
10 22 26 344271 -2.33650208e-05 -1.15394592e-04  6.86645508e-05
10 22 26 362378  7.91549683e-04 -8.15391541e-05 -4.31060791e-04
10 22 26 364502 0.0013876  0.00027657 0.00013161
10 22 26 385972  6.72340393e-05  1.08385086e-03 -7.15255737e-05
10 22 26 409504 -4.70638275e-04 -2.05039978e-05 -2.92778015e-04
10 22 26 411825 -0.00015116 -0.00017214 -0.00034904
10 22 26 433836  0.00059319 -0.0004549  -0.00020075
10 22 26 457368  8.87870789e-04  2.38418579e-06 -2.53677368e-04
10 22 26 459865  0.00104141  0.00025082 -0.00024128
10 22 26 481966  6.07490540e-04  1.06477737e-03 -9.82284546e-05
10 22 26 505329 -2.54154205e-04  2.23636627e-04  3.09944153e-05
10 22 26 507656 1.85966492e-05 9.53674316e-06 2.10762024e-04
10 22 26 529802  0.0004015  -0.00035    -0.00060272
10 22 26 553272  0.00056505 -0.0008378  -0.00025558
10 22 26 555590  0.00033188  0.00046635 -0.00045681
10 22 26 578278 -0.00033331  0.00061941  0.00013065
10 22 26 601206 -0.00082302  0.0011096  -0.00029612
10 22 26 603405 -0.00041723  0.00045824  0.00017166
10 22 26 625588 -3.60488892e-04 -8.63075256e-05 -2.78472900e-04
10 22 26 651575  2.00271606e-04 -8.47339630e-04 -7.05718994e-05
10 22 26 664036  2.36511230e-04 -8.33034515e-04 -8.91685486e-05
10 22 26 677442  3.50475311e-04 -1.76429749e-04  5.67436218e-05
10 22 26 772543 4.76837158e-07 7.72953033e-04 7.00950623e-04
10 22 26 781507 0.00042009 0.00135517 0.00029182
10 22 26 790119 -0.00015593  0.00105     0.00048304
10 22 26 798807  3.71932983e-05 -5.52654266e-04 -9.96589661e-05
10 22 26 810844 -0.00111771 -0.00100088  0.00076771
10 22 26 820078 -1.46865845e-03 -1.71279907e-03  4.10079956e-05
10 22 26 831850 -9.97066498e-04 -1.05428696e-03  6.00814819e-05
10 22 26 840803 -3.81469727e-06 -8.67366791e-04 -6.17980957e-04
10 22 26 850407  6.56127930e-04  8.80718231e-04 -7.00950623e-05
10 22 26 862675  0.00088596  0.00146246 -0.00020075
10 22 26 871360  7.00950623e-05  1.28173828e-03 -2.20298767e-04
10 22 26 883098 -0.00060177  0.00067139 -0.00054073
10 22 26 893518 -0.00093031 -0.00053358 -0.00026941
10 22 26 902179 -0.00115156 -0.00179958 -0.00027657
10 22 26 914040 -0.00048971 -0.0019412  -0.00021887
10 22 26 937644 -0.00032043 -0.00063229 -0.00018311
10 22 26 939930  2.44140625e-04  3.30924988e-04 -2.90870667e-05
10 22 26 962465 0.00038624 0.00152445 0.00036716
10 22 26 985384 0.00095081 0.00180006 0.00018644
10 22 26 987688 0.00059366 0.00117207 0.00059175
10 22 27 9862  3.95298004e-04 -6.86645508e-05  4.12464142e-04
10 22 27 34143  0.00050211 -0.00164557  0.00023508
10 22 27 36429 -0.00039625 -0.00240278 -0.0002265 
10 22 27 77030 -0.0003047  -0.00113821 -0.00010395
10 22 27 81247 -2.60353088e-04  3.93390656e-04  8.20159912e-05
10 22 27 140579 0.0003705  0.00140142 0.00025749
10 22 27 142316 0.0005846  0.00164175 0.00044346
10 22 27 188948 0.00071907 0.00181961 0.0004096 
10 22 27 190984  0.00032377  0.00012589 -0.000175  
10 22 27 236474 -0.00052547 -0.00066471  0.00031376
10 22 27 238691 -0.00105953 -0.00164938 -0.00038195
10 22 27 284759 -0.00056505 -0.00171232 -0.00030804
10 22 27 287224 -0.00043726 -0.00078583 -0.00036812
10 22 27 332892 -0.00041819  0.00070238 -0.00043821
10 22 27 335096 -3.58581543e-04  1.95884705e-03 -9.67979431e-05
10 22 27 382214  0.0001688   0.00163651 -0.00017214
10 22 27 384248  9.91821289e-05  3.88145447e-04 -3.67164612e-05
10 22 27 428720 -0.00026941 -0.00108862  0.00065613
10 22 27 432042 -5.48362732e-04 -2.06613541e-03 -8.01086426e-05
10 22 27 476570 -4.00066376e-04 -1.72519684e-03 -3.43322754e-05
10 22 27 479151  3.76701355e-05 -1.45435333e-04  2.64167786e-04
10 22 27 524617 -1.38282776e-04  5.37872314e-04  6.96182251e-05
10 22 27 540173 0.00045729 0.0013423  0.00078869
10 22 27 572272 0.00048494 0.00094032 0.00017881
10 22 27 588343  0.00091124 -0.0002985   0.00011826
10 22 27 636095  0.00078297 -0.00078917 -0.00034952
10 22 27 638190  0.00067043 -0.00103951  0.00022316
10 22 27 684225  0.0001893  -0.00022221 -0.00031233
10 22 27 686375 -0.00021315 -0.00016832 -0.00051355
10 22 27 732147  0.00018454  0.00096369 -0.00054407
10 22 27 734589  0.00022078  0.00097275 -0.00029564
10 22 27 780359 -3.00407410e-05  3.70979309e-04  4.86373901e-05
10 22 27 783011  1.81198120e-05 -4.19616699e-05 -6.22749329e-04
10 22 27 828021 -0.00025606 -0.00041676 -0.00036192
10 22 27 830966 -0.00021505 -0.00083876 -0.00014019
10 22 27 876185 -1.24502182e-03 -4.85420227e-04 -1.81198120e-05
10 22 27 892000 -0.00072002 -0.00043869 -0.00010824
10 22 27 932542 -9.29832458e-05 -3.56674194e-04  2.24113464e-04
10 22 27 942810 -0.00046444 -0.00035286  0.00038958
10 22 27 995107 -3.35216522e-04  5.99861145e-04  7.43865967e-05
10 22 28 3030 -0.00032902  0.00053215  0.00054026
10 22 28 36084 -0.00056744  0.00022745  0.00052118
10 22 28 39206 -1.33991241e-04  1.31130219e-04  6.00814819e-05
10 22 28 84563  0.00013542 -0.0002141   0.00022984
10 22 28 86910  0.00034332 -0.00019503  0.00013924
10 22 28 131866 1.13487244e-04 6.62803650e-05 6.65664673e-04
10 22 28 134899 -0.00025654  0.00023222  0.00032616
10 22 28 180251 -0.00023794  0.00081348  0.00024843
10 22 28 182592  5.48362732e-05  3.39031219e-04 -2.34127045e-04
10 22 28 227559  2.73227692e-04 -1.60217285e-04  9.67979431e-05
10 22 28 229736 -0.00032043 -0.00107241 -0.0002017 
10 22 28 290984 -4.05788422e-04 -7.29084015e-04  9.67979431e-05
10 22 28 293120 -0.00050068 -0.0001173  -0.00015116
10 22 28 345687  0.00015783  0.00016642 -0.00033522
10 22 28 354723  0.00045347  0.00065756 -0.00056791
10 22 28 387321  0.000947   0.0009594 -0.0002141
10 22 28 389478  0.00042725  0.00088167 -0.00016117
10 22 28 435549 -0.00033236  0.0003314   0.00010729
10 22 28 437810 -0.00029993  0.00042582 -0.00019693
10 22 28 483299 -0.00022554 -0.00062418 -0.00032806
10 22 28 485477 -7.15255737e-05 -3.01837921e-04  2.28404999e-04
10 22 28 531220  0.00022936 -0.00018835  0.00023556
10 22 28 534606 2.38418579e-06 2.77042389e-04 1.12390518e-03
10 22 28 579040 -4.29153442e-06  4.23431396e-04  2.46524811e-04
10 22 28 581890 -0.00047493  0.00025225  0.00053883
10 22 28 627023 -0.0004282  -0.00040531  0.00014353
10 22 28 629432 -3.52859497e-05 -5.95092773e-04  5.23567200e-04
10 22 28 675217 -1.90258026e-04 -8.08715820e-04 -1.04904175e-05
10 22 28 677756 -0.00044775 -0.00058651  0.00057745
10 22 28 738521 -0.00062609 -0.00010872  0.00011969
10 22 28 740651 -9.39846039e-04 -6.96182251e-05 -2.41756439e-04
10 22 28 787124 -0.00058746 -0.00021172 -0.00060749
10 22 28 789343  1.44481659e-04  8.53538513e-05 -2.01702118e-04
10 22 28 834743 -0.0001173   0.00016308 -0.00075579
10 22 28 836944 -7.54356384e-04  3.04222107e-04  9.29832458e-05
10 22 28 882652 -0.00106525 -0.00027514  0.00015593
10 22 28 884828 -0.00038767 -0.00011396 -0.00022602
10 22 28 930776 -3.09944153e-05 -4.28676605e-04 -3.24249268e-05
10 22 28 933037  0.0004034  -0.00053692  0.00024509
10 22 28 978577  8.92639160e-04  1.48773193e-04 -8.44001770e-05
10 22 28 980876 0.00011158 0.00044298 0.00016212
10 22 29 26475 0.00028229 0.00039053 0.00041199
10 22 29 28834 -3.01837921e-04  5.96046448e-05  6.50405884e-04
10 22 29 90024 -0.0001483  -0.00061846  0.0008173 
10 22 29 92429 -7.24792480e-05 -9.46044922e-04  1.55925751e-04
10 22 29 122519 -1.55448914e-04 -7.30514526e-04  6.34193420e-05
10 22 29 138131  2.72274017e-04 -7.00473785e-04  2.05039978e-05
10 22 29 185744  3.09944153e-04 -1.28746033e-05  1.86443329e-04
10 22 29 187580 2.35557556e-04 9.58442688e-05 2.76565552e-05
10 22 29 234337  0.00020599  0.00038767 -0.00054502
10 22 29 236326  0.00013018  0.00064325 -0.00029993
10 22 29 282472 -5.57899475e-05  5.53131104e-04 -1.96933746e-04
10 22 29 285426 -0.00032902  0.00056696 -0.00010252
10 22 29 330222 -0.00071192 -0.00045156 -0.0003252 
10 22 29 333471 -0.00082302 -0.00080776 -0.00026512
10 22 29 377933 -0.00043583 -0.00081825 -0.00019789
10 22 29 380163 -0.00014353  0.00035763 -0.00025129
10 22 29 425621 -2.97069550e-04  5.28335571e-04  8.20159912e-05
10 22 29 446791 -2.67505646e-04  1.04761124e-03 -6.96182251e-05
10 22 29 473712 -4.91619110e-04  7.02381134e-04 -6.72340393e-05
10 22 29 489262 -0.00014877  0.00035572 -0.00021076
10 22 29 537455 -0.00033665 -0.00056505  0.00014353
10 22 29 539571 -0.00135088 -0.0011301   0.00037432
10 22 29 585475 -0.0012188  -0.00122356  0.00076103
10 22 29 588115 -0.00205326 -0.00073814  0.00057459
10 22 29 639176 -1.27077103e-03 -8.10623169e-06  3.49521637e-04
10 22 29 647196 0.0001049  0.00039768 0.0007925 
10 22 29 681212 -0.00038767  0.00150061  0.00100183
10 22 29 683648 5.81741333e-05 5.71250916e-04 5.82218170e-04
10 22 29 729037 -3.77178192e-04 -2.80857086e-04 -5.38825989e-05
10 22 29 731147 -0.00072479 -0.00143242 -0.0005455 
10 22 29 792387 -0.00061989 -0.00203943 -0.00082016
10 22 29 794445 -0.00022697 -0.00124121 -0.00097132
10 22 29 832218  0.00039339  0.0003252  -0.00119448
10 22 29 845120  0.00085688  0.00197601 -0.00102329
10 22 29 872828  1.34992599e-03  2.95114517e-03 -2.19345093e-05
10 22 29 888368  0.00091791  0.00187969 -0.00056696
10 22 29 936498  8.92639160e-04 -7.39097595e-05  9.82284546e-05
10 22 29 938657  0.00091887 -0.00269508 -0.00071096
10 22 29 984530  9.30309296e-04 -3.16858292e-03 -2.38418579e-05
10 22 29 986568  0.00090694 -0.00193071 -0.0003314 
10 22 30 32350  0.00109243  0.00045824 -0.00015545
10 22 30 34284 0.00080013 0.00308418 0.0006361 
10 22 30 80118 -4.24385071e-05  3.60441208e-03  8.58783722e-04
10 22 30 82334 -0.00012207  0.00149107  0.00061464
10 22 30 128152 -0.00045729 -0.00143623  0.00027514
10 22 30 131318 -5.36918640e-04 -3.77178192e-03  3.14712524e-05
10 22 30 175880 -0.00105429 -0.0033021   0.00029325
10 22 30 178239 -0.00073671 -0.00076771 -0.00025511
10 22 30 224155 -1.85966492e-05  2.16293335e-03  1.29699707e-04
10 22 30 226476 0.00012207 0.00452232 0.00024748
10 22 30 287890 0.00033331 0.00313473 0.00027227
10 22 30 290262  1.09672546e-05  8.98361206e-04 -4.14848328e-05
10 22 30 335527 -0.00171518 -0.00185919 -0.00033712
10 22 30 337827 -0.00244474 -0.00374317 -0.00015211
10 22 30 383465 -0.002388   -0.00329113 -0.00049019
10 22 30 385143 -0.00296831 -0.00262117 -0.00043154
10 22 30 431312 -0.00199175 -0.00059175 -0.0006094 
10 22 30 433486  0.00010014  0.0013485  -0.00084639
10 22 30 479093  0.00186253  0.00257683 -0.00032663
10 22 30 481351  6.56127930e-04  2.30932236e-03 -5.05447388e-05
10 22 30 527200 -0.00058889  0.00093031  0.0001049 
10 22 30 529369 -0.00070524 -0.00082827 -0.00046778
10 22 30 575242 -8.50677490e-04  3.12399864e-02 -1.84375143e+00
10 22 30 577289 -0.00021601 -0.00209332  0.00067043
10 22 30 638967  0.00035191  0.00150394 -0.00025463
10 22 30 641143 1.56402588e-04 7.38620758e-04 5.96046448e-05
10 22 30 686962 -3.93390656e-04  6.24656677e-05 -2.25067139e-04
10 22 30 689140 -0.00088453 -0.0006628  -0.00039911
10 22 30 735116 -0.00067234 -0.00142384  0.00026941
10 22 30 737669  0.00033617 -0.00122452 -0.00011492
10 22 30 783251  1.32131577e-03 -6.21795654e-04  3.48091125e-05
10 22 30 785442  0.00215101  0.00115108 -0.00024319
10 22 30 830911 0.00266361 0.00161982 0.00015116
10 22 30 833201  0.00301743  0.00195837 -0.00043249
10 22 30 878653  0.00383139  0.00182152 -0.00014925
10 22 30 881536  0.00279808  0.0010972  -0.00010061
10 22 30 926808 0.00186348 0.00024843 0.00073433
10 22 30 929055  0.00148916 -0.00043869  0.00014687
10 22 30 990329  0.002707    0.00062561 -0.00010586
10 22 30 992553  0.00049734 -0.00054121  0.00026464
10 22 31 38155 -2.28881836e-04 -2.85148621e-04 -4.29153442e-05
10 22 31 40623  1.46007538e-03  2.09808350e-05 -2.69889832e-04
10 22 31 86273  0.00223637 -0.00026226 -0.00052977
10 22 31 88642  1.85632706e-03 -3.03268433e-04  4.29153442e-06
10 22 31 134503  0.00074816  0.00038528 -0.00039387
10 22 31 136932  0.00117683  0.00146675 -0.00049114
10 22 31 182442 -0.00036478  0.0006938  -0.00021076
10 22 31 184497 -0.00090742  0.00044203 -0.00041151
10 22 31 230047  0.00014353 -0.00079679 -0.00058508
10 22 31 232231  1.00135803e-05 -4.49180603e-04 -6.67572021e-06
10 22 31 278243  3.52859497e-05 -7.09533691e-04 -4.64916229e-04
10 22 31 294056 -0.00073576 -0.00035191  0.00042295
10 22 31 326316 -0.00117493  0.00148439  0.00061369
10 22 31 342095  1.62601471e-04 -4.72068787e-05  3.51428986e-04
10 22 31 373790  3.75270844e-04 -3.71932983e-05  8.59260559e-04
10 22 31 389901  0.0008049  -0.00055075  0.00058937
10 22 31 421847  0.00033903 -0.00070667  0.0007472 
10 22 31 437736 -1.95503235e-04  2.38418579e-06  6.12258911e-04
10 22 31 486152 -0.00196838 -0.00054312  0.00044584
10 22 31 488523 -0.00144148 -0.00024128  0.00020552
10 22 31 534317 -3.96728516e-04 -3.29017639e-04 -4.76837158e-05
10 22 31 537052  0.00022316 -0.00025415 -0.00047827
10 22 31 581931  0.00041628  0.00035667 -0.00068617
10 22 31 584074 -0.00070143  0.00107384 -0.0007062 
10 22 31 629805 -0.00113249  0.00091839 -0.0009613 
10 22 31 632536 -0.00128269  0.00050974 -0.00078154
10 22 31 677816 -0.00047159 -0.00112009 -0.00089693
10 22 31 680045  3.62396240e-05 -5.34534454e-04 -7.95364380e-04
10 22 31 725643 -8.96453857e-05 -1.20878220e-03 -6.64710999e-04
10 22 31 727697 -0.00115252  0.00024748 -0.00032568
10 22 31 789342 -1.60646439e-03  3.08990479e-04  8.53538513e-05
10 22 31 791681 -0.00136852  0.00056744  0.00031519
10 22 31 837999 -1.06334686e-04  4.43935394e-04 -7.39097595e-05
10 22 31 840591  0.00061083 -0.00030088  0.00016928
10 22 31 885418  0.00068951 -0.00081205  0.00047636
10 22 31 888324  0.00059557 -0.00029278  0.00024128
10 22 31 933290 4.42504883e-04 2.09808350e-05 5.39779663e-04
10 22 31 935365 0.00039244 0.0006547  0.00051737
10 22 31 981345 -7.24792480e-05  4.51087952e-04  2.80380249e-04
10 22 31 983899 0.00057745 0.00014496 0.00020266
10 22 32 29263  0.00038862 -0.00032091 -0.00013208
10 22 32 31399 -4.76837158e-06 -5.27381897e-04 -3.05175781e-04
10 22 32 76768  0.00010777 -0.00074673 -0.000144  
10 22 32 79020 -0.00026083  0.00024509 -0.00022936
10 22 32 125086 -0.00045872  0.00031376 -0.00038004
10 22 32 127959 -0.00037098  0.00088787 -0.00029325
10 22 32 189052  9.34600830e-05  3.71456146e-04 -5.61237335e-04
10 22 32 191373  0.00043583 -0.0003767  -0.00020027
10 22 32 236875  7.39097595e-05 -2.81333923e-04 -6.26087189e-04
10 22 32 239582 -0.00050545 -0.00029469 -0.00056982
10 22 32 285170 -3.19004059e-04 -3.05652618e-04  7.53402710e-05
10 22 32 287560 -0.00038958 -0.00040483 -0.00010443
10 22 32 332513 -0.00051546  0.00023556 -0.00030136
10 22 32 334769 -1.61170959e-04  1.12533569e-04  1.09672546e-05
10 22 32 380839  0.00043011 -0.00019789  0.00014162
10 22 32 383181  0.00055599 -0.00044203  0.00012779
10 22 32 428735  0.00038433 -0.00019121  0.00069475
10 22 32 430919 8.05854797e-05 4.93049622e-04 6.14166260e-04
10 22 32 476688 0.00036097 0.0002346  0.00040007
10 22 32 478778 1.82628632e-04 6.48498535e-05 3.87668610e-04
10 22 32 540476  0.00015831 -0.00014544  0.00025177
10 22 32 542903 -0.00030088 -0.00022936  0.00040531
10 22 32 588526 -6.23226166e-04  6.53266907e-05  4.30107117e-04
10 22 32 590925 -0.00033998 -0.00030327  0.00017548
10 22 32 636180 -8.34465027e-05 -1.96933746e-04 -9.48905945e-05
10 22 32 638498 -0.00031281 -0.00021505 -0.0004158 
10 22 32 684101  0.00059748  0.00029802 -0.00045252
10 22 32 686165 -2.08425522e-03  8.62598419e-04  5.24520874e-06
10 22 32 732267 -0.00016832 -0.00097036 -0.00037575
10 22 32 735085  0.00109863  0.00072289 -0.00091743
10 22 32 780185 -0.00036001 -0.00271702 -0.00045633
10 22 32 782548  0.00094461  0.00172329 -0.00028229
10 22 32 827905  6.05583191e-04 -7.10010529e-04  7.15255737e-05
10 22 32 830128 -1.90734863e-06  1.19113922e-03 -1.22070312e-04
10 22 32 875613 0.00095558 0.00087976 0.00012159
10 22 32 877808  0.00113964 -0.00022078  0.00047112
10 22 32 923661  0.00085783 -0.00030327  0.00041628
10 22 32 939448  0.00066137 -0.00094604  0.00051594
10 22 32 987166  0.00098038 -0.00037098  0.00030041
10 22 32 989326  1.18446350e-03  1.73091888e-04 -6.81877136e-05
10 22 33 35380 0.00128984 0.00067568 0.00024414
10 22 33 37594  0.00252247  0.00117493 -0.0004797 
10 22 33 83498 0.00369406 0.00139618 0.00017977
10 22 33 86183  0.00515985  0.00068426 -0.00052118
10 22 33 131666  0.00715685  0.00126314 -0.00103188
10 22 33 133792  0.01050043  0.00024271 -0.00049448
10 22 33 178998  0.01008034  0.0008049  -0.00077105
10 22 33 181139  0.00851393 -0.00173473  0.00095654
10 22 33 226877  0.006073   -0.00204563 -0.00014973
10 22 33 229003  0.00643778 -0.00013638 -0.00062132
