-1.57356262e-05 -2.24113464e-05 -6.91413879e-05
-0.00013351 -0.00036573  0.00014973
 0.00012922 -0.00033855 -0.00015831
-0.00014687 -0.00017595 -0.00028896
3.06606293e-04 3.29017639e-05 5.41210175e-04
0.00046015 0.00068951 0.000103  
0.00068951 0.00158978 0.00037384
0.00037813 0.00082588 0.00040102
-0.00016499  0.00072479  0.00039768
-0.00032425  0.00040913  0.0001936 
-0.0005188  -0.00027704  0.00014877
-3.14712524e-05  2.46047974e-04  9.67979431e-05
0.00032806 0.00028419 0.00013256
-0.00012827  0.00025511  0.00026846
 0.00017977  0.00022602 -0.00015068
 2.83718109e-04 -1.35421753e-04 -5.67436218e-05
-1.00612640e-04 -1.40190125e-04  2.86102295e-06
-3.10420990e-04 -6.34670258e-04 -2.67028809e-05
-9.17434692e-04 -5.62667847e-04  6.86645508e-05
-0.00061655 -0.00012398 -0.00053978
-0.00036049 -0.00094748 -0.00015116
 0.00016308 -0.00076532 -0.00022793
 1.92642212e-04 -3.27110291e-04  5.91278076e-05
-0.00052738  0.00039721  0.0001874 
-8.19683075e-04 -4.95910645e-05  3.79562378e-04
-0.0011363   0.0005908   0.00030613
-2.17914581e-04  1.95503235e-05 -2.67982483e-04
 4.95910645e-05  1.25408173e-04 -3.03268433e-04
 4.63008881e-04 -6.77585602e-04 -8.01086426e-05
 6.19888306e-05 -6.87599182e-04 -2.36511230e-04
-6.86645508e-04 -1.58309937e-04  8.05854797e-05
-0.00091648 -0.00065756 -0.00026226
-0.00074291 -0.00048113 -0.00019979
 0.00015163 -0.0003829  -0.00017357
 3.08990479e-04 -3.26633453e-04 -7.00950623e-05
 5.38825989e-05 -3.48567963e-04  2.17437744e-04
-6.72340393e-05 -2.76088715e-04 -1.62601471e-04
-6.24179840e-04 -4.48226929e-05 -1.44958496e-04
-0.00084305  0.00032282 -0.00039434
-0.00011683 -0.00038958 -0.00012875
 0.00111198  0.00041914 -0.00070477
 1.23500824e-03  4.91142273e-05 -7.62939453e-05
-6.43730164e-05  2.75135040e-04 -2.08377838e-04
-0.00150919  0.00016356 -0.0002718 
-0.00193691  0.00010252 -0.00033712
-3.13758850e-04 -1.95026398e-04 -2.24113464e-05
-4.76837158e-06  1.76429749e-04 -2.81810760e-04
0.00089884 0.00027418 0.00011015
0.00021172 0.00018501 0.000175  
-0.00021267 -0.00012636  0.00022554
 5.50270081e-04 -1.90734863e-05  4.22000885e-04
 3.83377075e-04 -5.10215759e-05 -1.15394592e-04
-9.48905945e-04 -2.45094299e-04 -4.29153442e-05
-0.00415277 -0.00037575 -0.00016975
-0.00333405 -0.00033569 -0.00021696
 1.49106979e-03 -4.69684601e-04 -2.14576721e-05
 7.24983215e-03  1.33514404e-05 -3.93867493e-04
 0.00801134  0.00124121 -0.00049734
 0.00401592  0.0009985  -0.00029421
-0.00093699  0.00235796  0.00019312
 0.00021982  0.00283718 -0.00025892
 4.02975082e-03  2.48098373e-03 -4.24385071e-05
0.00506496 0.00175285 0.00016737
 0.00184011  0.00016975 -0.00064182
-3.58486176e-03 -9.82284546e-05 -7.62939453e-05
-0.00683737 -0.00141811  0.00032663
-0.00617027 -0.00114822  0.0002532 
-0.00106478 -0.00118732  0.00015116
 0.00363207 -0.00085735 -0.00012207
 0.00471115 -0.00029707 -0.00047779
 0.00199032  0.00103617 -0.00041389
-0.0006628   0.00240135  0.00010014
-0.00044107  0.00253296  0.00041056
 1.53064728e-03  1.06668472e-03 -8.34465027e-05
 0.00254297  0.00170708 -0.00038099
 1.26218796e-03 -5.15937805e-04 -1.66893005e-05
-7.21931458e-04 -1.79958344e-03 -6.00814819e-05
-1.70135498e-03 -2.80761719e-03  2.09808350e-05
-1.29270554e-03 -2.46763229e-03  5.96046448e-05
-5.19752502e-04 -1.80768967e-03  7.15255737e-05
-7.10487366e-05 -1.01566315e-04 -1.68800354e-04
-0.00067997  0.00043201  0.00015831
-0.00044298  0.0011363   0.00070906
0.00087976 0.00155354 0.00058222
0.00236177 0.00145054 0.00012159
 1.74474716e-03  1.35707855e-03 -9.10758972e-05
-0.000247    0.00062275 -0.00031471
-0.00207949  0.0004487   0.00034809
-0.0022912  -0.00037193  0.0001502 
-7.61508942e-04 -7.62939453e-06  2.76565552e-05
 0.00104761 -0.00019789  0.00018692
 1.69610977e-03  9.18388367e-04 -7.53402710e-05
 1.75762177e-03  1.31654739e-03 -8.96453857e-05
-0.00018644  0.00041819  0.00031471
-0.00186348 -0.00020695 -0.0001688 
-0.00309467 -0.00085497  0.00018406
-0.00215292 -0.00129557 -0.00021219
-7.15255737e-05 -6.41345978e-04  2.20775604e-04
 0.00119686 -0.00121164 -0.00044107
 0.00051069 -0.00078821 -0.00016689
-8.09192657e-04 -9.43183899e-04 -1.14440918e-05
-1.35087967e-03 -4.28676605e-04  9.05990601e-05
-1.05381012e-03  7.21454620e-04  4.43458557e-05
-1.46198273e-03  2.29358673e-04 -6.81877136e-05
-0.00098276  0.00102663  0.00011587
-2.48908997e-04  2.92778015e-04 -8.58306885e-05
 3.19004059e-04  2.39849091e-04 -3.86238098e-05
 0.0001173  -0.00039816  0.00011349
-1.73091888e-04 -1.75476074e-04  4.00543213e-05
-8.96453857e-04 -6.55174255e-04  5.38825989e-05
-0.00073767 -0.00080204  0.00027657
-7.43865967e-05 -2.48908997e-04 -1.11579895e-04
 1.08051300e-03 -8.77380371e-05  2.18391418e-04
 1.42335892e-03  2.42233276e-04 -1.95503235e-05
 0.00047112 -0.00018024 -0.00021076
0.00016642 0.00028181 0.00018644
-1.54113770e-03  8.24928284e-05 -4.13417816e-04
-0.00217867  0.00027704 -0.0002985 
-8.39710236e-04 -2.35557556e-04 -1.90734863e-05
 1.89924240e-03 -5.47409058e-04 -2.43186951e-05
 3.34787369e-03 -3.02791595e-04 -9.87052917e-05
2.19345093e-03 5.57899475e-04 8.29696655e-05
-1.04284286e-03  6.85691833e-04  5.72204590e-06
-3.48377228e-03  9.67025757e-04 -8.63075256e-05
-0.00337172  0.00028944  0.00030613
-0.00040102  0.00042534  0.00015879
 0.00256634 -0.00048256  0.00034714
 3.09133530e-03 -6.05583191e-04  3.62396240e-05
 0.00059509 -0.00107098 -0.0003314 
-0.00154591 -0.00068569  0.00062513
-2.84862518e-03 -1.53541565e-04 -7.48634338e-05
-8.93592834e-04 -1.90734863e-05 -1.90734863e-06
6.45637512e-04 1.02186203e-03 1.95503235e-05
1.74570084e-03 1.12247467e-03 2.05039978e-05
