-0.00727201  0.09771276  0.99908423
-0.00958729  0.09895849  0.99364161
-0.01079893  0.10018325  0.99407578
-0.01230097  0.10056353  0.99373198
-0.0068233   0.09988642  0.99510527
-0.00886536  0.10209751  0.99634433
-0.00987744  0.10013723  0.99784493
-0.00939083  0.09980583  1.00031781
-0.00662446  0.09964108  0.99546313
-0.01043344  0.09984207  0.9922781 
-0.01113772  0.09940434  0.99545741
-0.01113486  0.09526443  0.99823809
-0.00801682  0.09677553  0.99542785
-0.01072049  0.09824681  0.99657655
-0.01175094  0.09742284  0.99399829
-0.00492883  0.10126424  0.99599552
-0.00634408  0.09697986  1.00119805
-0.00944114  0.09935927  0.99712086
-0.00977516  0.09747362  0.9985795 
-0.01165962  0.09838009  0.99601078
-0.01101446  0.10154533  0.99468589
-0.0091939   0.09736419  0.99389839
-0.01026344  0.10145712  0.99735117
-0.01022005  0.09654069  0.99573994
-0.00696301  0.09786654  1.00090504
-0.00651217  0.09825397  0.99790788
-0.01040816  0.10046887  1.00030684
-0.00669622  0.09924912  0.99565077
-0.00770664  0.09909654  0.99558854
-0.00758195  0.0976212   0.99768519
-0.00744796  0.10065746  0.99633646
-0.01009917  0.0992651   0.99731135
-0.00894666  0.0997467   0.99844241
-0.00679946  0.09981155  1.00047088
-0.00952196  0.10019469  0.99684048
-0.00694513  0.10087967  0.996732  
-0.00769234  0.10088062  0.99821544
-0.01119733  0.09957647  0.99332857
-0.0071373   0.0993197   0.99443483
-0.01007175  0.10092568  0.9969449 
-0.00789714  0.098701    0.9991684 
-0.01039267  0.09762192  1.00188518
-0.00948763  0.09794497  0.99398303
-0.01119137  0.0989151   0.99564981
-0.00853205  0.09825301  0.99255252
-0.00851941  0.09937525  0.99970722
-0.00721216  0.09792209  0.99703383
-0.01038885  0.09987068  0.99805307
-0.00764942  0.10034418  0.99846482
-0.01196933  0.09963346  0.99779058
-0.01055408  0.10040855  1.00019336
-0.00746703  0.09703875  0.99698949
-0.00961447  0.09713674  0.99400592
-0.00915861  0.09790111  0.98668194
-0.01033926  0.10210752  0.99228191
-0.00709248  0.10024548  1.00826263
-0.00763655  0.09409118  1.01331019
-0.0083158   0.09277225  1.00639033
-0.01056862  0.0993638   0.99142671
-0.00910687  0.10153151  0.99121785
-0.0096066   0.10209274  0.99678922
-0.00870371  0.09851599  1.00195837
-0.01037216  0.0972774   0.99136806
-0.00984263  0.09883022  0.98499775
-0.00940371  0.10255933  0.98752809
-0.01219702  0.10276008  0.99216485
-0.00977564  0.09832454  0.99825764
-0.01145744  0.09168148  1.00248003
-0.00881767  0.09493685  1.00567675
-0.00635028  0.09636378  1.00340986
-0.00879979  0.09770107  0.99775028
-0.01176715  0.0979476   0.99420595
-0.01162934  0.10101867  0.99451733
-0.01227283  0.10006261  0.99544883
-0.01055503  0.09774971  0.9970181 
-0.0085938   0.10156155  0.99519968
-0.01017356  0.10147858  0.99494243
-0.00970173  0.10046506  0.99637198
-0.0093658   0.09744525  0.99493599
-0.00943065  0.09692621  0.99663568
-0.01018739  0.09976411  0.99804807
-0.01087189  0.09890413  1.00119138
-0.00909567  0.09881926  1.003479  
-0.00760841  0.10160494  1.00163841
-0.00667071  0.09760356  0.99992871
-0.01078796  0.09840822  0.99507809
-0.00683451  0.09963083  0.99160504
-0.0088129   0.1014905   0.99259067
-0.00957298  0.100317    0.99403763
-0.00852728  0.10099506  0.99913239
-0.01226282  0.09834123  0.99987674
-0.01062965  0.09741521  1.00152946
-0.01035309  0.09740376  1.00326872
-0.01060319  0.1002512   1.00068784
-0.00847077  0.10054731  0.99316072
-0.00723243  0.10259342  0.9922142 
-0.00902605  0.10120845  0.99487805
-0.01310134  0.09462261  1.00222087
-0.01058102  0.0952301   1.00015163
-0.00778985  0.09955525  1.00007033
-0.00666475  0.09871078  0.99236512
-0.0069201   0.0959053   0.99446392
-0.008811    0.10108423  0.99500942
-0.00862002  0.09993577  0.99709678
-0.00859022  0.09931016  0.99495149
-0.00845695  0.09884357  0.99987674
-0.01059341  0.09873915  0.99787021
-0.01100373  0.0992434   0.99970055
-0.00912881  0.09836078  0.99793673
-0.00869775  0.09943175  0.99883199
-0.00827742  0.10307908  1.00052714
-0.007689    0.09913397  1.00149894
-0.01005149  0.09734559  0.99812984
-0.0102396   0.09861445  0.9952457 
-0.00911069  0.09689641  0.99368882
-0.00861478  0.1011622   0.994241  
-0.00850558  0.1001699   0.99665356
-0.00933909  0.09941673  0.99683619
-0.0108273   0.09852839  1.00338864
-0.00963473  0.09835815  1.00435328
-0.01153183  0.09659648  1.00118828
-0.00929308  0.09666038  0.9964385 
-0.01072884  0.10320735  0.99085355
-0.00945783  0.10209227  0.98539805
-0.00772667  0.10102963  0.99516392
-0.01074815  0.09754109  1.00258374
-0.01093626  0.09664679  1.00705957
-0.0101161   0.09485602  1.00031638
-0.00952172  0.09765434  0.9962666 
-0.00718546  0.10051465  0.98902774
-0.0092802   0.09914827  0.99282289
-0.00920105  0.09906864  0.99569178
-0.01199889  0.09723043  0.99954081
-0.01138568  0.0968833   0.99769378
