10 58 11 220941 -0.0981884  -0.04872322  0.97604179
10 58 11 223690 -0.09073257  0.00429916  1.06774902
10 58 11 240649 -0.01732826  0.15653419  1.04107666
10 58 11 248682 -0.01151657  0.08773041  0.93277168
10 58 11 300968 -0.0772953  -0.15711021  0.92055893
10 58 11 345344 -0.0845356  -0.13167381  1.06711006
10 58 11 397165 -0.06894684  0.08481979  1.07341194
10 58 11 449020 -0.02081108  0.05639839  1.00008392
10 58 11 498617 -0.07032013 -0.0470314   0.90881729
10 58 11 544991 -0.09181404 -0.07983017  0.99090767
10 58 11 595722 -0.08937263  0.01202202  1.05654335
10 58 11 645418 -0.02658081  0.14267731  1.0200367 
10 58 11 697767 -0.01897049  0.06587029  0.92620087
10 58 11 747667 -0.06818581 -0.11306763  0.94235802
10 58 11 797719 -0.07850075 -0.08506966  1.07056618
10 58 11 844194 -0.06399536  0.06338882  1.09779167
10 58 11 894148 -0.0234375   0.03816032  0.96910667
10 58 11 946285 -0.05862427 -0.02412033  0.9143486 
10 58 11 996288 -0.09037971 -0.06118774  0.9890213 
10 58 12 56628 -0.10290146 -0.02401733  1.06336212
10 58 12 91970 -0.02826309  0.16724205  1.02935982
10 58 12 144298 0.0018177  0.14077759 0.94069099
10 58 12 198829 -0.08804321 -0.16474342  0.91632462
10 58 12 245147 -0.0988369  -0.19923973  1.03595352
10 58 12 297836 -0.07969666  0.07670212  1.06068039
10 58 12 346549 -0.00653648  0.09277725  1.01532745
10 58 12 395920 -0.07332611 -0.04682159  0.90228844
10 58 12 444537 -0.09557533 -0.09403038  0.96238327
10 58 12 496183 -0.10329437  0.01934624  1.07557487
10 58 12 545021 -0.01567078  0.16539764  1.03501511
10 58 12 594521 -0.01108932  0.05386543  0.92988205
10 58 12 648132 -0.08237648 -0.13853264  0.9071846 
10 58 12 700688 -0.09438896 -0.09741783  1.067276  
10 58 12 744795 -0.05929565  0.09560966  1.08012962
10 58 12 810462 -0.0104084   0.04137421  1.01507187
10 58 12 870838 -0.07512856 -0.0430069   0.90876198
10 58 12 897021 -0.11213493 -0.06743431  0.97271347
10 58 12 945986 -0.09366608  0.04069901  1.07355118
10 58 12 993187 -0.00822639  0.13907242  1.00546837
10 58 13 54044 -0.02726173 -0.00201797  0.92911339
10 58 13 90311 -0.09345818 -0.13827896  0.93698311
10 58 13 142782 -0.09708595 -0.04735184  1.08019066
10 58 13 194819 -0.03553581  0.08805656  1.05972481
10 58 13 262769 -0.03038025  0.01508141  0.9952507 
10 58 13 324944 -0.06879234 -0.046381    0.91890335
10 58 13 399876 -0.11481667 -0.05671692  1.00101852
10 58 13 461291 -0.07891083  0.053545    1.05820465
10 58 13 471368 0.0106163  0.17617798 1.00664711
10 58 13 497047 -0.02933884 -0.05374336  0.92637634
10 58 13 547195 -0.10749626 -0.2144146   0.93568993
10 58 13 592631 -0.10753632 -0.02789688  1.07548332
10 58 13 644451 -0.01697731  0.12631035  1.06799507
10 58 13 694725 -0.0270443  -0.0118103   0.99080276
10 58 13 746538 -0.09040451 -0.07512856  0.91761971
10 58 13 794514 -0.11376762 -0.03426552  1.01507568
10 58 13 848128 -0.05542564  0.13613319  1.05590439
10 58 13 895820 0.02288437 0.1056881  0.98861504
10 58 13 945267 -0.05858421 -0.12498093  0.92166901
10 58 13 996024 -0.10621452 -0.12664604  0.97700691
10 58 14 48413 -0.08608437  0.05448914  1.06212807
10 58 14 98178 0.00173569 0.07088852 1.05840492
10 58 14 145276 -0.03046799 -0.04029083  0.95871353
10 58 14 201224 -0.11610603 -0.07206535  0.90226555
10 58 14 246126 -0.11434746  0.02805328  1.04977608
10 58 14 293704 -0.01528168  0.13557243  1.04827499
10 58 14 345416 0.00163651 0.00463295 0.96087265
10 58 14 395115 -0.08879089 -0.13694     0.88755035
10 58 14 460485 -0.10866737 -0.05319023  1.04899025
10 58 14 495330 -0.04519463  0.08050346  1.09194374
10 58 14 546938 -0.00212288  0.00718498  1.03472328
10 58 14 596185 -0.05870056 -0.0394001   0.90920258
10 58 14 645893 -0.1214962  -0.05285072  0.96014404
10 58 14 697951 -0.08847237  0.05278015  1.06117058
10 58 14 746604 0.01798248 0.14672852 1.02401924
10 58 14 793163 -0.02073097 -0.04442024  0.93903542
10 58 14 844290 -0.10857773 -0.17019272  0.89863205
10 58 14 894314 -0.10977745 -0.01928711  1.06863785
10 58 14 945540 -0.02022934  0.10107422  1.08318901
10 58 14 996140 -0.01666641 -0.02427673  1.01640511
10 58 15 57124 -0.08869171 -0.05037117  0.91184807
10 58 15 92922 -0.11789131 -0.03199959  0.98078728
10 58 15 143739 -0.06285667  0.09431267  1.06160355
10 58 15 196337 0.02301598 0.08212852 1.01096535
10 58 15 245992 -0.0375824  -0.09999275  0.92875862
10 58 15 297130 -0.10212135 -0.09508133  0.90568924
10 58 15 346535 -0.09892845  0.03230667  1.08847618
10 58 15 392799 0.00779533 0.04963303 1.07807159
10 58 15 444947 -0.02992058 -0.04294586  0.97410583
10 58 15 494790 -0.10744476 -0.03059196  0.91541481
10 58 15 545415 -0.11814308 -0.00829506  1.00406647
10 58 15 595360 -0.03482819  0.12914467  1.06277084
10 58 15 674826 0.01956749 0.09203339 0.99967575
10 58 15 719016 -0.07385826 -0.14383316  0.92340088
10 58 15 779655 -0.09431458 -0.12946892  0.97280121
10 58 15 820820 -0.07433891  0.05609322  1.05451393
10 58 15 867929 -0.00184822  0.05927658  1.06572914
10 58 15 930444 -0.04661751 -0.05783081  0.96917343
10 58 15 972616 -0.11912346 -0.07229614  0.91346169
10 58 16 13442 -0.11086845  0.01807404  1.02033806
10 58 16 83207 -0.02353859  0.14353943  1.03648758
10 58 16 135705 -0.00929832  0.01645088  0.97693825
10 58 16 169257 -0.08642006 -0.1395874   0.90810394
10 58 16 214761 -0.10362244 -0.04666138  1.03095627
10 58 16 259933 -0.04353714  0.07630539  1.08306122
10 58 16 311246 -0.01659203  0.01325607  1.06517982
10 58 16 344802 -0.06503868 -0.0378933   0.9343586 
10 58 16 396464 -0.12050438 -0.05594635  0.94478226
10 58 16 445227 -0.09832001  0.02899361  1.04265785
10 58 16 497174 0.01104355 0.18279266 1.03269958
10 58 16 546837 -0.00873566 -0.00694275  0.96482849
10 58 16 602819 -0.121521   -0.22826767  0.88757706
10 58 16 644491 -0.10533142 -0.06475449  1.05156898
10 58 16 693824 -0.03068161  0.13909531  1.07946205
10 58 16 745507 -0.01059341 -0.01042938  1.04257393
10 58 16 795220 -0.07420158 -0.07969475  0.91272926
10 58 16 845922 -0.12348747 -0.05245399  0.94427109
10 58 16 895484 -0.07452202  0.09990501  1.06156921
10 58 16 954069 0.02103996 0.12368965 1.00734329
10 58 17 13553 -0.02374268 -0.10079002  0.94876862
10 58 17 49535 -0.12933731 -0.1467514   0.89481544
10 58 17 98742 -0.10677338  0.02862549  1.07992935
10 58 17 171119 0.00130272 0.08923721 1.09269905
10 58 17 193513 -0.03702354 -0.04690742  1.00420761
10 58 17 244545 -0.1093998  -0.05495262  0.90252686
10 58 17 294342 -0.13061523  0.01643753  1.00446892
10 58 17 345230 -0.0236702   0.18365097  1.06507874
10 58 17 394646 0.02875519 0.02360916 0.99667931
10 58 17 446261 -0.0983696  -0.20912361  0.89954376
10 58 17 498453 -0.05602837  0.11572075  1.07976532
10 58 17 545691 0.01323318 0.0213089  1.0689373 
10 58 17 596687 -0.05874825 -0.09511375  0.95598793
10 58 17 645697 -0.14631844 -0.05182076  0.91681671
10 58 17 697309 -0.08777046  0.09396935  1.04906082
10 58 17 746276 8.95118713e-03 4.78515625e-02 9.47118950e+00
10 58 17 793729 -0.09716797  0.08670044  1.0232563 
10 58 17 844629 7.91549683e-04 7.33604431e-02 1.03111839e+00
10 58 17 894070 -0.03057861 -0.12775612  0.97669983
10 58 17 945244 -0.11816216 -0.12117577  0.93929482
10 58 17 995831 -0.1045723   0.06229401  1.02854156
10 58 18 57150 -0.02506638  0.05671692  1.06787682
10 58 18 91118 -0.03234482 -0.06479836  1.03115082
10 58 18 143261 -0.09237671 -0.08303452  0.92555618
10 58 18 196905 -0.14070892 -0.01299858  0.96705055
10 58 18 244865 -0.04535103  0.11859894  1.02705956
10 58 18 297031 0.01135445 0.02963257 1.02359962
10 58 18 346775 -0.05681038 -0.17679405  0.9652729 
10 58 18 394891 -0.12664032 -0.08615494  0.95784569
10 58 18 444850 -0.0722065   0.08581924  1.02226639
10 58 18 494516 -0.02097893  0.03979874  1.07010651
10 58 18 545873 -0.04313087 -0.09549332  0.98330688
10 58 18 600201 -0.12932587 -0.08059692  0.9323101 
10 58 18 646892 -0.10474396  0.04526329  1.00503159
10 58 18 695177 -0.02396202  0.11123276  1.03339577
10 58 18 744109 -0.01265144 -0.06493568  0.99652481
10 58 18 797642 -0.09073067 -0.14994431  0.94635773
10 58 18 845730 -0.1135006   0.00544167  0.99490166
10 58 18 896983 -0.04881668  0.07265091  1.06948662
10 58 18 946145 -0.01468277 -0.01794815  1.04023552
10 58 18 992954 -0.08641243 -0.07085609  0.94202042
10 58 19 62544 -0.13053322 -0.06381226  0.96187782
10 58 19 90039 -0.07686996  0.07570839  1.03149414
10 58 19 151857 0.01098061 0.14442635 1.02957153
10 58 19 221598 -0.02825546 -0.11644745  0.9617939 
10 58 19 261898 -0.13577271 -0.20514107  0.94756508
10 58 19 320099 -0.10749054  0.03702164  1.01962852
10 58 19 363851 -0.01153946  0.10625458  1.07495308
10 58 19 416882 -0.03379631 -0.05068588  1.03063774
10 58 19 445418 -0.09726334 -0.10321426  0.92252731
10 58 19 497659 -0.12738991 -0.02218819  0.96986961
10 58 19 546310 -0.05424309  0.09529877  1.02879715
10 58 19 593479 0.00736618 0.01155281 1.02284813
10 58 19 644381 -0.05631828 -0.12624741  0.95657349
10 58 19 694069 -0.11456871 -0.03758621  0.96151543
10 58 19 745834 -0.07000732  0.04157829  1.04121399
10 58 19 806221 -0.01376343  0.01782227  1.07781601
10 58 19 846048 -0.05297852 -0.04569435  0.97160149
10 58 19 896954 -0.11901283 -0.05630875  0.92114258
10 58 19 944166 -0.11738968 -0.01391602  0.99488449
10 58 19 996115 -0.01903152  0.16448021  1.05904961
10 58 20 49352 0.01242638 0.0422554  1.01093864
10 58 20 97970 -0.08491325 -0.204422    0.95998573
10 58 20 145486 -0.11988831 -0.08491516  0.98038483
10 58 20 192843 -0.05168724  0.11114311  1.04649734
10 58 20 244602 -0.00697708  0.05996132  1.07338524
10 58 20 293896 -0.06171036 -0.09481049  0.98142815
10 58 20 345320 -0.1407547  -0.08511353  0.90919495
10 58 20 395144 -0.08900833  0.07091713  1.02431297
10 58 20 446747 0.01257515 0.1501255  1.03496552
10 58 20 497108 -0.01550102 -0.09637642  0.98555946
10 58 20 545498 -0.11558342 -0.19531059  0.93127632
10 58 20 597139 -0.10132027  0.01730919  1.0152092 
10 58 20 646792 -0.0123539   0.10598564  1.08930779
10 58 20 698178 -0.01609612 -0.03630638  1.04899025
10 58 20 745601 -0.09273338 -0.10583878  0.90953445
10 58 20 796679 -0.13801575 -0.03641891  0.94606781
10 58 20 844798 -0.05674171  0.11486053  1.03582382
10 58 20 911808 0.02071571 0.03407478 1.02746773
10 58 20 945555 -0.06103706 -0.15959549  0.96017838
10 58 21 3942 -0.12530518 -0.07967567  0.9367485 
10 58 21 75725 -0.07452202  0.06182671  1.0353508 
10 58 21 122635 5.91278076e-04 4.68120575e-02 1.06838417e+00
10 58 21 160158 -0.03982735 -0.07424736  0.97966194
10 58 21 218311 -0.13913727 -0.06502342  0.90847969
10 58 21 264645 -0.10417366  0.04265785  1.02114105
10 58 21 422880 -0.01204491  0.1003685   1.02906609
10 58 21 466498 -9.26971436e-04 -7.35263824e-02  1.00870323e+00
10 58 21 506075 -0.08782196 -0.12467194  0.93445396
10 58 21 541835 -0.10633278  0.01702881  0.99630165
10 58 21 580295 -0.04353333  0.06150246  1.09619331
10 58 21 618773 -0.00597382 -0.01455498  1.04800224
10 58 21 650760 -0.0813446  -0.04938507  0.94368553
10 58 21 683767 -0.13247299 -0.05685806  0.93300438
10 58 21 717550 -0.08372879  0.05977821  1.03060913
10 58 21 761105 0.01860428 0.15126801 1.0326519 
10 58 21 796102 -0.02936745 -0.09879112  0.9829216 
10 58 21 844666 -0.12275887 -0.21519089  0.90322113
10 58 21 897733 -0.12100601  0.02035141  1.03116989
10 58 21 945716 -0.01471329  0.11694527  1.0881443 
10 58 21 994592 -0.0255661  -0.04343414  1.04452133
10 58 22 54888 -0.09515381 -0.10180855  0.90997124
10 58 22 91602 -0.12105179 -0.0512886   0.93589973
10 58 22 144438 -0.06045532  0.10780334  1.03467369
10 58 22 194562 0.02543449 0.06526756 1.02729225
10 58 22 245781 -0.04073143 -0.14646721  0.96290016
10 58 22 294796 -0.13064575 -0.11656952  0.93444824
10 58 22 344721 -0.0811615   0.05330086  1.03049088
10 58 22 396867 -0.00595665  0.07027817  1.07468414
10 58 22 444913 -0.0491066  -0.05950546  0.98654747
10 58 22 514168 -0.12315369 -0.09052849  0.9095993 
10 58 22 546171 -0.12224579  0.00168419  0.99718475
10 58 22 606854 -0.01478195  0.14801025  1.03836632
10 58 22 646161  0.01321983 -0.00925827  0.9994297 
10 58 22 693971 -0.08257484 -0.1859436   0.94479752
10 58 22 762141 -0.12640762 -0.04986191  0.98749352
10 58 22 820445 -0.04626656  0.09836388  1.06643105
10 58 22 868065 0.01231766 0.02668953 1.05103683
10 58 22 914001 -0.06829262 -0.0832901   0.96105576
10 58 22 964983 -0.13319397 -0.07805634  0.92614365
10 58 23 15710 -0.08415413  0.07669449  1.01954842
10 58 23 67583 0.01563263 0.13089371 1.04746437
10 58 23 119914 -0.02221298 -0.10750771  0.978508  
10 58 23 168508 -0.11752892 -0.14520645  0.93580627
10 58 23 215932 -0.10431862  0.03595924  1.00870895
10 58 23 262423 -0.00896072  0.08029556  1.08476067
10 58 23 315669 -0.02187347 -0.0503006   1.05273819
10 58 23 365749 -0.08775902 -0.09159851  0.88737297
10 58 23 427509 -0.14261818 -0.01634598  0.96848488
10 58 23 486294 -0.03835297  0.14144516  1.01822281
10 58 23 537111 0.02070236 0.02959061 1.04501534
10 58 23 589860 -0.05334663 -0.19182014  0.96362305
10 58 23 645666 -0.06315804  0.10822296  1.02305031
10 58 23 677077 -0.00536537  0.04097366  1.08381844
10 58 23 713824  0.12481689  4.49959755 -9.37116623
10 58 23 766880 -0.12816429 -0.07669067  0.91228104
10 58 23 812418 -0.10004616  0.09918785  1.00018692
10 58 23 865731 -5.34057617e-05  1.21601105e-01 -1.35000858e+01
10 58 23 916355 0.05461502 0.0557785  1.0176754 
10 58 23 962517 -0.00971794  0.20689392  1.13266373
10 58 24 14774 -0.05486488 -0.15241432  0.99659348
10 58 24 80139 -0.04889679 -0.29471016  0.88032532
10 58 24 122687 0.06933022 0.07349396 0.9915905 
10 58 24 160420 -0.02563477  0.20637894  1.12449646
10 58 24 221261 -0.0774498  -0.21163177  0.96494293
10 58 24 259761 -0.02664185 -0.30195618  0.9498539 
10 58 24 315374 0.02605057 0.0661087  1.01916695
10 58 24 368016 -0.04001427  0.16970634  1.09797096
10 58 24 414342 -0.1335659  -0.23673058  0.94098091
10 58 24 445623  0.01754189 -0.26018906  0.95776939
10 58 24 494567 0.02718925 0.11060524 1.0228405 
10 58 24 545346 -0.0522728   0.16835213  1.04184532
10 58 24 595359 -0.1455555  -0.27274132  0.85606384
10 58 24 645374  0.04249573 -0.20979309  0.97066879
10 58 24 697844 0.03443909 0.13155365 1.05502129
10 58 24 743583 -0.05440903  0.12546158  1.04480362
10 58 24 795487 -0.09241104 -0.30778694  0.8918438 
10 58 24 844764  0.03970528 -0.21264267  0.92758751
10 58 24 897198 -4.95910645e-04  1.50508881e-01  1.06946182e+00
10 58 24 966740 -0.06934166  0.06364632  1.00541306
10 58 24 993907 -0.05033302 -0.34514618  0.85473251
10 58 25 54747  0.06227303 -0.11863136  1.00554657
10 58 25 89626 0.01448441 0.1783638  1.13981438
10 58 25 142305 -0.14077187 -0.02836037  1.00192833
10 58 25 195343 -0.06805038 -0.36684036  0.89273262
10 58 25 246558  0.04809761 -0.04079247  0.98667908
10 58 25 295038 -0.03076744  0.19939995  1.10453415
10 58 25 346230 -0.11051559 -0.04950142  0.88537598
10 58 25 403111 -0.03230858 -0.32110405  0.98823547
10 58 25 465888  0.05451012 -0.02078056  1.01937485
10 58 25 497758 -0.007164    0.23485184  1.13000488
10 58 25 546364 -0.07600212 -0.05403137  0.99671173
10 58 25 594091 -0.11616516 -0.30319977  0.90016174
10 58 25 645728 0.06677818 0.02541924 0.99799728
10 58 25 695481 -0.03983498  0.22455406  1.12818336
10 58 25 745469 -0.14130783 -0.14817047  0.94873238
10 58 25 799323 -0.03274918 -0.22080612  0.95534706
10 58 25 846589 0.03204727 0.10402298 0.9559021 
10 58 25 895283 -0.02216339  0.2085228   1.10137177
10 58 25 945734 -0.22868538 -0.18153191  0.98714066
10 58 25 996486 -0.08675385 -0.22240067  0.94651794
10 58 26 48994 0.07645798 0.12370682 0.90421867
10 58 26 96561 0.0241394  0.23432159 1.09005165
10 58 26 145913 -0.11032295 -0.08567047  1.12015915
10 58 26 192654 -0.27676773 -0.2929306   0.85343361
10 58 26 244255 0.11182594 0.12199593 0.99388504
10 58 26 293399 0.0986805  0.22583961 1.04881859
10 58 26 349470 -0.0412674  -0.01613235  1.07009888
10 58 26 394122 -0.27264404 -0.23466301  0.89317131
10 58 26 445637 -0.12992096  0.02348137  0.94565964
10 58 26 495428 0.04341888 0.20891953 1.03531265
10 58 26 544511 0.08205223 0.13427162 1.02137566
10 58 26 595563 -0.08867073 -0.0839386   1.12857628
10 58 26 644984 -0.3437252  -0.22473335  0.85006142
10 58 26 697309 -0.00336266  0.10097313  1.07679939
10 58 26 745897 0.04842567 0.16370773 1.04226112
10 58 26 816520 0.10231018 0.05006981 0.99369621
10 58 26 845970 -0.10697746 -0.01747704  1.02260399
