10 58 11 220941 -0.00653791 -0.00833845 -0.00233984
10 58 11 223690 -0.00343323 -0.00031137 -0.00191116
10 58 11 240649 -0.00272703  0.00917435 -0.00181246
10 58 11 248682 -0.01619482  0.00747395 -0.01244974
10 58 11 300968 -0.02723885 -0.00537395 -0.01247311
10 58 11 345344 -0.00716066 -0.00915813  0.00204754
10 58 11 397165 0.00587177 0.00064516 0.00132132
10 58 11 449020 -0.0069623   0.01024342 -0.0063076 
10 58 11 498617 -0.01317692  0.00040722 -0.00401211
10 58 11 544991 -0.00407219 -0.00806046  0.0001421 
10 58 11 595722 -0.00063705  0.00076199  0.00087357
10 58 11 645418 -0.00243711  0.00828791 -0.00158834
10 58 11 697767 -0.01760578  0.00509882 -0.01034832
10 58 11 747667 -0.02409172 -0.00742292 -0.00888777
10 58 11 797719 -0.00674486 -0.00975561  0.00135469
10 58 11 844194 0.00354052 0.00226974 0.00019836
10 58 11 894148 -0.00819349  0.01018953 -0.0043726 
10 58 11 946285 -0.01220846 -0.00101757 -0.00288439
10 58 11 996288 -0.00682688 -0.00813007 -0.0021615 
10 58 12 56628 -0.00502539  0.00183487  0.00075579
10 58 12 91970 -0.00266171  0.00792313  0.00077629
10 58 12 144298 -0.01403952  0.00569344 -0.01158571
10 58 12 198829 -0.03066444 -0.00466871 -0.01488829
10 58 12 245147 -0.01200247 -0.01114798  0.00320721
10 58 12 297836  0.00765324 -0.00233507  0.00609493
10 58 12 346549 -0.00552893  0.00863647 -0.00642347
10 58 12 395920 -0.0166111   0.00283957 -0.00421858
10 58 12 444537 -0.00595713 -0.01071167  0.00126934
10 58 12 496183 -0.00053501 -0.00261641  0.00343704
10 58 12 545021 -0.00189972  0.00805473 -0.00214052
10 58 12 594521 -0.01755714  0.00691843 -0.00848103
10 58 12 648132 -0.02654314 -0.00829792 -0.00793028
10 58 12 700688 -0.00749207 -0.01287937  0.00453949
10 58 12 744795  0.00468874 -0.00225544  0.00192833
10 58 12 810462 -0.00610828  0.00897837 -0.00473213
10 58 12 870838 -0.01168251  0.00298595 -0.00248289
10 58 12 897021 -0.00456667 -0.00950098  0.00144339
10 58 12 945986  0.00057554 -0.00170326  0.00118351
10 58 12 993187 -0.00450277  0.00565243 -0.00365591
10 58 13 54044 -0.01931334  0.00433636 -0.00947666
10 58 13 90311 -0.0182786  -0.0096159  -0.00479794
10 58 13 142782 -0.00072193 -0.01037025  0.00301456
10 58 13 194819  0.00264597 -0.00086451 -0.00217676
10 58 13 262769 -0.00660753  0.00666285 -0.00385666
10 58 13 324944 -7.04622269e-03 -3.48091125e-05 -1.25551224e-03
10 58 13 399876 -0.00258541 -0.00689697  0.00048923
10 58 13 461291  0.00096607 -0.00218248  0.00127983
10 58 13 471368 -0.00211763  0.00326729 -0.00455427
10 58 13 497047 -0.02220297  0.00506401 -0.01355791
10 58 13 547195 -0.02260971 -0.01071119 -0.00300884
10 58 13 592631  0.00562382 -0.01476526  0.00869417
10 58 13 644451  0.00586462 -0.00373745 -0.00182819
10 58 13 694725 -0.00939703  0.00886726 -0.00486994
10 58 13 746538 -0.00621986  0.00277281  0.00156355
10 58 13 794514  0.00499821 -0.00623274  0.00471973
10 58 13 848128  0.0073185  -0.0030117  -0.00068569
10 58 13 895820 -0.01049185  0.00436783 -0.0065403 
10 58 13 945267 -0.02473354  0.00432014 -0.00762606
10 58 13 996024 -0.00732136 -0.01303387  0.00252914
10 58 14 48413  0.00889301 -0.0132513   0.00402737
10 58 14 98178  1.95503235e-05  2.33745575e-03 -4.29821014e-03
10 58 14 145276 -0.00901079  0.01125622 -0.00134659
10 58 14 201224 -0.003088   -0.002388    0.00255728
10 58 14 246126  0.00610924 -0.00843954  0.00159121
10 58 14 293704  0.00072002 -0.00260162 -0.00346947
10 58 14 345416 -0.01841164  0.00848341 -0.00704193
10 58 14 395115 -0.01961136 -0.00196791 -0.003263  
10 58 14 460485  0.00184488 -0.01692295  0.0036974 
10 58 14 495330  0.00570869 -0.00920868 -0.00054216
10 58 14 546938 -0.00425386  0.00889444 -0.00212288
10 58 14 596185 -0.00516462  0.00944567  0.00155783
10 58 14 645893  0.00011969 -0.00517988  0.00271082
10 58 14 697951  0.00567341 -0.00723124  0.00120687
10 58 14 746604 -0.00063181  0.00075245 -0.00317335
10 58 14 793163 -0.01990414  0.01011229 -0.00758457
10 58 14 844290 -0.01816607 -0.0066824  -0.00126362
10 58 14 894314  0.00578976 -0.01781321  0.00662088
10 58 14 945540  0.00517321 -0.00711012 -0.00200844
10 58 14 996140 -0.00617838  0.011693   -0.00209856
10 58 15 57124 -0.00339413  0.00841665  0.00363922
10 58 15 92922  0.0034771  -0.0069437   0.00393581
10 58 15 143739  6.80780411e-03 -8.22114944e-03  2.62260437e-05
10 58 15 196337 -0.0071063   0.00266027 -0.00439262
10 58 15 245992 -0.02076483  0.00961637 -0.00367308
10 58 15 297130 -0.00794506 -0.01217127  0.00331116
10 58 15 346535  0.00796747 -0.01695108  0.00328541
10 58 15 392799  0.00224829 -0.0013876  -0.00283909
10 58 15 444947 -0.0044241   0.01384068  0.00091743
10 58 15 494790 -0.00037384  0.00325346  0.00385618
10 58 15 545415  0.00345898 -0.00936747  0.00152969
10 58 15 595360  0.00500679 -0.00668526 -0.00017309
10 58 15 674826 -0.00931597  0.0055027  -0.00642252
10 58 15 719016 -0.02208042  0.00672913 -0.00760078
10 58 15 779655 -0.0039506  -0.0136981   0.00415564
10 58 15 820820  0.01116657 -0.01468086  0.00475597
10 58 15 867929  0.00114775  0.00156832 -0.00442696
10 58 15 930444 -0.0047965   0.01220036 -0.00042391
10 58 15 972616  0.00321102 -0.00034332  0.00410032
10 58 16 13442  0.01010513 -0.00660324  0.00260115
10 58 16 83207  0.00441074 -0.0036211  -0.00140285
10 58 16 135705 -0.01348305  0.00669241 -0.00618982
10 58 16 169257 -0.01549721  0.00219011 -0.00331688
10 58 16 214761  0.00491428 -0.01370811  0.00431633
10 58 16 259933  0.01145649 -0.01040602  0.00011969
10 58 16 311246  0.00224161  0.00728607 -0.00331688
10 58 16 344802 9.20295715e-05 1.18803978e-02 1.14154816e-03
10 58 16 396464  0.00506115 -0.00292635  0.00187635
10 58 16 445227  0.00922298 -0.00689363  0.00138807
10 58 16 497174  0.00654888 -0.00071716 -0.00215578
10 58 16 546837 -0.01384497  0.00988007 -0.01101828
10 58 16 602819 -1.92499161e-02 -3.86238098e-05 -5.23471832e-03
10 58 16 644491  0.0111928  -0.01597023  0.00948811
10 58 16 693824  0.01500702 -0.00917053  0.00058842
10 58 16 745507 -0.00018835  0.0101223  -0.00533772
10 58 16 795220 0.00043583 0.01246834 0.00196886
10 58 16 845922  0.01012897 -0.00332928  0.00590086
10 58 16 895484  0.01527882 -0.00696182  0.00089169
10 58 16 954069 -0.00021982  0.00124216 -0.00561094
10 58 17 13553 -0.01771355  0.01238823 -0.00591183
10 58 17 49535 -0.00827169 -0.00591183  0.00247288
10 58 17 98742  0.01515341 -0.01732397  0.00547981
10 58 17 171119  0.00916862 -0.00425339 -0.0035634 
10 58 17 193513 -0.00178528  0.0161252  -0.00073195
10 58 17 244545 0.00344419 0.00795984 0.00400925
10 58 17 294342  0.01141644 -0.00834131  0.00275993
10 58 17 345230  0.01202774 -0.00732136 -0.0030098 
10 58 17 394646 -0.01172686  0.00688696 -0.00988913
10 58 17 446261 -0.02029848  0.01024723 -0.00440454
10 58 17 498453  0.01474237 -0.01518059  0.00125456
10 58 17 545691  0.000103    0.00399065 -0.00691557
10 58 17 596687 -0.00132895  0.01727867  0.00215864
10 58 17 645697  0.00881433 -0.0008235   0.00672674
10 58 17 697309  0.01646185 -0.00848627 -0.00053406
10 58 17 746276 -0.00423145 -0.00137949 -0.00694942
10 58 17 793729  0.01409531 -0.01523399 -0.00524235
10 58 17 844629  0.00487375 -0.01062965 -0.01190424
10 58 17 894070 -0.00768042  0.0071826  -0.01173592
10 58 17 945244  0.00169134  0.00020409 -0.00033617
10 58 17 995831  0.01613808 -0.0166378  -0.00245142
10 58 18 57150  0.01125479 -0.01216602 -0.01037407
10 58 18 91118  0.00356674  0.00726748 -0.00907755
10 58 18 143261  0.00663614  0.00785637 -0.00189686
10 58 18 196905  0.00817823 -0.00630808 -0.0028615 
10 58 18 244865  0.01071882 -0.01553583 -0.00620747
10 58 18 297031 -0.0042491  -0.00369024 -0.01359653
10 58 18 346775 -0.01157713  0.00843573 -0.00889969
10 58 18 394891  0.00562096 -0.00544548  0.00147152
10 58 18 444850  0.01665592 -0.01766491 -0.00320005
10 58 18 494516  0.00342655 -0.00597572 -0.01102257
10 58 18 545873 -0.00065756  0.01058006 -0.0057416 
10 58 18 600201  0.00483036  0.00340366 -0.00067759
10 58 18 646892  0.00854969 -0.01036119 -0.00285435
10 58 18 695177  0.00070572 -0.01266241 -0.00828409
10 58 18 744109 -0.01424646  0.00312519 -0.01206255
10 58 18 797642 -0.009583    0.00394869 -0.0029211 
10 58 18 845730  7.39479065e-03 -1.17702484e-02  6.05583191e-05
10 58 18 896983  0.00899887 -0.0140419  -0.00595331
10 58 18 946145 -0.00240898  0.00418997 -0.00787878
10 58 18 992954 -0.00270748  0.0088644  -0.00271177
10 58 19 62544 -4.33921814e-05 -3.90148163e-03 -2.12335587e-03
10 58 19 90039  0.00512266 -0.01363707 -0.00247955
10 58 19 151857 -0.00154638 -0.00625849 -0.01003408
10 58 19 221598 -0.02196169  0.00829315 -0.0144186 
10 58 19 261898 -0.0130806   0.00053072 -0.00115633
10 58 19 320099  0.01418972 -0.01766729  0.00328302
10 58 19 363851  0.00845528 -0.0125947  -0.00812864
10 58 19 416882 -0.00792789  0.0098381  -0.00944901
10 58 19 445418 -0.00316429  0.01111889 -0.00052166
10 58 19 497659  0.00727415 -0.00538921  0.0002656 
10 58 19 546310  0.0063076  -0.01417398 -0.0054183 
10 58 19 593479 -0.01366282 -0.0006485  -0.01055145
10 58 19 644381 -0.01685619  0.01031685 -0.00427389
10 58 19 694069 -0.00071859 -0.00562572  0.00021076
10 58 19 745834  0.00934458 -0.01636839 -0.00470781
10 58 19 806221  0.00069714 -0.00158453 -0.00677967
10 58 19 846048 -0.00505114  0.01385784 -0.00342607
10 58 19 896954 -0.00317383  0.00385237 -0.00277853
10 58 19 944166  0.00311804 -0.009027   -0.00304222
10 58 19 996115  0.00438786 -0.01015759 -0.00498438
10 58 20 49352 -0.01542234  0.00533962 -0.01576519
10 58 20 97970 -0.02283812  0.00980759 -0.01107979
10 58 20 145486  0.00504971 -0.00898361  0.00312376
10 58 20 192843  0.0172143  -0.01598215 -0.00288868
10 58 20 244602 -0.00156069  0.00195646 -0.01286793
10 58 20 293896 -0.00729847  0.01729584 -0.00583124
10 58 20 345320  0.00389147  0.00393963 -0.00021648
10 58 20 395144  0.01432467 -0.00832891 -0.0038023 
10 58 20 446747  0.00184155 -0.00661325 -0.01092625
10 58 20 497108 -0.02086258  0.01130247 -0.01406145
10 58 20 545498 -0.01375341  0.00765419 -0.00311184
10 58 20 597139  1.40757561e-02 -1.39913559e-02  4.43458557e-05
10 58 20 646792  0.01360559 -0.0112009  -0.0086894 
10 58 20 698178 -0.00490236  0.01305819 -0.01059675
10 58 20 745601 -0.00502062  0.01755857 -0.00348043
10 58 20 796679  0.00774765 -0.00348425 -0.00129175
10 58 20 844798  0.01186657 -0.01150179 -0.00807953
10 58 20 911808 -0.01068974  0.0014677  -0.01440668
10 58 20 945555 -0.01905489  0.01605415 -0.00854492
10 58 21 3942  0.00156116 -0.00184488 -0.00041151
10 58 21 75725  0.01804924 -0.0143261  -0.00630951
10 58 21 122635  0.00630331  0.00037622 -0.01128769
10 58 21 160158 -0.00390291  0.01896572 -0.00612259
10 58 21 218311  0.00089312  0.00970888 -0.00290966
10 58 21 264645  0.0123539 -0.0073657 -0.0056777
10 58 21 422880  0.00396729 -0.00778103 -0.01181412
10 58 21 466498 -0.01589203  0.01102543 -0.01265907
10 58 21 506075 -0.00945997  0.01002121 -0.00426626
10 58 21 541835  0.01109314 -0.00992489 -0.00434923
10 58 21 580295  0.01430368 -0.01052999 -0.01041317
10 58 21 618773  0.0024519   0.01007414 -0.01038742
10 58 21 650760  0.00119972  0.01712465 -0.00424528
10 58 21 683767  0.00373316  0.00195599 -0.00557566
10 58 21 717550  0.01298523 -0.00963545 -0.00611877
10 58 21 761105  0.00466967 -0.00350285 -0.01295424
10 58 21 796102 -0.01619005  0.01470232 -0.017591  
10 58 21 844666 -0.00915527  0.00610113 -0.00628996
10 58 21 897733  0.02074289 -0.01449728 -0.00092983
10 58 21 945716  0.01677132 -0.00898647 -0.01153755
10 58 21 994592 -0.00072479  0.01339817 -0.0134654 
10 58 22 54888  0.00185633  0.01619196 -0.00470209
10 58 22 91602  0.01108456 -0.00217438 -0.00318813
10 58 22 144438  0.01511335 -0.00985527 -0.00842142
10 58 22 194562 -0.00527716  0.00105524 -0.01555443
10 58 22 245781 -0.01828623  0.01468563 -0.01143742
10 58 22 294796 -2.24113464e-05 -1.39141083e-03 -2.64787674e-03
10 58 22 344721  0.02050447 -0.01505184 -0.00547314
10 58 22 396867  0.00979137 -0.00113535 -0.01277304
10 58 22 444913 -0.00423956  0.01733685 -0.00953579
10 58 22 514168  0.00033665  0.00821686 -0.00534725
10 58 22 546171  0.01291275 -0.00718307 -0.00579309
10 58 22 606854  0.01012087 -0.00890017 -0.01058912
10 58 22 646161 -0.01461267  0.00745535 -0.01731443
10 58 22 693971 -0.01586103  0.01094437 -0.00945997
10 58 22 762141  0.01207876 -0.00795841 -0.00189304
10 58 22 820445  0.02191734 -0.01358128 -0.00913048
10 58 22 868065  0.00300884  0.00520754 -0.01458549
10 58 22 914001 -0.00386858  0.01743174 -0.00787497
10 58 22 964983  0.0049367   0.00269651 -0.0054121 
10 58 23 15710  0.01570463 -0.01124191 -0.00826788
10 58 23 67583  0.00073624 -0.0071888  -0.01606035
10 58 23 119914 -0.02042389  0.01244497 -0.01631069
10 58 23 168508 -0.0085001   0.00539923 -0.00598669
10 58 23 215932  0.01652956 -0.01556921 -0.00627851
10 58 23 262423  0.01278114 -0.01315784 -0.01493311
10 58 23 315669 -0.00377321  0.01318359 -0.0139451 
10 58 23 365749 -0.00349331  0.01540518 -0.00656891
10 58 23 427509  0.00746155 -0.00227928 -0.0069685 
10 58 23 486294  0.01013851 -0.0154295  -0.01308203
10 58 23 537111 -0.01384258 -0.00334692 -0.02012634
10 58 23 589860 -0.02255344  0.0142498  -0.01365852
10 58 23 645666  0.01683903 -0.01868629 -0.01143837
10 58 23 677077 -0.00047445 -0.00619984 -0.01806402
10 58 23 713824 -8.69798660e-03  6.53266907e-05  1.81245327e+00
10 58 23 766880 -0.00161362  0.00691938 -0.00608015
10 58 23 812418  0.00994635 -0.01109076 -0.00987339
10 58 23 865731 -0.00432873 -0.01382303 -0.01857853
10 58 23 916355  0.02349758 -0.026474    0.1467247 
10 58 23 962517 0.03886557 0.00496864 0.12810183
10 58 24 14774 0.0125556  0.01715755 0.11373186
10 58 24 80139  0.00103712 -0.01436901  0.13752937
10 58 24 122687  0.02753878 -0.02174187  0.14641953
10 58 24 160420 0.0417285  0.00759602 0.12739801
10 58 24 221261 0.00910759 0.01112747 0.11626434
10 58 24 259761  0.00244904 -0.02311087  0.14558029
10 58 24 315374  0.03200293 -0.01866627  0.15401268
10 58 24 368016 0.04482985 0.01381111 0.13382435
10 58 24 414342 0.01265192 0.01024675 0.12895727
10 58 24 445623  0.01310825 -0.02732563  0.15281963
10 58 24 494567  0.03690815 -0.01144981  0.16084623
10 58 24 545346 0.0486598  0.0194068  0.13928652
10 58 24 595359 0.01132488 0.0051322  0.13566875
10 58 24 645374  0.01648951 -0.0297699   0.15861368
10 58 24 697844  0.03816175 -0.00956392  0.16323233
10 58 24 743583 0.0431881  0.01897573 0.14055014
10 58 24 795487 0.00844574 0.00313759 0.14121008
10 58 24 844764  0.01639318 -0.02508307  0.16605234
10 58 24 897198  0.04238176 -0.0016222   0.1656785 
10 58 24 966740 0.04161787 0.02037144 0.14079905
10 58 24 993907  0.00094175 -0.00915051  0.14507151
10 58 25 54747  0.01299715 -0.02822733  0.17044973
10 58 25 89626 0.03475714 0.00161362 0.16856861
10 58 25 142305 0.03486013 0.01823568 0.14504385
10 58 25 195343  0.00538921 -0.01475859  0.15071106
10 58 25 246558  0.02139616 -0.0209012   0.17556047
10 58 25 295038 0.04572105 0.00987816 0.16739607
10 58 25 346230 0.02672863 0.00675297 0.14436436
10 58 25 403111 -0.00271845 -0.02686357  0.15577412
10 58 25 465888  0.01967239 -0.03021908  0.18119907
10 58 25 497758  0.04194021 -0.00078392  0.17093515
10 58 25 546364 0.03006744 0.01706696 0.14853334
10 58 25 594091  0.00937414 -0.01421309  0.16581678
10 58 25 645728  0.03003931 -0.02906466  0.18307447
10 58 25 695481 0.04108715 0.00338078 0.16864347
10 58 25 745469 0.01809168 0.00757599 0.15217257
10 58 25 799323  0.00593138 -0.03005838  0.17206955
10 58 25 846589  0.02852678 -0.02755308  0.17918062
10 58 25 895283 0.0371232  0.00193024 0.16494989
10 58 25 945734 0.01747465 0.01099968 0.15569496
10 58 25 996486  0.01108456 -0.01947117  0.17920113
10 58 26 48994  0.03106022 -0.02499151  0.17808723
10 58 26 96561  0.03799152 -0.00451803  0.16137552
10 58 26 145913 0.02456141 0.01392412 0.15738201
10 58 26 192654  0.00733232 -0.00588655  0.1801281 
10 58 26 244255  0.02923584 -0.03068352  0.17857456
10 58 26 293399  0.03433228 -0.02357578  0.15837431
10 58 26 349470 0.02915478 0.00560617 0.15992928
10 58 26 394122 0.01773453 0.02230072 0.17347336
10 58 26 445637  0.02653456 -0.01851368  0.1835103 
10 58 26 495428  0.04127789 -0.03252125  0.15988827
10 58 26 544511  0.03146076 -0.01116371  0.15429592
10 58 26 595563 0.03132343 0.02237892 0.16849613
10 58 26 644984 0.02249718 0.00595284 0.17727137
10 58 26 697309  0.04197025 -0.03544378  0.17211533
10 58 26 745897  0.03566647 -0.02391863  0.1563158 
