10 58 11 220941 -0.05839825 -0.02836037  0.9481163 
10 58 11 223690 -0.08393812 -0.03394032  0.99292827
10 58 11 240649 -0.07294869  0.02592659  1.04245234
10 58 11 248682 -0.03135633  0.11105633  1.0155766 
10 58 11 300968 -0.03228712  0.03003168  0.95220804
10 58 11 345344 -0.07124472 -0.10774398  0.96404862
10 58 11 397165 -0.08307505 -0.06956768  1.03553724
10 58 11 449020 -0.05658722  0.03385067  1.04944944
10 58 11 498617 -0.04035592  0.01391721  0.99444127
10 58 11 544991 -0.05908966 -0.03870654  0.95824432
10 58 11 595722 -0.08545089 -0.05093741  0.99951601
10 58 11 645418 -0.07504225  0.01858377  1.03292322
10 58 11 697767 -0.03052449  0.08853483  1.00517058
10 58 11 747667 -0.02712417  0.02170563  0.95060515
10 58 11 797719 -0.0574429  -0.08017063  0.97242093
10 58 11 844194 -0.07597399 -0.05065775  1.04740167
10 58 11 894148 -0.05718589  0.02671123  1.06191254
10 58 11 946285 -0.03796268  0.01119184  0.98864031
10 58 11 996288 -0.05838776 -0.02375388  0.96082306
10 58 12 56628 -0.07915688 -0.04937387  0.99924183
10 58 12 91970 -0.08108854  0.00719643  1.0394249 
10 58 12 144298 -0.03134823  0.12125564  1.01341391
10 58 12 198829 -0.02853036  0.04670978  0.95499754
10 58 12 245147 -0.06527662 -0.12361693  0.95297337
10 58 12 297836 -0.08931351 -0.10712576  1.03147936
10 58 12 346549 -0.0602951   0.03287864  1.05169702
10 58 12 395920 -0.03734446  0.02806401  1.00174427
10 58 12 444537 -0.05480838 -0.03961396  0.95211363
10 58 12 496183 -0.08395386 -0.0634191   0.98822737
10 58 12 545021 -0.0766685   0.02736378  1.04316473
10 58 12 594521 -0.02792215  0.09266138  1.01441216
10 58 12 648132 -0.02954578  0.01514888  0.94926524
10 58 12 700688 -0.06724381 -0.09477854  0.95903826
10 58 12 744795 -0.08655763 -0.05139136  1.03990722
10 58 12 810462 -0.05019951  0.03668451  1.05559087
10 58 12 870838 -0.03495717  0.01326489  0.99793625
10 58 12 897021 -0.0640018  -0.03491354  0.95001268
10 58 12 945986 -0.09405804 -0.04172945  1.00251889
10 58 12 993187 -0.07541227  0.0429647   1.03618526
10 58 13 54044 -0.03124356  0.07252622  1.00220227
10 58 13 90311 -0.03841972 -0.02209687  0.94747806
10 58 13 142782 -0.07840753 -0.09025216  0.98414779
10 58 13 194819 -0.0812602  -0.02397943  1.03959179
10 58 13 262769 -0.0464642   0.02859116  1.04589033
10 58 13 324944 -4.07643318e-02 -4.53233719e-04  9.88491058e-01
10 58 13 399876 -0.06997037 -0.03905559  0.96281886
10 58 13 461291 -0.09614182 -0.03783441  1.00220323
10 58 13 471368 -0.06085443  0.06368613  1.02831531
10 58 13 497047 -0.01290202  0.09433627  0.99708366
10 58 13 547195 -0.03777099 -0.05793858  0.94309878
10 58 13 592631 -0.0814991  -0.12917995  0.98062634
10 58 13 644451 -0.07985067 -0.01541519  1.04024458
10 58 13 694725 -0.0347116   0.04417658  1.04724455
10 58 13 746538 -0.03850293 -0.01147509  0.99413776
10 58 13 794514 -0.07994151 -0.05325675  0.95902395
10 58 13 848128 -0.09658694 -0.00288749  1.01151681
10 58 13 895820 -0.04558349  0.08981037  1.02577424
10 58 13 945267 -0.01397133  0.04101205  0.98284054
10 58 13 996024 -0.05329704 -0.08818483  0.94631171
10 58 14 48413 -0.09189701 -0.07471514  1.00579977
10 58 14 98178 -0.06323695  0.02582407  1.05061293
10 58 14 145276 -0.02856278  0.02014112  1.03509593
10 58 14 201224 -0.04821086 -0.03309751  0.96992588
10 58 14 246126 -0.09594035 -0.04226542  0.9713583 
10 58 14 293704 -0.08393621  0.03026938  1.02536035
10 58 14 345416 -0.02711844  0.06908178  1.01590681
10 58 14 395115 -0.02760839 -0.01629257  0.96517038
10 58 14 460485 -0.06901765 -0.0817337   0.95394754
10 58 14 495330 -0.08636761 -0.02952409  1.02820277
10 58 14 546938 -0.04166508  0.02581048  1.05809331
10 58 14 596185 -0.03150606 -0.0080173   1.01652503
10 58 14 645893 -0.06268859 -0.04019308  0.95931625
10 58 14 697951 -0.09715772 -0.03071618  0.99269962
10 58 14 746604 -0.06516409  0.05428243  1.03555703
10 58 14 793163 -0.01192951  0.07141399  1.00888038
10 58 14 844290 -0.03324795 -0.04858375  0.94688773
10 58 14 894314 -0.07875109 -0.09743857  0.96752191
10 58 14 945540 -0.08478951 -0.01189327  1.04234433
10 58 14 996140 -0.03565741  0.03102016  1.05713534
10 58 15 57124 -0.03366566 -0.01827598  1.00308442
10 58 15 92922 -0.07874823 -0.04646492  0.95096898
10 58 15 143739 -0.09572768 -0.00557828  0.9994247 
10 58 15 196337 -0.04788756  0.06985354  1.0302763 
10 58 15 245992 -0.01801896  0.02534986  0.99904776
10 58 15 297130 -0.05467725 -0.07191062  0.94400859
10 58 15 346535 -0.08368635 -0.05823255  0.98349047
10 58 15 392799 -0.06389618  0.01978564  1.0492301 
10 58 15 444947 -0.03582597  0.00671697  1.04943275
10 58 15 494790 -0.04545903 -0.02434587  0.98214746
10 58 15 545415 -0.08480525 -0.03809667  0.95690227
10 58 15 595360 -0.08748102  0.01122451  1.00483251
10 58 15 674826 -0.03518105  0.08977008  1.02632499
10 58 15 719016 -0.01693869  0.02548504  0.98673487
10 58 15 779655 -0.06177568 -0.10352421  0.94149303
10 58 15 820820 -0.09044576 -0.07985878  1.00316954
10 58 15 867929 -0.06196809  0.0287118   1.04472232
10 58 15 930444 -0.03566957  0.00957227  1.03502464
10 58 15 972616 -0.05774498 -0.03845477  0.97642136
10 58 16 13442 -0.09433031 -0.04611278  0.97117853
10 58 16 83207 -0.08574152  0.02408934  1.01506066
10 58 16 135705 -0.03015065  0.07602143  1.01420307
10 58 16 169257 -0.02799177 -0.00766206  0.97352648
10 58 16 214761 -0.0728755  -0.08548188  0.9519093 
10 58 16 259933 -0.0846138  -0.03309989  1.01732254
10 58 16 311246 -0.04898715  0.03261709  1.0558815 
10 58 16 344802 -0.03650451 -0.00274181  1.02553892
10 58 16 396464 -0.06609654 -0.0317893   0.96366787
10 58 16 445227 -0.09434533 -0.03636241  0.97841334
10 58 16 497174 -0.07152629  0.04819155  1.0289166 
10 58 16 546837 -0.01860952  0.10462999  1.01684499
10 58 16 602819 -0.03019619 -0.02932763  0.96733952
10 58 16 644491 -0.08185911 -0.13603258  0.95641232
10 58 16 693824 -0.08721209 -0.03879213  1.02594423
10 58 16 745507 -0.04085541  0.05307841  1.05660391
10 58 16 795220 -0.03667927 -0.00903702  1.01853991
10 58 16 845922 -0.07824302 -0.05789685  0.9548831 
10 58 16 895484 -0.09665871 -0.01982474  0.9890008 
10 58 16 954069 -0.05700684  0.07417941  1.02552986
10 58 17 13553 -0.01152563  0.0520854   1.0012579 
10 58 17 49535 -0.04617834 -0.08067918  0.95086432
10 58 17 98742 -0.07956147 -0.07939959  0.97377467
10 58 17 171119 -0.06820774  0.01571417  1.038908  
10 58 17 193513 -0.03085566  0.0246644   1.05700731
10 58 17 244545 -0.0417459  -0.02908587  0.99478078
10 58 17 294342 -0.08586144 -0.04551506  0.95101643
10 58 17 345230 -0.09433246  0.03090334  1.00976753
10 58 17 394646 -0.02460051  0.10445142  1.02449489
10 58 17 446261 -0.01689434 -0.01662612  0.98919606
10 58 17 498453 -0.09408283 -0.04542327  1.00665712
10 58 17 545691 -0.04672885  0.05444646  1.05050683
10 58 17 596687 -0.02467275 -0.00758171  1.04414248
10 58 17 645697 -0.0655396  -0.06301928  0.97043276
10 58 17 697309 -0.09739661 -0.01723504  0.98124003
10 58 17 746276 -0.87500262 -0.68743944 -0.40411401
10 58 17 793729 -0.10407948 -0.03041816  0.98162055
10 58 17 844629 -0.07169795  0.04880619  1.01413989
10 58 17 894070 -0.02381015  0.01654458  1.01569223
10 58 17 945244 -0.04582167 -0.09700942  0.97939229
10 58 17 995831 -0.08418369 -0.0700407   0.97179103
10 58 18 57150 -0.07939506  0.02220178  1.01883078
10 58 18 91118 -0.04108     0.01643085  1.04645872
10 58 18 143261 -0.04660463 -0.04935336  1.0098238 
10 58 18 196905 -0.09057736 -0.06626821  0.96843863
10 58 18 244865 -0.10147381  0.00167942  0.98865986
10 58 18 297031 -0.04776764  0.06723237  1.01823306
10 58 18 346775 -0.01809502 -0.02043056  1.00297785
10 58 18 394891 -0.06581593 -0.11675191  0.97859359
10 58 18 444850 -0.09415674 -0.0466814   0.99420881
10 58 18 494516 -0.06133771  0.03516245  1.03143668
10 58 18 545873 -0.03781486 -0.00569224  1.03487611
10 58 18 600201 -0.05858183 -0.06653643  0.98760295
10 58 18 646892 -0.10588288 -0.05457163  0.97246766
10 58 18 695177 -0.08596611  0.02940798  1.00088   
10 58 18 744109 -0.03500652  0.04305196  1.01434112
10 58 18 797642 -0.03503227 -0.05923152  0.98661542
10 58 18 845730 -0.08024025 -0.0872581   0.97943354
10 58 18 896983 -0.08560395 -0.01156974  1.00878811
10 58 18 946145 -0.04958081  0.02300048  1.04285431
10 58 18 992954 -0.04091072 -0.02494097  1.0159452 
10 58 19 62544 -0.07759762 -0.06095982  0.96814203
10 58 19 90039 -0.10156226 -0.03889203  0.98284245
10 58 19 151857 -0.0623734   0.06844997  1.0243752 
10 58 19 221598 -0.01837993  0.06158257  1.01590228
10 58 19 261898 -0.04347968 -0.09557533  0.97111917
10 58 19 320099 -0.09644723 -0.11458778  0.97657514
10 58 19 363851 -0.07858825  0.01101136  1.02127504
10 58 19 416882 -0.03778291  0.03765535  1.04997659
10 58 19 445418 -0.0438652  -0.0443387   1.00734735
10 58 19 497659 -0.09100604 -0.07888055  0.95977473
10 58 19 546310 -0.09858751 -0.00717092  0.99051785
10 58 19 593479 -0.05032229  0.05103016  1.01711035
10 58 19 644381 -0.02861357 -0.02372217  1.00622916
10 58 19 694069 -0.06542063 -0.08136892  0.97349668
10 58 19 745834 -0.09014487 -0.03329253  0.99097013
10 58 19 806221 -0.0614922   0.01365209  1.03982592
10 58 19 846048 -0.034904   -0.00329828  1.04399824
10 58 19 896954 -0.05495548 -0.03708363  0.97961926
10 58 19 944166 -0.0956552  -0.05077052  0.96199489
10 58 19 996115 -0.08233619  0.01775813  1.00329566
10 58 20 49352 -0.02591062  0.0971303   1.03120041
10 58 20 97970 -0.02049971 -0.0124588   0.99664497
10 58 20 145486 -0.08080292 -0.1395421   0.9640367 
10 58 20 192843 -0.09673166 -0.05444908  0.99578142
10 58 20 244602 -0.05428934  0.05125642  1.03915215
10 58 20 293896 -0.03991103  0.00520802  1.03688073
10 58 20 345320 -0.07103062 -0.06844091  0.97457528
10 58 20 395144 -0.10276294 -0.04946399  0.96648598
10 58 20 446747 -0.07429624  0.0525775   1.00849652
10 58 20 497108 -0.01450777  0.06386399  1.01745629
10 58 20 545498 -0.03100681 -0.0756731   0.98289585
10 58 20 597139 -0.08440781 -0.10771227  0.96099472
10 58 20 646792 -7.89484978e-02 -1.23500824e-04  1.01426077e+00
10 58 20 698178 -0.03213954  0.04086471  1.05240679
10 58 20 745601 -0.04127693 -0.03161407  1.01987743
10 58 20 796679 -0.08550262 -0.07609725  0.95255494
10 58 20 844798 -0.09872866 -0.00549006  0.98475862
10 58 20 911808 -0.04485822  0.06767464  1.01647973
10 58 20 945555 -0.01966047 -0.01093721  1.01168132
10 58 21 3942 -0.06680846 -0.10648823  0.97017264
10 58 21 75725 -0.09227276 -0.04676223  0.98476458
10 58 21 122635 -0.06474495  0.02931023  1.03976583
10 58 21 160158 -0.0321238   0.00687313  1.04090905
10 58 21 218311 -0.05879831 -0.05009055  0.98803186
10 58 21 264645 -0.10084057 -0.0491991   0.96055746
10 58 21 422880 -0.08369517  0.02920604  1.00241423
10 58 21 466498 -0.02579498  0.03847647  1.0157361 
10 58 21 506075 -0.03465772 -0.05932546  0.98903275
10 58 21 541835 -0.07506919 -0.07391047  0.96346617
10 58 21 580295 -0.08245444 -0.00216198  1.00966024
10 58 21 618773 -0.0463028   0.02198887  1.05291176
10 58 21 650760 -0.0396452  -0.01956916  1.02578664
10 58 21 683767 -0.07492685 -0.04418826  0.96176839
10 58 21 717550 -0.1034255  -0.0370605   0.96631503
10 58 21 761105 -0.06260014  0.0597465   1.01929569
10 58 21 796102 -0.01178694  0.06807518  1.02093196
10 58 21 844666 -0.04348516 -0.08225083  0.98139453
10 58 21 897733 -0.08917904 -0.11953592  0.96402717
10 58 21 945716 -0.08179975 -0.00260496  1.01591086
10 58 21 994592 -0.03224874  0.0428164   1.05157256
10 58 22 54888 -0.04347444 -0.03699708  1.01993537
10 58 22 91602 -0.08479023 -0.07928467  0.94934535
10 58 22 144438 -0.10049248 -0.02011991  0.97722411
10 58 22 194562 -0.04765296  0.06643772  1.01700211
10 58 22 245781 -0.01741767  0.00585771  1.0062077 
10 58 22 294796 -0.05989528 -0.10211039  0.9748404 
10 58 22 344721 -0.0916369  -0.06607318  0.98474598
10 58 22 396867 -0.06191134  0.02101684  1.03325605
10 58 22 444913 -0.0295825   0.01539302  1.03814888
10 58 22 514168 -0.05543137 -0.04992032  0.98663521
10 58 22 546171 -0.0964632  -0.06762695  0.95579886
10 58 22 606854 -0.08850837  0.01575565  1.00038481
10 58 22 646161 -0.0260427   0.07589269  1.01704621
10 58 22 693971 -0.02314663 -0.03370571  0.99152279
10 58 22 762141 -0.07568121 -0.11593747  0.9709518 
10 58 22 820445 -0.09168887 -0.03086162  1.00252366
10 58 22 868065 -0.04462671  0.04576468  1.04153919
10 58 22 914001 -0.03176093 -0.00661349  1.02806187
10 58 22 964983 -0.06198359 -0.06062007  0.96551561
10 58 23 15710 -0.10310268 -0.03771853  0.97442865
10 58 23 67583 -0.06757927  0.05914497  1.00864148
10 58 23 119914 -0.01295805  0.04329634  1.01380515
10 58 23 168508 -0.03466153 -0.08282614  0.97791004
10 58 23 215932 -0.08374453 -0.08570051  0.96947861
10 58 23 262423 -0.07623124  0.01127315  1.01498461
10 58 23 315669 -0.03430486  0.0266788   1.05993176
10 58 23 365749 -0.03809261 -0.0401907   1.01370072
10 58 23 427509 -0.08600736 -0.06857276  0.95641136
10 58 23 486294 -0.0973289   0.00685978  0.98097348
10 58 23 537111 -0.04093456  0.0805912   1.01181793
10 58 23 589860 -0.01680279 -0.02029967  1.00834703
10 58 23 645666 -0.09373975  1.64046431 -1.27740002
10 58 23 677077 -0.05680966  0.04770947  1.02872348
10 58 23 713824  0.01549554  0.99999642 -1.91779947
10 58 23 766880 -0.06118917 -0.07098389 -0.54304242
10 58 23 812418 -0.10452437 -0.04056144  0.96755505
10 58 23 865731 -0.00838661  0.0677073   0.01559091
10 58 23 916355 -0.02342606 -0.1937077   0.96275663
10 58 23 962517 0.01533818 0.02042508 1.04002118
10 58 24 14774 -0.00259638  0.06672311  1.04335165
10 58 24 80139 -0.05287457 -0.1458869   0.96822858
10 58 24 122687  0.00276232 -0.15168858  0.96213341
10 58 24 160420 0.02336287 0.04487658 1.04343534
10 58 24 221261 -0.00541425  0.05961752  1.03785896
10 58 24 259761 -0.05835509 -0.1774807   0.96047521
10 58 24 315374 -0.00944376 -0.17393589  0.98768234
10 58 24 368016 0.00413752 0.03377986 1.06140995
10 58 24 414342 -0.02911592  0.02696109  1.03300238
10 58 24 445623 -0.06803703 -0.19048953  0.96108174
10 58 24 494567 -0.00539851 -0.14579368  0.98296475
10 58 24 545346 2.38418579e-04 5.53648472e-02 1.05915785e+00
10 58 24 595359 -0.04287171  0.01516366  1.00475311
10 58 24 645374 -0.05734825 -0.19256997  0.94329143
10 58 24 697844  0.00663209 -0.11845589  0.98672199
10 58 24 743583 0.00548863 0.07101226 1.06854033
10 58 24 795487 -0.04028583 -0.01294041  1.00979424
10 58 24 844764 -0.05633926 -0.21100497  0.95143056
10 58 24 897198  0.00104618 -0.11184573  0.98299527
10 58 24 966740 -0.00933719  0.0730834   1.05586886
10 58 24 993907 -0.05568361 -0.04737639  0.9790175 
10 58 25 54747 -0.02420449 -0.21386456  0.9470849 
10 58 25 89626  0.01475716 -0.08023381  0.98192382
10 58 25 142305 -0.03346872  0.07319188  1.05348396
10 58 25 195343 -0.11216187 -0.08130288  0.97447896
10 58 25 246558 -0.06212401 -0.19706345  0.95477986
10 58 25 295038 -0.01420999 -0.03428912  0.99386978
10 58 25 346230 -0.04848003  0.09945869  1.03312063
10 58 25 403111 -0.08090734 -0.08935094  0.94120097
10 58 25 465888 -0.03186536 -0.19045687  0.9850738 
10 58 25 497758  0.00429845 -0.02049065  1.02062201
10 58 25 546364 -0.02566314  0.0966568   1.06024718
10 58 25 594091 -0.08063984 -0.09319568  0.97802091
10 58 25 645728 -0.03812957 -0.16055942  0.95792913
10 58 25 695481 -0.00244808  0.0244863   1.0019803 
10 58 25 745469 -0.05284238  0.08282876  1.03503561
10 58 25 799323 -0.11292648 -0.13205743  0.9460578 
10 58 25 846589 -0.02551889 -0.10636926  0.97433114
10 58 25 895283 0.02361655 0.07574391 1.01943135
10 58 25 945734 -0.03012633  0.07297206  1.06717944
10 58 25 996486 -0.14889431 -0.15342283  0.97572064
10 58 26 48994 -0.04785657 -0.1120069   0.971035  
10 58 26 96561 0.04937363 0.08040977 1.00118065
10 58 26 145913 0.00426245 0.10487509 1.05583286
10 58 26 192654 -0.14703178 -0.10462785  1.00607848
10 58 26 244255 -0.12224269 -0.1215024   0.96101952
10 58 26 293399 0.01438403 0.06928539 0.98543644
10 58 26 349470 0.03182364 0.12980056 1.02821994
10 58 26 394122 -0.05620694 -0.01387048  1.05611897
10 58 26 445637 -0.18405867 -0.14386654  0.96381426
10 58 26 495428 -0.06160498  0.01611805  0.99636173
10 58 26 544511 0.02492738 0.13314319 1.01666808
10 58 26 595563 0.01353145 0.06214285 1.03325295
10 58 26 644984 -0.13536811 -0.07397723  1.00713372
10 58 26 697309 -0.18149614 -0.09668732  0.97408819
10 58 26 745897 -0.0692935   0.05522299  1.02079296
10 58 26 816520 0.03297663 0.10608673 1.02935433
