13 30 35 630028  0.01577139  0.00661612 -0.00508595
13 30 35 654962  0.02107477  0.00265884 -0.00713396
13 30 35 691824  0.01658916 -0.00077248 -0.01179695
13 30 35 735017  0.00723791  0.00700426 -0.01054287
13 30 35 787324  0.01606655  0.00846863 -0.00718307
13 30 35 824752  2.57816315e-02  4.52995300e-05 -7.19594955e-03
13 30 35 876006  0.0238471   0.00111961 -0.00827742
13 30 35 938903  0.01753855  0.00707865 -0.00797749
13 30 35 980558  0.01866198  0.0049367  -0.00714684
13 30 36 32818  0.02139568  0.00247622 -0.00560284
13 30 36 68686  0.02298021  0.00446749 -0.00486898
13 30 36 127425  0.02405977  0.00109291 -0.00967312
13 30 36 174031  0.01312208  0.00223351 -0.01381779
13 30 36 224733  0.01115417  0.00833845 -0.00987244
13 30 36 273953  0.02517891  0.00332069 -0.00504255
13 30 36 323391  0.02953196 -0.00343752 -0.00641537
13 30 36 375452  0.01968145  0.00482273 -0.00865936
13 30 36 424430  0.01894808  0.00941133 -0.00716591
13 30 36 476244  0.02583933  0.00127411 -0.00574923
13 30 36 524686  0.02632475  0.00028086 -0.00442648
13 30 36 572053  0.0248847   0.00366831 -0.00652933
13 30 36 627296  0.01889181 -0.00029278 -0.01280642
13 30 36 674329  0.01190615  0.00287676 -0.01222277
13 30 36 725828  0.02214861  0.00551176 -0.00494051
13 30 36 773500  0.03120375 -0.00220919 -0.00489998
13 30 36 824928  0.02312565 -0.00221348 -0.00860786
13 30 36 875160  0.01744223  0.00744247 -0.00777102
13 30 36 923423  0.02415085  0.00450087 -0.00547695
13 30 36 975442  0.0270319  -0.00149107 -0.00417376
13 30 37 27075  0.02421045  0.00016356 -0.0071702 
13 30 37 76326  0.01434278 -0.00016212 -0.01140356
13 30 37 124106  0.0121336   0.00050068 -0.01051569
13 30 37 172163  0.02093172  0.00149632 -0.00600338
13 30 37 226649  0.02634335 -0.00055361 -0.00571299
13 30 37 273818  0.02266312 -0.00146961 -0.00810051
13 30 37 324348  0.01712847 -0.00025749 -0.00882912
13 30 37 372676  0.0191021  0.0014739 -0.00632  
13 30 37 424558  0.02180243  0.00041437 -0.00434923
13 30 37 474938  0.02343607 -0.00160217 -0.00694466
13 30 37 523445  0.01503849 -0.00422239 -0.01202154
13 30 37 574906  0.00655746  0.00042677 -0.01133633
13 30 37 625099  0.01401377  0.00212002 -0.00697041
13 30 37 675602  0.0231266  -0.00356293 -0.00671625
13 30 37 724405  0.01928139 -0.0031476  -0.00901937
13 30 37 773208  0.01216984  0.00099421 -0.00891018
13 30 37 823498  0.01303673 -0.00130606 -0.00716543
13 30 37 872739  0.01524496 -0.00179148 -0.00583982
13 30 37 924225  0.01750088 -0.00139189 -0.00686979
13 30 37 973225  0.01095486 -0.00449419 -0.01236963
13 30 38 32670  0.00230789 -0.00198174 -0.0128231 
13 30 38 74015  0.00622177  0.00178194 -0.00795507
13 30 38 122967  0.01439953 -0.00334072 -0.00732231
13 30 38 174552  0.01439524 -0.00499582 -0.00925493
13 30 38 224194  0.00653458 -0.00030565 -0.01013756
13 30 38 276580  5.43022156e-03 -3.05175781e-05 -8.32653046e-03
13 30 38 332567  0.00724983 -0.00306988 -0.0068264 
13 30 38 373266  0.00974274 -0.00179148 -0.00763655
13 30 38 423443  0.00689316 -0.00414515 -0.01338673
13 30 38 472934 -0.00693226 -0.00264072 -0.01602125
13 30 38 524818 -0.00496244  0.00275373 -0.00938177
13 30 38 575617  0.00826883 -0.00324345 -0.00702   
13 30 38 626788  0.0065074  -0.00719929 -0.01020479
13 30 38 674661 -0.00319672  0.00102997 -0.01180267
13 30 38 730767 -0.00353861  0.00175953 -0.00895691
13 30 38 774281  0.00042391 -0.00355148 -0.00665283
13 30 38 822723  0.00039005 -0.0024457  -0.00787687
13 30 38 877691 -0.00694323 -0.00121641 -0.01267576
13 30 38 924420 -0.0131464  -0.00212717 -0.01287031
13 30 38 971966 -0.00788498 -0.00038719 -0.00975561
13 30 39 35112 -0.00431681 -0.00045252 -0.0086956 
13 30 39 72660 -0.00493431 -0.00076437 -0.0106225 
13 30 39 125234 -0.00898886 -0.00155926 -0.01115894
13 30 39 173307 -0.01106024 -0.00017548 -0.00962257
13 30 39 227726 -0.01286983  0.00172091 -0.00832701
13 30 39 274870 -0.01055956  0.0002346  -0.00720024
13 30 39 329087 -0.00852966 -0.00471735 -0.01177597
13 30 39 374965 -0.01932669 -0.00321531 -0.01602936
13 30 39 424223 -0.0236063   0.00581789 -0.01202774
13 30 39 475147 -0.01173592  0.00068235 -0.00810194
13 30 39 525088 -0.00756359 -0.00677872 -0.00913525
13 30 39 571882 -0.01597071 -0.00090647 -0.01148701
13 30 39 624077 -0.01950121  0.00437307 -0.01024914
13 30 39 672956 -0.01564837 -0.00130033 -0.00828886
13 30 39 726193 -0.01425409 -0.00148916 -0.00699472
13 30 39 772985 -0.01652765 -0.0003438  -0.01064205
13 30 39 824595 -0.02643013 -0.00296831 -0.01371574
13 30 39 874404 -0.02563572  0.00050163 -0.0109024 
13 30 39 922572 -0.01712227  0.00099564 -0.00941992
13 30 39 975835 -0.01667738 -0.00230551 -0.01054621
13 30 40 27321 -0.0193553   0.00084782 -0.01095438
13 30 40 76252 -0.02166748 -0.00020409 -0.01036978
13 30 40 124697 -0.02014494 -0.0008049  -0.01047277
13 30 40 172943 -0.02275705  0.00255632 -0.00901651
13 30 40 222826 -0.02254486  0.00109053 -0.00810575
13 30 40 272154 -0.01814508 -0.00449467 -0.01196384
13 30 40 325367 -0.02399731 -0.00091505 -0.01828575
13 30 40 372818 -0.03187037  0.00736332 -0.01647854
13 30 40 424221 -0.02035189  0.00299263 -0.01013422
13 30 40 473849 -0.01383352 -0.00791359 -0.00926256
13 30 40 522453 -0.02312326 -0.00056553 -0.01204824
13 30 40 576433 -0.02658319  0.00932074 -0.01184845
13 30 40 626130 -0.01626635  0.0009613  -0.01031685
13 30 40 675235 -0.01556921 -0.00379086 -0.00893497
13 30 40 724417 -0.02087688  0.00395012 -0.00888681
13 30 40 772025 -0.02215385  0.00207901 -0.01467752
13 30 40 823660 -0.02698421 -0.00242853 -0.01899719
13 30 40 873909 -0.02784824  0.00401688 -0.01312256
13 30 40 924329 -0.01779127  0.00440168 -0.00803566
13 30 40 974737 -0.01716995 -0.00415325 -0.01055002
13 30 41 33277 -0.02427626  0.00209761 -0.01262093
13 30 41 74433 -0.0197444   0.00777388 -0.01105165
13 30 41 123004 -0.01261139  0.00081587 -0.00955009
13 30 41 174382 -0.01435232  0.00030375 -0.00867367
13 30 41 223869 -0.01871729  0.00299025 -0.01234341
13 30 41 277182 -0.02385426  0.00063229 -0.01798153
13 30 41 324494 -0.02272272  0.00312471 -0.01406956
13 30 41 370809 -0.01367807  0.00436831 -0.00879192
13 30 41 422680 -0.00993824 -0.00062084 -0.00989771
13 30 41 471960 -0.01728582  0.00072241 -0.01292658
13 30 41 525470 -0.01810837  0.00647831 -0.01192617
13 30 41 572729 -0.01023102  0.00359297 -0.00976753
13 30 41 626901 -0.00844622  0.00200033 -0.00836182
13 30 41 673925 -0.00942278  0.00269938 -0.01156282
13 30 41 723239 -0.01903868  0.00122023 -0.01580954
13 30 41 774491 -0.01978111  0.00489235 -0.0137496 
13 30 41 823447 -0.00936413  0.00527334 -0.00985146
13 30 41 875321 -0.00298023  0.00171995 -0.0102787 
13 30 41 924316 -0.0068984   0.00179243 -0.0115962 
13 30 41 971160 -0.01047087  0.00519228 -0.01179171
13 30 42 31928 -0.00603628  0.0040946  -0.01014233
13 30 42 68249 -0.00293255  0.00370026 -0.0083046 
13 30 42 127404 -0.00010347  0.00290394 -0.01031399
13 30 42 174100 -0.00695705  0.00073195 -0.01514673
13 30 42 225841 -0.01379824  0.00577116 -0.01389027
13 30 42 274721 -0.00459671  0.00605965 -0.00976562
13 30 42 324511  0.00401878  0.00024319 -0.0096488 
13 30 42 375470  0.00227022  0.00136185 -0.01083994
13 30 42 424176 -0.00305986  0.00666332 -0.01071835
13 30 42 476295 -0.00038958  0.00468016 -0.00954533
13 30 42 524173  0.00309944  0.00225115 -0.0077467 
13 30 42 571790  0.00608206  0.00238323 -0.00859642
13 30 42 624224 -0.05197906 -0.02455425  0.09480667
13 30 42 674762  0.01360226 -0.02139091  0.10680485
13 30 42 724199  0.03754616 -0.00033283  0.09828472
13 30 42 775212 -0.05153275 -0.02331495  0.09643269
13 30 42 824562  0.01653624 -0.02207232  0.10641289
13 30 42 873511  0.03659439 -0.00052309  0.09806252
13 30 42 941678 -0.05079937 -0.02355862  0.09428549
13 30 42 999307  0.00931597 -0.02305317  0.10715675
13 30 43 40195  0.04048777 -0.00112534  0.09901381
13 30 43 101550 -0.05131531 -0.0232954   0.09465313
13 30 43 152756  0.00448704 -0.02387857  0.10664558
13 30 43 213532 0.04325962 0.00060463 0.09986067
13 30 43 249899 -0.04937601 -0.02246809  0.09584618
13 30 43 288514  0.00280952 -0.0251379   0.10769224
13 30 43 340827  0.04275894 -0.00058556  0.10044861
13 30 43 389913 -0.04850769 -0.02258205  0.09655476
13 30 43 424958  0.00356531 -0.02593184  0.10873032
13 30 43 473890  0.04417992 -0.00121641  0.10199738
13 30 43 526425 -0.04752016 -0.02073574  0.09554005
13 30 43 574708 -0.00295019 -0.02498484  0.10971642
13 30 43 624760 0.04813242 0.00042152 0.1042695 
13 30 43 675511 -0.04538298 -0.01846981  0.09759283
13 30 43 724451 -0.00653934 -0.02652979  0.10928249
13 30 43 771466  0.04966974 -0.00219631  0.10464334
13 30 43 822878 -0.0424428  -0.02009726  0.09756947
13 30 43 872863 -0.00831699 -0.02807331  0.11001873
13 30 43 924854  0.05070591 -0.00090551  0.10574532
13 30 43 973783 -0.04029608 -0.01614189  0.09744072
13 30 44 32668 -0.01489592 -0.02966881  0.11011839
13 30 44 76001  0.05360079 -0.00191641  0.10768557
13 30 44 125635 -0.038167   -0.01573467  0.09934807
13 30 44 175761 -0.0194025  -0.027946    0.11112022
13 30 44 224396  0.05507755 -0.000669    0.10814714
13 30 44 277143 -0.03448963 -0.01380777  0.10053539
13 30 44 325242 -0.02340698 -0.03188038  0.11086321
13 30 44 371807  0.05582476 -0.00371599  0.1092248 
13 30 44 424730 -0.0326438  -0.01346302  0.10184145
13 30 44 473193 -0.024189   -0.02889729  0.11238384
13 30 44 524503  0.05470085 -0.00252438  0.11001444
13 30 44 572730 -0.03158045 -0.01173449  0.10276031
13 30 44 625814 -0.02492523 -0.03081608  0.11227274
13 30 44 673860  0.05312634 -0.00474739  0.11025476
13 30 44 722667 -0.0313735  -0.01238203  0.1026001 
13 30 44 775231 -0.02474356 -0.02850103  0.11290121
13 30 44 824443  0.054667   -0.00325727  0.11125851
13 30 44 876225 -0.0293355  -0.01055384  0.10253525
13 30 44 924644 -0.03072786 -0.03166962  0.11249971
13 30 44 971311  0.05458784 -0.00540543  0.11261749
13 30 45 31239 -0.02663946 -0.01060438  0.10508633
13 30 45 68992 -0.02985573 -0.02830124  0.11425638
13 30 45 126736  0.05263662 -0.00404406  0.1129427 
13 30 45 173010 -0.02747011 -0.00949478  0.10574865
13 30 45 224610 -0.02865887 -0.03042078  0.11516666
13 30 45 273845  0.05177259 -0.00616884  0.11358404
13 30 45 326187 -0.02849531 -0.0100565   0.10564613
13 30 45 374840 -0.02942324 -0.02699566  0.11642838
13 30 45 423668  0.05144548 -0.00262785  0.11566067
13 30 45 475679 -0.02890253 -0.00790548  0.10773754
13 30 45 524582 -0.03090191 -0.02891493  0.11703205
13 30 45 571293  0.05420351 -0.00529194  0.11613655
13 30 45 624569 -0.02783108 -0.01047659  0.10783863
13 30 45 671999 -0.02884722 -0.0261116   0.11810589
13 30 45 723780  0.05421591 -0.00107193  0.11730337
13 30 45 773178 -0.02899265 -0.00794697  0.10963106
13 30 45 828096 -0.02731133 -0.02662086  0.11951494
13 30 45 873687  0.05474663 -0.00354719  0.11748886
13 30 45 922904 -0.02860022 -0.0104475   0.10931444
13 30 45 974562 -0.02715969 -0.02484846  0.11995506
13 30 46 26675 0.05317593 0.00012064 0.11915636
13 30 46 76012 -0.02913046 -0.00625801  0.11025906
13 30 46 124232 -0.03273582 -0.02713013  0.12003469
13 30 46 171810  0.05344105 -0.00306463  0.1192131 
13 30 46 223302 -0.02827787 -0.0090332   0.11127663
13 30 46 272138 -0.03201818 -0.02576637  0.12116528
13 30 46 323693  0.05206108 -0.00127888  0.11974859
13 30 46 373802 -0.02815819 -0.00494432  0.11198092
13 30 46 424689 -0.03069735 -0.02510071  0.12210941
13 30 46 474360  0.05088902 -0.00254965  0.12084341
13 30 46 523171 -0.03133774 -0.00977468  0.11268139
13 30 46 575943 -0.02850485 -0.02591801  0.12338638
13 30 46 627190 0.05107832 0.00027037 0.12129498
13 30 46 676342 -0.03166056 -0.00359821  0.11393547
13 30 46 724350 -0.03079653 -0.02338505  0.12439871
13 30 46 777855  0.0510869  -0.00192881  0.12263489
13 30 46 838576 -0.03212547 -0.00957966  0.11608505
13 30 46 894206 -0.0275135  -0.02505159  0.12580538
13 30 46 943873 0.05163002 0.00060558 0.12328243
13 30 46 988997 -0.03254795 -0.00444651  0.11626482
13 30 47 53728 -0.02749681 -0.02281666  0.12649965
13 30 47 90035  0.05160046 -0.00018263  0.12499189
13 30 47 135918 -0.03326988 -0.00963688  0.11713696
13 30 47 179609 -0.02555561 -0.02437019  0.12734175
13 30 47 224161 0.05315256 0.00044346 0.12470055
13 30 47 275565 -0.03248739 -0.00663233  0.11711359
13 30 47 327720 -0.02632904 -0.02381372  0.12767553
13 30 47 375293 0.05359745 0.00208282 0.12619972
13 30 47 427111 -0.03258896 -0.0093112   0.11861944
13 30 47 472322 -0.02457285 -0.02553034  0.1289587 
13 30 47 524313 0.05356932 0.00040245 0.12625599
13 30 47 573167 -0.03269672 -0.00783777  0.11943817
13 30 47 625766 -0.02246809 -0.02326679  0.13028717
13 30 47 678282 0.05233669 0.00260973 0.12751245
13 30 47 722531 -0.03431797 -0.00933504  0.12110758
13 30 47 774745 -0.01723814 -0.02266264  0.13141966
13 30 47 826865 0.0515604  0.00109577 0.12766743
13 30 47 875711 -0.03600168 -0.00971508  0.12329626
13 30 47 924581 -0.01251316 -0.02123165  0.13320303
13 30 47 972411 0.05044603 0.00175762 0.12870359
13 30 48 32388 -0.03432083 -0.01139498  0.12238169
13 30 48 68372 -0.01380301 -0.02254677  0.13301468
13 30 48 122705  0.05306482 -0.0001421   0.12920475
13 30 48 174576 -0.03357697 -0.01018047  0.12265825
13 30 48 224720 -0.01658392 -0.02157068  0.13404942
13 30 48 274136 0.05453157 0.00193453 0.13069439
13 30 48 322843 -0.03135157 -0.01186657  0.12400532
13 30 48 375164 -0.01511621 -0.02498722  0.13465643
13 30 48 428229  0.05559731 -0.00126791  0.13119125
13 30 48 476141 -0.02941656 -0.01112413  0.12447453
13 30 48 524401 -0.01727676 -0.0247798   0.13532114
13 30 48 573236  0.03135204 -3.96874285  2.75052118
13 30 48 624090 -0.02582312 -0.00852537  0.12614679
13 30 48 673200 -0.01904249 -0.02623892  0.13602018
13 30 48 723843  0.05963135 -0.00256348 -0.87447548
13 30 48 773692 -0.02312422 -0.00897789  0.12728453
13 30 48 825177 -0.02111435 -0.02658701  0.13736105
13 30 48 874120 5.91077805e-02 6.00814819e-05 1.36075497e-01
13 30 48 923471 -0.04910994 -0.01598454  0.03988552
13 30 48 974738 0.05536318 0.01140547 0.04093456
13 30 49 26682 -0.02011442  0.01677561  0.03112173
13 30 49 76199 -0.05053663 -0.01236486  0.04023504
13 30 49 126285 0.05485153 0.01307201 0.03963947
13 30 49 171506 -0.0196104   0.0130496   0.02935076
13 30 49 223237 -0.05050611 -0.0154562   0.03873062
13 30 49 272486 0.05226803 0.01099539 0.04023981
13 30 49 325113 -0.01820374  0.01649237  0.02934122
13 30 49 373241 -0.05383396 -0.01287508  0.03782606
13 30 49 424555 0.05200195 0.01423311 0.0394063 
13 30 49 474237 -0.01858759  0.01476383  0.02823257
13 30 49 522728 -0.05281162 -0.01880455  0.03690338
13 30 49 575746 0.05153847 0.01064968 0.03852892
13 30 49 626368 -0.0175066   0.01706171  0.02849293
13 30 49 677695 -0.0536623  -0.01168442  0.03684711
13 30 49 723658 0.05198097 0.01224136 0.03795242
13 30 49 772351 -0.01914597  0.01322269  0.02631092
13 30 49 824158 -0.05158806 -0.01600075  0.0350585 
13 30 49 872298 0.05310154 0.01232433 0.03735113
13 30 49 923933 -0.01645088  0.01745749  0.02618408
13 30 49 973180 -0.05405855 -0.01215935  0.03464365
13 30 50 34222 0.05403757 0.01114798 0.03721571
13 30 50 74547 -0.01784134  0.0124526   0.02608395
13 30 50 123659 -0.05198479 -0.01630735  0.03458261
13 30 50 175980 0.05457973 0.00938654 0.03571081
13 30 50 224724 -0.01946926  0.01475906  0.02514982
13 30 50 276265 -0.05015182 -0.01074171  0.03443003
13 30 50 328053 0.05482006 0.01189613 0.03546286
13 30 50 372152 -0.01929665  0.01226377  0.02355289
13 30 50 424503 -0.05138826 -0.01564026  0.03270769
13 30 50 474150 0.05438328 0.00990534 0.03473902
13 30 50 523789 -0.01994133  0.01258469  0.02390862
13 30 50 573535 -0.05423546 -0.01156664  0.03275394
13 30 50 624886 0.05204344 0.01042557 0.03327417
13 30 50 675860 -0.02118015  0.00893116  0.02308989
13 30 50 722747 -0.05189228 -0.01721334  0.03235054
13 30 50 775440 0.05143166 0.00806427 0.03283882
13 30 50 824082 -0.0228076   0.0110693   0.02283907
13 30 50 876374 -0.05473375 -0.01226425  0.03252125
13 30 50 924657 0.04963732 0.00826263 0.03358459
13 30 50 971831 -0.02179098  0.00825357  0.02282143
13 30 51 31969 -0.05282688 -0.01773596  0.03197241
13 30 51 68136 0.05021524 0.00615311 0.03389978
13 30 51 128071 -0.0189209   0.00933266  0.02296257
13 30 51 173231 -0.05689383 -0.01725292  0.03155804
13 30 51 225531 0.04896164 0.00592089 0.03477478
13 30 51 275132 -0.01524448  0.00827026  0.02364492
13 30 51 323284 -0.05879498 -0.02275944  0.03102016
13 30 51 375947 0.0463047  0.00062895 0.03505278
13 30 51 424367 -0.01252651  0.00853634  0.02467966
13 30 51 476254 -0.05946493 -0.01968479  0.0319972 
13 30 51 525837 0.04446602 0.0003376  0.03551388
13 30 51 572170 -0.01204395  0.00656652  0.0234108 
13 30 51 623575 -0.06131268 -0.02662563  0.02845573
13 30 51 672415  0.04231691 -0.00656319  0.03506565
13 30 51 726407 -0.00475407  0.00687456  0.02262449
13 30 51 774249 -0.064713   -0.02408791  0.02671671
13 30 51 825462  0.03942823 -0.00480747  0.0349493 
13 30 51 876296 0.00267649 0.00544024 0.02250624
13 30 51 923172 -0.06295252 -0.02861881  0.02544546
13 30 51 976640  0.03770256 -0.00997019  0.03368568
13 30 52 27744 0.00764465 0.0069499  0.02193546
13 30 52 76804 -0.06200695 -0.02618313  0.0259347 
13 30 52 124311  0.03842974 -0.01076889  0.03423738
13 30 52 171738 0.00932789 0.00476027 0.02227879
13 30 52 222923 -0.05847645 -0.02826881  0.02563286
13 30 52 273086  0.0388422  -0.01310301  0.03382063
13 30 52 323730 0.01156664 0.00447083 0.02156305
13 30 52 373457 -0.05712223 -0.02455521  0.02585936
13 30 52 424649  0.04086685 -0.01032495  0.03364563
13 30 52 475070 0.01489687 0.00439644 0.02174664
13 30 52 523231 -0.05552197 -0.02696323  0.02305079
13 30 52 574998  0.04063606 -0.01432467  0.03230286
13 30 52 624850 0.02078533 0.00443888 0.01991224
13 30 52 675773 -0.05541945 -0.02329731  0.02201509
13 30 52 724485  0.03910398 -0.01281691  0.03132963
13 30 52 771478 0.02434778 0.00542259 0.01898003
13 30 52 823617 -0.05509233 -0.02654219  0.02011156
13 30 52 872605  0.0377264  -0.01495934  0.02981138
13 30 52 923710 0.02880096 0.00580359 0.0176301 
13 30 52 974340 -0.05407429 -0.02336979  0.01941633
13 30 53 33251  0.04013205 -0.01224518  0.02975798
13 30 53 74094 0.0307641  0.00790024 0.01769495
13 30 53 122398 -0.05352116 -0.02664089  0.01844311
13 30 53 175585  0.04116392 -0.01334333  0.0283637 
13 30 53 227200 0.033319   0.00811625 0.01635742
13 30 53 275058 -0.05223751 -0.02313042  0.01807117
13 30 53 323879  0.04591513 -0.01006651  0.0277977 
13 30 53 371517 0.03416777 0.008039   0.01617765
13 30 53 422744 -0.04927349 -0.02418232  0.01745605
13 30 53 472809  0.04840136 -0.01067495  0.02644444
13 30 53 524088 0.03371191 0.00741529 0.01480436
13 30 53 572504 -0.04587793 -0.02031803  0.01796103
13 30 53 624436  0.0546546  -0.00537157  0.02565813
13 30 53 673683 0.03273201 0.00887966 0.01250029
13 30 53 724116 -0.04619169 -0.02111912  0.01424789
13 30 53 774334  0.05173206 -0.0079565   0.024858  
13 30 53 824505 0.03568459 0.00923252 0.0121932 
13 30 53 875917 -0.04820824 -0.01887941  0.01380968
13 30 53 923739  0.05073452 -0.00359201  0.02397346
13 30 53 971762 0.0355134  0.01126719 0.01194763
13 30 54 31816 -0.04651451 -0.01820707  0.01358128
13 30 54 69719  0.05151129 -0.00453663  0.02280998
13 30 54 126559 0.0347209  0.01167965 0.01013279
13 30 54 174978 -0.0457468  -0.01547813  0.01291323
13 30 54 225647  0.05442238 -0.00057173  0.02258444
13 30 54 273002 0.03195763 0.01350546 0.00950432
13 30 54 322562 -0.04662895 -0.01568508  0.01209116
13 30 54 376355  0.05497932 -0.0011158   0.0213213 
13 30 54 423971 0.03256464 0.01423454 0.00824404
13 30 54 479819 -0.04661131 -0.0126586   0.01141357
13 30 54 526050 0.05599356 0.00214386 0.02047634
13 30 54 570707 0.03087997 0.01792955 0.00787783
13 30 54 624392 0.05407238 0.00166941 0.0196476 
13 30 54 674204 0.03111553 0.01880026 0.00767279
13 30 54 724734 -0.04897833  0.03120422 -3.65620708
13 30 54 772616 0.05316782 0.00297308 0.01886463
13 30 54 826016 0.02928066 0.01893473 0.0067668 
13 30 54 874211 -0.04881811 -0.00998831  0.00981808
13 30 54 936608 -0.06457567 -0.00926113 -0.1278019 
13 30 54 991844  0.01479435 -0.0020566  -0.11349392
13 30 55 28682  0.03143072  0.02544832 -0.12242794
13 30 55 75732 -0.06436872 -0.00030136 -0.12918997
13 30 55 124528  0.000525   -0.00254393 -0.11373711
13 30 55 172073  0.03900528  0.02146149 -0.12102795
13 30 55 224126 -0.05969954  0.00360966 -0.13008881
13 30 55 271831 -0.01520777 -0.00422859 -0.11479282
13 30 55 324769  0.04590368  0.02686548 -0.11964846
13 30 55 372684 -0.05447721  0.01294708 -0.13061857
13 30 55 424251 -0.03220797 -0.00226164 -0.11716843
13 30 55 473330  0.0482955   0.02270079 -0.11794043
13 30 55 522533 -0.0454073   0.01593494 -0.13006496
13 30 55 574061 -0.04666758 -0.00327492 -0.11901522
13 30 55 625161  0.0467267   0.0258522  -0.11734629
13 30 55 675987 -0.03296661  0.02745867 -0.12991381
13 30 55 726236 -0.05864334  0.00012684 -0.12128782
13 30 55 771176  0.0427084   0.02237701 -0.11595869
13 30 55 823818 -0.0219183   0.0271554  -0.12799931
13 30 55 873263 -0.06761551  0.00117874 -0.12336826
13 30 55 924288  0.03377914  0.02433586 -0.11434507
13 30 55 973786 -0.0096674   0.03786945 -0.12635994
13 30 56 32285 -0.07538414  0.00646162 -0.12521553
13 30 56 74710  0.02361536  0.0220027  -0.11376953
13 30 56 122476  0.00115871  0.0354495  -0.12438202
13 30 56 174191 -0.07915878  0.00754404 -0.12725544
13 30 56 223289  0.00973988  0.02010775 -0.11339521
13 30 56 276643  0.01345491  0.04465485 -0.12323332
13 30 56 323984 -0.08130789  0.01643181 -0.12757349
13 30 56 370919 -0.00250101  0.01976013 -0.113585  
13 30 56 423272  0.01992512  0.0412221  -0.12208652
13 30 56 471767 -0.07947779  0.0184927  -0.13018751
13 30 56 523406 -0.0184226   0.01689863 -0.11407185
13 30 56 573105  0.0279026   0.04713488 -0.12061787
13 30 56 625588 -0.07631254  0.02816677 -0.12950611
13 30 56 675431 -0.0320549   0.01770544 -0.11504745
13 30 56 723003  0.03264713  0.04289055 -0.11980438
13 30 56 777228 -0.06938839  0.02756643 -0.13011169
13 30 56 824025 -0.04411936  0.01526594 -0.11591148
13 30 56 876239  0.03610039  0.04534149 -0.11853504
13 30 56 928946 -0.05974913  0.038486   -0.13014221
13 30 56 972725 -0.05783701  0.01350784 -0.11882019
13 30 57 33203  0.03741598  0.03927612 -0.11769962
13 30 57 68278 -0.04725361  0.035429   -0.13007069
13 30 57 127324 -0.06840897  0.01007652 -0.12178755
13 30 57 174583  0.03515053  0.03874397 -0.11632252
13 30 57 224747 -0.03250456  0.04464722 -0.1292758 
13 30 57 274028 -0.07836819  0.01109266 -0.12458277
13 30 57 322847  0.029109    0.03283405 -0.11691809
13 30 57 374215 -0.02140093  0.03898191 -0.12965345
13 30 57 423435 -0.08158302  0.0084424  -0.12803125
13 30 57 475305  0.0207901   0.02846241 -0.11698675
13 30 57 524169 -0.00808573  0.04466438 -0.12972403
13 30 57 571089 -0.08395338  0.01307154 -0.1301856 
13 30 57 623110  0.0125227   0.02402687 -0.11812592
13 30 57 672630  0.00267458  0.03581047 -0.12955666
13 30 57 723720 -0.08374929  0.00765944 -0.13306379
13 30 57 773185  0.0006485   0.01711702 -0.11811638
13 30 57 824714  0.0145812   0.04169846 -0.12852383
13 30 57 873440 -0.0826416   0.01400948 -0.13434601
13 30 57 936464 -0.00928354  0.01292086 -0.11896563
13 30 57 998436  0.02592993  0.03172541 -0.12778759
13 30 58 34656 -0.07797861  0.00869942 -0.13550329
13 30 58 75972 -0.01954889  0.00751591 -0.11955833
13 30 58 124238  0.03387356  0.03513622 -0.12630129
13 30 58 172828 -0.07035351  0.01478291 -0.13640642
13 30 58 223497 -0.03190708  0.00261211 -0.12203932
13 30 58 277828  0.04272985  0.0258894  -0.125741  
13 30 58 336462 -0.05826521  0.01080465 -0.13782024
13 30 58 375385 -0.04159021 -0.00181293 -0.12523699
13 30 58 424630  0.04828215  0.02669382 -0.12537956
13 30 58 473572 -0.0422554  0.019032  -0.138484 
13 30 58 525870 -0.05053139 -0.00289631 -0.1289773 
13 30 58 579254  0.05222559  0.01832485 -0.12648296
13 30 58 624326 -0.02380133  0.01202393 -0.14025307
13 30 58 675740 -0.0552702  -0.01176548 -0.13380766
13 30 58 724615  0.05042934  0.01566744 -0.12603521
13 30 58 771648 -0.00452518  0.02174902 -0.1389389 
13 30 58 822694 -0.06037855 -0.00862217 -0.13592529
13 30 58 872159  0.04705095  0.00909948 -0.12707138
13 30 58 924712  0.01278639  0.01263905 -0.13907957
13 30 58 974848 -0.05576277 -0.01641035 -0.14001036
13 30 59 32919  0.04176664  0.00329208 -0.12702656
13 30 59 74870  0.02826691  0.02053595 -0.13892651
13 30 59 123149 -0.0536046  -0.00964403 -0.14170408
13 30 59 174329  0.03709555 -0.00061417 -0.12815428
13 30 59 224206  0.0453558   0.01396036 -0.139184  
13 30 59 276413 -0.04766035 -0.01639223 -0.14619827
13 30 59 325674  0.02876997 -0.00979948 -0.13028955
13 30 59 372051  0.06223392  0.01679611 -0.13853884
13 30 59 423072 -0.0403471  -0.00765181 -0.14747763
13 30 59 472000  0.02234125 -0.00907421 -0.13119745
13 30 59 523657  0.07799149  0.01264143 -0.13827467
13 30 59 572901 -0.02978373 -0.01416874 -0.15051651
13 30 59 625229  0.01326752 -0.02230453 -0.13382101
13 30 59 673927  0.08930111  0.01115704 -0.13757133
13 30 59 721654 -0.01698923 -0.00347662 -0.1482873 
13 30 59 778497  0.00656366 -0.01800299 -0.13442659
13 30 59 824115  0.09705687  0.00757504 -0.13643217
13 30 59 875518 -0.00231838 -0.00970697 -0.14976311
13 30 59 924624  0.00040913 -0.03013849 -0.13743734
13 30 59 973948  0.10122347  0.00246954 -0.13607407
13 31 0 32138  0.0129528   0.00048399 -0.1488452 
13 31 0 68468 -0.00571346 -0.02522326 -0.13782644
13 31 0 126992  0.10374689  0.00167465 -0.13584566
13 31 0 172787  0.02464581 -0.00219059 -0.14746904
13 31 0 224992 -0.00747919 -0.03166485 -0.13943815
13 31 0 273412  0.10200119 -0.00528669 -0.13475227
13 31 0 332409  0.03846121  0.00250053 -0.14721251
13 31 0 396497 -0.01534843 -0.02739668 -0.14234781
13 31 0 446547  0.09446192 -0.00750828 -0.13351488
13 31 0 491541  0.05271721 -0.00104856 -0.14532852
13 31 0 542995 -0.01785803 -0.03111315 -0.14579964
13 31 0 589906  0.08263063 -0.01478767 -0.13294363
13 31 0 653667 -0.02025461 -0.02446127 -0.14558172
13 31 0 688281  0.0700779  -0.01558352 -0.13185787
13 31 0 732796  7.91954994e-02  2.86102295e-06 -2.96930552e+00
13 31 0 797290 -0.01747751 -0.02737665 -0.14978552
13 31 0 843573  0.05279398 -0.02545118 -0.13283539
13 31 0 892504  0.09214926  0.00327587 -0.1402216 
13 31 0 940853  0.04153347  0.01476955 -0.09387732
13 31 0 994800 -0.0440526   0.0179987  -0.10815477
13 31 1 46244 -0.08303738 -0.01235914 -0.10022879
13 31 1 90418  0.03610039  0.01426125 -0.09132481
13 31 1 147099 -0.01944208  0.03346634 -0.10470963
13 31 1 190775 -0.09018564 -0.00316811 -0.1016264 
13 31 1 238865  0.02685595  0.01119661 -0.08887148
13 31 1 291178  0.00671721  0.03349209 -0.09996939
13 31 1 343711 -0.08873606 -0.00519037 -0.10435343
13 31 1 390135  0.01211548  0.00500154 -0.0874176 
13 31 1 434945  0.03055286  0.04235935 -0.09543085
13 31 1 474733 -0.08288097  0.01104403 -0.10275841
13 31 1 522961 -0.00565958  0.00557518 -0.0855341 
13 31 1 574527  0.04841661  0.03693533 -0.09306383
13 31 1 625057 -0.06992197  0.01066923 -0.10275221
13 31 1 675923 -0.01855755 -0.00032377 -0.08606052
13 31 1 729906  0.05962086  0.03922367 -0.08906364
13 31 1 771908 -0.05491066  0.02807045 -0.10060215
13 31 1 823344 -0.03450203  0.0022068  -0.08629704
13 31 1 872389  0.06758213  0.0344429  -0.08602953
13 31 1 923943 -0.0346837   0.02977705 -0.09980536
13 31 1 974032 -0.0471983  -0.00255251 -0.08897591
13 31 2 32973  0.0692215   0.03008652 -0.08265448
13 31 2 70325 -0.01243305  0.04033327 -0.09545946
13 31 2 126319 -0.05675268  0.00832224 -0.08856249
13 31 2 174933  0.06434345  0.03121758 -0.07990122
13 31 2 223506  0.01196194  0.04260731 -0.09257317
13 31 2 280426 -0.06027794  0.00325346 -0.09270859
13 31 2 325390  0.05052185  0.02037239 -0.07800388
13 31 2 372282  0.03848553  0.05017805 -0.08760214
13 31 2 423920 -0.05945539  0.01938105 -0.09189987
13 31 2 473959  0.03297949  0.02163839 -0.07545805
13 31 2 524410  0.06200457  0.05099535 -0.0830164 
13 31 2 575092 -0.0506897   0.02025509 -0.09194326
13 31 2 625165  0.01376295  0.01310301 -0.07429647
13 31 2 675356  0.0790205   0.05017185 -0.0784812 
13 31 2 722976 -0.03647327  0.03391409 -0.09109068
13 31 2 776080 -0.00721264  0.01307487 -0.07447386
13 31 2 824877  0.08782387  0.04785061 -0.07430983
13 31 2 877133 -0.01827812  0.04033232 -0.08676672
13 31 2 924776 -0.02232647  0.00841188 -0.0754447 
13 31 2 973742  0.08976698  0.03936148 -0.07119083
13 31 3 32224  0.00533628  0.04946899 -0.08363819
13 31 3 68738 -0.035254    0.01512384 -0.07740211
13 31 3 127019  0.08134842  0.03840923 -0.06603575
13 31 3 174723  0.03103399  0.05343151 -0.07891178
13 31 3 225055 -0.04101229  0.01373053 -0.07877398
13 31 3 275304  0.06915855  0.02793598 -0.06422567
13 31 3 322945  0.05761814  0.05784035 -0.07376766
13 31 3 375605 -0.04098988  0.02407312 -0.07955551
13 31 3 424358  0.04679632  0.02395678 -0.06178331
13 31 3 477525  0.08113003  0.05879259 -0.06794882
13 31 3 530370 -0.03311968  0.03035259 -0.07794762
13 31 3 590314  0.02386379  0.01561642 -0.0608902 
13 31 3 646076  0.0949235   0.05352354 -0.06443834
13 31 3 694114 -0.02129507  0.04144955 -0.07499027
13 31 3 745653  0.00303459  0.01549864 -0.06124258
13 31 3 787797  0.10067463  0.04876423 -0.05949783
13 31 3 840999 -0.00187922  0.04925442 -0.07200766
13 31 3 889450 -0.01447725  0.01388359 -0.06288719
13 31 3 940068  0.09760094  0.03959703 -0.05627966
13 31 3 993153  0.02288198  0.05477858 -0.06776333
13 31 4 29084 -0.02946663  0.02101755 -0.06540489
13 31 4 76446  0.08425713  0.03393888 -0.05247927
13 31 4 123244  0.05186129  0.05599499 -0.06313705
13 31 4 171387 -0.03422928  0.02446604 -0.06804228
13 31 4 226532  0.06080437  0.02472591 -0.05022621
13 31 4 272032  0.08008909  0.05711651 -0.05824423
13 31 4 324826 -0.02887821  0.03567266 -0.06782484
13 31 4 373999  0.03332853  0.02281809 -0.04969501
13 31 4 424879  0.09724045  0.05412245 -0.05353022
13 31 4 474718 -0.01634264  0.03995037 -0.06558418
13 31 4 523700  0.00984716  0.01559448 -0.05045795
13 31 4 575061  0.10437059  0.04829216 -0.04943037
13 31 4 625638  0.00147295  0.0500226  -0.06284475
13 31 4 675842 -0.01335573  0.01860237 -0.0523901 
13 31 4 727839  0.09833193  0.04369926 -0.04571676
13 31 4 773066  0.0217061   0.05276728 -0.05816221
13 31 4 823083 -0.02826881  0.01735735 -0.05369234
13 31 4 872477  0.08611059  0.03426218 -0.04262543
13 31 4 925365  0.04400492  0.05552197 -0.05455303
13 31 4 974332 -0.03731441  0.02383327 -0.05506372
13 31 5 32454  0.06689024  0.03009748 -0.04002571
13 31 5 73750  0.06357241  0.05420399 -0.04964733
13 31 5 122881 -0.03938246  0.02695799 -0.05525494
13 31 5 174002  0.043787    0.02082014 -0.03883171
13 31 5 222796  0.07884216  0.05176592 -0.04569674
13 31 5 276394 -0.03598738  0.03186464 -0.05439329
13 31 5 325958  0.01841068  0.01848793 -0.03804445
13 31 5 372579  0.08701181  0.0481329  -0.0412817 
13 31 5 423577 -0.02869844  0.0362215  -0.05283165
13 31 5 473914 -0.00676775  0.01243687 -0.03867769
13 31 5 524298  0.09050417  0.04247332 -0.03885841
13 31 5 574353 -0.01359558  0.04330635 -0.05028439
13 31 5 625862 -0.02803183  0.01411343 -0.03985882
13 31 5 674353  0.08498192  0.03668499 -0.03572607
13 31 5 725040  0.00263834  0.04380655 -0.04841566
13 31 5 775335 -0.04226208  0.01111603 -0.04294109
13 31 5 823795  0.07317924  0.03021955 -0.03380585
13 31 5 876279  0.0230999   0.0476284  -0.04578066
13 31 5 924015 -0.05271673  0.0157547  -0.04478788
13 31 5 971800  0.05510759  0.023458   -0.03254604
13 31 6 31755  0.03990126  0.0439291  -0.04201078
13 31 6 68425 -0.05548573  0.01639891 -0.04537821
13 31 6 129794  0.03435802  0.01734304 -0.03186083
13 31 6 173213  0.05430603  0.04470062 -0.04036379
13 31 6 234817 -0.05259418  0.02039719 -0.04712343
13 31 6 290683  0.01217318  0.01315546 -0.03260899
13 31 6 341991  0.06697512  0.03896284 -0.0377183 
13 31 6 395333 -0.04443502  0.02216244 -0.04929829
13 31 6 448771 -0.01107407  0.00591755 -0.03445578
13 31 6 488923  0.07434988  0.03558826 -0.036551  
13 31 6 545027 -0.02945375  0.02983761 -0.04881573
13 31 6 591501 -0.03340769  0.00396776 -0.03756571
13 31 6 640233  0.07256365  0.02512598 -0.03571367
13 31 6 694224 -0.01129389  0.02866173 -0.04720688
13 31 6 747830 -0.04558611  0.00201178 -0.0403161 
13 31 6 791522  0.06237793  0.02296495 -0.03387594
13 31 6 839188  0.00648355  0.03411627 -0.0461669 
13 31 6 888328 -0.05724287  0.00077343 -0.0465169 
13 31 6 938826  0.0447998   3.09379101 -3.06263161
13 31 6 977530  0.02917051  0.03098392 -0.04421234
13 31 7 26248 -0.06015348  0.00506353 -0.04912901
13 31 7 76191 0.0246768  0.00504351 0.03111839
13 31 7 126425  0.04951763  0.03360891 -0.04219437
13 31 7 171239 -0.05407     0.00970554 -0.05183935
13 31 7 222433  0.00343466 -0.001966   -0.03595161
13 31 7 272806 -0.05298662 -0.02160215  0.05876875
13 31 7 323827  0.04116488 -0.01240444  0.06839132
13 31 7 373753 0.01415682 0.0065136  0.05781412
13 31 7 426180 -0.05378962 -0.01984262  0.05742598
13 31 7 475115  0.02925873 -0.01902819  0.06943226
13 31 7 523141 0.02984715 0.00694799 0.05930853
13 31 7 574431 -0.05139637 -0.01157188  0.05565929
13 31 7 625719  0.01346111 -0.02032042  0.07004499
13 31 7 677094 0.04480696 0.0021019  0.06144762
13 31 7 724451 -0.04486132 -0.01122141  0.05437422
13 31 7 771696 -0.00390434 -0.02429914  0.06869602
13 31 7 822804 0.05701733 0.00378513 0.06354046
13 31 7 871864 -0.03531551 -0.00206852  0.05524588
13 31 7 923986 -0.01960754 -0.02486515  0.06799126
13 31 7 973204  0.06112528 -0.00469255  0.06550074
13 31 8 34800 -0.02255678 -0.00198555  0.05599165
13 31 8 74033 -0.03254986 -0.02559042  0.06618547
13 31 8 122103  0.05834961 -0.00459671  0.06851101
13 31 8 174276 -0.00865221  0.00383759  0.05861616
13 31 8 223402 -0.04609823 -0.02386045  0.06529427
13 31 8 274948  0.05163431 -0.01092529  0.0713973 
13 31 8 325823 0.0056076  0.00190783 0.06104088
13 31 8 372459 -0.05032301 -0.02161074  0.06542778
13 31 8 423350  0.04002237 -0.01368427  0.07404518
13 31 8 472674 0.01967859 0.00406265 0.06360102
13 31 8 524122 -0.05276012 -0.01775026  0.06155062
13 31 8 572537  0.02129936 -0.02020836  0.07570457
13 31 8 624534 0.0347023  0.00178385 0.06695366
13 31 8 673627 -0.05079746 -0.01450968  0.06096506
13 31 8 731928  0.00166416 -0.0236578   0.07518053
13 31 8 772841 0.04774094 0.00319052 0.06849813
13 31 8 823499 -0.04072094 -0.00585413  0.05947447
13 31 8 876032 -0.0172472  -0.02508354  0.07370377
13 31 8 925834  0.05390215 -0.00515223  0.07027912
13 31 8 971735 -0.02849913 -0.00394058  0.06080198
13 31 9 32989 -0.03295374 -0.02767467  0.0726738 
13 31 9 73427  0.05311203 -0.00468683  0.07388735
13 31 9 136412 -0.01483059  0.00431538  0.06481028
13 31 9 187238 -0.04554462 -0.02691746  0.0708847 
13 31 9 234143  0.04860735 -0.01286602  0.07597351
13 31 9 293913 0.00253153 0.00283194 0.06487751
13 31 9 324576 -0.05084944 -0.02325058  0.06739187
13 31 9 375599  0.03565788 -0.01518059  0.07764244
13 31 9 423412 0.01581192 0.00464296 0.0666728 
13 31 9 474975 -0.0539546  -0.01940489  0.06508875
13 31 9 526489  0.02286863 -0.02161741  0.07776642
13 31 9 571826 0.03275728 0.00168228 0.06909895
13 31 9 624299 -0.05006027 -0.01230288  0.06306028
13 31 9 671749  0.00293159 -0.02313948  0.07815886
13 31 9 723509 0.04609346 0.00244617 0.07052422
13 31 9 772679 -0.04269028 -0.00801229  0.06240273
13 31 9 824368 -0.01413679 -0.02776527  0.07639551
13 31 9 875224  0.0548954  -0.00613451  0.07254648
13 31 9 922460 -0.03111506 -0.00392342  0.06343508
13 31 9 978097 -0.02698374 -0.02606726  0.0748167 
13 31 10 26249  0.05619764 -0.00438452  0.07406521
13 31 10 75221 -0.01960087  0.00307369  0.06439066
13 31 10 124225 -0.03983307 -0.02662134  0.07196808
13 31 10 171008  0.0525856  -0.01456404  0.07547522
13 31 10 225438 -0.00461292 -0.00090456  0.0638442 
13 31 10 272678 -0.04731321 -0.02508307  0.06856871
13 31 10 324114  0.04530048 -0.01113224  0.07775354
13 31 10 372941 0.01127958 0.00628948 0.06654263
13 31 10 424537 -0.05264473 -0.01969719  0.06716394
13 31 10 473408  0.03331709 -0.02016258  0.07740736
13 31 10 522315  0.02718973 -0.00020075  0.06721926
13 31 10 574503 -0.05280972 -0.01581383  0.06532907
13 31 10 624644  0.01866388 -0.01774645  0.0783391 
13 31 10 675592 0.03790665 0.00521612 0.06951523
13 31 10 724223 -0.05108404 -0.0093689   0.06506348
13 31 10 770936  0.00426006 -0.02267504  0.07873201
13 31 10 822610  0.04718447 -0.0004921   0.07120419
13 31 10 872243 -0.04583263 -0.00849104  0.06464911
13 31 10 925505 -0.01080704 -0.02312946  0.07856369
13 31 10 972565 0.05191946 0.00159979 0.07418489
13 31 11 32465 -0.03526115  0.00152922  0.06638956
13 31 11 75311 -0.02399921 -0.02212429  0.07850599
13 31 11 122448  0.05719233 -0.0060873   0.07582808
13 31 11 174589 -0.02077961 -0.00163651  0.06641865
13 31 11 223202 -0.03622484 -0.0257349   0.07512188
13 31 11 275129  0.05521965 -0.00676394  0.07913589
13 31 11 324952 -0.00415707  0.00900698  0.06874847
13 31 11 371096 -0.0486269  -0.02252388  0.07362604
13 31 11 422724  0.04662609 -0.01446915  0.08120251
13 31 11 471916 0.01400805 0.00240707 0.07088041
13 31 11 523437 -0.05095053 -0.02218437  0.07157612
13 31 11 572523  0.03457594 -0.01523066  0.08293152
13 31 11 625459 0.0287981  0.00813723 0.07361269
13 31 11 674412 -0.0503068  -0.01420879  0.0707016 
13 31 11 723402  0.0198369  -0.02202749  0.08441401
13 31 11 772784 0.04315567 0.00179625 0.07411718
13 31 11 823745 -0.04585505 -0.01382542  0.06944275
13 31 11 875414  0.00443935 -0.02400589  0.0825963 
13 31 11 924961 0.05117512 0.00306988 0.07583761
13 31 11 974916 -0.03888655 -0.00493765  0.06814003
13 31 12 32478 -0.01194143 -0.0238986   0.08181953
13 31 12 68110  0.05876303 -0.00375748  0.07702684
13 31 12 127255 -0.02611256 -0.00292063  0.06697512
13 31 12 172701 -0.02858305 -0.02767706  0.07736301
13 31 12 224728  0.05973148 -0.00444937  0.07993174
13 31 12 274746 -0.0091424   0.00694084  0.06986952
13 31 12 323596 -0.04201698 -0.02220488  0.07619858
13 31 12 376153  0.05471516 -0.00863457  0.08228922
13 31 12 430256 0.00849819 0.00343704 0.07084799
13 31 12 476478 -0.04567575 -0.02366352  0.07398319
13 31 12 525101  0.04512548 -0.01180696  0.08382845
13 31 12 572309 0.0251689  0.00856018 0.07319069
13 31 12 622986 -0.04822397 -0.01576138  0.07267714
13 31 12 671895  0.0306673  -0.01621389  0.08553648
13 31 12 725226 0.03889084 0.0052352  0.07587194
13 31 12 773372 -0.04592228 -0.01413822  0.07203913
13 31 12 824618  0.01455975 -0.02008677  0.08553219
13 31 12 873664 0.05123949 0.00791216 0.07790089
13 31 12 922664 -0.04135418 -0.00534439  0.07088327
13 31 12 975741 0.05950022 0.00125456 0.07956028
13 31 13 26244 -0.03096962 -0.00221872  0.07107925
13 31 13 75592 -0.0202713   0.03115845  1.09407425
13 31 13 126129 0.06143856 0.00074625 0.08210516
13 31 13 175063 -0.01848316  0.0072794   0.07290506
13 31 13 222421 -0.03485394 -0.02090979  0.08138561
13 31 13 272639 0.06186247 0.00302649 0.1073432 
13 31 13 323918 -0.01740599 -0.00693941  0.1029582 
13 31 13 373424 -0.00497055 -0.02805567  0.11342764
13 31 13 424633 0.06181335 0.00562    0.10364771
13 31 13 473642 -0.03264666 -0.01425695  0.10385799
13 31 13 523415  0.0176816  -0.01751614  0.11239386
13 31 13 575137 0.05091    0.00738621 0.10114336
13 31 13 625271 -0.04045486 -0.0250988   0.10403204
13 31 13 675519  0.04170752 -0.01150942  0.11007261
13 31 13 724612 0.03224611 0.00693226 0.09995604
13 31 13 771243 -0.03604507 -0.02639484  0.10690117
13 31 13 823081  0.05890465 -0.00485468  0.10673428
13 31 13 873278 0.00976896 0.00338316 0.09843731
13 31 13 923672 -0.02566814 -0.02785635  0.1081562 
13 31 13 972993  0.06751585 -0.00076437  0.10400248
13 31 14 32047 -0.01059151 -0.0048542   0.09931135
13 31 14 73766 -0.00773621 -0.02530289  0.11027098
13 31 14 125709 0.0666461  0.00772619 0.10054922
13 31 14 174882 -0.02928591 -0.01108885  0.10038614
13 31 14 225755  0.01469803 -0.0203104   0.1095376 
13 31 14 275504 0.05445528 0.00795984 0.09845448
13 31 14 324658 -0.04039812 -0.01917124  0.10305786
13 31 14 371160  0.03978062 -0.00972128  0.10837841
13 31 14 422832 0.03032112 0.00848961 0.09669542
13 31 14 472532 -0.03872871 -0.02414799  0.10592222
13 31 14 523628  0.05861235 -0.003088    0.10498714
13 31 14 572915 -0.00020409  0.00129175  0.09670925
13 31 14 624873 -0.0238266  -0.02430248  0.10840034
13 31 14 674838 0.06402969 0.00585413 0.10074472
13 31 14 722243 -0.02747345 -0.00538206  0.09905195
13 31 14 777915 -0.00242567 -0.02104282  0.10917091
13 31 14 824380 0.05356884 0.01117039 0.09767866
13 31 14 877121 -0.04506493 -0.01535225  0.10202265
13 31 14 927423  0.02362204 -0.01218796  0.10828066
13 31 14 973493 0.03015184 0.01011038 0.09719944
13 31 15 33094 -0.04788637 -0.0221591   0.10542965
13 31 15 73476  0.04551029 -0.00359631  0.10496187
13 31 15 127002 -4.10079956e-05  5.31816483e-03  9.74345207e-02
13 31 15 173994 -0.03336382 -0.02423525  0.1078248 
13 31 15 225254 0.05653381 0.0041132  0.10143185
13 31 15 275718 -0.0259366  -0.00209856  0.0982585 
13 31 15 324644 -0.01476145 -0.02222204  0.10901451
13 31 15 378955 0.05359888 0.01075125 0.09873295
13 31 15 425422 -0.04488564 -0.01307106  0.10000467
13 31 15 476648  0.01229143 -0.01529551  0.10750961
13 31 15 524899 0.03487301 0.01052094 0.09577656
13 31 15 572145 -0.05375433 -0.02285099  0.10116482
13 31 15 625255  0.03477478 -0.00660849  0.1054554 
13 31 15 673017 0.00944853 0.00629854 0.09499025
13 31 15 723772 -0.04911041 -0.02769518  0.10397243
13 31 15 774179 0.04951811 0.00090647 0.10074997
13 31 15 826075 -0.01883173 -0.00291252  0.09523487
13 31 15 874245 -0.0317626  -0.02674532  0.10565805
13 31 15 925062 0.05144072 0.00792885 0.09652805
13 31 15 975546 -0.04231787 -0.01120186  0.09772015
13 31 16 27687 -0.00076914 -0.01918125  0.10492086
13 31 16 76532 0.03641796 0.00974751 0.09273148
13 31 16 135847 -0.05557251 -0.02195883  0.09688425
13 31 16 202614  0.02604294 -0.00978518  0.10316706
13 31 16 248967 0.01442766 0.00729656 0.09052896
13 31 16 291640 -0.05731916 -0.02650738  0.09934044
13 31 16 324094 0.04591179 0.00095081 0.09900284
13 31 16 374359 -0.01325321  0.00213575  0.09108067
13 31 16 424858 -0.04083824 -0.02802086  0.10217905
13 31 16 474781 0.05188942 0.00591946 0.09457159
13 31 16 523931 -0.03735924 -0.0097537   0.09412193
13 31 16 576283 -0.01000834 -0.02257252  0.10234785
13 31 16 628288 0.04349756 0.01077223 0.09072018
13 31 16 676746 -0.05208731 -0.01831579  0.09539413
13 31 16 726364  0.02107    -0.01129866  0.10081291
13 31 16 772323 0.0220418  0.01027584 0.08924341
13 31 16 823437 -0.05189228 -0.02602196  0.0972414 
13 31 16 873188  0.04363251 -0.0035181   0.09668159
13 31 16 924196 -0.0049901   0.00410748  0.08958769
13 31 16 975180 -0.0368762  -0.02704954  0.10027313
13 31 17 32700 0.05193901 0.00707293 0.09199333
13 31 17 74443 -0.03026247 -0.00457954  0.09028578
13 31 17 123256 -0.00906992 -0.0222373   0.09954214
13 31 17 174969 0.04791069 0.01148796 0.08736801
13 31 17 224470 -0.04712105 -0.01487541  0.09077311
13 31 17 276370  0.01975822 -0.00997639  0.09731531
13 31 17 327833 0.03015041 0.01248407 0.08553267
13 31 17 372028 -0.04912281 -0.02283192  0.0933342 
13 31 17 423115  0.04587698 -0.00239658  0.09287834
13 31 17 474795 0.00176716 0.00672674 0.08445024
13 31 17 523952 -0.03689003 -0.02453899  0.09517336
13 31 17 573689 0.05859709 0.00873423 0.08810091
13 31 17 626237 -0.02527046 -0.00090647  0.08652401
13 31 17 674628 -0.01078653 -0.02073956  0.0956707 
13 31 17 722458 0.05358171 0.01413059 0.0840354 
13 31 17 774304 -0.04321194 -0.01271725  0.08821297
13 31 17 825648  0.02243614 -0.01089668  0.09422398
13 31 17 876669 0.03091908 0.01574564 0.08224773
13 31 17 924888 -0.04537296 -0.01966381  0.09036493
13 31 17 972185 0.04917145 0.00058365 0.09004116
13 31 18 32275 0.00139713 0.00695848 0.08213997
13 31 18 68019 -0.03178692 -0.02552366  0.09215212
13 31 18 126456 0.06073475 0.01072359 0.08633041
13 31 18 178170 -0.02635431 -0.00034142  0.08332586
13 31 18 227764 -0.00961113 -0.01859856  0.09325933
13 31 18 273287 0.05833197 0.0152998  0.08238077
13 31 18 322762 -0.04540253 -0.01449919  0.08478355
13 31 18 375374  0.01972914 -0.01023579  0.0921545 
13 31 18 424333 0.03636026 0.01570129 0.08054399
13 31 18 477596 -0.04900408 -0.02158833  0.08834314
13 31 18 525658  0.04750967 -0.00128317  0.08864641
13 31 18 572083 0.00482941 0.00704861 0.07922888
13 31 18 623666 -0.03624487 -0.02514124  0.08997202
13 31 18 673145 0.05919743 0.00678778 0.08382845
13 31 18 725873 -0.02383566 -0.00256395  0.07973051
13 31 18 775015 -0.01336384 -0.02196932  0.09035683
13 31 18 826446 0.0548234  0.01407051 0.07980633
13 31 18 874508 -0.04414368 -0.01455069  0.08230829
13 31 18 922240  0.01630688 -0.01641226  0.08919811
13 31 18 976057 -0.05143023 -0.02481127  0.08474588
13 31 19 27136  0.04361391 -0.00486374  0.08514833
13 31 19 79523  4.32443619e-03  2.19345093e-05 -8.74703407e-01
13 31 19 131908 -0.04163313 -0.02794313  0.08556461
13 31 19 173828 0.0557456  0.00232029 0.08066559
13 31 19 226689 -0.02195501 -0.0024209   0.07708979
13 31 19 274935 -0.01391983 -0.02419567 -0.04460287
13 31 19 326862  0.0773139   0.01584244 -0.05372763
13 31 19 374215 -6.41870499e-03  5.29289246e-05 -5.19914627e-02
13 31 19 425074  0.02253056 -0.0140028  -0.04506016
13 31 19 474749  0.06343508  0.02496958 -0.05684185
13 31 19 524663 -0.02377939 -0.01894569 -0.04729557
13 31 19 575161  0.06358337  0.00294304 -0.04966593
13 31 19 626043  0.02443123  0.01505661 -0.05600548
13 31 19 676713 -0.00464964 -0.0223074  -0.04485464
13 31 19 724854  0.07714987  0.02049923 -0.05573034
13 31 19 773188 -0.0121479  -0.00091314 -0.05123377
13 31 19 841907  0.03431129 -0.00894451 -0.04686356
13 31 19 871924  0.05057812  0.02205038 -0.05728769
13 31 19 923639 -0.02281475 -0.0173192  -0.04667568
13 31 19 972970  0.06556702  0.00883341 -0.05222082
13 31 20 33442  0.01012993  0.01105499 -0.05699444
13 31 20 75137 -0.00168133 -0.01925373 -0.04733372
13 31 20 124282  0.07095242  0.0231781  -0.05802822
13 31 20 174965 -0.01917076 -0.00604582 -0.05407238
13 31 20 223522  0.03980923 -0.0058341  -0.05108118
13 31 20 275611  0.04477119  0.02400255 -0.0616765 
13 31 20 324021 -0.01907396 -0.02039528 -0.05040455
13 31 20 371939  0.07237101  0.01422977 -0.05760145
13 31 20 423676  0.00535488  0.01030588 -0.06083965
13 31 20 473661  0.01336622 -0.01606655 -0.05191565
13 31 20 524345  0.06891775  0.02609682 -0.06284571
13 31 20 573937 -0.01707935 -0.00872183 -0.05501986
13 31 20 624797  0.05494547  0.00282621 -0.05656958
13 31 20 673615  0.03552866  0.02186346 -0.06478977
13 31 20 723333 -0.00910282 -0.01919508 -0.05307102
13 31 20 775481  0.07371664  0.02220297 -0.06198215
13 31 20 823378 -0.0030694   0.00732565 -0.06007051
13 31 20 875645  0.0272522  -0.00852823 -0.05523396
13 31 20 924576  0.05920315  0.02932167 -0.06703854
13 31 20 973923 -0.017941   -0.01281071 -0.05647755
13 31 21 32478  0.06567192  0.0085516  -0.06022692
13 31 21 75084  0.02289772  0.02198076 -0.06739616
13 31 21 125875 -0.00396013 -0.01784801 -0.05498075
13 31 21 173155  0.07809544  0.02422142 -0.0670104 
13 31 21 224608 -0.01079369  0.00131035 -0.0646801 
13 31 21 273921  0.03595591 -0.00606728 -0.06025171
13 31 21 322712  0.05628729  0.02950954 -0.0712471 
13 31 21 375402 -0.02045155 -0.01634026 -0.06130409
13 31 21 423620  0.06844616  0.01089859 -0.06710052
13 31 21 475594  0.01625299  0.01793289 -0.07043171
13 31 21 524562  0.00442171 -0.01539755 -0.06112528
13 31 21 571087  0.06880617  0.0252552  -0.07223845
13 31 21 624095 -0.01531124 -0.00203991 -0.06617451
13 31 21 672033  0.0435009  -0.00404453 -0.0646472 
13 31 21 724168  0.04072189  0.02332354 -0.07453537
13 31 21 773564 -0.01925611 -0.01688623 -0.06235456
13 31 21 824237  0.07157707  0.01585484 -0.07006073
13 31 21 875178  0.00062847  0.01081371 -0.07122612
13 31 21 925018  0.01281404 -0.01421452 -0.062325  
13 31 21 975797  0.06750727  0.02556133 -0.07534122
13 31 22 28800 -0.02524281 -0.00932455 -0.06807756
13 31 22 75628  0.05030251  0.00234509 -0.06706095
13 31 22 124839  0.0330224   0.02267551 -0.07653666
13 31 22 171246 -0.02160835 -0.01932669 -0.06513882
13 31 22 239418  0.07155561  0.01830292 -0.07420158
13 31 22 293394 -0.00634432  0.00565338 -0.07325888
13 31 22 323963  0.01260471 -0.01359844 -0.06550074
13 31 22 372934  0.05846405  0.025352   -0.07733488
13 31 22 424539 -0.03166056 -0.0135479  -0.06939411
13 31 22 478993  0.04959011  0.00229311 -0.06997061
13 31 22 523063  0.02328539  0.01915789 -0.07841253
13 31 22 575384 -0.02380562 -0.02321815 -0.06602192
13 31 22 626096  0.06719303  0.01932669 -0.07574034
13 31 22 675613 -0.01684999  0.00044775 -0.07489061
13 31 22 727615  0.0109129  -0.01554012 -0.06841087
13 31 22 771452  0.05022383  0.02373362 -0.08075714
13 31 22 822770 -0.03632212 -0.0193615  -0.07083273
13 31 22 873040  0.04521275  0.00169039 -0.07486057
13 31 22 923668  0.00745821  0.01344013 -0.08091497
13 31 22 972761 -0.02354002 -0.02540159 -0.06987286
13 31 23 33419  0.05851746  0.01700354 -0.08129549
13 31 23 74855 -0.03226185 -0.00650215 -0.07883549
13 31 23 123251  0.00969028 -0.01529694 -0.07336092
13 31 23 174617  0.03421307  0.01992989 -0.084373  
13 31 23 225360 -0.04634523 -0.02407932 -0.07331467
13 31 23 277061  0.04348946  0.00336075 -0.07900906
13 31 23 326206 -0.00857258  0.00736856 -0.08439159
13 31 23 373960 -0.02556944 -0.02734709 -0.07306528
13 31 23 424625  0.04939365  0.01562691 -0.08507061
13 31 23 473994 -0.0432477  -0.01231337 -0.0796113 
13 31 23 523835  0.01490355 -0.01189089 -0.07638741
13 31 23 573103  0.01993322  0.01700068 -0.08763266
13 31 23 624915 -0.05068207 -0.02630854 -0.07574511
13 31 23 674096  0.04261494  0.00615215 -0.08279514
13 31 23 721810 -0.02458668  0.00245094 -0.08535671
13 31 23 773453 -0.02368069 -0.02299881 -0.07463884
13 31 23 825008  0.03540325  0.0188098  -0.0877471 
13 31 23 876584 -0.05647278 -0.01742554 -0.07954502
13 31 23 924894  0.0149579  -0.00620604 -0.07955694
13 31 23 971494 -0.00368071  0.01266718 -0.08909035
13 31 24 32466 -0.05363607 -0.02831125 -0.07581377
13 31 24 68430  0.03326178  0.01147223 -0.08641338
13 31 24 123104 -0.04909992 -0.00552607 -0.0850358 
13 31 24 175215 -0.01971722 -0.01811361 -0.07873201
13 31 24 224346  0.01186895  0.02016401 -0.09089947
13 31 24 276235 -0.06734657 -0.02477074 -0.07989645
13 31 24 323404  0.01420546 -0.00061703 -0.08554935
13 31 24 376508 -0.0337038   0.00698423 -0.09136534
13 31 24 423592 -0.04935551 -0.02762604 -0.07945204
13 31 24 476891  0.01930952  0.01634645 -0.09232759
13 31 24 525232 -0.07112932 -0.01502562 -0.08638144
13 31 24 572654 -0.01013279 -0.01331615 -0.08376408
13 31 24 626304 -0.01395655  0.01456165 -0.09388399
13 31 24 673368 -0.07319546 -0.02917099 -0.08041954
13 31 24 724124  0.01337624  0.00603914 -0.09104109
13 31 24 775149 -0.05974007 -0.00099707 -0.09038925
13 31 24 824639 -0.04056835 -0.02311707 -0.08206892
13 31 24 874118 -0.00034142  0.01687002 -0.09574223
13 31 24 923620 -0.08389759 -0.02200413 -0.08698416
13 31 24 978815 -0.04002428  0.00947237 -0.09689045
13 31 25 28075 -0.07087183 -0.02911615 -0.08411789
13 31 25 77212  8.11386108e-03  4.52995300e-05 -1.03163242e+00
13 31 25 127837 -0.07885599 -0.00833845 -0.09386206
13 31 25 175623 -0.03220272 -0.01797342 -0.08828115
13 31 25 223010 -0.0150423   0.01646233 -0.09959841
13 31 25 274081  0.02354813  0.01931477 -0.00285625
13 31 25 327434 -0.05941534 -0.02297068  0.00889826
13 31 25 373096 0.04266262 0.00831318 0.00570965
13 31 25 424478 -0.0190239   0.00676298  0.0006547 
13 31 25 475218 -0.0358181  -0.02093744  0.01299191
13 31 25 523616 0.04973555 0.02264977 0.00226784
13 31 25 575648 -0.05340385 -0.0125699   0.00715923
13 31 25 625658  0.00750494 -0.00713825  0.01224661
13 31 25 676636 0.02294111 0.02197313 0.00190783
13 31 25 724941 -0.05906248 -0.02275753  0.01402617
13 31 25 772215 0.04061127 0.01185179 0.00890875
13 31 25 823005 -0.02270508  0.00995111  0.00512028
13 31 25 878677 -0.03368664 -0.01948929  0.01575422
13 31 25 923871 0.04521704 0.02273178 0.00439167
13 31 25 973632 -0.0562439  -0.01169538  0.01089954
13 31 26 32243  0.00735283 -0.0049777   0.01510191
13 31 26 74523 0.0160718  0.02233553 0.00342321
13 31 26 123467 -0.06453943 -0.02383709  0.01503038
13 31 26 175056 0.03683472 0.00983763 0.01070929
13 31 26 224702 -0.0266695   0.00607872  0.00703049
13 31 26 276355 -0.03832722 -0.02283239  0.01729012
13 31 26 326365 0.03852701 0.02243423 0.00662422
13 31 26 372069 -0.05838871 -0.01325703  0.01359844
13 31 26 424092  0.00768995 -0.00590897  0.01555967
13 31 26 472978 0.00912476 0.0199008  0.00568199
13 31 26 524197 -0.05934048 -0.02349186  0.01874828
13 31 26 574109 0.03757572 0.01241875 0.01258564
13 31 26 625509 -0.0357132   0.00450611  0.01158857
13 31 26 675089 -0.02961493 -0.01967812  0.0200491 
13 31 26 722209 0.034338   0.0235877  0.00868368
13 31 26 775768 -0.06281948 -0.01540804  0.01748419
13 31 26 824262  0.01409578 -0.00141764  0.01830149
13 31 26 876459 -0.00114298  0.01980257  0.00924253
13 31 26 924039 -0.05392408 -0.02460003  0.02251673
13 31 26 975937 0.04117203 0.01543474 0.01295614
13 31 27 32037 -0.04229212  0.00173569  0.01499605
13 31 27 68679 -0.01569653 -0.01446581  0.02251625
13 31 27 127572 0.02788591 0.02374506 0.01138783
13 31 27 174473 -0.0617981  -0.01710653  0.0218606 
13 31 27 225389 0.02660608 0.00252438 0.01915741
13 31 27 274861 -0.00927019  0.01757574  0.01163435
13 31 27 324568 -0.04534149 -0.02118111  0.02466297
13 31 27 374757 0.04457331 0.02020502 0.01431465
13 31 27 425001 -0.04759979 -0.00171232  0.01860237
13 31 27 476265 -0.00210762 -0.00962353  0.02301407
13 31 27 523784 0.0231328  0.02508831 0.01198053
13 31 27 572136 -0.05559111 -0.01707792  0.02326488
13 31 27 623867 0.03388166 0.00830793 0.01850748
13 31 27 672838 -0.01764965  0.01519537  0.01347637
13 31 27 727092 -0.03428602 -0.01803493  0.0254221 
13 31 27 773151 0.04272175 0.02197981 0.01425314
13 31 27 824043 -0.04999256 -0.00333118  0.01934958
13 31 27 875949  0.00706816 -0.00547886  0.02396679
13 31 27 922848 0.0176301  0.02545595 0.0125494 
13 31 27 974196 -0.05686378 -0.01819181  0.02560759
13 31 28 27355 0.04175282 0.01107502 0.02003813
13 31 28 75400 -0.02324009  0.01279688  0.01603174
13 31 28 124398 -0.03045559 -0.01648378  0.02806568
13 31 28 170848 0.04461575 0.024014   0.0172286 
13 31 28 222706 -0.05268431 -0.00616217  0.0255127 
13 31 28 274883  0.0160265  -0.00327396  0.02625322
13 31 28 324199 0.01329994 0.02381229 0.01593733
13 31 28 372738 -0.05115128 -0.01852226  0.02995443
13 31 28 424545 0.04774857 0.01357126 0.02300549
13 31 28 474099 -0.02956152  0.0091629   0.02185631
13 31 28 524709 -0.01852274 -0.01277733  0.03168774
13 31 28 575883 0.04292393 0.02624655 0.01936531
13 31 28 626724 -0.05223322 -0.00785017  0.02877283
13 31 28 678934 2.53620148e-02 4.91142273e-05 2.86793709e-02
13 31 28 726848 0.00780487 0.02100134 0.02036572
13 31 28 770965 -0.04103184 -0.01667309  0.03443766
13 31 28 823537 0.0515852  0.01906204 0.02406979
13 31 28 872891 -0.03479099  0.00525904  0.02556276
13 31 28 925272 -0.00267076 -0.01128054  0.03422165
13 31 28 972868 0.03897429 0.02506876 0.02345133
13 31 29 32522 -0.04963541 -0.01409197  0.03503275
13 31 29 74424 0.0381012  0.00750256 0.03149366
13 31 29 123160 0.0003643  0.01816654 0.02622795
13 31 29 177773 -0.03075695 -0.01858711  0.03874826
13 31 29 224262 0.0520215  0.01953173 0.02866268
13 31 29 275092 -0.03664303 -0.00216961  0.03279686
13 31 29 324768  0.01022434 -0.00679064  0.03721189
13 31 29 371573 0.03244686 0.02671862 0.02692223
13 31 29 424222 -0.04888487 -0.01928854  0.0383234 
13 31 29 472192 0.04813004 0.00762463 0.03403139
13 31 29 523486 -0.00427771  0.0133276   0.02897882
13 31 29 572836 -0.02596712 -0.02025223  0.04109192
13 31 29 624922 0.05798292 0.02346087 0.03093195
13 31 29 673806 -0.03723192 -0.00585651  0.03573751
13 31 29 722519  0.01823044 -0.0073247   0.04047394
13 31 29 775075 0.03364086 0.02553225 0.02997828
13 31 29 823635 -0.0405674  -0.01769257  0.04167604
13 31 29 875198 0.05281258 0.01059866 0.03589201
13 31 29 924721 -0.00676012  0.01266146  0.03251553
13 31 29 970949 -0.0102396  -0.01708984  0.04368687
13 31 30 33029 0.05692673 0.02378225 0.0318141 
13 31 30 68497 -0.03279495 -0.00483751  0.04014587
13 31 30 127032 0.0360837  0.00036144 0.04232597
13 31 30 172934 0.03019238 0.0260725  0.03161812
13 31 30 225430 -0.03282166 -0.01644325  0.04489946
13 31 30 273972 0.06747866 0.0170188  0.03796721
13 31 30 324989 -0.00748539  0.01135874  0.0353694 
13 31 30 374692  9.25064087e-05 -1.27849579e-02  4.55164909e-02
13 31 30 427716 0.06840372 0.02959108 0.0344162 
13 31 30 475740 -0.03149271 -0.00611782  0.04191637
13 31 30 526314 0.04506016 0.00277996 0.04278755
13 31 30 572612 0.03752899 0.02673388 0.03411293
13 31 30 623965 -0.02525473 -0.01517439  0.04625797
13 31 30 672638 0.07144117 0.0175705  0.03896284
13 31 30 725974 -0.00358629  0.01127577  0.03718948
13 31 30 776145  0.00465107 -0.0106225   0.04651213
13 31 30 824623 0.06871891 0.02863789 0.03593493
13 31 30 873931 -0.02699852 -0.00565815  0.04313517
13 31 30 924278 0.04616737 0.00303555 0.04432201
13 31 30 974714 0.03561449 0.02555561 0.03542185
13 31 31 26578 -0.0201931  -0.01398993  0.04810143
13 31 31 78040 0.07402086 0.01956415 0.04059172
13 31 31 125190 -0.00272131  0.01232147  0.03988409
