13 5 38 252592 -0.01601601 -0.00531006  1.00082779
13 5 38 255060 -1.65672302e-02  3.98635864e-04  1.00140762e+00
13 5 38 256959 -0.0098877   0.00137138  0.99318314
13 5 38 259068 -0.00805855  0.00541115  0.99894714
13 5 38 275486 -0.01100159  0.00836182  1.00707626
13 5 38 277416 -0.01184845  0.00917816  1.00094604
13 5 38 299896 -0.02042007  0.0068264   0.99843407
13 5 38 323380 -0.0245018  -0.00305748  1.00415802
13 5 38 325316 -0.02126884 -0.00603485  0.99950027
13 5 38 347777 -0.01470184 -0.00577164  0.99565697
13 5 38 371296 -7.05146790e-03 -8.18252563e-04  9.98699188e-01
13 5 38 373391 -0.00324821  0.00182343  0.99929619
13 5 38 395758 -2.84194946e-04  8.04901123e-04  1.00454330e+00
13 5 38 419161 -0.00497055  0.0119915   1.00016975
13 5 38 421080 -0.01529121  0.00980568  1.00422859
13 5 38 443553 -0.02429962  0.00370789  1.00240517
13 5 38 467161 -0.02082825  0.00667191  1.00243568
13 5 38 469652 -0.01579666  0.00564194  0.99954414
13 5 38 491053 -0.01114273  0.00898552  1.0032196 
13 5 38 493309 -0.00712204  0.00328445  1.00381851
13 5 38 515407 -0.00745773  0.00196648  0.99882126
13 5 38 587830 -0.00855827  0.00368309  0.9985733 
13 5 38 589802 -0.01253319  0.00177765  1.00087547
13 5 38 591567 -0.01702118 -0.00239944  0.99712944
13 5 38 593295 -0.01452065 -0.00422478  0.99742508
13 5 38 595066 -0.01576805 -0.00177383  0.99515724
13 5 38 612116 -1.19132996e-02  4.92095947e-04  1.00073433e+00
13 5 38 635688 -0.00954056  0.00276184  1.00059891
13 5 38 639358 -0.01452065  0.00419998  0.99933243
13 5 38 664711 -0.01634216  0.00548553  0.99786758
13 5 38 686425 -0.01702309  0.00640678  0.99776077
13 5 38 688696 -0.01473618  0.00191116  0.9990387 
13 5 38 708048 -1.33037567e-02 -4.90188599e-04  1.00351524e+00
13 5 38 731501 -0.01158142 -0.00201797  1.00033379
13 5 38 733454 -0.01423836 -0.00537682  1.00329208
13 5 38 755878 -0.01250839 -0.00148773  1.00164604
13 5 38 779615 -0.01628494  0.00494957  0.99762344
13 5 38 781539 -0.01379013  0.00463295  1.0021801 
13 5 38 803788 -0.01279831  0.00565529  1.00279427
13 5 38 827211 -0.01579285  0.00680733  0.99703217
13 5 38 829190 -1.54666901e-02  5.79833984e-04  9.96982574e-01
13 5 38 851911 -0.01411438  0.00174141  1.00171661
13 5 38 875396 -0.01167297 -0.00566483  1.00036621
13 5 38 877380 -7.84873962e-03 -8.52584839e-04  9.99225616e-01
13 5 38 899744 -0.01125336  0.00462532  1.00019836
13 5 38 923033 -1.49497986e-02  9.40322876e-04  9.95199203e-01
13 5 38 925269 -0.01342392  0.00205421  1.00134277
13 5 38 947676 -0.01185989  0.00316048  0.99718475
13 5 38 971034 -0.01694489  0.00382805  0.99799347
13 5 38 973451 -1.55048370e-02 -5.55038452e-04  1.00118065e+00
13 5 38 995596 -0.01464081 -0.00122452  0.99398232
13 5 39 67928 -0.01431274  0.00159645  1.00055885
13 5 39 70269 -9.96971130e-03 -5.98907471e-04  1.00052071e+00
13 5 39 72405 -0.01052856  0.00326157  0.99963951
13 5 39 74563 -9.88960266e-03  7.24792480e-04  1.00108528e+00
13 5 39 76672 -0.01563263  0.00425148  1.00318336
13 5 39 92357 -0.01040459  0.00104904  1.00148964
13 5 39 115787 -0.01314735 -0.00176048  1.00179291
13 5 39 118104 -0.0125351   0.00444221  1.00216293
13 5 39 144589 -0.01416016  0.00153542  0.99974823
13 5 39 166152 -1.49879456e-02 -8.88824463e-04  1.00321579e+00
13 5 39 175018 -0.01781082  0.00221443  1.00035858
13 5 39 190481 -0.01235008  0.00519562  0.99590874
13 5 39 214139 -9.15718079e-03  6.38961792e-04  1.00100136e+00
13 5 39 221663 -0.01309204  0.00242233  1.00236511
13 5 39 238746 -0.01182175 -0.00118065  0.9991169 
13 5 39 262413 -0.01329041  0.00104713  0.99751663
13 5 39 269611 -0.0128994   0.00310898  0.99698639
13 5 39 288147 -0.01546097  0.00391388  1.00336456
13 5 39 308762 -1.21021271e-02  6.69479370e-04  1.00086975e+00
13 5 39 316724 -0.01523781  0.00332832  1.00117874
13 5 39 335034 -0.01790237  0.00325012  0.99682045
13 5 39 358066 -0.01455116  0.00280571  1.00152397
13 5 39 366857 -0.01254082  0.00415421  1.00108528
13 5 39 379559 -9.31739807e-03 -3.81469727e-05  1.00323677e+00
13 5 39 403028 -1.42765045e-02 -5.66482544e-04  9.97037888e-01
13 5 39 405272 -0.01244736  0.00395584  0.99834251
13 5 39 427601 -0.01299858  0.00377464  1.00030518
13 5 39 450993 -0.0100708   0.00696564  1.00383377
13 5 39 453160 -0.01421356 -0.0020256   1.00480461
13 5 39 524419 -0.01413727  0.00259781  0.99851418
13 5 39 526825 -1.47399902e-02 -4.67300415e-04  9.98327255e-01
13 5 39 528960 -9.11331177e-03 -9.97543335e-04  1.00131035e+00
13 5 39 531092 -0.01292038  0.00399017  0.99774933
13 5 39 547786 -0.01018333 -0.00355148  1.00147438
13 5 39 550068 -1.36241913e-02  8.56399536e-04  1.00305176e+00
13 5 39 572236 -0.0122509  -0.00448418  0.99737549
13 5 39 595745 -1.53408051e-02 -6.06536865e-04  9.98092651e-01
13 5 39 598055 -0.01420975  0.00241089  0.99903488
13 5 39 620190 -0.01568985  0.00484085  0.99862862
13 5 39 643461 -0.01125145  0.00419998  1.00453568
13 5 39 645716 -0.01274109  0.00980377  0.99797821
13 5 39 668036 -0.01120567  0.00152206  0.99648285
13 5 39 691545 -0.00932121  0.00342751  1.00333023
13 5 39 693913 -0.01020432  0.00221634  1.00017357
13 5 39 715990 -1.08680725e-02  6.90460205e-04  1.00035286e+00
13 5 39 739324 -0.01115799  0.00146103  1.00152969
13 5 39 741651 -0.0114994   0.00131226  0.9998951 
13 5 39 767429 -0.01262093  0.0024128   0.99891472
13 5 39 789815 -1.63688660e-02  9.28878784e-04  9.99334335e-01
13 5 39 797505 -0.01397896  0.00162125  0.99486542
13 5 39 815401 -0.01458359  0.00311089  1.0031395 
13 5 39 837645 -0.01436234  0.00212288  1.00256348
13 5 39 847046 -0.01289749  0.0011673   1.00015831
13 5 39 862656 -9.19723511e-03  6.35147095e-04  1.00319290e+00
13 5 39 885261 -6.51931763e-03  6.67572021e-04  1.00230217e+00
13 5 39 893052 -0.0035305   0.0082531   0.99934006
13 5 39 911420 -0.01659966  0.00294876  1.00612068
13 5 39 982474 -0.00876808  0.0062809   0.99729919
13 5 39 990502 -0.01496315  0.00279427  0.99547195
13 5 39 997866 -0.01678276  0.00148582  1.00119781
13 5 40 5030 -1.26876831e-02  3.05175781e-04  1.00132179e+00
13 5 40 13259 -0.01334     0.00482559  0.99971771
13 5 40 20855 -0.01545525  0.00547028  1.00234604
13 5 40 28705 -0.01310539  0.00120544  1.00179863
13 5 40 35551 -1.13143921e-02 -4.57763672e-05  1.00403404e+00
