13 5 38 252592 -1.66893005e-04 -3.72409821e-04 -1.14440918e-05
13 5 38 255060 -1.88350677e-04  3.67164612e-05  1.67369843e-04
13 5 38 256959 -0.00015593  0.00029087  0.00034189
13 5 38 259068  0.00019646 -0.00083399 -0.00020599
13 5 38 275486  2.71320343e-04 -8.86917114e-05 -1.41620636e-04
13 5 38 277416  1.19209290e-05  1.46865845e-04 -4.41551208e-04
13 5 38 299896 -0.0001955   0.0002284  -0.00045586
13 5 38 323380 -1.22547150e-04 -4.10079956e-05  1.38759613e-04
13 5 38 325316 -0.0003233   0.00028324  0.00011683
13 5 38 347777 -7.39097595e-05 -1.09672546e-04  3.46660614e-04
13 5 38 371296 -0.00021458 -0.00038385  0.00063086
13 5 38 373391 -6.15119934e-05 -4.10556793e-04  4.22000885e-04
13 5 38 395758  7.15255737e-06  9.77516174e-05 -8.67843628e-05
13 5 38 419161  5.10215759e-05  3.00884247e-04 -1.67846680e-04
13 5 38 421080  0.00020599  0.00033855 -0.0004611 
13 5 38 443553  9.82284546e-05 -3.81946564e-04  2.32696533e-04
13 5 38 467161 -0.00038338 -0.00052118  0.000103  
13 5 38 469652 -0.00011873 -0.00025702  0.00062895
13 5 38 491053 -0.00056458 -0.00072527  0.00028753
13 5 38 493309  1.06811523e-04  3.09944153e-05 -2.17437744e-04
13 5 38 515407 -0.00017166  0.00016356 -0.00048399
13 5 38 587830  0.00036144  0.00063181 -0.00041771
13 5 38 589802  1.64031982e-04  2.40325928e-04 -4.29153442e-05
13 5 38 591567 -7.53402710e-05 -8.72612000e-05 -2.70843506e-04
13 5 38 593295 -0.00043583 -0.00033426  0.00022125
13 5 38 595066 -5.05447388e-04 -9.25064087e-05 -1.69754028e-04
13 5 38 612116  3.95774841e-05 -9.72747803e-05  2.94208527e-04
13 5 38 635688 -7.72476196e-05 -1.69754028e-04 -4.18663025e-04
13 5 38 639358 -0.0001936   0.00012445 -0.00025034
13 5 38 664711 -0.00024796 -0.00038004  0.00013924
13 5 38 686425 -0.00028896 -0.00033283  0.00043249
13 5 38 688696  3.86238098e-05 -1.45435333e-04  8.96453857e-05
13 5 38 708048 5.57899475e-05 4.68730927e-04 3.62873077e-04
13 5 38 731501 -5.47885895e-04 -1.06811523e-04 -9.63211060e-05
13 5 38 733454 -1.62124634e-05  2.02178955e-04 -2.49862671e-04
13 5 38 755878 -0.00054836  0.00041914 -0.00027466
13 5 38 779615 -5.50270081e-04 -1.55925751e-04 -8.15391541e-05
13 5 38 781539 3.43322754e-05 2.99930573e-04 1.27315521e-04
13 5 38 803788 -6.10351562e-05  6.00814819e-05 -1.79290771e-04
13 5 38 827211 -0.00023699 -0.00010014 -0.00011015
13 5 38 829190  1.25885010e-04  1.14440918e-05 -4.49180603e-04
13 5 38 851911 -3.90052795e-04 -1.86920166e-04  2.67028809e-05
13 5 38 875396 -1.50203705e-04  3.67164612e-05  1.59740448e-04
13 5 38 877380 -5.05447388e-05 -2.44140625e-04  1.81674957e-04
13 5 38 899744 -6.91413879e-05  6.05106354e-04  1.04904175e-04
13 5 38 923033 -0.00015974 -0.00017834 -0.0003581 
13 5 38 925269 -2.11715698e-04  2.07424164e-04 -6.67572021e-05
13 5 38 947676 -0.00029278 -0.00015163 -0.00036001
13 5 38 971034 -3.77178192e-04 -9.48905945e-05  2.33650208e-05
13 5 38 973451 -9.34600830e-05  3.33786011e-06  5.67436218e-05
13 5 38 995596  1.20639801e-04 -1.32083893e-04  7.86781311e-05
13 5 39 67928 -3.49044800e-04 -2.16960907e-04 -2.33650208e-05
13 5 39 70269 -4.77313995e-04  2.36511230e-04 -7.67707825e-05
13 5 39 72405 -1.86443329e-04 -2.12669373e-04 -3.71932983e-05
13 5 39 74563 -0.00018406 -0.00010777 -0.00025988
13 5 39 76672 -0.00011158 -0.0001626   0.00015545
13 5 39 92357 -9.44137573e-05  1.64985657e-04 -1.00135803e-05
13 5 39 115787 -2.61783600e-04  6.55651093e-04  7.39097595e-05
13 5 39 118104 -1.23500824e-04  3.63826752e-04  1.81198120e-05
13 5 39 144589  1.42574310e-04 -3.76701355e-05  5.76972961e-05
13 5 39 166152 3.57627869e-05 1.03950500e-04 3.00407410e-05
13 5 39 175018  9.48905945e-05 -2.48432159e-04  2.64167786e-04
13 5 39 190481 -4.14371490e-04 -3.00407410e-05  1.12056732e-04
13 5 39 214139 -0.00016785  0.0003314   0.00018358
13 5 39 221663 -6.34193420e-05  2.12192535e-04 -1.06811523e-04
13 5 39 238746 -3.05175781e-05  9.77516174e-05 -1.67846680e-04
13 5 39 262413 -6.53266907e-05 -4.67300415e-05  6.10351562e-05
13 5 39 269611 -2.08377838e-04  4.86373901e-05 -3.70502472e-04
13 5 39 288147 -6.53266907e-05 -1.76429749e-05 -1.15871429e-04
13 5 39 308762  0.00015402 -0.00010014 -0.00015402
13 5 39 316724 -4.67300415e-05  4.91142273e-05  2.95162201e-04
13 5 39 335034 -1.92642212e-04  3.71932983e-05  2.81810760e-04
13 5 39 358066 -3.73363495e-04  6.48498535e-05  7.77244568e-05
13 5 39 366857 -0.00019741 -0.00018263  0.00025272
13 5 39 379559 -0.00043964 -0.00020313 -0.00019741
13 5 39 403028  4.24385071e-05  2.07424164e-04 -4.06742096e-04
13 5 39 405272 -8.05854797e-05  2.34127045e-04  2.62260437e-04
13 5 39 427601 -1.52587891e-05 -2.50339508e-04 -1.72138214e-04
13 5 39 450993 -3.07559967e-04 -6.43730164e-05 -2.09331512e-04
13 5 39 453160 -0.00035429 -0.00024652  0.00013256
13 5 39 524419 -1.07288361e-04 -2.62260437e-04 -8.39233398e-05
13 5 39 526825 -0.00028849  0.00039577  0.00026321
13 5 39 528960 -5.24520874e-05  2.78472900e-04  1.05381012e-04
13 5 39 531092 4.62532043e-05 2.24113464e-05 4.76837158e-05
13 5 39 547786 -2.89440155e-04 -1.88827515e-04 -6.81877136e-05
13 5 39 550068 -0.00035191 -0.00034666 -0.00018549
13 5 39 572236 -0.00020027  0.0001421  -0.000319  
13 5 39 595745 -3.82900238e-04 -2.02178955e-04 -7.29560852e-05
13 5 39 598055  1.66893005e-05 -1.14917755e-04  6.91413879e-05
13 5 39 620190  0.00015497 -0.00024176 -0.00029945
13 5 39 643461 -2.28881836e-04  1.52587891e-05 -2.93254852e-04
13 5 39 645716 -0.00024366  0.00016975 -0.00019693
13 5 39 668036 0.0001688  0.00024033 0.00048304
13 5 39 691545 -1.35421753e-04 -6.24656677e-05 -3.85761261e-04
13 5 39 693913 -2.02655792e-04 -8.10623169e-06  1.05381012e-04
13 5 39 715990 -2.47478485e-04  8.34465027e-05 -9.96589661e-05
13 5 39 739324 -2.65598297e-04  5.29289246e-05 -3.43322754e-05
13 5 39 741651 -1.88827515e-04  4.09603119e-04  9.20295715e-05
13 5 39 767429 2.58445740e-04 2.57968903e-04 5.34057617e-05
13 5 39 789815  2.96115875e-04  1.90734863e-06 -2.32696533e-04
13 5 39 797505 1.46389008e-04 4.19616699e-05 2.09808350e-04
13 5 39 815401 0.00041294 0.00030184 0.00021601
13 5 39 837645  1.48296356e-04 -4.99725342e-04  7.05718994e-05
13 5 39 847046  2.86102295e-05 -3.39031219e-04  9.63211060e-05
13 5 39 862656 -0.00011826 -0.00027514  0.00028467
13 5 39 885261 -0.00033617 -0.00026178  0.00025177
13 5 39 893052 -0.00063705 -0.00015306 -0.00028229
13 5 39 911420 -9.53674316e-07  3.45706940e-04 -2.35080719e-04
13 5 39 982474 -3.14712524e-05 -1.60217285e-04 -4.61101532e-04
13 5 39 990502  1.41143799e-04 -3.24249268e-04  4.43458557e-05
13 5 39 997866 -0.00014162 -0.0002737   0.00018978
13 5 40 5030 -0.00012684  0.0004406  -0.00017357
13 5 40 13259  0.00019312  0.00019598 -0.00017214
13 5 40 20855 1.62124634e-04 3.67164612e-05 3.81469727e-06
13 5 40 28705 1.43527985e-04 1.81198120e-05 2.55107880e-04
13 5 40 35551 -0.00027561 -0.00026894  0.00046921
13 5 40 56390  0.00018597 -0.00031376 -0.00017166
