15 30 2 113440 
15 30 2 287295 -1 62127
15 30 2 461743 -1 62177
15 30 2 634079 0 62227
15 30 2 807904 0 62277
15 30 2 982019 0 62327
15 30 3 155746 0 62377
15 30 3 412171 0 62427
15 30 3 667340 0 62477
15 30 3 923250 0 62527
15 30 4 179170 0 1999
15 30 4 522135 0 2049
15 30 4 865355 0 2099
15 30 5 209153 0 2149
15 30 5 639377 0 2199
15 30 7 68580 0
15 30 7 579650 -1 7097
15 30 8 178893 -1 7147
15 30 9 862109 0
15 30 10 542446 0 9889
15 30 11 397130 0 9939
15 30 13 335243 0
15 30 14 358388 0 13359
15 30 15 550241 0 13409
15 30 17 828687 0
15 30 19 188424 0 17848
15 30 20 803035 0 17898
