14 8 1 845970 0.21040535 0.03843975 0.98372412
14 8 1 853795 0.21771359 0.03920794 0.97753859
14 8 1 859737 0.21760559 0.039222   0.97397447
14 8 1 863465 0.21622658 0.03980803 0.97474551
14 8 1 867171 0.21702576 0.04034805 0.97781897
14 8 1 904793 0.21629095 0.04110003 0.9781425 
14 8 1 908769 0.21673751 0.03826404 0.97753668
14 8 1 952728 0.21480918 0.03996491 0.97513628
14 8 1 956868 0.21816683 0.03979611 0.98028445
14 8 2 6010 0.21642137 0.03960943 0.97798705
14 8 2 13341 0.21430016 0.03910875 0.97951484
14 8 2 56851 0.21489477 0.04158044 0.97461152
14 8 2 61627 0.21669102 0.04419494 0.975178  
14 8 2 109359 0.21909261 0.04065442 0.97475672
14 8 2 114018 0.21927404 0.04013586 0.97815418
14 8 2 154525 0.21794653 0.04303503 0.97767019
14 8 2 161042 0.21502972 0.03769732 0.9834857 
14 8 2 203568 0.21588397 0.0405705  0.98316884
14 8 2 207668 0.21508145 0.04123497 0.97877717
14 8 2 255313 0.21790171 0.0380044  0.9726944 
14 8 2 258835 0.2185092  0.03813481 0.97430992
14 8 2 302204 0.21757579 0.03946233 0.97457337
14 8 2 307335 0.21097732 0.03815198 0.97889113
14 8 2 356351 0.21316123 0.03647161 0.98237658
14 8 2 361081 0.21434736 0.040519   0.98143816
14 8 2 404423 0.21325922 0.04060698 0.98070264
14 8 2 409599 0.21283174 0.04303813 0.97769237
14 8 2 455979 0.21382093 0.0391233  0.97749233
14 8 2 461574 0.21638584 0.04063392 0.97746658
14 8 2 505856 0.2132082  0.04022431 0.97459316
14 8 2 510714 0.21263695 0.03856683 0.97711515
14 8 4 659327 0.2149179  0.04109359 0.97334576
14 8 4 705540 0.2124629  0.03862977 0.97575593
14 8 4 762165 0.2187562  0.04148793 0.97630429
14 8 4 808657 0.22241354 0.03881764 0.97862482
14 8 4 857892 0.21665072 0.03962088 0.97745228
14 8 4 906304 0.21256399 0.04114461 0.97785187
14 8 4 961078 0.21354485 0.0393579  0.9764061 
14 8 5 7593 0.21570086 0.03873825 0.97260189
14 8 5 60393 0.21509218 0.03987455 0.97226596
14 8 5 108540 0.2166667  0.03638506 0.97873116
14 8 5 157681 0.21760345 0.04063225 0.97823906
14 8 5 210223 0.21648169 0.03974795 0.97588849
14 8 5 260559 0.2162807  0.04020095 0.97743416
14 8 5 309043 0.21643472 0.04058361 0.98379254
14 8 5 357007 0.21335959 0.03708267 0.98421383
14 8 5 411791 0.21588159 0.04170084 0.98099637
14 8 5 459753 0.21813917 0.04080462 0.97813749
14 8 5 510822 0.21707463 0.04132199 0.97519135
14 8 5 558295 0.21464086 0.04269552 0.98022437
14 8 5 608436 0.21522474 0.03923821 0.97853684
14 8 5 660547 0.21367335 0.03797388 0.97765255
14 8 5 709316 0.21342254 0.04006171 0.97930193
14 8 5 759934 0.21492624 0.04060197 0.97665834
14 8 5 809579 0.21522093 0.04124641 0.97654843
14 8 5 861820 0.21324897 0.03943491 0.97706223
14 8 5 911530 0.21601582 0.03914499 0.97249508
14 8 5 958583 0.21880245 0.04000759 0.97191954
14 8 6 9423 0.21924162 0.04061437 0.9707756 
14 8 6 64435 0.21861029 0.04151607 0.97312331
14 8 6 109341 0.21682167 0.03800201 0.97920752
14 8 6 160430 0.21848035 0.0387392  0.98145652
14 8 6 208789 0.21622658 0.03975987 0.98059702
14 8 6 259130 0.21801901 0.04389524 0.9750185 
14 8 6 315688 0.21578956 0.04238892 0.97635674
14 8 6 360066 0.2179122  0.04281807 0.97991633
14 8 6 411313 0.21908116 0.04004931 0.98159766
14 8 6 459115 0.21314836 0.04110479 0.97533083
14 8 6 512423 0.218189   0.04136992 0.97510386
14 8 6 561122 0.22097707 0.04132795 0.97171283
14 8 6 611914 0.21780896 0.03789997 0.97285175
14 8 6 660040 0.2136631  0.03946686 0.97941995
14 8 6 715048 0.21759939 0.04085302 0.97937274
14 8 6 762655 0.21922374 0.03895521 0.97998452
14 8 6 812318 0.21719003 0.03765416 0.97496915
14 8 6 860716 0.21497655 0.04072714 0.97521806
14 8 6 911293 0.21274757 0.03988814 0.98236179
14 8 6 964058 0.21779346 0.04199767 0.97734094
14 8 7 11186 0.21751142 0.04013133 0.96994567
14 8 7 62608 0.21712923 0.04019475 0.97262549
14 8 7 109304 0.21429706 0.04132342 0.97652555
14 8 7 160546 0.211483   0.04175425 0.98854566
14 8 7 213079 0.21838403 0.04238415 0.98852634
14 8 7 264069 0.21884131 0.03998661 0.97902536
14 8 7 310841 0.20316601 1.67203164 1.12878847
14 8 7 363536  0.00084996 -0.31234741 -0.49618292
14 8 7 412725 0.22023702 0.04161358 0.98014617
14 8 7 464801 0.21573901 0.04138374 0.97499895
14 8 7 511152 0.2131865  0.03837204 0.98090053
14 8 7 560807 0.21150923 0.03674483 0.9780879 
14 8 7 613151 0.21511436 0.04141378 0.97698069
14 8 7 666330 0.21677589 0.03909206 0.97513723
14 8 7 711115 0.21847367 0.04062223 0.97781086
14 8 7 761619 0.21723056 0.03826094 0.97636771
14 8 7 814754 0.2169776  0.04026675 0.97914052
14 8 7 865465 0.21683717 0.0391016  0.97776723
14 8 7 911513 0.21375966 0.03703165 0.97527385
14 8 7 963136 0.21507263 0.03869128 0.97705984
14 8 8 10527 0.21609855 0.0409677  0.98104239
14 8 8 66587 0.21541119 0.04007912 0.97776198
14 8 8 113056 0.21664619 0.03874826 0.97672105
14 8 8 163760 0.21480656 0.03892374 0.97707987
14 8 8 210947 0.212641   0.04020071 0.97755599
14 8 8 263947 0.21215105 0.042099   0.9767313 
14 8 8 313658 0.21470475 0.04175258 0.97698736
14 8 8 366324 0.21729088 0.03946638 0.97537208
14 8 8 412273 0.21440673 0.04095602 0.9730742 
14 8 8 460623 0.21490216 0.04040217 0.97793221
14 8 8 509901 0.21367311 0.03967953 0.97832203
14 8 8 564568 0.21262431 0.03434777 0.97606826
14 8 8 612724 0.21585011 0.03895855 0.97809887
14 8 8 662578 0.21990657 0.04026413 0.9747684 
14 8 8 710166 0.21607637 0.04131055 0.97651267
14 8 8 766087 0.21474791 0.04185867 0.97756743
14 8 8 813109 0.21293187 0.04053473 0.97684121
14 8 8 864747 0.21216679 0.04282546 0.97706294
14 8 8 915755 0.21380758 0.04271889 0.97934079
14 8 8 968416 0.21678305 0.03953862 0.97628903
14 8 9 12797 0.21486354 0.03949356 0.9789722 
14 8 9 63709 0.2126019  0.03897238 0.97916126
14 8 9 111980 0.21601748 0.03964925 0.97894335
14 8 9 168182 0.21596837 0.0434866  0.97493625
14 8 9 214557 0.21445847 0.03746009 0.97486067
14 8 9 264263 0.2140739  0.0405066  0.97589922
14 8 9 313387 0.21989202 0.04135656 0.97524667
14 8 9 364701 0.21685743 0.0414443  0.97700429
14 8 9 414651 0.21619773 0.03903866 0.97437143
14 8 9 467070 0.21281552 0.0391047  0.97834945
14 8 9 512818 0.21472168 0.04156327 0.98309255
14 8 9 564556 0.21033621 0.03606939 0.97930193
14 8 9 617590 0.21462584 0.03933859 0.9735446 
14 8 9 666296 0.21740699 0.04190612 0.97726345
14 8 9 715260 0.21804547 0.04170346 0.97903466
14 8 9 763107 0.21664643 0.04251003 0.97952938
14 8 9 813357 0.21678877 0.04108858 0.97852015
14 8 9 867211 0.21596622 0.03923392 0.9752779 
14 8 9 917116 0.21828938 0.04042053 0.97608137
14 8 9 966841 0.21537209 0.03947592 0.97334409
14 8 10 13550 0.21010232 0.03914976 0.97999525
14 8 10 67808 0.21024513 0.03967428 0.9821105 
14 8 10 115594 0.21479368 0.04271483 0.98007631
14 8 10 166546 0.21799588 0.03986526 0.97153187
14 8 10 213584 0.21640515 0.03966188 0.97398615
14 8 10 265037 0.21403098 0.0388813  0.97800493
14 8 10 316039 0.21589112 0.04146075 0.97767949
14 8 10 368047 0.21730185 0.04070807 0.97675395
14 8 10 414349 0.21571946 0.03649545 0.97268224
14 8 10 464654 0.21276093 0.0379169  0.97706389
14 8 10 511495 0.21186686 0.03760076 0.97801185
14 8 10 568673 0.21071982 0.03774285 0.98409081
14 8 10 615361 0.21504831 0.03858256 0.97821617
14 8 10 665273 0.21722698 0.04002857 0.97611117
14 8 10 713977 0.21611357 0.0424962  0.9761014 
14 8 10 770143 0.21530652 0.03885818 0.97531843
14 8 10 816631 0.21244836 0.04062581 0.97783566
14 8 10 867795 0.21575141 0.04312873 0.97851658
14 8 10 914915 0.21827292 0.04032135 0.97817516
14 8 10 966724 0.21505237 0.0402391  0.97799087
14 8 11 15896 0.21088481 0.03867722 0.00382257
14 8 11 68035 8.22305679e-04 7.03289270e-01 1.61320257e+00
14 8 11 115949 0.21905041 0.04033351 0.97192311
14 8 11 167664 0.21610355 0.03965664 0.9788332 
14 8 11 217730 0.21351624 0.04088879 0.98623681
14 8 11 268860 0.21017623 0.03882813 0.98823953
14 8 11 316413 0.2107029  0.03828311 0.98009586
14 8 11 366809 0.21659541 0.04186797 0.97401595
14 8 11 413606 0.21732807 0.04221511 0.97729635
14 8 11 469716 0.21648884 0.04240465 0.97757483
14 8 11 516649 0.21446061 0.04195786 0.97811794
14 8 11 568785 0.21031094 0.03865552 0.97891879
14 8 11 614002 0.21526456 0.03941584 0.9791131 
14 8 11 670671 0.21564841 0.0391767  0.97764468
14 8 11 717518 0.21875358 0.03967905 0.97334266
14 8 11 767923 0.21857142 0.0421865  0.97488689
14 8 11 816554 0.2156024  0.03848433 0.96995091
14 8 11 871403 0.2204051  0.03830433 0.96987104
14 8 11 917745 0.21692419 0.04184771 0.97813916
14 8 11 969583 0.2131741  0.03949761 0.97982645
14 8 12 20112 0.21070886 0.03764105 0.97465062
14 8 12 68464 0.21321368 0.0381732  0.97786283
14 8 12 119358 0.21374297 0.03929949 0.97754693
14 8 12 169350 0.21765733 0.0427928  0.97778368
14 8 12 216571 0.21334577 0.04093599 0.97565866
14 8 12 269204 0.21217918 0.04332471 0.98201776
14 8 12 320666 0.21614218 0.04180908 0.98122144
14 8 12 368129 0.21294522 0.0416193  0.97805095
14 8 12 417373 0.21609592 0.04364777 0.97681618
14 8 12 468076 0.2148757  0.0387013  0.98071575
14 8 12 521045 0.21154523 0.03971648 0.98109603
14 8 12 567932 0.21301365 0.04051638 0.98325825
14 8 12 620919 0.2102015  0.03702092 0.97548008
14 8 12 669712 0.2075913  0.03692675 0.972224  
14 8 12 718861 0.2096386  0.03611612 0.9709084 
14 8 12 770494 0.21710587 0.03996348 0.97149301
14 8 12 819536 0.21413565 0.03697586 0.97700262
14 8 12 867155 0.21528172 0.03819275 0.98144603
14 8 12 915751 0.21578336 0.03807545 0.98310924
14 8 12 965392 0.21889806 0.04114056 0.98298311
14 8 13 18712 0.21815276 0.03966284 0.97925854
14 8 13 70022 0.21617126 0.03984284 0.97182631
14 8 13 117288 0.21524739 0.03896117 0.97109866
14 8 13 167983 0.21256423 0.04050231 0.9785645 
14 8 13 219068 0.21439362 0.04236698 0.98317885
14 8 13 273258 0.21101546 0.04080606 0.98010993
14 8 13 316972 0.21074557 0.03651452 0.97557425
14 8 13 374292 0.22119784 0.0395987  0.96617317
14 8 13 423696 0.21786928 0.04153776 0.97105145
14 8 13 472700 0.21402407 0.03957224 0.9777751 
14 8 13 518371 0.2145021  0.04050136 0.97888422
14 8 13 569104 0.21573424 0.03908634 0.97559667
14 8 13 620274 0.21441078 0.03833175 0.97480679
14 8 13 673271 0.21688056 0.03743505 0.97356963
14 8 13 719744 0.21750379 0.03905964 0.97756076
14 8 13 768777 0.21585894 0.04191113 0.97654223
14 8 13 820188 0.21636367 0.04082394 0.97712898
14 8 13 870375 0.21621609 0.03709316 0.97768617
14 8 13 919358 0.21420741 0.03872776 0.98239279
14 8 13 972516 0.21505356 0.03906155 0.97818351
14 8 14 20585 0.21727991 0.04033566 0.96872711
14 8 14 69908 0.2114501  0.03610706 0.96995091
14 8 14 120150 0.21619844 0.04105639 0.96880531
14 8 14 169793 0.21490169 0.04100084 0.97536683
14 8 14 218441 0.2140336  0.0389719  0.98023629
14 8 14 267727 0.21169615 0.03799272 0.98513699
14 8 14 316610 0.21123481 0.03829169 0.98426771
14 8 14 370378 0.210742   0.03932405 0.98058248
14 8 14 420216 0.21612835 0.03841496 0.97913885
14 8 14 469170 0.20938563 0.03955746 0.97643709
14 8 14 522492 0.2138927  0.04401779 0.96910405
14 8 14 570806 0.21462512 0.04215765 0.97469378
14 8 14 621576 0.20317531 1.75015831 1.01945186
14 8 14 670360 0.21129155 0.04041386 0.98208189
14 8 14 722627 0.21906972 0.03982496 0.97300053
14 8 14 774751 0.21689224 0.04766893 0.9772501 
14 8 14 820775 0.21440649 0.04284382 0.97258902
14 8 14 870582 0.20789909 0.04235744 0.97700119
14 8 14 919196 0.20962238 0.03867602 0.98762941
14 8 14 968547 0.21274233 0.0403533  0.9933393 
14 8 15 21264 0.21009588 0.03798604 0.98650718
14 8 15 70661 0.21273875 0.03872347 0.97843146
14 8 15 121008 0.20980239 0.04071808 0.97455788
14 8 15 169823 0.21126199 0.04162908 0.97293448
14 8 15 220045 0.2127986  0.04101849 0.96982336
14 8 15 274748 0.21301103 0.03357816 0.97219253
14 8 15 319891 0.21299481 0.03392625 0.9712975 
14 8 15 370215 0.21559715 0.03521919 0.97478056
14 8 15 420640 0.20966721 0.03942013 0.98157716
14 8 15 468248 0.21858573 0.04009247 0.97455359
14 8 15 520730 0.21553349 0.0386579  0.96976829
14 8 15 573391 0.22565436 0.04174614 0.96439862
14 8 15 622925 0.22359967 0.04376197 0.97028446
14 8 15 673902 0.21587777 0.042871   0.98368859
14 8 15 724838 0.21301222 0.03684926 1.00335526
14 8 15 771423 0.20542979 0.04202056 1.00983906
14 8 15 820460 0.20880818 0.04256034 0.9900229 
14 8 15 873236 0.21633029 0.04407048 0.95535564
14 8 15 923094 0.21655369 0.04065466 0.9486568 
14 8 15 973143 0.21550155 0.04198408 0.96515059
14 8 16 22156 0.20974135 0.04076123 0.98543406
14 8 16 72651 0.20726204 0.0382309  0.98257685
14 8 16 123000 0.21048498 0.03509545 0.97130132
14 8 16 172300 0.21409559 0.0342958  0.96199322
14 8 16 220948 0.2202754  0.03868008 0.97065258
14 8 16 275235 0.21107125 0.03632665 0.98404241
14 8 16 323554 0.20829415 0.03939104 0.9876411 
14 8 16 376656 0.21264338 0.0388298  0.97825503
14 8 16 421710 0.21777844 0.04202867 0.96607065
14 8 16 475098 0.21534061 0.04158711 0.96882105
14 8 16 524187 0.20901346 0.0440073  0.98648262
14 8 16 578044 0.20641518 0.04311919 1.0044601 
14 8 16 622682 0.20592141 0.0382812  1.01060748
14 8 16 671887 0.21048141 0.03850102 0.99926591
14 8 16 721212 0.20631719 0.03792524 0.9862535 
14 8 16 771024 0.20692801 0.04018188 0.98431993
14 8 16 826045 0.20706153 0.04054236 0.98034239
14 8 16 873980 0.21206594 0.04044318 0.96708822
14 8 16 923611 0.21729589 0.03968215 0.95316005
14 8 16 970976 0.22075319 0.03867817 0.95047402
14 8 17 23786 0.21707344 0.03547859 0.96978283
14 8 17 73518 0.2162981  0.03296423 0.9865613 
14 8 17 123465 0.2132833  0.03776813 0.98918223
14 8 17 172116 0.22007561 0.03609967 0.97719908
14 8 17 220949 0.21526337 0.03558803 0.96562934
14 8 17 275408 0.2150557  0.03932929 0.95955491
14 8 17 324020 0.22001791 0.04218888 0.96320629
14 8 17 372729 0.21413589 0.04107785 0.97715378
14 8 17 423049 0.21716475 0.04042602 0.9859755 
14 8 17 478027 0.21780181 0.04457927 0.98601437
14 8 17 523419 0.21613026 0.04283381 0.98530507
14 8 17 574502 0.21771455 0.04296517 0.9919281 
14 8 17 622434 0.22070193 0.04285455 0.99681091
14 8 17 675579 0.21306396 0.04180408 0.99685955
14 8 17 724078 0.14487982 0.01747322 1.00401878
14 8 17 773702 0.16791081 0.03154421 1.00379848
14 8 17 822761 0.24487019 0.05191588 0.97274685
14 8 17 872286 0.23506308 0.05091739 0.9573822 
14 8 17 925442 0.2261467  0.03554821 0.92102742
14 8 17 976565 0.22628307 0.03959537 0.91512418
14 8 18 23723 0.21715713 0.03625131 0.96570826
14 8 18 75935 0.21442437 0.03570795 1.01442432
14 8 18 126296 0.22492766 0.03737712 0.99640632
14 8 18 176088 0.22014332 0.0366075  0.96394801
14 8 18 224429 0.21685982 0.0401001  0.95145559
14 8 18 276096 0.2286222  0.04419327 0.96394968
14 8 18 326402 0.21599984 0.04484105 0.98139215
14 8 18 375592  8.28027725e-04 -1.53108883e+00 -9.64910030e-01
14 8 18 425816 0.21719551 0.0424912  0.97981739
14 8 18 474734 0.22215939 0.04138517 0.98046875
14 8 18 523009 0.00081754 0.01042342 0.00048876
14 8 18 577998 0.21747279 0.04001021 0.97596622
14 8 18 627872 0.21848822 0.041116   0.96249747
14 8 18 675240 0.22418284 0.04423523 0.96023011
14 8 18 723642 0.22213221 0.04227757 0.96922016
14 8 18 775735 0.21987224 0.03625464 0.97599578
14 8 18 826758 0.22616673 0.04092836 0.9832418 
14 8 18 875396 0.21981287 0.0407691  0.99135613
14 8 18 926543 0.22583389 0.04541922 0.99356151
14 8 18 974025 0.22521663 0.05063605 0.98101878
14 8 19 24401 0.2264111  0.04650593 0.96329451
14 8 19 76914 0.22468042 0.04344058 0.96194005
14 8 19 127894 0.21752906 0.03875756 0.97140288
14 8 19 175665 0.2157712  0.03783011 0.98155189
14 8 19 226367 0.22153473 0.03902769 0.97919154
14 8 19 277747 0.21674538 0.03744173 0.97109151
14 8 19 326319 0.21930838 0.04407811 0.97613168
14 8 19 375336 0.22262311 0.04375005 0.97711611
14 8 19 425464 0.2192111  0.0360117  0.97755504
14 8 19 477089 0.2173233  0.04097223 0.97543192
14 8 19 527063 0.21938086 0.04193377 0.97012973
14 8 19 575363 0.222193   0.04154563 0.96868968
14 8 19 628361 0.22441244 0.04159379 0.97009039
14 8 19 675441 0.22575498 0.04742503 0.97137523
14 8 19 729613 0.22539091 0.04679966 0.97920966
14 8 19 777573 0.22293019 0.04308224 0.98320341
14 8 19 825594 0.21983075 0.0414238  0.99042773
14 8 19 875726 0.22408128 0.04094672 0.98553658
14 8 19 924108 0.21986747 0.04313898 0.97483468
14 8 19 977221 0.21655726 0.04206705 0.96483493
14 8 20 26041 0.21529675 0.04255533 0.96828246
14 8 20 75409 0.21649885 0.03926015 0.9675951 
14 8 20 126227 0.21831083 0.04141712 0.98168778
14 8 20 173789 0.21017766 0.04012966 0.98690772
14 8 20 227216 0.21701002 0.03886795 0.98661351
14 8 20 275713 0.21667409 0.03933644 0.98394012
14 8 20 325189 0.22010946 0.03734493 0.97786283
14 8 20 377983 0.21939564 0.04068065 0.96756601
14 8 20 427867 0.22292113 0.04352188 0.96614003
14 8 20 476275 0.2254591  0.04409409 0.96623421
14 8 20 526542 0.22285151 0.03841853 0.97419858
14 8 20 579294 0.2255528  0.04109931 0.98251247
14 8 20 630535 0.22221041 0.04269266 0.98224068
14 8 20 677325 0.2221272  0.03983164 0.98003507
14 8 20 730376 0.22525549 0.04284096 0.97445464
14 8 20 775927 0.22573495 0.04356933 0.97356749
14 8 20 832779 0.21964049 0.03946924 0.9752388 
14 8 20 879827 0.22170353 0.04098415 0.97526622
14 8 20 930422 0.22479939 0.03974032 0.97315836
14 8 20 976798 0.22302532 0.03962278 0.96737242
14 8 21 27703 0.2195518 0.042449  0.9698503
14 8 21 80173 0.22049761 0.04197168 0.97870874
14 8 21 131575 0.21873856 0.04140997 0.98462057
14 8 21 178331 0.22093558 0.04218626 0.98286796
14 8 21 228381 0.22127914 0.03884339 0.97170353
14 8 21 277733 0.22468996 0.04335785 0.968642  
14 8 21 332391 0.2264328  0.0421834  0.96909451
14 8 21 380719 0.22101474 0.04101396 0.97042179
14 8 21 429752 0.21762633 0.03885198 0.97595716
14 8 21 481540 0.21772313 0.04076242 0.98338938
14 8 21 532396 0.21839452 0.04176521 0.98276973
14 8 21 579430 0.21797657 0.0387094  0.98249602
14 8 21 628751 0.21777463 0.04516268 0.98215055
14 8 21 678535 0.21620607 0.04097676 0.97746992
14 8 21 732971 0.21767163 0.03871393 0.97922421
14 8 21 780263 0.22041845 0.04089165 0.97866702
14 8 21 829829 0.22268605 0.04398274 0.97444534
14 8 21 878950 0.22082877 0.04034448 0.9751761 
14 8 21 930675 0.21902609 0.0408833  0.97715282
14 8 21 980777 0.22120094 0.04046369 0.9762044 
14 8 22 29027 0.22315788 0.04110265 0.97892499
14 8 22 79305  0.21877027 -1.49983454 -0.80868483
14 8 22 127556  8.63552094e-04  1.85952830e+00 -1.74621010e+00
14 8 22 180755 0.22198772 0.04152441 0.9702394 
14 8 22 230212 0.22532248 0.04104424 0.98779392
14 8 22 281154 0.21758509 0.0407443  0.99750781
14 8 22 331178 0.22022295 0.03955054 0.98618531
14 8 22 382519 0.22974324 0.04687285 0.97020364
14 8 22 435320 0.21447968 0.03852749 0.97076941
14 8 22 481720 0.20321131 0.04026604 0.98000836
14 8 22 532350 0.22655988 0.0457902  0.97688985
14 8 22 578340 0.2287848  0.04226971 0.96181369
14 8 22 633572 0.22146463 0.04239655 0.95444298
14 8 22 682487 0.22209477 0.04212499 0.97093129
14 8 22 733005 0.22196674 0.04404402 0.99437904
14 8 22 780893 0.22582364 0.04297996 0.9875896 
14 8 22 835084 0.22187686 0.04015374 0.96764779
14 8 22 883256 0.21946359 0.03798246 0.97134018
14 8 22 934648 0.22308087 0.04259396 0.97892642
14 8 22 981198 0.22173738 0.0440762  0.98132133
14 8 23 31542 0.22260451 0.04246712 0.97778773
14 8 23 82435 0.21968031 0.04088497 0.96780348
14 8 23 134477 0.22289991 0.04178071 0.96990561
14 8 23 182740 0.22334957 0.04412484 0.97838163
14 8 23 233141 0.22402954 0.04405379 0.98537517
14 8 23 278606 0.21741629 0.03804326 0.98820782
14 8 23 334597 0.22117376 0.04262304 0.978724  
14 8 23 382964 0.22555113 0.04185843 0.97376323
14 8 23 432326 0.22300792 0.04388309 0.97026658
14 8 23 480036 0.22256422 0.045367   0.96729922
14 8 23 535563 0.22242451 0.04289746 0.97021174
14 8 23 582060 0.22621369 0.04301596 0.9758842 
14 8 23 631341 0.2233336  0.03966546 0.97828412
14 8 23 680974 0.22372293 0.03741026 0.97440124
14 8 23 728641 0.22111273 0.03850937 0.97648811
14 8 23 783431 0.22291875 0.04278064 0.97954726
14 8 23 832160 0.22109485 0.043607   0.98174787
14 8 23 881240 0.21684408 0.03869057 0.97231054
14 8 23 930088 0.227386   0.04117703 0.9636302 
14 8 23 982626 0.22577739 0.04284763 0.96346402
14 8 24 33094 0.21871471 0.04100633 0.98011899
14 8 24 83703 0.21626854 0.04097486 0.99237561
14 8 24 134459 0.22254229 0.04213548 0.98734426
14 8 24 181755 0.21914959 0.03928518 0.97590303
14 8 24 234539 0.21940017 0.04144931 0.96897006
14 8 24 283972 0.21785283 0.04209709 0.97752571
14 8 24 333309 0.22176051 0.04432344 0.97735167
14 8 24 381253 0.22286105 0.04175305 0.97327447
14 8 24 434425 0.22285175 0.04214621 0.96204424
14 8 24 486701 0.22200394 0.04331613 0.96407366
14 8 24 532820 0.2220962  0.04311872 0.97338343
14 8 24 584220 0.22249317 0.04177332 0.97941804
14 8 24 629453 0.21754265 0.04067731 0.9843328 
14 8 24 687717 0.22342038 0.03788471 0.97706223
14 8 24 732154 0.22131681 0.04282999 0.97705102
14 8 24 783442 0.22227931 0.04228568 0.97582626
14 8 24 830560 0.2247498  0.04425716 0.97198105
14 8 24 883856 0.22383261 0.04615283 0.96804929
14 8 24 934342 0.22277164 0.04180431 0.97110724
14 8 24 985773 0.2251215  0.04284072 0.97954535
14 8 25 34187 0.22018957 0.04259205 0.9838891 
14 8 25 87631 0.21795702 0.03863025 0.98568606
14 8 25 135337 0.22123981 0.04423666 0.97977138
14 8 25 184942 0.22292376 0.04253054 0.96872091
14 8 25 233225 0.22279882 0.04269147 0.96724439
14 8 25 288184 0.22479844 0.04230142 0.96799612
14 8 25 336821 0.22396755 0.04109168 0.97465396
14 8 25 385789 0.21712518 0.0404942  0.98119164
14 8 25 434587 0.2203598  0.03970027 0.98628187
14 8 25 486429 0.22366786 0.04044366 0.98214602
14 8 25 537020 0.22127962 0.04149103 0.97693729
14 8 25 587394 0.22034335 0.03936434 0.97536755
14 8 25 634462 0.21833372 0.03881049 0.97622633
14 8 25 685544 0.21758962 0.04032874 0.97792149
14 8 25 733875 0.22148108 0.04348612 0.97568583
14 8 25 787848 0.22108626 0.04283667 0.96924424
14 8 25 837123  0.21876407  1.95328641 -1.24620295
14 8 25 887424  8.68797302e-04 -1.24983501e+00 -1.05568647e-01
14 8 25 934704 0.22070003 0.04208779 0.98253894
14 8 25 986299 0.220433   0.03944612 0.97683859
14 8 26 37544 0.2194984  0.03974414 0.97850823
14 8 26 85700 0.22040772 0.04197574 0.98035693
14 8 26 133750 0.22242808 0.04032731 0.97811699
14 8 26 186546 0.21843863 0.045995   0.98298573
14 8 26 235590 0.22235823 0.04333544 0.97888446
14 8 26 286851 0.21838832 0.03941298 0.97539473
14 8 26 335749 0.21821046 0.04085875 0.97396946
14 8 26 389430 0.22468281 0.04087424 0.974154  
14 8 26 438177 0.22396183 0.04057193 0.97316527
14 8 26 486846 0.22190118 0.04219937 0.96783805
14 8 26 537875 0.22133946 0.03768492 0.97136068
14 8 26 587091 0.22157764 0.04165244 0.98960829
14 8 26 637281 0.21635509 0.04086471 1.00355363
14 8 26 688162 0.21471095 0.04001403 0.98978758
14 8 26 736873 0.21864581 0.04142594 0.96926546
14 8 26 786555 0.21822524 0.04338074 0.95473075
14 8 26 835900 0.22444081 0.0424192  0.95974064
14 8 26 890349 0.22352266 0.04128766 0.97681904
14 8 26 938712 0.22329783 0.0394032  0.9836247 
14 8 26 987498 0.21863842 0.03845167 0.98292804
14 8 27 36272 0.22152805 0.04052043 0.98173141
14 8 27 86797 0.22133017 0.04028177 0.98280263
14 8 27 136388 0.2166028  0.04144621 0.97950506
14 8 27 188603 0.22108293 0.04566097 0.97345471
14 8 27 235886 0.22046638 0.04197526 0.96246028
14 8 27 287338 0.22116089 0.0441699  0.96587086
14 8 27 338299 0.22401619 0.0402813  0.97116351
14 8 27 388712 0.22355294 0.03892303 0.97959065
14 8 27 438228 0.2185235  0.03938675 0.98456764
14 8 27 486016 0.22136998 0.03968954 0.98492742
14 8 27 537160 0.2231071  0.04557419 0.97749853
14 8 27 589328 0.21943069 0.04110599 0.97618294
14 8 27 639542 0.22273374 0.04416466 0.97628713
14 8 27 687463 0.22397113 0.04208302 0.96946931
14 8 27 737375 0.2238636  0.04252338 0.96560669
14 8 27 787630 0.21876907 0.04615903 0.97062373
14 8 27 839125 0.22080255 0.04238701 0.98060822
14 8 27 888619 0.22171474 0.04156661 0.97963285
14 8 27 937311 0.2208271  0.04129267 0.97772336
14 8 27 987047 0.21935797 0.0387547  0.97797298
14 8 28 38214 0.2178123  0.04113793 0.97832537
14 8 28 89079 0.2212975  0.03863931 0.97944069
14 8 28 138937 0.2169106  0.03836346 0.97552252
14 8 28 187580 0.2200675  0.04279065 0.9669168 
14 8 28 237549 0.2209456  0.04130054 0.96578264
14 8 28 288873 0.22475863 0.04167795 0.97368813
14 8 28 337638 0.2221508  0.04146576 0.98002291
14 8 28 386582 0.2192955  0.04132438 0.98231506
14 8 28 436479 0.21846986 0.03994632 0.98099184
14 8 28 489703 0.22071123 0.03881335 0.97556281
14 8 28 539089 0.22019815 0.04274154 0.97450209
14 8 28 588324 0.22135878 0.04311013 0.974401  
14 8 28 637234 0.21984196 0.04153824 0.97011471
14 8 28 691033 0.22211599 0.042274   0.97054553
14 8 28 739914 0.22228408 0.04127955 0.96990252
14 8 28 790116 0.22093868 0.04100823 0.97645187
14 8 28 838441 0.22103262 0.04200649 0.98277092
14 8 28 888732 0.21994734 0.03747106 0.98247576
14 8 28 940354 0.22189665 0.04214454 0.98140788
14 8 28 991747 0.2193234  0.04272318 0.97322059
14 8 29 38848 0.22129035 0.04311967 0.96573639
14 8 29 88703 0.22078443 0.04132509 0.97123885
14 8 29 141603 0.21769691 0.04123306 0.97552037
14 8 29 190379 0.21908903 0.04107499 0.98417282
14 8 29 239401 0.22251725 0.04128408 0.9827373 
14 8 29 289911 0.22106647 0.0380702  0.97770524
14 8 29 342433 0.22216845 0.04066682 0.97489023
14 8 29 391720 0.22479892 0.04247975 0.97345233
14 8 29 440692 0.22282887 0.04016018 0.97880673
14 8 29 488902 0.220186   0.04213715 0.97878218
14 8 29 538283 0.21876216 0.54703379 0.45694137
14 8 29 592962 8.60691071e-04 1.29704094e+00 5.97554445e-01
14 8 29 638858 0.2197423  0.03938365 0.97334838
14 8 29 689471 0.22399068 0.04135633 0.9642992 
14 8 29 739241 0.22229981 0.04136992 0.96510577
14 8 29 791631 0.2211349  0.04526734 0.97703767
14 8 29 841399 0.22168469 0.04138064 0.98576736
14 8 29 891303 0.22520161 0.04032421 0.9861176 
14 8 29 938415 0.21996069 0.03974271 0.98394656
14 8 29 991083 0.2237134  0.03973556 0.97864318
14 8 30 41433 0.21586895 0.04129934 0.97268748
14 8 30 93707 0.22400856 0.04039836 0.96578979
14 8 30 140771 0.22064447 0.04649925 0.95956922
14 8 30 190553 0.22563076 0.04071522 0.97114587
14 8 30 242069 0.21919584 0.03941798 0.98652792
14 8 30 294052 0.21950841 0.0417192  0.99146104
14 8 30 341156 0.22386503 0.04125357 0.98008466
14 8 30 391916 0.22805762 0.03970695 0.96572399
14 8 30 438262 0.22313476 0.03965306 0.96537042
14 8 30 495428 0.22152352 0.0399754  0.97593975
14 8 30 541822 0.22013617 0.04202914 0.97993183
14 8 30 592698 0.22264719 0.04232597 0.97784281
14 8 30 638454 0.2249496  0.04227614 0.97389007
14 8 30 694713 0.22329187 0.04280686 0.97089863
14 8 30 742201 0.22013593 0.04194474 0.97644091
14 8 30 793647 0.22113395 0.0413096  0.97612357
14 8 30 841585 0.22264838 0.04122329 0.97459745
14 8 30 895887 0.21879482 0.03797865 0.9788909 
14 8 30 942164 0.22195363 0.03750706 0.97591138
14 8 30 994361 0.22134376 0.04187465 0.97614598
14 8 31 41192 0.22373176 0.04001713 0.96871138
14 8 31 96663 0.22323108 0.04441285 0.96906853
14 8 31 144955 0.22341108 0.04221106 0.97041488
14 8 31 194114 0.22099519 0.04118228 0.97711658
14 8 31 242581 0.22133589 0.0398314  0.98141575
14 8 31 290870 0.22029757 0.04031181 0.98249269
14 8 31 345069 0.22042584 0.03979611 0.97861028
14 8 31 394443 0.2199738  0.04164886 0.97277784
14 8 31 442130 0.22334814 0.04548812 0.96924138
14 8 31 494093 0.22292733 0.03964353 0.97016454
14 8 31 542577 0.21984577 0.04205179 0.97526431
14 8 31 596084 0.22103834 0.04106212 0.97784185
14 8 31 641324 0.21975136 0.0401473  0.97963381
14 8 31 693375 0.21824622 0.0411706  0.98285532
14 8 31 741499 0.21982646 0.03919554 0.98078275
14 8 31 791099 0.22306752 0.04560733 0.97856927
14 8 31 844097 0.21757698 0.04414797 0.97365499
14 8 31 892087 0.21954322 0.04301572 0.97080064
14 8 31 941173 0.22154593 0.04294395 0.97534442
14 8 31 993199 0.21943498 0.04209304 0.97680879
14 8 32 46352 0.22172499 0.04052806 0.9757092 
14 8 32 93790 0.2203598  0.04073691 0.97500896
14 8 32 143953 0.21969008 0.04071999 0.97925496
14 8 32 192385 0.22083664 0.0427165  0.98124719
14 8 32 245235 0.22094607 0.0444901  0.97959208
14 8 32 295424 0.22138524 0.04066801 0.97485328
14 8 32 341040 0.22226596 0.04217076 0.97458243
14 8 32 391861 0.22232151 0.03992748 0.97396588
14 8 32 440267 0.22203326 0.04389143 0.97074747
14 8 32 494105 0.22523904 0.04641199 0.97523832
14 8 32 543006 0.22419405 0.04323554 0.97605753
14 8 32 594561 0.22001886 0.03979468 0.97799492
14 8 32 640726 0.21788359 0.0388751  0.98176718
14 8 32 691168 0.22127891 0.04252291 0.98206496
14 8 32 743251 0.2200973  0.04371476 0.9737184 
14 8 32 794027 0.2264812  0.04213881 0.969033  
14 8 32 841363 0.22288585 0.04076004 0.96879792
14 8 32 894993 0.22164297 0.04578829 0.97432184
14 8 32 942868 0.22559094 0.04210925 0.97688365
14 8 32 996898 0.22494102 0.04083347 0.98224616
14 8 33 43785 0.22077298 0.0408051  0.97711992
14 8 33 91423 0.22157383 0.04256248 0.97610283
14 8 33 146444 0.22318769 0.04200792 0.97735023
14 8 33 196214  0.21876121 -1.32796907 -0.35557246
14 8 33 245456 8.76188278e-04 1.17203879e+00 7.53789663e-01
14 8 33 294011 0.22172165 0.04057026 0.97131705
14 8 33 341505 0.21764779 0.04000688 0.97511649
14 8 33 398765 0.22002292 0.04072738 0.98042774
14 8 33 445166 0.22058368 0.04025364 0.98165917
14 8 33 494966 0.22180796 0.0403161  0.97953892
14 8 33 544714 0.22194695 0.04072309 0.97527361
14 8 33 598501 0.22210932 0.04218483 0.97046471
14 8 33 647052 0.22025466 0.03886342 0.97481823
14 8 33 697249 0.21978951 0.04081249 0.97515178
14 8 33 745075 0.22324848 0.04107714 0.97776246
14 8 33 793595 0.21979237 0.03968859 0.97735929
14 8 33 845172 0.22063375 0.04135418 0.97832274
14 8 33 897253 0.22325945 0.04225087 0.9769311 
14 8 33 946782 0.22204518 0.04094195 0.97650027
14 8 33 995756 0.22009778 0.04184866 0.97691727
14 8 34 44341 0.22231412 0.04332709 0.97604752
14 8 34 97244 0.21903825 0.03860664 0.97292781
14 8 34 146415 0.22109008 0.04057908 0.97694349
14 8 34 196288 0.21914148 0.04184055 0.98158956
14 8 34 243970 0.21790171 0.04155684 0.98256803
14 8 34 297535 0.22249007 0.04249001 0.97477317
14 8 34 344980 0.22315121 0.04312134 0.97991204
14 8 34 396281 0.2190783  0.04058003 0.97631788
14 8 34 444676 0.21811366 0.03950024 0.97881579
14 8 34 499034 0.22221136 0.041677   0.97535729
14 8 34 546336 0.22327447 0.04215169 0.97404933
14 8 34 594528 0.21958923 0.04381704 0.97386837
14 8 34 646205 0.2228725  0.04125309 0.97566533
14 8 34 696103 0.2192955  0.04208088 0.97836566
14 8 34 748731 0.22061658 0.04199839 0.97826552
14 8 34 797814 0.2228837 0.0392015 0.9775598
14 8 34 845019 0.2192142  0.04265952 0.97755241
14 8 34 895977 0.22020078 0.04278564 0.97735429
14 8 34 948741 0.22448659 0.04346251 0.97495008
14 8 34 997696 0.22250652 0.04054284 0.97214651
14 8 35 47442 0.22227407 0.04452205 0.97292972
14 8 35 94340 0.22176933 0.04250884 0.97566462
14 8 35 150638 0.22313571 0.03879404 0.97742963
14 8 35 198912 0.21998501 0.04213262 0.97673035
14 8 35 247530 0.22203207 0.04249811 0.97472692
14 8 35 298232 0.22188878 0.04120731 0.97129703
14 8 35 345846 0.22070909 0.04240465 0.97220922
14 8 35 402206 0.21958089 0.04108548 0.97640753
14 8 35 447785 0.22275901 0.04052854 0.97447014
14 8 35 498679 0.22009254 0.03853011 0.97824597
14 8 35 546158 0.22378469 0.0415144  0.97416306
14 8 35 600256 0.22131085 0.0432384  0.9773798 
14 8 35 650228 0.21983552 0.04234886 0.97766423
14 8 35 700548 0.2213676  0.03917861 0.97726536
14 8 35 747019 0.21865082 0.04123998 0.97705126
14 8 35 799162 0.22097492 0.04219794 0.97561479
14 8 35 848129 0.21961641 0.03951454 0.97799349
14 8 35 899417 0.21837425 0.04163623 0.97530222
14 8 35 947808 0.22120738 0.0410459  0.98051286
14 8 35 996700 0.22089005 0.0397892  0.97539067
14 8 36 52198 0.22221279 0.04094648 0.97531581
14 8 36 97633 0.22131371 0.04422545 0.97918749
14 8 36 150106 0.22357512 0.04441428 0.97548437
14 8 36 197804 0.22216702 0.04105067 0.97475481
14 8 36 245800 0.2215085  0.04207492 0.97367859
14 8 36 300694 0.22236252 0.04158902 0.9742415 
14 8 36 347513 0.21844506 0.04180908 0.97180533
14 8 36 400086 0.22399044 0.04438281 0.97414565
14 8 36 448059 0.22535801 0.04374075 0.9780972 
14 8 36 498429 0.22176957 0.04257345 0.97686768
14 8 36 549690 0.22176528 0.0416503  0.97343874
14 8 36 597573 0.22576404 0.04394054 0.97614908
14 8 36 649657 0.22064018 0.04359365 0.97627449
14 8 36 697986 0.22035074 0.04576063 0.97475338
14 8 36 749516 0.2242651  0.04451275 0.97179794
14 8 36 801329  0.2031858  -0.59358668  0.23818803
14 8 36 847865  8.65221024e-04 -1.10920739e+00 -2.46175528e-01
14 8 36 899529 0.22208238 0.04579139 0.97828627
14 8 36 948572 0.22655702 0.04334426 0.98789406
14 8 37 1535 0.22629929 0.03844023 0.97989893
14 8 37 50522 0.22144938 0.03984976 0.96406364
14 8 37 99961 0.22602749 0.04400682 0.97150183
14 8 37 148888 0.22730994 0.04563975 0.97881532
14 8 37 203759 0.22413278 0.04346395 0.97568798
14 8 37 248148 0.22159886 0.04078913 0.96866012
14 8 37 298696 0.22212911 0.03877163 0.97239947
14 8 37 346613 0.22463965 0.04235578 0.98217535
14 8 37 398050 0.22465229 0.04004335 0.98057961
14 8 37 450365 0.21861506 0.04336309 0.97406578
14 8 37 501521 0.22088909 0.04353738 0.97059274
14 8 37 548703 0.22456098 0.04395604 0.96953797
14 8 37 596939 0.22101617 0.04141974 0.9740169 
14 8 37 648773 0.21757054 0.04294658 0.97217107
14 8 37 701359 0.22307277 0.04299903 0.97378659
14 8 37 749907 0.22507954 0.04143119 0.97349   
14 8 37 800602 0.22108412 0.04118943 0.97523785
14 8 37 851529 0.22063947 0.04133582 0.97679543
14 8 37 902399 0.22240305 0.04271817 0.97706366
14 8 37 951754 0.22151303 0.04133224 0.97941279
14 8 38 174 0.2204833  0.03948379 0.98021317
14 8 38 52782 0.21988559 0.04104185 0.98045397
14 8 38 102869 0.22144651 0.04309154 0.97172856
14 8 38 152255 0.22361374 0.04286551 0.96602917
14 8 38 202104 0.21939206 0.04041982 0.97210455
14 8 38 249285 0.21954083 0.04252911 0.97898245
14 8 38 303459 0.22998095 0.04260159 0.98079634
14 8 38 350497 0.21730971 0.04082155 0.9868269 
14 8 38 402679 0.2156167  0.037462   0.98728156
14 8 38 451661 0.22096896 0.04257274 0.97752213
14 8 38 500261 0.22131252 0.04369593 0.97236347
14 8 38 553861 0.22315383 0.04123974 0.96903777
14 8 38 603542 0.21897411 0.04107428 0.97311974
14 8 38 650801 0.22074103 0.04069543 0.97418976
14 8 38 700508 0.22258663 0.04266691 0.97165298
14 8 38 747195 0.22249794 0.0433197  0.97170138
14 8 38 800954 0.2217207  0.04196477 0.97652292
14 8 38 850492 0.21881151 0.04112911 0.98575282
14 8 38 900168 0.22675323 0.04374957 0.9797411 
14 8 38 948536 0.22394848 0.03982973 0.97013402
14 8 39 3075 0.2206831  0.04073429 0.96984982
14 8 39 51149 0.22571921 0.04376745 0.97384977
14 8 39 99811 0.22244644 0.03845763 0.97988653
14 8 39 152067 0.22518849 0.04176044 0.97899175
14 8 39 202269 0.22361803 0.04024911 0.97832441
14 8 39 250946 0.22082734 0.04193163 0.97692823
14 8 39 302555 0.22034717 0.04111934 0.97877908
14 8 39 352762 0.22515726 0.04128718 0.97528553
14 8 39 406197 0.22074652 0.03970504 0.9758234 
14 8 39 454695 0.22068286 0.04001737 0.97568798
14 8 39 501601 0.21875095 0.0420785  0.97015667
14 8 39 552852 0.2217443  0.04193068 0.97526336
14 8 39 604321 0.21999764 0.04036307 0.97453213
14 8 39 655118 0.22092605 0.0431118  0.97873211
14 8 39 706590 0.22075486 0.04108644 0.9850595 
14 8 39 754107 0.22054696 0.04066253 0.98222876
14 8 39 803004 0.21899629 0.04283094 0.97833967
14 8 39 852579 0.21993852 0.04269361 0.97098947
14 8 39 905627 0.22894931 0.043787   0.96687698
14 8 39 954519 0.22229338 0.04227686 0.97498798
14 8 40 2594 0.2144537  0.03790832 0.98458624
14 8 40 53730 0.22283936 0.04018259 0.98017645
14 8 40 106019 0.22826004 0.04165959 0.96736479
14 8 40 154636 0.22455359 0.04166865 0.96240091
14 8 40 205407 0.22364378 0.04065585 0.97168016
14 8 40 250418 0.22371221 0.04382992 0.98761487
14 8 40 307691 0.22289276 0.03931975 0.98189259
14 8 40 354956 0.22115469 0.04104948 0.97290516
14 8 40 404668 0.22427917 0.04128575 0.97183919
14 8 40 453174 0.22518349 0.0432806  0.97360969
14 8 40 500943 0.21877027 0.60954094 1.98819232
14 8 40 558460  8.61883163e-04 -8.90469313e-01  6.13188505e-01
14 8 40 604598 0.22254944 0.04216695 0.9743371 
14 8 40 653978 0.22097421 0.04100227 0.9780376 
14 8 40 703610 0.22045064 0.03858638 0.97829318
14 8 40 752380 0.2206583  0.0422368  0.97749496
14 8 40 806717 0.22158384 0.04014683 0.97696114
14 8 40 855291 0.2182703  0.04176044 0.97537613
14 8 40 903976 0.21951604 0.04004908 0.97745442
14 8 40 953191 0.22176814 0.04068518 0.97413158
14 8 41 298 0.2217443  0.03881216 0.97527266
14 8 41 54756 0.22097993 0.0428772  0.97798204
14 8 41 105094 0.21994543 0.04252028 0.97459173
14 8 41 153339 0.22305036 0.04084468 0.9751637 
14 8 41 204083 0.22056842 0.04318905 0.97416282
14 8 41 254321 0.22329068 0.04277277 0.97680926
14 8 41 306743 0.22120452 0.04122949 0.97516942
14 8 41 355655 0.22074008 0.04043078 0.97571015
14 8 41 404824 0.22202492 0.04204082 0.97741103
14 8 41 456929 0.22233677 0.04145789 0.97381282
14 8 41 506794 0.22205806 0.04333043 0.97420287
14 8 41 554877 0.22278357 0.0430913  0.97732353
14 8 41 604164 0.22399139 0.04131341 0.97745371
14 8 41 654259 0.22236013 0.03997183 0.97895885
14 8 41 706794 0.22104859 0.04262519 0.98226905
14 8 41 754615 0.22386622 0.04139042 0.97330928
14 8 41 805409 0.22180891 0.04169607 0.97357368
14 8 41 854009 0.22162604 0.04139876 0.9728899 
14 8 41 904615 0.22151041 0.03972483 0.97563195
14 8 41 956101 0.22089601 0.04076076 0.9793489 
14 8 42 5772 0.21988869 0.04102802 0.9773767 
14 8 42 54707 0.21887445 0.04020333 0.98081827
14 8 42 105920 0.22052169 0.04135275 0.97818351
14 8 42 156516 0.21896267 0.04152942 0.97718716
14 8 42 208155 0.21989012 0.04531455 0.97583246
14 8 42 253134 0.22228527 0.04080129 0.97560191
14 8 42 305364 0.21908092 0.0400064  0.97828126
14 8 42 357066 0.21833777 0.04291105 0.97719026
14 8 42 408309 0.21936393 0.039114   0.97486949
14 8 42 456423 0.21666217 0.04132295 0.97547054
14 8 42 504937 0.21880555 0.04158902 0.97736287
14 8 42 558433 0.22036481 0.04186511 0.97577047
14 8 42 608620 0.22018147 0.04048157 0.97466779
14 8 42 656517 0.22067475 0.04055333 0.97506452
14 8 42 708660 0.22019887 0.04120946 0.97774816
14 8 42 753799 0.22365808 0.04301953 0.97493958
14 8 42 810475 0.22263241 0.04040742 0.97572756
14 8 42 857399 0.22052932 0.04273081 0.97635746
14 8 42 908125 0.21948433 0.04149818 0.97752166
14 8 42 957129 0.22062612 0.04288721 0.9773643 
14 8 43 7199 0.22007871 0.04201651 0.97690368
14 8 43 57963 0.22238612 0.04224086 0.97352529
14 8 43 110321 0.22259021 0.03926158 0.97350836
14 8 43 156778 0.2197845  0.04127002 0.97686172
14 8 43 207688 0.21780586 0.04135299 0.97639036
14 8 43 257352 0.22012854 0.04133224 0.97777057
14 8 43 308054 0.22011399 0.04498005 0.97580409
14 8 43 356702 0.21806836 0.04221463 0.9762063 
14 8 43 407272 0.2203238  0.040838   0.97362733
14 8 43 456775 0.22036505 0.04007411 0.97528577
14 8 43 509553 0.22085118 0.04410291 0.97807145
14 8 43 556872 0.22387815 0.04588389 0.97544789
14 8 43 608052 0.22295403 0.03992677 0.97532845
14 8 43 659049 0.22321892 0.04237962 0.9748385 
14 8 43 711655 0.22135448 0.04401231 0.97647285
14 8 43 758669 0.2192719  0.04332709 0.97446513
14 8 43 808120 0.22007704 0.04253554 0.97491527
14 8 43 861018 0.21728373 0.03975248 0.97491693
14 8 43 909856 0.2203939  0.04081082 0.97813511
14 8 43 959829 0.224581   0.04167318 0.97365451
14 8 44 6363 0.22136331 0.04077291 0.97243428
14 8 44 59479 0.21963739 0.03937149 0.97505331
14 8 44 112316 0.22346616 0.04354453 0.97226238
14 8 44 159770 0.22495174 0.04153585 0.97366118
14 8 44 210336  0.21876216 -1.18732238 -0.6211946 
14 8 44 256443  8.83579254e-04  1.23454714e+00 -1.66807342e+00
14 8 44 308293 0.22379541 0.04371762 0.97159815
14 8 44 361603 0.22089815 0.04197645 0.9719758 
14 8 44 411423 0.22050428 0.04095316 0.97515559
14 8 44 458929 0.21891141 0.04183841 0.97613144
14 8 44 506200 0.21928763 0.042243   0.97601295
14 8 44 557926 0.21932435 0.04125547 0.9792552 
14 8 44 611671 0.22009778 0.04201818 0.97698164
14 8 44 659457 0.21920204 0.04158998 0.9784348 
14 8 44 709574 0.21950769 0.04381657 0.97593141
14 8 44 756159 0.21770668 0.04147625 0.97784615
14 8 44 812537 0.2196219  0.04197884 0.97847199
14 8 44 860794 0.22015929 0.04108405 0.97579861
14 8 44 910867 0.22077227 0.04219174 0.97403979
14 8 44 958431 0.2201252  0.04238391 0.97617841
14 8 45 10077 0.21925688 0.04137683 0.97642684
14 8 45 60642 0.22085071 0.0437758  0.97621679
14 8 45 111953 0.22374058 0.04353118 0.9720428 
14 8 45 158541 0.2221489  0.04241753 0.97416735
14 8 45 209828 0.2199769  0.0428834  0.97652078
14 8 45 259294 0.22310591 0.04269242 0.97511697
14 8 45 310704 0.22348809 0.043329   0.97379446
14 8 45 359775 0.22003865 0.04012775 0.9717555 
14 8 45 410073 0.22193837 0.04360008 0.9733963 
14 8 45 458026 0.22317362 0.03961945 0.97029853
14 8 45 512222 0.22133207 0.04118419 0.9768436 
14 8 45 562175 0.22128558 0.04174137 0.98048663
14 8 45 611743 0.2183702  0.04078627 0.98253918
14 8 45 657830 0.22167468 0.04129124 0.97976828
14 8 45 709259 0.22083807 0.03947663 0.97838902
14 8 45 762040 0.21511126 0.0393734  0.97787929
14 8 45 810711 0.21762395 0.04179811 0.97857094
14 8 45 859180 0.21553206 0.04247642 0.97961783
14 8 45 910747 0.2170949  0.04112077 0.98140812
14 8 45 959386 0.21755934 0.04095793 0.97900772
14 8 46 9279 0.22109985 0.04209757 0.97771502
14 8 46 61371 0.21943069 0.04164624 0.97579598
14 8 46 110729 0.22148252 0.04285622 0.97283006
14 8 46 161427 0.22239947 0.04451537 0.97550106
14 8 46 212392 0.2238884  0.04168987 0.97456789
14 8 46 260432 0.22248602 0.04308939 0.97886848
14 8 46 310101 0.2216897  0.03799534 0.97524428
14 8 46 360305 0.22157311 0.04044127 0.97612405
14 8 46 410839 0.22475576 0.03932667 0.97325134
14 8 46 462574 0.22215867 0.04161072 0.97290301
14 8 46 510414 0.22275901 0.04006028 0.97220397
14 8 46 560345 0.22242022 0.04099011 0.97703719
14 8 46 612868 0.22141051 0.03912926 0.97588897
14 8 46 662229 0.22196889 0.04240251 0.9772532 
14 8 46 712910 0.21943712 0.04256344 0.97757721
14 8 46 760472 0.22132778 0.04487038 0.97450995
14 8 46 810395 0.21870422 0.03964472 0.97570992
14 8 46 865012 0.21930718 0.04134464 0.97707772
14 8 46 912813 0.21796727 0.04111481 0.97587276
14 8 46 962751 0.21906519 0.0410378  0.97562528
14 8 47 8601 0.22152877 0.04267216 0.97493362
14 8 47 65373 0.22162557 0.04315639 0.97851658
14 8 47 112770 0.22047758 0.03860307 0.97522044
14 8 47 161030 0.2217772  0.04147077 0.97555637
14 8 47 212245 0.21874976 0.04427052 0.97932386
14 8 47 264788 0.22022271 0.03802443 0.97780132
14 8 47 313737 0.22091794 0.03937674 0.97735214
14 8 47 364441 0.21735549 0.04124379 0.97645259
14 8 47 412847 0.21872425 0.04218721 0.97760057
14 8 47 462389 0.21845651 0.04125166 0.97383714
14 8 47 514680 0.21969414 0.03866482 0.97211862
14 8 47 565258 0.21986198 0.04199982 0.97771454
14 8 47 611959 0.21908522 0.04055834 0.97932839
14 8 47 661666 0.21998143 0.04201317 0.98017335
14 8 47 712111 0.22254586 0.04092526 0.97562075
14 8 47 762488 0.21986747 0.04344535 0.97546387
14 8 47 814817 0.22063684 0.04201007 0.97638893
14 8 47 862694 0.21978831 0.04407573 0.97733259
14 8 47 912089 0.22112489 0.04241538 0.97270465
14 8 47 965475 0.21875644 1.01578856 0.53506613
14 8 48 12614  0.00086117 -0.29671049 -0.57431507
14 8 48 63697 0.21832061 0.04225159 0.97793436
14 8 48 113060 0.21842241 0.04278922 0.97948909
14 8 48 166400 0.21840787 0.04428148 0.97715187
14 8 48 215952 0.22042704 0.04451346 0.97476101
14 8 48 263691 0.21990013 0.04374218 0.97701287
14 8 48 313649 0.22226954 0.04247212 0.97796535
14 8 48 366303 0.22109222 0.04046082 0.97622752
14 8 48 414854 0.22139502 0.04230428 0.97584867
14 8 48 465376 0.22107387 0.04159212 0.97564745
14 8 48 511661 0.21924591 0.04364514 0.97709751
14 8 48 563628 0.22080731 0.0391531  0.97522354
14 8 48 616174 0.21926856 0.04009032 0.97492409
14 8 48 666549 0.22206306 0.04171991 0.97672892
14 8 48 715960 0.22280908 0.04039764 0.97556973
14 8 48 761752 0.22303224 0.0424571  0.97702122
14 8 48 820609 0.21999955 0.04273796 0.97596693
14 8 48 865588 0.2206068  0.03905964 0.97273827
14 8 48 914297 0.22074056 0.04375219 0.97743082
14 8 48 964164 0.22068763 0.04148889 0.97762394
14 8 49 11440 0.2182889  0.03818011 0.97707844
14 8 49 66628 0.22032022 0.0412612  0.97609568
14 8 49 115708 0.22223091 0.04298234 0.97447777
14 8 49 165353 0.21991873 0.04005098 0.97330523
14 8 49 215508 0.22015142 0.04231381 0.97851968
14 8 49 260839 0.22006083 0.03977442 0.9756546 
14 8 49 317608 0.21940064 0.03928494 0.97676635
14 8 49 366209 0.22216797 0.0414865  0.97533178
14 8 49 416958 0.2215631  0.03887153 0.97665477
14 8 49 462694 0.21786737 0.04097319 0.97431874
14 8 49 517458 0.2184639  0.0419662  0.97594285
14 8 49 567431 0.21861911 0.04112506 0.97527575
14 8 49 617728 0.22036338 0.0418272  0.97519422
14 8 49 665627 0.22117424 0.04292059 0.97754383
14 8 49 714381 0.22073054 0.04278827 0.97772026
14 8 49 764734 0.22251821 0.04295301 0.9762764 
14 8 49 816931 0.22277594 0.045542   0.97438192
14 8 49 866805 0.21863246 0.04120374 0.97639394
14 8 49 915571 0.2179811  0.0397346  0.97732544
14 8 49 966767 0.21907258 0.0417614  0.97835112
14 8 50 16146 0.22171497 0.04188824 0.97740531
14 8 50 65891 0.21861219 0.04321194 0.977386  
14 8 50 117852 0.22042346 0.04071212 0.9753654 
14 8 50 163276 0.21855259 0.04092336 0.97717428
14 8 50 218767 0.22051978 0.04086351 0.974123  
14 8 50 264318 0.21893287 0.03985691 0.97272658
14 8 50 315801 0.22167659 0.04025674 0.97865558
14 8 50 363968 0.21980858 0.04051709 0.97590709
14 8 50 415553 0.22062969 0.04093671 0.97634697
14 8 50 467358 0.22095752 0.03965664 0.97617722
14 8 50 514423 0.22197247 0.04058504 0.97589254
14 8 50 565795 0.22323585 0.042238   0.97242188
14 8 50 615613 0.22163486 0.04526997 0.97533417
14 8 50 668038 0.22210741 0.0413909  0.97595978
14 8 50 717455 0.22153592 0.04039073 0.97596002
14 8 50 765093 0.22078919 0.04165578 0.97511411
14 8 50 816744 0.22142911 0.0385282  0.97142863
14 8 50 869058 0.22164106 0.03952932 0.9737606 
14 8 50 917300 0.22179675 0.04262614 0.9751544 
14 8 50 966557 0.22091174 0.04346395 0.97857523
14 8 51 14109 0.22106814 0.04161501 0.97699666
14 8 51 69779 0.21819139 0.0401125  0.97454238
14 8 51 121106 0.2201488  0.03829622 0.97774506
14 8 51 167493 0.22183585 0.04244876 0.97406435
14 8 51 217224 0.22175193 0.04256749 0.975456  
14 8 51 263730 0.21936798 0.04215813 0.97601914
14 8 51 319278 0.2212007  0.04219413 0.97649574
14 8 51 368057 0.21791649 0.04256868 0.97721744
14 8 51 418962 0.21900344 0.03996038 0.97684598
14 8 51 468266 0.22136331 0.04053497 0.97217894
14 8 51 515280 0.22371435 0.03965878 0.97475529
14 8 51 568559 0.22148466 0.04056072 0.97846198
14 8 51 619462 8.60691071e-04 6.87660694e-01 9.88188267e-01
14 8 51 666912 0.21986222 0.04042125 0.97633505
14 8 51 719112 0.22174931 0.04259872 0.97628903
14 8 51 763443 0.22090483 0.04396534 0.97595668
14 8 51 819358 0.21700764 0.03976846 0.97680044
14 8 51 867180 0.22074556 0.04300141 0.97741294
14 8 51 918221 0.21886921 0.0409987  0.97724438
14 8 51 969452 0.22154212 0.04049993 0.97257209
14 8 52 21003 0.22152877 0.04279375 0.97499371
14 8 52 68183 0.22191691 0.04198909 0.97692847
14 8 52 118753 0.22014284 0.04268765 0.98018122
14 8 52 167362 0.22289324 0.04566026 0.98121929
14 8 52 221769 0.2226665  0.04310632 0.97667933
14 8 52 269244 0.22100878 0.04058433 0.97715735
14 8 52 319016 0.21818829 0.03881264 0.97612858
14 8 52 367700 0.21914339 0.04254866 0.97615194
14 8 52 422538 0.21545124 0.04149961 0.97376704
14 8 52 470210 0.2194171  0.0392909  0.97732949
14 8 52 517761 0.22057819 0.04254103 0.97734451
14 8 52 568210 0.2195034  0.04128647 0.97699332
14 8 52 619693 0.22032547 0.03972626 0.97615576
14 8 52 670204 0.21775365 0.03953099 0.97787213
14 8 52 721119 0.2195127  0.04045582 0.97804904
14 8 52 767775 0.21873045 0.04308796 0.97767043
14 8 52 819916 0.219244   0.04307461 0.97536945
14 8 52 871206 0.22153044 0.04020762 0.97683835
14 8 52 923881 0.22006273 0.04188824 0.97653127
14 8 52 971517 0.22048783 0.04183674 0.97804809
14 8 53 17075 0.22566748 0.04512191 0.97446227
14 8 53 71843 0.22061038 0.04120374 0.97549438
14 8 53 123606 0.21449351 0.0360713  0.97862244
14 8 53 170904 0.21990538 0.04027128 0.98025751
14 8 53 220379 0.22612071 0.04647994 0.97373009
14 8 53 267143 0.22157073 0.03995562 0.97249055
14 8 53 323451 0.2229414  0.04302597 0.9714241 
14 8 53 371161 0.22073793 0.04325938 0.98088408
14 8 53 422081 0.22070026 0.04185748 0.97875524
14 8 53 469068 0.22172379 0.04234338 0.97005653
14 8 53 517573 0.2210381  0.04106474 0.96765733
14 8 53 572329 0.21751618 0.04117513 0.98054743
14 8 53 622353 0.21959615 0.04302907 0.9831109 
14 8 53 671435 0.22286248 0.04037285 0.97990656
14 8 53 719673 0.22177196 0.041991   0.97157049
14 8 53 766420 0.22174215 0.04140139 0.96849251
14 8 53 823480 0.22207546 0.04291153 0.97243476
14 8 53 870793 0.21898413 0.042171   0.97760558
14 8 53 920117 0.21870565 0.04344916 0.97995925
14 8 53 969606 0.21835327 0.03994608 0.97857094
14 8 54 22806 0.2212739  0.04056168 0.97310424
14 8 54 72090 0.22317719 0.04198384 0.97649312
14 8 54 122203 0.22011113 0.042871   0.97744942
14 8 54 169951 0.22288895 0.04142261 0.97732854
14 8 54 223677 0.22306895 0.04245043 0.97396898
14 8 54 269843 0.2167809  0.04171443 0.97165251
14 8 54 323008 0.22161579 0.0403347  0.97471499
14 8 54 370537 0.21999264 0.04475832 0.98410463
14 8 54 422236 0.21675158 0.04135251 0.97752404
14 8 54 473089 0.22002721 0.03782177 0.97446585
14 8 54 521765 0.21773911 0.04352713 0.97398758
14 8 54 571613 0.21956944 0.03974056 0.9740665 
14 8 54 622375 0.22167611 0.04359245 0.97560954
14 8 54 669919 0.21915627 0.03933764 0.97801661
14 8 54 723098 0.22216797 0.03845596 0.98012996
14 8 54 769527 0.21799445 0.04145932 0.9811554 
14 8 54 822134 0.22538543 0.04307747 0.96885538
14 8 54 870358 0.21763921 0.04010248 0.9700346 
14 8 54 926271 0.2199297  0.03709459 0.97795177
14 8 54 972838 0.22197652 0.04567385 0.98112273
14 8 55 19718 0.21879411 0.04339314 0.97379923
14 8 55 70582 0.22269583 0.04344797 0.97218323
14 8 55 120174 0.22099924 0.04401636 0.97108579
14 8 55 173035 0.22131276 0.04362798 0.97941256
14 8 55 223531 0.21567369 0.03128171 1.8007021 
14 8 55 270876 8.58068466e-04 1.50016284e+00 1.44438982e-01
14 8 55 325112 0.22242522 0.03962827 0.96743536
14 8 55 374510 0.22002482 0.0376215  0.97506714
14 8 55 424080 0.2215209  0.04190922 0.97617579
14 8 55 472705 0.221596   0.04289484 0.97229195
14 8 55 519879 0.22303796 0.04525352 0.97501016
14 8 55 575498 0.22113729 0.04093003 0.97690392
14 8 55 624306 0.22417641 0.04077315 0.9788506 
14 8 55 673027 0.21909618 0.04269981 0.97846723
14 8 55 722666 0.21945858 0.04531646 0.97790551
14 8 55 774957 0.21963096 0.04382658 0.97717881
14 8 55 824048 0.22245216 0.04363799 0.97651172
14 8 55 874394 0.21820354 0.04166222 0.97955704
14 8 55 924344 0.21885967 0.04315162 0.98237109
14 8 55 972641 0.21868229 0.04197431 0.97931194
14 8 56 23854 0.22039795 0.04258704 0.97789884
14 8 56 75651 0.21973467 0.04200649 0.97760177
14 8 56 123286 0.21662951 0.04037261 0.97360897
14 8 56 173079 0.21844721 0.04308057 0.97361636
14 8 56 221664 0.21805716 0.04261065 0.97332144
14 8 56 274928 0.22040677 0.04300714 0.98012757
14 8 56 324493 0.22014046 0.04063702 0.97882199
14 8 56 375186 0.22076082 0.04463077 0.98044181
14 8 56 422947 0.22001982 0.04182696 0.97634125
14 8 56 475886 0.22225046 0.0411942  0.97519588
14 8 56 522849 0.22304726 0.04054689 0.9743278 
14 8 56 574436 0.22103786 0.03881931 0.97682047
14 8 56 624849 0.22095966 0.04136944 0.97635603
14 8 56 677929 0.22105837 0.04240775 0.9792068 
14 8 56 726602 0.22410846 0.04219747 0.97569036
14 8 56 774830 0.22027206 0.04384851 0.97588634
14 8 56 823287 0.2206986  0.0407989  0.97565889
14 8 56 877730 0.22011185 0.04078031 0.97538733
14 8 56 926509 0.22119403 0.04062057 0.97694349
14 8 56 975322 0.22148967 0.04090357 0.97472119
14 8 57 24059 0.21947026 0.04445148 0.9730823 
14 8 57 74168 0.22177458 0.04353833 0.97648549
14 8 57 127724 0.22057676 0.04276681 0.97687936
14 8 57 174606 0.22080302 0.04233027 0.98004723
14 8 57 227234 0.22096515 0.04094982 0.98120761
14 8 57 272112 0.22013497 0.04051423 0.97778416
14 8 57 323178 0.22069311 0.039536   0.97678423
14 8 57 376538 0.2177515  0.04233718 0.97525859
14 8 57 426537 0.22000885 0.04371858 0.97496748
14 8 57 475287 0.21908474 0.04176116 0.97938466
14 8 57 522338 0.22063184 0.04116201 0.97857976
14 8 57 574075 0.22088361 0.04452205 0.97874832
14 8 57 627649 0.22120023 0.03985    0.97634149
14 8 57 675279 0.21640491 0.04291868 0.97538567
14 8 57 725377 0.21654081 0.04148364 0.97901011
14 8 57 777276 0.21907997 0.04263401 0.97752714
14 8 57 827315 0.22339416 0.04065275 0.97523475
14 8 57 876133 0.22290874 0.04064035 0.97475314
14 8 57 926028 0.22467661 0.03969526 0.97311378
14 8 57 976172 0.2205534  0.04130173 0.97753477
14 8 58 26731 0.22075701 0.04185271 0.97571516
14 8 58 77695 0.22294593 0.0407846  0.9740653 
14 8 58 125801 0.2139225  0.04230618 0.97716618
14 8 58 174824 0.22453523 0.04386377 0.97369885
14 8 58 226867 0.22486019 0.0456214  0.97716546
14 8 58 277224 0.21648312 0.04130697 0.98091722
14 8 58 327240 0.21496439 0.03913975 0.98126221
14 8 58 378279 0.21737409 0.04119658 0.98062539
14 8 58 425819 0.21918273 0.04628015 0.9775033 
14 8 58 475309 0.23989511 0.04626846 0.95424986
14 8 58 527263 0.22557735 0.03961968 0.95509458
14 8 58 575562 0.21384597 0.03813553 0.98456311
14 8 58 626536 0.2291646  0.04110265 1.00000906
14 8 58 673749 0.2231586  0.03961158 0.98857403
14 8 58 723980 0.22383142 0.04297304 0.96475339
14 8 58 778063 0.22670436 0.04076266 0.95744324
14 8 58 825889 0.2190094  0.04103684 0.97119474
14 8 58 876200  0.2031827   0.34391594 -0.74613619
14 8 58 927085  8.53300095e-04 -1.54707432e-02 -8.55532169e-01
14 8 58 976110 0.21773839 0.04064846 0.97027397
14 8 59 26348 0.2210772  0.03846073 0.98386312
14 8 59 75503 0.2184751  0.03944564 0.96702433
14 8 59 126823 0.21666026 0.03884363 0.96603179
14 8 59 178621 0.22256851 0.04586458 0.97167349
14 8 59 226874 0.2228384  0.04614353 0.97695899
14 8 59 276209 0.21870184 0.04262972 0.97312021
14 8 59 325414 0.21234155 0.04158807 0.97437048
14 8 59 374174 0.21248817 0.03969979 0.9700563 
14 8 59 427373 0.2149992  0.03747869 0.97416329
14 8 59 477365 0.22427773 0.0435009  0.97332644
14 8 59 527841 0.22060919 0.04511142 0.97457528
14 8 59 576659 0.21365786 0.04341006 0.97918367
14 8 59 629450 0.20467401 0.04111981 0.99168849
14 8 59 676423 0.21101236 0.04097581 1.00044894
14 8 59 727848 0.2042923  0.03994036 0.98649979
14 8 59 774724 0.21973777 0.04389548 0.96598887
14 8 59 830730 0.21708035 0.04472518 0.97024226
14 8 59 880310 0.20844316 0.04517913 0.98949695
14 8 59 928566 0.20444942 0.03833961 0.99723554
14 8 59 977281 0.20431876 0.03728008 0.98794508
14 9 0 31682 0.20580554 0.03279495 0.97720385
14 9 0 79551 0.21017551 0.03856754 0.97877908
14 9 0 130424 0.20726824 0.03679848 0.98935723
14 9 0 175874 0.20837712 0.03645778 0.98777652
14 9 0 226509 0.21359277 0.04041243 0.98294687
14 9 0 280450 0.21250486 0.03910708 0.971246  
14 9 0 331367 0.21273685 0.03799844 0.96999931
14 9 0 377567 0.21547413 0.04165483 0.97095537
14 9 0 426223 0.21947646 0.04598713 0.97202206
14 9 0 476772 0.21204877 0.04084134 0.97890258
14 9 0 531472 0.21045709 0.03828812 0.98443103
14 9 0 580548 0.21225119 0.03964686 0.98752785
14 9 0 629981 0.21568656 0.04122663 0.97812629
14 9 0 676572 0.21982908 0.04370165 0.96644163
14 9 0 732535 0.22096801 0.04659915 0.96633983
14 9 0 778598 0.2256074  0.04363441 0.96537328
14 9 0 828384 0.21383715 0.04362345 0.9659605 
14 9 0 876445 0.20531106 0.04060268 0.976933  
14 9 0 926665 0.21283984 0.03832817 0.99633884
14 9 0 979082 0.21765327 0.04246616 1.00382757
14 9 1 28776 0.20589805 0.04096603 1.00050211
14 9 1 78506 0.20977068 0.04055429 0.97334194
14 9 1 131194 0.22351384 0.04421973 0.96620393
14 9 1 179840 0.21166921 0.04585791 0.96927333
14 9 1 231012 0.20859003 0.04476643 0.97508883
14 9 1 280503 0.20849252 0.04117823 0.97290492
14 9 1 329085 0.21436858 0.03937817 0.96837974
14 9 1 381804 0.21793461 0.03835678 0.96572351
14 9 1 430305 0.21487188 0.03784442 0.97594142
14 9 1 480506 0.20103931 0.03475976 0.98634696
14 9 1 530730 0.2044704  0.0337081  0.98915005
14 9 1 583360 0.21684957 0.04178548 0.98188734
14 9 1 633437 0.21420765 0.03973961 0.97050977
14 9 1 682073 0.21084023 0.03904986 0.96408582
14 9 1 731628 0.20473742 0.04288578 0.97974396
14 9 1 780385 0.20048428 0.04142928 0.99854755
14 9 1 833727 0.20433807 0.0432539  0.99809885
14 9 1 882426 0.20836711 0.043751   0.98613977
14 9 1 931575 0.20512581 0.04495668 0.98018217
14 9 1 979833 0.20870399 0.04410887 0.97713327
14 9 2 29867 0.21151257 0.04694819 0.97842169
