14 36 36 821508  0.01673126 -0.30998039  0.95185471
14 36 36 864811  0.01713943 -0.30787086  0.95330811
14 36 36 880547  0.00855827 -0.29930115  0.95307541
14 36 36 917469  0.01661301 -0.30907822  0.95392036
14 36 36 941862  0.01540947 -0.30251694  0.95180702
14 36 36 954745  0.01583481 -0.30476189  0.95452499
14 36 36 958520  0.01589775 -0.30343628  0.95162964
14 36 37 1605  0.00951195 -0.3031826   0.94966316
14 36 37 4338  0.01415634 -0.30614471  0.95123291
14 36 37 62879  0.01928902 -0.30632782  0.95143127
14 36 37 66243  0.01427269 -0.30683136  0.9468174 
14 36 37 108501  0.01717567 -0.30502129  0.95052338
14 36 37 121979  0.01385689 -0.30396461  0.95083237
14 36 37 160018  0.01551056 -0.30794144  0.9540863 
14 36 37 163941  0.01357269 -0.3056488   0.95167351
14 36 37 205470  0.01320076 -0.30664253  0.94965363
14 36 37 208684  0.01291466 -0.30834007  0.94793129
14 36 39 715717  0.01702309 -0.30606651  0.945961  
14 36 39 764600  0.00974655 -0.30978966  0.94650078
14 36 39 816817  0.01447868 -0.30584526  0.95193291
14 36 39 856817  0.01225281 -0.30692863  0.94746971
14 36 39 906227  0.01493263 -0.31074333  0.95038795
14 36 39 954560  0.01548386 -0.30430412  0.95034218
14 36 40 8180  0.01532936 -0.30578423  0.94606209
14 36 40 57554  0.016716   -0.30517387  0.94953728
14 36 40 106481  0.01391029 -0.30755806  0.94722176
14 36 40 164908  0.01341248 -0.30433083  0.94857025
14 36 40 215215  0.00889969 -0.30594826  0.9492588 
14 36 40 265177  0.01172256 -0.30615234  0.95020676
14 36 40 319732  0.01523018 -0.30422592  0.94917297
14 36 40 364119  0.01291656 -0.30758667  0.94693756
14 36 40 415710  0.01412964 -0.30357552  0.94763565
14 36 40 461944  0.01631927 -0.30362701  0.94954491
14 36 40 508104  0.01212883 -0.3021431   0.94871521
14 36 40 556876  0.01677322 -0.30262375  0.95111465
14 36 40 607063  0.01443481 -0.30796623  0.95219231
14 36 40 655363  0.01257706 -0.30837822  0.94919968
14 36 40 704889  0.01800919 -0.30857849  0.94694519
14 36 40 757454  0.01151848 -0.30623055  0.9516983 
14 36 40 820009  0.01593781 -0.30962944  0.95688438
14 36 40 865775  0.01705551 -0.30558777  0.95493317
14 36 40 909963  0.01191902 -0.3057785   0.95069504
14 36 40 958236  0.00991631 -0.30779076  0.95031548
14 36 41 8059  0.0137291  -0.30751419  0.95462418
14 36 41 56596  0.0148201  -0.30828857  0.94893456
14 36 41 110530  0.01511192 -0.30597687  0.94814682
14 36 41 159209  0.0136528  -0.31035995  0.94909668
14 36 41 208827  0.01586342 -0.30502129  0.94611168
14 36 41 257187  0.01324272 -0.30613899  0.94841194
14 36 41 307485  0.01503372 -0.30932045  0.95147514
14 36 41 359668  0.0166893  -0.30536842  0.95007706
14 36 41 420289  0.01543999 -0.30655098  0.95024681
14 36 41 465882  0.01481247 -0.31024933  0.94884872
14 36 41 507484  0.01612473 -0.3077507   0.95034599
14 36 41 556362  0.01332092 -0.30581284  0.94597244
14 36 41 610786  0.01381111 -0.30714607  0.94706726
14 36 41 658836  0.01187897 -0.30581093  0.95427132
14 36 41 720073  0.01205826 -0.30622482  0.94975471
14 36 41 756963  0.01257896 -0.30792809  0.95381737
14 36 41 806843  0.01649284 -0.30410004  0.95119095
14 36 41 859421  0.01675606 -0.30889511  0.9480896 
14 36 41 910258  0.01839066 -0.30382919  0.94719315
14 36 41 957634  0.0141716  -0.30418205  0.94899559
14 36 42 11279  0.01729012 -0.30353165  0.94956207
14 36 42 60100  0.01066399 -0.31018639  0.95355415
14 36 42 110227  0.01338387 -0.30661774  0.95207596
14 36 42 158148  0.01381683 -0.31019592  0.95051956
14 36 42 208060  0.01419258 -0.30613327  0.95520592
14 36 42 260579  0.01447105 -0.3076973   0.94747353
14 36 42 310444  0.01568985 -0.30956268  0.95119858
14 36 42 359881  0.01355934 -0.30571938  0.95286942
14 36 42 418732 5.72204590e-05 1.52487984e+01 1.38786964e+01
14 36 42 468715  0.01379967 -0.3055706   0.95092773
14 36 42 520336  0.01496506 -0.30722237  0.95041084
14 36 42 567291  0.0157795  -0.31105995  0.95039368
14 36 42 620918  0.00916672 -0.30297089  0.94976807
14 36 42 665858  0.01416206 -0.30562973  0.94795418
14 36 42 720359  0.01545143 -0.30771637  0.94896698
14 36 42 768004  0.01403046 -0.31027603  0.94714737
14 36 42 810134  0.01713181 -0.30554199  0.95020866
14 36 42 858072  0.01556396 -0.30532837  0.94960403
14 36 42 912704  0.01441765 -0.30890656  0.94916534
14 36 42 961225  0.01246834 -0.30697441  0.9515686 
14 36 43 10648  0.01176453 -0.30774307  0.94969559
14 36 43 59570  0.01378822 -0.31327629  0.94903946
14 36 43 109905  0.01600838 -0.30212212  0.95127487
14 36 43 161751  0.01712418 -0.30913162  0.95208931
14 36 43 211766  0.01650047 -0.30747986  0.94957733
14 36 43 260127  0.01463127 -0.30799866  0.9489975 
14 36 43 310134  0.01638985 -0.30788612  0.95096207
14 36 43 362505  0.01516533 -0.30192566  0.94967842
14 36 43 412934  0.01438713 -0.30495262  0.94994354
14 36 43 461018  0.01241112 -0.30586624  0.95252609
14 36 43 510417  0.01485443 -0.30277252  0.95018196
14 36 43 559276  0.0133419  -0.30655289  0.95354271
14 36 43 613193  0.01351738 -0.30073547  0.94898224
14 36 43 661659  0.01566696 -0.30233192  0.94880295
14 36 43 711145  0.01624107 -0.30705261  0.95034981
14 36 43 759737  0.0162468  -0.30857658  0.9492588 
14 36 43 812992  0.0108223  -0.30851746  0.94969559
14 36 43 869947  0.01587296 -0.30681229  0.9445858 
14 36 43 928084  0.01426506 -0.30698967  0.9497242 
14 36 43 968462  0.01491737 -0.30362511  0.95125389
14 36 44 23828  0.01449776 -0.30898666  0.9500618 
14 36 44 70175  0.01223183 -0.31289482  0.95581436
14 36 44 123913  0.01208115 -0.30692673  0.95145035
14 36 44 169309  0.0146637  -0.30562782  0.94922256
14 36 44 222691  0.01255608 -0.30818558  0.94972229
14 36 44 271426  0.01339722 -0.30628014  0.95357323
14 36 44 327451  0.01315498 -0.30618858  0.95238495
14 36 44 369504  0.0150547  -0.30767059  0.94851303
14 36 44 423640  0.01729774 -0.31236076  0.95370865
14 36 44 471491  0.01603889 -0.30443001  0.9472847 
14 36 44 524881  0.01303864 -0.30815506  0.94917297
14 36 44 569828  0.01590919 -0.30564499  0.95036888
14 36 44 612647  0.01107407 -0.3064537   0.95504761
14 36 44 664948  0.01171875 -0.30351257  0.94995689
14 36 44 715310  0.01514053 -0.30255127  0.94828606
14 36 44 763109  0.01517296 -0.30561447  0.95082664
14 36 44 812911  0.01376724 -0.30472946  0.94567108
14 36 44 861468  0.0149765  -0.30491257  0.94929886
14 36 44 915435  0.01279831 -0.30619812  0.95176697
14 36 44 964022  0.01405907 -0.30463028  0.94838333
14 36 45 25673  0.01493263 -0.30687332  0.94890785
14 36 45 69784  0.01540947 -0.30349541  0.95474815
14 36 45 123125  0.0122776  -0.30474281  0.94857979
14 36 45 164829  0.01601219 -0.3020649   0.95019341
14 36 45 214140  0.01610756 -0.30235291  0.95017624
14 36 45 263118  0.01775551 -0.30497169  0.95068741
14 36 45 312833  0.01637459 -0.30503464  0.94633865
14 36 45 361196  0.01360512 -0.3030529   0.95293999
14 36 45 414746  0.01243782 -0.30495644  0.95172501
14 36 45 463750  0.01669884 -0.30451393  0.95451736
14 36 45 513996  0.01206779 -0.30772972  0.94867516
14 36 45 562133  0.01408005 -0.31027794  0.94908524
14 36 45 622578  0.01322365 -0.30459785  0.94944   
14 36 45 672953  0.01222992 -0.30792427  0.94981766
14 36 45 730518  0.01486015 -0.30775261  0.9511013 
14 36 45 762575  0.01567078 -0.30567169  0.95319748
14 36 45 816977  0.01515961 -0.30535507  0.95041656
14 36 45 865132  0.01724243 -0.30340004  0.95319748
14 36 45 922214  0.01777458 -0.30821991  0.95027161
14 36 45 963402  0.01355171 -0.30605507  0.94925308
14 36 46 12823  0.01283646 -0.3083992   0.95231056
14 36 46 65699  0.01473808 -0.30831718  0.94727325
14 36 46 116217  0.01383591 -0.31122398  0.9468708 
14 36 46 164774  4.95910645e-05 -2.37620354e+00  3.25369072e+00
14 36 46 213702  0.01387215 -0.3067112   0.94756126
14 36 46 262784  0.01703835 -0.30464554  0.9535675 
14 36 46 316266  0.01527977 -0.30665588  0.95277023
14 36 46 364754  0.01340866 -0.30604744  0.95417786
14 36 46 414528  0.01329613 -0.30737686  0.95212936
14 36 46 462726  0.0159893  -0.30345726  0.95174026
14 36 46 515214  0.01354027 -0.30728531  0.95128822
14 36 46 565511  0.01201248 -0.31174088  0.94760132
14 36 46 615373  0.01628494 -0.31040192  0.94849586
14 36 46 663720  0.01465988 -0.30830193  0.95302963
14 36 46 717055  0.01494598 -0.30567551  0.94579887
14 36 46 766189  0.01390457 -0.30411911  0.95325661
14 36 46 815797  0.01189041 -0.30496979  0.94878769
14 36 46 864513  0.01426506 -0.30405807  0.94782448
14 36 46 918306  0.01455498 -0.30672455  0.94918823
14 36 46 966908  0.01661682 -0.30286789  0.95127106
14 36 47 16657  0.01028442 -0.30570412  0.95147514
14 36 47 65542  0.0151825  -0.31114006  0.94649124
14 36 47 115457  0.01119232 -0.30658913  0.95236397
14 36 47 167399  0.01545334 -0.30859947  0.95020676
14 36 47 218061  0.01484108 -0.31012344  0.95088005
14 36 47 265779  0.01310349 -0.30581284  0.95256996
14 36 47 316142  0.0141983  -0.31092262  0.94866943
14 36 47 364245  0.01152039 -0.30834007  0.95193863
14 36 47 418258  0.01237679 -0.30509758  0.94783211
14 36 47 467095  0.01793861 -0.30583763  0.95273399
14 36 47 516746  0.01480293 -0.30537415  0.95289803
14 36 47 564755  0.01593399 -0.30514908  0.94755554
14 36 47 614661  0.01480293 -0.30868912  0.94794846
14 36 47 667222  0.01393509 -0.29901886  0.94869423
14 36 47 717127  0.01439285 -0.30519295  0.95245361
14 36 47 766136  0.01457787 -0.30583382  0.94787407
14 36 47 818769  0.01489258 -0.29928207  0.94912529
14 36 47 868000  0.01574516 -0.30618668  0.95112991
14 36 47 917859  0.01568031 -0.308815    0.95337296
14 36 47 966098  0.01596642 -0.30638123  0.94731712
14 36 48 15521  0.01693344 -0.30718613  0.95233917
14 36 48 69001  0.01091003 -0.30785942  0.94986153
14 36 48 117955  0.01310921 -0.30766296  0.94828796
14 36 48 166590  0.01634979 -0.30883598  0.95460701
14 36 48 216171  0.01281548 -0.30875587  0.94852829
14 36 48 269271  0.01541901 -0.30281258  0.95271301
14 36 48 318869  0.01272392 -0.30859756  0.95591545
14 36 48 367400  0.01691246 -0.30799866  0.95320511
14 36 48 417169  0.01466942 -0.30784035  0.95185852
14 36 48 466302  0.01181984 -0.30591202  0.94929314
14 36 48 519694  0.01627541 -0.30616188  0.94774246
14 36 48 568488  0.01132202 -0.30648232  0.95345879
14 36 48 617820  0.0157032  -0.3055687   0.94836617
14 36 48 666558  0.01590729 -0.30402374  0.95113373
14 36 48 720200  0.01568985 -0.30640984  0.95173645
14 36 48 768779  0.0155983  -0.30679893  0.94674683
14 36 48 834292  0.01658058 -0.30990601  0.94603157
14 36 48 877195  0.01903534 -0.3098526   0.95121956
14 36 48 921056  0.01131821 -0.31098366  0.94789124
14 36 48 969422  0.01538467 -0.30810928  0.94780159
14 36 49 19092  0.01798439 -0.30696487  0.9526329 
14 36 49 67861  0.01357651 -0.30661964  0.94979668
14 36 49 117069  0.01298904 -0.30552483  0.94892502
14 36 49 170346  0.01495934 -0.30610847  0.95125008
14 36 49 219647  0.01483345 -0.3079319   0.94919205
14 36 49 268581  0.01263237 -0.30302811  0.94850159
14 36 49 318343  0.01626587 -0.30698967  0.94979286
14 36 49 366806  0.01288795 -0.30583954  0.95066261
14 36 49 431434  0.01498985 -0.30894661  0.94762039
14 36 49 477702  0.01415062 -0.30269241  0.95520973
14 36 49 532455  0.01297951 -0.30556679  0.95321846
14 36 49 575457  0.01461601 -0.30712891  0.9480114 
14 36 49 617453  0.01597595 -0.30766296  0.94984627
14 36 49 669980  0.01459694 -0.30309868  0.94862747
14 36 49 719709  0.01483536 -0.3078022   0.95234108
14 36 49 768195  0.01556587 -0.30313683  0.94944763
14 36 49 832612  0.01631927 -0.31064987  0.94898224
14 36 49 884165  0.01711273 -0.30554581  0.95440483
14 36 49 920763  0.01423073 -0.30978775  0.9512291 
14 36 49 968855  0.01622581 -0.30894279  0.95240402
14 36 50 18416  4.57763672e-05 -8.50119781e+00  1.35037098e+01
14 36 50 71260  0.01393318 -0.3026638   0.94711113
14 36 50 120906  0.01062393 -0.30950546  0.95162392
14 36 50 169868  0.01389694 -0.30848122  0.94824409
14 36 50 219974  0.01570702 -0.30389404  0.95184517
14 36 50 267723  0.0170536  -0.30299377  0.95425797
14 36 50 332328  0.01216698 -0.30316544  0.95036125
14 36 50 370697  0.01706696 -0.30520821  0.95291138
14 36 50 420133  0.01813889 -0.30192375  0.95079422
14 36 50 468774  0.0127449  -0.31196022  0.94889832
14 36 50 518047  0.01221657 -0.30647469  0.94519043
14 36 50 571021  0.01432228 -0.31236839  0.95259666
14 36 50 620499  0.0124855  -0.30607224  0.94816017
14 36 50 669442  0.01727867 -0.30726814  0.94988632
14 36 50 720263  0.0169735  -0.30579758  0.94848061
14 36 50 771817  0.01524544 -0.30387306  0.95171165
14 36 50 821401  0.01414871 -0.30297089  0.94905472
14 36 50 869903  0.01593208 -0.30498695  0.94618607
14 36 50 929628  0.01198959 -0.30248451  0.95129776
14 36 50 976169  0.01331139 -0.31168556  0.94961357
14 36 51 33597  0.0145874  -0.30421448  0.95163727
14 36 51 78441  0.01516533 -0.30944633  0.95262527
14 36 51 120431  0.01736641 -0.31083107  0.95005035
14 36 51 169191  0.0117588  -0.30565643  0.95169258
14 36 51 223169  0.01757812 -0.30056763  0.94725037
14 36 51 271357  0.01345634 -0.30672264  0.95137405
14 36 51 322121  0.01519966 -0.30593872  0.9528923 
14 36 51 384404  0.0173378  -0.30655098  0.94800758
14 36 51 423428  0.01317596 -0.30456352  0.95022202
14 36 51 472386  0.0149498  -0.30111313  0.95338821
14 36 51 521809  0.01350212 -0.30551338  0.95050812
14 36 51 570267  0.01474953 -0.30338097  0.94973564
14 36 51 624775  0.01464844 -0.30594826  0.95163536
14 36 51 681212  0.01289558 -0.30533409  0.95288658
14 36 51 732155  0.01221466 -0.30266762  0.94947052
14 36 51 779910  0.01535034 -0.30447388  0.95280075
14 36 51 829592  0.01348495 -0.30890846  0.95379829
14 36 51 873859  0.01607132 -0.3070488   0.95099449
14 36 51 923454  0.01388741 -0.30676079  0.94837189
14 36 51 972240  0.01546097 -0.30363846  0.95204735
14 36 52 31491  0.01552582 -0.30939674  0.94820023
14 36 52 78371  0.01068115 -0.30508232  0.95021439
14 36 52 133237  0.01342964 -0.30576706  0.95023537
14 36 52 180957  0.01652527 -0.30414009  0.94963074
14 36 52 222443  0.01138115 -0.30625343  0.94919205
14 36 52 270955  0.01738548 -0.30435753  0.95093918
14 36 52 320490  0.01302147 -0.30719566  0.94922638
14 36 52 373448  0.01798248 -0.30525589  0.94792747
14 36 52 422929  0.01312828 -0.30553246  0.94846153
14 36 52 471789  0.0153389  -0.30374336  0.94911194
14 36 52 525303  0.01345062 -0.30749893  0.94527054
14 36 52 574273  0.01683044 -0.30305481  0.95074272
14 36 52 623930  0.01754951 -0.30449486  0.94785309
14 36 52 672272  0.01459694 -0.3063221   0.95137787
14 36 52 725875  0.01594543 -0.30523109  0.95220947
14 36 52 774922  0.01424599 -0.3091526   0.95192528
14 36 52 824034  0.01538086 -0.31038475  0.95192146
14 36 52 873249  0.00742531 -0.30661201  0.94787598
14 36 52 922774  0.01475143 -0.30523491  0.95149994
14 36 52 975243  0.01720238 -0.30219841  0.94848442
14 36 53 25120  0.01316833 -0.30685425  0.94854927
14 36 53 73745  0.01334572 -0.30714607  0.94850159
14 36 53 123117  0.01636696 -0.30514908  0.95120811
14 36 53 172105  0.01590729 -0.3040905   0.94961739
14 36 53 225706  0.01555252 -0.30108833  0.95367813
14 36 53 274613  0.01674652 -0.30833817  0.95152283
14 36 53 324043  0.01403618 -0.30546951  0.94617271
14 36 53 372829  0.01739311 -0.30443954  0.94628525
14 36 53 422444  0.0142746  -0.30345345  0.94729042
14 36 53 475211  0.01141548 -0.30623055  0.95056534
14 36 53 524895  0.01418114 -0.30802536  0.94813347
14 36 53 573108  0.01431656 -0.30878448  0.9471035 
14 36 53 626994  0.01695061 -0.30703545  0.94623375
14 36 53 675931  0.01439476 -0.30686569  0.95121956
14 36 53 725028  4.38690186e-05  2.37381363e+00 -6.21284485e-01
14 36 53 774387  0.01857567 -0.30201721  0.95568848
14 36 53 824056  0.01457214 -0.30661201  0.95309067
14 36 53 875953  0.01527405 -0.30990028  0.95119667
14 36 53 926378  0.01790428 -0.30719948  0.94419098
14 36 53 974791  0.01553917 -0.30617142  0.95339966
14 36 54 24426  0.01413345 -0.30347824  0.94973183
14 36 54 73280  0.01454544 -0.30343056  0.94893646
14 36 54 126621  0.01577187 -0.31067657  0.95133972
14 36 54 175452  0.01587296 -0.30584526  0.95318985
14 36 54 225324  0.01216316 -0.30520058  0.94337082
14 36 54 273921  0.01311493 -0.30631828  0.95120239
14 36 54 332508  0.01180458 -0.30239487  0.94816399
14 36 54 375765  0.01388168 -0.30944633  0.95141602
14 36 54 434918  0.01509857 -0.30482483  0.94562721
14 36 54 483381  0.01682663 -0.30641365  0.94953156
14 36 54 524373  0.01572227 -0.30520439  0.94774818
14 36 54 573033  0.00973511 -0.30431366  0.94802666
14 36 54 626562  0.01568413 -0.30677032  0.94571877
14 36 54 675335  0.01339531 -0.30849838  0.94941902
14 36 54 725034  0.0149231  -0.31103325  0.94795036
14 36 54 777391  0.01585579 -0.30451393  0.94553757
14 36 54 827343  0.01276398 -0.30925941  0.94618988
14 36 54 876161  0.01784134 -0.31031227  0.94997597
14 36 54 925067  0.01472282 -0.30999947  0.95380783
14 36 54 974325  0.01453209 -0.30510712  0.94801903
14 36 55 27822  0.01188278 -0.30494118  0.94849205
14 36 55 76734  0.01275063 -0.30392838  0.94953156
14 36 55 126387  0.0138092  -0.30912209  0.95115089
14 36 55 174532  0.0165844  -0.30286407  0.95099258
14 36 55 224141  0.01559448 -0.30461311  0.94844818
14 36 55 277302  0.01655006 -0.30340004  0.95331192
14 36 55 337718  0.01197243 -0.30196953  0.94695663
14 36 55 384052  0.01563454 -0.30735207  0.95225716
14 36 55 424743  0.01804924 -0.30677223  0.94909286
14 36 55 477876  0.0134201  -0.30665398  0.9496994 
14 36 55 527633  0.01873589 -0.30617905  0.95113754
14 36 55 576298  0.0183754  -0.30723     0.94948769
14 36 55 625886  0.01885414 -0.3048954   0.94845581
14 36 55 678872  0.01443672 -0.30553246  0.95023346
14 36 55 728304  0.01155472 -0.30997467  0.95158958
14 36 55 777009  0.01519203 -0.30594826  0.95198631
14 36 55 826100  0.01501083 -0.30523109  0.95027351
14 36 55 875178  0.01250458 -0.30821609  0.94962502
14 36 55 928974  0.01565933 -0.30681229  0.95331764
14 36 55 977514  0.01573753 -0.30633163  0.94685555
14 36 56 27326  0.0159893  -0.30745125  0.94875717
14 36 56 76005  0.00929451 -0.30551147  0.94800949
14 36 56 129418  0.01355743 -0.30894852  0.95177078
14 36 56 178398  0.01545715 -0.30657959  0.94769096
14 36 56 228199  0.01543045 -0.30645943  0.95341873
14 36 56 276228  0.01535988 -0.3046093   0.95038223
14 36 56 325830  0.01589203 -0.30553246  0.94864655
14 36 56 379015  0.01714897 -0.30430984  0.95070076
14 36 56 428788  0.01810837 -0.30526161  0.95197678
14 36 56 477805  0.01486206 -0.30403519  0.95060539
14 36 56 527026  0.01031113 -0.3090992   0.94992256
14 36 56 580476  0.01396561 -0.30661774  0.94333649
14 36 56 629324  0.01639175 -0.30422211  0.95043945
14 36 56 677974  0.01179123 -0.30664444  0.95313454
14 36 56 727661  0.01153564 -0.31012726  0.94602966
14 36 56 776330  0.01383781 -0.30292702  0.95218277
14 36 56 830157  0.01012993 -0.30667877  0.95106125
14 36 56 878881  0.01434708 -0.30600166  0.94709206
14 36 56 928387  0.016716   -0.30945206  0.95067024
14 36 56 977169  0.01478767 -0.30739403  0.95180511
14 36 57 30801  0.01358414 -0.30462265  0.9482193 
14 36 57 79475  0.01633453 -0.3063221   0.94938469
14 36 57 129246  0.01703262 -0.30796623  0.95330048
14 36 57 178020  0.01554871 -0.3087101   0.94871712
14 36 57 230919  0.01325607 -0.30465508  0.94782829
14 36 57 280184  0.01463127 -0.3091259   0.94941521
14 36 57 329857  0.01666451 -0.30866814  0.95153046
14 36 57 378019  0.01628876 -0.31213379  0.94668198
14 36 57 432139  0.01362038 -0.3049984   0.9481945 
14 36 57 481453  0.01742744 -0.30104065  0.94907188
14 36 57 530076  6.48498535e-05 -9.50119400e+00 -8.24628067e+00
14 36 57 588007  0.01715088 -0.30524635  0.94882393
14 36 57 638493  0.01538658 -0.30903625  0.94936943
14 36 57 689175  0.0144558  -0.30477142  0.94596291
14 36 57 731230  0.01270103 -0.30445862  0.94999695
14 36 57 779861  0.00928116 -0.30582619  0.951931  
14 36 57 829440  0.01602936 -0.30611038  0.9482193 
14 36 57 878165  0.02023315 -0.30411911  0.95258522
14 36 57 931369  0.01460266 -0.30804634  0.95265388
14 36 57 980579  0.01527023 -0.30952263  0.95034409
14 36 58 30251  0.01460648 -0.30756378  0.94841385
14 36 58 78701  0.01578331 -0.30621529  0.94431305
14 36 58 128507  0.01420021 -0.30406189  0.94934845
14 36 58 181199  0.0150795  -0.30872536  0.95111847
14 36 58 230906  0.01333046 -0.30781937  0.95006752
14 36 58 279614  0.01403618 -0.30832291  0.95209503
14 36 58 339597  0.01537704 -0.30413818  0.94709969
14 36 58 381781  0.01497841 -0.30508041  0.95093536
14 36 58 431469  0.01554108 -0.30992126  0.94802666
14 36 58 488112  0.01572227 -0.30609512  0.9480381 
14 36 58 539299  0.01672935 -0.30626678  0.94726181
14 36 58 582319  0.01498413 -0.3052597   0.94892693
14 36 58 632379  0.014925   -0.3054142   0.95114708
14 36 58 681136  0.01903343 -0.30417633  0.95195389
14 36 58 741929  0.01507187 -0.30674362  0.94959641
14 36 58 779490  0.01447296 -0.30646706  0.95254326
14 36 58 832714  0.01576424 -0.30598259  0.95240974
14 36 58 881650  0.0156002  -0.30612373  0.95233536
14 36 58 931237  0.01379776 -0.30658722  0.94654846
14 36 58 980012  0.0124321  -0.30689049  0.94913292
14 36 59 29486  0.01828766 -0.30605888  0.94766617
14 36 59 90990  0.01444054 -0.3082962   0.95040894
14 36 59 141847  0.01403999 -0.30537605  0.94917679
14 36 59 188304  0.01257133 -0.30490303  0.95290375
14 36 59 238588  0.01679039 -0.3092308   0.94783401
14 36 59 287943  0.01495552 -0.31131935  0.94494629
14 36 59 332737  0.01555443 -0.30316734  0.95362473
14 36 59 382058  0.01564407 -0.30316162  0.94873619
14 36 59 429959  0.01388931 -0.30981636  0.94783211
14 36 59 492607  0.01748085 -0.30742455  0.94935608
14 36 59 540228  0.01602173 -0.30326653  0.95023155
14 36 59 582532  0.01507187 -0.30376434  0.947052  
14 36 59 631057  0.01441574 -0.30388641  0.95196533
14 36 59 680883  0.01231956 -0.30351448  0.94946861
14 36 59 733054  0.01144409 -0.3043499   0.95210457
14 36 59 783177  0.01309395 -0.30316734  0.95114708
14 36 59 831676  0.01549721 -0.30959702  0.9512043 
14 36 59 889931  0.0136261  -0.308424    0.95121384
14 36 59 934356  0.01451683 -0.30351067  0.94607735
14 36 59 983370  0.01709938 -0.3054657   0.95199585
14 37 0 32488  0.01411438 -0.30792809  0.9489975 
14 37 0 82169  0.01542091 -0.30659676  0.95267677
14 37 0 130721  0.014328   -0.30846596  0.94797707
14 37 0 184297  0.01230049 -0.30569077  0.95130157
14 37 0 233322  0.01723289 -0.30899239  0.95077515
14 37 0 282811  0.01552773 -0.30919647  0.94956017
14 37 0 331324  0.01319885 -0.30422974  0.94742012
14 37 0 381410  0.01559258 -0.30539703  0.95034981
14 37 0 434226  0.01309776 -0.30483437  0.95152664
14 37 0 492681  0.01234055 -0.30639648  0.94970894
14 37 0 540766  0.01423645 -0.30774307  0.94969177
14 37 0 594847  0.01583481 -0.30649757  0.95182037
14 37 0 634306  0.01608849 -0.30803871  0.95207405
14 37 0 684031  0.01332283 -0.30497169  0.95162201
14 37 0 732882  0.01134682 -0.30561829  0.94529152
14 37 0 782961  0.0184269  -0.30664444  0.94994926
14 37 0 835189  0.01779938 -0.3060627   0.95034981
14 37 0 884961  0.01259041 -0.30936241  0.95223999
14 37 0 933367  0.01860809 -0.30641556  0.9486084 
14 37 0 983255  0.01150703 -0.30794525  0.94565582
14 37 1 45810  0.01384926 -0.304533    0.94857025
14 37 1 100451  0.01401329 -0.30521774  0.95097542
14 37 1 145181  0.01281357 -0.30716515  0.95292091
14 37 1 194132  0.01244354 -0.30612755  0.94979858
14 37 1 242389  0.01458168 -0.30841255  0.95153236
14 37 1 285826  0.01015854 -0.30311966  0.94893456
14 37 1 335286  0.01651192 -0.30720711  0.9536438 
14 37 1 384207  0.01547241 -0.30713272  0.94890022
14 37 1 440093  0.01273346 -0.30844688  0.95483971
14 37 1 499183  0.01459122 -0.30630302  0.95220184
14 37 1 535704  0.01330376 -0.30537224  0.95129013
14 37 1 585328  0.01473427 -0.30627823  0.94813919
14 37 1 649029  0.01780319 -0.30306435  0.95214844
14 37 1 697329  0.0138073  -0.31060982  0.94756889
14 37 1 743716  0.01256371 -0.30697632  0.95069122
14 37 1 785610  0.01574135 -0.30624771  0.95026016
14 37 1 834648  0.0148201  -0.30869293  0.94946289
14 37 1 884445  0.0149498  -0.30612564  0.95181084
14 37 1 936460  0.01789474 -0.30541992  0.95095444
14 37 1 986206  0.01553154 -0.30602074  0.95315361
14 37 2 35770  0.01512718 -0.30491257  0.95148468
14 37 2 84643  0.01716995 -0.30788612  0.94156265
14 37 2 134196  0.01341057 -0.30606651  0.94885445
14 37 2 187391  0.01339531 -0.30663681  0.95015907
14 37 2 235887  0.01462364 -0.30142021  0.94814491
14 37 2 286042  0.01310539 -0.30141068  0.95362091
14 37 2 333994  0.01631165 -0.30595207  0.94978714
14 37 2 387687  0.01439285 -0.29959869  0.94779396
14 37 2 437600  0.01298714 -0.30592918  0.95014381
14 37 2 486489  0.01470757 -0.30231285  0.95232201
14 37 2 534651  0.01422882 -0.30477905  0.95170784
14 37 2 594721  0.01206589 -0.30908203  0.95052147
14 37 2 637190  0.00910568 -0.30906487  0.9484539 
14 37 2 697582  0.01852798 -0.30494118  0.94639587
14 37 2 736501  0.01384926 -0.30412483  0.94787788
14 37 2 785933  0.01687431 -0.30817413  0.95366096
14 37 2 834151  0.01270294 -0.3045311   0.95274734
14 37 2 887419  0.01433754 -0.30789948  0.94854355
14 37 2 936112  0.01197433 -0.3074379   0.95223999
14 37 2 986312  0.0160408  -0.30594635  0.94883919
14 37 3 34923  0.01932907 -0.30494118  0.95352364
14 37 3 88604  0.01754761 -0.30758667  0.94722176
14 37 3 137324  0.01489449 -0.31005096  0.95082664
14 37 3 186385  0.01845932 -0.30556107  0.95014   
14 37 3 253125  0.0155735  -0.30662727  0.94826508
14 37 3 297156  0.01446342 -0.30783081  0.95389938
14 37 3 337151  0.01339722 -0.30600548  0.94967461
14 37 3 387350  0.01284027 -0.30926514  0.94440269
14 37 3 436228  0.01419449 -0.30776978  0.95086479
14 37 3 485461  0.01575279 -0.30857849  0.94888306
14 37 3 538685  0.00850296 -0.3019619   0.94938087
14 37 3 587523  0.013237   -0.30621147  0.94494629
14 37 3 636389  0.01448441 -0.30656433  0.94908333
14 37 3 686259  0.01428032 -0.30456734  0.95063591
14 37 3 735538  0.00903893 -0.30741119  0.94784355
