14 36 36 821508 -1.93119049e-04 -6.15119934e-05  2.52723694e-05
14 36 36 864811 -5.34534454e-04  1.24454498e-04 -2.14576721e-05
14 36 36 880547 -5.24044037e-04 -4.48226929e-05  1.17778778e-04
14 36 36 917469 -3.83853912e-04 -5.29289246e-05  3.11851501e-04
14 36 36 941862 1.25885010e-04 9.44137573e-05 4.20093536e-04
14 36 36 954745 0.00057268 0.00039196 0.00024843
14 36 36 958520  4.88281250e-04  1.04904175e-05 -1.97887421e-04
14 36 37 1605  3.13282013e-04 -3.41892242e-04 -5.62667847e-05
14 36 37 4338 -0.00028801  0.00014067  0.00015736
14 36 37 62879 -8.88824463e-04 -1.93595886e-04  4.05311584e-05
14 36 37 66243 -0.0007844  -0.00017452 -0.00046968
14 36 37 108501 -6.88552856e-04  5.24520874e-06  2.38418579e-04
14 36 37 121979 -5.55992126e-04  1.71661377e-05 -4.48226929e-05
14 36 37 160018 -0.00010681 -0.00018358 -0.00025225
14 36 37 163941  3.98159027e-04 -2.25067139e-04 -8.15391541e-05
14 36 37 205470 -0.00012589 -0.00053549 -0.00019264
14 36 37 208684  0.00029469 -0.00047922 -0.00013065
14 36 39 715717  1.47819519e-05  1.56879425e-04 -1.13487244e-04
14 36 39 764600 -0.00011396  0.00015116  0.0001545 
14 36 39 816817 -9.05990601e-05  2.13146210e-04 -2.80857086e-04
14 36 39 856817 0.00031233 0.00040388 0.00011683
14 36 39 906227 -4.14848328e-05  1.52111053e-04 -1.30176544e-04
14 36 39 954560 2.53677368e-04 4.93526459e-04 1.28746033e-05
14 36 40 8180  0.00043583 -0.00025892 -0.00042534
14 36 40 57554  5.96046448e-04 -4.80651855e-04 -7.62939453e-05
14 36 40 106481  5.45024872e-04 -1.24454498e-04  9.05990601e-06
14 36 40 164908  0.00056696 -0.0002799   0.00017643
14 36 40 215215 -3.95298004e-04 -4.72068787e-05  7.77244568e-05
14 36 40 265177 -2.16007233e-04 -2.90870667e-05 -4.83989716e-04
14 36 40 319732 -0.00018883 -0.00012112  0.00012589
14 36 40 364119  5.05447388e-05  2.68936157e-04 -1.23977661e-05
14 36 40 415710 0.00014877 0.00020504 0.00023127
14 36 40 461944  1.76429749e-05 -1.47819519e-05 -3.87668610e-04
14 36 40 508104 -0.0002923  -0.00058174 -0.00052929
14 36 40 556876 -0.00050354 -0.00033998 -0.00010967
14 36 40 607063 -1.62124634e-05 -4.08172607e-04 -2.60829926e-04
14 36 40 655363 -2.84194946e-04  1.85966492e-05  3.71932983e-05
14 36 40 704889 -0.00051832 -0.00027561  0.00015545
14 36 40 757454  4.10079956e-05 -3.29017639e-05 -1.20639801e-04
14 36 40 820009 -1.71184540e-04  5.53131104e-05 -1.22070312e-04
14 36 40 865775 -3.49044800e-04 -9.72747803e-05  1.25408173e-04
14 36 40 909963 -1.20162964e-04 -1.33514404e-04  2.81333923e-05
14 36 40 958236  0.00027847  0.00010061 -0.00031519
14 36 41 8059 -0.00010109 -0.00020695  0.00047064
14 36 41 56596  1.56879425e-04 -5.14984131e-05  3.24726105e-04
14 36 41 110530 -0.00010872 -0.0003953  -0.00018549
14 36 41 159209 -8.05854797e-05 -8.15391541e-05 -2.36034393e-04
14 36 41 208827 -1.13964081e-04 -1.68800354e-04 -7.05718994e-05
14 36 41 257187 -4.35352325e-04 -1.30653381e-04  2.33650208e-05
14 36 41 307485 -3.11374664e-04 -6.15119934e-05 -9.34600830e-05
14 36 41 359668  2.92301178e-04 -2.14099884e-04 -7.62939453e-05
14 36 41 420289 -1.85966492e-05 -2.05039978e-04  7.10487366e-05
14 36 41 465882  1.79767609e-04 -3.33786011e-05 -2.13623047e-04
14 36 41 507484  8.72612000e-05  1.07765198e-04 -3.77655029e-04
14 36 41 556362  8.24928284e-05 -1.33037567e-04  8.05854797e-05
14 36 41 610786  6.10828400e-04  2.16484070e-04 -9.87052917e-05
14 36 41 658836  0.00051785 -0.00014687  0.00018263
14 36 41 720073  7.96318054e-05 -1.72138214e-04 -1.62124634e-04
14 36 41 756963  1.69754028e-04 -7.24792480e-05 -8.05854797e-05
14 36 41 806843 -0.00058794 -0.00018215 -0.000175  
14 36 41 859421 -0.00011778 -0.0001111   0.00016928
14 36 41 910258 -7.53402710e-05 -6.81400299e-04 -2.65598297e-04
14 36 41 957634  3.33786011e-06 -4.23908234e-04  7.20024109e-05
14 36 42 11279 -1.21116638e-04  4.91142273e-05 -3.75270844e-04
14 36 42 60100 -5.00679016e-05  1.00135803e-04 -2.26020813e-04
14 36 42 110227 -0.00034618  0.00040674 -0.00014639
14 36 42 158148 -0.00033951 -0.00010204  0.00032902
14 36 42 208060 -0.00048161  0.00035906  0.00035238
14 36 42 260579 -6.50882721e-04  1.82151794e-04 -5.76972961e-05
14 36 42 310444 -2.00271606e-04  1.30653381e-04  1.09672546e-05
14 36 42 359881 -0.00055647 -0.00058794  0.00036907
14 36 42 418732 -1.39713287e-04  3.12490463e-02  4.37500477e-01
14 36 42 468715 -0.00026894  0.00011587 -0.00020552
14 36 42 520336 -4.86373901e-04 -2.47955322e-05 -7.86781311e-05
14 36 42 567291 -0.00071383 -0.00016403  0.0002141 
14 36 42 620918 -0.00047588 -0.00014257 -0.00017548
14 36 42 665858 -0.00053835 -0.00018501 -0.00038576
14 36 42 720359 -0.00020075 -0.00011301 -0.00056839
14 36 42 768004  0.00022936  0.00021458 -0.00034094
14 36 42 810134 -0.00036764  0.00020075  0.00030422
14 36 42 858072  8.77380371e-05 -4.76837158e-05 -3.51905823e-04
14 36 42 912704 -6.96659088e-04 -2.86102295e-05 -1.13487244e-04
14 36 42 961225 -2.46524811e-04 -2.62260437e-05  2.39849091e-04
14 36 43 10648 -4.76837158e-05  2.91824341e-04 -4.33921814e-05
14 36 43 59570 0.00030708 0.00013876 0.00023508
14 36 43 109905  0.00021124  0.00014448 -0.00020504
14 36 43 161751 -0.00030327  0.00011921 -0.00016594
14 36 43 211766 -1.40666962e-04 -1.74045563e-04  5.67436218e-05
14 36 43 260127 -2.33650208e-04 -7.43865967e-05 -1.42574310e-04
14 36 43 310134  0.00054455 -0.00014067  0.00017166
14 36 43 362505  0.00051117 -0.00047016  0.00022554
14 36 43 412934  0.00037146 -0.00011921 -0.00013828
14 36 43 461018 -3.90529633e-04 -2.53677368e-04  9.77516174e-05
14 36 43 510417 1.64985657e-04 1.06811523e-04 7.00950623e-05
14 36 43 559276 -0.00022316 -0.00014114  0.000103  
14 36 43 613193  3.56197357e-04 -8.10623169e-05  1.69277191e-04
14 36 43 661659  9.91821289e-05 -1.79290771e-04 -4.71115112e-04
14 36 43 711145 -4.17709351e-04 -3.09944153e-05 -1.27792358e-04
14 36 43 759737 -3.97682190e-04 -2.57492065e-05 -3.88145447e-04
14 36 43 812992 -0.00073242 -0.00046921 -0.00017643
14 36 43 869947  1.22547150e-04  3.48091125e-05 -2.58922577e-04
14 36 43 928084 -1.17301941e-04 -4.00543213e-05 -4.81605530e-04
14 36 43 968462 -1.43051147e-06  1.44958496e-04 -6.77108765e-05
14 36 44 23828 -0.00029755  0.00020838 -0.00014925
14 36 44 70175 -0.00044537  0.00016022 -0.00012493
14 36 44 123913 -0.00015259  0.00018644  0.0002737 
14 36 44 169309 -2.09808350e-04  5.38825989e-05  1.52587891e-05
14 36 44 222691  3.12328339e-04 -2.07901001e-04  3.29017639e-05
14 36 44 271426  7.91549683e-05 -7.72476196e-05  3.44276428e-04
14 36 44 327451 -5.38825989e-05  2.86102295e-06 -4.38690186e-05
14 36 44 369504 -1.29222870e-04 -3.42845917e-04  1.47819519e-05
14 36 44 423640  8.67843628e-05 -2.43186951e-04  3.32832336e-04
14 36 44 471491 -0.00014305 -0.00010586  0.00017357
14 36 44 524881  6.15119934e-05 -5.81741333e-05  2.01225281e-04
14 36 44 569828  0.00021076 -0.0003233   0.00016737
14 36 44 612647  0.0002532  -0.00022984  0.00029802
14 36 44 664948  0.00034761 -0.00020027 -0.00045681
14 36 44 715310  1.45435333e-04 -1.85012817e-04 -8.48770142e-05
14 36 44 763109 -4.10079956e-05 -1.14440918e-05 -4.35829163e-04
14 36 44 812911 -2.82287598e-04  3.82423401e-04 -1.19209290e-05
14 36 44 861468  5.81741333e-05  2.91824341e-04 -2.81810760e-04
14 36 44 915435 -4.22477722e-04  2.76565552e-05 -6.72340393e-04
14 36 44 964022  1.70707703e-04 -5.74111938e-04 -9.25064087e-05
14 36 45 25673  3.16619873e-04 -4.43458557e-05 -1.36852264e-04
14 36 45 69784 -0.00028038  0.00015259  0.00019979
14 36 45 123125 -0.00010777 -0.00025511 -0.00043249
14 36 45 164829  0.0001297  -0.0002594  -0.00019217
14 36 45 214140 -0.00034285 -0.00034809 -0.00018501
14 36 45 263118 -3.87191772e-04 -2.92301178e-04 -8.05854797e-05
14 36 45 312833 -3.80992889e-04  1.76429749e-05  4.84466553e-04
14 36 45 361196 -4.74929810e-04  3.44753265e-04  6.19888306e-05
14 36 45 414746 -4.21524048e-04 -7.53402710e-05  7.58171082e-05
14 36 45 463750  0.00017643 -0.00022411  0.00016546
14 36 45 513996  8.24928284e-05 -1.09195709e-04  2.13146210e-04
14 36 45 562133  0.00010777 -0.00030756  0.00011063
14 36 45 622578 -0.00012636 -0.00024843 -0.00013781
14 36 45 672953 -3.91006470e-05 -4.67300415e-05  1.64985657e-04
14 36 45 730518 -7.03334808e-04  1.04904175e-05  2.53677368e-04
14 36 45 762575 -6.15119934e-04  2.32696533e-04 -9.96589661e-05
14 36 45 816977 -0.00066376  0.00020504 -0.00051022
14 36 45 865132 -5.74111938e-04 -3.38554382e-05 -3.49998474e-04
14 36 45 922214 -5.24520874e-06  1.11579895e-04 -2.72750854e-04
14 36 45 963402  0.00013065  0.00058937 -0.00030136
14 36 46 12823  1.20639801e-04  6.58035278e-05 -5.74588776e-04
14 36 46 65699 -0.00012064 -0.00019455 -0.00071621
14 36 46 116217  0.00015402 -0.00040483 -0.0004425 
14 36 46 164774 -1.59740448e-04  0.00000000e+00 -3.12501431e-01
14 36 46 213702 -0.00011063 -0.00024986  0.00011492
14 36 46 262784 -0.0002389   0.00013828 -0.00015211
14 36 46 316266 -4.96387482e-04  5.76972961e-05  1.42574310e-04
14 36 46 364754 -0.00028276  0.00029421 -0.00011587
14 36 46 414528 -6.10351562e-05 -1.36375427e-04  3.93390656e-04
14 36 46 462726  0.00035858 -0.00020456  0.00037289
14 36 46 515214  9.05990601e-06 -4.92095947e-04  2.79426575e-04
14 36 46 565511 -0.00068855 -0.00017786  0.0003581 
14 36 46 615373 -1.31607056e-04 -2.11238861e-04  9.58442688e-05
14 36 46 663720  6.67572021e-06 -5.86509705e-04 -6.19888306e-06
14 36 46 717055 -6.20365143e-04 -3.43322754e-05 -1.40666962e-04
14 36 46 766189 -0.00025368 -0.00047159  0.00037241
14 36 46 815797 -2.47001648e-04  8.67843628e-05  1.15871429e-04
14 36 46 864513 -0.00011396  0.00040007  0.00023937
14 36 46 918306  0.0001936   0.00027132 -0.00029135
14 36 46 966908 2.57015228e-04 1.94549561e-04 7.62939453e-05
14 36 47 16657  1.13487244e-04 -2.05039978e-05 -9.01222229e-05
14 36 47 65542 -8.44001770e-05  1.61170959e-04  3.38554382e-05
14 36 47 115457  3.36170197e-04  1.14440918e-05 -2.86579132e-04
14 36 47 167399 -0.0001483  -0.0002408   0.00011539
14 36 47 218061 -0.00043201 -0.00012016 -0.00023317
14 36 47 265779 -0.00040722 -0.00037098 -0.00026798
14 36 47 316142 -5.62667847e-05 -2.31266022e-04 -3.95774841e-04
14 36 47 364245 -4.25815582e-04 -9.87052917e-05 -3.94344330e-04
14 36 47 418258  6.19888306e-05 -6.24656677e-05 -4.86373901e-05
14 36 47 467095  3.75270844e-04 -7.45296478e-04  8.91685486e-05
14 36 47 516746  3.71932983e-05 -3.82900238e-04 -2.49862671e-04
14 36 47 564755 -1.88350677e-04 -8.05854797e-05 -5.38825989e-05
14 36 47 614661 -1.69754028e-04 -2.49862671e-04 -1.71661377e-05
14 36 47 667222 -0.00042105  0.00022364  0.00056982
14 36 47 717127 -0.00040197  0.00034046  0.00010347
14 36 47 766136 -4.22000885e-04 -2.07424164e-04 -6.58035278e-05
14 36 47 818769 -2.90870667e-05  2.20775604e-04 -2.43186951e-05
14 36 47 868000  3.08036804e-04 -1.37329102e-04  5.29289246e-05
14 36 47 917859 -2.79903412e-04  5.05447388e-05  2.47955322e-05
14 36 47 966098 -0.00034857  0.00022364  0.00018311
14 36 48 15521 -7.48634338e-05 -1.57356262e-05  1.60694122e-04
14 36 48 69001 -2.01702118e-04  9.05990601e-05 -3.10897827e-04
14 36 48 117955 -0.00019073 -0.00024366 -0.00029516
14 36 48 166590  1.38282776e-05 -2.05039978e-05 -3.93867493e-04
14 36 48 216171 -0.00019503 -0.00030375 -0.00013208
14 36 48 269271  4.49657440e-04 -7.15255737e-05 -3.07559967e-04
14 36 48 318869 -8.34465027e-05 -1.27792358e-04 -2.21252441e-04
14 36 48 367400  1.19209290e-04 -1.48773193e-04  1.57356262e-05
14 36 48 417169 -0.00014496  0.0002284  -0.00043201
14 36 48 466302 -2.60829926e-04  4.29153442e-06 -4.69207764e-04
14 36 48 519694 -3.81469727e-05 -3.57627869e-04 -4.25338745e-04
14 36 48 568488 -0.00031996  0.00016928 -0.00026417
14 36 48 617820 -5.15460968e-04  6.77108765e-05 -3.10420990e-04
14 36 48 666558 -0.00027084 -0.00012016 -0.00012064
14 36 48 720200 -0.00036192  0.00011921 -0.00019169
14 36 48 768779 1.49250031e-04 7.20024109e-05 4.90188599e-04
14 36 48 834292  0.00021553  0.00030375 -0.00018644
14 36 48 877195 -0.00021029  0.00013256 -0.00012207
14 36 48 921056 -4.85897064e-04 -2.71320343e-04  2.38418579e-05
14 36 48 969422 -0.00037956 -0.00023651 -0.00037861
14 36 49 19092 -2.54154205e-04  6.05583191e-05 -6.67572021e-05
14 36 49 67861 -0.00022078  0.00017643 -0.00022125
14 36 49 117069  2.19345093e-05 -3.84330750e-04 -2.21729279e-04
14 36 49 170346 -1.29699707e-04  4.81605530e-05  2.16484070e-04
14 36 49 219647 -0.00017023 -0.00028992 -0.0002017 
14 36 49 268581 -0.00028563 -0.0002203  -0.00019932
14 36 49 318343 -0.00025845 -0.00037289 -0.00028896
14 36 49 366806  6.00814819e-05 -3.08513641e-04  3.18527222e-04
14 36 49 431434  2.30789185e-04 -5.58376312e-04  8.91685486e-05
14 36 49 477702  4.62532043e-04  1.15394592e-04 -1.47819519e-05
14 36 49 532455  0.00017977 -0.00010109  0.00023556
14 36 49 575457 -0.00016499 -0.00011444 -0.00017929
14 36 49 617453 -9.58442688e-05  2.37464905e-04 -2.42233276e-04
14 36 49 669980 -1.95503235e-04  3.96728516e-04  7.82012939e-05
14 36 49 719709  4.72068787e-05 -3.00407410e-05  1.12533569e-04
14 36 49 768195 -3.52859497e-05 -5.05447388e-05  1.74522400e-04
14 36 49 832612  0.00020027 -0.00028467 -0.00023794
14 36 49 884165  1.48773193e-04  7.91549683e-05 -4.51564789e-04
14 36 49 920763 -0.00029707 -0.00031805 -0.00031376
14 36 49 968855 -8.34465027e-05 -3.03745270e-04 -6.58035278e-05
14 36 50 18416 -1.27792358e-04  0.00000000e+00  3.06250095e+00
14 36 50 71260 -0.00015593  0.00035906  0.00019979
14 36 50 120906  1.76429749e-05  1.40666962e-04 -1.87397003e-04
14 36 50 169868 -1.19209290e-04 -5.29289246e-05  3.48091125e-05
14 36 50 219974 -6.27994537e-04  1.38282776e-05 -2.08854675e-04
14 36 50 267723 -0.00065088 -0.00021172 -0.00018644
14 36 50 332328 -0.00078154 -0.00010586  0.00014305
14 36 50 370697 -4.62055206e-04 -1.16348267e-04  4.81605530e-05
14 36 50 420133  8.24928284e-05 -3.21865082e-04  1.71184540e-04
14 36 50 468774  0.00028181 -0.0002284   0.0004611 
14 36 50 518047 0.00011492 0.00016451 0.0001688 
14 36 50 571021 -1.00135803e-04 -3.28540802e-04  3.71932983e-05
14 36 50 620499 -4.20570374e-04 -7.22885132e-04  3.62396240e-05
14 36 50 669442 -2.60353088e-04  6.67572021e-06 -3.55720520e-04
14 36 50 720263 -2.16007233e-04  4.04834747e-04  7.86781311e-05
14 36 50 771817 -0.0002389   0.00026846 -0.00033951
14 36 50 821401 2.33650208e-05 7.82012939e-05 5.14984131e-05
14 36 50 869903 -0.00035381  0.0001297  -0.00011492
14 36 50 929628  0.00041008 -0.00013781 -0.00032806
14 36 50 976169  1.38759613e-04 -4.86373901e-05 -6.93321228e-04
14 36 51 33597  0.00066233 -0.00027609 -0.00038242
14 36 51 78441  0.00022221 -0.000175   -0.00029039
14 36 51 120431 -0.00046635 -0.0002594  -0.00035858
14 36 51 169191 -0.00030756  0.00025225 -0.00045538
14 36 51 223169 -4.70161438e-04  7.62939453e-05 -1.96933746e-04
14 36 51 271357  2.15530396e-04 -2.33650208e-04  2.14576721e-05
14 36 51 322121  4.67300415e-04 -2.16960907e-04  4.48226929e-05
14 36 51 384404  4.42504883e-04 -9.77516174e-05  1.33514404e-05
14 36 51 423428 -0.00014877  0.00018978  0.0001893 
14 36 51 472386 -1.96456909e-04 -6.77108765e-05  1.31130219e-04
14 36 51 521809 -0.00029135  0.00038147 -0.00023317
14 36 51 570267  2.86102295e-06 -3.66210938e-04  4.87327576e-04
14 36 51 624775 -1.81674957e-04 -5.29289246e-05  1.90734863e-06
14 36 51 681212 -0.00017214 -0.00020123  0.00012255
14 36 51 732155 -4.30583954e-04 -7.96318054e-05 -2.24590302e-04
14 36 51 779910 -3.41415405e-04  3.81469727e-05  4.66346741e-04
14 36 51 829592  0.00030375 -0.00013208  0.0001545 
14 36 51 873859 -5.72204590e-05  3.24249268e-05  2.61783600e-04
14 36 51 923454  2.47955322e-05 -7.34329224e-05 -2.10762024e-04
14 36 51 972240  7.96318054e-05 -2.29835510e-04  5.24520874e-05
14 36 52 31491 -0.00041389 -0.00059462 -0.0003109 
14 36 52 78371 -0.00025463  0.00019598 -0.0004034 
14 36 52 133237  1.44004822e-04  8.34465027e-05 -6.58988953e-04
14 36 52 180957 -1.30176544e-04 -3.41415405e-04  2.71797180e-05
14 36 52 222443 -4.48226929e-05 -3.88622284e-04  6.58035278e-05
14 36 52 270955  0.00015831 -0.00010586 -0.00011492
14 36 52 320490  0.00028133  0.00019121 -0.0003252 
14 36 52 373448 -2.65121460e-04 -5.53131104e-05  2.10285187e-04
14 36 52 422929 -6.24656677e-05  1.81198120e-05 -8.34465027e-05
14 36 52 471789 -2.67028809e-05 -3.73363495e-04  2.36034393e-04
14 36 52 525303 0.00056887 0.00021219 0.00010681
14 36 52 574273 0.00022745 0.0002985  0.00041437
14 36 52 623930 -8.67843628e-05  1.58786774e-04  3.13758850e-04
14 36 52 672272 -1.65939331e-04 -7.86781311e-05  1.89304352e-04
14 36 52 725875  3.23295593e-04 -6.48498535e-05  1.42097473e-04
14 36 52 774922 1.11579895e-04 6.62803650e-05 9.39369202e-05
14 36 52 824034 -2.57968903e-04  2.24113464e-05 -2.78472900e-04
14 36 52 873249 -1.52587891e-05  1.09195709e-04 -7.99655914e-04
14 36 52 922774 -1.44481659e-04  5.14984131e-05 -3.50475311e-04
14 36 52 975243 -0.00010586  0.00014973 -0.00028181
14 36 53 25120  0.00066376 -0.00073957 -0.0004549 
14 36 53 73745  3.86714935e-04 -7.62939453e-05 -5.77926636e-04
14 36 53 123117  0.00033283 -0.00022221 -0.00043869
14 36 53 172105 -0.00023222  0.00045252 -0.00026894
14 36 53 225706 -0.00069904 -0.00016117 -0.00028992
14 36 53 274613 -5.07831573e-04 -5.03540039e-04  4.81605530e-05
14 36 53 324043 -5.91278076e-05 -2.42233276e-04  9.25064087e-05
14 36 53 372829  0.00035429 -0.00010633  0.0001502 
14 36 53 422444 0.00036621 0.00047064 0.00018024
14 36 53 475211  0.00033474 -0.0003953   0.00021076
14 36 53 524895 -0.00021791  0.00016022  0.00030899
14 36 53 573108 -7.57217407e-04  1.47819519e-05  2.91824341e-04
14 36 53 626994 -4.61578369e-04 -1.62124634e-05  1.02519989e-04
14 36 53 675931 -0.00041151  0.00042009  0.00022984
14 36 53 725028 -7.91549683e-05  2.63690948e-04 -3.11293602e-02
14 36 53 774387  2.11715698e-04 -7.10487366e-05 -1.13010406e-04
14 36 53 824056  4.52995300e-04 -2.24113464e-04 -1.43051147e-05
14 36 53 875953  1.67369843e-04 -2.91347504e-04  4.05311584e-05
14 36 53 926378 -1.69277191e-04 -2.00271606e-05 -1.65939331e-04
14 36 53 974791 -3.51905823e-04 -8.63075256e-05  3.09944153e-05
14 36 54 24426  1.76906586e-04 -1.26361847e-04  6.19888306e-05
14 36 54 73280 -2.14576721e-05  1.78813934e-04  7.77244568e-05
14 36 54 126621 -6.72340393e-05 -7.15255737e-06  2.60829926e-04
14 36 54 175452  8.63075256e-05 -1.67369843e-04  3.33786011e-06
14 36 54 225324  1.77383423e-04 -2.28881836e-05  3.11374664e-04
14 36 54 273921 -0.00052643 -0.0002737  -0.00010538
14 36 54 332508 -0.00012779  0.0001049   0.00026274
14 36 54 375765 -0.00023603 -0.00022364 -0.00010204
14 36 54 434918 -0.00026608 -0.00063467  0.00047207
14 36 54 483381 -6.92844391e-04 -7.15255737e-05 -1.17301941e-04
14 36 54 524373 -7.10487366e-05 -3.14712524e-05 -2.04086304e-04
14 36 54 573033 -3.73363495e-04  2.00748444e-04 -3.33786011e-05
14 36 54 626562 -3.47137451e-04  6.96182251e-05 -2.05039978e-05
14 36 54 675335 -1.02519989e-04  1.73568726e-04  3.00407410e-05
14 36 54 725034 -0.0001955   0.00029373 -0.00017977
14 36 54 777391 -7.24792480e-05  4.99248505e-04 -8.67843628e-05
14 36 54 827343  3.60965729e-04 -4.19616699e-05 -4.17709351e-04
14 36 54 876161 -2.43186951e-04 -4.72068787e-05  4.19616699e-05
14 36 54 925067  1.86920166e-04 -3.33786011e-06 -2.61783600e-04
14 36 54 974325  2.08854675e-04 -4.57763672e-05 -3.95774841e-05
14 36 55 27822 -0.0001173  -0.00014591 -0.00013113
14 36 55 76734 -7.39097595e-05 -7.20024109e-05  7.10487366e-05
14 36 55 126387 -0.00046539  0.00016022  0.00028753
14 36 55 174532 -6.81877136e-05 -3.40461731e-04 -4.57763672e-05
14 36 55 224141  0.00010395  0.00043583 -0.0001235 
14 36 55 277302 -1.54495239e-04 -6.91413879e-05 -3.32832336e-04
14 36 55 337718 -0.00019455 -0.00055122  0.00033045
14 36 55 384052 -0.00022697  0.00036621  0.00041962
14 36 55 424743 -0.00026703 -0.00013733 -0.00033188
14 36 55 477876 -0.00036621  0.00011253 -0.00010633
14 36 55 527633 -2.12669373e-04  6.15119934e-05 -1.34944916e-04
14 36 55 576298 -2.70843506e-04  2.54631042e-04  7.62939453e-06
14 36 55 625886 -6.67095184e-04  6.86645508e-05 -1.40190125e-04
14 36 55 678872 -2.95639038e-04  8.10623169e-06 -2.50339508e-04
14 36 55 728304 -2.86102295e-05 -1.33514404e-04 -2.17914581e-04
14 36 55 777009 -4.83036041e-04  7.20024109e-05 -5.14984131e-05
14 36 55 826100 -2.70843506e-04 -8.10623169e-05 -1.68800354e-04
14 36 55 875178 -2.83718109e-04 -2.01702118e-04  3.19480896e-05
14 36 55 928974 -8.77380371e-05  2.61783600e-04 -2.10285187e-04
14 36 55 977514  1.38759613e-04 -3.16619873e-04 -8.05854797e-05
14 36 56 27326 -0.00045586 -0.00012302 -0.00011349
14 36 56 76005 -6.00814819e-05 -3.14712524e-05  2.64644623e-04
14 36 56 129418  1.57833099e-04  4.33921814e-05 -4.62532043e-05
14 36 56 178398 -0.00027227 -0.00022697 -0.0001483 
14 36 56 228199  6.58035278e-05 -7.62939453e-05 -1.60694122e-04
14 36 56 276228 -7.24792480e-05 -1.20639801e-04 -1.90258026e-04
14 36 56 325830  0.00014734 -0.00012255 -0.00021315
14 36 56 379015 -5.67436218e-05 -1.82151794e-04 -7.34329224e-05
14 36 56 428788  0.00012445 -0.00033903 -0.00021553
14 36 56 477805 -1.04904175e-05 -3.17096710e-04 -2.05516815e-04
14 36 56 527026  0.00013256 -0.0001092   0.00012159
14 36 56 580476 6.43730164e-05 1.70707703e-04 5.48362732e-05
14 36 56 629324 -0.00030327  0.00013447  0.00010633
14 36 56 677974 5.43594360e-05 2.46524811e-04 8.86917114e-05
14 36 56 727661 -2.92778015e-04  8.96453857e-05 -4.57763672e-05
14 36 56 776330  0.00039911  0.00018215 -0.00033474
14 36 56 830157  0.00035524 -0.00016928 -0.00016069
14 36 56 878881 -0.00047398 -0.00039101 -0.00021219
14 36 56 928387 -3.62873077e-04 -1.19209290e-05 -1.90734863e-06
14 36 56 977169 -2.11715698e-04 -3.53813171e-04  8.24928284e-05
14 36 57 30801 -2.49385834e-04 -1.53064728e-04 -6.38961792e-05
14 36 57 79475 -0.00051308 -0.00020933  0.00038147
14 36 57 129246 -4.48226929e-05 -8.48770142e-05  6.03199005e-04
14 36 57 178020 -1.85966492e-04 -4.76837158e-07  1.43051147e-04
14 36 57 230919 -0.00038624 -0.00031614 -0.00026751
14 36 57 280184 -5.85079193e-04 -5.57899475e-05  2.17437744e-04
14 36 57 329857 -0.00020075 -0.00048876  0.00039339
14 36 57 378019 -1.55448914e-04 -1.95026398e-04 -1.23977661e-05
14 36 57 432139 -4.13894653e-04  3.00407410e-04  2.95639038e-05
14 36 57 481453 -7.11917877e-04  3.14712524e-04 -2.62260437e-05
14 36 57 530076 -5.23090363e-04  4.76837158e-07 -6.25000477e-01
14 36 57 588007 -3.65257263e-04  6.34193420e-05 -1.10149384e-04
14 36 57 638493 -0.00011158 -0.00027275 -0.00030088
14 36 57 689175 -1.72138214e-04 -1.71661377e-05  4.57763672e-05
14 36 57 731230 -6.81877136e-05 -7.91549683e-05 -2.62260437e-05
14 36 57 779861 -0.00010872  0.00021696  0.00013018
14 36 57 829440 -2.81333923e-05  4.63485718e-04  3.36170197e-04
14 36 57 878165  3.76701355e-04 -7.86781311e-05  1.42097473e-04
14 36 57 931369  2.02655792e-04  4.01020050e-04 -9.87052917e-05
14 36 57 980579 -0.00038099  0.00024128  0.00019073
14 36 58 30251 -0.00032139 -0.00032043 -0.00013876
14 36 58 78701 -0.00067091  0.00026035  0.00041389
14 36 58 128507 -0.00059986 -0.00047779  0.00027943
14 36 58 181199 -0.00064611 -0.00041819  0.0002737 
14 36 58 230906 -3.59535217e-04 -3.32355499e-04 -2.14576721e-05
14 36 58 279614 -7.16686249e-04  5.38825989e-05  2.82287598e-04
14 36 58 339597 -1.58309937e-04 -3.07083130e-04 -9.15527344e-05
14 36 58 381781 -0.00016737  0.00023651  0.00011635
14 36 58 431469 -0.00012398  0.00035572 -0.00032854
14 36 58 488112 -1.60217285e-04 -7.48634338e-05 -2.51770020e-04
14 36 58 539299 -0.00060797 -0.00034332  0.00019121
14 36 58 582319 -2.71320343e-04  6.72340393e-05 -3.40461731e-04
14 36 58 632379 -3.05652618e-04  5.91278076e-05 -2.75611877e-04
14 36 58 681136  0.00014687  0.0005579  -0.00031376
14 36 58 741929 -9.63211060e-05 -6.19888306e-05 -4.89234924e-04
14 36 58 779490  3.67641449e-04 -8.39233398e-05 -2.92301178e-04
14 36 58 832714  0.00055122 -0.00024605  0.00013256
14 36 58 881650 -7.91549683e-05 -3.06606293e-04  0.00000000e+00
14 36 58 931237  1.37329102e-04  4.76837158e-06 -2.19345093e-05
14 36 58 980012 -0.00042391 -0.00013876 -0.00054407
14 36 59 29486  8.48770142e-05 -2.48432159e-04  1.81198120e-04
14 36 59 90990 -6.34193420e-05 -4.86373901e-04 -1.80244446e-04
14 36 59 141847  0.00040913 -0.00018835  0.000175  
14 36 59 188304 2.23159790e-04 2.62260437e-05 1.02043152e-04
14 36 59 238588  4.01973724e-04 -5.74111938e-04 -2.52723694e-05
14 36 59 287943  0.00027704  0.00010967 -0.00011587
14 36 59 332737 -0.00021648 -0.00033331  0.00018311
14 36 59 382058  2.29835510e-04  3.24249268e-05 -1.27315521e-04
14 36 59 429959 -0.00043392  0.00024891  0.00018787
14 36 59 492607  0.0003109  -0.00031471 -0.0002141 
14 36 59 540228  2.44140625e-04 -2.07901001e-04  6.96182251e-05
14 36 59 582532 -1.64031982e-04  3.50952148e-04  4.76837158e-05
14 36 59 631057 2.67028809e-04 1.02043152e-04 3.81469727e-06
14 36 59 680883 -0.00030756  0.00012207 -0.00033474
14 36 59 733054 -1.64508820e-04 -3.43322754e-05 -1.54018402e-04
14 36 59 783177 -0.00016403 -0.00030756 -0.00024271
14 36 59 831676 -2.77519226e-04  5.76972961e-05 -2.87055969e-04
14 36 59 889931 -4.28676605e-04 -3.33786011e-06 -3.12328339e-04
14 36 59 934356 -0.00036764 -0.00020885 -0.00020885
14 36 59 983370 -0.00024462 -0.00032806 -0.00019455
14 37 0 32488 -6.34193420e-05 -1.06811523e-04 -2.87055969e-04
14 37 0 82169 -4.62532043e-05  1.23023987e-04 -3.09944153e-04
14 37 0 130721 -2.63214111e-04  2.24113464e-05  1.78813934e-04
14 37 0 184297 -1.38759613e-04 -1.70707703e-04 -9.63211060e-05
14 37 0 233322 -0.00026655  0.00016451  0.00024939
14 37 0 282811 -4.11510468e-04 -5.10215759e-05  1.52587891e-04
14 37 0 331324  3.57627869e-05 -1.74999237e-04  1.36375427e-04
14 37 0 381410  6.29425049e-05 -1.34944916e-04  3.47614288e-04
14 37 0 434226 -0.00082922  0.00025558 -0.00027418
14 37 0 492681 -5.81741333e-05  2.38895416e-04 -1.18732452e-04
14 37 0 540766  2.94208527e-04 -2.38418579e-06 -7.58171082e-05
14 37 0 594847  5.80787659e-04 -9.63211060e-05 -1.61170959e-04
14 37 0 634306  0.00054455 -0.00012255 -0.00015497
14 37 0 684031  0.00028467 -0.00014925 -0.00037289
14 37 0 732882  1.14917755e-04  8.15391541e-05 -5.09738922e-04
14 37 0 782961 -2.24590302e-04  6.86645508e-05 -5.15460968e-04
14 37 0 835189 -4.90188599e-04 -1.85966492e-05 -1.54495239e-04
14 37 0 884961  0.00055218  0.00021935 -0.00022602
14 37 0 933367 -0.00023222 -0.0001688  -0.00022745
14 37 0 983255 3.62873077e-04 7.62939453e-06 1.64508820e-04
14 37 1 45810 -2.81333923e-05 -1.03950500e-04 -2.58922577e-04
14 37 1 100451 -2.01225281e-04 -1.95980072e-04 -5.10215759e-05
14 37 1 145181 -1.87873840e-04  8.82148743e-05  4.25338745e-04
14 37 1 194132 -5.35488129e-04 -1.33514404e-05  3.56674194e-04
14 37 1 242389 -0.00033617 -0.00032949  0.00023174
14 37 1 285826 -3.52859497e-05  2.62737274e-04  1.66893005e-05
14 37 1 335286 -0.00011587  0.00031948  0.00059795
14 37 1 384207 -4.25815582e-04  5.67436218e-05  1.33514404e-05
14 37 1 440093 -0.00082588 -0.00038338  0.00012684
14 37 1 499183 -0.0001874  -0.00042391  0.00012255
14 37 1 535704  0.00040293 -0.00020838  0.00013065
14 37 1 585328 -9.91821289e-05  2.30312347e-04  2.47955322e-05
14 37 1 649029 -2.96115875e-04 -1.47819519e-05  3.80992889e-04
14 37 1 697329 -0.00019503 -0.00056219  0.00024033
14 37 1 743716 1.27315521e-04 9.82284546e-05 7.34329224e-05
14 37 1 785610 -3.69071960e-04 -3.15666199e-04  5.14984131e-05
14 37 1 834648 -8.29696655e-05 -4.37736511e-04  2.03132629e-04
14 37 1 884445  0.00029039 -0.00025129  0.00018644
14 37 1 936460  0.00030136  0.00025892 -0.00017262
14 37 1 986206 -2.30312347e-04 -4.63485718e-04 -4.81605530e-05
14 37 2 35770 -7.29560852e-05  1.62124634e-05 -1.19686127e-04
14 37 2 84643  1.53541565e-04  3.58581543e-04 -9.44137573e-05
14 37 2 134196  0.00013399  0.00025272 -0.00012112
14 37 2 187391  2.84671783e-04  6.29425049e-05 -2.36034393e-04
14 37 2 235887  2.47955322e-05  1.63078308e-04 -7.48634338e-05
14 37 2 286042  5.01155853e-04  1.76429749e-05 -2.84194946e-04
14 37 2 333994 -3.11374664e-04 -3.60488892e-04 -1.14440918e-05
14 37 2 387687 -0.00019932 -0.0003562   0.00025845
14 37 2 437600  2.46047974e-04 -1.91211700e-04  8.53538513e-05
14 37 2 486489 -2.81810760e-04 -5.10215759e-05 -1.92642212e-04
14 37 2 534651  0.00019741 -0.00023222  0.00015497
14 37 2 594721 -3.43322754e-05 -3.52382660e-04  3.71932983e-05
14 37 2 637190  1.58786774e-04  1.06334686e-04 -2.52723694e-05
14 37 2 697582 -1.44004822e-04  2.51293182e-04 -9.05990601e-06
14 37 2 736501  4.48226929e-05 -1.44481659e-04  3.41892242e-04
14 37 2 785933 -3.11851501e-04  8.63075256e-05  3.62873077e-04
14 37 2 834151 -7.39097595e-05  3.53813171e-04  6.05583191e-05
14 37 2 887419 1.34944916e-04 4.94480133e-04 3.09944153e-05
14 37 2 936112 -6.24656677e-05 -3.52859497e-05 -1.99794769e-04
14 37 2 986312 -0.00023222 -0.00076771 -0.00019836
14 37 3 34923 -0.00028849 -0.00012827 -0.00045729
14 37 3 88604 -2.73704529e-04 -1.92642212e-04  8.05854797e-05
14 37 3 137324 -9.01222229e-05 -6.05583191e-05 -3.08513641e-04
14 37 3 186385 -1.78813934e-04  4.01020050e-04 -4.19616699e-05
14 37 3 253125 -1.85966492e-04  1.42574310e-04  1.00135803e-05
14 37 3 297156 -2.41279602e-04 -5.10215759e-05 -3.95774841e-05
14 37 3 337151  1.15394592e-04 -2.82764435e-04 -8.15391541e-05
14 37 3 387350 -6.53266907e-05 -1.78337097e-04  2.09331512e-04
14 37 3 436228  1.02996826e-04  1.23977661e-05 -6.15119934e-05
14 37 3 485461  3.14712524e-04 -1.29222870e-04  8.24928284e-05
14 37 3 538685  1.95503235e-05 -9.63211060e-05  7.91549683e-05
14 37 3 587523 3.71932983e-05 4.76837158e-06 3.36647034e-04
14 37 3 636389 0.00019503 0.00043058 0.00019264
14 37 3 686259 -1.34944916e-04 -2.05993652e-04 -1.23977661e-05
14 37 3 735538 -3.99589539e-04 -5.14984131e-05 -6.67572021e-06
