14 36 36 821508  0.017133   -0.31014013  0.94892359
14 36 36 864811  0.0177083  -0.30868816  0.95178246
14 36 36 880547  0.01572418 -0.30753613  0.95139551
14 36 36 917469  0.01599503 -0.3088522   0.95388627
14 36 36 941862  0.01709008 -0.31020546  0.9550674 
14 36 36 954745  0.01742148 -0.30822754  0.95238757
14 36 36 958520  0.01726747 -0.31097174  0.95163894
14 36 37 1605  0.01735139 -0.30713439  0.95363951
14 36 37 4338  0.01330042 -0.31265211  0.95026731
14 36 37 62879  0.0144887  -0.31238818  0.94976878
14 36 37 66243  0.0157516  -0.31376696  0.95268965
14 36 37 108501  0.01632953 -0.30816197  0.95133162
14 36 37 121979  0.01780963 -0.30965185  0.95048666
14 36 37 160018  0.01868653 -0.30837631  0.95569038
14 36 37 163941  0.01646924 -0.30900526  0.95597386
14 36 37 205470  0.01838493 -0.31016302  0.95536184
14 36 37 208684  0.02075696 -0.3092165   0.95283699
14 36 39 715717  0.01566005 -0.31275177  0.95037866
14 36 39 764600  0.02050018 -0.3125391   0.9501915 
14 36 39 816817  0.01756787 -0.31076455  0.94919753
14 36 39 856817  0.01628065 -0.31011152  0.95278025
14 36 39 906227  0.01756358 -0.31163239  0.95136428
14 36 39 954560  0.01507211 -0.30721045  0.95392108
14 36 40 8180  0.01879835 -0.31115556  0.95203948
14 36 40 57554  0.01699615 -0.30943322  0.95514965
14 36 40 106481  0.01756263 -0.31303859  0.95388412
14 36 40 164908  0.01865721 -0.31196737  0.9525969 
14 36 40 215215  0.01640821 -0.31208825  0.95387888
14 36 40 265177  0.0151608  -0.31192827  0.95295215
14 36 40 319732  0.01545048 -0.31115985  0.9525764 
14 36 40 364119  0.01243544 -0.31133437  0.95573449
14 36 40 415710  0.01809764 -0.31334877  0.95225644
14 36 40 461944  0.01500654 -0.308851    0.95488954
14 36 40 508104  0.01461649 -0.31030941  0.95511723
14 36 40 556876  0.01742411 -0.30930996  0.95660114
14 36 40 607063  0.01624751 -0.30787134  0.95226908
14 36 40 655363  0.01664853 -0.30995536  0.95600414
14 36 40 704889  0.0145793  -0.31027651  0.95138097
14 36 40 757454  0.0164063  -0.31170964  0.95370197
14 36 40 820009  0.01776218 -0.3072319   0.95368576
14 36 40 865775  0.01462936 -0.31079173  0.95445061
14 36 40 909963  0.01846409 -0.3121686   0.95552731
14 36 40 958236  0.01854753 -0.31306958  0.951823  
14 36 41 8059  0.01829171 -0.31213021  0.95247531
14 36 41 56596  0.01443696 -0.31270742  0.95221496
14 36 41 110530  0.01678967 -0.31323457  0.95197225
14 36 41 159209  0.01819468 -0.31198406  0.95144463
14 36 41 208827  0.01937318 -0.30917764  0.95236063
14 36 41 257187  0.01595545 -0.31067204  0.95167279
14 36 41 307485  0.01644778 -0.31059408  0.95140767
14 36 41 359668  0.01649666 -0.30924702  0.9530046 
14 36 41 420289  0.01514387 -0.31216311  0.95311522
14 36 41 465882  0.01620698 -0.30967617  0.95413327
14 36 41 507484  0.01831865 -0.30589104  0.95297432
14 36 41 556362  0.01816058 -0.30871916  0.95029593
14 36 41 610786  0.01618266 -0.3111372   0.95121694
14 36 41 658836  0.01598477 -0.31207132  0.95337296
14 36 41 720073  0.01394272 -0.3117733   0.95093107
14 36 41 756963  0.01831388 -0.30932617  0.95488572
14 36 41 806843  0.01626587 -0.31127501  0.9509027 
14 36 41 859421  0.01831579 -0.3088963   0.95346236
14 36 41 910258  0.0169487  -0.31023765  0.95271134
14 36 41 957634  0.01776004 -0.30856729  0.95403886
14 36 42 11279  0.0205822  -0.31024194  0.95319319
14 36 42 60100  0.0162642  -0.30920029  0.95072842
14 36 42 110227  0.01455522 -0.30597758  0.95137334
14 36 42 158148  0.01490259 -0.30736446  0.95212889
14 36 42 208060  0.01861763 -0.31152844  0.95259809
14 36 42 260579  0.01567793 -0.31043124  0.95128417
14 36 42 310444  0.01610446 -0.31003451  0.95384026
14 36 42 359881 5.93662262e-05 6.08161449e-01 7.53721714e-01
14 36 42 418732  7.46250153e-05 -1.88707829e-01  3.71313095e-03
14 36 42 468715  0.01937675 -0.31089544  0.95225811
14 36 42 520336  0.01736999 -0.31402159  0.95142436
14 36 42 567291  0.0156343  -0.30982161  0.94787192
14 36 42 620918  0.01456594 -0.31134868  0.95042324
14 36 42 665858  0.01792264 -0.30973625  0.95231104
14 36 42 720359  0.01756096 -0.30772734  0.95325971
14 36 42 768004  0.01692271 -0.30891013  0.95142674
14 36 42 810134  0.0177381  -0.31095147  0.95422339
14 36 42 858072  0.01528168 -0.31078529  0.95401692
14 36 42 912704  0.01623654 -0.30905819  0.95200133
14 36 42 961225  0.01915455 -0.3095808   0.95048857
14 36 43 10648  0.01238179 -0.30994797  0.95159721
14 36 43 59570  0.01376939 -0.30850148  0.95401073
14 36 43 109905  0.01423931 -0.30826879  0.95218182
14 36 43 161751  0.01650548 -0.3089788   0.95330143
14 36 43 211766  0.018121   -0.30937028  0.95224094
14 36 43 260127  0.01489711 -0.30895448  0.95278454
14 36 43 310134  0.01542974 -0.31037259  0.95187283
14 36 43 362505  0.01650381 -0.31053209  0.95211506
14 36 43 412934  0.01344037 -0.30994129  0.95048118
14 36 43 461018  0.0190599  -0.31031752  0.95311046
14 36 43 510417  0.01802444 -0.30894208  0.95191121
14 36 43 559276  0.0151484  -0.3085866   0.95097494
14 36 43 613193  0.01836681 -0.30847955  0.94889975
14 36 43 661659  0.01805806 -0.31060863  0.95171094
14 36 43 711145  0.01720333 -0.31165195  0.95309615
14 36 43 759737  0.0169754  -0.31116605  0.95310736
14 36 43 812992  0.01527429 -0.30828571  0.9537015 
14 36 43 869947  0.01710224 -0.31280279  0.95242667
14 36 43 928084  0.01493335 -0.30860257  0.95125937
14 36 43 968462  0.01902056 -0.3097899   0.9500196 
14 36 44 23828  0.01603651 -0.31091666  0.95199585
14 36 44 70175  0.01493573 -0.31100321  0.95145702
14 36 44 123913  0.01643825 -0.31250119  0.95264697
14 36 44 169309  0.01655197 -0.31085086  0.95401573
14 36 44 222691  0.01646638 -0.31030416  0.94940066
14 36 44 271426  0.0166688  -0.31226349  0.95309639
14 36 44 327451  0.01698089 -0.31125593  0.95532632
14 36 44 369504  0.01659703 -0.30890369  0.95291448
14 36 44 423640  0.01114726 -0.31176639  0.95429754
14 36 44 471491  0.01449108 -0.31013417  0.95574737
14 36 44 524881  0.02114058 -0.30997181  0.94947815
14 36 44 569828  0.0181458  -0.30874777  0.95240259
14 36 44 612647  0.01614094 -0.31050396  0.95579767
14 36 44 664948  0.01917315 -0.31185865  0.95294023
14 36 44 715310  0.01707602 -0.31221819  0.95147061
14 36 44 763109  0.0164969  -0.3130188   0.95295143
14 36 44 812911  0.01707649 -0.31202507  0.9521153 
14 36 44 861468  0.01596332 -0.31011367  0.9526062 
14 36 44 915435  0.01670074 -0.31387186  0.95227695
14 36 44 964022  0.01576018 -0.31074715  0.95189691
14 36 45 25673  0.01479173 -0.31201649  0.94963741
14 36 45 69784  0.01699328 -0.31133699  0.95295668
14 36 45 123125  0.01643229 -0.31069016  0.95036507
14 36 45 164829  0.01585746 -0.30981731  0.95231271
14 36 45 214140  0.01464748 -0.31085753  0.95464706
14 36 45 263118  0.01601195 -0.31414294  0.95243907
14 36 45 312833  0.01742387 -0.31181526  0.95438528
14 36 45 361196  0.01371336 -0.30916762  0.95045161
14 36 45 414746  0.01567578 -0.31145716  0.95080948
14 36 45 463750  0.01678085 -0.30828357  0.9555614 
14 36 45 513996  0.01654434 -0.30852127  0.95540285
14 36 45 562133  0.01701808 -0.30946708  0.95045948
14 36 45 622578  0.01809764 -0.31001735  0.95131087
14 36 45 672953  0.01351857 -0.30957675  0.95126104
14 36 45 730518  0.0136764  -0.30784416  0.95250225
14 36 45 762575  0.01529169 -0.30941987  0.95280099
14 36 45 816977  0.01568127 -0.31187034  0.95556378
14 36 45 865132  0.01648068 -0.31319261  0.95269608
14 36 45 922214  0.01951289 -0.30890465  0.955971  
14 36 45 963402  0.01698732 -0.30888295  0.95537615
14 36 46 12823  0.01242518 -0.31195331  0.95442867
14 36 46 65699  0.01461554 -0.31032491  0.95288825
14 36 46 116217  0.01563573  0.73316169 -0.30879045
14 36 46 164774 5.60283661e-05 1.74878311e+00 8.94334316e-01
14 36 46 213702  0.01748061 -0.30934095  0.94806027
14 36 46 262784  0.01404595 -0.30917048  0.95523381
14 36 46 316266  0.01314807 -0.30764699  0.95693278
14 36 46 364754  0.01625657 -0.3125453   0.95499587
14 36 46 414528  0.01666021 -0.31109524  0.9526391 
14 36 46 462726  0.0182476  -0.30827832  0.95551109
14 36 46 515214  0.01764727 -0.30656481  0.95468402
14 36 46 565511  0.01633859 -0.30845022  0.95300245
14 36 46 615373  0.01740551 -0.31136155  0.95205474
14 36 46 663720  0.01555157 -0.31175804  0.950351  
14 36 46 717055  0.01350904 -0.31151724  0.95124316
14 36 46 766189  0.01822758 -0.31081772  0.94881916
14 36 46 815797  0.01754451 -0.31098843  0.95123935
14 36 46 864513  0.01938796 -0.31235147  0.95112324
14 36 46 918306  0.01750493 -0.31046391  0.95645499
14 36 46 966908  0.01900578 -0.30878854  0.95300984
14 36 47 16657  0.01693439 -0.31032324  0.94897985
14 36 47 65542  0.01574326 -0.31014419  0.95460224
14 36 47 115457  0.01869011 -0.30849719  0.95234418
14 36 47 167399  0.01587224 -0.31017017  0.95555091
14 36 47 218061  0.01996207 -0.30874658  0.95479894
14 36 47 265779  0.01701808 -0.30879354  0.95303655
14 36 47 316142  0.01672578 -0.31105781  0.95167303
14 36 47 364245  0.01519203 -0.31095099  0.95233107
14 36 47 418258  0.01500058 -0.30874038  0.95333624
14 36 47 467095  0.01558781 -0.31108999  0.95089078
14 36 47 516746  0.01634359 -0.31226873  0.95271373
14 36 47 564755  0.01799297 -0.31080651  0.95535088
14 36 47 614661  0.01582766 -0.31108022  0.9507556 
14 36 47 667222  0.01914454 -0.31165051  0.9507165 
14 36 47 717127  0.01645756 -0.30692291  0.95404315
14 36 47 766136  0.0176475  -0.30788732  0.95270133
14 36 47 818769  0.01814675 -0.31051111  0.9510119 
14 36 47 868000  0.01448655 -0.30885267  0.95233059
14 36 47 917859  0.01552176 -0.31082916  0.95354772
14 36 47 966098  0.0165875  -0.31232882  0.95245934
14 36 48 15521  0.01494217 -0.31019354  0.95505333
14 36 48 69001  0.01341486 -0.31002021  0.95509624
14 36 48 117955  0.01590395 -0.31260133  0.95028234
14 36 48 166590  0.01824713 -0.31017852  0.95156145
14 36 48 216171  0.01616883 -0.31390309  0.95335102
14 36 48 269271  0.01784563 -0.31135201  0.950665  
14 36 48 318869  0.01689005 -0.3117528   0.95420909
14 36 48 367400  0.01725817 -0.30789828  0.95129561
14 36 48 417169  0.01655364 -0.31096888  0.95178986
14 36 48 466302  0.01798582 -0.31109047  0.95390081
14 36 48 519694  0.01695228 -0.30642724  0.95194674
14 36 48 568488  0.01347089 -0.30941844  0.95247555
14 36 48 617820  0.01418924 -0.30977368  0.95085287
14 36 48 666558  0.01724243 -0.31067348  0.95090985
14 36 48 720200  0.01758957 -0.31122041  0.95141196
14 36 48 768779  0.01655817 -0.31050134  0.95576739
14 36 48 834292  0.01683593 -0.31347108  0.95417237
14 36 48 877195  0.01759195 -0.31259298  0.95358515
14 36 48 921056  0.01512122 -0.31163239  0.95402098
14 36 48 969422  0.01570344 -0.31211638  0.95104051
14 36 49 19092  0.0163703  -0.31446791  0.95274186
14 36 49 67861  0.01717591 -0.31274128  0.95389676
14 36 49 117069  0.01753116 -0.31211281  0.95189023
14 36 49 170346  0.01388931 -0.30907702  0.95567203
14 36 49 219647  0.01504779 -0.30952072  0.95463085
14 36 49 268581  0.02182293 -0.31018424  0.95154738
14 36 49 318343  0.01683187 -0.30814576  0.95161343
14 36 49 366806  0.01629663 -0.31099367  0.95175099
14 36 49 431434  0.016891   -0.30940175  0.95031714
14 36 49 477702  0.01689076 -0.30876207  0.95154428
14 36 49 532455  0.01595306 -0.31162643  0.95210052
14 36 49 575457  0.01687908 -0.31453204  0.95162559
14 36 49 617453  0.01781178 -0.31109643  0.95239377
14 36 49 669980  0.01943159 -0.30858493  0.95149899
14 36 49 719709  0.01495337 -0.31038785  0.95286942
14 36 49 768195  0.01763177 -0.30877209  0.95369411
14 36 49 832612  0.01739383 -0.31057572  0.95368958
14 36 49 884165  0.0169735  -0.30679154  0.95586133
14 36 49 920763  0.01647019 -0.31042743  0.95382619
14 36 49 968855  0.01563263  0.17066979 -0.27753687
14 36 50 18416  7.00950623e-05  1.20191526e+00 -1.49627471e+00
14 36 50 71260  0.01273298 -0.30902004  0.95065236
14 36 50 120906  0.01580429 -0.30918717  0.95343852
14 36 50 169868  0.01605582 -0.31231117  0.95281744
14 36 50 219974  0.01332545 -0.31030893  0.95515084
14 36 50 267723  0.01369333 -0.31005716  0.95530105
14 36 50 332328  0.01648235 -0.31123471  0.9555552 
14 36 50 370697  0.01868343 -0.3131454   0.95745373
14 36 50 420133  0.01765418 -0.31090641  0.95717025
14 36 50 468774  0.01497102 -0.31366181  0.95352101
14 36 50 518047  0.01796389 -0.31435943  0.95243669
14 36 50 571021  0.01486254 -0.31276536  0.94938159
14 36 50 620499  0.01950145 -0.31073546  0.95212269
14 36 50 669442  0.01704192 -0.31367922  0.95067143
14 36 50 720263  0.01947045 -0.31035185  0.95307136
14 36 50 771817  0.01641893 -0.31079316  0.95280099
14 36 50 821401  0.01455045 -0.3100245   0.95113564
14 36 50 869903  0.01527119 -0.30720735  0.95355248
14 36 50 929628  0.01584435 -0.30949187  0.95567703
14 36 50 976169  0.01519108 -0.31157184  0.95318222
14 36 51 33597  0.01578379 -0.31199098  0.95483756
14 36 51 78441  0.01548362 -0.3105135   0.95329928
14 36 51 120431  0.01946425 -0.3105011   0.95211625
14 36 51 169191  0.0177927  -0.31075096  0.9527967 
14 36 51 223169  0.01586819 -0.31320524  0.95578647
14 36 51 271357  0.01349974 -0.3073318   0.95335412
14 36 51 322121  0.01726484 -0.31019473  0.95369387
14 36 51 384404  0.01709747 -0.30906224  0.95232821
14 36 51 423428  0.01609397 -0.31085372  0.95228028
14 36 51 472386  0.01676702 -0.31272101  0.95405245
14 36 51 521809  0.0175097  -0.31127524  0.9530344 
14 36 51 570267  0.01566672 -0.30867863  0.9534781 
14 36 51 624775  0.01770878 -0.30866528  0.95133448
14 36 51 681212  0.01643562 -0.30919838  0.95055938
14 36 51 732155  0.01205802 -0.3095088   0.95290756
14 36 51 779910  0.01704168 -0.30933666  0.95489597
14 36 51 829592  0.01730609 -0.30998182  0.95506907
14 36 51 873859  0.0175693  -0.31120086  0.95294046
14 36 51 923454  0.01799178 -0.3087399   0.95462704
14 36 51 972240  0.01948237 -0.31174493  0.95273709
14 36 52 31491  0.01274705 -0.31209135  0.95425153
14 36 52 78371  0.01664877 -0.31032205  0.95334935
14 36 52 133237  0.01504493 -0.31064153  0.95410752
14 36 52 180957  0.01601863 -0.31239438  0.9548161 
14 36 52 222443  0.01560807 -0.3121798   0.95411682
14 36 52 270955  0.0158875  -0.30916572  0.95206308
14 36 52 320490  0.01625776 -0.31092715  0.95226574
14 36 52 373448  0.01412416 -0.31211448  0.95199585
14 36 52 422929  0.01899886 -0.30910707  0.95303035
14 36 52 471789  0.01605201 -0.31038284  0.95378804
14 36 52 525303  0.01671934 -0.3077333   0.95366406
14 36 52 574273  0.01272368 -0.31156921  0.9550252 
14 36 52 623930  0.01561666 -0.31101894  0.95495391
14 36 52 672272  0.01393437 -0.31091022  0.95544648
14 36 52 725875  0.01663136 -0.31111073  0.95376825
14 36 52 774922  0.01637697 -0.30930471  0.95455933
14 36 52 824034  0.01681471 -0.31139112  0.95463252
14 36 52 873249  0.01777411 -0.30791974  0.95017695
14 36 52 922774  0.01667929 -0.31208754  0.95431352
14 36 52 975243  0.01686883 -0.30983281  0.95466781
14 36 53 25120  0.01685739 -0.3109405   0.95225883
14 36 53 73745  0.01691341 -0.30969477  0.95401073
14 36 53 123117  0.01817465 -0.31164408  0.95447421
14 36 53 172105  0.01653409 -0.30686998  0.95287156
14 36 53 225706  0.01521802 -0.31150627  0.95095682
14 36 53 274613  0.01492643 -0.30934501  0.94850707
14 36 53 324043  0.01714349 -0.31008339  0.94877934
14 36 53 372829  0.01863861 -0.31072879  0.94852138
14 36 53 422444  0.0227766  -0.31064796  0.9508419 
14 36 53 475211  0.01505876 -0.31070375  0.95070243
14 36 53 524895  0.01422906 -0.31089377  0.95376801
14 36 53 573108  0.01375151 -0.31372476  0.95187593
14 36 53 626994  0.01589108 -0.31079745  0.95132113
14 36 53 675931  0.01797581 -0.31048369  0.95423889
14 36 53 725028  5.29289246e-05 -1.14183140e+00  1.51935792e+00
14 36 53 774387  0.01539302 -0.30990815  0.95319867
14 36 53 824056  0.01580286 -0.31208444  0.95446587
14 36 53 875953 0.01587653 0.16522217 0.01525855
14 36 53 926378  0.01745033 -0.30994868  0.95453358
14 36 53 974791  0.01586938 -0.30807018  0.95314622
14 36 54 24426  0.01680946 -0.30934334  0.95469689
14 36 54 73280  0.01470256 -0.30984831  0.95163012
14 36 54 126621  0.0171032  -0.30952716  0.95251274
14 36 54 175452  0.01783538 -0.31073093  0.95311904
14 36 54 225324  0.01793265 -0.30815935  0.9538188 
14 36 54 273921  0.01649714 -0.31023335  0.95428324
14 36 54 332508  0.01841807 -0.31207633  0.9525888 
14 36 54 375765  0.01686835 -0.31198883  0.95304322
14 36 54 434918  0.01654243 -0.31142592  0.9532423 
14 36 54 483381  0.01609468 -0.31091738  0.95237565
14 36 54 524373  0.01906157 -0.31130338  0.95091963
14 36 54 573033  0.01891208 -0.30834746  0.95144296
14 36 54 626562  0.0199728  -0.31161451  0.95257211
14 36 54 675335  0.0170722  -0.30883145  0.95222569
14 36 54 725034  0.01610494 -0.31150031  0.94922304
14 36 54 777391  0.01548314 -0.31044865  0.95199347
14 36 54 827343  0.01462603 -0.30897236  0.95072246
14 36 54 876161  0.01830888 -0.31048489  0.95075345
14 36 54 925067  0.01833844 -0.30899858  0.9510541 
14 36 54 974325  0.01563025 -0.30703592  0.95393562
14 36 55 27822  0.01529074 -0.3122735   0.95369029
14 36 55 76734  0.01661873 -0.30858588  0.95288014
14 36 55 126387  0.01590419 -0.31118274  0.95258689
14 36 55 174532  0.01644564 -0.31121278  0.95548439
14 36 55 224141  0.01880956 -0.31032491  0.95095563
14 36 55 277302  0.01572847 -0.30956745  0.95220113
14 36 55 337718  0.0163157  -0.30929875  0.95076299
14 36 55 384052  0.01543188 -0.3097465   0.95380139
14 36 55 424743  0.0182445  -0.30863214  0.95353031
14 36 55 477876  0.01903605 -0.31174278  0.95147562
14 36 55 527633  0.01685524 -0.31001544  0.95021987
14 36 55 576298  0.01601791 -0.30960774  0.95045328
14 36 55 625886  0.01798248 -0.31308413  0.95301485
14 36 55 678872  0.01390958 -0.31099343  0.95281243
14 36 55 728304  0.01616311 -0.31286359  0.94959164
14 36 55 777009  0.01542687 -0.31408286  0.95431828
14 36 55 826100  0.01819396 -0.31399751  0.95352483
14 36 55 875178  0.01742005 -0.31072044  0.95294499
14 36 55 928974  0.01569343 -0.30990815  0.9555366 
14 36 55 977514  0.01526737 -0.30964684  0.95458436
14 36 56 27326  0.01725864 -0.3085556   0.95535183
14 36 56 76005  0.01698875 -0.31190562  0.9542253 
14 36 56 129418  0.01601887 -0.30897307  0.95250869
14 36 56 178398  0.01798701 -0.31280065  0.95352149
14 36 56 228199  0.01718688 -0.30974245  0.94860458
14 36 56 276228  0.01507378 -0.30917525  0.95124221
14 36 56 325830  0.01809716 -0.30788279  0.95059276
14 36 56 379015  0.01766777 -0.31026459  0.95138216
14 36 56 428788  0.01370883 -0.31132698  0.95348907
14 36 56 477805  0.01728582 -0.31030869  0.95138383
14 36 56 527026  0.01695943 -0.3117373   0.9526763 
14 36 56 580476  0.01730347 -0.31083417  0.95345616
14 36 56 629324  0.01437974 -0.30838418  0.95247793
14 36 56 677974  0.01619506 -0.31053543  0.95276093
14 36 56 727661  0.01209283 -0.31152916  0.95381594
14 36 56 776330  0.0146234  -0.30970693  0.9524231 
14 36 56 830157  0.01814532 -0.31247354  0.95462561
14 36 56 878881  0.01570201 -0.31137323  0.95438671
14 36 56 928387  0.01784611 -0.30726361  0.95379925
14 36 56 977169  0.01572824 -0.30755973  0.95559335
14 36 57 30801  0.01148224 -0.31088066  0.95436096
14 36 57 79475  0.0187304  -0.31098175  0.95329189
14 36 57 129246  0.01744437 -0.30876136  0.95401096
14 36 57 178020  0.016469   -0.30876017  0.9523356 
14 36 57 230919  0.0164156  -0.31007099  0.95223975
14 36 57 280184  0.01770139 -0.31059694  0.95371652
14 36 57 329857  0.01604676 -0.30948424  0.95431519
14 36 57 378019  0.01702762 -0.3110559   0.95217419
14 36 57 432139  0.01926017 -0.31039906  0.95086193
14 36 57 481453  0.01563263  1.82690215 -0.9494071 
14 36 57 530076 6.58035278e-05 1.62378645e+00 8.63092899e-01
14 36 57 588007  0.01568294 -0.31106615  0.95697689
14 36 57 638493  0.01706123 -0.30827379  0.94968414
14 36 57 689175  0.01623178 -0.31015205  0.95361853
14 36 57 731230  0.01641226 -0.30971456  0.95291138
14 36 57 779861  0.01414204 -0.30716634  0.95025539
14 36 57 829440  0.01603174 -0.31005764  0.95197129
14 36 57 878165  0.01599979 -0.30785489  0.95392394
14 36 57 931369  0.01485825 -0.31029081  0.95191479
14 36 57 980579  0.01692748 -0.30933166  0.95447516
14 36 58 30251  0.01693058 -0.31195903  0.95243835
14 36 58 78701  0.01711035 -0.31318688  0.95492101
14 36 58 128507  0.01823807 -0.30751944  0.95399809
14 36 58 181199  0.01877666 -0.30943632  0.95593357
14 36 58 230906  0.01504517 -0.310673    0.95525312
14 36 58 279614  0.01691437 -0.31154299  0.95480847
14 36 58 339597  0.01464534 -0.3135879   0.95523548
14 36 58 381781  0.0164845  -0.31229186  0.95506954
14 36 58 431469  0.01663661 -0.30964518  0.95313001
14 36 58 488112  0.0162096  -0.31181073  0.9526298 
14 36 58 539299  0.01749206 -0.31075644  0.95228839
14 36 58 582319  0.01710868 -0.30917978  0.9501617 
14 36 58 632379  0.01490569 -0.31001949  0.95407462
14 36 58 681136  0.01602507 -0.31488085  0.95232081
14 36 58 741929  0.01902175 -0.31247377  0.95355248
14 36 58 779490  0.01541996 -0.31012201  0.95119524
14 36 58 832714  0.01568866 -0.3116405   0.95505714
14 36 58 881650  0.01887083 -0.31100583  0.95472646
14 36 58 931237  0.01795793 -0.31131887  0.95306587
14 36 58 980012  0.01709294 -0.31147623  0.95318842
14 36 59 29486  0.01754522 -0.31327391  0.9543848 
14 36 59 90990  0.01537085 -0.30916858  0.95468354
14 36 59 141847  0.01561165 -0.31159043  0.95007563
14 36 59 188304  0.01723719 -0.31003213  0.95132923
14 36 59 238588  0.01794839 -0.31100702  0.95159078
14 36 59 287943  0.01887703 -0.31135678  0.95158887
14 36 59 332737  0.01805472 -0.31025124  0.95330358
14 36 59 382058  0.01929975 -0.30901909  0.9515326 
14 36 59 429959  0.0165484  -0.31221557  0.95086336
14 36 59 492607  0.01493335 -0.31078815  0.95343399
14 36 59 540228  0.01889777 -0.3119297   0.95158839
14 36 59 582532  0.01797724 -0.31270194  0.95649171
14 36 59 631057  0.01688218 -0.30721617  0.95344782
14 36 59 680883  0.01665998 -0.31251287  0.95242667
14 36 59 733054  0.01675677 -0.30768895  0.95155668
14 36 59 783177  0.01640749 -0.30950427  0.95185757
14 36 59 831676  0.0180881  -0.31059146  0.95243931
14 36 59 889931  0.01477003 -0.30959916  0.95365047
14 36 59 934356  0.01630044 -0.31001091  0.95259523
14 36 59 983370  0.01701951 -0.30867171  0.9541223 
14 37 0 32488  0.01716447 -0.31214285  0.95091867
14 37 0 82169  0.01502085 -0.31144953  0.94919968
14 37 0 130721  0.01443672 -0.31098962  0.95232487
14 37 0 184297  0.01698899 -0.31180096  0.95269275
14 37 0 233322  0.01624346 -0.31189513  0.95439982
14 37 0 282811  0.01873875 -0.31043673  0.95402288
14 37 0 331324  0.01662517 -0.31061006  0.95517159
14 37 0 381410  0.01654935 -0.30875444  0.9557209 
14 37 0 434226  0.01634884 -0.30936599  0.95319939
14 37 0 492681  0.01522779 -0.31359625  0.95187855
14 37 0 540766  0.01695466 -0.31019258  0.95725226
14 37 0 594847  0.01598096 -0.30874419  0.95291686
14 37 0 634306  0.01575637 -0.31020403  0.95473003
14 37 0 684031  0.01854467 -0.31163263  0.95001268
14 37 0 732882  0.01922369 -0.30857301  0.95288134
14 37 0 782961  0.01849127 -0.311939    0.95286036
14 37 0 835189  0.01981354 -0.31242442  0.95035505
14 37 0 884961  0.01863194 -0.31233764  0.95009732
14 37 0 933367  0.01791096 -0.31275964  0.95205951
14 37 0 983255  0.01608038 -0.30885553  0.95222974
14 37 1 45810  0.01515698 -0.30871534  0.95319891
14 37 1 100451  0.0176425  -0.31060004  0.95108724
14 37 1 145181  0.01820374 -0.31034994  0.94982362
14 37 1 194132  0.01805711 -0.31005478  0.95277882
14 37 1 242389  0.01589084 -0.30921364  0.95501018
14 37 1 285826  0.01572108 -0.30716944  0.95307684
14 37 1 335286  0.01684594 -0.30934572  0.95413566
14 37 1 384207  0.01376724 -0.30905557  0.95580769
14 37 1 440093  0.01381087 -0.3104248   0.95418239
14 37 1 499183  0.01646209 -0.30945921  0.95359111
14 37 1 535704  0.01770711 -0.30739951  0.95600915
14 37 1 585328  0.01865888 -0.30954194  0.95246696
14 37 1 649029  0.01565337 -0.31167769  0.95062351
14 37 1 697329  0.01552415 -0.31200266  0.95053673
14 37 1 743716  0.01886439 -0.31083131  0.95269632
14 37 1 785610  0.01874304 -0.31148052  0.95263028
14 37 1 834648  0.01832247 -0.31160331  0.95233893
14 37 1 884445  0.01856923 -0.30868912  0.95572734
14 37 1 936460  0.01576042 -0.31346989  0.95538116
14 37 1 986206  0.01747298 -0.31512856  0.95081282
14 37 2 35770  0.0162611  -0.31151557  0.95316339
14 37 2 84643  0.01466179 -0.31154752  0.95170784
14 37 2 134196  0.01785326 -0.30990601  0.95346618
14 37 2 187391  0.01630402 -0.31159616  0.95282841
14 37 2 235887  0.01664138 -0.3123703   0.95341706
14 37 2 286042  0.01815152 -0.30748677  0.95021391
14 37 2 333994  0.01515794 -0.30875182  0.95675707
14 37 2 387687  0.01564193 -0.30902743  0.95108318
14 37 2 437600  0.01801372 -0.31261492  0.9537909 
14 37 2 486489  0.01863241 -0.30934453  0.95092463
14 37 2 534651  0.01509428 -0.31020308  0.95121026
14 37 2 594721  0.01578403 -0.31020617  0.95293617
14 37 2 637190  0.01677322 -0.30872083  0.95135283
14 37 2 697582  0.01605868 -0.31047273  0.95315695
14 37 2 736501  0.01727724 -0.30948591  0.95263863
14 37 2 785933  0.01642108 -0.31042957  0.95091295
14 37 2 834151  0.01728678 -0.31108499  0.95548368
14 37 2 887419  0.01495719 -0.3103807   0.95197988
14 37 2 936112  0.01635575 -0.31045198  0.95238161
14 37 2 986312  0.01498199 -0.31029868  0.9527173 
14 37 3 34923  0.01435351 -0.30899763  0.955971  
14 37 3 88604  0.01251459 -0.31162453  0.95413494
14 37 3 137324  0.01679373 -0.30874181  0.95304942
14 37 3 186385  0.01437473 -0.30910563  0.952106  
14 37 3 253125  0.01663303 -0.30969214  0.95450544
14 37 3 297156  0.01625824 -0.31020951  0.95334196
14 37 3 337151  0.01783228 -0.3114171   0.95476627
14 37 3 387350  0.01698995 -0.31157827  0.95231485
14 37 3 436228  0.01269627 -0.31416917  0.9502666 
14 37 3 485461  0.01663113 -0.31095815  0.95328283
14 37 3 538685  0.01660013 -0.31167412  0.95178318
14 37 3 587523  0.01424193 -0.31152844  0.95128655
14 37 3 636389  0.01733518 -0.31120801  0.95149016
14 37 3 686259  0.01682639 -0.31238985  0.95067596
14 37 3 735538  0.01546812 -0.31271148  0.95133543
