14 36 36 822792 
14 36 36 868291 0 195938
14 36 36 885232 0 195988
14 36 36 920646 0 196038
14 36 36 942905 0 196088
14 36 36 955707 0 196139
14 36 36 959402 0 196189
14 36 37 2357 0 196239
14 36 37 5296 0 196289
14 36 37 63854 0 196339
14 36 37 67126 0 196389
14 36 37 113755 195788
14 36 37 124765 0 195838
14 36 37 160964 0 195888
14 36 37 165020 0 195938
14 36 37 206393 0 195988
14 36 37 209643 0 196038
14 36 39 719035 0 196088
14 36 39 767822 0 196139
14 36 39 820458 0 196189
14 36 39 858201 0 196239
14 36 39 907105 0 196289
14 36 39 955304 0 196339
14 36 40 8952 0 196389
14 36 40 58676 0 1999
14 36 40 107299 0 2049
14 36 40 168131 0 2099
14 36 40 218282 0 2149
14 36 40 268670 0 2199
14 36 40 324972 0 2249
14 36 40 367537 0 2299
14 36 40 418813 0 2349
14 36 40 464910 0 2399
14 36 40 508942 0 2449
14 36 40 557631 0 2499
14 36 40 608533 0 2549
14 36 40 656239 0 2599
14 36 40 705728 0 2649
14 36 40 758212 0 2699
14 36 40 826038 0 2749
14 36 40 869719 0 2799
14 36 40 910865 0 2849
14 36 40 959160 0 2899
14 36 41 9445 0 2949
14 36 41 57385 0 2999
14 36 41 111627 0 3049
14 36 41 160068 0 3099
14 36 41 209816 0 3149
14 36 41 257928 0 3200
14 36 41 308417 0 3250
14 36 41 360544 0 3300
14 36 41 425595 0 3350
14 36 41 469572 0 3400
14 36 41 508257 0 3450
14 36 41 557176 0 3500
14 36 41 611796 0 3550
14 36 41 659696 0 3600
14 36 41 728087 0 3650
14 36 41 757830 0 3700
14 36 41 807987 0 3750
14 36 41 860322 0 3800
14 36 41 911328 0 3850
14 36 41 958439 0 3900
14 36 42 12155 0 3950
14 36 42 60921 0 4000
14 36 42 111246 0 4050
14 36 42 158972 0 4100
14 36 42 209244 0 4150
14 36 42 261436 0 4200
14 36 42 311540 0 4250
14 36 42 360778 0 4300
14 36 42 422361 0 4350
14 36 42 471928 0 4400
14 36 42 525152 0 4450
14 36 42 570654 0 4500
14 36 42 626004 0 4550
14 36 42 669574 0 4600
14 36 42 725160 0 4651
14 36 42 771692 0 4701
14 36 42 811125 0 4751
14 36 42 858950 0 4801
14 36 42 913754 0 4851
14 36 42 962071 0 4901
14 36 43 11470 0 4951
14 36 43 60436 0 5001
14 36 43 111052 0 5051
14 36 43 162542 0 5101
14 36 43 212960 0 5151
14 36 43 260963 0 5201
14 36 43 311347 0 5251
14 36 43 363435 0 5301
14 36 43 414349 0 5351
14 36 43 461838 0 5401
14 36 43 511342 0 5451
14 36 43 560151 0 5501
14 36 43 615939 0 5551
14 36 43 662546 0 5601
14 36 43 712192 0 5651
14 36 43 760498 0 5701
14 36 43 813782 0 5751
14 36 43 873557 0 5801
14 36 43 931270 0 5851
14 36 43 973153 0 5901
14 36 44 28814 0 5951
14 36 44 73363 0 6001
14 36 44 128853 0 6051
14 36 44 173190 0 6102
14 36 44 228469 0 6152
14 36 44 275751 0 6202
14 36 44 328336 0 6252
14 36 44 372939 0 6302
14 36 44 428520 0 6352
14 36 44 475283 0 6402
14 36 44 529483 0 6452
14 36 44 573109 0 6502
14 36 44 613905 0 6552
14 36 44 665865 0 6602
14 36 44 716299 0 6652
14 36 44 763844 0 6702
14 36 44 813729 0 6752
14 36 44 862719 0 6802
14 36 44 916389 0 6852
14 36 44 964834 0 6902
14 36 45 33223 0 6952
14 36 45 73025 0 7002
14 36 45 128299 0 7052
14 36 45 165871 0 7102
14 36 45 214947 0 7152
14 36 45 264089 0 7202
14 36 45 313707 0 7252
14 36 45 361991 0 7302
14 36 45 415525 0 7352
14 36 45 464599 0 7402
14 36 45 515055 0 7452
14 36 45 562980 0 7502
14 36 45 628013 0 7552
14 36 45 678182 0 7602
14 36 45 740336 0 7652
14 36 45 763550 0 7702
14 36 45 818026 0 7752
14 36 45 866026 0 7802
14 36 45 923207 0 7852
14 36 45 964381 0 7902
14 36 46 13630 0 7952
14 36 46 66523 0 8002
14 36 46 117184 0 8052
14 36 46 165657 0 8102
14 36 46 214634 0 8152
14 36 46 263669 0 8202
14 36 46 317204 0 8252
14 36 46 365577 0 8302
14 36 46 415609 0 8352
14 36 46 463443 0 8402
14 36 46 516143 0 8452
14 36 46 566380 0 8502
14 36 46 616277 0 8552
14 36 46 664521 0 8602
14 36 46 717852 0 8652
14 36 46 767044 0 8702
14 36 46 816628 0 8752
14 36 46 865358 0 8802
14 36 46 919193 0 8852
14 36 46 967766 0 8902
14 36 47 17534 0 8952
14 36 47 66571 0 9003
14 36 47 117158 0 9053
14 36 47 168110 0 9103
14 36 47 218870 0 9153
14 36 47 266621 0 9203
14 36 47 317878 0 9253
14 36 47 365075 0 9303
14 36 47 419394 0 9353
14 36 47 468288 0 9403
14 36 47 517642 0 9453
14 36 47 565539 0 9503
14 36 47 615518 0 9553
14 36 47 668016 0 9603
14 36 47 718020 0 9653
14 36 47 767090 0 9703
14 36 47 819559 0 9753
14 36 47 868861 0 9803
14 36 47 918657 0 9853
14 36 47 966895 0 9903
14 36 48 16310 0 9953
14 36 48 69875 0 10003
14 36 48 118802 0 10053
14 36 48 167350 0 10103
14 36 48 216954 0 10153
14 36 48 270281 0 10203
14 36 48 319850 0 10253
14 36 48 368150 0 10303
14 36 48 417987 0 10353
14 36 48 467480 0 10403
14 36 48 520835 0 10454
14 36 48 569414 0 10504
14 36 48 618645 0 10554
14 36 48 667755 0 10604
14 36 48 721039 0 10654
14 36 48 769526 0 10704
14 36 48 842177 0 10754
14 36 48 883174 0 10804
14 36 48 922077 0 10854
14 36 48 970187 0 10904
14 36 49 19824 0 10954
14 36 49 68645 0 11004
14 36 49 117925 0 11054
14 36 49 171191 0 11104
14 36 49 220388 0 11154
14 36 49 269473 0 11204
14 36 49 319277 0 11254
14 36 49 367704 0 11304
14 36 49 435599 0 11354
14 36 49 481478 0 11404
14 36 49 536029 0 11454
14 36 49 578670 0 11504
14 36 49 619126 0 11554
14 36 49 670813 0 11604
14 36 49 720739 0 11654
14 36 49 768985 0 11704
14 36 49 838972 0 11754
14 36 49 885311 0 11804
14 36 49 921778 0 11854
14 36 49 969691 0 11904
14 36 50 19262 0 11954
14 36 50 72294 0 12004
14 36 50 121674 0 12054
14 36 50 170779 0 12104
14 36 50 221060 0 12154
14 36 50 269611 0 12204
14 36 50 337032 0 12254
14 36 50 371769 0 12304
14 36 50 420981 0 12354
14 36 50 469688 0 12404
14 36 50 518999 0 12454
14 36 50 571920 0 12504
14 36 50 621363 0 12554
14 36 50 670491 0 12604
14 36 50 721320 0 12654
14 36 50 772782 0 12704
14 36 50 822862 0 12754
14 36 50 871146 0 12804
14 36 50 933171 0 12854
14 36 50 980468 0 12904
14 36 51 37421 0 12954
14 36 51 83016 0 13004
14 36 51 121361 0 13054
14 36 51 170544 0 13104
14 36 51 224116 0 13154
14 36 51 272163 0 13204
14 36 51 324285 0 13254
14 36 51 391532 0 13304
14 36 51 424375 0 13355
14 36 51 473491 0 13405
14 36 51 522800 0 13455
14 36 51 571097 0 13505
14 36 51 625746 0 13555
14 36 51 690206 0 13605
14 36 51 735551 0 13655
14 36 51 783714 0 13705
14 36 51 833085 0 13755
14 36 51 874810 0 13805
14 36 51 924399 0 13855
14 36 51 973235 0 13905
14 36 52 35229 0 13955
14 36 52 82593 0 14005
14 36 52 136605 0 14055
14 36 52 184848 0 14105
14 36 52 223536 0 14155
14 36 52 271884 0 14205
14 36 52 321466 0 14255
14 36 52 374338 0 14305
14 36 52 423845 0 14355
14 36 52 472823 0 14405
14 36 52 526263 0 14455
14 36 52 575280 0 14505
14 36 52 624923 0 14555
14 36 52 673212 0 14605
14 36 52 726804 0 14655
14 36 52 775894 0 14705
14 36 52 824855 0 14755
14 36 52 874255 0 14806
14 36 52 923767 0 14856
14 36 52 976225 0 14906
14 36 53 26047 0 14956
14 36 53 74660 0 15006
14 36 53 123927 0 15056
14 36 53 173025 0 15106
14 36 53 226721 0 15156
14 36 53 275595 0 15206
14 36 53 324938 0 15256
14 36 53 373789 0 15306
14 36 53 423397 0 15356
14 36 53 476143 0 15406
14 36 53 525855 0 15456
14 36 53 573869 0 15506
14 36 53 628033 0 15556
14 36 53 676861 0 15606
14 36 53 725842 0 15656
14 36 53 775367 0 15706
14 36 53 825025 0 15756
14 36 53 876827 0 15806
14 36 53 927265 0 15856
14 36 53 975762 0 15906
14 36 54 25417 0 15956
14 36 54 74253 0 16006
14 36 54 127588 0 16056
14 36 54 176346 0 16106
14 36 54 226312 0 16156
14 36 54 274901 0 16206
14 36 54 335740 0 16256
14 36 54 376543 0 16306
14 36 54 438301 0 16356
14 36 54 486934 0 16406
14 36 54 525462 0 16456
14 36 54 574027 0 16506
14 36 54 627638 0 16556
14 36 54 676292 0 16606
14 36 54 725984 0 16656
14 36 54 778251 0 16706
14 36 54 828254 0 16756
14 36 54 877116 0 16806
14 36 54 925941 0 16856
14 36 54 975306 0 16906
14 36 55 28772 0 16956
14 36 55 77672 0 17006
14 36 55 127412 0 17056
14 36 55 175367 0 17106
14 36 55 225117 0 17156
14 36 55 278296 0 17206
14 36 55 341504 0 17256
14 36 55 388328 0 17306
14 36 55 425504 0 17356
14 36 55 478797 0 17406
14 36 55 528657 0 17456
14 36 55 577228 0 17506
14 36 55 626872 0 17556
14 36 55 679869 0 17606
14 36 55 729318 0 17656
14 36 55 777957 0 17707
14 36 55 826995 0 17757
14 36 55 876042 0 17807
14 36 55 929940 0 17857
14 36 55 978293 0 17907
14 36 56 28250 0 17957
14 36 56 76942 0 18007
14 36 56 130286 0 18057
14 36 56 179349 0 18107
14 36 56 229162 0 18157
14 36 56 277063 0 18207
14 36 56 326886 0 18257
14 36 56 380082 0 18307
14 36 56 429822 0 18357
14 36 56 478773 0 18407
14 36 56 527902 0 18457
14 36 56 581386 0 18507
14 36 56 630245 0 18557
14 36 56 678869 0 18607
14 36 56 728576 0 18657
14 36 56 777297 0 18707
14 36 56 831121 0 18757
14 36 56 879888 0 18807
14 36 56 929310 0 18857
14 36 56 978146 0 18907
14 36 57 31753 0 18957
14 36 57 80347 0 19007
14 36 57 130154 0 19057
14 36 57 179083 0 19107
14 36 57 231808 0 19158
14 36 57 281131 0 19208
14 36 57 330870 0 19258
14 36 57 378792 0 19308
14 36 57 433107 0 19358
14 36 57 482393 0 19408
14 36 57 530884 0 19458
14 36 57 592112 0 19508
14 36 57 642953 0 19558
14 36 57 694149 0 19608
14 36 57 732222 0 19658
14 36 57 780800 0 19708
14 36 57 830367 0 19758
14 36 57 879208 0 19808
14 36 57 932139 0 19858
14 36 57 981543 0 19908
14 36 58 31248 0 19958
14 36 58 79620 0 20008
14 36 58 129472 0 20058
14 36 58 182466 0 20108
14 36 58 231878 0 20158
14 36 58 280539 0 20208
14 36 58 343849 0 20258
14 36 58 382734 0 20308
14 36 58 432455 0 20358
14 36 58 491910 0 20408
14 36 58 542551 0 20458
14 36 58 583120 0 20508
14 36 58 633286 0 20558
14 36 58 682075 0 20608
14 36 58 746334 0 20658
14 36 58 780469 0 20708
14 36 58 833615 0 20758
14 36 58 882562 0 20808
14 36 58 932198 0 20858
14 36 58 980986 0 20908
14 36 59 30453 0 20958
14 36 59 95521 0 21008
14 36 59 145473 0 21058
14 36 59 192103 0 21108
14 36 59 242554 0 21158
14 36 59 291179 0 21208
14 36 59 333713 0 21258
14 36 59 383164 0 21308
14 36 59 431042 0 21358
14 36 59 495943 0 21408
14 36 59 544105 0 21458
14 36 59 583532 0 21508
14 36 59 631957 0 21558
14 36 59 682105 0 21608
14 36 59 734021 0 21658
14 36 59 784121 0 21708
14 36 59 832573 0 21758
14 36 59 893351 0 21808
14 36 59 935437 0 21858
14 36 59 984199 0 21908
14 37 0 33418 0 21958
14 37 0 83154 0 22008
14 37 0 131678 0 22059
14 37 0 185168 0 22109
14 37 0 234378 0 22159
14 37 0 283835 0 22209
14 37 0 332219 0 22259
14 37 0 382380 0 22309
14 37 0 435340 0 22359
14 37 0 497654 0 22409
14 37 0 544688 0 22459
14 37 0 598229 0 22509
14 37 0 635078 0 22559
14 37 0 684904 0 22609
14 37 0 733829 0 22659
14 37 0 783731 0 22709
14 37 0 836179 0 22759
14 37 0 885873 0 22809
14 37 0 934209 0 22859
14 37 0 984199 0 22909
14 37 1 54579 0 22959
14 37 1 107901 0 23009
14 37 1 149269 0 23059
14 37 1 200746 0 23109
14 37 1 252919 0 23159
14 37 1 286662 0 23209
14 37 1 336269 0 23259
14 37 1 385033 0 23309
14 37 1 448436 0 23359
14 37 1 505720 0 23409
14 37 1 537067 0 23459
14 37 1 586114 0 23510
14 37 1 656605 0 23560
14 37 1 703862 0 23610
14 37 1 747304 0 23660
14 37 1 786437 0 23710
14 37 1 835692 0 23760
14 37 1 885540 0 23810
14 37 1 937315 0 23860
14 37 1 987096 0 23910
14 37 2 36921 0 23960
14 37 2 85491 0 24010
14 37 2 135235 0 24060
14 37 2 188450 0 24110
14 37 2 236858 0 24160
14 37 2 287217 0 24210
14 37 2 334866 0 24260
14 37 2 388522 0 24310
14 37 2 438456 0 24360
14 37 2 487376 0 24410
14 37 2 535550 0 24460
14 37 2 599187 0 24510
14 37 2 638082 0 24560
14 37 2 703891 0 24610
14 37 2 737663 0 24660
14 37 2 786878 0 24710
14 37 2 835630 0 24760
14 37 2 888653 0 24810
14 37 2 936907 0 24860
14 37 2 988249 0 24910
14 37 3 35945 0 24960
14 37 3 90310 0 25010
14 37 3 138402 0 25060
14 37 3 187235 0 25110
14 37 3 262591 0 25160
14 37 3 302218 0 25210
14 37 3 337926 0 25260
14 37 3 388349 0 25310
14 37 3 437480 0 25360
14 37 3 486329 0 25410
14 37 3 539927 0 25460
14 37 3 588302 0 25510
14 37 3 637170 0 25560
14 37 3 687197 0 25610
14 37 3 736604 0 25660
