10 15 16 703061 -0.00015306 -0.00028849  0.00040817
10 15 16 731347 0.00027657 0.00060463 0.00013399
10 15 16 736917  2.31266022e-04  5.14507294e-04 -9.77516174e-05
10 15 16 774424  1.08003616e-03  9.72747803e-05 -3.75270844e-04
10 15 16 776597  0.00080538  0.00034237 -0.00014448
10 15 16 821261  2.81333923e-05  3.45706940e-04 -3.94344330e-04
10 15 16 839040 -0.00083208  0.00027466 -0.00061512
10 15 16 890898 -1.15728378e-03 -1.87873840e-04 -1.76429749e-05
10 15 16 893133 -9.61780548e-04  8.24928284e-05 -1.81674957e-04
10 15 16 932727 -0.00112629 -0.00022554 -0.00082684
10 15 16 935459 -6.37531281e-04 -4.10079956e-05 -3.13758850e-04
10 15 16 980727  9.39369202e-05  3.36647034e-04 -3.83377075e-04
10 15 16 983220  0.00021267  0.00058699 -0.00028944
10 15 17 28582 5.07831573e-04 1.00469589e-03 4.57763672e-05
10 15 17 37356 -0.00022268  0.00059175  0.00044489
10 15 17 81712 -0.00048161  0.00073767  0.00049925
10 15 17 89892 -0.00075674 -0.00051689  0.00022888
10 15 17 126050 -0.00060225 -0.00089169  0.00069046
10 15 17 128147 -0.00061274 -0.00149012  0.00063467
10 15 17 172475  0.00011921 -0.00112391  0.00030422
10 15 17 174673 3.53336334e-04 7.82012939e-05 3.24726105e-04
10 15 17 220503 0.00079775 0.00140762 0.00083637
10 15 17 222649 0.00043869 0.00163651 0.000494  
10 15 17 284085 0.00041246 0.00075483 0.0001235 
10 15 17 286224 0.00062227 0.00016499 0.00021267
10 15 17 331961 -4.05311584e-05 -1.25408173e-03 -4.36782837e-04
10 15 17 335319  0.00051451 -0.00188875 -0.00063229
10 15 17 379975  0.00033092 -0.0008235  -0.00052786
10 15 17 382051  0.00054646  0.00028467 -0.00084066
10 15 17 428080  0.000597    0.00109434 -0.00069714
10 15 17 430165  0.00038385  0.00132561 -0.000844  
10 15 17 476286  0.00014544  0.00075626 -0.00057364
10 15 17 478948  1.79290771e-04 -6.67572021e-05 -6.16073608e-04
10 15 17 524462 -0.00010729 -0.00109053 -0.00045586
10 15 17 527046  3.19480896e-05 -9.22679901e-04 -6.92367554e-04
10 15 17 577792  6.67572021e-06 -3.03745270e-04 -6.00814819e-05
10 15 17 581707 -0.00017595  0.00050735 -0.00023174
10 15 17 619935 -2.47955322e-05  7.48634338e-04  3.22341919e-04
10 15 17 622520 -0.00021124  0.00078249  0.00041437
10 15 17 683473 -0.00044966 -0.00026369  0.00092602
10 15 17 685607 -0.00040483 -0.00076246  0.00050879
10 15 17 715936 -0.00073195 -0.00092554  0.00060272
10 15 17 731691 -0.00077772 -0.0008173   0.00059795
10 15 17 779729 -0.00073051  0.00023222  0.0009923 
10 15 17 782065 -0.00037575  0.00087929  0.00020027
10 15 17 827625 -5.72204590e-06  6.01291656e-04  1.13010406e-04
10 15 17 829913  8.29696655e-05  5.88417053e-04 -1.43527985e-04
10 15 17 875617 -0.00035667 -0.00043297 -0.00010157
10 15 17 877755 -0.00099277 -0.00070238 -0.00048637
10 15 17 923399 -0.00061989 -0.00056982 -0.00051165
10 15 17 925778 -0.00034142 -0.00035286 -0.00067234
10 15 17 971400 -0.00071001 -0.00013065 -0.00057173
10 15 17 973396 -0.00028563  0.00043535 -0.00067425
10 15 18 25142 -0.00064516  0.00036955 -0.00046206
10 15 18 38779  0.00046301  0.00030613 -0.00054121
10 15 18 67545  0.00060749 -0.00021935 -0.00019789
10 15 18 83214  0.00086021 -0.00045252 -0.00031662
10 15 18 131133  7.39097595e-04 -2.97546387e-04  8.72612000e-05
10 15 18 133208 2.44140625e-04 4.57763672e-05 1.21116638e-04
10 15 18 179148 -1.26361847e-04 -9.05990601e-06  4.47273254e-04
10 15 18 181098 -0.0002861   0.00017166  0.00072479
10 15 18 227071 -0.0001812 -0.0005703  0.0004425
10 15 18 229510  0.00082541 -0.00064087  0.00055408
10 15 18 275064  0.0006547  -0.00079679  0.0004406 
10 15 18 277235  2.24590302e-04 -1.52587891e-05  3.28540802e-04
10 15 18 323147 -0.0003438   0.00061131  0.00025892
10 15 18 325585 -0.00053549  0.00050926  0.00060081
10 15 18 370904 -0.00071001  0.00029755  0.00037146
10 15 18 386668 -0.00056696 -0.00036526  0.00024319
10 15 18 418926 -0.00024986 -0.000494   -0.00042963
10 15 18 423601 -0.00061131 -0.00088596 -0.00066614
10 15 18 466795 -9.11235809e-04 -9.48905945e-05 -6.58988953e-04
10 15 18 488854 -0.00028372  0.00073957 -0.00074196
10 15 18 530639 -0.00045109  0.00074816 -0.00058937
10 15 18 532873 -0.00058508  0.00125027 -0.0004468 
10 15 18 578541 -0.0004034   0.00013065 -0.00021172
10 15 18 580605 -0.00089264 -0.00091028  0.00036049
10 15 18 626902 -2.69412994e-04 -1.47867203e-03 -7.58171082e-05
10 15 18 629002 -0.00020361 -0.00080585  0.00018024
10 15 18 674461 -7.96318054e-05  2.48908997e-04  3.48091125e-04
10 15 18 676601 0.000669   0.00138474 0.00028276
10 15 18 722308 0.0008831  0.00120497 0.00064611
10 15 18 724356 0.00048685 0.00044489 0.00029135
10 15 18 770416  0.00060654 -0.00042439  0.00036526
10 15 18 786403  0.00025034 -0.00122643  0.00022554
10 15 18 818705  0.000278   -0.00126839  0.000422  
10 15 18 821184  0.00067091 -0.0009923  -0.00034952
10 15 18 882145  0.00104141  0.00029469 -0.00024033
10 15 18 884543 0.00040865 0.00067377 0.00010443
10 15 18 929988  0.00053072  0.00126123 -0.00028992
10 15 18 932304  0.00041342  0.00095749 -0.00036764
10 15 18 978066  0.00035858 -0.00054979 -0.00038576
10 15 18 980308  7.91549683e-05 -5.43594360e-04 -6.07967377e-04
10 15 19 25976 -0.00027323 -0.00084734 -0.00074959
10 15 19 28514 -0.00045443 -0.00043869 -0.00028038
10 15 19 73685 -6.34193420e-05  1.97887421e-04 -4.55379486e-04
10 15 19 75758  1.28746033e-05  7.77721405e-04 -2.01702118e-04
10 15 19 121788  2.85625458e-04  8.39233398e-04 -9.53674316e-07
10 15 19 124209 -0.00010443  0.00019026  0.00042677
10 15 19 169781 -4.79698181e-04 -9.29832458e-05  2.14576721e-05
10 15 19 172233 -5.52177429e-04 -8.86917114e-05  6.53743744e-04
10 15 19 233234 -0.00061655 -0.00063705 -0.0002079 
10 15 19 235477 -0.00082302 -0.00097656  0.00056028
10 15 19 281121 -0.00036335 -0.00054216  0.0003581 
10 15 19 283366 -0.00030899  0.00056887  0.00078154
10 15 19 332784 -0.00012636  0.00054502  0.00035286
10 15 19 340563 -0.00026751  0.00043297  0.00038528
10 15 19 377083 0.00022078 0.00061941 0.00034714
10 15 19 379314 6.55174255e-04 9.77516174e-05 1.78813934e-04
10 15 19 425276 8.24928284e-05 4.38690186e-05 5.14984131e-05
10 15 19 427750  2.09331512e-04 -5.59806824e-04 -7.43865967e-05
10 15 19 473018  0.00054932 -0.00072908 -0.0007329 
10 15 19 476039  0.0008769   0.00016928 -0.00035763
10 15 19 520974  0.00041056  0.00040579 -0.00061178
10 15 19 523407  0.00042009  0.00118923 -0.00030851
10 15 19 584218  0.00041389  0.00106621 -0.00028133
10 15 19 586280  0.00065517  0.00014591 -0.00046968
10 15 19 616728  0.00149155 -0.00054884 -0.0006628 
10 15 19 632540  0.00122499 -0.00048256 -0.00045729
10 15 19 680006 9.58919525e-04 3.00407410e-05 7.58171082e-05
10 15 19 682212  2.26020813e-04  1.04570389e-03 -4.38690186e-05
10 15 19 728078 -0.00012112  0.00086641  0.00025272
10 15 19 730563 0.00075293 0.0004611  0.00016642
10 15 19 776298 0.00238705 0.00015879 0.00011206
10 15 19 778555  0.00387573 -0.00112867 -0.00050068
10 15 19 824142  5.15222549e-03 -2.36511230e-04 -9.39369202e-05
10 15 19 826365  0.00239038 -0.00025177  0.00161839
10 15 19 871877 0.00710106 0.00389051 0.00080872
10 15 19 874162 0.00524473 0.00242329 0.00024843
10 15 19 919831 0.0028286  0.00310421 0.00056791
10 15 19 941452  3.20148468e-03 -3.52859497e-05  5.65528870e-04
