10 15 16 703061 0.02277613 0.10946083 0.99965978
10 15 16 731347 0.02433109 0.11347723 0.99724531
10 15 16 736917 0.02233863 0.11772895 0.99770403
10 15 16 774424 0.02312756 0.11572695 0.99410987
10 15 16 776597 0.02321744 0.11288285 0.99330163
10 15 16 821261 0.0234983  0.11252403 0.98977113
10 15 16 839040 0.02270722 0.11418176 0.98810816
10 15 16 890898 0.02126455 0.11386752 0.9924655 
10 15 16 893133 0.02451038 0.11233211 0.99395823
10 15 16 932727 0.02196956 0.11242437 0.9946661 
10 15 16 935459 0.02285004 0.1084671  0.99533749
10 15 16 980727 0.02719307 0.10848546 0.99892402
10 15 16 983220 0.0210886  0.11000919 0.99877024
10 15 17 28582 0.02321434 0.11145353 0.99516368
10 15 17 37356 0.02199674 0.11014056 0.99490547
10 15 17 81712 0.01951575 0.11235023 0.99321151
10 15 17 89892 0.01843691 0.11020279 0.99223351
10 15 17 126050 0.02146196 0.11256909 0.9956069 
10 15 17 128147 0.02038312 0.10787153 1.00074339
10 15 17 172475 0.02205157 0.11087108 1.00509644
10 15 17 174673 0.02162409 0.10923481 1.00150752
10 15 17 220503 0.02456927 0.11013722 0.99736905
10 15 17 222649 0.0234139  0.1098702  0.99521708
10 15 17 284085 0.02501202 0.11317325 0.9947412 
10 15 17 286224 0.02457261 0.1120975  0.99170923
10 15 17 331961 0.02216578 0.11278224 0.99322772
10 15 17 335319 0.02177405 0.1141293  0.99503732
10 15 17 379975 0.02532959 0.11277914 1.00130033
10 15 17 382051 0.02492929 0.11264896 0.99682546
10 15 17 428080 0.02278113 0.11084533 0.99643445
10 15 17 430165 0.02445674 0.11240768 0.99253464
10 15 17 476286 0.02288485 0.11464357 0.99742746
10 15 17 478948 0.0234313  0.11033607 0.99283433
10 15 17 524462 0.0200026  0.11168694 0.99141383
10 15 17 527046 0.01881123 0.11142159 0.99791265
10 15 17 577792 0.02139783 0.11358976 0.99382496
10 15 17 581707 0.02224874 0.11028576 0.99778914
10 15 17 619935 0.0194819  0.11316919 0.99395275
10 15 17 622520 0.02011037 0.11377764 0.9961834 
10 15 17 683473 0.02547812 0.10811019 0.99588585
10 15 17 685607 0.02291179 0.11064935 0.9933877 
10 15 17 715936 0.0240252  0.11274099 0.99514484
10 15 17 731691 0.02384925 0.11387587 0.9928875 
10 15 17 779729 0.02338767 0.11164117 0.99595284
10 15 17 782065 0.02417922 0.11541295 0.99437928
10 15 17 827625 0.02362132 0.11193371 0.99699235
10 15 17 829913 0.02499127 0.1123457  0.99610686
10 15 17 875617 0.02413416 0.11188388 0.99443126
10 15 17 877755 0.02261043 0.1113646  0.99592066
10 15 17 923399 0.02323365 0.11248636 0.99443173
10 15 17 925778 0.02363634 0.11108923 0.99471045
10 15 17 971400 0.02152801 0.10958695 1.00097775
10 15 17 973396 0.0246985  0.11044621 0.99860287
10 15 18 25142 0.01991677 0.10913587 0.99396062
10 15 18 38779 0.02239656 0.10912466 0.99816346
10 15 18 67545 0.02401948 0.11081743 0.9971087 
10 15 18 83214 0.02093506 0.10996079 1.00118375
10 15 18 131133 0.01815414 0.11231971 0.99623561
10 15 18 133208 0.02123952 0.11334205 0.99060893
10 15 18 179148 0.02146053 0.11354375 0.99478626
10 15 18 181098 0.01919794 0.11127234 0.99682665
10 15 18 227071 0.02279925 0.1142571  0.99184728
10 15 18 229510 0.02207327 0.11241651 0.99642301
10 15 18 275064 0.0226984  0.11384726 0.99743843
10 15 18 277235 0.0236187  0.11498284 0.99209595
10 15 18 323147 0.02352428 0.11457205 0.99093652
10 15 18 325585 0.022223   0.11529326 0.99248195
10 15 18 370904 0.02050638 0.11281991 0.99430084
10 15 18 386668 0.02228642 0.11194634 0.99560094
10 15 18 418926 0.02273297 0.11056161 0.99469662
10 15 18 423601 0.0250361  0.11157465 0.99611092
10 15 18 466795 0.02364135 0.11344385 0.99486613
10 15 18 488854 0.02498484 0.11279607 0.99631405
10 15 18 530639 0.02050805 0.11146379 0.99474001
10 15 18 532873 0.02192903 0.11292529 0.99549222
10 15 18 578541 0.02231789 0.11277175 0.99225616
10 15 18 580605 0.02101517 0.11210847 0.99047446
10 15 18 626902 0.02253032 0.10891604 0.99556446
10 15 18 629002 0.0187664  0.1082654  0.99977136
10 15 18 674461 0.02244711 0.10949349 0.99877715
10 15 18 676601 0.02312398 0.10889363 1.00171661
10 15 18 722308 0.02431226 0.11168551 0.99748778
10 15 18 724356 0.02166915 0.11041021 0.99739218
10 15 18 770416 0.02108073 0.10842752 0.99677563
10 15 18 786403 0.0264523  0.11115599 0.9964354 
10 15 18 818705 0.02204895 0.11211228 0.99157143
10 15 18 821184 0.0245409  0.11624551 0.99148011
10 15 18 882145 0.0257256  0.11113    0.99787569
10 15 18 884543 0.02311921 0.11159468 0.99635816
10 15 18 929988 0.02243614 0.11212564 0.99759436
10 15 18 932304 0.02139544 0.11334229 0.99189591
10 15 18 978066 0.02162933 0.11484742 0.99341846
10 15 18 980308 0.02141833 0.1136241  0.9927156 
10 15 19 25976 0.01960635 0.11343074 0.99449372
10 15 19 28514 0.02081251 0.11531019 0.99615836
10 15 19 73685 0.02236319 0.11275029 0.99254727
10 15 19 75758 0.02372241 0.1121769  0.99669337
10 15 19 121788 0.02165437 0.11350965 0.99749231
10 15 19 124209 0.02349949 0.111485   0.99504685
10 15 19 169781 0.02107716 0.11144829 0.99588561
10 15 19 172233 0.02410078 0.11327291 0.99054003
10 15 19 233234 0.02271867 0.11055374 0.99458265
10 15 19 235477 0.02322078 0.11199164 0.99561667
10 15 19 281121 0.0205934  0.10900784 1.0013957 
10 15 19 283366 0.01834798 0.1110177  0.99944115
10 15 19 332784 0.01986742 0.11003375 0.99843001
10 15 19 340563 0.02261686 0.11100435 0.99809122
10 15 19 377083 0.02309084 0.10918236 0.99582386
10 15 19 379314 0.02301335 0.11404228 0.99507618
10 15 19 425276 0.02187252 0.11187148 0.99488735
10 15 19 427750 0.02153945 0.11157084 0.99710679
10 15 19 473018 0.02363038 0.11225104 0.9994576 
10 15 19 476039 0.02618623 0.11006856 0.99629068
10 15 19 520974 0.0261538  0.11197305 0.99531651
10 15 19 523407 0.02343178 0.11289167 0.99580574
10 15 19 584218 0.02211142 0.11234021 0.99437022
10 15 19 586280 0.0208323  0.11182427 0.99541306
10 15 19 616728 0.02616239 0.11500716 0.99854612
10 15 19 632540 0.02145267 0.11230898 0.99511123
10 15 19 680006 0.0234251  0.11273026 0.9952457 
10 15 19 682212 0.01928377 0.11497545 0.99509978
10 15 19 728078 0.02008605 0.11434674 0.99600816
10 15 19 730563 0.02033877 0.11294746 0.99575472
10 15 19 776298 0.02018261 0.1162889  0.99725342
10 15 19 778555 0.02221966 0.11168218 0.99776387
10 15 19 824142 0.02513695 0.11233091 1.00014544
10 15 19 826365 0.01979876 0.09776974 0.99408174
10 15 19 871877 0.02072573 0.11992764 1.00833654
10 15 19 874162 0.02075672 0.11940885 0.98549008
10 15 19 919831 0.02518368 0.11149263 0.982445  
10 15 19 941452 0.02265167 0.11291862 0.9920001 
