15 2 55 149246 88689
15 2 55 164020 0 88739
15 2 55 167352 0 88790
15 2 55 208650 
15 2 55 212154 0 88139
15 2 55 262000 0 88189
15 2 55 265454 0 88239
15 2 55 307119 0 88289
15 2 55 312054 0 88339
15 2 55 356756 0 88389
15 2 55 360318 0 88439
15 2 55 408598 0 88489
15 2 55 412436 0 88539
15 2 55 457193 0 88589
15 2 55 461484 0 88639
15 2 55 509746 0 88689
15 2 58 28587 0 88739
15 2 58 78165 0 88790
15 2 58 127142 0 1999
15 2 58 191938 0 2049
15 2 58 235217 0 2099
15 2 58 292953 0 2149
15 2 58 337835 0 2199
15 2 58 377747 0 2249
15 2 58 425987 0 2299
15 2 58 476627 0 2349
15 2 58 528318 0 2399
15 2 58 577504 0 2449
15 2 58 626341 0 2499
15 2 58 676983 0 2549
15 2 58 728861 0 2599
15 2 58 778616 0 2649
15 2 58 827501 0 2699
15 2 58 877360 0 2749
15 2 58 929475 0 2799
15 2 58 979793 0 2849
15 2 59 28136 0 2899
15 2 59 77219 0 2949
15 2 59 126393 0 2999
15 2 59 180708 0 3049
15 2 59 240986 0 3099
15 2 59 291139 0 3149
15 2 59 342700 0 3200
15 2 59 394130 0 3250
15 2 59 444712 0 3300
15 2 59 494512 0 3350
15 2 59 543293 0 3400
15 2 59 590954 0 3450
15 2 59 629988 0 3500
15 2 59 679454 0 3550
15 2 59 728190 0 3600
15 2 59 778533 0 3650
15 2 59 830799 0 3700
15 2 59 880433 0 3750
15 2 59 929188 0 3800
15 2 59 991427 0 3850
15 3 0 31150 0 3900
15 3 0 81447 0 3950
15 3 0 131084 0 4000
15 3 0 179426 0 4050
15 3 0 228077 0 4100
15 3 0 281697 0 4150
15 3 0 330675 0 4200
15 3 0 379968 0 4250
15 3 0 428545 0 4300
15 3 0 478545 0 4350
15 3 0 531085 0 4400
15 3 0 580946 0 4450
15 3 0 630342 0 4500
15 3 0 679068 0 4550
15 3 0 731855 0 4600
15 3 0 781621 0 4651
15 3 0 844942 0 4701
15 3 0 880044 0 4751
15 3 0 933303 0 4801
15 3 0 982068 0 4851
15 3 1 30868 0 4901
15 3 1 80664 0 4951
15 3 1 140392 0 5001
15 3 1 183203 0 5051
15 3 1 232546 0 5101
15 3 1 281141 0 5151
15 3 1 329617 0 5201
15 3 1 383504 0 5251
15 3 1 432921 0 5301
15 3 1 482091 0 5351
15 3 1 530985 0 5401
15 3 1 579820 0 5451
15 3 1 632714 0 5501
15 3 1 682131 0 5551
15 3 1 731649 0 5601
15 3 1 780903 0 5651
15 3 1 842954 0 5701
15 3 1 895214 0 5751
15 3 1 931952 0 5801
15 3 1 981683 0 5851
15 3 2 31136 0 5901
15 3 2 83954 0 5951
15 3 2 132213 0 6001
15 3 2 182324 0 6051
15 3 2 234760 0 6102
15 3 2 284884 0 6152
15 3 2 349934 0 6202
15 3 2 383137 0 6252
15 3 2 432069 0 6302
15 3 2 496326 0 6352
15 3 2 548485 0 6402
15 3 2 595673 0 6452
15 3 2 648256 0 6502
15 3 2 697467 0 6552
15 3 2 735024 0 6602
15 3 2 784400 0 6652
15 3 2 833258 0 6702
15 3 2 882560 0 6752
15 3 2 935624 0 6802
15 3 2 985106 0 6852
15 3 3 33983 0 6902
15 3 3 83203 0 6952
15 3 3 132133 0 7002
15 3 3 185924 0 7052
15 3 3 234143 0 7102
15 3 3 284388 0 7152
15 3 3 332847 0 7202
15 3 3 386453 0 7252
15 3 3 435113 0 7302
15 3 3 484526 0 7352
15 3 3 534288 0 7402
15 3 3 595165 0 7452
15 3 3 654062 0 7502
15 3 3 697228 0 7552
15 3 3 749588 0 7602
15 3 3 794783 0 7652
15 3 3 836422 0 7702
15 3 3 886233 0 7752
15 3 3 934546 0 7802
15 3 3 995475 0 7852
15 3 4 32918 0 7902
15 3 4 86808 0 7952
15 3 4 135997 0 8002
15 3 4 185217 0 8052
15 3 4 233543 0 8102
15 3 4 284178 0 8152
15 3 4 349628 0 8202
15 3 4 397425 0 8252
15 3 4 448574 0 8302
15 3 4 495643 0 8352
15 3 4 536853 0 8402
15 3 4 586257 0 8452
15 3 4 635223 0 8502
15 3 4 684970 0 8552
15 3 4 738170 0 8602
15 3 4 789067 0 8652
15 3 4 835625 0 8702
15 3 4 885355 0 8752
15 3 4 947241 0 8802
15 3 4 999573 0 8852
15 3 5 36119 0 8902
15 3 5 85779 0 8952
15 3 5 150631 0 9003
15 3 5 188346 0 9053
15 3 5 237789 0 9103
15 3 5 298530 0 9153
15 3 5 348945 0 9203
15 3 5 396607 0 9253
15 3 5 450653 0 9303
15 3 5 499900 0 9353
15 3 5 536320 0 9403
15 3 5 589833 0 9453
15 3 5 638950 0 9503
15 3 5 687818 0 9553
15 3 5 736955 0 9603
15 3 5 786584 0 9653
15 3 5 851901 0 9703
15 3 5 900636 0 9753
15 3 5 952807 0 9803
15 3 5 998638 0 9853
15 3 6 48885 0 9903
15 3 6 89523 0 9953
15 3 6 139245 0 10003
15 3 6 187809 0 10053
15 3 6 236267 0 10103
15 3 6 286130 0 10153
15 3 6 351034 0 10203
15 3 6 399040 0 10253
15 3 6 448118 0 10303
15 3 6 503478 0 10353
15 3 6 549345 0 10403
15 3 6 589151 0 10454
15 3 6 637528 0 10504
15 3 6 691564 0 10554
15 3 6 740556 0 10604
15 3 6 789823 0 10654
15 3 6 849409 0 10704
15 3 6 888289 0 10754
15 3 6 940818 0 10804
15 3 6 991119 0 10854
15 3 7 39284 0 10904
15 3 7 89952 0 10954
15 3 7 137744 0 11004
15 3 7 191266 0 11054
15 3 7 240031 0 11104
15 3 7 290739 0 11154
15 3 7 338291 0 11204
15 3 7 387909 0 11254
15 3 7 440664 0 11304
15 3 7 491109 0 11354
15 3 7 539262 0 11404
15 3 7 593439 0 11454
15 3 7 641411 0 11504
15 3 7 691254 0 11554
15 3 7 758548 0 11604
15 3 7 789394 0 11654
15 3 7 842203 0 11704
15 3 7 891897 0 11754
15 3 7 942264 0 11804
15 3 7 990039 0 11854
15 3 8 38767 0 11904
15 3 8 92874 0 11954
15 3 8 141761 0 12004
15 3 8 190711 0 12054
15 3 8 239312 0 12104
15 3 8 289107 0 12154
15 3 8 342775 0 12204
15 3 8 391296 0 12254
15 3 8 440267 0 12304
15 3 8 500945 0 12354
15 3 8 539187 0 12404
15 3 8 592270 0 12454
15 3 8 641829 0 12504
15 3 8 690181 0 12554
15 3 8 742874 0 12604
15 3 8 792601 0 12654
15 3 8 842029 0 12704
15 3 8 891040 0 12754
15 3 8 939870 0 12804
15 3 8 993760 0 12854
15 3 9 42035 0 12904
15 3 9 91620 0 12954
15 3 9 140170 0 13004
15 3 9 190550 0 13054
15 3 9 253627 0 13104
15 3 9 293385 0 13154
15 3 9 341280 0 13204
15 3 9 390501 0 13254
15 3 9 444494 0 13304
15 3 9 493486 0 13355
15 3 9 542049 0 13405
15 3 9 591980 0 13455
15 3 9 644344 0 13505
15 3 9 693812 0 13555
15 3 9 742761 0 13605
15 3 9 793387 0 13655
15 3 9 844870 0 13705
15 3 9 894561 0 13755
15 3 9 942914 0 13805
15 3 9 993185 0 13855
15 3 10 41759 0 13905
15 3 10 96282 0 13955
15 3 10 144034 0 14005
15 3 10 193724 0 14055
15 3 10 242458 0 14105
15 3 10 307614 0 14155
15 3 10 344587 0 14205
15 3 10 395705 0 14255
15 3 10 443093 0 14305
15 3 10 492765 0 14355
15 3 10 545257 0 14405
15 3 10 597769 0 14455
15 3 10 643817 0 14505
15 3 10 712153 0 14555
15 3 10 742052 0 14605
15 3 10 795642 0 14655
15 3 10 844229 0 14705
15 3 10 894927 0 14755
15 3 10 946638 0 14806
15 3 10 996084 0 14856
15 3 11 44820 0 14906
15 3 11 95235 0 14956
15 3 11 143344 0 15006
15 3 11 196723 0 15056
15 3 11 245891 0 15106
15 3 11 295016 0 15156
15 3 11 344299 0 15206
15 3 11 397813 0 15256
15 3 11 446334 0 15306
15 3 11 496051 0 15356
15 3 11 544815 0 15406
15 3 11 594458 0 15456
15 3 11 647760 0 15506
15 3 11 697694 0 15556
15 3 11 745526 0 15606
15 3 11 811201 0 15656
15 3 11 855033 0 15706
15 3 11 897424 0 15756
15 3 11 946220 0 15806
15 3 11 996944 0 15856
15 3 12 44430 0 15906
15 3 12 111914 0 15956
15 3 12 155164 0 16006
15 3 12 197388 0 16056
15 3 12 245071 0 16106
15 3 12 294748 0 16156
15 3 12 347463 0 16206
15 3 12 397229 0 16256
15 3 12 445917 0 16306
15 3 12 495219 0 16356
15 3 12 548155 0 16406
15 3 12 619074 0 16456
15 3 12 646467 0 16506
15 3 12 696630 0 16556
15 3 12 745327 0 16606
15 3 12 813761 0 16656
15 3 12 859746 0 16706
15 3 12 912768 0 16756
15 3 12 956505 0 16806
15 3 12 996039 0 16856
15 3 13 48070 0 16906
15 3 13 97467 0 16956
15 3 13 145868 0 17006
15 3 13 195758 0 17056
15 3 13 258220 0 17106
15 3 13 298879 0 17156
15 3 13 346873 0 17206
15 3 13 396575 0 17256
15 3 13 449183 0 17306
15 3 13 498767 0 17356
15 3 13 547509 0 17406
15 3 13 598378 0 17456
15 3 13 646003 0 17506
15 3 13 699494 0 17556
15 3 13 748328 0 17606
15 3 13 808525 0 17656
15 3 13 846647 0 17707
15 3 13 900104 0 17757
15 3 13 949075 0 17807
15 3 13 998617 0 17857
15 3 14 47438 0 17907
15 3 14 97117 0 17957
15 3 14 159729 0 18007
15 3 14 213160 0 18057
15 3 14 264772 0 18107
15 3 14 313270 0 18157
15 3 14 350096 0 18207
15 3 14 399930 0 18257
15 3 14 448024 0 18307
15 3 14 498357 0 18357
15 3 14 551277 0 18407
15 3 14 600885 0 18457
15 3 14 650080 0 18507
15 3 14 699174 0 18557
15 3 14 747753 0 18607
15 3 14 802267 0 18657
15 3 14 850215 0 18707
15 3 14 899533 0 18757
15 3 14 948560 0 18807
15 3 14 998053 0 18857
15 3 15 50964 0 18907
15 3 15 100477 0 18957
15 3 15 149095 0 19007
15 3 15 199449 0 19057
15 3 15 251701 0 19107
15 3 15 301517 0 19158
15 3 15 349777 0 19208
15 3 15 402897 0 19258
15 3 15 452713 0 19308
15 3 15 502295 0 19358
15 3 15 550277 0 19408
15 3 15 600214 0 19458
15 3 15 652341 0 19508
15 3 15 702697 0 19558
15 3 15 752534 0 19608
15 3 15 800593 0 19658
15 3 15 849241 0 19708
15 3 15 903059 0 19758
15 3 15 951463 0 19808
15 3 16 1979 0 19858
15 3 16 50016 0 19908
15 3 16 111164 0 19958
15 3 16 152409 0 20008
15 3 16 202307 0 20058
15 3 16 251636 0 20108
15 3 16 300471 0 20158
15 3 16 371644 0 20208
15 3 16 414443 0 20258
15 3 16 465903 0 20308
15 3 16 513108 0 20358
15 3 16 554141 0 20408
15 3 16 603607 0 20458
15 3 16 652233 0 20508
15 3 16 702676 0 20558
15 3 16 749962 0 20608
15 3 16 803926 0 20658
15 3 16 862970 0 20708
15 3 16 903913 0 20758
15 3 16 951516 0 20808
15 3 17 19742 0 20858
15 3 17 63817 0 20908
15 3 17 115113 0 20958
15 3 17 161967 0 21008
15 3 17 202036 0 21058
15 3 17 250850 0 21108
15 3 17 316090 0 21158
15 3 17 366765 0 21208
15 3 17 412416 0 21258
15 3 17 451273 0 21308
15 3 17 504606 0 21358
15 3 17 553645 0 21408
15 3 17 602810 0 21458
15 3 17 651857 0 21508
15 3 17 705093 0 21558
15 3 17 755020 0 21608
15 3 17 803791 0 21658
15 3 17 851871 0 21708
15 3 17 902135 0 21758
15 3 17 955346 0 21808
15 3 18 4828 0 21858
15 3 18 53147 0 21908
15 3 18 102544 0 21958
15 3 18 154935 0 22008
15 3 18 205146 0 22059
15 3 18 253673 0 22109
15 3 18 303371 0 22159
15 3 18 369118 0 22209
15 3 18 416582 0 22259
15 3 18 467163 0 22309
15 3 18 515485 0 22359
15 3 18 566705 0 22409
15 3 18 617451 0 22459
15 3 18 654957 0 22509
15 3 18 704361 0 22559
15 3 18 754033 0 22609
15 3 18 807078 0 22659
15 3 18 856207 0 22709
15 3 18 905103 0 22759
15 3 18 954873 0 22809
15 3 19 3827 0 22859
15 3 19 57204 0 22909
15 3 19 106557 0 22959
15 3 19 154961 0 23009
15 3 19 204519 0 23059
15 3 19 257115 0 23109
15 3 19 306986 0 23159
15 3 19 368700 0 23209
15 3 19 416969 0 23259
15 3 19 464878 0 23309
15 3 19 519712 0 23359
15 3 19 556657 0 23409
15 3 19 605821 0 23459
15 3 19 655041 0 23510
15 3 19 708465 0 23560
15 3 19 756778 0 23610
15 3 19 807151 0 23660
15 3 19 855840 0 23710
15 3 19 908672 0 23760
15 3 19 957458 0 23810
15 3 20 7163 0 23860
15 3 20 56418 0 23910
15 3 20 109549 0 23960
15 3 20 158121 0 24010
15 3 20 208068 0 24060
15 3 20 256639 0 24110
15 3 20 305985 0 24160
15 3 20 358904 0 24210
15 3 20 409040 0 24260
15 3 20 458385 0 24310
15 3 20 506910 0 24360
15 3 20 555888 0 24410
15 3 20 609151 0 24460
15 3 20 658691 0 24510
15 3 20 707749 0 24560
15 3 20 755947 0 24610
15 3 20 805643 0 24660
15 3 20 869846 0 24710
15 3 20 919662 0 24760
15 3 20 971585 0 24810
15 3 21 17062 0 24860
15 3 21 59300 0 24910
15 3 21 109048 0 24960
15 3 21 158236 0 25010
15 3 21 207054 0 25060
15 3 21 269192 0 25110
15 3 21 322012 0 25160
15 3 21 372237 0 25210
15 3 21 419553 0 25260
15 3 21 471205 0 25310
15 3 21 522647 0 25360
15 3 21 558968 0 25410
15 3 21 608793 0 25460
15 3 21 657797 0 25510
15 3 21 707086 0 25560
15 3 21 759476 0 25610
15 3 21 809473 0 25660
15 3 21 858644 0 25710
15 3 21 907618 0 25760
15 3 21 956501 0 25810
15 3 22 9858 0 25860
15 3 22 59292 0 25910
15 3 22 108596 0 25960
15 3 22 163581 0 26010
15 3 22 210514 0 26060
15 3 22 259668 0 26110
15 3 22 320002 0 26160
15 3 22 370936 0 26210
15 3 22 411391 0 26260
15 3 22 460287 0 26310
15 3 22 509720 0 26360
15 3 22 558839 0 26411
15 3 22 612088 0 26461
15 3 22 661599 0 26511
15 3 22 710124 0 26561
15 3 22 759182 0 26611
15 3 22 808739 0 26661
15 3 22 861254 0 26711
15 3 22 911363 0 26761
15 3 22 960982 0 26811
15 3 23 22199 0 26861
15 3 23 58446 0 26911
15 3 23 112100 0 26961
15 3 23 161006 0 27011
15 3 23 210372 0 27061
15 3 23 262833 0 27111
15 3 23 312272 0 27161
15 3 23 361069 0 27211
15 3 23 410973 0 27261
15 3 23 460523 0 27311
15 3 23 512883 0 27361
15 3 23 561831 0 27411
15 3 23 611643 0 27461
15 3 23 660672 0 27511
15 3 23 709879 0 27561
15 3 23 762731 0 27611
15 3 23 812514 0 27661
15 3 23 860747 0 27711
15 3 23 910334 0 27761
15 3 23 963744 0 27811
15 3 24 26618 0 27862
15 3 24 77853 0 27912
15 3 24 125088 0 27962
15 3 24 177522 0 28012
15 3 24 227682 0 28062
15 3 24 263129 0 28112
15 3 24 311957 0 28162
15 3 24 364098 0 28212
15 3 24 414443 0 28262
15 3 24 462953 0 28312
15 3 24 512961 0 28362
15 3 24 575769 0 28412
15 3 24 628030 0 28462
15 3 24 676991 0 28512
15 3 24 727654 0 28562
15 3 24 762561 0 28612
15 3 24 812506 0 28662
15 3 24 864648 0 28712
15 3 24 913971 0 28762
15 3 24 962350 0 28812
15 3 25 12468 0 28862
15 3 25 65068 0 28912
15 3 25 114737 0 28962
15 3 25 163763 0 29012
15 3 25 212843 0 29062
15 3 25 261874 0 29112
15 3 25 315577 0 29162
15 3 25 364512 0 29212
15 3 25 413557 0 29262
15 3 25 475226 0 29312
15 3 25 528949 0 29362
15 3 25 578925 0 29412
15 3 25 614305 0 29462
15 3 25 678011 0 29512
15 3 25 712994 0 29562
15 3 25 765398 0 29612
15 3 25 815382 0 29662
15 3 25 864444 0 29712
15 3 25 913354 0 29762
15 3 25 961969 0 29812
15 3 26 15637 0 29862
15 3 26 64484 0 29912
15 3 26 114184 0 29962
15 3 26 164068 0 30012
15 3 26 216532 0 30062
15 3 26 265583 0 30112
15 3 26 314713 0 30162
15 3 26 363579 0 30212
15 3 26 413070 0 30262
15 3 26 465745 0 30312
15 3 26 515461 0 30362
15 3 26 564082 0 30412
15 3 26 613924 0 30462
15 3 26 667312 0 30512
15 3 26 729940 0 30562
15 3 26 777328 0 30612
15 3 26 828136 0 30662
15 3 26 879849 0 30712
15 3 26 928353 0 30763
15 3 26 981107 0 30813
15 3 27 24938 0 30863
15 3 27 67878 0 30913
15 3 27 117432 0 30963
15 3 27 166473 0 31013
15 3 27 215842 0 31063
15 3 27 264578 0 31113
15 3 27 318328 0 31163
15 3 27 384904 0 31213
15 3 27 430621 0 31263
15 3 27 478188 0 31313
15 3 27 529070 0 31363
15 3 27 567361 0 31413
15 3 27 617430 0 31463
15 3 27 665559 0 31513
15 3 27 715692 0 31563
15 3 27 768253 0 31613
15 3 27 817585 0 31663
15 3 27 866231 0 31713
15 3 27 916281 0 31763
15 3 27 968738 0 31813
15 3 28 29842 0 31863
15 3 28 81484 0 31913
15 3 28 128346 0 31963
15 3 28 178539 0 32013
15 3 28 230489 0 32063
15 3 28 281026 0 32113
15 3 28 329515 0 32163
15 3 28 386010 0 32214
15 3 28 431070 0 32264
15 3 28 481436 0 32314
15 3 28 530587 0 32364
15 3 28 567187 0 32414
15 3 28 616722 0 32464
15 3 28 682005 0 32514
15 3 28 731058 0 32564
15 3 28 777264 0 32614
15 3 28 829774 0 32664
15 3 28 881850 0 32714
15 3 28 930203 0 32764
15 3 28 980404 0 32814
15 3 29 17475 0 32864
15 3 29 70968 0 32914
15 3 29 120364 0 32964
15 3 29 170189 0 33014
15 3 29 218197 0 33064
15 3 29 267905 0 33114
15 3 29 320724 0 33164
15 3 29 370344 0 33214
15 3 29 419921 0 33264
15 3 29 468735 0 33314
15 3 29 516942 0 33364
15 3 29 571256 0 33414
15 3 29 619892 0 33464
15 3 29 669362 0 33514
15 3 29 730363 0 33564
15 3 29 779444 0 33614
15 3 29 834657 0 33664
15 3 29 880903 0 33714
15 3 29 919721 0 33764
15 3 29 972291 0 33814
15 3 30 21562 0 33864
15 3 30 70539 0 33914
15 3 30 119245 0 33964
15 3 30 169080 0 34014
15 3 30 221532 0 34064
15 3 30 271306 0 34114
15 3 30 320375 0 34164
15 3 30 369457 0 34214
15 3 30 434701 0 34264
15 3 30 472326 0 34314
15 3 30 521306 0 34364
15 3 30 570565 0 34414
15 3 30 619067 0 34464
15 3 30 668701 0 34514
15 3 30 721069 0 34564
15 3 30 771138 0 34614
15 3 30 820197 0 34664
15 3 30 869154 0 34714
15 3 30 934186 0 34764
15 3 30 972487 0 34814
15 3 31 20804 0 34864
15 3 31 70298 0 34914
15 3 31 123403 0 34964
15 3 31 172277 0 35014
15 3 31 221121 0 35064
15 3 31 270813 0 35115
15 3 31 323802 0 35165
15 3 31 373095 0 35215
15 3 31 421873 0 35265
15 3 31 471403 0 35315
15 3 31 520055 0 35365
15 3 31 573863 0 35415
15 3 31 623226 0 35465
15 3 31 672182 0 35515
15 3 31 720763 0 35565
15 3 31 770346 0 35615
15 3 31 823141 0 35665
15 3 31 872898 0 35715
15 3 31 921478 0 35765
15 3 31 981283 0 35815
15 3 32 33934 0 35865
15 3 32 83702 0 35915
15 3 32 133519 0 35965
15 3 32 180667 0 36015
15 3 32 224328 0 36065
15 3 32 274289 0 36115
15 3 32 323397 0 36165
15 3 32 372644 0 36215
15 3 32 421313 0 36265
15 3 32 474197 0 36315
15 3 32 523194 0 36365
15 3 32 573286 0 36415
15 3 32 622245 0 36465
15 3 32 675607 0 36515
15 3 32 738730 0 36566
15 3 32 775014 0 36616
15 3 32 822891 0 36666
15 3 32 876266 0 36716
15 3 32 925592 0 36766
15 3 32 976435 0 36816
15 3 33 23757 0 36866
15 3 33 72891 0 36916
15 3 33 126558 0 36966
15 3 33 175476 0 37016
15 3 33 223995 0 37066
15 3 33 273661 0 37116
15 3 33 323042 0 37166
15 3 33 376070 0 37216
15 3 33 424431 0 37266
15 3 33 473981 0 37316
15 3 33 523234 0 37366
15 3 33 589540 0 37416
15 3 33 639728 0 37466
15 3 33 674932 0 37516
15 3 33 724547 0 37566
15 3 33 777235 0 37616
15 3 33 827228 0 37666
15 3 33 875769 0 37716
15 3 33 935523 0 37766
15 3 33 985988 0 37816
15 3 34 27288 0 37866
15 3 34 76484 0 37916
15 3 34 125901 0 37966
15 3 34 174850 0 38016
15 3 34 223207 0 38066
15 3 34 286167 0 38116
15 3 34 326503 0 38166
15 3 34 375580 0 38216
15 3 34 424131 0 38266
15 3 34 477295 0 38316
15 3 34 526612 0 38366
15 3 34 576086 0 38416
15 3 34 625852 0 38466
15 3 34 674300 0 38516
15 3 34 727093 0 38566
15 3 34 776996 0 38616
15 3 34 826466 0 38666
15 3 34 874668 0 38716
15 3 34 927511 0 38766
15 3 34 987868 0 38816
15 3 35 26671 0 38866
15 3 35 76109 0 38916
15 3 35 124750 0 38966
15 3 35 191487 0 39016
15 3 35 238176 0 39066
15 3 35 287446 0 39116
15 3 35 337301 0 39166
15 3 35 385636 0 39216
15 3 35 437354 0 39266
15 3 35 483961 0 39316
15 3 35 526356 0 39366
15 3 35 579534 0 39416
15 3 35 629168 0 39467
15 3 35 677820 0 39517
15 3 35 727441 0 39567
15 3 35 780193 0 39617
15 3 35 829491 0 39667
15 3 35 878582 0 39717
15 3 35 926931 0 39767
15 3 35 976939 0 39817
15 3 36 29802 0 39867
15 3 36 92434 0 39917
15 3 36 129123 0 39967
15 3 36 177469 0 40017
15 3 36 226056 0 40067
15 3 36 279920 0 40117
15 3 36 328524 0 40167
15 3 36 378342 0 40217
15 3 36 428186 0 40267
15 3 36 485929 0 40317
15 3 36 529240 0 40367
15 3 36 579096 0 40417
15 3 36 628656 0 40467
15 3 36 677272 0 40517
15 3 36 729534 0 40567
15 3 36 779719 0 40617
15 3 36 828309 0 40667
15 3 36 877945 0 40717
15 3 36 931184 0 40767
15 3 36 980372 0 40817
15 3 37 29058 0 40867
15 3 37 78618 0 40918
15 3 37 133046 0 40968
15 3 37 181111 0 41018
15 3 37 242993 0 41068
15 3 37 293658 0 41118
15 3 37 328400 0 41168
15 3 37 381692 0 41218
15 3 37 431438 0 41268
15 3 37 480106 0 41318
15 3 37 528655 0 41368
15 3 37 578723 0 41418
15 3 37 632379 0 41468
15 3 37 680918 0 41518
15 3 37 729437 0 41568
15 3 37 779415 0 41618
15 3 37 831860 0 41668
15 3 37 881482 0 41718
15 3 37 930413 0 41768
15 3 37 979806 0 41818
15 3 38 32301 0 41868
15 3 38 82058 0 41918
15 3 38 131058 0 41968
15 3 38 180393 0 42018
15 3 38 230436 0 42068
15 3 38 282328 0 42118
15 3 38 331466 0 42168
15 3 38 381274 0 42218
15 3 38 430117 0 42268
15 3 38 478785 0 42318
15 3 38 532054 0 42368
15 3 38 581950 0 42418
15 3 38 630982 0 42468
15 3 38 679907 0 42518
15 3 38 728710 0 42568
15 3 38 782670 0 42618
15 3 38 830730 0 42668
15 3 38 880713 0 42718
15 3 38 943305 0 42768
15 3 38 995988 0 42818
15 3 39 47512 0 42868
15 3 39 93996 0 42918
15 3 39 143090 0 42968
15 3 39 183793 0 43018
15 3 39 233436 0 43068
15 3 39 282121 0 43118
15 3 39 347683 0 43168
15 3 39 393781 0 43218
15 3 39 433889 0 43268
15 3 39 482921 0 43318
15 3 39 531177 0 43368
15 3 39 580584 0 43418
15 3 39 630424 0 43468
15 3 39 683502 0 43518
15 3 39 733482 0 43568
15 3 39 791083 0 43618
15 3 39 831910 0 43668
15 3 39 883755 0 43718
15 3 39 933735 0 43768
15 3 39 983144 0 43819
15 3 40 31713 0 43869
15 3 40 84586 0 43919
15 3 40 134032 0 43969
15 3 40 182753 0 44019
15 3 40 232268 0 44069
15 3 40 284984 0 44119
15 3 40 352827 0 44169
15 3 40 393284 0 44219
15 3 40 448730 0 44269
15 3 40 492165 0 44319
15 3 40 549921 0 44369
15 3 40 593617 0 44419
15 3 40 651332 0 44469
15 3 40 694393 0 44519
15 3 40 736923 0 44569
15 3 40 785016 0 44619
15 3 40 834053 0 44669
15 3 40 883234 0 44719
15 3 40 932349 0 44769
15 3 40 985698 0 44819
15 3 41 34998 0 44869
15 3 41 93251 0 44919
15 3 41 150090 0 44969
15 3 41 192765 0 45019
15 3 41 236078 0 45069
15 3 41 293761 0 45119
15 3 41 358366 0 45169
15 3 41 396223 0 45219
15 3 41 453527 0 45270
15 3 41 495352 0 45320
15 3 41 549396 0 45370
15 3 41 587679 0 45420
15 3 41 637011 0 45470
15 3 41 685984 0 45520
15 3 41 736629 0 45570
15 3 41 784355 0 45620
15 3 41 837815 0 45670
15 3 41 886864 0 45720
15 3 41 936333 0 45770
15 3 41 985518 0 45820
15 3 42 34263 0 45870
15 3 42 87311 0 45920
15 3 42 136564 0 45970
15 3 42 185463 0 46020
15 3 42 236308 0 46070
15 3 42 283992 0 46120
15 3 42 337833 0 46170
15 3 42 386305 0 46220
15 3 42 435537 0 46270
15 3 42 488251 0 46320
15 3 42 539263 0 46370
15 3 42 596591 0 46420
15 3 42 650586 0 46470
15 3 42 695484 0 46520
15 3 42 753728 0 46570
15 3 42 797449 0 46620
15 3 42 850421 0 46670
15 3 42 896296 0 46720
15 3 42 935651 0 46770
15 3 42 988223 0 46820
15 3 43 38578 0 46870
15 3 43 96614 0 46920
15 3 43 151519 0 46970
15 3 43 194259 0 47020
15 3 43 251784 0 47070
15 3 43 298703 0 47120
15 3 43 350633 0 47170
15 3 43 394843 0 47220
15 3 43 439087 0 47270
15 3 43 488087 0 47320
15 3 43 537701 0 47370
15 3 43 586365 0 47420
15 3 43 652567 0 47470
15 3 43 699139 0 47520
15 3 43 738247 0 47570
15 3 43 786898 0 47620
15 3 43 836703 0 47670
15 3 43 889282 0 47720
15 3 43 952107 0 47770
15 3 43 987752 0 47820
15 3 44 36914 0 47870
15 3 44 86106 0 47920
15 3 44 140170 0 47970
15 3 44 188512 0 48020
15 3 44 238024 0 48070
15 3 44 286516 0 48120
15 3 44 340683 0 48171
15 3 44 389388 0 48221
15 3 44 438944 0 48271
15 3 44 487527 0 48321
15 3 44 537018 0 48371
15 3 44 589913 0 48421
15 3 44 640132 0 48471
15 3 44 688260 0 48521
15 3 44 743149 0 48571
15 3 44 790671 0 48621
15 3 44 840750 0 48671
15 3 44 888861 0 48721
15 3 44 950762 0 48771
15 3 45 1610 0 48821
15 3 45 55282 0 48871
15 3 45 99710 0 48921
15 3 45 151299 0 48971
15 3 45 188423 0 49021
15 3 45 241909 0 49071
15 3 45 290597 0 49121
15 3 45 339769 0 49171
15 3 45 388955 0 49221
15 3 45 437488 0 49271
15 3 45 491406 0 49321
15 3 45 539978 0 49371
15 3 45 589572 0 49421
15 3 45 638915 0 49471
15 3 45 691637 0 49521
15 3 45 753038 0 49571
15 3 45 790543 0 49622
15 3 45 843235 0 49672
15 3 45 892943 0 49722
15 3 45 941850 0 49772
15 3 45 991144 0 49822
15 3 46 40181 0 49872
15 3 46 93203 0 49922
15 3 46 142506 0 49972
15 3 46 191788 0 50022
15 3 46 240705 0 50072
15 3 46 290061 0 50122
15 3 46 343308 0 50172
15 3 46 392488 0 50222
15 3 46 452633 0 50272
15 3 46 490987 0 50322
15 3 46 544915 0 50372
15 3 46 592972 0 50422
15 3 46 642437 0 50472
15 3 46 691579 0 50522
15 3 46 741001 0 50572
15 3 46 794117 0 50622
15 3 46 842554 0 50672
15 3 46 892210 0 50722
15 3 46 940894 0 50772
15 3 46 994621 0 50822
15 3 47 44299 0 50872
15 3 47 92512 0 50922
15 3 47 141926 0 50972
15 3 47 191419 0 51022
15 3 47 244081 0 51072
15 3 47 293671 0 51122
15 3 47 356085 0 51172
15 3 47 402789 0 51222
15 3 47 451366 0 51272
15 3 47 504688 0 51322
15 3 47 543268 0 51372
15 3 47 592275 0 51422
15 3 47 641409 0 51472
15 3 47 694581 0 51522
15 3 47 743527 0 51572
15 3 47 793372 0 51622
15 3 47 842397 0 51672
15 3 47 891629 0 51722
15 3 47 944513 0 51772
15 3 48 5873 0 51822
15 3 48 55465 0 51872
15 3 48 103390 0 51922
15 3 48 154435 0 51972
15 3 48 194196 0 52022
15 3 48 244213 0 52072
15 3 48 293073 0 52122
15 3 48 342148 0 52172
15 3 48 395138 0 52222
15 3 48 444239 0 52272
15 3 48 493809 0 52322
15 3 48 543391 0 52372
15 3 48 595901 0 52422
15 3 48 646258 0 52472
15 3 48 694019 0 52523
15 3 48 743387 0 52573
15 3 48 812678 0 52623
15 3 48 845877 0 52673
15 3 48 895258 0 52723
15 3 48 943651 0 52773
15 3 48 993006 0 52823
15 3 49 46231 0 52873
15 3 49 95678 0 52923
15 3 49 144483 0 52973
15 3 49 194014 0 53023
15 3 49 246734 0 53073
15 3 49 296650 0 53123
15 3 49 345351 0 53173
15 3 49 394910 0 53223
15 3 49 447354 0 53273
15 3 49 510458 0 53323
15 3 49 558224 0 53373
15 3 49 595704 0 53423
15 3 49 659497 0 53473
15 3 49 710347 0 53523
15 3 49 763940 0 53573
15 3 49 809796 0 53623
15 3 49 845817 0 53673
15 3 49 894446 0 53723
15 3 49 947160 0 53773
15 3 49 996480 0 53823
15 3 50 45258 0 53873
15 3 50 95034 0 53923
15 3 50 148419 0 53974
15 3 50 197473 0 54024
15 3 50 245949 0 54074
15 3 50 299993 0 54124
15 3 50 365545 0 54174
15 3 50 411842 0 54224
15 3 50 448219 0 54274
15 3 50 496521 0 54324
15 3 50 548992 0 54374
15 3 50 599161 0 54424
15 3 50 647678 0 54474
15 3 50 697131 0 54524
15 3 50 745811 0 54574
15 3 50 799629 0 54624
15 3 50 847977 0 54674
15 3 50 898072 0 54724
15 3 50 946119 0 54774
15 3 50 996281 0 54824
15 3 51 48781 0 54874
15 3 51 99300 0 54924
15 3 51 147276 0 54974
15 3 51 196894 0 55024
15 3 51 245666 0 55074
15 3 51 299101 0 55124
15 3 51 347802 0 55174
15 3 51 397159 0 55224
15 3 51 450120 0 55274
15 3 51 500703 0 55324
15 3 51 557241 0 55374
15 3 51 613981 0 55424
15 3 51 656911 0 55474
15 3 51 712892 0 55524
15 3 51 759401 0 55574
15 3 51 814553 0 55624
15 3 51 847804 0 55674
15 3 51 912113 0 55724
15 3 51 949972 0 55774
15 3 51 999839 0 55824
15 3 52 48503 0 55874
15 3 52 98599 0 55924
15 3 52 146565 0 55974
15 3 52 199848 0 56024
15 3 52 249149 0 56074
15 3 52 298517 0 56124
15 3 52 347554 0 56174
15 3 52 397168 0 56224
15 3 52 449926 0 56274
15 3 52 499511 0 56324
15 3 52 548187 0 56374
15 3 52 602273 0 56424
15 3 52 650420 0 56474
15 3 52 700147 0 56524
15 3 52 757545 0 56574
15 3 52 813948 0 56624
15 3 52 860418 0 56674
15 3 52 916028 0 56724
15 3 52 960770 0 56774
15 3 53 18539 0 56824
15 3 53 61187 0 56875
15 3 53 119700 0 56925
15 3 53 159987 0 56975
15 3 53 199611 0 57025
15 3 53 248416 0 57075
15 3 53 301927 0 57125
15 3 53 361399 0 57175
15 3 53 417273 0 57225
15 3 53 459618 0 57275
15 3 53 502977 0 57325
15 3 53 551702 0 57375
15 3 53 601692 0 57425
15 3 53 649806 0 57475
15 3 53 703137 0 57525
15 3 53 752358 0 57575
15 3 53 801476 0 57625
15 3 53 850214 0 57675
15 3 53 899961 0 57725
15 3 53 952773 0 57775
15 3 54 2267 0 57825
15 3 54 51344 0 57875
15 3 54 101334 0 57925
15 3 54 149473 0 57975
15 3 54 204135 0 58025
15 3 54 251544 0 58075
15 3 54 301389 0 58125
15 3 54 350291 0 58175
15 3 54 405429 0 58225
15 3 54 452723 0 58275
15 3 54 502153 0 58326
15 3 54 560924 0 58376
15 3 54 624179 0 58426
15 3 54 664012 0 58476
15 3 54 703430 0 58526
15 3 54 752019 0 58576
15 3 54 826955 0 58626
15 3 54 863635 0 58676
15 3 54 903816 0 58726
15 3 54 952212 0 58776
15 3 55 1769 0 58826
15 3 55 54287 0 58876
15 3 55 104024 0 58926
15 3 55 152750 0 58976
15 3 55 202795 0 59026
15 3 55 262554 0 59076
15 3 55 305711 0 59126
15 3 55 353709 0 59176
15 3 55 402856 0 59226
15 3 55 451994 0 59276
15 3 55 505579 0 59326
15 3 55 554319 0 59376
15 3 55 603534 0 59426
15 3 55 652570 0 59476
15 3 55 701812 0 59526
15 3 55 755256 0 59576
15 3 55 805740 0 59626
15 3 55 853386 0 59676
15 3 55 902650 0 59726
15 3 55 955788 0 59776
15 3 56 6063 0 59826
15 3 56 54412 0 59876
15 3 56 103458 0 59926
15 3 56 153226 0 59976
15 3 56 206679 0 60026
15 3 56 254561 0 60076
15 3 56 304296 0 60126
15 3 56 353206 0 60176
15 3 56 407005 0 60226
15 3 56 455178 0 60276
15 3 56 505088 0 60326
15 3 56 553810 0 60376
15 3 56 620089 0 60426
15 3 56 656271 0 60476
15 3 56 706521 0 60526
15 3 56 764953 0 60576
15 3 56 818795 0 60626
15 3 56 862688 0 60676
15 3 56 917506 0 60726
15 3 56 965915 0 60776
15 3 57 5572 0 60826
15 3 57 53190 0 60876
15 3 57 120551 0 60926
15 3 57 166007 0 60976
15 3 57 205778 0 61026
15 3 57 254122 0 61076
15 3 57 308227 0 61126
15 3 57 356678 0 61176
15 3 57 406157 0 61227
15 3 57 454501 0 61277
15 3 57 520150 0 61327
15 3 57 567010 0 61377
15 3 57 607849 0 61427
15 3 57 655498 0 61477
15 3 57 704934 0 61527
15 3 57 757968 0 61577
15 3 57 807741 0 61627
15 3 57 856204 0 61677
15 3 57 905927 0 61727
15 3 57 954580 0 61777
15 3 58 8715 0 61827
15 3 58 57099 0 61877
15 3 58 107349 0 61927
15 3 58 159196 0 61977
15 3 58 209013 0 62027
15 3 58 257519 0 62077
15 3 58 307934 0 62127
15 3 58 356240 0 62177
15 3 58 409291 0 62227
15 3 58 458335 0 62277
15 3 58 508015 0 62327
15 3 58 556802 0 62377
15 3 58 619454 0 62427
15 3 58 668861 0 62477
15 3 58 720981 0 62527
15 3 58 767916 0 62577
15 3 58 819803 0 62627
15 3 58 869454 0 62678
15 3 58 909558 0 62728
15 3 58 958131 0 62778
15 3 59 7449 0 62828
15 3 59 56065 0 62878
15 3 59 110778 0 62928
15 3 59 158755 0 62978
15 3 59 207811 0 63028
15 3 59 260720 0 63078
15 3 59 310470 0 63128
15 3 59 359430 0 63178
15 3 59 409925 0 63228
15 3 59 457670 0 63278
15 3 59 511330 0 63328
15 3 59 560096 0 63378
15 3 59 627378 0 63428
15 3 59 668373 0 63478
15 3 59 713853 0 63528
15 3 59 760633 0 63578
15 3 59 810653 0 63628
15 3 59 871362 0 63678
15 3 59 925412 0 63728
15 3 59 967166 0 63778
15 4 0 27222 0 63828
15 4 0 69818 0 63878
15 4 0 121780 0 63928
15 4 0 167786 0 63978
15 4 0 221877 0 64028
15 4 0 271536 0 64078
15 4 0 323504 0 64128
15 4 0 358806 0 64178
15 4 0 412593 0 64228
15 4 0 461220 0 64278
15 4 0 510928 0 64328
15 4 0 559562 0 64378
15 4 0 609443 0 64428
15 4 0 673013 0 64478
15 4 0 712743 0 64528
15 4 0 760844 0 64578
15 4 0 809817 0 64628
15 4 0 858182 0 64678
15 4 0 911913 0 64728
15 4 0 961246 0 64778
15 4 1 10433 0 64828
15 4 1 60459 0 64878
15 4 1 108441 0 64928
15 4 1 171657 0 64978
15 4 1 221336 0 65028
15 4 1 260187 0 65078
15 4 1 309564 0 65128
15 4 1 363400 0 65178
15 4 1 411687 0 65228
15 4 1 460498 0 65278
15 4 1 510281 0 65328
15 4 1 562942 0 65378
15 4 1 612429 0 65428
15 4 1 660945 0 65478
15 4 1 710606 0 65528
15 4 1 763570 0 65579
15 4 1 813340 0 65629
15 4 1 861958 0 65679
15 4 1 910772 0 65729
15 4 1 960842 0 65779
15 4 2 21867 0 65829
15 4 2 78161 0 65879
15 4 2 122046 0 65929
15 4 2 161224 0 65979
15 4 2 214047 0 66029
15 4 2 277582 0 66079
15 4 2 321825 0 66129
15 4 2 376463 0 66179
15 4 2 420783 0 66229
15 4 2 473042 0 66279
15 4 2 527302 0 66329
15 4 2 576869 0 66379
15 4 2 626113 0 66429
15 4 2 677612 0 66479
15 4 2 714865 0 66529
15 4 2 763552 0 66579
15 4 2 812004 0 66629
15 4 2 861670 0 66679
15 4 2 928847 0 66729
15 4 2 977268 0 66779
15 4 3 26756 0 66829
15 4 3 75860 0 66879
15 4 3 115565 0 66929
15 4 3 178226 0 66979
15 4 3 229759 0 67030
15 4 3 276801 0 67080
15 4 3 329286 0 67130
15 4 3 379474 0 67180
15 4 3 418129 0 67230
15 4 3 464190 0 67280
15 4 3 512655 0 67330
15 4 3 566311 0 67380
15 4 3 615259 0 67430
15 4 3 664785 0 67480
15 4 3 714332 0 67530
15 4 3 766760 0 67580
15 4 3 815911 0 67630
15 4 3 865289 0 67680
15 4 3 914148 0 67730
15 4 3 967608 0 67780
15 4 4 15966 0 67830
15 4 4 80113 0 67880
15 4 4 115288 0 67930
15 4 4 164645 0 67980
15 4 4 217094 0 68030
15 4 4 266547 0 68080
15 4 4 315259 0 68130
15 4 4 365980 0 68180
15 4 4 413768 0 68230
15 4 4 467303 0 68280
15 4 4 516148 0 68330
15 4 4 566307 0 68380
15 4 4 614494 0 68430
15 4 4 663820 0 68480
15 4 4 716717 0 68530
15 4 4 766214 0 68580
15 4 4 815141 0 68630
15 4 4 880256 0 68680
15 4 4 917315 0 68730
15 4 4 967755 0 68780
15 4 5 31224 0 68830
15 4 5 65719 0 68880
15 4 5 118035 0 68930
15 4 5 168487 0 68980
15 4 5 216068 0 69030
15 4 5 265821 0 69080
15 4 5 314944 0 69130
15 4 5 383745 0 69180
15 4 5 427053 0 69230
15 4 5 466614 0 69280
15 4 5 515497 0 69330
15 4 5 565437 0 69380
15 4 5 617995 0 69430
15 4 5 685567 0 69480
15 4 5 726774 0 69530
15 4 5 765705 0 69580
15 4 5 814353 0 69630
15 4 5 868748 0 69680
15 4 5 916908 0 69730
15 4 5 966054 0 69780
15 4 6 19051 0 69830
15 4 6 69242 0 69880
15 4 6 117537 0 69931
15 4 6 167812 0 69981
15 4 6 219809 0 70031
15 4 6 268916 0 70081
15 4 6 318276 0 70131
15 4 6 367353 0 70181
15 4 6 416497 0 70231
15 4 6 469786 0 70281
15 4 6 518861 0 70331
15 4 6 568099 0 70381
15 4 6 617008 0 70431
15 4 6 666301 0 70481
15 4 6 719552 0 70531
15 4 6 769004 0 70581
15 4 6 817964 0 70631
15 4 6 867134 0 70681
15 4 6 916296 0 70731
15 4 6 969973 0 70781
15 4 7 19192 0 70831
15 4 7 68445 0 70881
15 4 7 120894 0 70931
15 4 7 170579 0 70981
15 4 7 219096 0 71031
15 4 7 268725 0 71081
15 4 7 327945 0 71131
15 4 7 395760 0 71181
15 4 7 430553 0 71231
15 4 7 487101 0 71281
15 4 7 528209 0 71331
15 4 7 572577 0 71382
15 4 7 620745 0 71432
15 4 7 670007 0 71482
15 4 7 718871 0 71532
15 4 7 768436 0 71582
15 4 7 821375 0 71632
15 4 7 870911 0 71682
15 4 7 919637 0 71732
15 4 7 968835 0 71782
15 4 8 21983 0 71832
15 4 8 71829 0 71882
15 4 8 120584 0 71932
15 4 8 169817 0 71982
15 4 8 221973 0 72032
15 4 8 272118 0 72082
15 4 8 330426 0 72132
15 4 8 371326 0 72182
15 4 8 419614 0 72232
15 4 8 473327 0 72282
15 4 8 521725 0 72332
15 4 8 583140 0 72382
15 4 8 629781 0 72432
15 4 8 669850 0 72482
15 4 8 733621 0 72532
15 4 8 771971 0 72582
15 4 8 820375 0 72632
15 4 8 870711 0 72682
15 4 8 918672 0 72732
15 4 8 973609 0 72782
15 4 9 21549 0 72832
15 4 9 71203 0 72882
15 4 9 119935 0 72932
15 4 9 174194 0 72982
15 4 9 222095 0 73032
15 4 9 271444 0 73082
15 4 9 330435 0 73132
15 4 9 385588 0 73182
15 4 9 432206 0 73232
15 4 9 486463 0 73282
15 4 9 531288 0 73332
15 4 9 587077 0 73382
15 4 9 633161 0 73432
15 4 9 684324 0 73482
15 4 9 721985 0 73532
15 4 9 772067 0 73582
15 4 9 819990 0 73632
15 4 9 873881 0 73682
15 4 9 922086 0 73732
15 4 9 972625 0 73782
15 4 10 21009 0 73832
15 4 10 75579 0 73882
15 4 10 122683 0 73932
15 4 10 189884 0 73982
15 4 10 231993 0 74032
15 4 10 291923 0 74082
15 4 10 334666 0 74132
15 4 10 387944 0 74182
15 4 10 422095 0 74232
15 4 10 475706 0 74283
15 4 10 524830 0 74333
15 4 10 574645 0 74383
15 4 10 622799 0 74433
15 4 10 672111 0 74483
15 4 10 725587 0 74533
15 4 10 797294 0 74583
15 4 10 823476 0 74633
15 4 10 874207 0 74683
15 4 10 926074 0 74733
15 4 10 975355 0 74783
15 4 11 35438 0 74833
15 4 11 74869 0 74883
15 4 11 122690 0 74933
15 4 11 176678 0 74983
15 4 11 225041 0 75033
15 4 11 274371 0 75083
15 4 11 323212 0 75133
15 4 11 372786 0 75183
15 4 11 425718 0 75233
15 4 11 475046 0 75283
15 4 11 524174 0 75333
15 4 11 573284 0 75383
15 4 11 636495 0 75433
15 4 11 692850 0 75483
15 4 11 734420 0 75533
15 4 11 774316 0 75583
15 4 11 826321 0 75633
15 4 11 877641 0 75683
15 4 11 925401 0 75734
15 4 11 974753 0 75784
15 4 12 27354 0 75834
15 4 12 77599 0 75884
15 4 12 125981 0 75934
15 4 12 176242 0 75984
15 4 12 224284 0 76034
15 4 12 278054 0 76084
15 4 12 326781 0 76134
15 4 12 391427 0 76184
15 4 12 425056 0 76234
15 4 12 489540 0 76284
15 4 12 537575 0 76334
15 4 12 591053 0 76384
15 4 12 636067 0 76434
15 4 12 694994 0 76484
15 4 12 738668 0 76534
15 4 12 778900 0 76584
15 4 12 825839 0 76634
15 4 12 876091 0 76684
15 4 12 928704 0 76734
15 4 12 979386 0 76784
15 4 13 27074 0 76834
15 4 13 76729 0 76884
15 4 13 125454 0 76934
15 4 13 179584 0 76984
15 4 13 227885 0 77034
15 4 13 277248 0 77084
15 4 13 326096 0 77134
15 4 13 376256 0 77184
15 4 13 428494 0 77234
15 4 13 479548 0 77284
15 4 13 526877 0 77334
15 4 13 576601 0 77384
15 4 13 625136 0 77434
15 4 13 694752 0 77484
15 4 13 737644 0 77534
15 4 13 777251 0 77584
15 4 13 829815 0 77634
15 4 13 880210 0 77684
15 4 13 928214 0 77734
15 4 13 977735 0 77784
15 4 14 36863 0 77834
15 4 14 96340 0 77884
15 4 14 138750 0 77934
15 4 14 194339 0 77984
15 4 14 238263 0 78034
15 4 14 277038 0 78084
15 4 14 329614 0 78134
15 4 14 379780 0 78184
15 4 14 427842 0 78234
15 4 14 477411 0 78284
15 4 14 526291 0 78334
15 4 14 580082 0 78384
15 4 14 628611 0 78434
15 4 14 678712 0 78484
15 4 14 726806 0 78534
15 4 14 780628 0 78584
15 4 14 839284 0 78635
15 4 14 896598 0 78685
15 4 14 941587 0 78735
15 4 14 997154 0 78785
15 4 15 40437 0 78835
15 4 15 80148 0 78885
15 4 15 128301 0 78935
15 4 15 195768 0 78985
15 4 15 241184 0 79035
15 4 15 280277 0 79085
15 4 15 329212 0 79135
15 4 15 379014 0 79185
15 4 15 431198 0 79235
15 4 15 481132 0 79285
15 4 15 529803 0 79335
15 4 15 579088 0 79385
15 4 15 627977 0 79435
15 4 15 681412 0 79485
15 4 15 730602 0 79535
15 4 15 779861 0 79585
15 4 15 828366 0 79635
15 4 15 882936 0 79685
15 4 15 931227 0 79735
15 4 15 981434 0 79785
15 4 16 29349 0 79835
15 4 16 83544 0 79885
15 4 16 131763 0 79935
15 4 16 181646 0 79985
15 4 16 243512 0 80035
15 4 16 283553 0 80086
15 4 16 332539 0 80136
15 4 16 381972 0 80186
15 4 16 430864 0 80236
15 4 16 481194 0 80286
15 4 16 533006 0 80336
15 4 16 583909 0 80386
15 4 16 631528 0 80436
15 4 16 680683 0 80486
15 4 16 733861 0 80536
15 4 16 783977 0 80586
15 4 16 832128 0 80636
15 4 16 881338 0 80686
15 4 16 930354 0 80736
15 4 16 984496 0 80786
15 4 17 32793 0 80836
15 4 17 83480 0 80886
15 4 17 131173 0 80936
15 4 17 184452 0 80986
15 4 17 233581 0 81036
15 4 17 283483 0 81086
15 4 17 331947 0 81136
15 4 17 404403 0 81186
15 4 17 434153 0 81236
15 4 17 483766 0 81286
15 4 17 532347 0 81336
15 4 17 583198 0 81386
15 4 17 630782 0 81436
15 4 17 683995 0 81486
15 4 17 733431 0 81536
15 4 17 782810 0 81586
15 4 17 831674 0 81636
15 4 17 886023 0 81686
15 4 17 933893 0 81736
15 4 17 983545 0 81786
15 4 18 32383 0 81836
15 4 18 100846 0 81886
15 4 18 134807 0 81936
15 4 18 204218 0 81986
15 4 18 245922 0 82036
15 4 18 282801 0 82086
15 4 18 335499 0 82136
15 4 18 384822 0 82186
15 4 18 433824 0 82236
15 4 18 502459 0 82286
15 4 18 545806 0 82336
15 4 18 585379 0 82386
15 4 18 634863 0 82436
15 4 18 683361 0 82486
15 4 18 745886 0 82536
15 4 18 785584 0 82586
15 4 18 846684 0 82636
15 4 18 896126 0 82686
15 4 18 933660 0 82736
15 4 18 982698 0 82786
15 4 19 36270 0 82836
15 4 19 84516 0 82886
15 4 19 134161 0 82936
15 4 19 199665 0 82987
15 4 19 237240 0 83037
15 4 19 285477 0 83087
15 4 19 347456 0 83137
15 4 19 384626 0 83187
15 4 19 437116 0 83237
15 4 19 486647 0 83287
15 4 19 535840 0 83337
15 4 19 584607 0 83387
15 4 19 638282 0 83437
15 4 19 686519 0 83487
15 4 19 736584 0 83537
15 4 19 785040 0 83587
15 4 19 834877 0 83637
15 4 19 888509 0 83687
15 4 19 937383 0 83737
15 4 19 986492 0 83787
15 4 20 36367 0 83837
15 4 20 83920 0 83887
15 4 20 137750 0 83937
15 4 20 186972 0 83987
15 4 20 236220 0 84037
15 4 20 285073 0 84087
15 4 20 334519 0 84137
15 4 20 387460 0 84187
15 4 20 437160 0 84237
15 4 20 486311 0 84287
15 4 20 539191 0 84337
15 4 20 600313 0 84387
15 4 20 647865 0 84438
15 4 20 700272 0 84488
15 4 20 752413 0 84538
15 4 20 789649 0 84588
15 4 20 838340 0 84638
15 4 20 887048 0 84688
15 4 20 936357 0 84738
15 4 20 989101 0 84788
15 4 21 39118 0 84838
15 4 21 88079 0 84888
15 4 21 136819 0 84938
15 4 21 185879 0 84988
15 4 21 239529 0 85038
15 4 21 288485 0 85088
15 4 21 338218 0 85138
15 4 21 386334 0 85188
15 4 21 435994 0 85238
15 4 21 489092 0 85288
15 4 21 538854 0 85338
15 4 21 588362 0 85388
15 4 21 652272 0 85438
15 4 21 689754 0 85488
15 4 21 739401 0 85538
15 4 21 788441 0 85588
15 4 21 850726 0 85638
15 4 21 903469 0 85688
15 4 21 951552 0 85738
15 4 21 988708 0 85788
15 4 22 38181 0 85838
15 4 22 99639 0 85888
15 4 22 152152 0 85938
15 4 22 204043 0 85988
15 4 22 250181 0 86038
15 4 22 288488 0 86088
15 4 22 338303 0 86138
15 4 22 390417 0 86188
15 4 22 440244 0 86238
15 4 22 488683 0 86288
15 4 22 538205 0 86338
15 4 22 596934 0 86388
15 4 22 647672 0 86438
15 4 22 689267 0 86488
15 4 22 738721 0 86538
15 4 22 791426 0 86588
15 4 22 842369 0 86638
15 4 22 889954 0 86688
15 4 22 939527 0 86738
15 4 22 988245 0 86788
15 4 23 53097 0 86838
15 4 23 101525 0 86888
15 4 23 140068 0 86938
15 4 23 188789 0 86988
15 4 23 238480 0 87038
15 4 23 291132 0 87088
15 4 23 341746 0 87138
15 4 23 389409 0 87188
15 4 23 439028 0 87238
15 4 23 491723 0 87288
15 4 23 541968 0 87339
15 4 23 590360 0 87389
15 4 23 639840 0 87439
15 4 23 692774 0 87489
15 4 23 742199 0 87539
15 4 23 790958 0 87589
15 4 23 841413 0 87639
15 4 23 893240 0 87689
15 4 23 942860 0 87739
15 4 23 999741 0 87789
15 4 24 41966 0 87839
15 4 24 90099 0 87889
15 4 24 144014 0 87939
15 4 24 192037 0 87989
15 4 24 242603 0 88039
15 4 24 301295 0 88089
15 4 24 353321 0 88139
15 4 24 392961 0 88189
15 4 24 443310 0 88239
15 4 24 491094 0 88289
15 4 24 540928 0 88339
15 4 24 593783 0 88389
15 4 24 643971 0 88439
15 4 24 692178 0 88489
15 4 24 741359 0 88539
15 4 24 799948 0 88589
15 4 24 855528 0 88639
15 4 24 903343 0 88689
15 4 24 943528 0 88739
15 4 24 994542 0 88790
15 4 25 44735 0 88840
15 4 25 93280 0 88890
15 4 25 143381 0 88940
15 4 25 191856 0 88990
15 4 25 259470 0 89040
15 4 25 304080 0 89090
15 4 25 355188 0 89140
15 4 25 402754 0 89190
15 4 25 446303 0 89240
15 4 25 494633 0 89290
15 4 25 545563 0 89340
15 4 25 592883 0 89390
15 4 25 643363 0 89440
15 4 25 695488 0 89490
15 4 25 745682 0 89540
15 4 25 793821 0 89590
15 4 25 843447 0 89640
15 4 25 892084 0 89690
15 4 25 946180 0 89740
15 4 25 994607 0 89790
15 4 26 44611 0 89840
15 4 26 92932 0 89890
15 4 26 146328 0 89940
15 4 26 206609 0 89990
15 4 26 261063 0 90040
15 4 26 304111 0 90090
15 4 26 354456 0 90140
15 4 26 395376 0 90190
15 4 26 445902 0 90240
15 4 26 494338 0 90290
15 4 26 544189 0 90340
15 4 26 596037 0 90390
15 4 26 646306 0 90440
15 4 26 694847 0 90490
15 4 26 745180 0 90540
15 4 26 793234 0 90590
15 4 26 860808 0 90640
15 4 26 906480 0 90690
15 4 26 959614 0 90740
15 4 26 994039 0 90790
15 4 27 43508 0 90840
15 4 27 96433 0 90890
15 4 27 145662 0 90940
15 4 27 194576 0 90990
15 4 27 244595 0 91040
15 4 27 296915 0 91090
15 4 27 348004 0 91140
15 4 27 395345 0 91190
15 4 27 445268 0 91240
15 4 27 497756 0 91290
15 4 27 547852 0 91340
15 4 27 595954 0 91390
15 4 27 645571 0 91440
15 4 27 694533 0 91490
15 4 27 748401 0 91540
15 4 27 796836 0 91590
15 4 27 846265 0 91640
15 4 27 904028 0 91691
15 4 27 948951 0 91741
15 4 27 997512 0 91791
15 4 28 47523 0 91841
15 4 28 95935 0 91891
15 4 28 145475 0 91941
15 4 28 208656 0 91991
15 4 28 263337 0 92041
15 4 28 305859 0 92091
15 4 28 349970 0 92141
15 4 28 397862 0 92191
15 4 28 448351 0 92241
15 4 28 497146 0 92291
15 4 28 546908 0 92341
15 4 28 598724 0 92391
15 4 28 648997 0 92441
15 4 28 697920 0 92491
15 4 28 748358 0 92541
15 4 28 795993 0 92591
15 4 28 849478 0 92641
15 4 28 908659 0 92691
15 4 28 948340 0 92741
15 4 28 996746 0 92791
15 4 29 46343 0 92841
15 4 29 99131 0 92891
15 4 29 148667 0 92941
15 4 29 197533 0 92991
15 4 29 247085 0 93041
15 4 29 300071 0 93091
15 4 29 350330 0 93142
15 4 29 409454 0 93192
15 4 29 451480 0 93242
15 4 29 500808 0 93292
15 4 29 551076 0 93342
15 4 29 609029 0 93392
15 4 29 648357 0 93442
15 4 29 701283 0 93492
15 4 29 750834 0 93542
15 4 29 799691 0 93592
15 4 29 849847 0 93642
15 4 29 898724 0 93692
15 4 29 951407 0 93742
15 4 30 183 0 93792
15 4 30 49984 0 93842
15 4 30 109012 0 93892
15 4 30 149242 0 93942
15 4 30 200806 0 93992
15 4 30 250480 0 94042
15 4 30 299226 0 94092
15 4 30 349523 0 94142
15 4 30 410228 0 94192
15 4 30 451605 0 94242
15 4 30 500226 0 94292
15 4 30 549442 0 94342
15 4 30 602350 0 94392
15 4 30 651869 0 94442
15 4 30 700793 0 94492
15 4 30 750040 0 94542
15 4 30 798893 0 94592
15 4 30 851785 0 94642
15 4 30 901564 0 94692
15 4 30 952057 0 94742
15 4 30 999768 0 94792
15 4 31 62896 0 94842
15 4 31 112760 0 94892
15 4 31 166144 0 94942
15 4 31 200538 0 94992
15 4 31 249809 0 95042
15 4 31 298652 0 95092
15 4 31 352449 0 95142
15 4 31 401300 0 95192
15 4 31 451599 0 95242
15 4 31 499318 0 95292
15 4 31 552578 0 95342
15 4 31 601086 0 95392
15 4 31 651158 0 95442
15 4 31 700250 0 95492
15 4 31 770106 0 95542
15 4 31 812151 0 95592
15 4 31 865978 0 95642
15 4 31 910073 0 95692
15 4 31 965281 0 95742
15 4 32 12751 0 95792
15 4 32 53049 0 95842
15 4 32 101424 0 95892
15 4 32 150891 0 95942
15 4 32 203769 0 95992
15 4 32 254635 0 96043
15 4 32 302575 0 96093
15 4 32 351579 0 96143
15 4 32 404506 0 96193
15 4 32 453677 0 96243
15 4 32 502971 0 96293
15 4 32 552510 0 96343
15 4 32 601273 0 96393
15 4 32 655010 0 96443
15 4 32 703588 0 96493
15 4 32 753573 0 96543
15 4 32 801631 0 96593
15 4 32 855493 0 96643
15 4 32 904204 0 96693
15 4 32 966316 0 96743
15 4 33 12196 0 96793
15 4 33 68659 0 96843
15 4 33 104764 0 96893
15 4 33 154376 0 96943
15 4 33 203272 0 96993
15 4 33 253184 0 97043
15 4 33 305952 0 97093
15 4 33 354736 0 97143
15 4 33 403678 0 97193
15 4 33 454163 0 97243
15 4 33 502930 0 97293
15 4 33 555845 0 97343
15 4 33 604825 0 97393
15 4 33 654063 0 97443
15 4 33 702793 0 97494
15 4 33 757484 0 97544
15 4 33 805268 0 97594
15 4 33 855067 0 97644
15 4 33 903353 0 97694
15 4 33 970981 0 97744
15 4 34 15673 0 97794
15 4 34 69945 0 97844
15 4 34 104377 0 97894
15 4 34 157849 0 97944
15 4 34 206698 0 97994
15 4 34 256667 0 98044
15 4 34 305239 0 98094
15 4 34 354572 0 98144
15 4 34 407120 0 98194
15 4 34 457580 0 98244
15 4 34 505685 0 98294
15 4 34 555141 0 98344
15 4 34 603806 0 98394
15 4 34 658029 0 98444
15 4 34 706439 0 98494
15 4 34 756289 0 98544
15 4 34 804281 0 98594
15 4 34 854079 0 98644
15 4 34 907872 0 98694
15 4 34 956980 0 98744
15 4 35 5127 0 98794
15 4 35 55267 0 98844
15 4 35 107646 0 98894
15 4 35 157301 0 98944
15 4 35 206113 0 98994
15 4 35 256686 0 99044
15 4 35 308215 0 99094
15 4 35 357828 0 99144
15 4 35 406464 0 99194
15 4 35 456840 0 99244
15 4 35 505049 0 99294
15 4 35 559150 0 99344
15 4 35 607474 0 99394
15 4 35 657727 0 99444
15 4 35 705741 0 99494
15 4 35 755135 0 99544
15 4 35 808123 0 99594
15 4 35 857409 0 99644
15 4 35 906175 0 99694
15 4 35 956482 0 99744
15 4 36 4808 0 99794
15 4 36 58169 0 99844
15 4 36 106871 0 99894
15 4 36 156939 0 99944
15 4 36 209296 0 99994
15 4 36 259998 0 100044
15 4 36 316388 0 100094
15 4 36 369669 0 100144
15 4 36 415812 0 100194
15 4 36 472787 0 100244
15 4 36 517914 0 100294
15 4 36 557957 0 100344
15 4 36 606761 0 100395
15 4 36 660578 0 100445
15 4 36 709227 0 100495
15 4 36 759660 0 100545
15 4 36 806896 0 100595
15 4 36 857118 0 100645
15 4 36 909955 0 100695
15 4 36 960150 0 100745
15 4 37 8424 0 100795
15 4 37 57728 0 100845
15 4 37 106546 0 100895
15 4 37 160490 0 100945
15 4 37 208858 0 100995
15 4 37 258242 0 101045
15 4 37 311102 0 101095
15 4 37 360989 0 101145
15 4 37 409844 0 101195
15 4 37 459945 0 101245
15 4 37 508048 0 101295
15 4 37 562536 0 101345
15 4 37 610180 0 101395
15 4 37 660151 0 101445
15 4 37 708772 0 101495
15 4 37 759019 0 101545
15 4 37 810985 0 101595
15 4 37 860506 0 101645
15 4 37 919595 0 101695
15 4 37 959866 0 101745
15 4 38 11702 0 101795
15 4 38 62064 0 101846
15 4 38 109771 0 101896
15 4 38 159806 0 101946
15 4 38 212543 0 101996
15 4 38 262907 0 102046
15 4 38 321820 0 102096
15 4 38 373475 0 102146
15 4 38 412984 0 102196
15 4 38 463077 0 102246
15 4 38 511446 0 102296
15 4 38 561471 0 102346
15 4 38 609301 0 102396
15 4 38 663507 0 102446
15 4 38 712406 0 102496
15 4 38 762479 0 102546
15 4 38 810121 0 102596
15 4 38 871034 0 102646
15 4 38 921418 0 102696
15 4 38 976827 0 102746
15 4 39 20715 0 102796
15 4 39 76798 0 102846
15 4 39 113355 0 102896
15 4 39 163292 0 102946
15 4 39 211569 0 102996
15 4 39 261993 0 103046
15 4 39 310370 0 103096
15 4 39 364423 0 103146
15 4 39 412463 0 103196
15 4 39 461829 0 103246
15 4 39 510880 0 103296
15 4 39 564225 0 103346
15 4 39 613283 0 103396
15 4 39 663608 0 103446
15 4 39 711089 0 103496
15 4 39 772717 0 103546
15 4 39 823413 0 103596
15 4 39 863986 0 103646
15 4 39 913094 0 103696
15 4 39 961656 0 103746
15 4 40 10066 0 103796
15 4 40 64720 0 103846
15 4 40 112759 0 103896
15 4 40 162584 0 103946
15 4 40 211386 0 103996
15 4 40 264831 0 104046
15 4 40 313621 0 104096
15 4 40 363719 0 104146
15 4 40 411992 0 104196
15 4 40 462438 0 104246
15 4 40 514202 0 104296
15 4 40 563715 0 104346
15 4 40 612777 0 104396
15 4 40 662842 0 104446
15 4 40 714677 0 104496
15 4 40 765784 0 104546
15 4 40 813315 0 104596
15 4 40 863596 0 104646
15 4 40 915631 0 104696
15 4 40 965138 0 104747
15 4 41 13960 0 104797
15 4 41 63525 0 104847
15 4 41 116337 0 104897
15 4 41 166482 0 104947
15 4 41 214423 0 104997
15 4 41 278772 0 105047
15 4 41 323609 0 105097
15 4 41 367482 0 105147
15 4 41 415392 0 105197
15 4 41 465324 0 105247
15 4 41 513287 0 105297
15 4 41 563439 0 105347
15 4 41 616272 0 105397
15 4 41 665724 0 105447
15 4 41 714437 0 105497
15 4 41 765237 0 105547
15 4 41 816628 0 105597
15 4 41 866226 0 105647
15 4 41 915025 0 105697
15 4 41 965206 0 105747
15 4 42 17296 0 105797
15 4 42 66995 0 105847
15 4 42 115762 0 105897
15 4 42 166103 0 105947
15 4 42 214154 0 105997
15 4 42 267408 0 106047
15 4 42 316347 0 106097
15 4 42 366389 0 106147
15 4 42 414864 0 106198
15 4 42 468766 0 106248
15 4 42 517614 0 106298
15 4 42 566522 0 106348
15 4 42 615159 0 106398
15 4 42 665300 0 106448
15 4 42 727999 0 106498
15 4 42 767299 0 106548
15 4 42 816208 0 106598
15 4 42 884965 0 106648
15 4 42 918278 0 106698
15 4 42 968191 0 106748
15 4 43 16938 0 106798
15 4 43 68047 0 106848
15 4 43 127967 0 106898
15 4 43 184599 0 106948
15 4 43 227183 0 106998
15 4 43 283940 0 107048
15 4 43 315946 0 107098
15 4 43 369862 0 107148
15 4 43 418272 0 107198
15 4 43 468578 0 107248
15 4 43 516429 0 107298
15 4 43 565836 0 107348
15 4 43 618964 0 107398
15 4 43 668262 0 107448
15 4 43 717556 0 107498
15 4 43 766845 0 107548
15 4 43 815337 0 107598
15 4 43 869527 0 107648
15 4 43 917907 0 107698
15 4 43 967424 0 107748
15 4 44 20083 0 107798
15 4 44 69373 0 107848
15 4 44 119111 0 107898
15 4 44 167742 0 107948
15 4 44 216786 0 107998
15 4 44 270607 0 108048
15 4 44 330033 0 108098
15 4 44 369786 0 108148
15 4 44 417526 0 108198
15 4 44 467080 0 108248
15 4 44 519607 0 108298
15 4 44 569387 0 108348
15 4 44 618308 0 108398
15 4 44 668521 0 108448
15 4 44 716513 0 108498
15 4 44 770459 0 108548
15 4 44 818964 0 108598
15 4 44 868324 0 108648
15 4 44 918481 0 108698
15 4 44 966789 0 108748
15 4 45 27717 0 108798
15 4 45 68945 0 108848
15 4 45 117872 0 108898
15 4 45 172096 0 108948
15 4 45 220383 0 108998
15 4 45 270395 0 109048
15 4 45 318797 0 109099
15 4 45 372183 0 109149
15 4 45 420770 0 109199
15 4 45 469717 0 109249
15 4 45 520225 0 109299
15 4 45 568836 0 109349
15 4 45 621993 0 109399
15 4 45 670982 0 109449
15 4 45 720368 0 109499
15 4 45 769402 0 109549
15 4 45 818615 0 109599
15 4 45 871667 0 109649
15 4 45 921317 0 109699
15 4 45 969833 0 109749
15 4 46 19934 0 109799
15 4 46 72250 0 109849
15 4 46 121881 0 109899
15 4 46 170296 0 109949
15 4 46 220360 0 109999
15 4 46 272836 0 110049
15 4 46 335895 0 110099
15 4 46 381187 0 110149
15 4 46 422707 0 110199
15 4 46 469726 0 110249
15 4 46 523415 0 110299
15 4 46 571913 0 110349
15 4 46 621283 0 110399
15 4 46 670107 0 110449
15 4 46 723648 0 110499
15 4 46 772536 0 110550
15 4 46 822704 0 110600
15 4 46 870877 0 110650
15 4 46 938646 0 110700
15 4 46 982617 0 110750
15 4 47 38306 0 110800
15 4 47 81766 0 110850
15 4 47 135713 0 110900
15 4 47 173393 0 110950
15 4 47 235797 0 111000
15 4 47 282584 0 111050
15 4 47 334566 0 111100
15 4 47 374558 0 111150
15 4 47 424243 0 111200
15 4 47 473329 0 111250
15 4 47 523112 0 111300
15 4 47 571580 0 111350
15 4 47 637332 0 111400
15 4 47 673748 0 111450
15 4 47 723567 0 111500
15 4 47 771497 0 111550
15 4 47 825647 0 111600
15 4 47 874162 0 111650
15 4 47 923618 0 111700
15 4 47 973356 0 111750
15 4 48 22459 0 111800
15 4 48 75044 0 111850
15 4 48 124295 0 111900
15 4 48 173593 0 111950
15 4 48 223083 0 112000
15 4 48 271571 0 112050
15 4 48 325043 0 112100
15 4 48 374297 0 112150
15 4 48 423902 0 112200
15 4 48 472452 0 112250
15 4 48 536280 0 112300
15 4 48 588251 0 112350
15 4 48 635324 0 112400
15 4 48 673724 0 112450
15 4 48 722692 0 112500
15 4 48 776202 0 112550
15 4 48 825161 0 112600
15 4 48 873853 0 112650
15 4 48 924179 0 112700
15 4 48 976146 0 112750
15 4 49 25756 0 112800
15 4 49 83466 0 112850
15 4 49 124504 0 112900
15 4 49 172975 0 112950
15 4 49 226583 0 113000
15 4 49 274783 0 113050
15 4 49 337561 0 113100
15 4 49 373544 0 113150
15 4 49 423366 0 113200
15 4 49 476120 0 113250
15 4 49 525394 0 113300
15 4 49 574254 0 113350
15 4 49 627950 0 113400
15 4 49 676698 0 113451
15 4 49 726607 0 113501
15 4 49 775036 0 113551
15 4 49 839040 0 113601
15 4 49 877263 0 113651
15 4 49 927954 0 113701
15 4 49 975657 0 113751
15 4 50 24898 0 113801
15 4 50 86616 0 113851
15 4 50 139288 0 113901
15 4 50 185822 0 113951
15 4 50 242598 0 114001
15 4 50 284220 0 114051
15 4 50 339406 0 114101
15 4 50 386658 0 114151
15 4 50 435189 0 114201
15 4 50 475189 0 114251
15 4 50 524809 0 114301
15 4 50 577862 0 114351
15 4 50 627764 0 114401
15 4 50 686771 0 114451
15 4 50 730195 0 114501
15 4 50 777898 0 114551
15 4 50 827981 0 114601
15 4 50 876915 0 114651
15 4 50 926460 0 114701
15 4 50 979062 0 114751
15 4 51 29659 0 114801
15 4 51 77574 0 114851
15 4 51 126754 0 114902
15 4 51 179504 0 114952
15 4 51 230038 0 115002
15 4 51 278186 0 115052
15 4 51 327789 0 115102
15 4 51 376006 0 115152
15 4 51 429782 0 115202
15 4 51 478935 0 115252
15 4 51 529196 0 115302
15 4 51 586780 0 115352
15 4 51 636094 0 115402
15 4 51 679310 0 115452
15 4 51 729579 0 115502
15 4 51 777869 0 115552
15 4 51 832711 0 115602
15 4 51 880295 0 115652
15 4 51 943026 0 115702
15 4 51 989393 0 115752
15 4 52 43376 0 115802
15 4 52 90272 0 115852
15 4 52 146455 0 115902
15 4 52 188844 0 115952
15 4 52 242272 0 116002
15 4 52 287900 0 116052
15 4 52 346601 0 116102
15 4 52 379909 0 116152
15 4 52 429418 0 116202
15 4 52 478249 0 116252
15 4 52 528734 0 116302
15 4 52 590754 0 116352
15 4 52 647009 0 116402
15 4 52 678843 0 116452
15 4 52 728506 0 116502
15 4 52 777250 0 116552
15 4 52 831265 0 116602
15 4 52 879649 0 116652
15 4 52 929019 0 116702
15 4 52 981855 0 116752
15 4 53 32032 0 116802
15 4 53 80423 0 116852
15 4 53 130633 0 116902
15 4 53 178444 0 116952
15 4 53 232356 0 117002
15 4 53 281160 0 117052
15 4 53 345731 0 117102
15 4 53 379246 0 117152
15 4 53 428644 0 117202
15 4 53 481539 0 117252
15 4 53 531431 0 117302
15 4 53 587664 0 117352
15 4 53 630590 0 117402
15 4 53 678319 0 117452
15 4 53 732433 0 117502
15 4 53 780722 0 117552
15 4 53 831596 0 117602
15 4 53 878932 0 117652
15 4 53 932540 0 117702
15 4 53 981321 0 117752
15 4 54 31032 0 117803
15 4 54 94234 0 117853
15 4 54 134656 0 117903
15 4 54 182134 0 117953
15 4 54 231932 0 118003
15 4 54 280440 0 118053
15 4 54 334474 0 118103
15 4 54 382798 0 118153
15 4 54 431919 0 118203
15 4 54 480982 0 118253
15 4 54 531340 0 118303
15 4 54 583365 0 118353
15 4 54 633455 0 118403
15 4 54 681907 0 118453
15 4 54 731376 0 118503
15 4 54 784071 0 118553
15 4 54 834576 0 118603
15 4 54 882412 0 118653
15 4 54 932423 0 118703
15 4 54 992597 0 118753
15 4 55 34668 0 118803
15 4 55 83163 0 118853
15 4 55 133632 0 118903
15 4 55 181506 0 118953
15 4 55 234729 0 119003
15 4 55 284022 0 119053
15 4 55 334073 0 119103
15 4 55 391800 0 119153
15 4 55 436347 0 119203
15 4 55 484341 0 119254
15 4 55 534274 0 119304
15 4 55 582937 0 119354
15 4 55 636901 0 119404
15 4 55 685241 0 119454
15 4 55 735700 0 119504
15 4 55 783507 0 119554
15 4 55 833276 0 119604
15 4 55 885881 0 119654
15 4 55 936676 0 119704
15 4 55 983991 0 119754
15 4 56 33816 0 119804
