15 28 13 978983 -0.00914955 -0.04647446  0.99645615
15 28 15 89393 -0.00813866 -0.05417633  1.00146294
15 28 16 367632 -0.00827408 -0.05216217  0.99962997
15 28 17 727334 -0.00780487 -0.05051422  1.00023842
15 28 19 173597 -0.00827026 -0.05266953  1.00093651
15 28 20 789439 -0.01378441 -0.0464592   1.00003815
15 28 22 492191 -0.01051712 -0.04930687  0.99867249
15 28 24 364204 -0.00821686 -0.05496979  0.99962425
15 28 26 404409 -0.01213646 -0.0526638   1.00187302
15 28 28 618947 -0.00900078 -0.05219269  1.00013924
15 28 31 1435 -0.00291634 -0.04945374  0.99665642
15 28 33 553420 -0.00887489 -0.0486145   0.99531746
15 28 36 360307 -0.00442696 -0.05266571  0.99777412
15 28 39 423303 -0.00229073 -0.04959869  0.99902344
