10 24 33 482359 0.024791   0.11271811 0.99881339
10 24 33 484985 0.02449989 0.11218262 0.99641752
10 24 33 487628 0.02283621 0.11173463 0.99724698
10 24 33 490129 0.02305937 0.11313367 0.99464273
10 24 33 492715 0.0254128  0.11231279 0.99408031
10 24 33 495236 0.02390838 0.11689734 0.99395108
10 24 33 497704 0.02402997 0.11667943 0.99383068
10 24 33 499849 0.02489018 0.11394334 0.9932344 
10 24 33 501470 0.02308321 0.11475468 0.99587393
10 24 33 503554 0.02125955 0.11464286 0.99424505
10 24 33 505597 0.02603555 0.11361265 0.99598145
10 24 33 507721 0.02446055 0.11622357 0.99371171
10 24 33 509758 0.02609706 0.11331582 0.99478149
10 24 33 512326 0.02173781 0.11471152 0.9963541 
10 24 33 515246 0.02240062 0.11428761 0.99410176
10 24 33 517881 0.02238584 0.11458302 0.99468899
10 24 33 520082 0.02306581 0.11628199 0.99684072
10 24 33 522420 0.02077985 0.11352825 0.99578452
10 24 33 524538 0.02215433 0.11715984 0.99579287
10 24 33 526787 0.0245676  0.11305046 0.99373865
10 24 33 529062 0.02629232 0.11347103 0.99365759
10 24 33 531561 0.02318072 0.11545444 0.99690986
10 24 33 534113 0.02531052 0.11637139 0.99424553
10 24 33 536703 0.02417231 0.11414576 0.99748731
10 24 33 539146 0.02205849 0.11417365 0.99526882
10 24 33 541302 0.02193356 0.11393476 0.99451685
10 24 33 543893 0.02176046 0.11487055 0.99697137
10 24 33 546120 0.02233672 0.11363244 0.99578738
10 24 33 548485 0.02510071 0.11496973 0.99481249
10 24 33 550755 0.02384019 0.11316609 0.99710417
10 24 33 552882 0.02719355 0.11577487 0.99665213
10 24 33 555010 0.02374578 0.11385465 0.99551654
10 24 33 557826 0.02047038 0.113199   0.99925256
10 24 33 560617 0.02395535 0.11467433 0.99697304
10 24 33 563151 0.02377605 0.11558366 0.99608445
10 24 33 565585 0.02406979 0.11213684 0.99727917
10 24 33 567677 0.02480173 0.11682129 0.99791288
10 24 33 569684 0.02233148 0.11261487 0.99594831
10 24 33 572250 0.02411413 0.11268544 0.99317169
10 24 33 574450 0.02383852 0.11510539 0.99224496
10 24 33 576554 0.02304888 0.114326   0.99652743
10 24 33 578668 0.02264833 0.11442757 0.99472761
10 24 33 581265 0.02420354 0.1122148  0.99606776
10 24 33 583542 0.02471423 0.11255574 0.99419403
10 24 33 585896 0.02519798 0.11365199 0.99447131
10 24 33 588160 0.02112985 0.11483502 0.99473858
10 24 33 590602 0.02326441 0.11333418 0.9975338 
10 24 33 592857 0.02084804 0.11477208 0.99811435
10 24 33 595365 0.02316427 0.1193614  0.99721718
10 24 33 597814 0.02401757 0.11539912 0.99526525
10 24 33 600325 0.02327442 0.11413383 0.99526405
10 24 33 602701 0.02437735 0.11340618 0.99680257
10 24 33 605040 0.02332449 0.11327338 0.99612093
10 24 33 607165 0.02249241 0.1112566  0.99271417
10 24 33 646750  0.01565433  1.17231321 -0.57423925
10 24 33 649673  9.44137573e-05  1.93794513e+00 -1.30860519e+00
10 24 33 652513 0.02230048 0.11319733 0.99652004
10 24 33 655238 0.01985645 0.11192966 0.99796343
10 24 33 657328 0.02204132 0.11276841 0.99427891
10 24 33 678058 0.02489185 0.11217976 0.99047327
10 24 33 693950 0.02663803 0.11450577 0.99256945
10 24 33 696935 0.02075696 0.11156631 0.99573135
10 24 33 718203 0.0245347  0.11369801 0.99494576
10 24 33 741842 0.02527475 0.11537409 0.99708724
10 24 33 744471 0.02570224 0.1164875  0.99365783
10 24 33 767267 0.02342606 0.115942   0.99664521
10 24 33 789647 0.02285123 0.11484742 0.99363184
10 24 33 792445 0.02444649 0.11668301 0.99524164
10 24 33 814210 0.02335143 0.11621165 0.99531698
10 24 33 837812 0.02236223 0.1183908  0.99537492
10 24 33 840087 0.02217984 0.11523843 0.99821281
10 24 33 863016 0.02522635 0.11448097 0.99749017
10 24 33 885609 0.02141929 0.11343384 1.00073743
10 24 33 888552 0.02420688 0.11244917 0.99770856
10 24 33 910142 0.02241826 0.11250472 0.99739885
10 24 33 933382 0.02454877 0.11135125 0.99688959
10 24 33 935596 0.02559471 0.11442184 0.99850821
10 24 34 6828 0.02318668 0.11095357 0.99571109
10 24 34 9357 0.01965547 0.11521935 0.99113822
10 24 34 11848 0.02363157 0.11498952 0.99217963
10 24 34 14300 0.01995778 0.11894417 0.99115491
10 24 34 30684 0.02393436 0.1147747  0.99645472
10 24 34 33143 0.02059913 0.1139679  1.0002563 
10 24 34 54592 0.02259111 0.11371565 0.99914861
10 24 34 78250 0.02324104 0.11569571 0.99737406
10 24 34 80905 0.02312207 0.11452818 0.99332166
10 24 34 102620 0.02192926 0.11575508 0.99357224
10 24 34 126213 0.02361059 0.11420321 0.99091411
10 24 34 129014 0.02337241 0.11492586 0.99192858
10 24 34 155437 0.02470493 0.11450648 0.99636292
10 24 34 173877 0.02697897 0.1115613  0.9978447 
10 24 34 176397 0.02391744 0.11288047 0.99897408
10 24 34 199025 0.02436495 0.11351275 1.00047255
10 24 34 221869 0.02225637 0.1134398  0.9969244 
10 24 34 224176 0.02213001 0.11822319 0.99363208
10 24 34 246264 0.02081656 0.11536551 0.99397349
10 24 34 269739 0.02054429 0.11946535 0.9937942 
10 24 34 273078 0.02470732 0.11700606 0.99306941
10 24 34 298412 0.02460098 0.11601949 0.99155378
10 24 34 322683 0.02587581 0.1160512  0.99700189
10 24 34 334418 0.02497029 0.112324   1.00050378
10 24 34 345014 0.02460933 0.11371374 1.00104332
10 24 34 368462 0.02348328 0.11557126 0.99814153
10 24 34 381785 0.02423143 0.11343217 0.99410677
10 24 34 396374 0.02461243 0.11342239 0.99262404
10 24 34 413464 0.0231359  0.11724162 0.98905945
10 24 34 415899 0.02409053 0.11419821 0.99356461
10 24 34 437802 0.02412057 0.11383414 0.99253178
10 24 34 510473 0.02467871 0.11599755 0.99365067
10 24 34 512742 0.01927018 0.11195135 0.99465203
10 24 34 514826 0.02129579 0.11136675 0.99708438
10 24 34 517127 0.02478313 0.11270332 0.99612284
10 24 34 519569 0.02634764 0.11362457 0.993613  
10 24 34 534640 0.02337098 0.111799   0.9960115 
10 24 34 536604 0.02429652 0.11684775 0.99903584
10 24 34 558572 0.01975656 0.11226892 0.99277353
10 24 34 583596 0.02177715 0.11592507 0.99518728
10 24 34 586089 0.02129602 0.11595154 0.99737716
10 24 34 606589 0.02434731 0.11223984 0.99994302
10 24 34 630145 0.02149272 0.11244249 0.99830866
10 24 34 633173 0.01973414 0.10889626 0.99435306
10 24 34 654462 0.0236187  0.1138351  0.99280357
10 24 34 678254 0.02069783 0.11368275 0.99303699
10 24 34 688279 0.01984572 0.11348939 0.99445152
10 24 34 743504 0.02245045 0.11246562 0.99655652
10 24 34 786615 0.0215354  0.11568308 0.99930763
10 24 34 835821 0.02488279 0.11901975 0.99390721
10 24 34 898686 0.0216074  0.11141849 0.9978075 
10 24 34 938448 0.02272511 0.11746264 0.99609017
10 24 34 987568 0.02303123 0.10926366 0.99704671
10 24 35 36583 0.02536106 0.11518002 0.99370122
10 24 35 89508 0.02453232 0.11437321 0.98898506
10 24 35 138742 0.02368736 0.1158576  0.99387431
10 24 35 188323 0.02294779 0.11452866 0.99737692
10 24 35 245097 0.02306938 0.11161113 1.00113082
10 24 35 292118 0.02298093 0.11206985 0.99394155
10 24 35 339592 0.02547145 0.11403418 0.99594426
10 24 35 388501 0.0215013  0.11702347 0.99824166
10 24 35 437797 0.02331972 0.11460805 0.99500561
10 24 35 486983 0.02068615 0.11652756 0.99739933
10 24 35 540143 0.01980782 0.11824775 0.99335766
10 24 35 589693 0.02501416 0.1179986  0.99412203
10 24 35 644864 0.02344728 0.11404538 0.99548054
10 24 35 695959 0.0232482  0.11352921 0.99931598
10 24 35 742049 0.02279544 0.1143229  1.00019813
10 24 35 795767 0.02609134 0.1104033  1.00113249
10 24 35 844699 0.02374816 0.11236525 1.00173354
10 24 35 888715 0.0233109  0.11076856 0.99816585
10 24 35 941873 0.02448153 0.11451125 0.99364424
10 24 35 990415 0.02442169 0.11281443 0.99148703
10 24 36 39983 0.02571249 0.11193609 0.99687099
10 24 36 89432 0.02317333 0.11185384 0.99675894
10 24 36 138291 0.02359724 0.11297131 0.99730396
10 24 36 191532 0.02248907 0.11414146 0.99698877
10 24 36 240559 0.02313805 0.11504531 0.99732089
10 24 36 289677 0.02002358 0.11358976 0.99540067
10 24 36 338940 0.02098012 0.11619473 0.99223351
10 24 36 388511 0.02109218 0.11622906 0.99229145
10 24 36 441237 0.02148008 0.11489677 0.99508333
10 24 36 498837 0.02228856 0.11232901 0.99637437
10 24 36 545283 0.02575803 0.11207461 0.99759078
10 24 36 596291 0.02497101 0.11219668 0.99875331
10 24 36 637898 0.02083826 0.11419368 0.99529672
10 24 36 691016 0.02124143 0.11547732 0.9938035 
10 24 36 740295 0.02054834 0.11910534 0.99437523
10 24 36 789675 0.0241251  0.12247944 0.98750472
10 24 36 838489 0.0218873  0.11747861 0.99109554
10 24 36 891799 0.02156901 0.11836028 0.99139404
10 24 36 949578 0.02284145 0.11272025 0.99509573
10 24 37 1366 0.02552319 0.11338758 0.99546647
10 24 37 45751 0.02669263 0.11361885 0.99780226
10 24 37 92498 0.02628779 0.10991359 0.99899697
10 24 37 141689 0.02538013 0.11236596 1.00086164
10 24 37 198485 0.02324343 0.11432338 0.99633503
10 24 37 245660 0.0242393  0.11562729 0.99604511
10 24 37 293056 0.02220249 0.11322641 0.99354243
10 24 37 342895 0.02128196 0.11066055 0.99955821
10 24 37 391582 0.02285767 0.11046576 0.99839091
10 24 37 441110 0.02285981 0.11172891 1.00010037
10 24 37 496265 0.02366281 0.11118031 0.99792147
10 24 37 543067 0.02110386 0.11423135 0.9981277 
10 24 37 592376 0.02214789 0.11079574 0.99650812
10 24 37 641305 0.02181172 0.11211872 0.99356246
10 24 37 690508 0.02119827 0.11214399 0.99634576
10 24 37 739966 0.02291846 0.11467242 0.9971056 
10 24 37 793072 0.02487874 0.11474752 0.99290442
10 24 37 841989 0.02318668 0.11321545 0.99582887
10 24 37 891390 0.02037859 0.11891389 0.99588275
10 24 37 940505 0.02270961 0.11740041 0.99628043
10 24 37 993642 0.02579117 0.11908746 0.99156022
10 24 38 43034 0.02279615 0.11979699 0.99062872
10 24 38 92152 0.02162218 0.11790276 0.9911685 
10 24 38 141244 0.02198648 0.11714435 0.99244809
10 24 38 190329 0.02363992 0.11639762 0.9929173 
10 24 38 243653 0.02349806 0.11821938 0.99373388
10 24 38 298548 0.02549219 0.11451197 0.99572492
10 24 38 349780 0.02687621 0.1094048  0.99986601
10 24 38 390951 0.02436662 0.11306882 0.99967766
10 24 38 443808 0.02150726 0.11313176 0.99681687
10 24 38 493554  0.01565552 -1.53080797  0.72263885
10 24 38 542808  7.91549683e-05  4.73160744e-02 -9.96122599e-01
10 24 38 598201 0.02136064 0.11172819 0.99246311
10 24 38 649971 0.02698755 0.11389971 0.99296618
10 24 38 693808 0.02271557 0.11340356 0.99369431
10 24 38 743279 0.02601886 0.11239076 0.99758315
10 24 38 792541 0.02552199 0.10604477 0.99504447
10 24 38 841500 0.02399468 0.10784531 0.99675465
10 24 38 890892 0.02252293 0.11003828 0.99572825
10 24 38 943689 0.02379751 0.10947704 1.00524378
10 24 38 992606 0.02400994 0.11002827 1.00329494
10 24 39 48902 0.02148604 0.10956407 0.99975467
10 24 39 96792 0.01927066 0.11753798 0.99519467
10 24 39 150193 0.0184691  0.11733437 0.98887944
10 24 39 198281 0.01880813 0.12030363 0.98753285
10 24 39 243023 0.02039456 0.11743045 0.993361  
10 24 39 292180 0.01945424 0.11714101 0.99318147
10 24 39 341105 0.02142978 0.12066817 0.99571896
10 24 39 394599 0.02058434 0.11940622 0.99577737
10 24 39 443701 0.02008843 0.11336899 0.99989915
10 24 39 492954 0.02326608 0.1160953  0.99767661
10 24 39 542073 0.02234077 0.11350656 0.99210882
10 24 39 595134 0.02595615 0.1169591  0.98923492
10 24 39 644495 0.02528906 0.11618185 0.98718095
10 24 39 694110 0.02531552 0.11464047 0.9863658 
10 24 39 742789 0.02479029 0.11835122 0.99314237
10 24 39 795712 0.0245688  0.11193419 0.99499249
10 24 39 845083 0.02755475 0.11449671 0.99535441
10 24 39 894321 0.02317691 0.11840653 0.99191904
10 24 39 943391 0.02376103 0.11539602 0.99524236
10 24 39 996593 0.0219996  0.11671495 0.99796104
10 24 40 45356 0.02015185 0.1144464  0.99622416
10 24 40 95127 0.02219224 0.11170483 0.99585867
10 24 40 144265 0.02159142 0.11270523 0.99413228
10 24 40 192663 0.02067399 0.11552119 0.99666214
10 24 40 246405 0.01807165 0.11096668 1.00063658
10 24 40 295556 0.02001309 0.106637   1.00171328
10 24 40 344819 0.02020478 0.10851049 0.99933934
10 24 40 396726 0.02033114 0.10905457 0.996979  
10 24 40 443134 0.02601504 0.11270261 0.99427199
10 24 40 503897 0.0234158  0.10819983 0.99144101
10 24 40 545587 0.02262092 0.11488628 0.98918438
10 24 40 594907 0.02283263 0.11579037 0.99109221
10 24 40 643768 0.02132893 0.11800313 0.99393892
10 24 40 696856 0.0228622  0.1129849  0.99675488
10 24 40 746236 0.02606678 0.10946774 0.99806404
10 24 40 795319 0.02473092 0.11265016 1.00767684
10 24 40 844505 0.026968   0.11228204 1.01051974
10 24 40 897594 0.02733922 0.11219621 0.99596572
10 24 40 946822 0.02065063 0.11839414 0.99263525
10 24 40 996158 0.02371407 0.11762166 0.98604608
10 24 41 45229 0.02024603 0.1202476  0.98614526
10 24 41 94320 0.02230525 0.11728263 0.98941493
10 24 41 147572 0.02028847 0.11670947 0.99156928
10 24 41 196892 0.02406836 0.11950731 0.98734236
10 24 41 246297 0.02425337 0.11555338 0.99320674
10 24 41 295022 0.02362871 0.11290312 1.00182843
10 24 41 348045 0.02401948 0.11324143 1.00345826
10 24 41 397521 0.02424669 0.11208463 1.00296092
10 24 41 446601 0.02212167 0.116889   1.0012393 
10 24 41 495855 0.02456641 0.1188767  0.98779058
10 24 41 544900 0.02226543 0.11613345 0.9793992 
10 24 41 598133 0.02350545 0.11414409 0.9838326 
10 24 41 647176 0.02474594 0.11690497 1.00121379
10 24 41 696514 0.02262521 0.11388683 1.00259519
10 24 41 745592 0.02210522 0.12043142 0.99455023
10 24 41 801655 0.02336884 0.10989976 0.98684311
10 24 41 853665 0.02338862 0.10963893 0.99710751
10 24 41 902921 0.02282453 0.10788512 1.01024699
10 24 41 946389 0.02412558 0.10841393 1.00994468
10 24 41 995477 0.02384567 0.11341119 0.99542928
10 24 42 54974 0.0231719  0.11938262 0.98382306
10 24 42 108300 0.01943231 0.11308956 0.98795342
10 24 42 152787 0.02238297 0.11572313 0.99841237
10 24 42 196368 0.0216217  0.11473322 0.00391603
10 24 42 255140 9.36985016e-05 1.14109349e+00 1.19137979e+00
10 24 42 306263 0.02569509 0.11772418 0.99510646
10 24 42 356971 0.02178764 0.11283851 0.99529886
10 24 42 396787 0.02078152 0.11739922 0.99720144
10 24 42 446167 0.02408862 0.11991882 0.99526381
10 24 42 505463 0.02225971 0.11047816 0.99727774
10 24 42 555567 0.02261019 0.11240792 0.99801922
10 24 42 597702 0.02191615 0.11575294 0.99530959
10 24 42 646473 0.02213359 0.11710596 0.98973751
10 24 42 701343 0.02256036 0.11460471 0.99257779
10 24 42 750812 0.02116656 0.11567616 0.99664307
10 24 42 804454 0.02092934 0.10981584 0.99956322
10 24 42 855126 0.02646971 0.11101389 1.0002594 
10 24 42 896809 0.02482104 0.10948634 0.99299979
10 24 42 945530 0.02635098 0.11130476 0.99489927
10 24 42 998708 0.02301717 0.10843897 0.99697852
10 24 43 48258 0.02304697 0.11547613 0.99494982
10 24 43 97255 0.02133751 0.11318302 0.99456716
10 24 43 146547 0.02409387 0.11727667 0.99310327
10 24 43 199830 0.02348685 0.11553717 0.99297714
10 24 43 248685 0.02032161 0.11684179 0.99369407
10 24 43 298106 0.0198369  0.11301637 0.99778557
10 24 43 347003 0.02126861 0.11558509 0.99689889
10 24 43 400240 0.02254295 0.11726236 0.99944782
10 24 43 449955 0.01983213 0.11288595 0.99098635
10 24 43 498720 0.02286458 0.11684299 0.99344945
10 24 43 547698 0.02391744 0.11466408 0.99009871
10 24 43 597039 0.02505159 0.11469364 0.99820971
10 24 43 650356 0.02299285 0.11243653 0.99792528
10 24 43 699423 0.02225709 0.11521459 0.99806571
10 24 43 748524 0.02158356 0.11580086 0.9936533 
10 24 43 797706 0.02510929 0.11132812 0.99028444
10 24 43 846871 0.02208781 0.11378646 0.99792099
10 24 43 900224 0.02429032 0.11680698 0.99629974
10 24 43 949312 0.02326393 0.11318398 0.99770021
10 24 43 998352 0.02299833 0.11789274 0.99570394
10 24 44 47452 0.02527547 0.11796951 0.99957395
10 24 44 100599 0.02483773 0.1164155  0.99458241
10 24 44 149907 0.02200222 0.11452103 0.99878693
10 24 44 199113 0.02078009 0.11067224 0.99904871
10 24 44 252185 0.02157879 0.10925245 0.99962974
10 24 44 301530 0.02301931 0.11023045 0.99544215
10 24 44 350468 0.02580905 0.11176109 0.99190617
10 24 44 399927 0.02270055 0.11197305 1.00162458
10 24 44 448780 0.02439523 0.1115768  0.99638462
10 24 44 502122 0.02379322 0.1089952  0.99597406
10 24 44 551912 0.02276325 0.11432624 0.99639201
10 24 44 600556 0.018893   0.11269855 0.99384117
10 24 44 655202 0.02203393 0.11392522 0.99522185
10 24 44 706568 0.02450728 0.11302257 0.99546862
10 24 44 752220 0.02102423 0.11663866 0.99973536
10 24 44 801286 0.02006578 0.11015868 0.99823189
10 24 44 850368 0.02506614 0.11252046 0.99577594
10 24 44 900218 0.02514076 0.11771202 0.99550295
10 24 44 952714 0.02784467 0.11647654 0.9875114 
10 24 45 2652 0.02391362 0.11562467 0.98806548
10 24 45 51420 0.02028394 0.11337757 0.99658203
10 24 45 100500 0.02473044 0.11183262 0.998739  
10 24 45 149313 0.02576089 0.11306858 0.995857  
10 24 45 209747 0.02457428 0.11736894 0.9924469 
10 24 45 252035 0.02423859 0.11583161 0.99564219
10 24 45 307126 0.02455258 0.11251235 0.99852514
10 24 45 350476 0.02339578 0.11110663 0.99569702
10 24 45 399348 0.02368331 0.11674547 0.99254847
10 24 45 452477 0.02276349 0.11641049 0.99297142
10 24 45 501676 0.0187571  0.11639047 0.99103141
10 24 45 550608 0.02148843 0.1117332  0.9939115 
10 24 45 609791 0.02229238 0.11248422 0.99640608
10 24 45 653507 0.02543497 0.11538339 0.99967742
10 24 45 702837 0.0230689  0.11236739 0.99967027
10 24 45 751532 0.02062583 0.1122694  0.99768257
10 24 45 810102 0.02459121 0.11269355 0.99716735
10 24 45 860634  0.01565146  1.10981655 -0.69924545
10 24 45 903483  9.36985016e-05  1.78170705e+00 -5.58618069e-01
10 24 45 952096 0.02334976 0.11232901 0.99318457
10 24 46 1771 0.02437568 0.11586714 0.99734259
10 24 46 53889 0.02322316 0.11462164 0.99518037
10 24 46 103803 0.02095056 0.11404777 0.99665594
10 24 46 160307 0.02139854 0.11393785 0.9988718 
10 24 46 201978 0.02412963 0.11658025 0.99737501
10 24 46 251495 0.02024508 0.11370802 0.99753666
10 24 46 305112 0.02260542 0.11787748 0.99554086
10 24 46 353464 0.01983786 0.11869955 0.99344039
10 24 46 402730 0.0238049  0.11754012 0.98778057
10 24 46 451636 0.0244441  0.11773849 0.9954772 
10 24 46 501759 0.0209434  0.11863971 0.99220133
10 24 46 554249 0.02153349 0.11457014 0.99736857
10 24 46 603558 0.02447963 0.11579871 0.99492979
10 24 46 652573 0.02291012 0.11575961 0.9966166 
10 24 46 713711 0.0234313  0.11762881 0.99572444
10 24 46 763569 0.0228467  0.11798835 0.9929471 
10 24 46 810000 0.02402782 0.11537457 0.99537969
10 24 46 858361 0.01946616 0.11553478 0.99398112
10 24 46 908278 0.02041674 0.11551595 0.99316621
10 24 46 955774 0.02314138 0.11474538 0.99591088
10 24 47 4958 0.02189803 0.1176827  0.99756122
10 24 47 61874 0.02331901 0.1150279  0.99929094
10 24 47 108867 0.02005076 0.11014318 0.99948287
10 24 47 159370 0.02132821 0.11446762 0.99482679
10 24 47 205311 0.02174044 0.117208   0.99675035
10 24 47 254533 0.02304459 0.11430573 0.99207592
10 24 47 310183 0.02119017 0.11450028 0.99495912
10 24 47 352946 0.02140999 0.11237478 0.99421287
10 24 47 402176 0.02398324 0.11335659 0.99925041
10 24 47 455007 0.02348757 0.11278129 0.99940181
10 24 47 504686 0.02372837 0.11383462 0.997684  
10 24 47 553605 0.02294564 0.11375618 0.99629092
10 24 47 603097 0.02200341 0.11471248 0.99595189
10 24 47 652158 0.02326298 0.11835003 0.99440122
10 24 47 705213 0.02228975 0.11467648 0.99187112
10 24 47 754201 0.02390528 0.11755347 0.99043918
10 24 47 803811 0.02005696 0.11772561 0.98878336
10 24 47 863345 0.02379584 0.11641622 0.99418879
10 24 47 906043 0.02157307 0.11397529 0.99981427
10 24 47 955033 0.02191401 0.11392736 0.9943409 
10 24 48 4221 0.02165651 0.11351681 0.9923172 
10 24 48 53618 0.02092195 0.11387944 0.99348497
10 24 48 106950 0.02373052 0.11473489 0.99626374
10 24 48 162799 0.02154994 0.11298513 0.99450397
10 24 48 205171 0.01956272 0.11901593 0.9975071 
10 24 48 254001 0.01851392 0.11230469 0.99371886
10 24 48 303200 0.02220368 0.1157155  0.99253535
10 24 48 356367 0.02033901 0.11480546 0.99635601
10 24 48 405556 0.02063084 0.11625648 0.99424243
10 24 48 454781 0.0239017  0.11514258 0.99523354
