16 5 58 264229 -0.03365707 -0.15634918  1.07956505
16 5 58 310887 -0.06902313 -0.09256744  1.09392357
16 5 58 363358 -0.03409576  0.02062035  1.09102058
16 5 58 413455  0.00768852 -0.01283646  1.08403778
16 5 58 465156 -0.03363037 -0.07543945  1.07857704
16 5 58 512892 -0.07104301 -0.10918999  1.06212234
16 5 58 561964 -0.06509018 -0.01865005  1.09762192
16 5 58 614037 -6.69479370e-04  1.24094009e-01  1.10757256e+00
16 5 58 666340  0.01583672 -0.03425217  1.06489754
16 5 58 716839 -0.04454231 -0.20435143  1.0798893 
16 5 58 766658 -0.07718468 -0.08666611  1.09604263
16 5 58 816757 -0.02588463  0.04112053  1.09834862
16 5 58 862070  0.00261116 -0.02291679  1.0877533 
16 5 58 911754 -0.04402542 -0.11195564  1.05949783
16 5 58 963129 -0.07816505 -0.09883308  1.08086014
16 5 59 12844 -0.06065369  0.03482056  1.10782051
16 5 59 74706 0.01335907 0.0470829  1.0731945 
16 5 59 114638 -0.00456238 -0.1027565   1.06904602
16 5 59 162612 -0.07764626 -0.16535759  1.08188057
16 5 59 214122 -0.06307983 -0.02763748  1.11100769
16 5 59 264097 -0.01733971  0.01485252  1.09279823
16 5 59 319580 -0.01281548 -0.0692234   1.05944443
16 5 59 363305 -0.06892776 -0.1242733   1.06726265
16 5 59 412085 -0.08834839 -0.07665253  1.07400322
16 5 59 461716 -0.03383064  0.05363083  1.07501602
16 5 59 511365  0.00520325 -0.01484108  1.06777763
16 5 59 564032 -0.02937508 -0.13816452  1.06308937
16 5 59 611920 -0.07555199 -0.09860039  1.09333038
16 5 59 671555 -0.04971695 -0.00304222  1.08807755
16 5 59 714733 -0.00687027 -0.02075386  1.0762558 
16 5 59 763397 -0.03718376 -0.07325745  1.04567719
16 5 59 813914 -0.08276939 -0.1160965   1.03019333
16 5 59 863707 -0.08347893 -0.03676987  1.06954956
16 5 59 914651 -0.00921631  0.08198547  1.07079697
16 5 59 963569  0.00120354 -0.05706024  1.03123283
16 6 0 10230 -0.05280495 -0.18349266  1.05229187
16 6 0 72320 -0.08802032 -0.08024025  1.0733242 
16 6 0 108765 -0.02827454  0.02070236  1.05742836
16 6 0 165437 -0.01047516 -0.02102852  1.05058861
16 6 0 213118 -0.04410934 -0.10413742  1.01340103
16 6 0 264093 -0.09321404 -0.10723114  1.01895523
16 6 0 313227 -0.0602684   0.03318214  1.07085228
16 6 0 363632 0.02305603 0.11645889 1.03020859
16 6 0 415802  0.00269508 -0.14255905  1.00952911
16 6 0 463494 -0.08061218 -0.22749519  1.02927589
16 6 0 513763 -0.06329918 -0.01823235  1.05333138
16 6 0 563230 1.52587891e-04 7.56626129e-02 1.04328156e+00
16 6 0 610741 -1.04904175e-04 -4.90512848e-02  1.01932716e+00
16 6 0 664171 -0.06350899 -0.14308548  0.99209404
16 6 0 714160 -0.07950401 -0.04602814  1.01415253
16 6 0 764576 -0.02242851  0.08790588  1.00848389
16 6 0 812219  0.0200119  -0.03786278  1.00331688
16 6 0 863583 -0.02957344 -0.14968872  1.0052166 
16 6 0 913931 -0.06230164 -0.0635128   1.0341301 
16 6 0 963349 -0.02633667  0.02515984  1.02964211
16 6 1 14679  0.00196457 -0.01064873  0.98506165
16 6 1 65554 -0.02467537 -0.0876255   0.94937706
16 6 1 114641 -0.07333374 -0.09737206  0.97058105
16 6 1 164087 -0.04972076  0.03013229  1.01050186
16 6 1 210472 0.00802803 0.03112411 0.97534561
16 6 1 261898  0.00098801 -0.09597778  0.95658112
16 6 1 311143 -0.05372238 -0.11833572  0.98702812
16 6 1 364188 -0.04403114 -0.01584816  1.02165222
16 6 1 412633 -0.00870323  0.00853348  0.97671318
16 6 1 463774 -0.00784492 -0.0482502   0.93776703
16 6 1 515595 -0.04877853 -0.08085442  0.95419502
16 6 1 564199 -0.08589554 -0.06131744  0.95769691
16 6 1 616250 -0.02238274  0.07860947  0.96307755
16 6 1 667211 0.0243988  0.02543259 0.94897079
16 6 1 720728 -0.00899124 -0.14502335  0.93920708
16 6 1 763509 -0.06678963 -0.11308479  0.97764015
16 6 1 811994 -0.03551865  0.01115608  0.98090935
16 6 1 863650 0.01169777 0.01561546 0.93589973
16 6 1 912148 -0.00919533 -0.0521698   0.9280014 
16 6 1 963678 -0.06095886 -0.10274315  0.91872978
16 6 2 12790 -0.06741142 -0.0352726   0.93370247
16 6 2 75228 -0.00909805  0.11052513  0.93217278
16 6 2 112908  0.02220726 -0.01761246  0.91146851
16 6 2 162236 -0.02448654 -0.15868378  0.93952179
16 6 2 215172 -0.06228638 -0.07502556  0.94545937
16 6 2 263134 -0.02544403  0.034832    0.91951561
16 6 2 317281 0.01057434 0.01080322 0.90495682
16 6 2 365890 -0.0229702  -0.06665802  0.91363144
16 6 2 410665 -0.06732368 -0.1125927   0.90786171
16 6 2 462526 -0.05492592  0.02542114  0.92217827
16 6 2 513874 0.01677132 0.14541626 0.88658333
16 6 2 562712  0.02508354 -0.07615852  0.89335442
16 6 2 612393 -0.03875542 -0.17263985  0.92858696
16 6 2 672606 -0.05111122 -0.02527237  0.90911102
16 6 2 715613 -0.00127602  0.05872536  0.90348434
16 6 2 762949  0.02399826 -0.0224781   0.89012718
16 6 2 816676 -0.02923203 -0.07702446  0.89852905
16 6 2 865734 -0.06266403 -0.07616806  0.92383957
16 6 2 915560 -0.02703285  0.09135437  0.90606689
16 6 2 963325 0.04765892 0.08005524 0.90157318
16 6 3 10249  0.02324486 -0.13576889  0.87919235
16 6 3 71285 -0.06561089 -0.14894295  0.90890694
16 6 3 111684 -0.02823448  0.01800728  0.92106628
16 6 3 163872 0.02715302 0.04697037 0.89135361
16 6 3 211941  0.00456619 -0.06058693  0.8952961 
16 6 3 264051 -0.05325127 -0.10408401  0.91262817
16 6 3 315399 -0.04199982 -0.00730324  0.91835022
16 6 3 363112 0.01557541 0.10786057 0.90146255
16 6 3 415951  0.04211617 -0.04973412  0.87944412
16 6 3 463460 -0.02120781 -0.13240623  0.91366005
16 6 3 514113 -0.04450989 -0.02251434  0.93053818
16 6 3 563717 0.00188446 0.05083275 0.916605  
16 6 3 611360  0.03090096 -0.01555252  0.88908005
16 6 3 661598 -0.02487373 -0.08353996  0.9029541 
16 6 3 714636 -0.06338882 -0.04836655  0.93196106
16 6 3 764824 -0.01950264  0.0804348   0.93236732
16 6 3 813198 0.04192352 0.0351944  0.90239906
16 6 3 863845  0.0060215  -0.12456322  0.88677979
16 6 3 912335 -0.05379295 -0.08563042  0.92984009
16 6 3 966177 -0.01804733  0.04423332  0.95380402
16 6 4 14645 0.03015137 0.03138161 0.92287636
16 6 4 66099 -0.00239372 -0.05508041  0.9163456 
16 6 4 116333 -0.05247498 -0.09416771  0.93708038
16 6 4 163479 -0.03988838  0.04816628  0.96291161
16 6 4 211656 0.02142715 0.11182022 0.91355896
16 6 4 262046  0.0300808  -0.05957031  0.91832542
16 6 4 312911 -0.0318222  -0.10548973  0.96045685
16 6 4 365145 0.01737976 0.06334686 0.94913292
16 6 4 412966  0.02195549 -0.02407837  0.93389893
16 6 4 463704   0.1248703  -15.75027847   5.37873268
16 6 4 512844 -0.05278397 -0.01687622  0.96109962
16 6 4 560871 -0.00710297  0.11592293  0.9653244 
16 6 4 613510   0.03659248   0.03273392 -13.50248146
16 6 4 665219 5.60855865e-02 3.10897827e-04 9.93658066e-01
16 6 4 722096 0.02637863 0.23557663 0.94479561
16 6 4 762508 -0.06744194 -0.02511024  0.9544239 
16 6 4 811047  0.0236969  -0.24238014  0.98695564
16 6 4 861267  0.0390625  -0.01556206  1.02896118
16 6 4 910858 0.0315361  0.24231911 0.97342491
16 6 4 963767 -0.05845261 -0.01157379  0.94836807
16 6 5 12560  0.03553963 -0.27300453  0.96778297
16 6 5 72047  0.05971527 -0.01205444  1.038908  
16 6 5 113167 0.027771   0.24688721 1.0032196 
16 6 5 162595 -0.05704117 -0.01160622  0.98308182
16 6 5 213672  0.05526161 -0.2792778   0.98469353
16 6 5 261997 0.04080009 0.00788307 1.0588398 
16 6 5 316000 0.00989723 0.23515129 0.98276138
16 6 5 363661 -0.04956818 -0.05544853  0.9999752 
16 6 5 412479  0.06592751 -0.29102516  0.99867058
16 6 5 461569 0.03911018 0.04376793 1.06131935
16 6 5 513027 0.00601006 0.2205143  0.97269058
16 6 5 563102 -0.03779221 -0.1199646   1.00825119
16 6 5 613542  0.06488228 -0.27279854  1.02157211
16 6 5 669949 0.06415367 0.08362389 1.04979134
16 6 5 716468 -0.01810455  0.19767761  0.99387169
16 6 5 761465 -0.0239048  -0.16222382  1.01173019
16 6 5 814715  0.06460381 -0.27770805  1.04904175
16 6 5 862500 0.0626049  0.13538551 1.07564926
16 6 5 913407 -0.04327393  0.13623428  0.97091866
16 6 5 964425 -0.01634216 -0.22150612  1.03009033
16 6 6 13223  0.07708168 -0.20738602  1.08147049
16 6 6 70608 0.05875587 0.18183136 1.0600071 
16 6 6 107173 -0.08175468  0.07021523  1.0099678 
16 6 6 164794  0.02502632 -0.25371933  1.04659271
16 6 6 212171  0.07092667 -0.14779091  1.07549286
16 6 6 263978 0.01748848 0.22308731 1.06851578
16 6 6 315379 -0.05821037  0.02236176  1.04813576
16 6 6 364461  0.06593323 -0.29881859  1.04809189
16 6 6 414171  0.07034302 -0.0593605   1.06354332
16 6 6 462268 -0.02847099  0.23196602  1.00605965
16 6 6 514559 -0.05241394 -0.09956932  1.08046722
16 6 6 563599  0.08231926 -0.30539322  1.07061577
16 6 6 610778 0.07594109 0.05166054 1.09102631
16 6 6 667401 -0.06646156  0.17998314  0.97649574
16 6 6 715119  0.02082634 -0.2269783   1.0780983 
16 6 6 764903  0.10365486 -0.21646309  1.11684418
16 6 6 812381 0.04784393 0.14553833 1.08857155
16 6 6 863102 -0.05764008  0.04373741  0.99092674
16 6 6 912695  0.07151604 -0.32733727  1.07950974
16 6 6 961088  0.09588432 -0.03002357  1.13668251
16 6 7 13871 -0.0400486   0.19935989  1.00060844
16 6 7 65338 -0.03446007 -0.18844032  1.09716415
16 6 7 113994  0.08811951 -0.26931     1.11901665
16 6 7 164980 0.07506561 0.12896538 1.11208534
16 6 7 210203 -0.08190727  0.11075211  0.96190071
16 6 7 262382  0.04293823 -0.34970665  1.10945511
16 6 7 312727  0.09573555 -0.06443787  1.16217804
16 6 7 362508 -0.01038551  0.20476913  1.06841469
16 6 7 411699 -0.03482056 -0.15135765  1.03378296
16 6 7 463242  0.07645416 -0.32319641  1.10371971
16 6 7 513040 0.08278275 0.11601067 1.1560154 
16 6 7 562914 -0.07804108  0.15939903  0.99176407
16 6 7 614527  0.04476929 -0.35445595  1.07714653
16 6 7 664032  0.08553696 -0.08979034  1.13079643
16 6 7 717795 -0.0125885   0.20150375  1.06534004
16 6 7 762884 -0.02170944 -0.15160561  1.02680397
16 6 7 812303  0.07739639 -0.35016632  1.10733032
16 6 7 862866 0.07068443 0.13119698 1.15628433
16 6 7 910765 -0.07775497  0.10932922  0.99317551
16 6 7 962950  0.07165337 -0.37304115  1.0733223 
16 6 8 13110  0.09150696 -0.03164291  1.15301132
16 6 8 74472 -0.03198242  0.20009804  1.0521965 
16 6 8 113091 -0.01035309 -0.21706009  1.06190681
16 6 8 161351  0.10313416 -0.28805923  1.1073761 
16 6 8 214922 0.05480194 0.17305374 1.10799789
16 6 8 293844 -0.0628376   0.00810623  0.96110916
16 6 8 314384  0.07745361 -0.42830467  1.09254646
16 6 8 363701 0.10027504 0.04413223 1.14998817
16 6 8 411267 -0.05705833  0.21604729  0.99489975
16 6 8 463028  0.0212326  -0.3111496   1.03535843
16 6 8 510956  0.12062263 -0.18049812  1.12643623
16 6 8 564052 0.01128197 0.21585846 1.07201576
16 6 8 612123 -0.06555748 -0.10385895  0.95588684
16 6 8 669735  0.08971786 -0.38724327  1.11826515
16 6 8 715414 0.10033226 0.13280869 1.14518929
16 6 8 761307 -0.08242989  0.16254616  0.97257996
16 6 8 812656  0.04390907 -0.40371323  1.02468491
16 6 8 861862  0.11772156 -0.0504303   1.12396622
16 6 8 915806 -0.01396942  0.24645042  1.03922272
16 6 8 962777 -0.02508354 -0.22130203  0.99284554
16 6 9 10147  0.10890007 -0.27093124  1.07021904
16 6 9 70199 0.05985451 0.21341324 1.11731529
16 6 9 111214 -0.06972122  0.00247192  0.90431023
16 6 9 162726  0.07423401 -0.42585754  1.05822182
16 6 9 211789 0.11170197 0.09475327 1.10885239
16 6 9 266108 -0.07344055  0.20620537  0.99973679
16 6 9 314098  0.03633308 -0.35176086  1.00863457
16 6 9 361087  0.11361504 -0.06495857  1.06328583
16 6 9 414663 -0.00418091  0.2542038   1.04323387
16 6 9 462354 -0.02683449 -0.21550751  0.9683094 
16 6 9 515089  0.09588432 -0.24845505  1.06455421
16 6 9 563496 0.0700016  0.21878242 1.05553436
16 6 9 610516 -0.07624626 -0.00540543  0.88368607
16 6 9 671163  0.05942154 -0.41711235  1.05285835
16 6 9 712880 0.12735558 0.14048958 1.08304787
16 6 9 766536 -0.07195091  0.20872879  0.89910316
16 6 9 813184  0.03095627 -0.40632248  1.01346207
16 6 9 863410  0.11565781 -0.02948952  1.03186035
16 6 9 913379 -0.00799942  0.25753975  0.95127296
16 6 9 965563 -0.0159359  -0.24191284  0.92431831
16 6 10 14036  0.10156631 -0.19849205  1.05140114
16 6 10 68207 0.06261826 0.24470901 1.00762177
16 6 10 114383 -0.07506943 -0.0543499   0.83659363
16 6 10 164262  0.05664635 -0.39401054  1.01610374
16 6 10 210697 0.10931587 0.18754959 1.04263687
16 6 10 262795 -0.04775047  0.13099098  0.86972427
16 6 10 311533  0.05211258 -0.42970276  0.98130798
16 6 10 362410 0.12507248 0.05254364 0.98988342
16 6 10 412093 -0.03838921  0.26111221  0.90684128
16 6 10 465721  0.0933342  -0.08163643  1.02309227
16 6 10 513612 0.0550499  0.26453018 0.95338821
16 6 10 562503   0.12483025 -13.37584686 -10.3716507 
16 6 10 612795  0.09168816 -0.26569557  1.02453423
16 6 10 664472 0.09844208 0.26547813 1.00783539
16 6 10 717322  -0.04853821   0.06642532 -13.50100899
16 6 10 765850 -0.03589439 -0.0684185   0.86784744
16 6 10 810245 -0.08285522 -0.10513115  0.87552643
16 6 10 866491 -0.05810738  0.02783585  0.90356827
16 6 10 911706 0.00411606 0.07369423 0.86098671
16 6 10 962883 -0.00879097 -0.06224442  0.8952961 
16 6 11 12997 -0.07038689 -0.09145737  0.89883804
16 6 11 71931 -0.05753708  0.00650787  0.88715363
16 6 11 112524 -0.00780487  0.0531044   0.90773582
16 6 11 161588 -0.00233078 -0.00719261  0.8883667 
16 6 11 214155 -0.06462097 -0.07160187  0.90015602
16 6 11 262275 -0.0828228  -0.05093384  0.9021492 
16 6 11 314276 -0.02938843  0.08889008  0.91479874
16 6 11 362449 0.00796509 0.04060364 0.92152214
16 6 11 410376 -0.03031158 -0.07860184  0.91287613
16 6 11 463533 -0.08010483 -0.0610466   0.92593765
16 6 11 510799 -0.0403595   0.04405022  0.94353485
16 6 11 562700 -0.00169563  0.04213142  0.94120026
16 6 11 611029 -0.02409744 -0.02395821  0.93544006
16 6 11 670474 -0.08569336 -0.07500839  0.94721985
16 6 11 716746 -0.08009911  0.01697922  0.97520638
16 6 11 760610 -0.00162697  0.10665321  0.97912025
16 6 11 812789  0.0122776  -0.02850914  0.98634148
16 6 11 862119 -0.04117203 -0.0823288   0.99743462
16 6 11 916152 -0.04256058 -0.03467178  0.99928284
16 6 11 963055 -0.00536919  0.03684807  1.07774925
16 6 12 12049 0.01265144 0.02471733 1.01949501
16 6 12 71499 -0.02991104 -0.0484333   1.04518509
16 6 12 108306 -0.01038361 -0.06698036  1.01100922
16 6 12 166341 -0.04031944  0.04581833  1.03748512
16 6 12 212438 0.00216103 0.13433838 1.04616737
16 6 12 263397 -0.0166111  -0.00675201  0.99960709
16 6 12 312226 -0.12569809 -0.10284042  1.02965546
16 6 12 364214 -0.06438446 -0.00570869  1.00665092
16 6 12 415194 -0.01165199  0.0853653   1.0366745 
16 6 12 466927 0.00498772 0.03232002 1.00279427
16 6 12 514141 -0.04476357 -0.08305931  1.04865646
16 6 12 563626 -0.05660629 -0.03539085  1.09882927
16 6 12 610886 -0.00987625  0.09409332  1.11344147
16 6 12 663422 1.16348267e-03 6.06536865e-04 1.11837006e+00
16 6 12 713859 -0.04271317 -0.11811829  1.08350945
16 6 12 766045 -0.09220505 -0.11264801  1.03437424
16 6 12 812983 -0.05680847  0.05614471  1.02694321
16 6 12 862304 -0.02839279  0.04834938  1.0620327 
16 6 12 911975 -0.07035637 -0.06637192  1.05872726
16 6 12 966276 -0.10954285 -0.07747841  1.07303429
16 6 13 13603 -0.07435608  0.06372643  1.07258034
16 6 13 64538 0.01315308 0.072752   1.01617622
16 6 13 114103  0.01348305 -0.14894676  1.04225159
16 6 13 163242 -0.06775856 -0.1551075   1.08720398
16 6 13 211933 -0.04216766  0.01041985  1.1473465 
16 6 13 261929 -0.00605011  0.04224205  1.11581802
16 6 13 310485 -0.01248169 -0.07586098  1.05566788
16 6 13 362312 -0.0747509  -0.11440468  1.08345604
16 6 13 411998 -7.33184814e-02  1.04904175e-04  1.14018631e+00
16 6 13 463141 -0.04491425  0.03953171  1.07253838
16 6 13 515082 -0.04759026 -0.06763268  1.04593468
16 6 13 561322 -0.08509254 -0.09632111  1.08490753
16 6 13 613650 -0.09123421 -0.00409889  1.12203598
16 6 13 667068 -0.04665565  0.02724648  1.07967758
16 6 13 716699 -0.03015518 -0.03748512  1.0738163 
16 6 13 762951 -0.05634308 -0.10504532  1.09297752
16 6 13 810351 -0.07029724 -0.04338837  1.13779259
16 6 13 862045 -0.04392624  0.07041168  1.12426186
16 6 13 910488 -0.02001572 -0.06217194  1.07022285
16 6 13 961978 -0.05954742 -0.16069221  1.08789253
16 6 14 14002 -0.06886673 -0.05349731  1.11909103
16 6 14 71195 -0.02961731  0.0406208   1.0882473 
16 6 14 112264 -0.01399994 -0.01132393  1.06309509
16 6 14 161388 -0.05017281 -0.084589    1.06443787
16 6 14 212318 -0.10352325 -0.09276581  1.0857296 
16 6 14 261290 -0.05887794  0.02608871  1.11391258
16 6 14 313420 -0.0093441  -0.01177025  1.06439018
16 6 14 363328 -0.03047371 -0.13038635  1.05824471
16 6 14 410453 -0.08065224 -0.08125877  1.08914948
16 6 14 461848 -6.50043488e-02  1.46865845e-04  1.10709381e+00
16 6 14 513350 -0.03024673 -0.00395012  1.09234238
