16 5 58 264229 -0.00355649 -0.01642036  1.07881975
16 5 58 310887 -0.03440595 -0.10325027  1.08263588
16 5 58 363358 -0.05362201 -0.07301068  1.09570599
16 5 58 413455 -0.03553176 -0.0134151   1.09554458
16 5 58 465156 -0.01810455 -0.0283792   1.09098363
16 5 58 512892 -0.03595519 -0.07161212  1.0826261 
16 5 58 561964 -0.06443834 -0.08134437  1.08252907
16 5 58 614037 -0.05480576 -0.00271392  1.10160589
16 5 58 666340 -0.01504064  0.04934239  1.09584665
16 5 58 716839 -0.01119471 -0.05726075  1.0802474 
16 5 58 766658 -0.04804373 -0.13241553  1.08481193
16 5 58 816757 -0.05890322 -0.06973243  1.09704447
16 5 58 862070 -0.03289413 -0.00267434  1.09758067
16 5 58 911754 -0.02195358 -0.03628302  1.08299375
16 5 58 963129 -0.05275798 -0.0903976   1.07679868
16 5 59 12844 -0.07446742 -0.07000422  1.08951235
16 5 59 74706 -0.05017161  0.01393747  1.0961802 
16 5 59 114638 -1.14848614e-02  9.56773758e-04  1.08008862e+00
16 5 59 162612 -0.02357578 -0.09447742  1.08318973
16 5 59 214122 -0.0596211  -0.10616183  1.09396291
16 5 59 264097 -0.05137014 -0.04050636  1.09777522
16 5 59 319580 -0.02505898 -0.02260566  1.0908463 
16 5 59 363305 -0.03083754 -0.06758475  1.07341433
16 5 59 412085 -0.06837368 -0.09629464  1.06773901
16 5 59 461716 -0.06850362 -0.05102849  1.08547568
16 5 59 511365 -0.03472352  0.00435209  1.08147693
16 5 59 564032 -0.01532793 -0.03750515  1.06381989
16 5 59 611920 -0.04194999 -0.10475636  1.07260656
16 5 59 671555 -0.06004333 -0.07721519  1.09071112
16 5 59 714733 -0.04720688 -0.02873969  1.0842917 
16 5 59 763397 -0.02930164 -0.03738165  1.06678295
16 5 59 813914 -0.04685068 -0.07613373  1.05525231
16 5 59 863707 -0.07740331 -0.08895421  1.05723906
16 5 59 914651 -0.06254339 -0.02134871  1.07223392
16 5 59 963569 -0.02527809  0.01584792  1.0635643 
16 6 0 10230 -0.01859307 -0.07005119  1.05363989
16 6 0 72320 -0.05483866 -0.12363577  1.06041622
16 6 0 108765 -0.06597662 -0.06824708  1.07541537
16 6 0 165437 -0.03642511 -0.01874828  1.06801724
16 6 0 213118 -0.02551699 -0.04323888  1.046983  
16 6 0 264093 -0.05022502 -0.0884347   1.03283763
16 6 0 313227 -0.07626057 -0.08380651  1.04065824
16 6 0 363632 -0.04450011  0.02717662  1.05542302
16 6 0 415802 -0.00432968  0.02238011  1.03790474
16 6 0 463494 -0.01755977 -0.12556458  1.02706552
16 6 0 513763 -0.05991077 -0.13902664  1.04393077
16 6 0 563230 -0.04862952 -0.02806973  1.04853773
16 6 0 610741 -0.01389718  0.00705075  1.04037356
16 6 0 664171 -0.01836801 -0.05884361  1.01413488
16 6 0 714160 -0.05838823 -0.10490918  1.00536942
16 6 0 764576 -0.058496   -0.03216982  1.02219987
16 6 0 812219 -0.01436853  0.02269053  1.00814748
16 6 0 863583 -0.00282168 -0.05715513  0.99703598
16 6 0 913931 -0.03430247 -0.10479164  1.01681972
16 6 0 963349 -0.04452944 -0.05792713  1.02846789
16 6 1 14679 -0.02306414 -0.0040431   1.01975441
16 6 1 65554 -0.00609922 -0.02556443  0.99574566
16 6 1 114641 -0.03083038 -0.08026075  0.97777057
16 6 1 164087 -0.05356455 -0.07012534  0.98537898
16 6 1 210472 -0.03389812  0.00854182  0.99260521
16 6 1 261898 -0.00547934 -0.01348257  0.97600985
16 6 1 311143 -0.00858641 -0.08404255  0.9729147 
16 6 1 364188 -0.03374386 -0.0795114   0.99221539
16 6 1 412633 -0.03613305 -0.0300684   0.99931359
16 6 1 463774 -0.01229334 -0.01971436  0.97780466
16 6 1 515595 -0.01462364 -0.0507834   0.95289159
16 6 1 564199 -0.04196858 -0.07840228  0.94790173
16 6 1 616250 -0.05133963 -0.03750014  0.96444297
16 6 1 667211 -0.01712894  0.03611374  0.96434212
16 6 1 720728  0.00971341 -0.01500416  0.94783092
16 6 1 763509 -0.01596713 -0.10581517  0.95407867
16 6 1 811994 -0.0438869  -0.08213615  0.97037148
16 6 1 863650 -0.0221746  -0.01724958  0.9652884 
16 6 1 912148 -4.61816788e-04 -1.81570053e-02  9.45392370e-01
16 6 1 963678 -0.01556253 -0.06020522  0.92763495
16 6 2 12790 -0.05025244 -0.08772779  0.92726183
16 6 2 75228 -0.0436914  -0.02004218  0.93438244
16 6 2 112908 -0.00696158  0.03776383  0.92948413
16 6 2 162236  0.0056262  -0.04359841  0.92356443
16 6 2 215172 -0.02561879 -0.10970616  0.94139862
16 6 2 263134 -0.03570175 -0.06532121  0.94224453
16 6 2 317281 -0.0119853  -0.0036304   0.92108321
16 6 2 365890  0.00247312 -0.0220871   0.91634226
16 6 2 410665 -0.01985431 -0.07437539  0.91558719
16 6 2 462526 -0.04611254 -0.07940578  0.91571999
16 6 2 513874 -0.0283556   0.02402091  0.91284323
16 6 2 562712 0.01052308 0.05003047 0.91329718
16 6 2 612393  0.01563358 -0.06466365  0.91511536
16 6 2 672606 -0.02322364 -0.11395931  0.92589164
16 6 2 715613 -0.02499127 -0.0336082   0.92455959
16 6 2 762949 6.60181046e-04 5.52272797e-03 9.07586575e-01
16 6 2 816676  0.00853539 -0.03840017  0.89411044
16 6 2 865734 -0.01767731 -0.07878995  0.9016993 
16 6 2 915560 -0.03320622 -0.04392672  0.91622925
16 6 2 963325 -0.00118756  0.05891585  0.90139985
16 6 3 10249 0.03147435 0.00896406 0.89082289
16 6 3 71285  0.01215601 -0.10217547  0.8962729 
16 6 3 111684 -0.02551317 -0.0938592   0.90926242
16 6 3 163872 -0.00757146 -0.01098275  0.91118193
16 6 3 211941  0.02187729 -0.00396085  0.89750934
16 6 3 264051  0.00396442 -0.05961776  0.89390755
16 6 3 315399 -0.03109002 -0.07870245  0.91027021
16 6 3 363112 -1.86679363e-02 -1.40190125e-04  9.19488192e-01
16 6 3 415951 0.02341914 0.03761768 0.90087795
16 6 3 463460  0.02752495 -0.05169606  0.89194775
16 6 3 514113 -0.01053977 -0.0893755   0.91183925
16 6 3 563717 -0.01669502 -0.02659965  0.92813373
16 6 3 611360 0.00853133 0.00560904 0.91709781
16 6 3 661598  0.01468801 -0.03049612  0.90259171
16 6 3 714636 -0.01475525 -0.0747695   0.91127324
16 6 3 764824 -0.03144073 -0.02969575  0.92848277
16 6 3 813198 -4.85420227e-04  4.18002605e-02  9.23076391e-01
16 6 3 863845  0.02622342 -0.00886583  0.90789795
16 6 3 912335  0.00152326 -0.09049344  0.91330552
16 6 3 966177 -0.02367258 -0.05841494  0.93078589
16 6 4 14645 -0.00769877  0.00372005  0.93535566
16 6 4 66099  0.01457286 -0.00801134  0.92426515
16 6 4 116333 -0.00302887 -0.05577278  0.92231631
16 6 4 163479 -0.03579092 -0.05629015  0.9360168 
16 6 4 211656 -0.01858616  0.03222418  0.94447565
16 6 4 262046 0.0213151  0.0372839  0.92731905
16 6 4 312911  0.01587486 -0.0493412   0.92719603
16 6 4 365145 -0.03119659  0.90626073  0.75376368
16 6 4 412966 0.00715375 0.02016711 0.9529078 
16 6 4 463704  3.60012054e-05  5.62410355e-01 -1.79319596e+00
16 6 4 512844 -0.02388692 -0.05871582 -1.91815281
16 6 4 560871 -2.93905735e-02 -4.58717346e-04  9.72296953e-01
16 6 4 613510  3.01170349e-03 -1.11150742e-03  2.31266022e-05
16 6 4 665219  0.01645255 -0.14971232  0.98386478
16 6 4 722096 0.04706287 0.01678824 1.00861907
16 6 4 762508 0.01143956 0.108042   0.95661211
16 6 4 811047 -0.02024484 -0.05879188  0.96303129
16 6 4 861267  0.01643872 -0.16327024  0.99625325
16 6 4 910858 0.04443049 0.00191951 1.027385  
16 6 4 963767 0.01047516 0.10613108 0.96985626
16 6 5 12560 -0.01331568 -0.06357718  0.97106743
16 6 5 72047  0.01752782 -0.16289043  0.99911094
16 6 5 113167 0.04420519 0.00681281 1.02922344
16 6 5 162595 0.00851941 0.10203385 0.98188758
16 6 5 213672 -0.00523639 -0.06599021  0.98094845
16 6 5 261997  0.02479982 -0.16169333  1.00540519
16 6 5 316000 0.04137039 0.02178478 1.03845406
16 6 5 363661 0.00474238 0.09391975 0.98857498
16 6 5 412479  4.09126282e-04 -8.56010914e-02  9.96343613e-01
16 6 5 461569  0.03487873 -0.15697432  1.00970292
16 6 5 513027 0.0373528  0.0402112  1.04309869
16 6 5 563102 -0.00324726  0.08142138  0.99898291
16 6 5 613542 -0.00136781 -0.11334634  1.01119995
16 6 5 669949  0.03727365 -0.14090729  1.02851701
16 6 5 716468 0.03628659 0.06107616 1.04397821
16 6 5 761465 -0.01277637  0.0689826   1.01210952
16 6 5 814715  0.00692248 -0.13747835  1.01960588
16 6 5 862500  0.04466653 -0.1272018   1.04335499
16 6 5 913407 0.03192711 0.06810522 1.04600549
16 6 5 964425 -0.02310753  0.02066016  1.01889348
16 6 6 13223  0.01168418 -0.15953898  1.03099775
16 6 6 70608  0.05038404 -0.08634996  1.05327559
16 6 6 107173 0.02729368 0.08567977 1.0424521 
16 6 6 164794 -0.01977086 -0.00196934  1.0418582 
16 6 6 212171  0.03121495 -0.17534995  1.04556012
16 6 6 263978  0.05095077 -0.06273913  1.06272769
16 6 6 315379 0.00847459 0.08499002 1.04281306
16 6 6 364461 -0.01162267 -0.05165768  1.05375075
16 6 6 414171  0.03948426 -0.18140817  1.06900311
16 6 6 462268  0.04813576 -0.01454592  1.07172728
16 6 6 514559 -0.01153326  0.07803965  1.03618908
16 6 6 563599 -7.92264938e-04 -1.12478971e-01  1.05524302e+00
16 6 6 610778  0.05197978 -0.15899968  1.08136129
16 6 6 667401 0.03505731 0.0366118  1.07000685
16 6 6 715119 -0.01684022  0.03769851  1.0435636 
16 6 6 764903  0.02573657 -0.16995525  1.07019091
16 6 6 812381  0.06244349 -0.10364413  1.10656977
16 6 6 863102 0.01147795 0.07104659 1.06003284
16 6 6 912695 -0.00837827 -0.05845046  1.05722451
16 6 6 961088  0.0431726  -0.18829155  1.08909941
16 6 7 13871  0.05551076 -0.01405168  1.10482359
16 6 7 65338 -0.01497674  0.04821324  1.04218006
16 6 7 113994  0.00387931 -0.16165423  1.07329011
16 6 7 164980  0.05725241 -0.12231135  1.11864781
16 6 7 210203 0.0287745  0.06753135 1.08475399
16 6 7 262382 -0.01577115 -0.03569627  1.04956722
16 6 7 312727  0.03309846 -0.20723104  1.08578491
16 6 7 362508  0.06062269 -0.04717946  1.12894058
16 6 7 411699 -5.52177429e-04  6.18846416e-02  1.05383587e+00
16 6 7 463242  0.01040053 -0.15183711  1.06622052
16 6 7 513040  0.05332565 -0.1528182   1.10977983
16 6 7 562914 0.02596831 0.04736304 1.10588384
16 6 7 614527 -0.01076674 -0.02630782  1.04773808
16 6 7 664032  0.03532958 -0.21043158  1.08015823
16 6 7 717795  0.05652475 -0.04493856  1.12607598
16 6 7 762884 -0.00237226  0.0660212   1.06584764
16 6 7 812303  0.01876235 -0.16346645  1.06156445
16 6 7 862866  0.05479741 -0.16099954  1.10653377
16 6 7 910765 0.02159619 0.046139   1.09845972
16 6 7 962950 -0.00704575 -0.05082345  1.05265975
16 6 8 13110  0.043226   -0.20894742  1.08576226
16 6 8 74472  0.05502415 -0.01897836  1.11559987
16 6 8 113091 -0.00666547  0.04731512  1.05646539
16 6 8 161351  0.02357483 -0.19276214  1.0654943 
16 6 8 214922  0.06381536 -0.12855172  1.10634804
16 6 8 293844 0.01724029 0.06851697 1.08075643
16 6 8 314384 -0.00172305 -0.09444141  1.04958582
16 6 8 363701  0.051265   -0.20508862  1.09132719
16 6 8 411267 0.05112338 0.01671743 1.10586429
16 6 8 463028 -0.01612902  0.02694941  1.03126359
16 6 8 510956  0.0307169  -0.21638656  1.06502962
16 6 8 564052  0.07027149 -0.08078384  1.10929751
16 6 8 612123 0.00423646 0.08517003 1.05019426
16 6 8 669735  0.00373006 -0.13903618  1.03021526
16 6 8 715414  0.06403828 -0.17256904  1.0892272 
16 6 8 761307 0.03868699 0.05837893 1.0868907 
16 6 8 812656 -0.01464701 -0.03246665  1.02105427
16 6 8 861862  0.04383445 -0.21999359  1.05385232
16 6 8 915806  0.06767845 -0.02266192  1.09866071
16 6 8 962777 -0.0018332   0.06881905  1.0262897 
16 6 9 10147  0.01882792 -0.19532537  1.02816916
16 6 9 70199  0.07319188 -0.11706161  1.07389331
16 6 9 111214 0.01895452 0.08654118 1.05834961
16 6 9 162726  0.00191307 -0.10664701  1.01049662
16 6 9 211789  0.06000519 -0.18955517  1.043643  
16 6 9 266108 0.05251431 0.04081559 1.06199813
16 6 9 314098 -0.00884962 -0.00175047  1.00592017
16 6 9 361087  0.03932095 -0.20848536  1.02634668
16 6 9 414663  0.0716908  -0.01958299  1.06009388
16 6 9 462354 0.00471354 0.07016206 0.99834824
16 6 9 515089  0.01846409 -0.18642473  1.01032877
16 6 9 563496  0.07641482 -0.10275006  1.04393125
16 6 9 610516 0.03003049 0.09062433 1.0145185 
16 6 9 671163  0.004071   -0.11113691  0.98650193
16 6 9 712880  0.05850887 -0.17184258  1.02738428
16 6 9 766536 0.05605674 0.06550789 1.02989936
16 6 9 813184  2.62498856e-04 -1.05810165e-03  9.59728241e-01
16 6 9 863410  0.03743505 -0.21224022  1.00754929
16 6 9 913379  0.07479191 -0.00162268  1.03134561
16 6 9 965563 0.0055809  0.05806112 0.95024967
16 6 10 14036  0.01803565 -0.19396305  0.97725034
16 6 10 68207  0.07619524 -0.07321858  1.02483487
16 6 10 114383 0.02731419 0.10093594 0.97114468
16 6 10 164262  0.01058841 -0.13176084  0.94927359
16 6 10 210697  0.06135726 -0.15216756  0.99688292
16 6 10 262795 0.04933286 0.07917094 0.98513627
16 6 10 311533  0.00483418 -0.04332066  0.92708182
16 6 10 362410  0.04398155 -0.18809247  0.98229814
16 6 10 412093 0.07386327 0.04191256 0.98661017
16 6 10 465721  0.03125334  0.60856271 -1.18373132
16 6 10 513612  0.07945108 -0.03125167  0.99444294
16 6 10 562503 9.22679901e-05 9.69118834e-01 1.78481722e+00
16 6 10 612795  0.01920271 -0.18590355  0.93718195
16 6 10 664472  0.07312107 -0.09710336  0.98577929
16 6 10 717322 0.02058959 0.03108931 0.01562357
16 6 10 765850 -0.01320386 -0.01884937  0.87911797
16 6 10 810245 -0.03795075 -0.07279754  0.87983918
16 6 10 866491 -0.06218052 -0.07353234  0.88436675
16 6 10 911706 -0.03290606  0.00957656  0.88607383
16 6 10 962883 -0.00160265  0.01138949  0.88818073
16 6 11 12997 -0.01135325 -0.05270696  0.89272547
16 6 11 71931 -0.04730511 -0.06495905  0.9005034 
16 6 11 112524 -0.03850842 -0.00598216  0.90040755
16 6 11 161588 -0.00895548  0.01376843  0.89752841
16 6 11 214155 -0.01690507 -0.02371597  0.89237404
16 6 11 262275 -0.04974818 -0.06461048  0.89450288
16 6 11 314276 -0.05438542 -0.02392983  0.91172552
16 6 11 362449 -0.02025056  0.03990865  0.91238904
16 6 11 410376 -0.00255418  0.00601768  0.91348577
16 6 11 463533 -0.03353024 -0.05623007  0.92262459
16 6 11 510799 -0.05406833 -0.04155946  0.92919779
16 6 11 562700 -0.03309441  0.00879693  0.94106817
16 6 11 611029 -0.01157093  0.00898695  0.93554473
16 6 11 670474 -0.03038669 -0.03156376  0.93450141
16 6 11 716746 -0.05934596 -0.04288363  0.95394373
16 6 11 760610 -0.0513525   0.02139401  0.97398043
16 6 11 812789 -0.00924325  0.04575133  0.97933578
16 6 11 862119 -0.00837493 -0.0185163   0.98340082
16 6 11 916152 -0.04046941 -0.05744863  0.99879861
16 6 11 963055 -0.03530264 -0.02234507  1.01518893
16 6 12 12049 -0.00840211  0.01780057  1.01202035
16 6 12 71499 -5.58662415e-03  1.97172165e-04  1.00587130e+00
16 6 12 108306 -0.03907466 -0.03326344  1.02250743
16 6 12 166341 -0.05028582 -0.02186322  1.04535937
16 6 12 212438 -0.02589607  0.06286645  1.05584168
16 6 12 263397 -0.00250411  0.05780697  1.03452849
16 6 12 312226 -0.03649569 -0.04996252  1.03318   
16 6 12 364214 -0.07194924 -0.07484388  1.03792191
16 6 12 415194 -0.04774761 -0.00265169  1.04169798
16 6 12 466927 -0.01340747  0.03809047  1.02905345
16 6 12 514141 -0.01023078 -0.00285172  1.02183843
16 6 12 563626 -0.04188371 -0.05408168  1.04150081
16 6 12 610886 -0.03949857 -0.01195788  1.0713098 
16 6 12 663422 -0.02202129  0.04125261  1.09310484
16 6 12 713859 -0.01958752 -0.01851892  1.10727191
16 6 12 766045 -0.05908275 -0.0934093   1.07167578
16 6 12 812983 -0.07076406 -0.06401682  1.04909825
16 6 12 862304 -0.05441546  0.02059603  1.0493896 
16 6 12 911975 -0.0456295   0.01734257  1.05244923
16 6 12 966276 -0.07074285 -0.05167246  1.06181026
16 6 13 13603 -0.09194517 -0.03885412  1.07641363
16 6 13 64538 -0.06044936  0.046067    1.06627512
16 6 13 114103 -0.00690746  0.00877047  1.03390288
16 6 13 163242 -0.01206565 -0.10522699  1.04952455
16 6 13 211933 -0.04709816 -0.09638381  1.09733558
16 6 13 261929 -0.03936315 -0.01046562  1.12963414
16 6 13 310485 -0.01828957 -0.00397205  1.10485172
16 6 13 362312 -0.03766084 -0.06080246  1.08456516
16 6 13 411998 -0.06887674 -0.0720613   1.11094189
16 6 13 463141 -0.06639838  0.00116491  1.10805702
16 6 13 515082 -0.04881549 -0.00461745  1.08104467
16 6 13 561322 -0.05461574 -0.0609417   1.0724566 
16 6 13 613650 -0.0816226  -0.06015182  1.09469986
16 6 13 667068 -0.07746172 -0.00737906  1.10259104
16 6 13 716699 -0.0491724  -0.0039959   1.08751678
16 6 13 762951 -0.04524374 -0.04604244  1.0774641 
16 6 13 810351 -0.06318974 -0.07904911  1.09770298
16 6 13 862045 -0.06711841 -0.01992774  1.12666035
16 6 13 910488 -0.04227781  0.01003456  1.11886048
16 6 13 961978 -0.03881073 -0.06534791  1.09198594
16 6 14 14002 -0.06659842 -0.1068666   1.09753132
16 6 14 71195 -0.0635941  -0.04678392  1.11391902
16 6 14 112264 -0.03657532  0.00200772  1.09788394
16 6 14 161388 -0.03026009 -0.02630973  1.07278585
16 6 14 212318 -0.05918264 -0.07767606  1.07221127
16 6 14 261290 -0.07431722 -0.05133486  1.09739709
16 6 14 313420 -5.32538891e-02 -3.40461731e-04  1.09383202e+00
16 6 14 363328 -0.02976227 -0.04252124  1.0716722 
16 6 14 410453 -0.04469061 -0.10025835  1.07702732
