13 4 47 299742 -1.89781189e-04  4.22477722e-04 -6.48498535e-05
13 4 47 322994  0.00063229  0.00064278 -0.00049067
13 4 47 324938  1.21593475e-04 -2.59399414e-04 -3.91006470e-05
13 4 47 347456 -0.0001955  -0.0002265   0.00042582
13 4 47 370943 -0.0005126  -0.00023365  0.00011921
13 4 47 373121 -1.58786774e-04 -2.19345093e-05 -1.51157379e-04
13 4 47 444411 -8.96453857e-05  3.20911407e-04  2.08854675e-04
13 4 47 446773 -0.00012016 -0.00035763 -0.00042963
13 4 47 448933  0.00034094  0.00033474 -0.00015926
13 4 47 451092 2.10762024e-04 4.31537628e-04 1.62124634e-05
13 4 47 467802 -8.77380371e-05  1.05381012e-04 -7.24792480e-05
13 4 47 470086 -0.00016403  0.00013685  0.00011301
13 4 47 492226 -0.00044441  0.00037479 -0.00028324
13 4 47 515693 -3.95774841e-05  1.06334686e-04 -4.16755676e-04
13 4 47 517995 -4.86373901e-05 -4.67300415e-05 -2.26497650e-04
13 4 47 540161 -0.00012827 -0.00013113  0.00023508
13 4 47 563484  0.00074959 -0.00049973  0.00022554
13 4 47 565799  1.51157379e-03 -5.10215759e-05  2.86102295e-06
13 4 47 588077 -0.00192976  0.00069237 -0.00114679
13 4 47 611532  0.00116444  0.00278521 -0.00066185
13 4 47 613794  0.00100708 -0.00010014 -0.00035715
13 4 47 635999 -0.00203657 -0.00340748 -0.000144  
13 4 47 659453 -0.00062752 -0.00121737  0.00016975
13 4 47 662226 0.00074339 0.00104952 0.00016451
13 4 47 687652 -4.68730927e-04 -1.90734863e-06 -1.90258026e-04
13 4 47 712513  0.00070667  0.00099277 -0.00049973
13 4 47 737324  0.00029612  0.00049973 -0.00059032
13 4 47 755461 -0.00059319 -0.00072432 -0.00017357
13 4 47 758028 -7.72476196e-05 -7.16686249e-04  2.85148621e-04
13 4 47 760365 -0.00017738 -0.00039816  0.00073051
13 4 47 779563 -0.00043154 -0.00033951  0.00021029
13 4 47 803040  0.00032282  0.00062132 -0.00019884
13 4 47 805268  9.29832458e-05  1.94072723e-04 -2.17437744e-04
13 4 47 831270 -7.54833221e-04 -3.81469727e-05 -5.55038452e-04
13 4 47 841366 -1.00135803e-05  1.98364258e-04 -6.29901886e-04
13 4 47 858177 0.00038385 0.00015163 0.00018597
13 4 47 870184  5.34057617e-05 -6.53266907e-05  4.47273254e-04
13 4 47 948167 -0.00069237 -0.00033522  0.00023842
13 4 47 950248 -0.00021458 -0.00025129  0.00049639
13 4 47 952194 -4.83989716e-04 -3.48567963e-04  1.33514404e-05
13 4 47 954002 -5.91278076e-05  8.13007355e-04 -2.83241272e-04
13 4 47 955798  2.20775604e-04  3.35693359e-04 -3.09944153e-05
13 4 47 957628 -5.14984131e-05 -2.23159790e-04 -1.08718872e-04
13 4 47 971976 -0.0001235  -0.00035334  0.00018311
13 4 47 995553 -0.0001359  -0.00011158  0.00047064
13 4 47 997384 -5.20229340e-04 -2.00271606e-05  2.05993652e-04
13 4 48 20018 -9.29832458e-05 -5.62667847e-05 -5.05447388e-05
13 4 48 43614 -7.72476196e-05 -8.39233398e-05 -4.62055206e-04
13 4 48 45883 -3.34262848e-04  9.58442688e-05 -8.05377960e-04
13 4 48 68046 2.20298767e-04 2.69412994e-04 9.05990601e-05
13 4 48 91488 -0.00027227 -0.00022984  0.00030231
13 4 48 93811 -0.00032711  0.00015736  0.00069475
13 4 48 115941 -2.47955322e-04 -1.81198120e-05  1.62601471e-04
13 4 48 139337 -0.00020075 -0.00035667 -0.0004034 
13 4 48 141803  3.26633453e-04 -5.62667847e-05 -2.75611877e-04
13 4 48 163927 -3.01361084e-04  9.20295715e-05 -1.19209290e-04
13 4 48 187214 -3.29017639e-05 -1.65462494e-04  9.77516174e-05
13 4 48 189467 -0.00025272  0.00013161  0.00049162
13 4 48 211850 1.62124634e-05 3.14712524e-05 5.86509705e-04
13 4 48 235175 -3.66210938e-04 -3.28063965e-04 -2.86102295e-06
13 4 48 237365 -1.40190125e-04 -3.26156616e-04 -4.05311584e-05
13 4 48 259871  0.00015116 -0.00032234  0.00013971
13 4 48 282976  1.19686127e-04  2.27928162e-04 -5.34057617e-05
13 4 48 285195  5.67436218e-05 -2.42233276e-04 -4.75406647e-04
13 4 48 307574 -0.00044632 -0.0002079  -0.00030708
13 4 48 331129  3.86238098e-05 -1.01089478e-04  1.41143799e-04
13 4 48 333255 -9.05990601e-05 -1.67369843e-04  2.11715698e-04
13 4 48 355324 -4.11987305e-04 -1.83105469e-04  9.20295715e-05
13 4 48 427845 -2.55107880e-04 -1.52587891e-04  6.38961792e-05
13 4 48 430200 -0.00017405  0.00024462 -0.0001359 
13 4 48 432317  0.00023508 -0.0001359   0.00011301
13 4 48 434430  7.62939453e-06  3.90052795e-04 -2.02178955e-04
13 4 48 436587 -2.90870667e-05 -3.04222107e-04  4.10079956e-04
13 4 48 452069 -3.24249268e-05 -6.67572021e-06  2.24113464e-05
13 4 48 475712 -6.15119934e-05  5.53131104e-05 -3.43322754e-04
13 4 48 477917  9.82284546e-05  5.10215759e-05 -1.33037567e-04
13 4 48 500071 -0.00063419 -0.00031328  0.00018024
13 4 48 523597 -3.26156616e-04 -4.52995300e-05  1.74999237e-04
13 4 48 525915 -1.39713287e-04 -1.63078308e-04 -2.95639038e-05
13 4 48 547906 -2.54154205e-04  1.62124634e-05 -1.89781189e-04
13 4 48 571442  0.00011969 -0.00021076 -0.0003581 
13 4 48 573670 -2.07424164e-04  2.48908997e-04 -1.43051147e-06
13 4 48 595948 -1.80721283e-04  2.62260437e-05 -6.38961792e-05
13 4 48 619390 1.08242035e-04 6.19888306e-06 1.80721283e-04
13 4 48 621813 -6.10351562e-05 -7.48634338e-05  4.32014465e-04
13 4 48 643847 -0.00025797  0.00040102 -0.00032282
13 4 48 667300 -1.11103058e-04 -3.80516052e-04 -1.33514404e-05
13 4 48 669443  1.95503235e-05  1.48773193e-04 -3.81469727e-06
13 4 48 691684  2.68459320e-04  1.47819519e-05 -6.24656677e-05
13 4 48 715225  0.00024033  0.00032187 -0.0002203 
13 4 48 717540 -5.26905060e-04  5.39779663e-04  5.96046448e-05
13 4 48 739771 -1.14440918e-05 -8.10623169e-06 -2.94208527e-04
13 4 48 762981  2.17437744e-04  2.57015228e-04 -4.76837158e-05
13 4 48 765227 8.24928284e-05 1.88350677e-04 4.76837158e-05
13 4 48 787556 -2.95639038e-04  6.10351562e-05 -9.01222229e-05
13 4 48 810898 -6.14643097e-04 -8.48770142e-05  2.60829926e-04
13 4 48 813107 8.86917114e-05 6.24656677e-05 2.52246857e-04
13 4 48 884358 -2.02655792e-04 -3.43322754e-05  3.62396240e-05
13 4 48 886982 -0.00063705  0.00023222 -0.00022316
13 4 48 889115 -5.24520874e-05  1.02519989e-04  2.93254852e-04
13 4 48 891217 -0.00011063  0.00023746  0.00019693
13 4 48 907768 1.00135803e-05 5.10215759e-05 2.47955322e-05
13 4 48 910002 -0.00020409 -0.00010157  0.00021172
13 4 48 932176 -1.74045563e-04 -2.47478485e-04 -1.90734863e-05
13 4 48 955675 -1.81198120e-04 -5.76496124e-04  4.38690186e-05
13 4 48 957970 -9.53674316e-05 -2.84194946e-04  2.19345093e-05
13 4 48 980141 -6.00814819e-05 -1.21593475e-04 -2.00271606e-05
13 4 49 3395 -2.48432159e-04 -4.43458557e-05  2.66551971e-04
13 4 49 5719 -5.86509705e-04 -3.62396240e-05  1.25885010e-04
13 4 49 27996 -0.00026989 -0.00030899  0.00012922
13 4 49 51385 -1.92642212e-04  3.95774841e-05  3.10897827e-04
13 4 49 53521 -0.00039196  0.00015402 -0.00022316
13 4 49 75871 -2.52723694e-05 -2.54631042e-04 -1.97410583e-04
13 4 49 99309  2.50816345e-04 -2.33650208e-04 -4.38690186e-05
13 4 49 101664 -1.10626221e-04 -1.41143799e-04 -8.44001770e-05
13 4 49 123636 1.47819519e-04 9.87052917e-05 4.29153442e-06
13 4 49 147249 -4.33921814e-05 -2.38418579e-04  2.62260437e-04
13 4 49 149486 -0.00015211  0.00026894  0.00032616
13 4 49 171561 -8.48770142e-05  1.99794769e-04 -4.36782837e-04
13 4 49 194815 -2.51293182e-04 -1.62124634e-04 -7.82012939e-05
13 4 49 196985  6.19888306e-06 -1.13487244e-04 -1.34944916e-04
13 4 49 219541 -9.10758972e-05 -3.09467316e-04 -4.01973724e-04
13 4 49 243073  2.39372253e-04  1.66893005e-05 -4.10079956e-04
13 4 49 245330 -5.22136688e-04  6.05583191e-05 -1.04427338e-04
13 4 49 267660  4.00543213e-05 -2.63214111e-04  1.55925751e-04
13 4 49 290801 -1.41143799e-04 -7.58171082e-05  4.52995300e-05
13 4 49 293121 -2.25067139e-04 -1.74045563e-04 -1.95503235e-05
13 4 49 364362 -0.00032568  0.00011063  0.00029278
13 4 49 366673  0.000144   -0.00014973 -0.00030756
13 4 49 368768  2.62260437e-05 -3.81469727e-05 -2.56061554e-04
13 4 49 370866 -4.81605530e-05 -1.34468079e-04  4.00066376e-04
13 4 49 387760 -3.60488892e-04  5.57899475e-05  2.86102295e-05
13 4 49 390044  2.67028809e-05 -4.29153442e-06 -6.96182251e-05
13 4 49 412205 -0.00040817 -0.00017071  0.00011206
13 4 49 435662 -2.14099884e-04 -9.25064087e-05 -2.20775604e-04
13 4 49 437985  2.89916992e-04 -2.55107880e-04  6.19888306e-06
13 4 49 460056 -2.30789185e-04  4.29153442e-05 -5.24520874e-05
13 4 49 483416 -7.67707825e-05  2.43186951e-05 -4.48226929e-05
13 4 49 485733  8.77380371e-05  2.29358673e-04 -1.75476074e-04
13 4 49 507967 -0.0002799  -0.0001483  -0.00018454
13 4 49 531693 -2.62260437e-05  3.81946564e-04 -4.20093536e-04
13 4 49 533325 -6.40392303e-04 -3.44753265e-04 -7.86781311e-05
13 4 49 555416  1.07288361e-04 -1.51157379e-04 -7.82012939e-05
13 4 49 557677 -0.00027037 -0.00010061 -0.00031137
13 4 49 579703 -0.00027227  0.00019503 -0.00028753
13 4 49 603237 -0.00027561  0.00018644 -0.00033712
13 4 49 605491 -0.00018787  0.00021267  0.00021315
13 4 49 627769 1.85966492e-04 4.95910645e-05 3.40461731e-04
13 4 49 651132 -0.00026846  0.00033283  0.00022507
13 4 49 653286 -0.00029469  0.000103   -0.00019646
13 4 49 675711  1.71661377e-05 -2.21252441e-04  3.48567963e-04
13 4 49 698958 -1.73091888e-04  7.67707825e-05 -2.23159790e-04
13 4 49 700864 -1.28746033e-05  2.81810760e-04 -2.73227692e-04
13 4 49 723343 -0.00011349 -0.000278    0.00021887
13 4 49 746860 -0.00033045 -0.00016499  0.0002737 
13 4 49 749491 -0.00021553 -0.00025177  0.00010443
13 4 49 820158 -1.18732452e-04 -8.58306885e-05  2.51770020e-04
13 4 49 822051 -4.92572784e-04  2.09808350e-05 -4.13417816e-04
13 4 49 823783  1.37805939e-04  2.07424164e-04 -1.09672546e-05
13 4 49 825551  5.67436218e-05 -1.94072723e-04  4.87804413e-04
13 4 49 843652 -6.19888306e-05 -1.14917755e-04  5.39779663e-04
13 4 49 845525 -4.29153442e-06  2.81333923e-04 -7.15255737e-06
13 4 49 868155 -3.08513641e-04  5.67436218e-05 -7.86781311e-05
13 4 49 891554  1.84535980e-04  5.05924225e-04 -1.09672546e-05
13 4 49 893501 -4.26292419e-04  2.69889832e-04 -3.95774841e-05
13 4 49 916072 -0.00011015 -0.00022554 -0.00030851
13 4 49 939482  4.36782837e-04 -1.63555145e-04 -3.24249268e-05
13 4 49 941545 -1.89304352e-04 -9.58442688e-05  2.43186951e-05
13 4 49 963802 -7.67707825e-05  3.17573547e-04  4.24385071e-05
13 4 49 987346 -1.86443329e-04 -4.06742096e-04  7.96318054e-05
13 4 49 989245 -2.74181366e-04  1.47819519e-05  3.36647034e-04
13 4 50 11715 -7.15255737e-06  1.32083893e-04  1.80721283e-04
13 4 50 35293  9.58442688e-05 -2.88486481e-04 -1.76429749e-05
13 4 50 37969  1.52587891e-05 -2.77519226e-04  1.87873840e-04
13 4 50 59690 -3.94821167e-04 -2.76565552e-05  3.57151031e-04
13 4 50 83213 -2.86102295e-06 -1.43051147e-05 -5.00679016e-04
13 4 50 85189  0.00011301 -0.00026655 -0.00016928
13 4 50 107664 -0.00014496  0.00031328 -0.00030327
13 4 50 130910 -4.06742096e-04  1.17778778e-04  5.10215759e-05
13 4 50 133387 -0.00016737 -0.00020885 -0.0001235 
13 4 50 155432  2.04563141e-04 -1.09195709e-04  9.01222229e-05
13 4 50 179055  1.41620636e-04  9.53674316e-05 -1.75952911e-04
13 4 50 181303 -6.67572021e-06 -6.38961792e-05  1.57356262e-05
13 4 50 203463 -0.00037289 -0.00029564  0.00021219
13 4 50 275810 -0.00069094 -0.00024462  0.00019455
13 4 50 278080 -1.76429749e-05  3.52382660e-04 -3.44276428e-04
13 4 50 280173 -5.88417053e-04 -3.62396240e-05  3.91006470e-05
13 4 50 282277 -0.00027657 -0.00063133 -0.00045919
13 4 50 284378 -0.00023746 -0.00011015 -0.00034046
13 4 50 300158  0.00035763  0.00050116 -0.00011206
13 4 50 323642 -1.62124634e-05  8.40187073e-04  1.23023987e-04
13 4 50 325713 -4.73499298e-04 -4.72068787e-04 -8.39233398e-05
13 4 50 348112 -0.00028896 -0.0003562  -0.00016737
13 4 50 372017  0.00012255 -0.00026226 -0.00019932
13 4 50 374266 -2.86102295e-05  1.26838684e-04 -6.38008118e-04
13 4 50 396106 -0.00089741  0.00020361 -0.00044537
13 4 50 419514  0.00023222  0.00039434 -0.00040388
13 4 50 421779 -0.00029039 -0.00013685  0.00011015
13 4 50 444089 -2.05039978e-05 -1.19209290e-04  5.38825989e-04
13 4 50 467482 -1.02519989e-04  1.21116638e-04  9.25064087e-05
13 4 50 469855  2.39372253e-04  5.05447388e-05 -5.15460968e-04
13 4 50 491629 -0.00033379 -0.00011158 -0.00039577
13 4 50 515273  6.34193420e-05  1.37805939e-04 -2.57015228e-04
13 4 50 517522 -0.00018358 -0.0001359   0.0003581 
13 4 50 539851 -1.93595886e-04  5.86509705e-05  3.13758850e-04
13 4 50 563084 -0.00018358 -0.00044918  0.00063705
13 4 50 565395 -3.81469727e-05  4.78267670e-04  6.96182251e-05
13 4 50 587454  0.0002327   0.00026751 -0.00021791
13 4 50 611019 4.76837158e-07 1.95503235e-05 1.90734863e-04
13 4 50 613264 -3.40461731e-04 -2.33650208e-05 -2.87532806e-04
13 4 50 635454 -0.00013685 -0.00020885  0.00019264
13 4 50 707819  1.30176544e-04  5.62667847e-04 -3.48091125e-05
13 4 50 710154 -6.79016113e-04  1.37805939e-04  4.43458557e-05
13 4 50 712242 -0.00045443 -0.00029659 -0.00031567
13 4 50 714324 -5.14507294e-04  1.32083893e-04 -4.76837158e-06
13 4 50 716442 -0.00016689  0.00016356 -0.00041485
13 4 50 732270 -0.00022984  0.0004158   0.0003767 
13 4 50 755714 -2.94685364e-04  4.19616699e-05  3.91006470e-05
13 4 50 757974 -3.86238098e-05 -2.34127045e-04  3.64303589e-04
13 4 50 780201  5.29289246e-05 -4.29153442e-05  9.87052917e-05
13 4 50 803603 -5.81741333e-05  4.07695770e-04 -6.58035278e-05
13 4 50 805909 -1.28269196e-04 -3.14235687e-04 -2.95639038e-05
13 4 50 827812 -5.39779663e-04 -6.01768494e-04  9.67979431e-05
13 4 50 851412 -5.72204590e-04 -3.33786011e-05 -8.58306885e-06
13 4 50 854717 -1.89781189e-04 -8.10623169e-06  1.22070312e-04
13 4 50 875943 -4.39643860e-04  2.74181366e-04  1.38282776e-05
13 4 50 899453 -5.54561615e-04 -6.68048859e-04 -6.10351562e-05
13 4 50 901840 -3.00407410e-05  3.43322754e-05 -2.53677368e-04
13 4 50 923716 -2.38895416e-04  5.96523285e-04 -9.29832458e-05
13 4 50 947253 -3.53336334e-04  5.10215759e-05  1.44481659e-04
13 4 50 949500  1.77860260e-04 -3.44753265e-04 -3.81469727e-05
13 4 50 971748  0.00016975 -0.00029659  0.00024271
13 4 50 995156  8.29696655e-05 -2.38418579e-05 -3.15189362e-04
13 4 50 997212 -0.00039291 -0.00043917 -0.00025034
13 4 51 19652  1.76429749e-05 -1.73568726e-04 -3.62396240e-04
13 4 51 42975 -5.19752502e-05  2.33650208e-05  4.00543213e-05
13 4 51 45189  1.76429749e-04  1.61647797e-04 -5.62667847e-05
13 4 51 67502 -0.00038338 -0.00012779  0.00011873
13 4 51 90864 -0.00020838 -0.00025463  0.00055885
13 4 51 92772 -3.81469727e-06  3.81469727e-06  0.00000000e+00
13 4 51 115452  0.0001812  -0.00021267 -0.00018883
13 4 51 187843 4.52518463e-04 9.53674316e-06 2.83718109e-04
13 4 51 190138 -3.70979309e-04  3.93390656e-04 -2.38418579e-05
13 4 51 192245 -0.00021458  0.00055027  0.00019646
13 4 51 194326 0.00020599 0.00015402 0.000319  
13 4 51 196400 -1.76906586e-04 -3.43322754e-05  8.81671906e-04
13 4 51 212185 -3.76701355e-04  1.23977661e-05  2.02655792e-04
13 4 51 235736 0.00022888 0.00024748 0.00035143
13 4 51 238001 -2.95639038e-05 -7.31468201e-04  2.65121460e-04
