15 35 28 581586 -0.0459187  -0.12633038  0.99889445
15 35 28 583959 -0.05751467 -0.07458949  1.00743508
15 35 28 652284 -0.03717494 -0.02391124  1.01574802
15 35 28 705216 -0.02117777 -0.03828979  1.00487161
15 35 28 750436 -0.03705645 -0.08089805  0.98871636
15 35 28 798674 -0.06027174 -0.09455681  0.99442887
15 35 28 849002 -0.05225325 -0.02914357  1.01616597
15 35 28 898807 -0.01370072  0.01826096  1.01317787
15 35 28 951437 -0.00774789 -0.06677747  0.9996748 
15 35 29 891 -0.04336333 -0.13961673  0.99474192
15 35 29 60103 -0.05607295 -0.08863711  1.00759554
15 35 29 100919 -0.03238606 -0.01428056  1.01325345
15 35 29 151651 -0.02434611 -0.03078961  1.00907445
15 35 29 200960 -0.03741574 -0.08180928  0.99077988
15 35 29 249849 -0.06257749 -0.10403085  0.99573874
15 35 29 302028 -0.05390334 -0.03792524  1.01726151
15 35 29 351415 -0.02135825  0.01087666  1.0132091 
15 35 29 398461 -0.01108623 -0.05716038  1.00186825
15 35 29 451990 -0.03525805 -0.13122773  0.99785781
15 35 29 501059 -0.05400848 -0.09343529  1.00444293
15 35 29 551162 -0.0402565  -0.02957916  1.01248384
15 35 29 601588 -0.02340579 -0.03490257  1.00774264
15 35 29 653113 -0.03272581 -0.07764602  0.99359536
15 35 29 702984 -0.05537629 -0.10455012  0.99313736
15 35 29 750183 -0.0578413  -0.05441236  1.01165318
15 35 29 800816 -0.0280273   0.00983405  1.0127337 
15 35 29 852003 -0.01341915 -0.04028869  1.00162292
15 35 29 902841 -0.0334971  -0.11679769  0.99399877
15 35 29 951547 -0.05302453 -0.09773254  1.00059295
15 35 30 3932 -0.04267883 -0.04121423  1.01426578
15 35 30 60796 -0.02751017 -0.03206396  1.00557542
15 35 30 95531 -0.03089833 -0.06204247  0.99224067
15 35 30 153612 -0.04648829 -0.09456444  0.99332023
15 35 30 200125 -0.05643725 -0.08329105  1.00466156
15 35 30 251021 -0.04002976  0.00317144  1.01862359
15 35 30 301231 -0.01146412  0.01490498  1.00885892
15 35 30 351153 -0.0163908  -0.09451747  0.99130845
15 35 30 401497 -0.04940486 -0.14115214  0.99322009
15 35 30 451109 -0.04910994 -0.06232548  1.00721836
15 35 30 504247 -0.02465391 -0.01508856  1.01314259
15 35 30 551391 -0.02305627 -0.05220366  0.99634433
15 35 30 598474 -0.03660274 -0.08849144  0.99176192
15 35 30 652810 -0.05699801 -0.09304786  0.99638844
15 35 30 702779 -0.04862428 -0.02097869  1.0125103 
15 35 30 752285 -0.01827025  0.03696036  1.00746179
15 35 30 800835 -0.00855708 -0.05635476  0.99214315
15 35 30 851535 -0.04156923 -0.15191436  0.98759699
15 35 30 900568 -0.05383372 -0.0949626   0.99890471
15 35 30 949726 -0.0314157  -0.02204037  1.0124824 
15 35 31 2201 -0.02046347 -0.03768206  1.00201583
15 35 31 54766 -0.03165603 -0.08267927  0.98966527
15 35 31 107419 -0.04956079 -0.09879613  0.99405742
15 35 31 152711 -0.05124187 -0.04105139  1.01026201
15 35 31 199884 -0.02134514  0.01560497  0.99822092
15 35 31 250319 -0.00786281 -0.04137564  0.98984218
15 35 31 300024 -0.02938771 -0.11326051  0.99082303
15 35 31 352337 -0.04958177 -0.09839416  0.99566722
15 35 31 399633 -0.03895473 -0.03621364  1.00538158
15 35 31 451617 -0.022753   -0.03346658  1.00000238
15 35 31 501474 -0.02841926 -0.06799245  0.98796201
15 35 31 549171 -0.04894996 -0.0948627   0.98987389
15 35 31 602466 -0.05711246 -0.06848335  1.00418305
15 35 31 654406 -0.031703    0.02669406  1.00909328
15 35 31 704806 -0.00601268  0.00518918  0.98859882
15 35 31 752038 -0.02483344 -0.13004565  0.97494674
15 35 31 803187 -0.05690002 -0.14895344  0.98824668
15 35 31 849503 -0.04573274 -0.04801559  1.00976396
15 35 31 898970 -0.01924443 -0.01771545  1.00614333
15 35 31 950299 -0.02468657 -0.06822157  0.98908424
15 35 31 999256 -0.04635811 -0.10657597  0.98831773
15 35 32 60183 -0.05677962 -0.07911038  1.00471354
15 35 32 99930 -0.03537416  0.01254463  1.00733399
15 35 32 150628 -0.00418043  0.00740337  0.99038339
15 35 32 201798 -0.01719165 -0.09947801  0.98048449
15 35 32 253616 -0.0522356  -0.1399157   0.98735023
15 35 32 303898 -0.04559612 -0.06323671  1.00519443
15 35 32 353500 -0.02155304 -0.02447391  1.01205516
15 35 32 400095 -0.02250504 -0.05693865  0.994241  
15 35 32 451986 -0.04415393 -0.10327649  0.9861517 
15 35 32 499905 -0.06004691 -0.0810256   1.00085354
15 35 32 552817 -0.03816152 -0.00124931  1.01235175
15 35 32 602824 -0.0104363  -0.01373935  0.99036312
15 35 32 652355 -0.01925397 -0.09264159  0.98161745
15 35 32 704947 -0.04809785 -0.11248422  0.99531078
15 35 32 752516 -0.04624033 -0.05576825  1.00671244
15 35 32 806630 -0.02453589 -0.03222942  1.00866508
15 35 32 855471 -0.02099657 -0.05559254  0.99664283
15 35 32 903900 -0.0439415  -0.0894351   0.98413134
15 35 32 951601 -0.05937862 -0.09079957  0.99766469
15 35 32 997727 -0.04031706 -0.00694323  1.0154438 
15 35 33 57374 -0.00719833  0.0193727   1.00252128
15 35 33 100298 -0.01034284 -0.08417082  0.98039222
15 35 33 152374 -0.04759574 -0.14800096  0.98439121
15 35 33 199433 -0.047997   -0.07776856  0.99908972
15 35 33 252061 -0.02541471 -0.0211885   1.01421404
15 35 33 302574 -0.02016163 -0.04864907  0.99688864
15 35 33 351758 -0.03514934 -0.09758139  0.98615313
15 35 33 404797 -0.05899525 -0.09734511  0.99410534
15 35 33 453106 -0.04560637 -0.02538419  1.01140356
15 35 33 505929 -0.00974631  0.02851415  1.00560069
15 35 33 554392 -0.00633526 -0.06384778  0.99274039
15 35 33 599858 -0.04565358 -0.14932919  0.98824525
15 35 33 652229 -0.05486274 -0.08903217  0.99478769
15 35 33 705017 -0.02886653 -0.01926947  1.01077938
15 35 33 755100 -0.01670957 -0.04384136  1.00749683
15 35 33 802805 -0.03708458 -0.09680223  0.98889828
15 35 33 854716 -0.05962777 -0.1033833   0.99271274
15 35 33 903390 -0.051018   -0.02090478  1.01416445
15 35 33 951723 -0.0099647   0.04115462  1.00944972
15 35 34 4461 -0.00257683 -0.06593895  0.98975873
15 35 34 55034 -0.04519105 -0.15986681  0.99887466
15 35 34 103027 -0.05948639 -0.09037471  1.0014286 
15 35 34 152670 -0.03049612 -0.01300931  1.00680256
15 35 34 198452 -0.01555133 -0.04216504  1.00641608
15 35 34 251150 -0.03895736 -0.10030055  0.99213982
15 35 34 300530 -0.06425953 -0.0994041   1.00049424
15 35 34 352062 -0.04589009 -0.01755905  1.01319003
15 35 34 400988 -0.01292348 -0.00760484  1.00181818
15 35 34 454046 -0.01096439 -0.08132315  0.99336791
15 35 34 503192 -0.04162645 -0.11244011  1.00467014
15 35 34 553597 -0.04799271 -0.06279612  1.00768375
15 35 34 604157 -0.02528667 -0.02834225  1.00849652
15 35 34 656014 -0.02276015 -0.04938388  1.00390267
15 35 34 704931 -0.04528689 -0.09011722  0.99552417
15 35 34 750966 -0.06591511 -0.0883615   1.00741243
15 35 34 798517 -0.01559472  0.4218688  -0.58980989
15 35 34 849719 -0.01487398 -0.07932925  0.99630761
15 35 34 901296  0.0154314   0.98389602 -0.13670516
15 35 34 954084 -0.05267239 -0.07019043 -0.04292893
15 35 35 1177 -0.02955747 -0.0254252   1.02002621
15 35 35 59608 0.00988603 0.00217843 0.01560211
15 35 35 96798 -0.0403266  -0.0798347   0.97726989
15 35 35 148502 -0.05463314 -0.08668637  0.98466873
15 35 35 203201 -0.03959274 -0.01138473  0.99610662
15 35 35 249133 -0.00762725  0.02446556  0.99160886
15 35 35 303822 -0.01005816 -0.06508422  0.97893453
15 35 35 351529 -0.04395604 -0.14689326  0.9763689 
15 35 35 397446 -0.04846311 -0.09786582  0.98244405
15 35 35 449320 -0.02871227 -0.03445578  0.98501444
15 35 35 498284 -0.020612   -0.04678869  0.97744727
15 35 35 549893 -0.03295135 -0.08180618  0.97679567
15 35 35 599637 -0.04933357 -0.09675837  0.9767282 
15 35 35 653405 -0.05171847 -0.04985428  0.98677588
15 35 35 703897 -0.01901793  0.04014087  0.99077296
15 35 35 752215 -1.92880630e-04 -6.62541389e-03  9.72248077e-01
15 35 35 804055 -0.02844048 -0.13846207  0.96388054
15 35 35 853277 -0.05206156 -0.14052916  0.96855545
15 35 35 902759 -0.03373456 -0.03884816  0.98438215
15 35 35 951816 -0.01358008 -0.02122736  0.98932314
15 35 36 911 -0.02147985 -0.06814313  0.97988367
15 35 36 59593 -0.05137873 -0.1025939   0.9745028 
15 35 36 95185 -0.06106544 -0.07938457  0.98703361
15 35 36 148524 -0.0322051  -0.00169778  0.97759008
15 35 36 200334 -0.00609541 -0.0152545   0.96831846
15 35 36 252017 -0.01574206 -0.09571576  0.97632504
15 35 36 300765 -0.04425478 -0.1182096   0.98304749
15 35 36 350043 -0.0416441  -0.06626701  0.98341513
15 35 36 403764 -0.01727295 -0.03195071  0.98702931
15 35 36 453372 -0.0136981  -0.05171728  0.98736596
15 35 36 501914 -0.03219724 -0.08452988  0.98226237
15 35 36 553187 -0.05330157 -0.09679031  0.9817872 
15 35 36 598532 -0.04553032 -0.02846241  0.98887968
15 35 36 653932 -0.00870562  0.04577732  0.98149204
15 35 36 702560 -0.00158978 -0.05492353  0.97474718
15 35 36 755862 -0.04341841 -0.17002821  0.9769361 
15 35 36 801220 -0.05372715 -0.11519599  0.98346734
15 35 36 852433 -0.02299261 -0.02602625  0.9918766 
15 35 36 902196 -0.00861311 -0.03219056  0.99565387
15 35 36 951696 -0.02662778 -0.08150816  0.99068427
15 35 37 5140 -0.04518461 -0.10592937  0.98386097
15 35 37 57541 -0.04865766 -0.05927444  0.99344563
15 35 37 105108 -0.01745796  0.01121831  0.99032331
15 35 37 150715 -0.00599027 -0.03540206  0.98168302
15 35 37 201804 -0.02569509 -0.11917019  0.98781228
15 35 37 252517 -0.05002999 -0.11710143  0.99287581
15 35 37 300846 -0.03587961 -0.05023456  1.0048542 
15 35 37 353469 -0.01753378 -0.03179431  1.00370884
15 35 37 404686 -0.02268076 -0.06510711  0.99591041
15 35 37 454384 -0.04620934 -0.09948111  0.99068236
15 35 37 502830 -0.05404258 -0.08023286  1.003438  
15 35 37 553491 -0.02670145  0.0213201   1.01769352
15 35 37 604490 0.00815058 0.02962279 0.99495125
15 35 37 654084 -0.01384211 -0.11590624  0.98714328
15 35 37 708679 -0.05522275 -0.1635325   0.9979353 
15 35 37 750000 -0.04499602 -0.06001902  1.0104568 
15 35 37 798354 -0.01391196 -0.0177381   1.01238227
15 35 37 849747 -0.02035332 -0.06186581  1.00566745
15 35 37 903109 -0.04916406 -0.10155177  0.99950767
15 35 37 951026 -0.06279373 -0.0889461   1.00680232
15 35 38 553 -0.03810406 -0.01160765  1.0130794 
15 35 38 60264 -0.00742316 -0.00895643  1.00136209
15 35 38 97110 -0.01541519 -0.07947016  1.0093677 
15 35 38 148774 -0.0439105  -0.11437249  1.01665831
15 35 38 204416 -0.04396319 -0.06888771  1.01929569
15 35 38 249592 -0.0235374  -0.02973318  1.02312374
15 35 38 302943 -0.0155704  -0.04373741  1.02065039
15 35 38 350751 -0.03668523 -0.08529663  1.01149273
15 35 38 397617 -0.05815673 -0.09959126  1.02095437
15 35 38 451458 -0.04623961 -0.02970028  1.03340507
15 35 38 501663 -0.01004124  0.02146864  1.02492976
15 35 38 553373 -0.00933099 -0.0554471   1.011343  
15 35 38 601503 -0.0437634  -0.12508917  1.01696849
15 35 38 653800 -0.05513167 -0.08729839  1.02463603
15 35 38 706706 -0.02961731 -0.02897668  1.03114772
15 35 38 752080 -0.01903462 -0.04250574  1.02357364
15 35 38 803987 -0.03567648 -0.07869411  1.01413727
15 35 38 852887 -0.0573864  -0.10513401  1.01985836
15 35 38 905019 -0.05782771 -0.0617764   1.03912663
15 35 38 953658 -0.0173347   0.01324701  1.03582215
15 35 38 999706 -0.00391173 -0.02142191  1.0233469 
15 35 39 57894 -0.03215599 -0.10922432  1.0184598 
15 35 39 102501 -0.05277729 -0.10847282  1.01985836
15 35 39 153386 -0.03527927 -0.04235601  1.03028584
15 35 39 205448 -0.01861835 -0.02948117  1.03526402
15 35 39 255099 -0.02603793 -0.06287456  1.02237487
15 35 39 304956 -0.05122018 -0.09336805  1.01951551
15 35 39 352864 -0.05783582 -0.08565235  1.03365493
15 35 39 403185 -0.03308725  0.00303411  1.04067993
15 35 39 452525 -0.0035615   0.02697062  1.03109765
15 35 39 505218 -0.01640916 -0.07519674  1.02305293
15 35 39 554069 -0.05355501 -0.13479567  1.01748371
15 35 39 599006 -0.05034781 -0.06525922  1.0214324 
15 35 39 652791 -0.02506661 -0.01533604  1.03059101
15 35 39 703061 -0.02349329 -0.05013537  1.02969432
15 35 39 754752 -0.04336619 -0.08779812  1.01252079
15 35 39 800423 -0.06139374 -0.09302449  1.01469827
15 35 39 852652 -0.04654026 -0.03111601  1.02671838
15 35 39 903099 -0.01390457  0.01683378  1.02535987
15 35 39 949503 -0.0071969  -0.04764771  1.02322602
15 35 40 1178 -0.04093432 -0.11809134  1.02075148
15 35 40 52921 -0.05338883 -0.0934751   1.01360297
15 35 40 102634 -0.03630257 -0.02660513  1.01884937
15 35 40 151907 -0.0202105  -0.03079891  1.01771712
15 35 40 202237 -0.03354764 -0.06786108  1.0066874 
15 35 40 255159 -0.05392003 -0.09034419  1.0048852 
15 35 40 298552 -0.05578518 -0.05518579  1.01827455
15 35 40 351780 -0.02329254  0.03943467  1.02095532
15 35 40 403727 8.09669495e-04 6.76679611e-03 1.01034975e+00
15 35 40 451386 -0.02783608 -0.12953901  1.00376463
15 35 40 501201 -0.0607872  -0.13768435  1.0061872 
15 35 40 550600 -0.04397702 -0.04040313  1.0081172 
15 35 40 606141 -0.01817608 -0.02386427  1.00655127
15 35 40 655731 -0.02399039 -0.06764293  1.00383806
15 35 40 704621 -0.04381156 -0.08856916  0.99612522
15 35 40 752385 -0.05831027 -0.06851888  1.00631213
15 35 40 799958 -0.01561022 -0.82819319 -0.01175451
15 35 40 851691 -0.02059746 -0.08461833  0.99991226
15 35 40 899926 0.01546144 0.29650211 0.00390887
15 35 40 950885 -0.03827333 -0.05761719  1.31639004
15 35 40 999400 -0.02455926 -0.03288078  0.99432516
15 35 41 60399 0.00175214 0.00853515 0.01558399
15 35 41 101054 -0.04945779 -0.09358931  0.99306178
15 35 41 149928  0.00230908 -0.0832746   0.98576379
15 35 41 201186  0.01768255 -0.06433702  1.0042994 
15 35 41 250838 -0.01490664 -0.00353599  1.03337407
15 35 41 302930 -0.03689241 -0.04553318  0.99692965
15 35 41 351942 -0.05319691 -0.10071898  0.99635339
15 35 41 400221 -0.00218344 -0.08440113  0.98529625
15 35 41 449476  0.0171144  -0.04908442  1.00183821
15 35 41 498682 -0.00918627  0.00180888  1.03511214
15 35 41 553034 -0.03544903 -0.04706907  0.99764252
15 35 41 601861 -0.05087018 -0.09264469  0.99701381
15 35 41 653806  0.00190806 -0.08243084  0.98292232
15 35 41 705307  0.01551509 -0.05940104  1.00325489
15 35 41 751976 -0.01209569 -0.00399828  1.03228116
15 35 41 808062 -0.03438902 -0.05124807  1.00614905
15 35 41 853928 -0.05439639 -0.09881306  1.00078726
15 35 41 906326 -0.00160336 -0.08434939  0.98385572
15 35 41 955293  0.01771045 -0.05181623  1.00088263
15 35 42 2202 -0.00869846 -0.00591016  1.03020191
15 35 42 63372 -0.04205036 -0.0617013   0.99981284
15 35 42 95799 -0.05458069 -0.10983253  0.99780226
15 35 42 149311 -0.00164509 -0.08766007  0.98685312
15 35 42 201507  0.01890755 -0.04418945  1.00273204
15 35 42 254224 -0.00943565  0.00217438  1.02974939
15 35 42 307337 -0.03861713 -0.05574489  1.00818276
15 35 42 352766 -0.0506649  -0.10587049  1.00329781
15 35 42 403398  2.78711319e-04 -8.25448036e-02  9.93333101e-01
15 35 42 449808  0.0194037  -0.04654217  1.00096083
15 35 42 502234 -7.62486458e-03 -5.72204590e-05  1.02700925e+00
15 35 42 553258 -0.03773451 -0.05592608  1.00719738
15 35 42 597880 -0.05145192 -0.0976913   1.00719833
15 35 42 652929  0.00336432 -0.08073521  0.98882079
15 35 42 702772  0.01777554 -0.04799676  1.00485635
15 35 42 753879 -0.01155806 -0.00104356  1.02831054
15 35 42 800578 -0.03878021 -0.06012869  1.00930023
15 35 42 853439 -0.05179667 -0.10185552  1.0041337 
15 35 42 904451  0.00152373 -0.08132529  0.99120116
15 35 42 954265  0.01582837 -0.04677224  1.00696802
15 35 43 4285 -0.00996709 -0.00448298  1.02670479
15 35 43 54558 -0.04087806 -0.06159949  1.00529313
15 35 43 105457 -0.04880714 -0.10049939  1.00227642
15 35 43 152591  0.00693631 -0.08140397  0.98754907
15 35 43 200404  0.01767015 -0.04594636  1.00624275
15 35 43 252576 -0.01373458 -0.00293708  1.02915978
15 35 43 301067 -0.03816509 -0.06680846  1.00673795
15 35 43 354445 -0.05573487 -0.11541843  1.00030375
15 35 43 402686  0.00400352 -0.08501744  0.98886251
15 35 43 454997  0.01862168 -0.03139138  1.00413227
15 35 43 502757 -0.01084542  0.00537181  1.02595091
15 35 43 553186 -0.04213572 -0.06541634  1.00417042
15 35 43 604153 -0.04998565 -0.09495807  0.99724627
15 35 43 658912  0.01174188 -0.07896185  0.97666693
15 35 43 705685  0.01335359 -0.04817867  1.00344419
15 35 43 755694 -1.94270611e-02  9.58442688e-05  1.03017616e+00
15 35 43 800276 -0.04086041 -0.05963087  1.00735044
15 35 43 853700 -0.04814506 -0.10203576  1.00248623
15 35 43 901800  0.00666618 -0.08213758  0.98369718
15 35 43 956785  0.01311684 -0.03573751  1.00421953
15 35 44 765 -0.01662207  0.00330663  1.02408791
15 35 44 61462 -0.04536676 -0.06847835  0.99525094
15 35 44 96803 -0.04466057 -0.09938717  0.99093246
15 35 44 152937  0.01120877 -0.08668113  0.97943568
15 35 44 202824  0.01443577 -0.03720379  1.00807881
