14 33 19 684894  8.67843628e-05 -3.88145447e-04 -6.19888306e-05
14 33 19 708170  9.08374786e-04  7.72476196e-05 -2.69889832e-04
14 33 19 711670  6.60896301e-04  3.38554382e-05 -4.19616699e-05
14 33 19 805745 7.17639923e-04 6.17027283e-04 4.52995300e-05
14 33 19 809067 -7.43865967e-05  3.61919403e-04 -1.85966492e-04
14 33 19 812811 -1.21593475e-04  2.35557556e-04 -9.87052917e-05
14 33 19 816100 -3.70979309e-04  1.58786774e-04  3.81469727e-06
14 33 19 865708 -0.00037289 -0.00039148 -0.00012875
14 33 22 580429  2.96592712e-04  1.47819519e-05 -2.72750854e-04
14 33 22 621304  0.00015402 -0.00022507  0.00023794
14 33 22 669841  5.84602356e-04 -2.47478485e-04 -5.86509705e-05
14 33 22 719471  9.10758972e-05 -4.90188599e-04 -3.66687775e-04
14 33 22 768205  0.00011778 -0.00021458 -0.00015497
14 33 22 822586 -3.48091125e-05 -1.13487244e-04 -1.71184540e-04
14 33 22 870369 -5.90801239e-04 -9.48905945e-05  8.96453857e-05
14 33 22 920072 -0.00023842  0.00048876  0.00024128
14 33 22 968869 -6.94274902e-04 -9.77516174e-05  3.66687775e-04
14 33 23 19062 -8.74996185e-04 -6.24656677e-05  1.25885010e-04
14 33 23 67023 -4.27722931e-04  2.15053558e-04  4.48226929e-05
14 33 23 120927 -1.59263611e-04 -4.43458557e-05 -2.28404999e-04
14 33 23 170252  2.47001648e-04  2.57492065e-04 -6.48498535e-05
14 33 23 219441 -5.17368317e-04 -6.91413879e-05  5.48362732e-05
14 33 23 268080 -0.00014257  0.00013399 -0.0001235 
14 33 23 317316 -5.80787659e-04  2.99930573e-04 -4.33921814e-05
14 33 23 370348 -0.00011778 -0.00017118 -0.00010633
14 33 23 419688 -0.0002141   0.00019884 -0.00026655
14 33 23 467964 -4.40120697e-04 -1.05381012e-04 -6.86645508e-05
14 33 23 518177 -7.96318054e-05 -5.00679016e-04 -3.20911407e-04
14 33 23 566916  0.00017595 -0.00037813 -0.00026703
14 33 23 620289  6.96182251e-05 -4.14848328e-05 -4.00543213e-04
14 33 23 677771 3.08513641e-04 8.15391541e-05 2.47001648e-04
14 33 23 728216  5.24520874e-05 -4.91142273e-05 -1.00135803e-04
14 33 23 779206  0.0001235  -0.00045538 -0.0001483 
14 33 23 830015  0.0004344  -0.00022173 -0.00025558
14 33 23 877651  1.89304352e-04 -4.10079956e-05 -3.43322754e-05
14 33 23 929117 -0.00019217 -0.00021935 -0.00030088
14 33 23 979316 1.86443329e-04 5.10215759e-05 9.01222229e-05
14 33 24 26303 -8.05854797e-05 -8.44001770e-05 -4.76837158e-07
14 33 24 66794 -1.06811523e-04 -1.71661377e-05  2.87532806e-04
14 33 24 120280  2.72274017e-04 -1.60694122e-04  3.81469727e-05
14 33 24 169968  1.69754028e-04 -2.43186951e-05  1.91211700e-04
14 33 24 218338 -0.00024891  0.0006175  -0.00037193
14 33 24 267226 -3.81469727e-05  9.25064087e-05 -1.18732452e-04
14 33 24 320528 -1.76429749e-04  7.58171082e-05 -2.10762024e-04
14 33 24 369693 -6.58988953e-04  7.15255737e-06 -2.94208527e-04
14 33 24 419436 -0.00022316 -0.00016165 -0.00047922
14 33 24 467755  5.19752502e-05  1.71661377e-05 -1.73091888e-04
14 33 24 517337 -3.39031219e-04 -4.86373901e-05 -1.78813934e-04
14 33 24 570097 -2.34603882e-04 -2.62260437e-05 -2.11238861e-04
14 33 24 619846 -0.00048304 -0.00024605  0.00015593
14 33 24 669037 -9.15527344e-05  8.96453857e-05  2.57492065e-05
14 33 24 718285 -2.61783600e-04  3.48091125e-05  7.72476196e-05
14 33 24 766858 -4.28676605e-04  8.63075256e-05  1.55448914e-04
14 33 24 820372 -3.62873077e-04  2.33650208e-05  2.33650208e-04
14 33 24 878082 8.24928284e-05 1.62601471e-04 3.29971313e-04
14 33 24 928464 -0.00019789 -0.00020838  0.00029087
14 33 24 967915 0.00014114 0.00026417 0.00031853
14 33 25 17110 3.19480896e-05 3.09467316e-04 2.67982483e-04
14 33 25 65863 5.57899475e-05 6.58035278e-05 4.89711761e-04
14 33 25 119180 0.00026274 0.0002718  0.00015879
14 33 25 168275 -3.24249268e-05 -5.62191010e-04 -2.11715698e-04
14 33 25 217479  5.57899475e-05 -1.81198120e-04 -2.74181366e-04
14 33 25 266780  0.00033617 -0.00054407 -0.00014305
14 33 25 320937 4.76360321e-04 3.12480927e-02 3.56249905e+00
14 33 25 368819 -2.57492065e-04 -8.96453857e-05 -3.29017639e-04
14 33 25 418994 -6.45637512e-04  4.33921814e-05 -5.57899475e-05
14 33 25 467089 -0.00049829 -0.00035429 -0.0003829 
14 33 25 526380 -0.00090265 -0.00043774  0.00042152
14 33 25 582166 -2.17914581e-04 -4.48703766e-04 -7.15255737e-05
14 33 25 628479 -3.41892242e-04 -6.77108765e-05  1.41143799e-04
