13 6 58 389783 -0.01341438  0.00765038  1.00043678
13 6 58 393079 -0.01068687  0.00474548  1.00106812
13 6 58 395875 -1.12972260e-02 -2.42233276e-03 -1.35000114e+01
13 6 58 398886 -0.01026726  0.00599861  0.99941254
13 6 58 412216 -0.01262283  0.00232315  1.00149918
13 6 58 414669 -0.01147461  0.00283051  0.99935722
13 6 58 436825 -0.01504326  0.00600243  1.00055885
13 6 58 460248 -0.01292801  0.00301361  1.00212479
13 6 58 462859 -8.96263123e-03  9.65118408e-04  9.99883652e-01
13 6 58 484476 -1.15909576e-02  2.30789185e-04  9.96288300e-01
13 6 58 508021 -0.00819206  0.00114632  1.00023651
13 6 58 511398 -0.00868988  0.00174332  0.99929428
13 6 58 532335 -0.01301003  0.00481033  0.9977417 
13 6 58 555851 -0.01695824  0.00559998  1.00546646
13 6 58 558542 -1.35326385e-02 -1.65939331e-04  9.99313354e-01
13 6 58 580206 -0.01532555  0.00186348  0.99925995
13 6 58 582176 -0.01442146  0.00406075  1.0067482 
13 6 58 605045 -0.01315117  0.00633812  1.00231552
13 6 58 627785 -9.99069214e-03 -7.61032104e-04  9.98828888e-01
13 6 58 630457 -0.00686073 -0.00311852  0.99909973
13 6 58 652160 -0.01351738 -0.0050354   1.00130463
13 6 58 675626 -0.00862122  0.00428009  1.00061798
13 6 58 678048 -0.00494576  0.00308228  0.9979229 
13 6 58 748908 -0.01459694  0.00773621  1.00523949
13 6 58 751295 -0.01861954  0.00888443  1.00082016
13 6 58 753614 -0.02312851  0.00307465  0.9968853 
13 6 58 755883 -0.02814674 -0.00101852  1.00136757
13 6 58 757720 -2.49996185e-02  4.53948975e-04  1.00001907e+00
13 6 58 773288 -2.04353333e-02  1.41143799e-04  9.96643066e-01
13 6 58 796326 -0.0116787  -0.00144005  1.00288391
13 6 58 798881 -0.0079155   0.00187683  0.99905586
13 6 58 820791 -0.00419807  0.00728607  1.00081253
13 6 58 844478 -3.95202637e-03  7.74383545e-04  9.99948502e-01
13 6 58 846950 -0.00676346  0.00411224  0.99912834
13 6 58 868602 -0.01324654 -0.00365257  1.00064278
13 6 58 892139 -0.01064301  0.00174332  1.00270271
13 6 58 894579 -0.01382446 -0.00143242  1.00145531
13 6 58 916511 -0.01363564  0.00597954  1.00123024
13 6 58 940740 -0.01433563  0.00592613  1.00182343
13 6 58 943318 -0.0157814   0.00744247  0.99981499
13 6 58 964485 -0.02058983  0.00528717  0.99766541
13 6 58 987923 -0.02021027 -0.0019722   0.9997673 
13 6 58 990386 -0.01721954 -0.00634956  1.00119591
13 6 59 12329 -0.00927353 -0.00438881  1.00053406
13 6 59 35923 -0.00120735 -0.00356102  0.99995804
13 6 59 38475 5.51223755e-04 4.78744507e-03 1.00509453e+00
13 6 59 60352 -0.00620842  0.00650024  1.00177574
13 6 59 83764 -0.01551819  0.00321579  1.00331688
13 6 59 86609 -0.02462578  0.00645065  0.99907684
13 6 59 108540 -0.02644539  0.00927925  0.99764633
13 6 59 131833 -0.01586533  0.00562477  1.00315666
13 6 59 134626 -0.00688934  0.00708008  1.00301743
13 6 59 205273 -0.00388908  0.00455475  1.00220299
13 6 59 208430 -0.00697136 -0.00182724  1.00284386
13 6 59 211379 -0.01327515 -0.0060215   0.99683952
13 6 59 214126 -0.01573944 -0.00597572  0.99876595
13 6 59 228528 -0.01241493  0.00358391  0.99844551
13 6 59 231248 -0.0081749   0.0059433   0.99857521
13 6 59 253059 -0.01026726  0.00653458  0.9988308 
13 6 59 276765 -0.01443672  0.00432968  1.00094414
13 6 59 279053 -0.00775337  0.00479698  0.99900627
13 6 59 300426 -0.0140934   0.00187874  1.00055885
13 6 59 303260 -0.01697159  0.00292015  0.99923706
13 6 59 324711 -1.53636932e-02  4.25338745e-04  9.99347687e-01
13 6 59 348275 -0.00999641  0.00150299  1.00014687
13 6 59 351127 -0.01225662  0.0057373   1.00083351
13 6 59 372872 -5.41496277e-03  4.84466553e-04  9.96786118e-01
13 6 59 396242 -0.0071125  -0.00179863  0.99778557
13 6 59 399128 -1.10073090e-02 -2.67028809e-05  1.00325012e+00
13 6 59 420624 -0.01475906  0.0012207   1.00422478
13 6 59 444461 -0.0187912  -0.00103951  0.99257088
13 6 59 447238 -0.01706886  0.00570679  0.99713326
13 6 59 468648 -0.01493073  0.00779152  0.99167633
13 6 59 492084 -0.01320457  0.00494003  0.99736595
13 6 59 494970 -0.00903893  0.00584221  1.00250816
13 6 59 516838 -0.01136208  0.00113106  1.00208664
13 6 59 539868 -0.01316071  0.0045681   0.99634361
13 6 59 542726 -0.01364326 -0.00104904  0.99835777
13 6 59 564469 -0.01270103  0.00313187  1.00349617
13 6 59 587836 -0.01156998 -0.00170708  1.00196266
13 6 59 590962 -0.01268959  0.00157928  1.00084114
13 6 59 661477 -0.01025963  0.00814247  1.00159645
13 6 59 664316 -0.01654625  0.003582    0.99791718
13 6 59 667026 -0.01647568  0.00883293  1.00243187
13 6 59 669806 -0.01187325  0.00139046  0.9990139 
13 6 59 684500 -0.01406097  0.00993919  1.01136971
13 6 59 687440 -0.00308228  0.00465965  1.00333786
13 6 59 708976 -0.00858307  0.00813866  0.98431396
13 6 59 732431 -0.014328   -0.00243187  0.99450874
13 6 59 735149 -0.00919151 -0.00218391  0.99821281
13 6 59 763536 -0.00814819  0.00257301  1.00798035
13 6 59 784160 -0.00775146  0.00324631  0.99720383
13 6 59 794063 -0.00576401  0.00352859  0.99698067
13 6 59 808866 -1.83925629e-02 -1.14440918e-05  1.00338936e+00
13 6 59 832385 -0.02528     0.00444984  1.00035667
13 6 59 841471 -0.02685928  0.00850487  1.00165558
13 6 59 852429 -0.01639175  0.0039959   0.99609756
13 6 59 876221 -0.01389503  0.00243759  1.00228882
13 6 59 879362 -0.00485802 -0.0013504   0.99978065
13 6 59 900423 -0.00422287  0.002285    0.99156952
13 6 59 924100 -0.00491714 -0.00243568  0.99651909
13 6 59 926829 -0.01363564  0.00273323  1.00328445
13 6 59 948588 -1.63249969e-02  1.94549561e-04  9.97985840e-01
13 6 59 971985 -2.04257965e-02  3.58581543e-04  9.96778488e-01
13 6 59 974883 -1.88007355e-02  7.87734985e-04  9.99017715e-01
13 6 59 996293 -0.01668167  0.0021019   1.00349236
13 7 0 19843 -0.01290703  0.00517273  1.00154877
13 7 0 22513 -0.01353455  0.00358963  1.00252342
13 7 0 44641 -1.11751556e-02 -3.89099121e-04  9.98971939e-01
13 7 0 67801 -0.01702118  0.00148964  1.00010681
13 7 0 70697 -0.00887489 -0.00317574  1.00343323
13 7 0 141481 -0.00726509  0.00254059  1.002388  
13 7 0 144363 -7.42721558e-03 -1.58309937e-04  9.95801926e-01
13 7 0 147101 -8.70704651e-03  6.63757324e-04  1.00173569e+00
13 7 0 149843 -1.26495361e-02  5.91278076e-05  1.00067711e+00
13 7 0 164420 -0.00783348  0.00266266  1.00144196
13 7 0 167136 -0.01464081  0.00557327  1.00251579
13 7 0 188994 -0.01878738  0.00819969  1.0017643 
13 7 0 212462 -0.0212307   0.00382614  0.99742699
13 7 0 215221 -0.01777267  0.00279236  1.00156784
13 7 0 243818 -0.01622581  0.00168991  0.9978466 
13 7 0 264263 -7.67135620e-03  8.85009766e-04  1.00181007e+00
13 7 0 274114 -8.74328613e-03  6.54220581e-04  1.00416374e+00
13 7 0 289153 -5.88035583e-03 -7.99179077e-04  1.00416374e+00
13 7 0 312437 -1.02806091e-02  6.10351562e-05  1.00083542e+00
13 7 0 322088 -0.00996399  0.00432205  1.00359535
13 7 0 337714 -1.54361725e-02  2.42233276e-04  9.96465683e-01
13 7 0 359884 -0.01592064  0.00780869  0.99969673
13 7 0 368763 -0.01480103  0.00496864  1.00597572
13 7 0 384347 -0.01580238  0.00168419  1.0008831 
