13 6 58 389783  0.00033283 -0.00024939  0.00044823
13 6 58 393079 -3.24726105e-04 -2.36511230e-04 -3.91006470e-05
13 6 58 395875 -2.70366669e-04 -1.14440918e-05 -1.41620636e-04
13 6 58 398886 -2.00271606e-05 -4.76837158e-04 -1.98364258e-04
13 6 58 412216  5.81741333e-05 -2.20775604e-04  1.54018402e-04
13 6 58 414669 -7.91549683e-05  1.79767609e-04  3.74317169e-04
13 6 58 436825 -3.47614288e-04  6.19888306e-05  3.71456146e-04
13 6 58 460248 -6.24656677e-05  1.51157379e-04  2.03132629e-04
13 6 58 462859 3.48091125e-05 3.43322754e-05 1.35898590e-04
13 6 58 484476 -0.00010729 -0.00018311 -0.00034332
13 6 58 508021 -7.20024109e-05 -3.65257263e-04 -3.47614288e-04
13 6 58 511398  0.00016594 -0.00049353 -0.0002408 
13 6 58 532335 -1.99794769e-04 -6.05583191e-05  9.96589661e-05
13 6 58 555851  1.33991241e-04 -7.48634338e-05 -6.62803650e-05
13 6 58 558542 -1.62124634e-04 -3.24249268e-04 -1.90734863e-06
13 6 58 580206 -0.00037718  0.00018406  0.00015402
13 6 58 582176 -3.65257263e-04  4.14848328e-05 -2.16007233e-04
13 6 58 605045 -7.91549683e-05  1.22547150e-04 -1.48296356e-04
13 6 58 627785  3.98159027e-04 -3.81469727e-05  3.48091125e-04
13 6 58 630457  0.00027895 -0.00054312  0.00044966
13 6 58 652160 -0.00017262 -0.00011921  0.0009532 
13 6 58 675626  3.86714935e-04 -5.67436218e-05  1.04999542e-03
13 6 58 678048  0.00044584 -0.00015688  0.00094223
13 6 58 748908 1.92642212e-04 6.15119934e-05 3.39031219e-04
13 6 58 751295 -6.96182251e-05  1.67369843e-04 -4.73499298e-04
13 6 58 753614 -2.06470490e-04 -4.19616699e-05 -1.10292435e-03
13 6 58 755883 -1.45912170e-04  1.14440918e-05 -1.46532059e-03
13 6 58 757720 -0.00020266 -0.00023031 -0.00115824
13 6 58 773288 -0.00017834 -0.00026989 -0.00020504
13 6 58 796326 -6.86645508e-05 -1.69277191e-04  6.06536865e-04
13 6 58 798881 -2.98023224e-04  1.52587891e-05  2.09808350e-04
13 6 58 820791 -9.96589661e-05 -4.76837158e-07  1.02996826e-04
13 6 58 844478  7.15255737e-05  2.43186951e-04 -6.55651093e-04
13 6 58 846950 -0.00010729  0.00058413 -0.00112295
13 6 58 868602 -0.00012732  0.0001483  -0.0005188 
13 6 58 892139 -2.08377838e-04 -2.04086304e-04  7.39097595e-05
13 6 58 894579 -3.06129456e-04  2.00271606e-05  6.06536865e-04
13 6 58 916511 -0.00014019 -0.00045872  0.00019073
13 6 58 940740  1.03950500e-04  4.95433807e-04 -6.96182251e-05
13 6 58 943318  6.58035278e-05  3.90529633e-04 -7.66277313e-04
13 6 58 964485 -4.81605530e-05 -2.38418579e-05 -6.08444214e-04
13 6 58 987923 -6.94274902e-04  5.10215759e-05 -3.49521637e-04
13 6 58 990386 -0.00017548 -0.00016594  0.00017834
13 6 59 12329 -0.00024939 -0.00026798  0.00164366
13 6 59 35923 -3.81469727e-05 -1.75952911e-04  9.21249390e-04
13 6 59 38475  4.32968140e-04 -4.77790833e-04  4.62532043e-05
13 6 59 60352  0.00025463  0.00034761 -0.00092363
13 6 59 83764  0.00012016  0.00082207 -0.00105953
13 6 59 86609 -0.000103    0.00017214  0.00011826
13 6 59 108540 -0.00029993 -0.00033569  0.00057983
13 6 59 131833 -0.00042629 -0.00025606  0.00091124
13 6 59 134626 -5.75542450e-04  2.00271606e-05  9.36508179e-04
13 6 59 205273 -1.32560730e-04  5.19752502e-05  1.36852264e-04
13 6 59 208430 -0.0004425  -0.0002389  -0.00050068
13 6 59 211379  0.00020218  0.0002203  -0.00105381
13 6 59 214126 -2.98976898e-04  9.10758972e-05 -8.37802887e-04
13 6 59 228528 -6.67572021e-05 -1.69754028e-04 -2.52246857e-04
13 6 59 231248 -4.17232513e-04 -6.96182251e-05 -2.93731689e-04
13 6 59 253059 -0.00033236 -0.00059986 -0.0001688 
13 6 59 276765 -0.00021791 -0.00019884 -0.00047302
13 6 59 279053  1.81198120e-04  1.07765198e-04 -7.10487366e-05
13 6 59 300426 -2.70366669e-04  9.39369202e-05 -5.76972961e-05
13 6 59 303260  1.20162964e-04 -7.05718994e-05  1.00135803e-05
13 6 59 324711 -0.00051928 -0.00013447  0.00052595
13 6 59 348275 -0.00026989 -0.00018167 -0.00012112
13 6 59 351127  0.00011969 -0.00012159 -0.00039244
13 6 59 372872 -2.03609467e-04  2.95639038e-05 -6.01291656e-04
13 6 59 396242 -0.00021791  0.00059414 -0.00117874
13 6 59 399128  0.00036764 -0.00023699 -0.00042343
13 6 59 420624 -1.16348267e-04 -1.41143799e-04  6.53266907e-05
13 6 59 444461 5.62667847e-05 1.19209290e-05 4.90188599e-04
13 6 59 447238 -0.00013685 -0.00050926  0.000772  
13 6 59 468648 -1.07288361e-04 -2.71797180e-05  1.19209290e-04
13 6 59 492084 -5.72204590e-05 -6.96182251e-05  1.27315521e-04
13 6 59 494970 -0.00027514 -0.00017166 -0.00025225
13 6 59 516838 -0.00017071 -0.00018835 -0.00041437
13 6 59 539868 -1.33514404e-05  1.09672546e-05  3.64780426e-04
13 6 59 542726 -2.81333923e-04  7.10487366e-05  3.19480896e-04
13 6 59 564469 -0.00010586 -0.00010109  0.00014591
13 6 59 587836 -2.15053558e-04 -8.01086426e-05 -2.10285187e-04
13 6 59 590962 -2.97546387e-04 -4.72068787e-05  2.05039978e-05
13 6 59 661477 -0.00011683  0.00019264 -0.00019646
13 6 59 664316 -0.00029564 -0.00032949 -0.00011683
13 6 59 667026 -0.00035429 -0.00012398  0.000247  
13 6 59 669806  5.24520874e-06  2.38418579e-04 -7.82012939e-05
13 6 59 684500  7.47203827e-04 -4.76837158e-05  3.61442566e-04
13 6 59 687440 -0.0004425  -0.00100088  0.000278  
13 6 59 708976 -0.00060797 -0.00093269  0.00014639
13 6 59 732431 -9.48905945e-05  2.92301178e-04 -7.39097595e-05
13 6 59 735149 -1.09195709e-04  5.91278076e-05 -5.29289246e-05
13 6 59 763536  2.71797180e-05 -5.67436218e-04  3.00407410e-04
13 6 59 784160 -3.81469727e-06 -7.06195831e-04 -3.51905823e-04
13 6 59 794063  0.00058079 -0.00069189 -0.00080729
13 6 59 808866 5.65052032e-04 8.07285309e-04 1.04904175e-05
13 6 59 832385  0.00023985  0.00059652 -0.00020552
13 6 59 841471 -0.0003233  -0.00026226  0.00071621
13 6 59 852429 -0.00019836 -0.00065899  0.00071573
13 6 59 876221 -0.00050592 -0.00030136  0.00033092
13 6 59 879362 -0.00053883 -0.00020313  0.00027657
13 6 59 900423 0.00024223 0.00039768 0.00045872
13 6 59 924100  3.02314758e-04 -5.89370728e-04  8.86917114e-05
13 6 59 926829 -0.00029564 -0.00011253 -0.00046206
13 6 59 948588 0.00020981 0.0007658  0.00025368
13 6 59 971985 -8.24928284e-05 -1.23977661e-05  6.34193420e-05
13 6 59 974883 -0.00056934 -0.00082827  0.00026608
13 6 59 996293 -0.00026417 -0.00023937  0.00011873
13 7 0 19843 8.77380371e-05 8.10623169e-06 1.12056732e-04
13 7 0 22513  3.95774841e-04  8.67843628e-05 -1.08242035e-04
13 7 0 44641 -1.66893005e-04 -1.90734863e-05  7.53402710e-05
13 7 0 67801 -5.33580780e-04 -5.15460968e-04  5.05447388e-05
13 7 0 70697 -9.10758972e-05 -1.28746033e-05 -7.15255737e-05
13 7 0 141481  9.05990601e-06  2.22682953e-04 -4.82082367e-04
13 7 0 144363 -0.00031137 -0.00045586  0.00011253
13 7 0 147101 -7.94410706e-04 -2.20298767e-04 -6.24656677e-05
13 7 0 149843 -2.37941742e-04 -2.59399414e-04 -3.91006470e-05
13 7 0 164420 0.00011396 0.00045538 0.00010777
13 7 0 167136 -2.24113464e-05 -1.49726868e-04 -5.96046448e-05
13 7 0 188994 -0.00020313 -0.0004282  -0.0002923 
13 7 0 212462 -1.90734863e-06 -1.90734863e-05  1.81198120e-04
13 7 0 215221 1.29222870e-04 1.28746033e-05 9.29832458e-05
13 7 0 243818 -2.52723694e-05 -2.14576721e-05  2.26020813e-04
13 7 0 264263 -0.00055361 -0.00020409  0.000103  
13 7 0 274114 -0.00051498  0.0004673  -0.00023985
13 7 0 289153  0.00013113  0.00037575 -0.00030422
13 7 0 312437  3.16619873e-04 -8.63075256e-05 -4.40120697e-04
13 7 0 322088 -4.10079956e-05 -6.81877136e-04  3.68595123e-04
13 7 0 337714 -2.27928162e-04 -5.10215759e-05  2.83718109e-04
13 7 0 359884 -0.00014925  0.0002594  -0.0002141 
13 7 0 368763 -0.00019646  0.00059175  0.00041533
13 7 0 384347 -3.19480896e-05 -1.58309937e-04  2.61783600e-04
