17 25 26 77393 -0.09583664 -0.05629349  0.99313927
17 25 26 79678 -0.09321785 -0.05608559  0.99520683
17 25 26 102835 -0.09559631 -0.05757904  0.9978714 
17 25 26 153895 -0.09126091 -0.05643272  0.99432182
17 25 26 201455 -0.0905571  -0.05937958  1.00090599
17 25 26 250555 -0.08890152 -0.05644798  0.99763489
17 25 26 310420 -0.08846092 -0.06129646  0.99861908
17 25 26 351891 -0.09025955 -0.06041718  0.99607658
17 25 26 403098 -0.09181213 -0.05533028  0.99841118
17 25 26 452502 -0.09255028 -0.05629539  0.99674225
17 25 26 499526 -0.08911324 -0.0633812   0.99664879
17 25 26 550391 -0.09032631 -0.06354523  0.99163437
17 25 26 599242 -0.08914375 -0.06160545  0.99472618
17 25 26 653592 -0.09182167 -0.06440544  0.99672127
17 25 26 700437 -0.09021378 -0.06489372  0.99622917
17 25 26 772050 -0.09514809 -0.06521797  0.99470329
17 25 26 801201 -0.09053421 -0.06412506  0.98919678
17 25 26 850370 -0.09438133 -0.06071472  0.99415207
17 25 26 902550 -0.09368515 -0.0648632   0.98840523
17 25 26 953140 -0.09433746 -0.07212448  0.99019241
17 25 27 3626 -0.09042931 -0.06728554  0.9918251 
17 25 27 55145 -0.0931797  -0.0645752   0.99076271
17 25 27 101876 -0.09028053 -0.06946564  0.9892807 
17 25 27 152900 -0.09517479 -0.0684166   0.99248505
17 25 27 200197 -0.09082794 -0.06574059  0.99032784
17 25 27 251296 -0.09178543 -0.06658554  0.99416542
17 25 27 300697 -0.09017754 -0.06669998  0.98974609
17 25 27 352286 -0.09236717 -0.06735611  0.99143982
17 25 27 401360 -0.09574127 -0.06742477  0.99684906
17 25 27 450852 -0.0893116  -0.06805801  0.99335289
17 25 27 502549 -0.09142113 -0.06718063  0.99260521
17 25 27 551157 -0.09366989 -0.069067    0.996912  
17 25 27 605558 -0.09083366 -0.07061386  0.99466324
17 25 27 652961 -0.0904026  -0.06570816  0.99720192
17 25 27 698822 -0.09288597 -0.06954956  0.99848175
17 25 27 750200 -0.09184074 -0.07225227  0.99892426
17 25 27 800463 -0.09342957 -0.0658226   0.99437332
17 25 27 851215 -0.09223557 -0.06508064  0.99857521
17 25 27 900190 -0.09005928 -0.06674004  0.99145699
17 25 27 952124 -0.08849716 -0.06576538  1.00018692
17 25 28 1297 -0.09064102 -0.06740189  0.99977303
17 25 28 63359 -0.09141541 -0.06117058  1.00183105
17 25 28 107723 -0.09054565 -0.06637573  0.99680138
17 25 28 152521 -0.08738518 -0.06534958  1.00086403
17 25 28 203904 -0.09542656 -0.06134796  0.99482727
17 25 28 253040 -0.09186172 -0.06077194  0.99606133
17 25 28 298976 -0.0935421  -0.0634613   0.99361229
17 25 28 352370 -0.09529114 -0.05994797  0.99819374
17 25 28 400706 -0.09192276 -0.0613575   0.99387932
17 25 28 451873 -0.09767532 -0.0651741   0.99015045
17 25 28 501693 -0.09379196 -0.06467438  0.99215889
17 25 28 552650 -0.09154892 -0.06061363  0.99262428
17 25 28 601988 -0.09137535 -0.06021881  0.99263382
17 25 28 652074 -0.09194756 -0.05846405  0.99574852
17 25 28 702499 -0.09147835 -0.06190681  0.99243164
17 25 28 751418 -0.09530258 -0.06075287  0.99253273
17 25 28 810347 -0.08820152 -0.06182289  0.99186325
17 25 28 852784 -0.09028435 -0.05698776  0.99311829
17 25 28 899222 -0.08960533 -0.05793762  0.99133492
17 25 28 950749 -0.09228897 -0.05900383  0.9885006 
17 25 28 999933 -0.09503555 -0.05568314  0.9897213 
17 25 29 92105 -0.09245491 -0.05816269  0.9913826 
17 25 29 141092 -0.09168434 -0.05394936  0.99044228
17 25 29 194831 -0.09155846 -0.06037903  0.99812126
17 25 29 250292 -0.09104919 -0.0559082   0.99448395
17 25 29 303855 -0.08966064 -0.05460167  0.99852943
17 25 29 343999 -0.09193039 -0.06257439  0.99445915
17 25 29 386196 -0.09134674 -0.06131935  0.99573517
17 25 29 429043 -0.09083366 -0.0580883   0.99474525
17 25 29 453364 -0.09321213 -0.06162453  0.99768639
17 25 29 500325 -0.08904076 -0.06071854  0.99695778
17 25 29 551159 -0.09019852 -0.06217957  0.99806404
17 25 29 599910 -0.09237671 -0.06133461  0.99690247
17 25 29 651568 -0.09528923 -0.05851364  0.99314117
17 25 29 701242 -0.08992577 -0.05844879  0.99901199
17 25 29 772046 -0.08912468 -0.060812    0.99581337
17 25 29 830978 -0.09533501 -0.06627464  0.99299622
17 25 29 876865 -0.09295654 -0.06232071  0.99605942
17 25 29 921178 -0.09152794 -0.06403542  0.99586868
17 25 29 981443 -0.08969498 -0.06528282  0.9924202 
17 25 30 21740 -0.09046173 -0.06489372  0.99599266
17 25 30 55808 -0.09470177 -0.06145859  0.99484634
17 25 30 100679 -0.09443474 -0.06381989  0.99353409
17 25 30 152662 -0.09547424 -0.06422997  0.98820496
17 25 30 200303 -0.09039116 -0.06523323  0.98978996
17 25 30 251281 -0.09202003 -0.06664085  0.99018288
17 25 30 300928 -0.08854294 -0.06873894  0.98713684
17 25 30 352221 -0.09163284 -0.06496239  0.99733734
17 25 30 401476 -0.08875275 -0.0662117   0.99535751
17 25 30 450465 -0.09280014 -0.07193184  0.99487686
17 25 30 507498 -0.09120941 -0.07158852  0.99162674
17 25 30 551403 -0.09153938 -0.07074738  0.99686623
17 25 30 602888 -0.09399605 -0.06484985  0.99256706
17 25 30 652544 -0.09069443 -0.07024002  0.99033356
17 25 30 699008 -0.09407997 -0.06826973  0.99209595
17 25 30 750535 -0.09121323 -0.06746292  0.99176788
17 25 30 800664 -0.09382629 -0.06812286  0.99511337
17 25 30 851854 -0.09457397 -0.0690155   0.99431229
17 25 30 900976 -0.0949192  -0.06523323  0.999403  
17 25 30 952421 -0.09298325 -0.06758308  0.99262619
17 25 31 12125 -0.09422302 -0.06806946  0.99485588
17 25 31 85616 -0.09401131 -0.06697464  0.99812508
17 25 31 133968 -0.09279633 -0.06438828  0.99511719
17 25 31 175030 -0.08817291 -0.06406403  0.99709129
17 25 31 224034 -0.09305954 -0.06500816  0.99661255
17 25 31 284696 -0.09307289 -0.06023026  0.99391556
17 25 31 325357 -0.09297943 -0.0619297   0.99553108
17 25 31 350961 -0.09078026 -0.06186104  0.99628067
17 25 31 400566 -0.09067726 -0.06077194  0.9968586 
17 25 31 453398 -0.08743095 -0.06321716  1.00261116
17 25 31 501259 -0.09288025 -0.05944443  0.99123001
17 25 31 553769 -0.09144211 -0.05910873  0.99158478
17 25 31 601342 -0.09018707 -0.05630112  0.99991035
17 25 31 650284 -0.0929184  -0.06300163  1.00060272
17 25 31 702603 -0.09013367 -0.06254578  0.99699593
17 25 31 751677 -0.08896637 -0.059021    0.9911232 
17 25 31 803257 -0.08795929 -0.05496597  0.99118233
17 25 31 853983 -0.09184837 -0.05655098  0.99620247
17 25 31 899024 -0.09220123 -0.06095314  0.98743629
17 25 31 950439 -0.09353065 -0.05927086  0.99133301
17 25 32 2249 -0.09435844 -0.0598278   0.98865891
17 25 32 63352 -0.09478378 -0.05856895  0.99257278
17 25 32 99076 -0.09405708 -0.05619049  0.98684311
17 25 32 151339 -0.08967972 -0.06226349  0.99269295
17 25 32 209878 -0.08684921 -0.05926704  0.9932785 
17 25 32 277118 -0.08955383 -0.06097984  0.99061394
17 25 32 317868 -0.09013176 -0.05858421  0.99311066
17 25 32 371151 -0.09103012 -0.06254387  0.99305725
17 25 32 433638 -0.08772469 -0.06199837  0.99483299
17 25 32 475398 -0.08998489 -0.06023979  0.99314308
17 25 32 510348 -0.09326363 -0.06240654  0.99150467
17 25 32 568834 -0.09372139 -0.06567764  0.99635887
17 25 32 609526 -0.09407997 -0.0598011   0.9960556 
17 25 32 651750 -0.09525108 -0.0688839  -7.24952316
17 25 32 701014 -0.09414482 -0.06594658  0.9862709 
17 25 32 752326 -0.09381485 -0.06791496  0.99511337
17 25 32 801904 -0.09135818 -0.06768227  0.99177933
17 25 32 850414 -0.09020233 -0.06494331  0.99030113
17 25 32 902419 -0.08955002 -0.06329155  0.99009705
17 25 32 953263 -0.09353828 -0.07464409  0.99402046
17 25 33 3384 -0.09715462 -0.06893158  0.98999405
17 25 33 55082 -0.09548759 -0.06881332  0.99453163
17 25 33 101752 -0.09223557 -0.06554222  0.98600197
17 25 33 153163 -0.0930748  -0.06666565  0.99618912
17 25 33 200215 -0.09314728 -0.06426811  0.99505234
17 25 33 251446 -0.09084702 -0.06780624  0.99520302
17 25 33 301377 -0.09415627 -0.0713501   0.99969101
17 25 33 352796 -0.092556   -0.06806564  0.99976158
17 25 33 402212 -0.08937454 -0.07039642  0.99836349
17 25 33 450794 -0.09394455 -0.064291    0.9877491 
17 25 33 502516 -0.09465408 -0.06808472  0.99600983
17 25 33 551690 -0.09326172 -0.06435394  0.99626541
17 25 33 603469 -0.09078217 -0.06525421  0.99814606
17 25 33 652295 -0.09173775 -0.06903076  0.99229813
17 25 33 702392 -0.09030724 -0.06381607  0.9932251 
17 25 33 751101 -0.08922577 -0.06377411  0.99336433
17 25 33 800785 -0.09316635 -0.06486702  0.98892212
17 25 33 851316 -0.09289169 -0.0606842   0.99535942
17 25 33 901717 -0.09203339 -0.06669426  0.99462891
17 25 33 953122 -0.09279442 -0.06212616  0.9958725 
17 25 34 26297 -0.09013557 -0.06127739  0.99393654
17 25 34 89373 -0.09170914 -0.05907822  0.99327278
17 25 34 139227 -0.09112167 -0.05925941  1.00046158
17 25 34 177800 -0.09349442 -0.06260872  0.9906559 
17 25 34 223935 -0.0938549  -0.05801773  0.98897743
17 25 34 253533 -0.09554291 -0.06156158  0.99480629
17 25 34 299523 -0.09133339 -0.06924057  0.99642754
17 25 34 351419 -0.09515572 -0.06385422  0.99541664
17 25 34 403453 -0.09277916 -0.0632019   0.99235725
17 25 34 452622 -0.08953857 -0.06413269  0.99499321
17 25 34 500597 -0.09123802 -0.06289673  0.99179649
17 25 34 552549 -0.09308815 -0.06674385  0.99017715
17 25 34 602264 -0.08960915 -0.06176186  0.99169922
17 25 34 650684 -0.09458351 -0.06508064  0.99073601
17 25 34 702223 -0.08939552 -0.0684948   0.99318695
17 25 34 775426 -0.09400368 -0.06199265  0.99388885
17 25 34 824138 -0.0958271  -0.06453705  0.99263191
17 25 34 875179 -0.09172058 -0.06123924  0.99172592
17 25 34 921503 -0.0938797  -0.06551743  0.99482536
17 25 34 950995 -0.09442139 -0.06750679  0.99506378
17 25 35 142 -0.08867073 -0.06455421  0.99402618
17 25 35 61594 -0.09010696 -0.06594086  0.99788094
17 25 35 103326 -0.09472847 -0.06761551  0.994133  
17 25 35 155743 -0.09135246 -0.06437683  0.99338913
17 25 35 201865 -0.09324074 -0.06569672  0.98961258
17 25 35 249600 -0.08993721 -0.06383133  0.99355125
17 25 35 334190 -0.09282494 -0.06565094  0.99216843
17 25 35 351204 -0.09140778 -0.07240486  0.99659157
17 25 35 403459 -0.09101105 -0.06934547  0.99537659
17 25 35 452671 -0.09068108 -0.06865692  0.9924202 
17 25 35 499316 -0.08869934 -0.06311798  0.99266815
17 25 35 550737 -0.09404373 -0.06635666  0.99330521
17 25 35 601073 -0.09048271 -0.07071877  0.99034119
17 25 35 651793 -0.09422493 -0.07118797  0.99430847
17 25 35 700928 -0.08874512 -0.06634521  0.99549294
17 25 35 752966 -0.0909481  -0.06075668  0.99483299
17 25 35 801871 -0.0890007  -0.06728172  0.9977684 
17 25 35 850845 -0.0904007  -0.06614685  0.99495888
17 25 35 908905 -0.09253502 -0.06672478  0.99813843
17 25 35 951870 -0.09044838 -0.06612587  0.99542999
17 25 36 23488 -0.09199524 -0.06888008  0.99753189
17 25 36 65489 -0.09248161 -0.06437492  0.99556732
17 25 36 121001 -0.09021378 -0.06613731  0.99352264
17 25 36 174269 -0.09295845 -0.07029343  0.99790573
17 25 36 221133 -0.09131432 -0.0663681   0.99551582
17 25 36 259282 -0.0879097  -0.06073189  0.99470329
17 25 36 301615 -0.09102058 -0.06492424  0.99218941
17 25 36 352715 -0.08947754 -0.06823158  0.99370766
17 25 36 402305 -0.09079361 -0.06857109  0.9942627 
17 25 36 451463 -0.09189606 -0.06574821  0.99401855
17 25 36 502446 -0.09273529 -0.06888008  0.98976326
17 25 36 551510 -0.09199905 -0.06672478  0.99483109
17 25 36 604319 -0.09196091 -0.06412506  0.99362755
17 25 36 653156 -0.09352684 -0.06272697  0.99205589
17 25 36 704473 -0.08862114 -0.06698227  0.99389839
17 25 36 751089 -0.09428024 -0.06270409  0.99754143
17 25 36 800111 -0.09340668 -0.06468391  0.99712181
17 25 36 851705 -0.09310722 -0.06595993  0.99471092
17 25 36 901197 -0.09582138 -0.06225014  0.99964714
17 25 36 953327 -0.09215736 -0.06452179  0.99289703
17 25 37 2398 -0.09407616 -0.06450844  0.99452782
17 25 37 54249 -0.09272957 -0.06461906  1.00049782
17 25 37 136602 -0.09291649 -0.06429672  0.99478531
17 25 37 176134 -0.09314728 -0.06262589  0.99065399
17 25 37 240131 -0.08577728 -0.06521606  0.99090385
17 25 37 265393 -0.09296799 -0.06188011  0.9984436 
17 25 37 299549 -0.09203911 -0.06487846  0.99203682
17 25 37 351555 -0.09209251 -0.06884003  0.99542236
17 25 37 400181 -0.08874512 -0.06653595  0.99005508
17 25 37 455242 -0.09295464 -0.05966949  0.99059105
17 25 37 517266 -0.09086418 -0.06678772  0.99371719
17 25 37 553459 -0.09183693 -0.06457329  0.99417496
17 25 37 602131 -0.08948708 -0.06530952  0.99006653
17 25 37 651349 -0.09035492 -0.06170273  0.99135399
17 25 37 702700 -0.08919144 -0.06276703  0.99198151
17 25 37 752128 -0.09087944 -0.05806541  0.99225616
17 25 37 804375 -0.09191895 -0.06222916  0.99155617
17 25 37 852472 -0.08862877 -0.06357765  0.98975945
17 25 37 899790 -0.09353447 -0.06627274  0.9930439 
17 25 37 951126 -0.09241676 -0.0648365   0.98713493
17 25 38 1114 -0.09395027 -0.0684967   0.99272346
17 25 38 63806 -0.0951786  -0.06594658  0.99197006
17 25 38 99419 -0.0924778  -0.06534958  0.99467659
17 25 38 151950 -0.09152412 -0.06429863  0.9936924 
17 25 38 201306 -0.08938217 -0.06491661  0.99114037
17 25 38 250098 -0.09074211 -0.0660553   0.99288559
17 25 38 302850 -0.0892601  -0.06760788  0.98723412
17 25 38 352454 -0.09261322 -0.06432533  0.99032974
17 25 38 402801 -0.09225273 -0.06514549  0.99712181
17 25 38 455625 -0.09063339 -0.06858826  0.99369621
17 25 38 500138 -0.09218979 -0.06228065  0.99668884
17 25 38 551262 -0.09194946 -0.06782913  0.99542427
17 25 38 600851 -0.08984947 -0.06532288  0.99466705
17 25 38 652316 -0.09440041 -0.06413651  0.99785233
17 25 38 701477 -0.0909996  -0.06738853  0.99534798
17 25 38 753130 -0.09342194 -0.06646919  0.9966011 
17 25 38 804542 -0.09104538 -0.06256676  0.99334145
17 25 38 860707 -0.09194946 -0.06732559  0.99654007
17 25 38 922320 -0.09397316 -0.06493568  0.99425888
17 25 38 974021 -0.0911808  -0.0683918   0.99841499
17 25 39 7008 -0.09289551 -0.06418991  0.9976387 
17 25 39 55576  -0.08937263  -0.06345749 -13.62491226
17 25 39 101835 -0.04776955 -0.0592556   0.99812698
17 25 39 153959 -0.04931259 -0.0654583   0.99178505
17 25 39 199830 -0.048172   -0.06027222  0.99236298
17 25 39 252117 -0.04469299 -0.05835915  0.99117279
17 25 39 301703 -0.0461998  -0.05612373  0.99036026
17 25 39 375457 -0.04515457 -0.06143761  0.99119759
17 25 39 400989 -0.04562187 -0.05989456  0.99170303
17 25 39 450943 -0.04050255 -0.05630302  0.99796677
17 25 39 507514 -0.03989029 -0.05831718  0.99468231
17 25 39 551089 -0.04392624 -0.05587578  0.99202156
17 25 39 603837 -0.03839111 -0.05589676  1.0010891 
17 25 39 651711 -0.03221321 -0.05749702  0.9987812 
17 25 39 700285 -0.03642845 -0.05550003  0.99921036
17 25 39 769174 -0.03785133 -0.06204033  0.99653244
17 25 39 820533 -0.03528404 -0.05801392  1.00079536
17 25 39 863309 -0.03535271 -0.06387329  0.99869156
17 25 39 921072 -0.03103256 -0.05984306  0.99329758
17 25 39 971585 -0.03059769 -0.06083488  0.9977417 
17 25 40 20850 -0.03068352 -0.05904961  1.00105667
17 25 40 78279 -0.02596474 -0.06156921  1.00043869
17 25 40 135080 -0.03220367 -0.06118011  0.99889755
17 25 40 169524 -0.02900887 -0.05788612  1.00152397
17 25 40 207591 -0.02740097 -0.05895233  1.00056076
17 25 40 251619 -0.02647209 -0.05294609  1.00089073
17 25 40 300357 -0.02549934 -0.05971527  0.99710274
17 25 40 351063 -0.02634048 -0.05170822  0.99904442
17 25 40 402973 -0.02351952 -0.05483818  0.99686623
17 25 40 451407 -0.02627563 -0.0585804   1.00015831
17 25 40 504926 -0.02362823 -0.05923843  0.99422264
17 25 40 553197 -0.02393723 -0.06237411  1.00248146
17 25 40 603121 -0.01905251 -0.06337357  0.99936485
17 25 40 651737 -0.01962471 -0.0629673   0.9997673 
17 25 40 702498 -0.01695824 -0.06447792  0.99765205
17 25 40 770406 -0.01600456 -0.06143188  0.99690247
17 25 40 821458 -0.0102253  -0.05648994  0.99603462
17 25 40 873355 -0.01063919 -0.05932617  1.00049591
17 25 40 920060 -0.01092911 -0.05774689  0.99975014
17 25 40 951442 -0.0162735  -0.06203461  0.99956703
17 25 41 374 -0.00944901 -0.06044388  0.99952507
17 25 41 63300 -0.01142311 -0.06056404  0.99801445
17 25 41 99423 -0.00959206 -0.06124306  0.99521446
17 25 41 151905 -0.00613785 -0.0587101   0.99524689
17 25 41 202412 -0.00660324 -0.0592556   0.99406624
17 25 41 251092 -0.00689697 -0.05856133  0.99867249
17 25 41 303870 -0.00473213 -0.06342697  1.00085068
17 25 41 351779 -0.00681686 -0.06289864  0.99542618
17 25 41 414930 -0.00430489 -0.05973244  0.99107933
17 25 41 474999  7.11441040e-04 -6.02970123e-02  9.94096756e-01
17 25 41 527441 -0.00181007 -0.059515    0.99937057
17 25 41 569393 -6.79016113e-04 -5.72471619e-02  1.00355911e+00
17 25 41 600864  0.00263786 -0.06118965  0.99313927
17 25 41 651894 -0.01197624 -0.06490707  0.99761772
17 25 41 700907  0.00391769 -0.05400467  1.00003624
17 25 41 763970  0.01401329 -0.05268288  1.00130272
17 25 41 825078  0.0114975  -0.05740547  0.9969101 
17 25 41 876832  0.00588417 -0.05792999  1.00243187
17 25 41 918381  0.01000214 -0.06123161  0.99590302
17 25 41 971184 -0.00536919 -0.06274223  0.99932671
17 25 42 23290  2.00271606e-04 -5.64270020e-02  1.00518799e+00
17 25 42 74106  0.01449394 -0.05739021  1.00344276
17 25 42 119109  0.00650406 -0.05723     1.00199699
17 25 42 154010  0.01027679 -0.05278397  0.99462891
17 25 42 200268  0.00905418 -0.05054283  0.99642181
17 25 42 252681  0.01066971 -0.05465126  1.00864983
17 25 42 322085  0.01478958 -0.05342484  0.99954605
17 25 42 370833  0.01916122 -0.05257607  0.99914169
17 25 42 426538  0.0178566  -0.05797577  1.00364685
17 25 42 471291  0.02189827 -0.05289459  0.9941082 
17 25 42 522808  0.02403641 -0.05801964  0.99669266
17 25 42 551862  0.01622391 -0.06411171  1.00233841
17 25 42 608796  0.01766968 -0.06003189  0.99838829
17 25 42 676598  0.03635788 -0.04571342  0.99312401
17 25 42 718367  0.02466011 -0.06155968  0.99505424
17 25 42 751561  0.01933289 -0.05306053  0.98729897
17 25 42 801499  0.02369308 -0.05381966  0.99034309
17 25 42 852048  0.01915741 -0.04970932  0.99176788
17 25 42 901385  0.01994514 -0.05289841  0.99884033
17 25 42 952136  0.02732277 -0.05275536  0.98955727
17 25 43 17314  0.02469635 -0.05737305  0.98906517
17 25 43 77892  0.02616882 -0.0549736   0.99534988
17 25 43 125245  0.03325844 -0.05035782  1.00171471
17 25 43 164651  0.02766037 -0.05089188  0.99695206
17 25 43 203330  0.02907753 -0.06353188  1.00282288
17 25 43 252501  0.03485489 -0.05082703  0.9976368 
17 25 43 300526  0.03609276 -0.05866051  0.99950218
17 25 43 350763  0.0329895  -0.06270218  0.99651527
17 25 43 400661  0.04417419 -0.05432892  0.99978447
17 25 43 451487  0.03809357 -0.05533028  1.0123558 
17 25 43 501013  0.03466415 -0.05373192  0.99641609
17 25 43 552450  0.03271675 -0.05058479  0.99411774
17 25 43 603151  0.037117   -0.05568695  0.9992485 
17 25 43 650528  0.03813934 -0.05636597  1.00513077
17 25 43 723300  0.04615211 -0.05431366  1.00312424
17 25 43 752868  0.04143906 -0.05606461  1.00590324
17 25 43 803411  0.03696823 -0.05860329  1.01039314
17 25 43 852290  0.03973007 -0.05802727  1.00049591
17 25 43 901879  0.03859138 -0.05571747  1.00066185
17 25 43 950771  0.04633331 -0.05741119  0.9990654 
17 25 44 769  0.04450226 -0.05503082  1.00601959
17 25 44 63523  0.04211617 -0.05952454  1.00121689
17 25 44 99295  0.04785919 -0.0626049   0.99751663
17 25 44 152036  0.04754257 -0.05507088  0.99585915
17 25 44 201725  0.05062103 -0.06074333  1.00001526
17 25 44 249467  0.04710007 -0.05996513  0.99798775
17 25 44 301568  0.0492115  -0.05770683  0.9979496 
17 25 44 352373  0.0524292  -0.05613899  0.99328804
17 25 44 424672  0.04879761 -0.05703735  1.00226402
17 25 44 473667  0.05221748 -0.05825806  0.99376297
17 25 44 505419  0.05065536 -0.05883217  0.99441719
17 25 44 551119  0.0543232  -0.05713081  0.99744225
17 25 44 600651  0.05574226 -0.05139542  0.99466324
17 25 44 651709  0.05783463 -0.05551338  0.99769783
17 25 44 701138  0.0604248  -0.05693817  0.99469185
17 25 44 753434  0.05993271 -0.05646324  0.9954319 
17 25 44 802643  0.05891037 -0.05636406  1.00065231
17 25 44 872066  0.05270958 -0.0546627   1.00050735
17 25 44 904161  2.34603882e-04  7.12478256e+00 -4.96145248e-01
17 25 44 952147  0.05934715 -0.05345345  1.00248337
17 25 45 3788  0.0609436  -0.05507851  1.00115204
17 25 45 55768 2.46047974e-04 3.87477684e+00 2.87888718e+00
17 25 45 101781  0.06130409 -0.05935478  1.00329781
17 25 45 153894  0.06429863 -0.06022644  1.00214195
17 25 45 208844  0.06615257 -0.05562973  0.88016319
17 25 45 252074  0.08351517 -0.05541039  1.00628281
17 25 45 301678  0.08655167 -0.05278969  1.00396347
17 25 45 352612  0.09238434 -0.05454636  0.99733543
17 25 45 420994  0.08981705 -0.0564518   0.99447441
17 25 45 469540  0.09220314 -0.05932236  0.99773216
17 25 45 529002  0.08784485 -0.05484581  0.99460793
17 25 45 574371  0.0893383  -0.05666542  0.99340439
17 25 45 622784  0.09269142 -0.05988312  0.99131393
17 25 45 652662  0.09335518 -0.05513191  0.99067497
17 25 45 699385  0.0934124  -0.05412102  0.98493385
17 25 45 751441  0.09278679 -0.05686378  0.98844719
17 25 45 801692  0.08997536 -0.05224228  0.98829651
17 25 45 851684  0.09427071 -0.0521965   0.98366547
17 25 45 901002  0.08447266 -0.05171204  0.98692131
17 25 45 953318  0.08774376 -0.05403328  0.99069405
17 25 46 3312  0.09204483 -0.04974556  0.99129295
17 25 46 59921  0.09219933 -0.04694176  0.98536873
17 25 46 121097  0.09319687 -0.04897118  0.98069763
17 25 46 162782  0.08999634 -0.04917717  0.98739433
17 25 46 203326  0.09152603 -0.04749298  0.99321175
17 25 46 251768  0.09041023 -0.05255127  0.99253082
17 25 46 299398  0.09426689 -0.05273247  0.98130226
17 25 46 351307  0.09435272 -0.05624962  0.98833275
17 25 46 400980  0.09349442 -0.0569191   0.99047661
17 25 46 452835  0.09314728 -0.05826759  0.98889351
17 25 46 501529  0.09346199 -0.05229759  0.99565315
17 25 46 552748  0.0888958  -0.05490494  0.99542618
17 25 46 602406  0.0926857  -0.06042862  0.9974823 
17 25 46 651533  0.09134483 -0.05702209  0.99956512
17 25 46 703948  0.09394836 -0.05886269  1.00657654
17 25 46 755010  0.0916729  -0.05611229  1.01099014
17 25 46 808627  0.09063339 -0.05498505  1.01107216
17 25 46 852659  0.09478378 -0.04545212  1.00229645
17 25 46 899595  0.09661674 -0.05398941  1.0005188 
17 25 46 951680  0.09584236 -0.0475235   0.99674797
17 25 47 1266  0.0965519  -0.04802513  1.0037632 
17 25 47 63221  0.09397316 -0.04310417  1.00473595
17 25 47 101845  0.09808731 -0.05039978  1.00149918
17 25 47 151620  0.09928322 -0.04806519  0.99577141
17 25 47 201779  0.09518051 -0.05176926  0.99568748
17 25 47 250272  0.09540939 -0.05074501  0.99459076
17 25 47 303218  0.09381866 -0.05496025  0.99421501
17 25 47 352162  0.08966064 -0.05562401  0.9871006 
17 25 47 404489  0.09202385 -0.05968285  0.98921394
17 25 47 452999  0.09441185 -0.05426025  0.98608017
17 25 47 512613  0.08870697 -0.05745316  0.99440002
17 25 47 562190  0.09114838 -0.05539894  0.9848175 
17 25 47 626558  0.09075928 -0.05503082  0.97864914
17 25 47 663781  0.09282875 -0.04686165  0.97883415
17 25 47 720271  0.09126854 -0.04287148  0.98827934
17 25 47 765973  0.09481239 -0.05333328  0.98249054
17 25 47 822476  0.08939552 -0.05182266  0.99071693
17 25 47 870579  0.09165192 -0.04897118  0.99235535
17 25 47 942845  0.09607506 -0.04943657  0.99417305
17 25 48 2302  0.09522629 -0.04948425  0.99233055
17 25 48 42557  0.09225273 -0.04852295  0.99280548
17 25 48 75561  0.09342766 -0.05520248  0.99444962
17 25 48 102351  0.09429741 -0.0587368   0.99354553
17 25 48 152693  0.08979416 -0.05651093  1.00158501
17 25 48 201680  0.09028435 -0.0559864   0.99836349
17 25 48 256433  0.0967617  -0.05923653  1.0028286 
17 25 48 301351  0.09633064 -0.05488586  1.00557137
17 25 48 353293  0.09669876 -0.05796242  0.99968719
17 25 48 401734  0.095644   -0.05595589  0.99573135
17 25 48 451741  0.09209251 -0.05543327  1.00465012
17 25 48 504626  0.09207344 -0.0568161   1.00128555
17 25 48 552228  0.09053802 -0.05613708  1.00809479
17 25 48 604251  0.09521103 -0.05191422  0.99888611
17 25 48 659034  0.08985901 -0.05222511  1.00211716
17 25 48 719847  0.09653282 -0.04295158  0.99389458
17 25 48 751467  0.09724426 -0.04738235  0.98327255
17 25 48 800556  0.09148788 -0.03975487  0.98452187
17 25 48 852326  0.08798409 -0.05327606  0.99976349
17 25 48 901975  0.09497452 -0.05597878  0.99024582
17 25 48 952756  0.08788872 -0.05426216  0.9853878 
17 25 49 1510  0.09361649 -0.05196762  0.98768425
17 25 49 58912  0.09263039 -0.05440331  0.98183441
17 25 49 105276  0.08568954 -0.05486488  0.98137856
17 25 49 151435  0.08478928 -0.05894661  0.97787857
17 25 49 202990  0.08879089 -0.05397987  0.97514343
17 25 49 251789  0.09459877 -0.05534554  0.97715569
17 25 49 300749  0.08951378 -0.05643654  0.98515129
17 25 49 351377  0.09157372 -0.05120468  0.98924446
17 25 49 400637  0.09033394 -0.0478878   0.98431015
17 25 49 452221  0.09296989 -0.05140877  0.98999023
17 25 49 501601  0.09449577 -0.05582809  0.98921394
17 25 49 552858  0.09043503 -0.05351067  0.98154449
17 25 49 602403  0.09419823 -0.06020355  0.98610306
17 25 49 651644  0.09259033 -0.05732727  0.99668121
17 25 49 703291  0.09130287 -0.06071281  0.99183464
17 25 49 751501  0.09212303 -0.05600548  0.99247742
17 25 49 804320  0.09320831 -0.06144333  0.99264336
17 25 49 857125  0.09167862 -0.06086731  0.99687767
17 25 49 899976  0.08349228 -0.05828094  1.00294113
17 25 49 951193  0.08640671 -0.05811691  0.99471092
17 25 50 937  0.08530235 -0.05722237  0.99962807
17 25 50 74328  0.08584213 -0.05411339  0.99761963
17 25 50 117919  0.08653831 -0.05239677  0.98869324
17 25 50 152226  0.08561134 -0.04734993  0.9932518 
17 25 50 201594  0.07831192 -0.05422974  1.00431824
17 25 50 250419  0.08007622 -0.04548836  1.00647926
17 25 50 303715  0.07761955 -0.05011177  1.00062943
17 25 50 352735  0.08419418 -0.04617119  0.99823761
17 25 50 404223  0.08815193 -0.04814911  1.00632095
17 25 50 452349  0.08330917 -0.04842758  1.00228882
17 25 50 500263  0.08782387 -0.05069542  1.00221634
17 25 50 551606  0.08457184 -0.05022621  1.00492477
17 25 50 601016  0.08095932 -0.05348969  1.00575829
17 25 50 651981  0.08640862 -0.05433273  1.00289726
17 25 50 701742  0.08933258 -0.05203819  0.98853683
17 25 50 753362  0.08213806 -0.06217003  0.99799919
17 25 50 801718  0.08074379 -0.05229187  1.00770378
17 25 50 854494  0.08611488 -0.05464172  0.99417114
17 25 50 901893  0.08171082 -0.05271339  0.98308754
17 25 50 952945  0.08389854 -0.05634689  0.99705696
17 25 51 3138  0.07463837 -0.05855179  0.99680328
17 25 51 55603  3.08990479e-04  1.02497692e+01 -3.49610710e+00
17 25 51 101761  0.08786774 -0.05070496  0.98872757
17 25 51 152748  0.07706833 -0.04914665  0.99990845
17 25 51 201507   0.08122063  -0.0502739  -13.62494087
17 25 51 254673  0.08293724 -0.05610466  1.00540543
17 25 51 301895  0.08041954 -0.0526104   1.00122833
17 25 51 353190  0.08044052 -0.05029488  1.0073719 
17 25 51 401159  0.07926369 -0.05038643  0.99549866
17 25 51 450580  0.08087349 -0.05202675  0.9983139 
17 25 51 502258  0.0825901  -0.05132294  0.99988937
17 25 51 551048  0.07352448 -0.05094337  1.00205231
17 25 51 604065  0.08132172 -0.04802132  1.00546646
17 25 51 651909  0.08323479 -0.04957771  0.99816513
17 25 51 699896  0.08089256 -0.04915428  1.00065422
17 25 51 751338  0.08424568 -0.04344559  1.00423813
17 25 51 801631  0.08533478 -0.05555153  1.00121498
17 25 51 871823  0.08523369 -0.04426765  0.99356842
17 25 51 915926  0.07980156 -0.04619598  0.99140739
17 25 51 967858  0.07969093 -0.04779053  0.98859787
17 25 52 20787  0.08024216 -0.04774857  0.98047066
17 25 52 61183  0.08317757 -0.04563522  0.97687912
17 25 52 105972  0.07893181 -0.04575729  0.97847748
17 25 52 152033  0.0813179  -0.04751778  0.98537254
17 25 52 203358  0.0789814  -0.05295563  0.98011208
17 25 52 251207  0.07802773 -0.05400276  0.97935295
17 25 52 299996  0.07564926 -0.05549812  0.98121071
17 25 52 351769  0.07471848 -0.05558777  0.98226357
17 25 52 401265  0.08094788 -0.06009102  0.98248672
17 25 52 451516  0.0803318  -0.05587006  0.9838829 
17 25 52 500852  0.07650375 -0.06219101  0.98718452
17 25 52 569434  0.08091736 -0.05070877  0.98620224
17 25 52 620725  0.0809536  -0.04801559  0.99092102
17 25 52 651089  0.07853508 -0.05286026  0.99449921
17 25 52 703172  0.08422661 -0.05460739  0.99078751
17 25 52 751646  0.08285332 -0.04914856  1.00314903
17 25 52 803899  0.08196068 -0.05175972  0.99492455
17 25 52 852854  0.07853317 -0.05168533  1.00038528
17 25 52 900776  0.07870102 -0.05269814  1.00177956
17 25 52 951542  0.07666016 -0.05386925  1.00585556
17 25 53 284  0.07712746 -0.05261803  1.0107708 
17 25 53 62954  0.0776062  -0.06141281  1.00918961
17 25 53 104006  0.07814217 -0.0572319   1.00151443
17 25 53 155705  0.07783127 -0.0592556   1.00246429
17 25 53 202356  0.07739067 -0.05822563  1.00272751
17 25 53 251849  0.07413673 -0.06177521  1.00702286
17 25 53 303856  0.07530212 -0.06075287  0.99931908
17 25 53 351836  0.07818985 -0.06273842  1.00000763
17 25 53 406302  0.07652473 -0.05750084  0.99985123
17 25 53 452406  0.07847023 -0.05557251  0.9995079 
17 25 53 500387  0.07932663 -0.06061935  0.99404907
17 25 53 552439  0.07740593 -0.04965401  0.99824715
17 25 53 601122  0.07834625 -0.05610085  0.99764252
17 25 53 652185  0.07515526 -0.04988289  0.98749161
17 25 53 702975  0.07555962 -0.04989815  0.99180412
17 25 53 753802  0.07447433 -0.05148315  0.99661636
17 25 53 802298  0.07757759 -0.05084229  0.99853325
17 25 53 850830  0.07390594 -0.05192375  0.99069786
17 25 53 902544  0.07047272 -0.05585861  0.99555397
17 25 53 961013  0.07130623 -0.05160332  0.99438858
17 25 54 13873  0.07645988 -0.05246353  0.99488449
17 25 54 58754  0.07356834 -0.05710983  0.99377251
17 25 54 102219  0.07127953 -0.04978752  0.98920822
17 25 54 152891  0.07350349 -0.05089188  0.99031258
17 25 54 201526  0.07171822 -0.05450249  0.98965263
17 25 54 254001  0.06872559 -0.0544529   0.98855972
17 25 54 300909  0.07064629 -0.05356216  0.99596977
17 25 54 362157  0.07297134 -0.05233574  1.00234032
17 25 54 408599  0.07946205 -0.04740143  0.99997139
17 25 54 450560  0.0813694  -0.05299187  1.00515556
17 25 54 503912  0.08295631 -0.05213737  1.00466156
17 25 54 551235  0.08476067 -0.05194855  1.01160049
17 25 54 603751  0.08584404 -0.04703712  0.99875641
17 25 54 664722  0.08064842 -0.054636    1.00279427
17 25 54 720122  0.08174896 -0.05073547  1.01047707
17 25 54 756400  0.07820129 -0.04855347  1.00402641
17 25 54 801004  0.07563972 -0.04921913  0.99328041
17 25 54 852427  0.07621956 -0.05067444  0.99301338
17 25 54 900738  0.07377625 -0.05272484  1.00002861
17 25 54 952755  0.07503319 -0.0572567   0.98818398
17 25 55 1590  0.07102203 -0.05117226  0.98970604
17 25 55 61773  0.0712719  -0.05739212  0.99020195
17 25 55 105166  0.07463074 -0.05376816  0.99208069
17 25 55 151487  0.07554817 -0.05462074  0.99292946
17 25 55 209906  0.07599068 -0.05746651  0.99129105
17 25 55 252249  0.0755024  -0.06270027  0.99191475
17 25 55 299377  0.07335091 -0.05716324  0.98057938
17 25 55 375309  0.0782795  -0.05694008  0.98620605
17 25 55 422080  0.07478905 -0.04947281  0.9869442 
17 25 55 464957  0.0737896  -0.05510521  0.98453712
17 25 55 525172  0.07745361 -0.05306244  0.98973465
17 25 55 567941  0.07272911 -0.05531883  0.98912239
17 25 55 601742  0.07348251 -0.05327797  0.99033356
17 25 55 652032  0.07503128 -0.05850983  0.99209595
17 25 55 702449  0.07929611 -0.06144714  0.99897766
17 25 55 752381  0.07149696 -0.05521011  0.99523163
17 25 55 803269  0.078125   -0.05924797  0.99782562
17 25 55 852063  0.07661819 -0.05873108  1.00128746
17 25 55 899879  0.07318115 -0.05666733  0.99748611
17 25 55 952016  0.07583618 -0.06175804  0.99556351
17 25 55 999592  0.07663155 -0.05871201  1.00278854
17 25 56 63032  0.07209396 -0.06226921  0.99947739
17 25 56 99086  0.07237625 -0.05984879  0.99785233
17 25 56 165980  0.07714653 -0.05372238  1.00092125
17 25 56 219040  0.07326126 -0.05570793  1.00420952
17 25 56 251636  0.07652283 -0.05749702  1.00606918
17 25 56 305291  0.07393837 -0.05397606  1.00405693
17 25 56 351424  0.07170868 -0.0449543   0.99579811
17 25 56 403262  0.07592392 -0.05111504  0.99867439
17 25 56 453553  0.07199287 -0.05438995  0.99976158
17 25 56 499658  0.07125664 -0.05763626  0.99736595
17 25 56 551011  0.07664871 -0.05761337  0.99629211
17 25 56 600784  0.07445908 -0.05308342  0.99903679
17 25 56 658225  0.0721283  -0.05536461  0.99579811
17 25 56 727953  0.06616592 -0.05186844  0.99360466
17 25 56 764772  0.07318497 -0.05316925  0.99719048
17 25 56 802029  0.07031631 -0.05591774  0.99332237
17 25 56 850667  0.07375145 -0.05745888  0.99148369
17 25 56 911561  0.06477165 -0.0526619   0.99225616
17 25 56 954894  0.07265663 -0.05612373  0.99723816
17 25 57 3749  0.07879066 -0.05542183  0.99505806
17 25 57 55419  2.91824341e-04 -5.75021935e+00  1.23788872e+01
17 25 57 101136  0.08136559 -0.05306435  0.99988937
17 25 57 187617  0.08342934 -0.0504055   1.00060654
17 25 57 235026   0.07925224  -0.04734421 -13.62499619
17 25 57 270316  0.06980515 -0.06213379  0.99751282
17 25 57 316577  0.07103157 -0.05988693  0.99953842
17 25 57 356168  0.06822395 -0.05150414  0.99275017
