17 25 26 77393 -0.00060415 -0.00064564 -0.00015116
17 25 26 79678 -0.00073099 -0.00046492  0.0001092 
17 25 26 102835 -0.00063229 -0.00020599 -0.00019598
17 25 26 153895 -0.00095129 -0.00042725 -0.00029373
17 25 26 201455 -0.00098181 -0.00015545 -0.00041008
17 25 26 250555 -8.78810883e-04 -7.96318054e-05  2.28881836e-05
17 25 26 310420 -1.44052505e-03 -3.43322754e-05 -4.09126282e-04
17 25 26 351891 -0.00150537  0.00018692 -0.00084352
17 25 26 403098 -0.00133228  0.00066614 -0.00062656
17 25 26 452502 -0.00145054  0.0002532  -0.00054741
17 25 26 499526 -0.00143719  0.00046921 -0.00076151
17 25 26 550391 -0.00205326  0.00030708 -0.00083733
17 25 26 599242 -0.00187826  0.00059319 -0.00047207
17 25 26 653592 -0.00199461  0.00012493 -0.00110483
17 25 26 700437 -0.00252438  0.0005126  -0.00066471
17 25 26 772050 -1.84917450e-03  3.14712524e-05 -7.78675079e-04
17 25 26 801201 -0.00219727  0.00010681 -0.00067139
17 25 26 850370 -2.39753723e-03  8.58306885e-05 -4.55856323e-04
17 25 26 902550 -0.00224495 -0.0002141  -0.00058651
17 25 26 953140 -2.54154205e-03  3.91006470e-05 -9.27448273e-04
17 25 27 3626 -0.00212955  0.00013399 -0.00070238
17 25 27 55145 -1.50442123e-03 -7.43865967e-05 -6.00814819e-04
17 25 27 101876 -1.79624557e-03 -4.10079956e-05 -3.78608704e-04
17 25 27 152900 -0.00148726 -0.00022507 -0.00015545
17 25 27 200197 -1.31320953e-03 -7.15255737e-05 -3.33786011e-06
17 25 27 251296 -0.00135469  0.00038719 -0.00041533
17 25 27 300697 -1.10816956e-03 -3.81469727e-05 -2.47955322e-04
17 25 27 352286 -9.98020172e-04 -3.93867493e-04 -2.09808350e-05
17 25 27 401360 -2.95639038e-05 -1.53064728e-04 -5.05447388e-05
17 25 27 450852 -5.80310822e-04 -9.39369202e-05 -1.28746033e-04
17 25 27 502549  0.00012493 -0.0003233  -0.00013733
17 25 27 551157  2.05039978e-05 -5.07831573e-04  1.74045563e-04
17 25 27 605558 -9.87052917e-05 -1.02996826e-04  1.69754028e-04
17 25 27 652961  0.00024366 -0.00042772  0.00041008
17 25 27 698822  5.51223755e-04 -4.91142273e-05 -4.91142273e-05
17 25 27 750200  0.00056314 -0.00032139  0.0002017 
17 25 27 800463  3.49998474e-04 -2.81333923e-04 -9.34600830e-05
17 25 27 851215  5.77449799e-04 -1.81198120e-05  1.16348267e-04
17 25 27 900190  0.00064993 -0.00027895  0.0003624 
17 25 27 952124  0.00068235 -0.00012827  0.00033617
17 25 28 1297 0.00070858 0.00018835 0.0004344 
17 25 28 63359  1.30414963e-03  2.90870667e-05 -9.53674316e-07
17 25 28 107723 1.61170959e-03 1.56879425e-04 1.85966492e-05
17 25 28 152521  0.00174665 -0.00010252  0.00014877
17 25 28 203904 0.00150204 0.00056505 0.00033855
17 25 28 253040 0.00166178 0.00039339 0.0001297 
17 25 28 298976 0.00165558 0.00039482 0.00056314
17 25 28 352370 0.00182486 0.00061417 0.00049019
17 25 28 400706 0.00120258 0.00018263 0.00037432
17 25 28 451873 0.00166464 0.00040674 0.00077534
17 25 28 501693 0.00116301 0.00052881 0.00041962
17 25 28 552650 0.0012641  0.00027418 0.00050068
17 25 28 601988 0.00088692 0.00083494 0.00048971
17 25 28 652074 0.00120687 0.00022125 0.00023222
17 25 28 702499 0.00097036 0.00032806 0.00017643
17 25 28 751418 0.00092697 0.00040007 0.00073624
17 25 28 810347 0.0005188  0.00028944 0.00036716
17 25 28 852784 5.17845154e-04 2.11715698e-04 5.72204590e-06
17 25 28 899222 5.34534454e-04 9.53674316e-07 5.24997711e-04
17 25 28 950749  0.00063324 -0.00015688  0.00015831
17 25 28 999933 -0.00025558 -0.00047398  0.00027275
17 25 29 92105 -0.00022078 -0.00066137  0.00017214
17 25 29 141092 -3.72409821e-04 -1.93595886e-04 -8.77380371e-05
17 25 29 194831 -2.62260437e-05 -4.77790833e-04  8.63075256e-05
17 25 29 250292 -0.00072002 -0.00038195 -0.00033903
17 25 29 303855 -0.00086784 -0.00063038 -0.00037813
17 25 29 343999 -0.00099897 -0.00036097 -0.00035429
17 25 29 386196 -3.77178192e-04 -5.01155853e-04 -6.62803650e-05
17 25 29 429043 -0.00083828 -0.00063515 -0.00050116
17 25 29 453364 -0.00125647 -0.00031996 -0.00051737
17 25 29 500325 -0.0007596  -0.00054312 -0.00010872
17 25 29 551159 -0.0006094  -0.00015259 -0.00062275
17 25 29 599910 -0.00141478 -0.00010586 -0.00090027
17 25 29 651568 -0.00164509 -0.00022316 -0.00046682
17 25 29 701242 -0.00171518 -0.00024557 -0.0005703 
17 25 29 772046 -0.0018487   0.00022697 -0.00101566
17 25 29 830978 -0.00211525  0.00034523 -0.0006752 
17 25 29 876865 -0.00178385  0.00059605 -0.0006938 
17 25 29 921178 -0.00176954  0.00055122 -0.00055408
17 25 29 981443 -0.00154781  0.00088024 -0.0002532 
17 25 30 21740 -0.00144434  0.00068235 -0.00018597
17 25 30 55808 -0.001194    0.00045109 -0.00019836
17 25 30 100679 -0.00093269  0.00030756 -0.00024986
17 25 30 152662 -0.00114727  0.00049353 -0.00038528
17 25 30 200303 -1.45387650e-03  2.14099884e-04 -1.62124634e-05
17 25 30 251281 -0.00121927 -0.0003767  -0.0007    
17 25 30 300928 -0.00117731 -0.00013638  0.00031757
17 25 30 352221 -7.40528107e-04  9.53674316e-05 -5.49316406e-04
17 25 30 401476 -0.00069857 -0.00037718 -0.00015736
17 25 30 450465 -5.86986542e-04 -5.81741333e-04 -2.14576721e-05
17 25 30 507498  0.0003581  -0.00068903  0.00029087
17 25 30 551403  0.00016022 -0.00061178  0.0001688 
17 25 30 602888  2.00271606e-05 -6.03675842e-04  1.39713287e-04
17 25 30 652544  3.61919403e-04 -6.38961792e-04 -4.48226929e-05
17 25 30 699008  2.93254852e-04 -1.17635727e-03  2.67028809e-05
17 25 30 750535 -1.31130219e-04 -5.40733337e-04  9.15527344e-05
17 25 30 800664  1.67369843e-04 -7.08580017e-04  3.09944153e-05
17 25 30 851854  1.23977661e-04 -7.11441040e-04  2.05039978e-05
17 25 30 900976 6.02245331e-04 3.29017639e-05 1.31130219e-04
17 25 30 952421  6.15119934e-04 -5.45978546e-04  3.62396240e-05
17 25 31 12125  0.001194   -0.00014734  0.00018024
17 25 31 85616  1.49583817e-03  3.15189362e-04 -6.67572021e-05
17 25 31 133968 0.00139999 0.00034237 0.00041151
17 25 31 175030 0.00126171 0.00043726 0.00025606
17 25 31 224034 0.00157738 0.00017214 0.00045013
17 25 31 284696 0.00139046 0.00010252 0.00051785
17 25 31 325357 1.35564804e-03 7.15255737e-05 5.57899475e-04
17 25 31 350961 0.001719   0.00024843 0.00047302
17 25 31 400566 0.00158072 0.00039673 0.00038099
17 25 31 453398 0.00087976 0.00067711 0.0001688 
17 25 31 501259 1.12867355e-03 7.87258148e-04 8.29696655e-05
17 25 31 553769 0.00140572 0.00078535 0.00050259
17 25 31 601342 0.00117207 0.00105715 0.00035524
17 25 31 650284 0.00137281 0.00045967 0.00072384
17 25 31 702603 0.00127029 0.00046206 0.00025272
17 25 31 751677 1.36804581e-03 3.14235687e-04 2.24113464e-05
17 25 31 803257 0.00066423 0.00026035 0.00040245
17 25 31 853983 3.48091125e-04 6.15119934e-05 2.62260437e-04
17 25 31 899024  1.71661377e-05  6.03675842e-04 -1.81198120e-04
17 25 31 950439  2.14099884e-04 -5.24520874e-06  2.82764435e-04
17 25 32 2249  0.00035954 -0.00055075  0.0005784 
17 25 32 63352 -0.00030422 -0.00018549  0.00020838
17 25 32 99076 -0.00014734 -0.00063515  0.0003624 
17 25 32 151339  0.00012779 -0.00068092  0.0004468 
17 25 32 209878 -0.00055075 -0.00030661  0.00028229
17 25 32 277118 -9.15527344e-05 -1.04904175e-05 -3.09944153e-05
17 25 32 317868 -0.0002141  -0.00061464 -0.00026941
17 25 32 371151 -0.00015068 -0.00056171  0.00045395
17 25 32 433638 -0.00121689 -0.00023746 -0.00021076
17 25 32 475398 -0.00169611 -0.00035    -0.00048113
17 25 32 510348 -0.0011797  -0.00048018 -0.00069475
17 25 32 568834 -0.00150681 -0.00015688 -0.00061274
17 25 32 609526 -1.49154663e-03 -4.62532043e-05 -3.86238098e-04
17 25 32 651750 -0.00135708 -0.00034571 -0.00077248
17 25 32 701014 -8.20159912e-05  2.57015228e-04 -1.30653381e-04
17 25 32 752326 7.20024109e-05 5.96046448e-05 3.63826752e-04
17 25 32 801904 1.53064728e-04 5.53131104e-05 1.65462494e-04
17 25 32 850414 -7.15255737e-05  2.70843506e-04  2.32219696e-04
17 25 32 902419  0.00047159 -0.00015163  0.00043583
17 25 32 953263  0.00041676 -0.00052738  0.00074625
17 25 33 3384  0.00030041 -0.0001688   0.00032425
17 25 33 55082  0.0003562  -0.00043964  0.00059032
17 25 33 101752  0.00035667 -0.0002594   0.00111437
17 25 33 153163  0.00053072 -0.00032473  0.00097704
17 25 33 200215 0.00061321 0.00010586 0.00095129
17 25 33 251446  6.66618347e-04 -4.10079956e-05  7.00950623e-04
17 25 33 301377  0.00113916 -0.00023413  0.00130129
17 25 33 352796  0.00056028 -0.00025129  0.00031137
17 25 33 402212 0.00106907 0.0003829  0.00099754
17 25 33 450794 0.00127888 0.00017834 0.00073862
17 25 33 502516 0.00116014 0.00015783 0.0004158 
17 25 33 551690 0.00116301 0.00020266 0.0006609 
17 25 33 603469  1.04713440e-03  2.92301178e-04 -4.38690186e-05
17 25 33 652295  0.00065327 -0.00023985  0.00026083
17 25 33 702392 7.83443451e-04 7.48634338e-05 1.85489655e-04
17 25 33 751101 8.68320465e-04 3.09944153e-05 9.15527344e-05
17 25 33 800785  0.00046396 -0.00012159  0.00011301
17 25 33 851316  0.00032377 -0.00057125  0.00031185
17 25 33 901717  0.00053787 -0.00017357  0.00010681
17 25 33 953122  0.00065327 -0.0001893  -0.00047445
17 25 34 26297  0.00071764 -0.00014973 -0.00045776
17 25 34 89373  0.0011878  -0.00036716 -0.00041056
17 25 34 139227  0.00087118 -0.00021935 -0.00034332
17 25 34 177800  0.00086308  0.00022221 -0.00045109
17 25 34 223935  0.00070095  0.00024986 -0.00037861
17 25 34 253533  3.58581543e-04 -1.09672546e-05 -4.01973724e-04
17 25 34 299523  0.00051212  0.0006547  -0.00083542
17 25 34 351419  3.95774841e-05  1.33943558e-03 -5.80310822e-04
17 25 34 403453  2.43186951e-05  5.08785248e-04 -7.67707825e-04
17 25 34 452622 -1.98841095e-04 -8.24928284e-05 -5.71727753e-04
17 25 34 500597 -9.96589661e-05  2.76088715e-04 -5.87940216e-04
17 25 34 552549 -0.00020742  0.0002799  -0.00035238
17 25 34 602264  5.57899475e-05 -4.57763672e-05 -1.85966492e-04
17 25 34 650684 -4.48226929e-05  1.56879425e-04 -1.43051147e-04
17 25 34 702223 -5.78880310e-04  2.09331512e-04 -1.38282776e-05
17 25 34 775426 -0.00085163 -0.00044537 -0.00040627
17 25 34 824138 -0.00079298 -0.00037479 -0.00029087
17 25 34 875179 -0.00116491 -0.00045729 -0.0002985 
17 25 34 921503 -0.00068045 -0.00066471 -0.00047159
17 25 34 950995 -0.00098801 -0.0001049   0.00012589
17 25 35 142 -0.00072193 -0.00091696  0.00028992
17 25 35 61594 -0.0010128  -0.00074816  0.00018978
17 25 35 103326 -0.00100279 -0.00062132  0.00010109
17 25 35 155743 -1.14440918e-03 -7.11917877e-04  9.10758972e-05
17 25 35 201865 -5.27858734e-04 -6.29425049e-05  3.61919403e-04
17 25 35 249600 -0.00078726 -0.00018167  0.00034428
17 25 35 334190 -9.27448273e-04 -4.76837158e-05  4.15802002e-04
17 25 35 351204 -0.0004282   0.00013208  0.00036192
17 25 35 403459 -4.78744507e-04  3.33786011e-06  4.30107117e-04
17 25 35 452671 -0.000875    0.00017691  0.00028372
17 25 35 499316 -0.00056267  0.00033331  0.00021505
17 25 35 550737 -0.00081062  0.00047541  0.00041294
17 25 35 601073 -7.57217407e-04  5.21183014e-04  7.05718994e-05
17 25 35 651793 -0.0008316   0.00013685  0.00051594
17 25 35 700928 -0.00101471  0.00010252 -0.00017357
17 25 35 752966 -6.97135925e-04  2.25067139e-04  6.19888306e-06
17 25 35 801871 -7.45773315e-04  3.71932983e-05 -2.37941742e-04
17 25 35 850845 -5.19752502e-05 -1.72138214e-04  1.46865845e-04
17 25 35 908905  8.34465027e-05 -6.10351562e-05 -3.33309174e-04
17 25 35 951870  0.0001049  -0.00031281 -0.00039482
17 25 36 23488  0.0003643  -0.00021839 -0.00026989
17 25 36 65489  0.00071239 -0.00013161 -0.00011587
17 25 36 121001  0.00063133 -0.00034046 -0.0003686 
17 25 36 174269  5.08308411e-04  7.82012939e-05 -4.93049622e-04
17 25 36 221133  8.54969025e-04  9.29832458e-05 -4.98771667e-04
17 25 36 259282  0.00069046 -0.00012302 -0.00031185
17 25 36 301615  8.37802887e-04 -7.77244568e-05 -5.69820404e-04
17 25 36 352715  0.0009551  -0.00056887 -0.0005374 
17 25 36 402305  0.0006876  -0.00060654 -0.00020981
17 25 36 451463  6.12258911e-04  7.15255737e-06 -4.01496887e-04
17 25 36 502446  0.00023127 -0.00010729 -0.0004034 
17 25 36 551510  0.00014496 -0.00027609  0.00010538
17 25 36 604319  1.83105469e-04 -3.33786011e-06  2.42710114e-04
17 25 36 653156  0.00039005 -0.00034142 -0.0001297 
17 25 36 704473  6.03199005e-04 -6.72340393e-05 -3.43322754e-04
17 25 36 751089  3.88622284e-04 -1.70707703e-04  9.34600830e-05
17 25 36 800111  5.05924225e-04 -7.86781311e-05  4.47750092e-04
17 25 36 851705 0.00066853 0.00056601 0.00042486
17 25 36 901197  2.93731689e-04 -4.38690186e-05  4.06265259e-04
17 25 36 953327 0.00010252 0.00027466 0.0002079 
17 25 37 2398  5.17368317e-04 -6.19888306e-05  8.09192657e-04
17 25 37 54249 0.00044966 0.00041723 0.00047255
17 25 37 136602 0.00040197 0.00062656 0.0005064 
17 25 37 176134 0.00038385 0.00025654 0.00058174
17 25 37 240131 1.47819519e-05 2.63690948e-04 4.55856323e-04
17 25 37 265393 -5.96046448e-05  5.18798828e-04  6.40392303e-04
17 25 37 299549  3.48091125e-05 -6.67572021e-06  2.80857086e-04
17 25 37 351555 0.00011778 0.00028801 0.0005455 
17 25 37 400181 -2.43663788e-04  7.96318054e-05  6.27517700e-04
17 25 37 455242 -0.00045824  0.00044918  0.00061083
17 25 37 517266 -0.00011063 -0.00065088  0.00070333
17 25 37 553459 -3.93867493e-04  7.62939453e-05  2.47955322e-04
17 25 37 602131 -0.00065231 -0.00024796  0.00035667
17 25 37 651349 -0.00045252 -0.00051212  0.00036621
17 25 37 702700 -0.00072241 -0.00027752  0.00022268
17 25 37 752128 -5.61237335e-04  3.86238098e-05 -9.44137573e-05
17 25 37 804375  9.44137573e-05 -3.65257263e-04 -1.73568726e-04
17 25 37 852472 -0.00039101 -0.00015783 -0.00027704
17 25 37 899790 -7.30037689e-04  4.51564789e-04 -9.29832458e-05
17 25 37 951126 -0.00025082  0.00024176 -0.00032949
17 25 38 1114 -1.41620636e-04 -2.05039978e-05 -1.00612640e-04
17 25 38 63806 -0.00017691 -0.00029421 -0.0002141 
17 25 38 99419 -0.00038958  0.00037813 -0.00031662
17 25 38 151950 -0.00011158 -0.00012541 -0.00031328
17 25 38 201306 -0.00013971 -0.00010586 -0.00046444
17 25 38 250098 -8.10623169e-05 -1.78337097e-04 -1.86920166e-04
17 25 38 302850 -4.90665436e-04  8.77380371e-05 -4.43458557e-04
17 25 38 352454 -0.00051546 -0.00049114 -0.00072575
17 25 38 402801 -0.00035381 -0.00033665 -0.00050497
17 25 38 455625  4.29153442e-06 -1.24454498e-04 -6.08444214e-04
17 25 38 500138 -0.00011063 -0.0003252  -0.00027227
17 25 38 551262 -9.53674316e-07 -2.98500061e-04 -6.24179840e-04
17 25 38 600851  0.00015068 -0.00017309 -0.00050783
17 25 38 652316 -0.00032282 -0.00032091 -0.00022316
17 25 38 701477  0.00018358 -0.00035429 -0.00063419
17 25 38 753130 -0.00013113 -0.00015688 -0.00042486
17 25 38 804542 -3.96251678e-04 -9.05990601e-05 -2.75135040e-04
17 25 38 860707 -0.00042343 -0.00011349 -0.00029659
17 25 38 922320 -0.0002017  -0.00017166 -0.00010061
17 25 38 974021 1.39236450e-04 9.53674316e-07 3.14712524e-05
17 25 39 7008 -3.24249268e-05  4.23908234e-04  1.57356262e-05
17 25 39 55576 3.15189362e-04 6.67572021e-05 3.79562378e-04
17 25 39 101835  0.00494528 -0.04948759 -0.00200176
17 25 39 153959  0.00484228 -0.04959154 -0.00194311
17 25 39 199830  0.00527239 -0.05001307 -0.00225067
17 25 39 252117  0.00474358 -0.05012321 -0.00255775
17 25 39 301703  0.00423288 -0.0498476  -0.00231409
17 25 39 375457  0.00416088 -0.04986572 -0.00223207
17 25 39 400989  0.00440741 -0.05000925 -0.00277901
17 25 39 450943  0.00436878 -0.05012465 -0.00215101
17 25 39 507514  0.00401878 -0.04949903 -0.002491  
17 25 39 551089  0.004076   -0.04974413 -0.00278139
17 25 39 603837  0.00399113 -0.04960537 -0.0032835 
17 25 39 651711  0.00386429 -0.04991722 -0.00299931
17 25 39 700285  0.00369549 -0.04983854 -0.00366974
17 25 39 769174  0.00417614 -0.04962301 -0.00338316
17 25 39 820533  0.00420237 -0.04992867 -0.00375557
17 25 39 863309  0.00376749 -0.04979038 -0.00362682
17 25 39 921072  0.00315475 -0.04968405 -0.00357914
17 25 39 971585  0.00329208 -0.04975462 -0.00369692
17 25 40 20850  0.00314713 -0.0498147  -0.00377417
17 25 40 78279  0.00331306 -0.049016   -0.00374842
17 25 40 135080  0.00297356 -0.04895353 -0.00427961
17 25 40 169524  0.00332737 -0.04872227 -0.00417042
17 25 40 207591  0.00334024 -0.04890585 -0.00447893
17 25 40 251619  0.00344372 -0.04881477 -0.0044713 
17 25 40 300357  0.00398302 -0.04846239 -0.00479126
17 25 40 351063  0.00377846 -0.04814386 -0.00476456
17 25 40 402973  0.00334644 -0.04816675 -0.00477028
17 25 40 451407  0.00290489 -0.04803276 -0.00489902
17 25 40 504926  0.00242043 -0.04756927 -0.00486135
17 25 40 553197  0.00274897 -0.04766321 -0.0046649 
17 25 40 603121  0.00297737 -0.04710007 -0.0045619 
17 25 40 651737  0.00274134 -0.04694605 -0.00448799
17 25 40 702498  0.00288248 -0.04678297 -0.00494909
17 25 40 770406  0.00314045 -0.04722261 -0.00471497
17 25 40 821458  0.00231647 -0.04673338 -0.00461483
17 25 40 873355  0.00240135 -0.0467968  -0.00484371
17 25 40 920060  0.00284529 -0.04725313 -0.00514793
17 25 40 951442  0.00235653 -0.0470562  -0.0048213 
17 25 41 374  0.00319767 -0.04674911 -0.0048914 
17 25 41 63300  0.00363445 -0.04737139 -0.00485897
17 25 41 99423  0.00356388 -0.0470562  -0.00445318
17 25 41 151905  0.00393009 -0.04724026 -0.00485945
17 25 41 202412  0.00417089 -0.04697657 -0.00425148
17 25 41 251092  0.00409746 -0.04774618 -0.00421906
17 25 41 303870  0.00381756 -0.04765081 -0.00409412
17 25 41 351779  0.00370693 -0.04764509 -0.00443888
17 25 41 414930  0.00355387 -0.04756021 -0.00402069
17 25 41 474999  0.0031333  -0.04811192 -0.00413227
17 25 41 527441  0.00356865 -0.04793167 -0.00437832
17 25 41 569393  0.00313568 -0.04781055 -0.00377464
17 25 41 600864  0.00319815 -0.04794502 -0.00394344
17 25 41 651894  0.00274515 -0.04723549 -0.00362253
17 25 41 700907  0.00299644 -0.04921722 -0.00440741
17 25 41 763970  0.00264692 -0.04802608 -0.00375986
17 25 41 825078  0.00210047 -0.04768181 -0.00402689
17 25 41 876832  0.00271082 -0.04869318 -0.00351477
17 25 41 918381  0.00235415 -0.04719019 -0.00324965
17 25 41 971184  0.00332022 -0.04824543 -0.00371933
17 25 42 23290  0.00360346 -0.04824638 -0.00318813
17 25 42 74106  0.00387287 -0.04849958 -0.00307417
17 25 42 119109  0.00336695 -0.04753685 -0.00302267
17 25 42 154010  0.00396347 -0.04799747 -0.00222349
17 25 42 200268  0.00388956 -0.04802752 -0.002738  
17 25 42 252681  0.00320768 -0.04853344 -0.00276327
17 25 42 322085  0.00310612 -0.04885721 -0.00331211
17 25 42 370833  0.0034852  -0.04883003 -0.00280571
17 25 42 426538  0.00311327 -0.04875898 -0.00323582
17 25 42 471291  0.00307083 -0.04885197 -0.00280809
17 25 42 522808  0.00319481 -0.0489769  -0.00281429
17 25 42 551862  0.00367355 -0.04923391 -0.00294018
17 25 42 608796  0.00331354 -0.04910564 -0.00283623
17 25 42 676598  0.0026474  -0.04924011 -0.00312614
17 25 42 718367  0.00209665 -0.04848814 -0.00230074
17 25 42 751561  0.00239038 -0.04915476 -0.00257158
17 25 42 801499  0.00311852 -0.04923439 -0.00307941
17 25 42 852048  0.00334501 -0.04852152 -0.00258493
17 25 42 901385  0.00355673 -0.04859257 -0.00216007
17 25 42 952136  0.00340223 -0.04875183 -0.00240278
17 25 43 17314  0.00279236 -0.04770994 -0.00175047
17 25 43 77892  0.0031395  -0.04886913 -0.00195599
17 25 43 125245  0.00292158 -0.04849529 -0.0016942 
17 25 43 164651  0.00210571 -0.04723835 -0.00169468
17 25 43 203330  0.00279999 -0.04879284 -0.00141048
17 25 43 252501  0.00295305 -0.04826117 -0.00129795
17 25 43 300526  0.00198364 -0.04761505 -0.00176287
17 25 43 350763  0.00229216 -0.04771519 -0.000916  
17 25 43 400661  0.00295544 -0.04704332 -0.00076723
17 25 43 451487  0.00185585 -0.04676628 -0.00122404
17 25 43 501013  0.00154829 -0.046103   -0.00062513
17 25 43 552450  0.00212574 -0.04610395 -0.00024796
17 25 43 603151  0.00218678 -0.04571342 -0.00029182
17 25 43 650528  2.42185593e-03 -4.53166962e-02 -4.29153442e-05
17 25 43 723300  2.31313705e-03 -4.48732376e-02 -9.63211060e-05
17 25 43 752868  0.0028801  -0.04475451  0.00031137
17 25 43 803411  0.00261021 -0.04421091  0.00059175
17 25 43 852290  0.00279713 -0.04384565  0.00048018
17 25 43 901879  0.00288105 -0.04394579  0.00102472
17 25 43 950771  0.00284386 -0.04277897  0.00120687
17 25 44 769  0.00268745 -0.04306126  0.00112963
17 25 44 63523  0.00243568 -0.0427413   0.00140429
17 25 44 99295  0.00230694 -0.04274225  0.00108624
17 25 44 152036  0.00253582 -0.04281664  0.00191927
17 25 44 201725  0.00265789 -0.04275322  0.00170565
17 25 44 249467  0.00232315 -0.04240608  0.00182199
17 25 44 301568  0.00227642 -0.04195213  0.00190163
17 25 44 352373  0.00225306 -0.04175901  0.00156975
17 25 44 424672  0.00247335 -0.04138756  0.00171471
17 25 44 473667  0.00212049 -0.04127932  0.00181341
17 25 44 505419  0.00241709 -0.04033852  0.00187445
17 25 44 551119  0.00243092 -0.04074049  0.00203514
17 25 44 600651  0.00291348 -0.04034138  0.00230742
17 25 44 651709  0.00285816 -0.0406518   0.00228548
17 25 44 701138  0.00251913 -0.03989172  0.00259447
17 25 44 753434  0.00349092 -0.03978586  0.0027318 
17 25 44 802643  0.00357866 -0.03945065  0.00274277
17 25 44 872066  0.00322247 -0.03838587  0.00280333
17 25 44 904161  1.09672546e-05 -3.75014877e+00 -3.34373903e+00
17 25 44 952147  0.00406361 -0.03815365  0.0024848 
17 25 45 3788  0.00404119 -0.03815603  0.00278616
17 25 45 55768  0.00327396 -0.03759766  2.18751049
17 25 45 101781  0.0036211  -0.03755951  0.00317574
17 25 45 153894  0.00291014 -0.03739977  0.0030117 
17 25 45 208844  0.00271225 -0.0360446   0.00319815
17 25 45 252074  0.00033569  0.00240898 -0.00279951
17 25 45 301678  0.00155497  0.00252008 -0.0015626 
17 25 45 352612  0.0021472   0.00246859 -0.00091982
17 25 45 420994  0.00193644  0.00255585 -0.00029325
17 25 45 469540  0.002038    0.00260782 -0.00028849
17 25 45 529002  0.00134993  0.00204277 -0.0001688 
17 25 45 574371  0.00076437  0.00256634 -0.00031567
17 25 45 622784 -0.00017071  0.00240469 -0.00065899
17 25 45 652662 -0.00072193  0.00255251 -0.00041008
17 25 45 699385 -0.00167179  0.00259686 -0.0002079 
17 25 45 751441 -0.00226068  0.00211334 -0.0001955 
17 25 45 801692 -0.00205946  0.00246906  0.00012302
17 25 45 851684 -0.00238037  0.00199175  0.00043297
17 25 45 901002 -0.00157738  0.00204372  0.00102282
17 25 45 953318 -0.00125933  0.00156546  0.00145197
17 25 46 3312 -0.00024223  0.00171947  0.00206184
17 25 46 59921 0.00032377 0.0015583  0.00224829
17 25 46 121097 0.00085783 0.00126266 0.0025239 
17 25 46 162782 0.00236273 0.00116539 0.00308895
17 25 46 203326 0.00294256 0.00094461 0.00293303
17 25 46 251768 0.00243139 0.00125408 0.00347567
17 25 46 299398 0.00203419 0.0013361  0.00347424
17 25 46 351307 0.00137663 0.0011816  0.00307798
17 25 46 400980 0.00055313 0.00129747 0.00304079
17 25 46 452835 -0.00020409  0.00172997  0.00286579
17 25 46 501529 -0.00082254  0.00180244  0.00316477
17 25 46 552748 -0.00140858  0.00218105  0.0026722 
17 25 46 602406 -0.00183392  0.00187445  0.00263119
17 25 46 651533 -0.00132656  0.0017848   0.00328779
17 25 46 703948 -0.00096607  0.00145435  0.00298929
17 25 46 755010 -0.00077105  0.00131035  0.00336552
17 25 46 808627 -0.00072527  0.00123787  0.00340652
17 25 46 852659 0.00019264 0.0012455  0.00343084
17 25 46 899595 0.0002017  0.00185823 0.00371695
17 25 46 951680 0.00073814 0.0014596  0.0038085 
17 25 47 1266 0.00106287 0.0015831  0.00374365
17 25 47 63221 0.00055075 0.00178576 0.00381422
17 25 47 101845 0.00076485 0.00194359 0.00307512
17 25 47 151620 0.00102472 0.00109386 0.00297213
17 25 47 201779 0.00139666 0.00096178 0.00274658
17 25 47 250272 0.00090122 0.00102568 0.0026989 
17 25 47 303218 0.00034904 0.00135374 0.00264072
17 25 47 352162 0.0002079  0.00167179 0.00276327
17 25 47 404489 -0.00019598  0.0014658   0.0023489 
17 25 47 452999 -0.0001092   0.00136614  0.00246572
17 25 47 512613 -0.00046778  0.00167418  0.00235033
17 25 47 562190 -0.0004406   0.00161886  0.00232935
17 25 47 626558 -0.00032949  0.00190592  0.00253201
17 25 47 663781 -0.00057793  0.00166893  0.00224638
17 25 47 720271 -0.00021029  0.00190401  0.00200987
17 25 47 765973 -8.77380371e-05  2.23779678e-03  2.33554840e-03
17 25 47 822476 -0.00018644  0.00237894  0.00175524
17 25 47 870579 -0.00027466  0.00289679  0.00175381
17 25 47 942845 -0.000422    0.00302505  0.00126743
17 25 48 2302 -0.00036907  0.00304222  0.00088596
17 25 48 42557 -0.00056267  0.00368023  0.00054836
17 25 48 75561 -0.00060511  0.00372648  0.00033712
17 25 48 102351 -0.00016212  0.00439596  0.00017309
17 25 48 152693 0.00015402 0.00416803 0.00011158
17 25 48 201680 0.00019646 0.00427246 0.0006361 
17 25 48 256433 0.00128937 0.00413084 0.0010004 
17 25 48 301351 0.00123405 0.00386763 0.00077581
17 25 48 353293 0.00035715 0.00387478 0.00108051
17 25 48 401734 -0.00025702  0.00321865  0.00091505
17 25 48 451741 -0.0003562   0.00192356  0.00093746
17 25 48 504626 -0.00012541  0.00171995  0.00214863
17 25 48 552228 0.00085497 0.00145912 0.0024786 
17 25 48 604251 0.00154877 0.00141954 0.00422621
17 25 48 659034 0.00133514 0.00097466 0.00436592
17 25 48 719847 0.00028229 0.001369   0.00419664
17 25 48 751467 -0.00102568  0.00063944  0.00412941
17 25 48 800556 -0.00111866 -0.00010777  0.00360298
17 25 48 852326 -0.00142384 -0.00090599  0.00329924
17 25 48 901975 -0.00132942 -0.00122309  0.00399399
17 25 48 952756 -0.00084114 -0.00185871  0.00382233
17 25 49 1510 -2.19345093e-05 -2.13861465e-03  4.65583801e-03
17 25 49 58912  0.00013733 -0.00245142  0.00480509
17 25 49 105276 -0.00019455 -0.00302458  0.00503635
17 25 49 151435 -0.0018301  -0.00295305  0.00506973
17 25 49 202990 -0.0019784  -0.00386906  0.00563622
17 25 49 251789 -0.00141764 -0.00533199  0.00580359
17 25 49 300749 -0.00044441 -0.00639391  0.00599194
17 25 49 351377  0.00045252 -0.00698662  0.00599289
17 25 49 400637  0.00163126 -0.00817966  0.00555182
17 25 49 452221  0.0025177  -0.00860167  0.00553608
17 25 49 501601  0.00174475 -0.00904846  0.00552654
17 25 49 552858  0.00185251 -0.00934124  0.0056138 
17 25 49 602403  0.00237036 -0.01031446  0.00544596
17 25 49 651644  0.00257635 -0.01063776  0.00564337
17 25 49 703291  0.00211143 -0.01153946  0.00547361
17 25 49 751501  0.00185204 -0.01257372  0.00558281
17 25 49 804320  0.00131702 -0.01337862  0.00551844
17 25 49 857125  0.00094986 -0.01353025  0.0056057 
17 25 49 899976  0.00124311 -0.01330471  0.00601912
17 25 49 951193  0.00170708 -0.01421165  0.00567579
17 25 50 937  0.00139284 -0.01376486  0.00647783
17 25 50 74328  0.00067949 -0.01364946  0.0062418 
17 25 50 117919  0.0003686  -0.01350212  0.00584602
17 25 50 152226  0.00019073 -0.01297665  0.00592804
17 25 50 201594 -0.00016546 -0.01301527  0.00563812
17 25 50 250419  0.00036955 -0.01240492  0.00583792
17 25 50 303715  0.00074768 -0.01218367  0.00553656
17 25 50 352735  0.00135946 -0.0122323   0.00523853
17 25 50 404223  0.00197601 -0.01155949  0.00546837
17 25 50 452349  0.00218058 -0.01067591  0.00514889
17 25 50 500263  0.00211143 -0.00996113  0.00520468
17 25 50 551606  0.00271416 -0.00928402  0.00514221
17 25 50 601016  0.00288963 -0.00826168  0.00475693
17 25 50 651981  0.00250673 -0.0075736   0.00431395
17 25 50 701742  0.00278282 -0.00716591  0.00425386
17 25 50 753362  0.00345612 -0.00641441  0.0044961 
17 25 50 801718  0.00192261 -0.0049181   0.00420666
17 25 50 854494  0.00187874 -0.00404072  0.0039525 
17 25 50 901893  0.00097084 -0.0026474   0.00424814
17 25 50 952945  0.0010705  -0.00203085  0.00466394
17 25 51 3138  0.00124645 -0.00090456  0.00458479
17 25 51 55603  1.24931335e-04  1.43051147e-06 -1.12498093e+00
17 25 51 101761 0.00019503 0.00126219 0.0053463 
17 25 51 152748 -0.00030851  0.00255442  0.00482798
17 25 51 201507 -0.00049591  0.00337219  0.00533724
17 25 51 254673 0.00340176 0.00019455 0.0045619 
17 25 51 301895 0.00264215 0.0004344  0.00421429
17 25 51 353190 0.00109816 0.00067234 0.00397348
17 25 51 401159 -0.00019598  0.00084639  0.00298738
17 25 51 450580 -0.00022554  0.0004878   0.00299644
17 25 51 502258 -0.00055265  0.00055647  0.00258684
17 25 51 551048 -0.00127268  0.00092459  0.00273228
17 25 51 604065 -1.39093399e-03 -4.29153442e-05  2.57396698e-03
17 25 51 651909 -0.0015955   0.00030804  0.00213861
17 25 51 699896 -0.0013752  -0.00046682  0.00126076
17 25 51 751338 -0.0015521  -0.00085115  0.0016408 
17 25 51 801631 -0.00081682 -0.0009551   0.00106955
17 25 51 871823 -0.00053167 -0.00116444  0.00103521
17 25 51 915926  0.00014591 -0.00113869  0.00051594
17 25 51 967858  1.38759613e-04 -9.30786133e-04  5.24520874e-05
17 25 52 20787  0.00040007 -0.00078869 -0.00025415
17 25 52 61183  0.00036669 -0.00121498 -0.00071287
17 25 52 105972  0.00139523 -0.00140858 -0.0012517 
17 25 52 152033 -1.14440918e-05 -1.02710724e-03 -1.40428543e-03
17 25 52 203358 -0.00026178 -0.00140333 -0.0017643 
17 25 52 251207  0.00017023 -0.00139618 -0.00170231
17 25 52 299996  0.00040627 -0.00199652 -0.00162411
17 25 52 351769 -0.00066996 -0.00224924 -0.00184441
17 25 52 401265 -0.00140285 -0.00265026 -0.00188398
17 25 52 451516 -0.00177145 -0.00279236 -0.00173616
17 25 52 500852 -0.00219774 -0.00318623 -0.00162411
17 25 52 569434 -0.00270414 -0.0034523  -0.0021534 
17 25 52 620725 -0.00261116 -0.00374937 -0.00234032
17 25 52 651089 -0.00328493 -0.00347281 -0.00266075
17 25 52 703172 -0.0024991  -0.00405359 -0.00275898
17 25 52 751646 -0.00238419 -0.00409937 -0.00274515
17 25 52 803899 -0.00169134 -0.00353909 -0.00371885
17 25 52 852854 -0.00131655 -0.00308847 -0.00435066
17 25 52 900776 -0.00045586 -0.00325537 -0.00416565
17 25 52 951542 -3.76701355e-05 -2.59780884e-03 -4.45842743e-03
17 25 53 284  0.00046206 -0.0029397  -0.00459433
17 25 53 62954  0.00126648 -0.00220776 -0.0038805 
17 25 53 104006  0.00162649 -0.00236273 -0.00387812
17 25 53 155705  0.00148773 -0.00289917 -0.00363874
17 25 53 202356  0.00236368 -0.00162649 -0.00397158
17 25 53 251849  0.00170946 -0.00195551 -0.00388002
17 25 53 303856  0.00161505 -0.00190592 -0.00367403
17 25 53 351836  0.00204277 -0.00167751 -0.0039773 
17 25 53 406302  0.00157118 -0.00150299 -0.00440645
17 25 53 452406  0.00073195 -0.00099277 -0.00419807
17 25 53 500387 -0.00018311 -0.00050068 -0.00440073
17 25 53 552439 -0.00039721 -0.0003376  -0.00459671
17 25 53 601122 -0.00066376  0.00101852 -0.00458479
17 25 53 652185 -0.00065565  0.00132418 -0.00479841
17 25 53 702975 -0.00105667  0.00131512 -0.0046916 
17 25 53 753802 -0.00052547  0.00139952 -0.00432873
17 25 53 802298 -0.00051308  0.0024147  -0.00476933
17 25 53 850830 -0.0003705   0.00266027 -0.00464964
17 25 53 902544 -3.09944153e-05  3.58152390e-03 -4.83703613e-03
17 25 53 961013  0.00045681  0.00398207 -0.00398254
17 25 54 13873  0.00089121  0.00417709 -0.00407076
17 25 54 58754  0.00127554  0.00569344 -0.0036335 
17 25 54 102219  0.00127268  0.00592184 -0.00379848
17 25 54 152891  0.00091124  0.00679636 -0.0039463 
17 25 54 201526  0.00073338  0.0072298  -0.00410938
17 25 54 254001  0.00049591  0.00696564 -0.00396347
17 25 54 300909  0.00039482  0.0075326  -0.00379276
17 25 54 362157  0.0003767   0.00764418 -0.00388622
17 25 54 408599  0.00018358  0.00729561 -0.00394583
17 25 54 450560  0.0006094   0.00619316 -0.00395298
17 25 54 503912 -0.00020885  0.00642157 -0.00352859
17 25 54 551235 -0.00137138  0.00600719 -0.00344324
17 25 54 603751 -0.00156498  0.00584745 -0.00318336
17 25 54 664722 -0.00161648  0.00500727 -0.0031023 
17 25 54 720122 -0.00181437  0.00557899 -0.00364351
17 25 54 756400 -0.00223446  0.0049386  -0.00278473
17 25 54 801004 -0.00173759  0.00433111 -0.00335121
17 25 54 852427 -0.0015769   0.00405121 -0.00303698
17 25 54 900738 -0.00153494  0.0039773  -0.00296211
17 25 54 952755 -0.00130653  0.00333357 -0.00341225
17 25 55 1590 -0.00068426  0.00264931 -0.00296068
17 25 55 61773 -0.0010047   0.00268936 -0.00277758
17 25 55 105166 -0.00112152  0.00255632 -0.00215101
17 25 55 151487 -0.00080299  0.00165272 -0.00248671
17 25 55 209906 -0.00078487  0.00197554 -0.00179052
17 25 55 252249 -0.00141144  0.00186968 -0.00193167
17 25 55 299377 -0.00111771  0.00165272 -0.00155687
17 25 55 375309 -0.00074673  0.00158644 -0.0013895 
17 25 55 422080 -0.00041866  0.0012002  -0.00084543
17 25 55 464957 -0.0003891   0.00086737 -0.00100327
17 25 55 525172 -3.14712524e-04  1.36518478e-03  2.28881836e-05
17 25 55 567941 -0.00066757  0.00104761 -0.00047159
17 25 55 601742 -1.17301941e-04  8.03947449e-04  7.00950623e-05
17 25 55 652032 -0.00034428  0.00057554  0.00014067
17 25 55 702449 -0.00017309  0.0007863   0.00094652
17 25 55 752381 -0.0002718   0.00093317  0.00102329
17 25 55 803269 -0.00028992  0.00044441  0.00149727
17 25 55 852063 -0.00070715  0.00011826  0.00122499
17 25 55 899879 -1.31559372e-03  4.14848328e-05  1.51872635e-03
17 25 55 952016 -0.00126648 -0.00097132  0.00209761
17 25 55 999592 -0.00149536 -0.00128889  0.00196171
17 25 56 63032 -0.00145578 -0.00139856  0.00184917
17 25 56 99086 -0.00105    -0.00183964  0.00221157
17 25 56 165980 -0.00037622 -0.00208807  0.00276375
17 25 56 219040  2.19345093e-05 -2.25400925e-03  2.28929520e-03
17 25 56 251636  0.00081015 -0.00189543  0.00267601
17 25 56 305291  0.00051069 -0.0019145   0.00303364
17 25 56 351424  0.00130272 -0.00187778  0.00322056
