11 21 55 956607 -0.02372026 -0.00132799  0.01010323
11 21 55 959072 0.00542116 0.01418543 0.01950645
11 21 56 12211 0.02940607 0.00749969 0.00911808
11 21 56 72139  0.00653028 -0.00734091 -0.00344944
11 21 56 113754 -0.02803802 -0.01170731  0.0101862 
11 21 56 166802 -0.02265835  0.00637388  0.02357197
11 21 56 214151 -0.00095654  0.01261616  0.01463652
11 21 56 262492 0.01182318 0.00221539 0.00663567
11 21 56 314974 -0.00752735 -0.0129528   0.00168991
11 21 56 363681 -0.02596998 -0.00197649  0.0066123 
11 21 56 425569 -0.00517654  0.01345539  0.02050209
11 21 56 489246 0.02097988 0.00828028 0.0109787 
11 21 56 542257  0.01024055 -0.00660801 -0.00329399
11 21 56 594025 -0.02102089 -0.01304436  0.00555658
11 21 56 643067 -0.02401352  0.00296402  0.0216527 
11 21 56 687030 -0.0058527   0.01469517  0.01639986
11 21 56 734699 0.00937605 0.00572538 0.0089221 
11 21 56 770958 -0.00219011 -0.01268053  0.00416279
11 21 56 817190 -0.0242033  -0.00865936  0.00226021
11 21 56 863225 -0.01142025  0.01420069  0.01683998
11 21 56 915530 0.02044296 0.01252222 0.01768255
11 21 56 964932  0.01944113 -0.00415516 -0.00072098
11 21 57 16363 -0.01527166 -0.01570415 -0.00125742
11 21 57 67860 -0.02722073 -0.0023694   0.01877642
11 21 57 116932 -0.01285601  0.01305962  0.01925135
11 21 57 165073 0.00602007 0.01197147 0.00877905
11 21 57 212605  0.00139904 -0.00695848  0.00689363
11 21 57 264375 -0.02094603 -0.01392508  0.0012393 
11 21 57 313157 -0.0184083   0.00891829  0.01023197
11 21 57 365904 0.01376486 0.01523256 0.01997614
11 21 57 414271  0.02754784 -0.00013638  0.00609303
11 21 57 463832 -0.00727749 -0.01384592 -0.00652122
11 21 57 515002 -0.03044367 -0.00794458  0.01368761
11 21 57 566041 -0.01727295  0.01100206  0.02402496
11 21 57 615711 0.00505257 0.01364279 0.01066732
11 21 57 665168  0.00553608 -0.0031662   0.00553083
11 21 57 716979 -0.014709   -0.01564455  0.003016  
11 21 57 784914 -0.0141921   0.00388098  0.01294994
11 21 57 815461 0.00804234 0.01407576 0.0150609 
11 21 57 867258 0.01510763 0.00379944 0.00258398
11 21 57 914153 -0.00864744 -0.01069164  0.0008812 
11 21 57 964959 -0.02584743 -0.01063538  0.01367521
11 21 58 14648 -0.0120573   0.00807858  0.01597834
11 21 58 66744 0.0059638  0.01406479 0.01019669
11 21 58 115565  0.00710964 -0.00220776  0.0087676 
11 21 58 163384 -0.01604795 -0.01800728  0.0023551 
11 21 58 217496 -0.02357006  0.00066471  0.00651884
11 21 58 263887 -0.0017581   0.01679802  0.01682615
11 21 58 316933 0.0259676  0.00900888 0.01080561
11 21 58 365641  0.01172209 -0.01073217 -0.00301552
11 21 58 413220 -0.02369976 -0.01838684  0.00252676
11 21 58 464254 -0.02475739  0.00342894  0.02016783
11 21 58 514434 -0.00596523  0.01521015  0.01617575
11 21 58 565910 0.00984621 0.01015711 0.00641632
11 21 58 615394 -0.0034337  -0.01380539  0.00590801
11 21 58 663577 -0.02667522 -0.01470995  0.00151634
11 21 58 715260 -0.01415539  0.01269388  0.01075745
11 21 58 767933 0.02227497 0.01563311 0.01800251
11 21 58 818651  0.03032446 -0.0009861   0.00318909
11 21 58 864770 -0.01354408 -0.01745796 -0.00675106
11 21 58 916059 -0.03072691 -0.00858021  0.01642179
11 21 58 965682 -0.01185894  0.01092196  0.02516079
11 21 59 12178 0.01208639 0.01306152 0.00963449
11 21 59 74065  0.00334549 -0.00683689  0.0042901 
11 21 59 114910 -0.04228115 -0.01565027 -0.01034832
11 21 59 165148 -0.04560137  0.01788807  0.00345612
11 21 59 214034 0.03280687 0.03083277 0.03837872
11 21 59 263866  0.06910944 -0.00452042  0.01662207
11 21 59 315606  0.0184021  -0.0311861  -0.03490067
11 21 59 363319 -0.03593159 -0.0247159  -0.00364733
11 21 59 415616 -0.01793289  0.01403427  0.05040026
11 21 59 464018 -0.01626682  0.01007986  0.02248144
11 21 59 516302 -0.05573368  0.01764584 -0.03857183
11 21 59 564883 -0.02396679  0.04629278 -0.00169897
11 21 59 613581 0.02529716 0.0358386  0.05166912
11 21 59 664976  0.0446353  -0.01230431  0.02922773
11 21 59 713078  0.01245117 -0.0621686  -0.02200317
11 21 59 770526  0.00946474 -0.03836346 -0.00062609
11 21 59 816475 -0.04784393 -0.00070858  0.01100159
11 21 59 862495 -0.01963472  0.05205345  0.0164628 
11 21 59 915046 0.02753925 0.04116154 0.03739738
11 21 59 964398  0.02546883 -0.00073147  0.01237631
11 22 0 31002 -0.00370884 -0.02416897 -0.00899172
11 22 0 83182 -0.02525377 -0.0232234   0.00477982
11 22 0 142700 -0.02255249  0.01922369  0.01008272
11 22 0 191745 0.01933002 0.03319597 0.03296471
11 22 0 212906 0.02721691 0.0178771  0.01060104
11 22 0 264185  0.0007596  -0.01735687 -0.00192261
11 22 0 313475 -0.01857996 -0.01398325  0.00438452
11 22 0 364940 0.00407934 0.03655148 0.02069712
11 22 0 417411 0.01065493 0.02502346 0.01987219
11 22 0 463059 -0.0049448  -0.00338602  0.00328922
11 22 0 514657  0.0030365  -0.01260805  0.01378202
11 22 0 564473 0.02180052 0.00950003 0.0197897 
11 22 0 617937 0.00757551 0.03183317 0.00293446
11 22 0 664855 -0.03714943  0.02533531  0.00863552
11 22 0 717856 -0.02893591 -0.00402355  0.03289318
11 22 0 768388  0.01593781 -0.01157522  0.01277304
11 22 0 815511  0.04460239  0.02852869 -0.00413227
11 22 0 866522 0.02410316 0.0358963  0.00792122
11 22 0 913330 -0.01629591  0.01575518  0.02097845
11 22 0 964718 -0.0243969  -0.02619934  0.02280903
11 22 1 14188 0.01010609 0.00246    0.0003047 
11 22 1 66378 0.02501917 0.0474534  0.00301504
11 22 1 114829 -0.00582647  0.04134846  0.01305962
11 22 1 163798 -0.01691055  0.00367022  0.02873325
11 22 1 215905 -0.0034585  -0.02128744  0.00940132
11 22 1 264531  0.02036047  0.01665115 -0.00317669
11 22 1 317065 0.01340628 0.03932428 0.0085144 
11 22 1 366296 -0.00597191  0.02425432  0.02415419
11 22 1 412498 -0.0089879  -0.01112843  0.01688051
11 22 1 464080  0.00803995  0.0158205  -0.00179291
11 22 1 514304 0.01782894 0.03087044 0.01562691
11 22 1 565179 -0.00049877  0.02537489  0.01617146
11 22 1 614927 -0.01499081 -0.00759649  0.0158267 
11 22 1 664032 -0.00277567  0.02011251  0.00215387
11 22 1 715349 0.0250659  0.04029942 0.0214901 
11 22 1 766689 0.00645304 0.02039528 0.0158596 
11 22 1 817625 -0.00836086 -0.01236486  0.00919628
11 22 1 864546 0.00181675 0.0250597  0.00878239
11 22 1 917251 0.01577902 0.0426836  0.02232409
11 22 1 965486 -0.0126791   0.01381731  0.01432562
11 22 2 11957 -1.31640434e-02  5.10215759e-05  1.16963387e-02
11 22 2 72559 0.01740408 0.0436368  0.0186038 
11 22 2 113867 0.00896215 0.03492641 0.00921631
11 22 2 167306 -0.01025391  2.56248331 -1.31244612
11 22 2 213916 0.00923395 0.02129126 0.02381897
11 22 2 286520 0.0112915  0.04117584 0.01048517
11 22 2 333357 -9.44280624e-03  1.78761482e-02  2.05039978e-05
11 22 2 364851 0.01298094 0.01985502 0.03378773
11 22 2 416772 0.01102734 0.03776407 0.01706219
11 22 2 472330 -0.01605034  0.02048111 -0.01011467
11 22 2 527448 -0.0008502   0.00865459 -0.00989962
11 22 2 567198 -0.01352167  0.01896429 -0.01144075
11 22 2 616288 0.00889444 0.02202892 0.00922918
11 22 2 665158  0.02630806  0.01266956 -0.00254107
11 22 2 713769  0.00026655  0.00345659 -0.0210638 
11 22 2 766742 -0.02716255  0.00757504 -0.00749588
11 22 2 816420 -0.0205617   0.01522255  0.00817966
11 22 2 862758  0.00503778  0.01591301 -0.00307798
11 22 2 915153  0.00737047  0.01069689 -0.01468277
11 22 2 964287 -0.00789499  0.015347   -0.01227236
11 22 3 15908 0.00270939 0.01620483 0.00900459
11 22 3 67990  0.02284861  0.01508617 -0.00084352
11 22 3 116862  0.00528622  0.00727224 -0.01893711
11 22 3 166240 -0.02063131  0.00853014 -0.01004744
11 22 3 213269 -0.01809549  0.01502419  0.0081706 
11 22 3 290880  0.00358009  0.01479959 -0.00138092
11 22 3 346760  0.00679111  0.0108695  -0.01502228
11 22 3 390212 -0.00583267  0.01965523 -0.01367712
11 22 3 452301 0.00757742 0.01799917 0.01110744
11 22 3 499028  0.02267456  0.01216936 -0.00150919
11 22 3 542978  0.00315142  0.00563145 -0.01979637
11 22 3 586314 -0.01767159  0.01243114 -0.00833464
11 22 3 651980 -0.01421547  0.01622295  0.00701475
11 22 3 698163  0.00101995  0.01324558 -0.00436354
11 22 3 743959  0.00075769  0.01164103 -0.01604366
11 22 3 794110 -0.00385237  0.0221386  -0.00928783
11 22 3 844310 0.01429129 0.01657772 0.00799274
11 22 3 894160  0.0224185   0.01113605 -0.00771809
11 22 3 957181 -0.0045433   0.00559902 -0.01933908
11 22 4 13710 -0.02065611  0.01295805 -0.00380421
11 22 4 53146 -0.00815105  0.01623821  0.00562525
11 22 4 102078  0.00834227  0.01364088 -0.00883532
11 22 4 144680 -0.00029182  0.01209068 -0.01694012
11 22 4 184170 -0.00030518  0.02153254 -0.00158596
11 22 4 239040 0.01444578 0.01424789 0.00490904
11 22 4 295461  0.01204777  0.0113554  -0.01446962
11 22 4 340762 -0.00719357  0.00991774 -0.01421595
11 22 4 390356 -0.01214123  0.01393509  0.0002799 
11 22 4 437460  0.00070047  0.01474428 -0.00265837
11 22 4 482837  0.00824833  0.01082277 -0.01002121
11 22 4 541768 -0.00063562  0.01243687 -0.01339483
11 22 4 584902  0.00032854  0.02109146 -0.00182486
11 22 4 621223 0.01683474 0.01903343 0.00016832
11 22 4 664024  0.01128101  0.01070786 -0.01273727
11 22 4 715705 -0.00963259  0.00586319 -0.01215935
11 22 4 767130 -0.01204634  0.01222324  0.00030184
11 22 4 818513  0.00208187  0.01621008 -0.00384951
11 22 4 866123  0.00820923  0.0117507  -0.0080452 
11 22 4 917048 -0.00627708  0.00984478 -0.01362658
11 22 4 967475 -0.00201654  0.02212954 -0.00044727
11 22 5 13336 0.02502394 0.01857615 0.00514317
11 22 5 72857  0.02008867  0.00828171 -0.01497889
11 22 5 108694 -0.01143265  0.00226212 -0.01555729
11 22 5 166898 -0.01878452  0.01201868  0.00435686
11 22 5 214735 -0.00056028  0.01763201  0.00149202
11 22 5 263551  0.01180458  0.01126671 -0.00854588
11 22 5 315106  0.00069332  0.00967169 -0.01410389
11 22 5 364050 -0.00195742  0.01830721 -0.00112629
11 22 5 416157 0.02058125 0.01721525 0.00635576
11 22 5 465962  0.01954842  0.00890398 -0.01207399
11 22 5 517151 -0.00449181  0.00404072 -0.01524258
11 22 5 565804 -0.0146184   0.010571    0.00114298
11 22 5 613250 -0.002388    0.01603556  0.00092936
11 22 5 664183  0.00758076  0.01007271 -0.00572968
11 22 5 713484 -0.00234938  0.01036787 -0.01572895
11 22 5 776199 -0.00106812  0.02071762 -0.00294352
11 22 5 816632 0.02549744 0.01513004 0.00872183
11 22 5 892733  0.01890612  0.00434065 -0.01405287
11 22 5 943355 -0.0111742   0.00363636 -0.01848364
11 22 5 990191 -0.0193634   0.0127964   0.00319052
11 22 6 43122 -0.00248241  0.01646948  0.00280762
11 22 6 89880  0.00649405  0.00831366 -0.01032305
11 22 6 141162 -0.00387239  0.01116323 -0.01723576
11 22 6 214922 0.00034428 0.0187335  0.00102377
11 22 6 223387 0.02579355 0.01331234 0.00608873
11 22 6 264152  0.01735353  0.00366354 -0.01647902
11 22 6 313687 -0.01186609  0.00403786 -0.01826239
11 22 6 365218 -0.01881647  0.01199627  0.00454426
11 22 6 416145 -0.00084972  0.01301479  0.00143623
11 22 6 463728  0.00651026  0.00696564 -0.01332283
11 22 6 515184 -0.00156689  0.01371098 -0.01605654
11 22 6 564795 0.00349855 0.01527834 0.00412512
11 22 6 617465  0.01576328  0.00800228 -0.00222206
11 22 6 665808  0.00240135  0.00204134 -0.01841307
11 22 6 719213 -0.01144409  0.00893402 -0.01173067
11 22 6 770130 -0.01062107  0.00971985  0.00095224
11 22 6 816271  0.00340176  0.00951719 -0.007689  
11 22 6 865642  0.00155354  0.00203657 -0.01324844
11 22 6 913372 -0.00864077  0.00976896 -0.01587677
11 22 6 965019 0.00571775 0.01601601 0.001472  
11 22 7 15051  0.02584839  0.01148653 -0.00315142
11 22 7 66983  0.00636673 -0.00112009 -0.02052641
11 22 7 115715 -0.02185726  0.00068283 -0.01388931
11 22 7 164995 -0.0190506   0.00905657  0.00416708
11 22 7 216671  0.00283766  0.00972414 -0.00502968
11 22 7 264283  0.00425577  0.00340128 -0.01745796
11 22 7 317372 -0.00595284  0.01096201 -0.01453209
11 22 7 364828 0.00376511 0.01171494 0.00550556
11 22 7 413627  0.01936054  0.00669336 -0.00596714
11 22 7 463859  0.00251055 -0.00293446 -0.02156162
11 22 7 514053 -0.01475716  0.00393248 -0.01169777
11 22 7 565207 -0.01370144  0.00746155  0.0019598 
11 22 7 616266  0.00340176  0.00753403 -0.00696135
11 22 7 663721  0.00466442 -0.00037289 -0.01562691
11 22 7 715066 -0.00455284  0.00752878 -0.01519823
11 22 7 768940 0.00499964 0.0111227  0.00181532
11 22 7 818611  0.01896954  0.00675678 -0.00522947
11 22 7 865701  0.00169945 -0.00477076 -0.01979971
11 22 7 917601 -0.01593637  0.00163698 -0.01168537
11 22 7 967961 -0.01422167  0.00637293  0.0006361 
11 22 8 13281  0.00048399  0.00586128 -0.00691462
11 22 8 73229 -3.81469727e-06 -6.71863556e-04 -1.48019791e-02
11 22 8 109017 -0.00720644  0.00864029 -0.01446533
11 22 8 168155  0.02422857  0.00276232 -0.0060811 
11 22 8 214739  0.00192308 -0.00755692 -0.02164984
11 22 8 263854 -1.85856819e-02  1.90734863e-06 -1.87504005e+00
11 22 8 315334 -0.01309586  0.00663567  0.00452137
11 22 8 365717  0.00614882  0.00529242 -0.00698471
11 22 8 415902  0.00387716 -0.00156641 -0.01721573
11 22 8 465311 -0.01984167 -0.00444651  0.00929689
11 22 8 520493 -0.0046277   0.00085449  0.00745773
11 22 8 565513  0.01006651 -0.00592804 -0.00153446
11 22 8 613286 -0.000525   -0.01019669 -0.00991011
11 22 8 664531 -0.0121789  -0.00295734 -0.00173426
11 22 8 713920 0.00760603 0.00373888 0.01178169
11 22 8 767299  0.01815844 -0.00266314 -0.00391674
11 22 8 817402 -0.00688457 -0.01338387 -0.01413155
11 22 8 863354 -0.0229249  -0.00727367  0.00260687
11 22 8 915095 -0.01372719  0.00159121  0.00950956
11 22 8 963957 0.00695133 0.0021534  0.00070286
11 22 9 15195  0.00668907 -0.00844383 -0.00742769
11 22 9 67847 -0.01144791 -0.00829315 -0.00860643
11 22 9 116169 -0.00366831  0.00134325  0.00864983
11 22 9 165513 0.01900482 0.00381088 0.00404644
11 22 9 211997  0.00778818 -0.00775194 -0.01327848
11 22 9 264161 -0.01924086 -0.01089191 -0.00661993
11 22 9 313826 -0.02226114 -0.00217056  0.00885534
11 22 9 365557 -0.00263357  0.0027771   0.00409651
11 22 9 414160  0.011518   -0.00276232 -0.00467873
11 22 9 462971 -0.00596714 -0.00861359 -0.01429462
11 22 9 515054 -1.38387680e-02  2.05039978e-05  4.24385071e-05
11 22 9 563543 0.0153327  0.00525045 0.01275682
11 22 9 616143  0.01771259 -0.00392818 -0.00945091
11 22 9 695035 -0.01250267 -0.01194954 -0.01624489
11 22 9 738958 -0.02703571 -0.00333691  0.00606871
11 22 9 793318 -0.01376724  0.00328779  0.00973129
11 22 9 839716  0.00667763  0.00114965 -0.00269222
11 22 9 866444  0.00404358 -0.00531769 -0.00989532
11 22 9 912911 -0.00981092 -0.00372362 -0.00453234
11 22 9 964673 0.00080538 0.0036025  0.00727224
11 22 10 14419  0.01194954  0.00266695 -0.00247097
11 22 10 66161 -0.00499392 -0.007689   -0.01247501
11 22 10 115709 -0.01968622 -0.00507402 -0.00208092
11 22 10 163927 -0.01530933  0.00217724  0.00416136
11 22 10 216875 0.00272942 0.00508642 0.0004158 
11 22 10 267734  0.00643063 -0.00417376 -0.00578213
11 22 10 316481 -0.01200294 -0.00682354 -0.01245165
11 22 10 366613 -0.00827837  0.00507641  0.00343227
11 22 10 412926 0.01546907 0.00850916 0.00568628
11 22 10 464382  0.00864601 -0.00406218 -0.01305389
11 22 10 540416 -0.01744986 -0.00814629 -0.0117054 
11 22 10 565901 -0.023561   -0.00097942  0.00589132
11 22 10 614907 -0.00745773  0.00663328  0.00317907
11 22 10 662612  0.01057625  0.00463104 -0.00343132
11 22 10 714745 -0.00034714 -0.00548506 -0.01118469
11 22 10 768101 -0.01257515 -0.00101137 -0.00578976
11 22 10 818113 0.00728416 0.00956917 0.00848484
11 22 10 867418  0.01895094  0.00444031 -0.00503731
11 22 10 916217 -0.00472593 -0.00665283 -0.01555729
11 22 10 966027 -2.29692459e-02 -4.13560867e-03 -5.19752502e-05
11 22 11 12254 -0.01657391  0.00413036  0.00676298
11 22 11 97787  0.00559282  0.00905657 -0.00126266
11 22 11 140720  0.00934553 -0.00023603 -0.00633001
11 22 11 188277 -0.01029921 -0.00590801 -0.01171207
11 22 11 213631 -0.00680208  0.00635815  0.00274897
11 22 11 262949 0.01808262 0.01125908 0.00607681
11 22 11 314603  0.01273537 -0.00147533 -0.01293278
11 22 11 364773 -0.01553011 -0.00651312 -0.01173878
11 22 11 417049 -0.02332401  0.0013752   0.00697136
11 22 11 464330 -0.00512648  0.00947809  0.00443316
11 22 11 516884  0.01322699  0.0065093  -0.0030961 
11 22 11 566362  0.00033569 -0.00500011 -0.01199579
11 22 11 612886 -0.01605034 -0.00061798 -0.00725555
11 22 11 664615 0.00777054 0.01329899 0.01169825
11 22 11 715839  0.02580357  0.00710726 -0.00212765
11 22 11 770796  0.0019536  -0.00474882 -0.01819086
11 22 11 816011 -0.02421999 -0.00409985 -0.00261116
11 22 11 863414 -0.0189743   0.00524759  0.01126003
11 22 11 915386 0.00645542 0.00940514 0.00043631
