14 38 38 900937  0.01449585 -0.30521774  0.94576645
14 38 38 924407  0.01485252 -0.3117485   0.95297813
14 38 38 953907  0.01252937 -0.30352211  0.94882965
14 38 39 21743  0.01790047 -0.30265427  0.95023346
14 38 39 25714  0.01454163 -0.31039429  0.95428658
14 38 39 29002  0.0186367  -0.30379486  0.94935799
14 38 39 63174  0.01687431 -0.30702591  0.94791794
14 38 39 66297  0.01535988 -0.30661011  0.94732475
14 38 39 99599  0.01568604 -0.30974388  0.94579124
14 38 41 794001  0.01652145 -0.30532455  0.94659042
14 38 41 842531  0.01403427 -0.30441093  0.95471573
14 38 41 890527  0.01564217 -0.30505943  0.94931221
14 38 41 939678  0.0106945  -0.30347633  0.95327759
14 38 41 992783  0.01394081 -0.30780029  0.9482708 
14 38 42 42380  0.01408005 -0.30426979  0.95203972
14 38 42 91147  0.01460838 -0.30417633  0.95017242
14 38 42 140838  0.0146389  -0.30920792  0.94677734
14 38 42 189335  0.01863861 -0.30545998  0.95055962
14 38 42 243024  0.01373291 -0.30661201  0.94989204
14 38 42 299676  0.01442337 -0.30444145  0.94874763
14 38 42 350533  0.012537   -0.30647659  0.94811821
14 38 42 399085  0.01019478 -0.31023598  0.94732285
14 38 42 448391  0.01738739 -0.30602837  0.95083237
14 38 42 492359  0.0161972  -0.30377769  0.94822311
14 38 42 542385  0.01562691 -0.31043816  0.95163345
14 38 42 590580  0.01367378 -0.30625343  0.94913483
14 38 42 640101  0.01483536 -0.30886078  0.94983482
14 38 42 693037  0.01761055 -0.30963326  0.95561409
14 38 42 742678  0.01338959 -0.30619431  0.95069313
14 38 42 791941  0.01392555 -0.31015396  0.95012856
14 38 42 841266  0.01238823 -0.30372238  0.95114326
14 38 42 889872  0.01683044 -0.3053894   0.94651985
14 38 42 943709  0.01445198 -0.31046677  0.95183372
14 38 42 992213  0.01776314 -0.30646324  0.94579887
14 38 43 41852  0.01686096 -0.30665779  0.9497776 
14 38 43 94742  0.01701736 -0.30592728  0.95245171
14 38 43 143963  0.0138073  -0.30592537  0.95193481
14 38 43 193282  0.01177788 -0.30855942  0.94710541
14 38 43 242536  0.01472092 -0.30436134  0.94733429
14 38 43 291358  0.01570702 -0.30811501  0.94270325
14 38 43 344778  0.01796913 -0.30540276  0.9507885 
14 38 43 393510  0.0115757  -0.30694962  0.9534359 
14 38 43 443013  0.01848793 -0.3046093   0.95163727
14 38 43 491816  0.01603127 -0.30445099  0.95091438
14 38 43 545614  0.01264763 -0.30112839  0.94908905
14 38 43 595141  0.01482582 -0.30321503  0.94990921
14 38 43 644009  0.01479149 -0.30711174  0.94797325
14 38 43 692411  0.01590729 -0.30674934  0.94991112
14 38 43 742098  0.0160675  -0.3051548   0.95048904
14 38 43 795149  0.01325035 -0.30915833  0.9480629 
14 38 43 844740  0.01522827 -0.30435753  0.94976997
14 38 43 893272  0.0151825  -0.30193329  0.95166779
14 38 43 942780  0.01544952 -0.31067467  0.95019341
14 38 43 992442  0.01443481 -0.30795479  0.94559669
14 38 44 45324  0.01577568 -0.30722618  0.94519043
14 38 44 94082  0.01284599 -0.30513     0.94844818
14 38 44 143650  0.01246262 -0.30648613  0.95127487
14 38 44 192554  0.01511192 -0.30731964  0.95360184
14 38 44 245778  0.01299095 -0.30578613  0.94939423
14 38 44 304253  0.01841736 -0.30654526  0.94659615
14 38 44 353528  0.01545143 -0.3080864   0.94829559
14 38 44 405516  0.01614189 -0.30790329  0.95182419
14 38 44 446571 5.72204590e-05 5.87378883e+00 2.87871552e+00
14 38 44 495635  0.01497269 -0.3027916   0.9482975 
14 38 44 545356  0.01346588 -0.30536842  0.95038986
14 38 44 593755  0.01633835 -0.30351639  0.94996071
14 38 44 647293  0.01631546 -0.30358315  0.94787788
14 38 44 696064  0.01208687 -0.30560875  0.94911957
14 38 44 745813  0.01565933 -0.30630493  0.95106697
14 38 44 795079  0.017519   -0.30220985  0.95040321
14 38 44 844011  0.01682281 -0.30420494  0.94927025
14 38 44 896757  0.01688957 -0.3033371   0.95151711
14 38 44 946682  0.0178833  -0.30763626  0.94740677
14 38 44 995437  0.01455116 -0.30331993  0.94927788
14 38 45 44540  0.01327705 -0.30456161  0.95583344
14 38 45 93492  0.01777458 -0.30653572  0.95136833
14 38 45 147364  0.01453018 -0.30929756  0.94890022
14 38 45 195651  0.0141983  -0.31160736  0.9496479 
14 38 45 245470  0.0137043  -0.30975914  0.95215988
14 38 45 294566  0.01271629 -0.30768013  0.95175171
14 38 45 343303  0.01432228 -0.30700684  0.95623779
14 38 45 396231  0.0138073  -0.30704498  0.94973564
14 38 45 445862  0.01746368 -0.30729485  0.9513588 
14 38 45 495384  0.01254463 -0.30717468  0.95121956
14 38 45 548638  0.01514816 -0.30858994  0.9458065 
14 38 45 598140  0.01673508 -0.3020134   0.95303345
14 38 45 646907  0.01670074 -0.30635643  0.94902802
14 38 45 695588  0.02163887 -0.30822372  0.94819069
14 38 45 745584  0.0148735  -0.30883598  0.95062447
14 38 45 798179  0.01592255 -0.30810547  0.95101357
14 38 45 857697  0.01631165 -0.30983543  0.95149231
14 38 45 904228  0.01327705 -0.30768013  0.95115089
14 38 45 946237  0.01113319 -0.30899429  0.95774841
14 38 45 998618  0.0151577  -0.31295013  0.9564209 
14 38 46 48187  0.01678848 -0.3101635   0.95250893
14 38 46 96957  0.01802635 -0.30591583  0.95051765
14 38 46 147452  0.01609612 -0.30581284  0.9497242 
14 38 46 195241  0.01696396 -0.30446815  0.94635963
14 38 46 248641  0.01086998 -0.30495453  0.94480133
14 38 46 297621  0.01641464 -0.30408859  0.94657326
14 38 46 347304  0.01195908 -0.30363464  0.94808006
14 38 46 395961  0.01325226 -0.30212784  0.95018196
14 38 46 461549  0.01403236 -0.30283165  0.95001984
14 38 46 506564  0.01640892 -0.30255318  0.95230675
14 38 46 557713  0.01978493 -0.30036926  0.94821739
14 38 46 604645  0.01495171 -0.30316734  0.95354271
14 38 46 650641  0.01465607 -0.30710411  0.94828796
14 38 46 699074  0.01665115 -0.30290794  0.95001602
14 38 46 748283  0.01630402 -0.30589485  0.94829941
14 38 46 798233  0.01514244 -0.30305672  0.9544735 
14 38 46 855944  0.01428413 -0.30575371  0.94901085
14 38 46 907234  0.01722527 -0.30531311  0.95313835
14 38 46 949578  0.01352501 -0.30438232  0.94712067
14 38 46 997715  0.01662254 -0.30513382  0.95719528
14 38 47 47536  0.01605797 -0.30736923  0.95412827
14 38 47 96477  0.01640129 -0.30923843  0.95150948
14 38 47 150069  0.01466942 -0.3085022   0.94827461
14 38 47 198808  0.01618385 -0.30879402  0.94803238
14 38 47 248952  0.01352501 -0.30942917  0.94879913
