16 6 50 168976 -0.00286961 -0.00814819  0.00124216
16 6 50 171306 -0.00346327 -0.00838614  0.00298214
16 6 50 190978  0.00153589 -0.00863695  0.00183582
16 6 50 193219  0.00177288 -0.0091424  -0.00272655
16 6 50 195509 -0.00797606 -0.00342464 -0.0024662 
16 6 50 262100 -0.00484276 -0.00387859  0.00169945
16 6 50 313416  0.00557995 -0.00837803  0.00287342
16 6 50 364677  0.00084591 -0.00529289  0.00134468
16 6 50 414604 -0.00461292 -0.00220346  0.00112629
16 6 50 465667 -0.00191927 -0.00466633  0.00302172
16 6 50 509996 -0.0039463  -0.00272369  0.00396395
16 6 50 562508 -0.00031519 -0.00396681  0.0034709 
16 6 50 610955  0.00117683 -0.00489855 -0.00058699
16 6 50 669480 -0.00901413  0.00211143 -0.00123072
16 6 50 714328 -0.00492907  0.00100613  0.00173998
16 6 50 761596  0.00366068 -0.00279951  0.00295067
16 6 50 812668  0.00113201 -0.00052929  0.00186157
16 6 50 861113 -0.00280952  0.00183392  0.00175095
16 6 50 917041 -0.00106812  0.0013833   0.00286436
16 6 50 962489 -0.00178194  0.00295734  0.00424099
16 6 51 11007 -0.00048637  0.00266409  0.00436878
16 6 51 69913 0.00476885 0.00096035 0.00164318
16 6 51 111001 -0.00384092  0.005826   -0.00237656
16 6 51 162538 -0.00886345  0.00867558  0.00080824
16 6 51 211103 0.00409412 0.00342512 0.00558043
16 6 51 263221 0.0078764  0.00143909 0.00490427
16 6 51 312840 -0.00200081  0.00699472  0.00322008
16 6 51 361576 -0.00182295  0.0075984   0.00391579
16 6 51 413188 0.00250149 0.00703573 0.00575161
16 6 51 463245 0.00188589 0.00685501 0.0066123 
16 6 51 513783 0.0045867  0.00528574 0.0044179 
16 6 51 562620 -0.00029993  0.00856829  0.00104666
16 6 51 609740 -0.00659323  0.01253319  0.00129509
16 6 51 663530 0.00149727 0.00933981 0.00522184
16 6 51 713246 0.00768375 0.00612497 0.00580025
16 6 51 765356 0.00272465 0.00973272 0.00404549
16 6 51 811084 -0.00158405  0.01214552  0.0036993 
16 6 51 863125 0.00199509 0.01107454 0.00470066
16 6 51 912064 0.00342178 0.01092339 0.00606585
16 6 51 963473 0.0059309  0.01047802 0.00595474
16 6 52 12502 0.00818872 0.00943422 0.00064945
16 6 52 64833 -0.00584269  0.01480389 -0.00343084
16 6 52 113530 -0.00608349  0.01574326  0.004282  
16 6 52 162288 0.01248741 0.0066185  0.00763798
16 6 52 209941 0.00943518 0.00836658 0.0043602 
16 6 52 261989 -0.00468779  0.01623106  0.00316763
16 6 52 310273 0.00313425 0.01297188 0.00522041
16 6 52 360979 0.00822115 0.01132298 0.00711918
16 6 52 411211 0.00854492 0.01199198 0.00620127
16 6 52 468656 0.00621986 0.01045704 0.00171232
16 6 52 511871 -0.00374126  0.0157342   0.00099087
16 6 52 561140 -0.00196743  0.01469898  0.00444317
16 6 52 610702 0.00917435 0.01007605 0.00562334
16 6 52 663873 0.00706959 0.01044369 0.00358295
16 6 52 716751 0.00017691 0.01373291 0.00281   
16 6 52 763966 0.00236654 0.01303053 0.00377131
16 6 52 816495 0.00340414 0.01237869 0.00614548
16 6 52 861317 0.00784111 0.01244974 0.00592852
16 6 52 911914  0.0086875   0.01062775 -0.00019979
16 6 52 961818 -0.00519466  0.01547194 -0.00145626
16 6 53 11284 -0.0054903   0.01571751  0.00394678
16 6 53 71607 0.00910234 0.00770569 0.00679159
16 6 53 113648 0.00782585 0.00886297 0.00318956
16 6 53 159308 -0.00181198  0.01357365  0.00314951
16 6 53 213069 0.00044203 0.01155329 0.00485373
16 6 53 263076 0.00233555 0.01031017 0.00656605
16 6 53 313380 0.00590038 0.00813055 0.00529957
16 6 53 364286 0.00244427 0.00743008 0.00172949
16 6 53 409598 -0.0063839   0.01246643  0.00248671
16 6 53 462431 -0.00282907  0.00996113  0.0038681 
16 6 53 511604 0.00264549 0.00551701 0.00385761
16 6 53 562544 -0.00063419  0.00653696  0.00254107
16 6 53 612700 -0.00233555  0.0071249   0.00264978
16 6 53 676718 -0.00235844  0.00547886  0.00378656
16 6 53 714187 -0.00565624  0.00475168  0.00506163
16 6 53 761013 -0.00280666  0.00295305  0.00581932
16 6 53 812424 0.00208759 0.00065994 0.00211763
16 6 53 863698 -0.00745916  0.00506973 -0.00183296
16 6 53 915770 -0.01361895  0.0058732   0.00128746
16 6 53 962571 -0.0017519  -0.00115395  0.00659418
16 6 54 9269  0.00097895 -0.00473976  0.00515032
16 6 54 67948 -0.00839472  0.00067902  0.00315428
16 6 54 110156 -0.00689316 -0.00012207  0.00438023
16 6 54 162125 -0.00402451 -0.00292778  0.00691891
16 6 54 210696 -0.00432348 -0.00531483  0.00810385
16 6 54 264564 -0.00183249 -0.0082159   0.00419474
16 6 54 314402 -0.01011229 -0.00374508  0.00082588
16 6 54 369075 -0.01556015 -0.00199366  0.00271511
16 6 54 414091 -0.00723648 -0.009027    0.00509691
16 6 54 463992 -0.00522327 -0.01147509  0.00516462
16 6 54 516981 -0.01143312 -0.00781202  0.00309801
16 6 54 564968 -0.01079035 -0.00754166  0.0038085 
16 6 54 612371 -0.00850868 -0.00995541  0.00504112
16 6 54 669617 -0.01046133 -0.01007175  0.00656414
16 6 54 713027 -0.00502634 -0.01366234  0.00472116
16 6 54 768047 -0.00765848 -0.01238728 -0.00141478
16 6 54 811578 -0.01949501 -0.00734425 -0.00111151
16 6 54 863722 -0.01178312 -0.01045275  0.00523376
16 6 54 914625 -0.00079632 -0.01917458  0.00615025
16 6 54 961688 -0.00947332 -0.01509714  0.00294113
16 6 55 13015 -0.01529551 -0.01076269  0.00384712
16 6 55 65640 -0.00730371 -0.01446486  0.00620842
16 6 55 113943 -0.0062542  -0.01516724  0.00750065
16 6 55 163553 -0.00424099 -0.01699305  0.00563145
16 6 55 210083 -0.00952768 -0.01693249  0.00164843
16 6 55 262811 -0.01657963 -0.01137018  0.00294733
16 6 55 313491 -0.00884962 -0.01509905  0.00525808
16 6 55 365587 -0.00299644 -0.01891947  0.00491571
16 6 55 412717 -0.00901699 -0.0163908   0.0039444 
16 6 55 462726 -0.00993299 -0.0150876   0.00339508
16 6 55 515403 -0.00788593 -0.01594687  0.00480795
16 6 55 561461 -0.0079608  -0.01459742  0.00559521
16 6 55 614204 -0.00181246 -0.01613331  0.00636768
16 6 55 668041 -0.00135374 -0.01790428  0.00151539
16 6 55 717294 -0.01310158 -0.01191568  0.00033569
16 6 55 762672 -0.01019764 -0.01318359  0.00311422
16 6 55 812285  0.00075817 -0.0188098   0.00602484
16 6 55 862203 -0.0021925  -0.0166564   0.00466347
16 6 55 911626 -0.00686836 -0.01381063  0.00434828
16 6 55 961654 -0.00441122 -0.01420021  0.00521994
16 6 56 14437 -0.00454283 -0.0134306   0.00688076
16 6 56 74726 -0.00216484 -0.01438284  0.00765467
16 6 56 112431  0.00303268 -0.01554298  0.00501013
16 6 56 161347 -0.00615072 -0.0100646   0.00126934
16 6 56 212817 -0.01012659 -0.00746441  0.00246954
16 6 56 262351  0.00061512 -0.01221848  0.00489235
16 6 56 313162  0.00333548 -0.01281166  0.00521708
16 6 56 362618 -0.00241566 -0.0083847   0.00409698
16 6 56 409356 -0.00123405 -0.00827122  0.00445032
16 6 56 461373  0.0008235  -0.00730467  0.00527239
16 6 56 509896 -0.0003562  -0.00576639  0.00637531
16 6 56 561362  0.00346518 -0.00644398  0.00663996
16 6 56 613285  0.00614738 -0.00601721  0.0025692 
16 6 56 670128 -0.00435543 -0.00089693 -0.00284195
16 6 56 714646 -0.00821352  0.00167894  0.00195169
16 6 56 760163  0.00604105 -0.00576162  0.00707388
16 6 56 813452  0.00882339 -0.00571203  0.00600624
16 6 56 864705 -0.00323677  0.00312233  0.00399113
16 6 56 913563 0.00101614 0.00371695 0.00533724
16 6 56 963340 0.00752211 0.00246477 0.00777721
16 6 57 12384 0.00520658 0.00485325 0.00765085
16 6 57 71899 0.00795507 0.00401688 0.00476122
16 6 57 111220 0.00215149 0.00645638 0.00057173
16 6 57 164488 -0.00479889  0.01146984  0.00149632
16 6 57 211213 0.00520372 0.00803852 0.00570107
16 6 57 262408 0.01291656 0.00476742 0.00631237
16 6 57 316085 0.00157595 0.01359463 0.00762606
16 6 57 361254 0.01612234 0.00477743 0.01249599
16 6 57 415770 0.01881266 0.00192165 0.01102304
16 6 57 463726 0.00595284 0.00733566 0.00972986
16 6 57 514550 0.0078578  0.00516891 0.01121807
16 6 57 564922 0.0111618  0.00153732 0.01378393
16 6 57 613957 0.00933313 0.00120354 0.01393223
16 6 57 661818  0.01274729 -0.00342607  0.00990677
16 6 57 713645  0.00415325 -0.00055122  0.00703859
16 6 57 766719 -0.00152302  0.00228071  0.00973701
16 6 57 812594  0.00873899 -0.00420046  0.01311445
16 6 57 863216  0.01104259 -0.00747156  0.01203585
16 6 57 913142  0.00185585 -0.00345516  0.010077  
16 6 57 963330  0.00275373 -0.00449991  0.01142263
16 6 58 14593  0.00563765 -0.0069623   0.0130372 
16 6 58 67715  0.00310707 -0.00759602  0.01282692
16 6 58 114279  0.00847578 -0.01221466  0.00873518
16 6 58 164687  0.00100422 -0.01038647  0.00451756
16 6 58 210394 -0.00902081 -0.0056119   0.00809288
16 6 58 261033  0.0032959  -0.01232862  0.01339245
16 6 58 313625  0.00898933 -0.01853228  0.01159573
16 6 58 361754 -0.0035038  -0.01222515  0.009799  
16 6 58 414644 -0.00427961 -0.01239872  0.01071835
16 6 58 462935  0.00136232 -0.01581717  0.01343393
16 6 58 512249  0.00090027 -0.01703978  0.01356506
16 6 58 560609  0.00214434 -0.02022219  0.00880051
16 6 58 612582 -0.00733614 -0.01789761  0.00671959
16 6 58 665334 -0.01157904 -0.01449728  0.01033735
16 6 58 716296 -0.00115156 -0.01964569  0.01304579
16 6 58 762550 -0.00097561 -0.02260542  0.01141167
16 6 58 809931 -0.00985003 -0.01920414  0.01004887
16 6 58 861584 -0.00866938 -0.0199585   0.01107693
16 6 58 911037 -0.00709677 -0.02062654  0.0130291 
16 6 58 961672 -0.00644684 -0.02161694  0.01300859
16 6 59 11492 -0.00328255 -0.0251441   0.00790644
16 6 59 72658 -0.01337576 -0.02141857  0.00592756
16 6 59 112943 -0.01622343 -0.01833534  0.01120663
16 6 59 161749 -0.00447798 -0.02402496  0.01345682
16 6 59 213223 -0.00580025 -0.02638245  0.01128149
16 6 59 264434 -0.01552486 -0.02151012  0.0109272 
16 6 59 313098 -0.01345921 -0.0231328   0.01232719
16 6 59 361638 -0.01199818 -0.02398252  0.01465893
16 6 59 409791 -0.01129484 -0.02509689  0.01345205
16 6 59 461870 -0.00982332 -0.02824926  0.00807142
16 6 59 513430 -0.02035427 -0.02258539  0.00746965
16 6 59 561093 -0.01913166 -0.02058363  0.01144886
16 6 59 612962 -0.00960302 -0.02575016  0.01318312
16 6 59 674944 -0.01210117 -0.0269289   0.01063108
16 6 59 714451 -0.02040958 -0.02239895  0.01027107
16 6 59 761491 -0.01734447 -0.0232749   0.01200771
16 6 59 813380 -0.01605988 -0.023808    0.01377535
16 6 59 862943 -0.01467276 -0.02450943  0.01185846
16 6 59 916734 -0.01535702 -0.02597189  0.00628519
16 6 59 964054 -0.02383709 -0.02063608  0.00651836
16 7 0 11737 -0.01988411 -0.01951361  0.01147652
16 7 0 73021 -0.01085711 -0.02443266  0.01184893
16 7 0 106772 -0.01558638 -0.0233655   0.00977659
16 7 0 160227 -0.02299595 -0.01881933  0.01009512
16 7 0 211431 -0.01905155 -0.02069235  0.01188993
16 7 0 265607 -0.01896524 -0.02009535  0.01288557
16 7 0 313063 -0.01713896 -0.02100849  0.00990057
16 7 0 361565 -0.01993704 -0.02126741  0.0063386 
16 7 0 413252 -0.02570629 -0.01535177  0.00802708
16 7 0 463554 -0.01819324 -0.015728    0.00957251
16 7 0 516676 -0.01223087 -0.01785707  0.00912094
16 7 0 566155 -0.01741934 -0.01502991  0.00809288
16 7 0 610529 -0.01901865 -0.01407528  0.00831938
16 7 0 662706 -0.01879644 -0.01430845  0.00892448
16 7 0 715380 -0.02041626 -0.01185322  0.0098753 
16 7 0 763320 -0.01485443 -0.01301479  0.00922394
16 7 0 812502 -0.01144934 -0.01306391  0.00311661
16 7 0 862351 -0.02496958 -0.00506735  0.00097847
16 7 0 912059 -0.02185488 -0.00409269  0.00653505
16 7 0 960561 -0.00683212 -0.01113653  0.00989199
16 7 1 13246 -0.00978374 -0.00877953  0.00712585
16 7 1 66732 -0.02066326 -0.00166082  0.00690985
16 7 1 114688 -0.01523924 -0.00330544  0.00796795
16 7 1 163217 -0.01339054 -0.0039444   0.00978279
16 7 1 209708 -0.01179028 -0.0022459   0.00841475
16 7 1 262559 -0.0075984 -0.0025835  0.0025444
16 7 1 311996 -1.93986893e-02  4.67157364e-03  2.67028809e-05
16 7 1 363421 -0.02031708  0.00778532  0.00463724
16 7 1 412827 -0.00497961  0.00043964  0.00827837
16 7 1 463788 -0.00445986  0.00113916  0.0057168 
16 7 1 513226 -0.01645088  0.00910902  0.0047307 
16 7 1 563577 -0.01121759  0.00939465  0.00527763
16 7 1 614775 -0.0078249   0.00808668  0.00704622
16 7 1 665460 -0.00654078  0.01154327  0.00610828
16 7 1 716876 -0.00318003  0.01026917 -0.00040436
16 7 1 763992 -0.01510811  0.01594543 -0.00153017
16 7 1 810970 -0.01465893  0.01912832  0.00409031
16 7 1 861024 0.00115061 0.01267767 0.00556231
16 7 1 910431 0.00064945 0.01424599 0.00306988
16 7 1 962102 -0.01160574  0.02164602  0.00217152
16 7 2 11619 -0.00563288  0.01994371  0.00393581
16 7 2 71023 -0.00212049  0.01997662  0.00568628
16 7 2 111944 0.00054455 0.02176809 0.00336123
16 7 2 161420 -0.00229836  0.02159548 -0.0009613 
16 7 2 212670 -0.00905991  0.02634764  0.00102329
16 7 2 261949 -0.00272322  0.02597952  0.0030942 
16 7 2 313456 0.00515223 0.0237627  0.00238419
16 7 2 362640 0.00150585 0.02729082 0.00122786
16 7 2 412101 -5.53131104e-05  2.78110504e-02  9.39846039e-04
16 7 2 461166 0.00212622 0.02768564 0.00146389
16 7 2 512593 -0.00111198  0.02969837  0.00255632
16 7 2 564350 0.00641584 0.0283761  0.00212288
16 7 2 611085  0.01197767  0.02629089 -0.00364542
16 7 2 668898 -0.00432014  0.03400087 -0.00609255
16 7 2 714496 -0.00300503  0.03380013  0.001647  
16 7 2 762432 0.01514721 0.0241847  0.00427151
16 7 2 814558 0.01174974 0.02681732 0.00170183
16 7 2 864206 0.00143957 0.03322935 0.0012064 
16 7 2 914892 0.00859547 0.0294528  0.00327682
16 7 2 967982 0.01082468 0.02816343 0.00393343
16 7 3 11827  0.01245165  0.02541399 -0.00024319
16 7 3 70375  2.43377686e-03  1.17301941e-04 -2.18753815e-01
16 7 3 112326 0.00362301 0.02998209 0.00180006
16 7 3 164847 0.0137825  0.02420855 0.00295687
16 7 3 211251 0.01292372 0.02355528 0.0017724 
16 7 3 264576 -0.00030756 -0.00775862 -0.01023865
16 7 3 314938 -0.00789356 -0.00535202 -0.01060867
16 7 3 364909 -0.00858498 -0.00320911 -0.00722504
16 7 3 413609 -0.0004344  -0.00860119 -0.00697803
16 7 3 463570 -0.00132465 -0.0094862  -0.00799084
16 7 3 515940 -0.00819445 -0.00806808 -0.00889778
16 7 3 564296 -0.00670481 -0.00988245 -0.00761557
16 7 3 611862 -0.00806189 -0.01021481 -0.00622272
16 7 3 661787 -0.00864553 -0.01111221 -0.00504351
16 7 3 713782 -0.00152445 -0.01685905 -0.00794649
16 7 3 765382 -0.00852299 -0.01566648 -0.01208591
16 7 3 811900 -0.0198884  -0.01006317 -0.00915098
16 7 3 863684 -0.00868177 -0.0159502  -0.00316334
16 7 3 913259 -0.00114775 -0.02235746 -0.00379419
16 7 3 965559 -0.01137877 -0.01782084 -0.00615072
16 7 4 15930 -0.01341915 -0.01651001 -0.00464582
16 7 4 66326 -0.00976658 -0.01946783 -0.00186062
16 7 4 117862 -0.01246691 -0.01946688 -0.00044012
16 7 4 163341 -0.00722885 -0.02347803 -0.00260019
16 7 4 209206 -0.0108161  -0.02270317 -0.00732899
16 7 4 262078 -0.02401209 -0.01599073 -0.00487089
16 7 4 311877 -0.01771259 -0.01980448  0.00043249
16 7 4 362587 -0.00723457 -0.02799463  0.00056219
16 7 4 412615 -0.01433229 -0.0238781  -0.00166845
16 7 4 464900 -0.01893187 -0.02019501 -0.00048447
16 7 4 513781 -0.01404905 -0.02325773  0.00213861
16 7 4 561949 -0.01622581 -0.02376652  0.00314093
16 7 4 617513 -0.01324654 -0.02585268  0.00091314
16 7 4 664763 -0.01532936 -0.02719784 -0.00321054
16 7 4 716240 -0.02482319 -0.02059841 -0.00125217
16 7 4 765996 -0.01830292 -0.02244139  0.0026474 
16 7 4 811077 -0.0104723  -0.02864218  0.00259829
16 7 4 861771 -0.01619005 -0.0259161   0.00084686
16 7 4 911681 -0.02061415 -0.02355385  0.0018816 
16 7 4 964672 -0.01709461 -0.0246892   0.00386763
16 7 5 13169 -0.01735687 -0.02457428  0.00638294
16 7 5 72864 -0.01270723 -0.0276804   0.00352144
16 7 5 114249 -0.01672363 -0.02694178 -0.00099707
16 7 5 162019 -0.02503443 -0.02090263  0.00115776
16 7 5 213022 -0.01747465 -0.02266693  0.00558233
16 7 5 264265 -0.00814199 -0.02789068  0.0050807 
16 7 5 316650 -0.01404047 -0.02503872  0.00308895
16 7 5 362187 -0.01865435 -0.02170372  0.00410795
16 7 5 409617 -0.01404238 -0.02299166  0.0054965 
16 7 5 461299 -0.01448774 -0.02224588  0.00680256
16 7 5 510179 -0.0092988  -0.02424145  0.00424767
16 7 5 561267 -0.01218557 -0.02466345 -0.00039291
16 7 5 611102 -0.02253628 -0.0173521   0.00099277
16 7 5 668906 -0.01591969 -0.01954556  0.00477171
16 7 5 714477 -0.00532675 -0.02511168  0.00529099
16 7 5 761371 -0.01068878 -0.02188969  0.00324678
16 7 5 813821 -0.01562166 -0.01706314  0.00409603
16 7 5 863449 -0.01101494 -0.01887655  0.00544405
16 7 5 915335 -0.01012135 -0.01901007  0.00680971
16 7 5 964516 -0.00612926 -0.01973724  0.00487661
16 7 6 11649 -0.00733089 -0.01892042  0.00011396
16 7 6 71324 -1.60794258e-02 -1.20029449e-02  1.43051147e-05
16 7 6 106418 -0.00939131 -0.01305246  0.00307798
16 7 6 165489  0.00030804 -0.01787615  0.003304  
16 7 6 210399 -0.00232792 -0.01408243  0.00173426
16 7 6 262374 -0.00579739 -0.01038313  0.00171423
16 7 6 314541 -0.00432587 -0.01060534  0.00273228
16 7 6 361751 -0.00443125 -0.01006746  0.0044775 
16 7 6 413970  0.00090218 -0.01027918  0.00423384
16 7 6 464061  0.00479031 -0.01036692 -0.00125027
16 7 6 516683 -0.00739908 -0.00401068 -0.00443029
16 7 6 566285 -0.00852013 -0.00153732 -0.00013399
16 7 6 614245  0.0076828  -0.00869942  0.00387812
16 7 6 669603  0.01082802 -0.00832272  0.00201893
16 7 6 713365 -0.00084114 -0.00058508  0.00114012
16 7 6 766243  0.00157452 -0.00036097  0.00272846
16 7 6 813276  0.00759745 -0.00198221  0.00473022
16 7 6 863139  0.0090723  -0.00036383  0.00476551
16 7 6 912304  0.01273775 -0.00161219  0.00036144
16 7 6 960454  0.00435448  0.00286961 -0.00339508
16 7 7 13107 -6.32762909e-04  7.89737701e-03  9.15527344e-05
16 7 7 65830 0.01276541 0.00270367 0.00386524
16 7 7 113946 0.01912022 0.00011683 0.00164223
16 7 7 162190 0.00783873 0.00734425 0.00014639
16 7 7 211073 0.00954819 0.00926208 0.00151968
16 7 7 262029 0.01476669 0.00853348 0.00288677
16 7 7 310654 0.01481724 0.01043844 0.00319433
16 7 7 361753  0.02006817  0.00825071 -0.00153732
16 7 7 410349  0.01311111  0.01088047 -0.0066061 
16 7 7 465193  0.00359726  0.01877308 -0.00248861
16 7 7 511964 0.01748991 0.01375437 0.00219488
16 7 7 560321  2.76641846e-02  7.58504868e-03 -9.29832458e-05
16 7 7 612422  0.01501322  0.01617527 -0.00218678
16 7 7 665598  0.01196384  0.02077961 -0.00069475
16 7 7 716932 0.01989555 0.01658535 0.00126934
16 7 7 761569 0.02284193 0.01786757 0.00160408
16 7 7 809092  0.0226922   0.0177021  -0.00374079
16 7 7 861685  0.01548004  0.02057552 -0.00576115
16 7 7 911555  0.01264095  0.02470207 -0.00343943
16 7 7 964009  0.02249002  0.02139378 -0.00183868
16 7 8 12589  0.02762365  0.01903343 -0.00304604
16 7 8 73607  0.01960754  0.02416563 -0.00474024
16 7 8 113913  0.01927376  0.02514172 -0.00340939
16 7 8 161712  0.02130938  0.02448845 -0.00200462
16 7 8 212612  0.02373266  0.02505398 -0.00215673
16 7 8 263595  0.03025103  0.02105808 -0.00794888
16 7 8 315677  0.01684952  0.02667952 -0.01100588
16 7 8 364864  0.01122141  0.0320406  -0.0052681 
16 7 8 413794  0.02717161  0.02298164 -0.00207901
16 7 8 460892  0.03103876  0.01997614 -0.00555134
16 7 8 510362  0.01701689  0.02844524 -0.0059123 
16 7 8 561936  0.01875257  0.02773237 -0.00359154
16 7 8 611362  0.02394342  0.02436972 -0.00182438
16 7 8 671211  0.02275229  0.02558279 -0.0031724 
16 7 8 713566  0.0228467   0.02337885 -0.00763226
16 7 8 760894  0.01622391  0.02722311 -0.00697422
16 7 8 814310  0.01583958  0.0298233  -0.00438499
16 7 8 866538  0.02399349  0.02383089 -0.00487041
16 7 8 914789  0.02351713  0.02458048 -0.00659895
16 7 8 965230  0.019238    0.02709007 -0.00696421
16 7 9 11372  0.02049494  0.02564716 -0.00612164
16 7 9 72228  0.01897192  0.02603865 -0.00439262
16 7 9 110585  0.02244997  0.0249238  -0.00479794
16 7 9 162610  0.02647495  0.02130651 -0.01034307
16 7 9 210490  0.01431227  0.02707052 -0.01180458
16 7 9 264087  0.0136013  0.0276227 -0.0068655
16 7 9 311095  0.02719259  0.0203042  -0.00483227
16 7 9 363235  0.02524185  0.02030897 -0.00758791
16 7 9 415089  0.01634026  0.02424145 -0.00794029
16 7 9 465931  0.01945162  0.0219779  -0.00625944
16 7 9 514602  0.01993752  0.02085733 -0.00424147
16 7 9 564121  0.02069759  0.01905298 -0.00492859
16 7 9 611063  0.02229786  0.01576662 -0.00963831
16 7 9 670993  0.01050043  0.02064323 -0.0103898 
16 7 9 711823  0.0094142   0.0216651  -0.00710487
16 7 9 766905 -0.02489662 -0.02899933  0.00443745
16 7 9 812347 -0.01395702 -0.03185797  0.00483894
16 7 9 864925 -0.0176487  -0.02724886  0.00271416
16 7 9 913105 -0.02416086 -0.02113724  0.00310183
16 7 9 962972 -0.0233593  -0.01943398  0.00500441
16 7 10 12469 -0.02387094 -0.0170126   0.00633812
16 7 10 67045 -0.01911259 -0.01512289  0.00407028
16 7 10 114589 -0.01676321 -0.01302481 -0.00164795
16 7 10 163106 -0.03155231 -0.00369596 -0.00163126
16 7 10 211667 -0.02786684 -0.0010252   0.00456953
16 7 10 261891 -0.01434612 -0.0053277   0.00584745
16 7 10 313177 -0.01919365  0.00025845  0.00342083
16 7 10 363944 -0.02711201  0.00804472  0.00357533
16 7 10 412265 -0.02348518  0.00975513  0.00565052
16 7 10 463827 -0.02255487  0.01304436  0.00738955
16 7 10 514551 -0.01870441  0.01396894  0.00448561
16 7 10 563822 -0.01923466  0.01723623 -0.00067377
16 7 10 615477 -0.0302062   0.02520037 -0.00040531
16 7 10 665176 -0.02389145  0.02741003  0.00438833
16 7 10 716931 -0.01116037  0.02483749  0.00483465
16 7 10 763797 -0.01627922  0.03108358  0.00248241
16 7 10 811980 -0.02286053  0.03679371  0.00331926
16 7 10 864082 -0.0177412   0.03798246  0.00490952
16 7 10 912526 -0.01661587  0.0418849   0.00616169
16 7 10 963569 -0.01097584  0.04205894  0.00272703
16 7 11 14051 -0.01396751  0.0441637  -0.00275183
16 7 11 73972 -0.02656269  0.05223227 -0.00105524
16 7 11 108239 -0.01633263  0.05168438  0.00425482
16 7 11 161247 -0.00422812  0.0483799   0.00399208
16 7 11 211772 -0.01232147  0.05455208  0.00133562
16 7 11 264615 -0.01795864  0.05844927  0.00224495
16 7 11 317334 -0.01351643  0.05832243  0.00377655
16 7 11 362234 -0.01083851  0.0604353   0.00472927
16 7 11 410164 -0.00615406  0.0593667   0.00083733
16 7 11 460168 -0.01300097  0.06157398 -0.00247574
16 7 11 509109 -0.01677227  0.06603527 -0.00079679
16 7 11 560976 -0.00822735  0.06435871 -0.00020409
16 7 11 611748 -0.00135899  0.0610261   0.00030136
16 7 11 670497 -0.00735378  0.06435537 -0.00116014
16 7 11 713813 -0.00984144  0.06515837 -0.0003705 
16 7 11 761551 -0.0077734   0.06457281  0.00031805
16 7 11 816188 -0.00842762  0.06714869  0.00194168
16 7 11 862813  0.00644541  0.05961657 -0.00091553
16 7 11 914323 -0.0041585   0.06339502 -0.00748205
16 7 11 962185 -0.02001143  0.06997347 -0.00465393
16 7 12 9533 0.00018978 0.05944967 0.00184298
16 7 12 70485 0.00980091 0.05523872 0.001194  
16 7 12 106647 -0.00206757  0.06167078 -0.00239992
16 7 12 166209 -0.0030365   0.0601511  -0.00120831
16 7 12 210640 0.00117636 0.05613661 0.00163746
16 7 12 262656 -0.00013971  0.05504942  0.00255823
16 7 12 312267  0.00675631  0.05080605 -0.00130224
16 7 12 362127 -0.00135469  0.0521369  -0.00333691
16 7 12 413086 -0.00570202  0.0531683  -0.00163555
16 7 12 461409  0.00487089  0.04751062 -0.00017834
16 7 12 513161  0.00774479  0.04495573 -0.00134993
16 7 12 562485  0.00318766  0.04475021 -0.00261545
16 7 12 611049  0.00474262  0.04172087 -0.00225782
16 7 12 667647  0.00286388  0.04138041 -0.0004425 
16 7 12 714793 0.00137091 0.04088545 0.00094318
16 7 12 763952  0.01138973  0.03326416 -0.0011549 
16 7 12 810783  0.00749588  0.0325861  -0.00606203
16 7 12 863027 -0.00250387  0.03706741 -0.00524902
16 7 12 911684  0.0064373   0.03102446 -0.00037289
16 7 12 963265  0.01456213  0.02462912 -0.0001564 
16 7 13 14474  0.00918293  0.02539968 -0.00238132
16 7 13 66393  0.00529766  0.02461863 -0.00251913
16 7 13 114309  7.97510147e-03  2.23288536e-02 -2.76565552e-05
16 7 13 162621 0.00882292 0.02051544 0.001863  
16 7 13 208908  1.39312744e-02  1.45587921e-02 -7.48634338e-05
16 7 13 260826  0.01004219  0.01325989 -0.00461817
16 7 13 309823  0.00118589  0.01614761 -0.00416946
16 7 13 360645  0.00658941  0.01332521 -0.00095844
16 7 13 411227  0.01427174  0.00755596 -0.00012159
16 7 13 463491  0.01049948  0.00634241 -0.00159073
16 7 13 513445  0.00544739  0.00690699 -0.00163031
16 7 13 562396  0.00740194  0.00545835 -0.00012922
16 7 13 614360 0.00816011 0.0025692  0.00134659
16 7 13 667830  0.01146984 -0.00123405  0.00160694
16 7 13 716276  0.01454973 -0.00429344 -0.00401497
16 7 13 763997  0.00237274 -0.00038958 -0.0065856 
16 7 13 810359  0.00112772 -0.00037861 -0.00061131
16 7 13 862236  0.01566315 -0.00905704  0.00225973
16 7 13 912460  0.01472664 -0.011549   -0.00038433
16 7 13 962978  0.0044198  -0.00766611 -0.00103664
16 7 14 13163  0.00647163 -0.00999928  0.0005374 
16 7 14 73958  0.00994635 -0.0137434   0.00336218
16 7 14 107519  0.01071739 -0.01534653  0.00262213
16 7 14 160690  0.01026249 -0.01926088 -0.00181532
16 7 14 212396  0.00292492 -0.01625156 -0.00200844
16 7 14 263607  0.00422382 -0.01662636  0.00082541
16 7 14 317726  0.01253462 -0.02134562  0.00130415
16 7 14 362958  1.00431442e-02 -2.38094330e-02  8.58306885e-06
16 7 14 410196  0.00345612 -0.02303791 -0.00026369
16 7 14 461138  0.00380707 -0.02373838  0.00071001
16 7 14 511376  0.0039382  -0.02549601  0.00141764
16 7 14 562793  0.00536537 -0.02699757  0.0027833 
16 7 14 613094  0.01072121 -0.03129292 -0.00181007
16 7 14 669988  0.00237894 -0.02966022 -0.00659323
16 7 14 713879 -0.00660515 -0.02513885 -0.00221443
16 7 14 760970  0.00699186 -0.0326829   0.00287819
16 7 14 812018  0.01176834 -0.0377121   0.00186205
16 7 14 860713 -0.00137854 -0.03266239 -0.00093222
16 7 14 912647 -0.00302601 -0.03197384  0.00077009
16 7 14 962413  0.00236893 -0.03620195  0.00347233
16 7 15 9564  0.00215483 -0.03717184  0.00375032
16 7 15 72685  0.003438   -0.03983688 -0.00030518
16 7 15 110682 -0.00335073 -0.03713655 -0.00197077
16 7 15 166585 -0.00723886 -0.0337863   0.00080156
16 7 15 211677  0.00077915 -0.03876019  0.00190306
16 7 15 262262  0.00125742 -0.04113817  0.00095272
16 7 15 311325 -0.00444746 -0.03890514 -0.00014782
16 7 15 360903 -0.00510311 -0.03803921  0.00053406
16 7 15 413068 -0.00430775 -0.03788376  0.0012145 
16 7 15 465733 -0.00593328 -0.03827381  0.00268269
16 7 15 515137  0.00043011 -0.04163456  0.00060844
16 7 15 563853 -0.00211906 -0.03986406 -0.00475073
16 7 15 612084 -0.0146203  -0.03292894 -0.00378275
16 7 15 667943 -0.00772238 -0.03532028  0.0015769 
16 7 15 712201  0.00292206 -0.04187012 -0.84374046
16 7 15 767072 -0.00427723 -0.03779697 -0.00017405
16 7 15 813562 -1.09758377e-02 -3.32503319e-02  2.67028809e-05
16 7 15 863456 -0.00632906 -0.0357585   0.00190735
16 7 15 914307 -0.00622654 -0.03558683  0.00354862
16 7 15 963079 -0.00360489 -0.03574944  0.00147295
16 7 16 12973 -0.0064621  -0.03379202 -0.00311947
16 7 16 68458  0.01293564  0.04294634 -0.00694418
16 7 16 116395 -0.00196743  0.04945755 -0.0067687 
16 7 16 161512  0.00340319  0.04481792 -0.00416565
16 7 16 208691  0.01182365  0.04065752 -0.00298452
16 7 16 260234  0.0124712   0.04174423 -0.00496912
16 7 16 309872  0.00612116  0.04132605 -0.01010799
16 7 16 362525 -8.44001770e-05  4.25362587e-02 -9.69743729e-03
16 7 16 412902  0.00402594  0.03971004 -0.00485039
16 7 16 463818  0.01187038  0.03511477 -0.00450325
16 7 16 514954  0.00884914  0.03515196 -0.0066185 
16 7 16 563079  0.00152206  0.03632736 -0.00598764
16 7 16 615873  0.00340843  0.03444672 -0.00484753
16 7 16 667133  0.00513077  0.03280544 -0.00381422
16 7 16 715605  0.01091766  0.03039026 -0.0052166 
16 7 16 762650  0.00920248  0.02732658 -0.01176786
16 7 16 811156 -0.00324869  0.03264952 -0.01095057
16 7 16 862305  0.00107241  0.02989578 -0.00527239
16 7 16 912917  0.01334953  0.02133226 -0.00593901
16 7 16 964181  0.00818682  0.02149868 -0.00861073
16 7 17 10408  0.00079823  0.0250082  -0.00903702
16 7 17 69421  0.00454807  0.02182817 -0.00655508
16 7 17 112678  0.00541019  0.01835346 -0.00512505
16 7 17 164228  0.00818348  0.01518631 -0.00840425
16 7 17 211855  0.00297737  0.01360607 -0.01105499
16 7 17 262404 -0.00190449  0.01722336 -0.00888968
16 7 17 320776  0.00413752  0.0138731  -0.00689363
16 7 17 364674  0.0082655   0.00928497 -0.00771093
16 7 17 410158  0.0055027   0.0083518  -0.00897694
16 7 17 462167  0.00263453  0.00800037 -0.00851059
16 7 17 509676  0.001688    0.00620461 -0.00761318
16 7 17 562501  0.00013494  0.00327015 -0.00641727
16 7 17 612429  0.00583029 -0.00076199 -0.0076623 
16 7 17 671764  0.00705004 -0.00339174 -0.01338673
16 7 17 715621 -0.00704718  0.00265598 -0.01405525
16 7 17 764196 -0.00338221 -0.00046158 -0.00778818
16 7 17 812032  0.01035595 -0.01012325 -0.00670958
16 7 17 862195  0.00512362 -0.00881004 -0.00916815
16 7 17 913366 -0.00336027 -0.00587273 -0.00931549
16 7 17 962844  0.00171804 -0.01017189 -0.00711203
16 7 18 13110  0.0001235  -0.01221037 -0.00462103
16 7 18 70947  0.00077724 -0.01496553 -0.00619841
16 7 18 107565  0.00141001 -0.01813841 -0.01143742
16 7 18 164091 -0.00723886 -0.01317263 -0.01057434
16 7 18 210929 -0.00554609 -0.01446056 -0.00762463
16 7 18 263778  0.00336504 -0.02164984 -0.00701618
16 7 18 315165 -0.0026474  -0.02176952 -0.00832891
16 7 18 362067 -0.00768566 -0.02027369 -0.00834179
16 7 18 413678 -0.00391626 -0.02219868 -0.00704002
16 7 18 466348 -0.00460529 -0.02340078 -0.00467634
16 7 18 516667 -0.00337029 -0.02621508 -0.00533581
16 7 18 562747  0.00101614 -0.03040934 -0.01158476
16 7 18 611930 -0.01214838 -0.02444649 -0.01390743
16 7 18 668535 -0.01375008 -0.0233736  -0.00699282
16 7 18 712786  0.00268221 -0.03246164 -0.00479269
16 7 18 767052 -0.00018549 -0.03404427 -0.00800419
16 7 18 812518 -0.01315641 -0.02809954 -0.00860882
16 7 18 863778 -0.00905371 -0.0310626  -0.00710917
16 7 18 912535 -0.00591278 -0.03311634 -0.0043869 
16 7 18 962788 -0.00531054 -0.0345583  -0.00583935
16 7 19 14086 -0.00588322 -0.03712082 -0.01071787
16 7 19 67561 -0.01546526 -0.03119421 -0.01016617
16 7 19 117415 -0.012465   -0.03092146 -0.00634241
16 7 19 165035 -0.00256824 -0.03649998 -0.00605202
16 7 19 209547 -0.00556564 -0.03598881 -0.00791454
16 7 19 262785 -0.01268244 -0.03343296 -0.00786304
16 7 19 312755 -0.0115633  -0.033741   -0.00598288
16 7 19 362177 -0.01099014 -0.03329802 -0.00464392
16 7 19 413258 -0.0073452  -0.03479052 -0.00634098
16 7 19 463202 -0.00454855 -0.03715658 -0.01181698
16 7 19 513615 -0.01636744 -0.03064823 -0.01175976
16 7 19 563363 -0.01394892 -0.02979183 -0.00733566
16 7 19 614597 -0.00105762 -0.0357275  -0.0061121 
16 7 19 664146 -0.00402069 -0.03476858 -0.00767899
16 7 19 717670 -0.01193905 -0.02964735 -0.00827503
16 7 19 763795 -0.01054192 -0.03026772 -0.00642395
16 7 19 811118 -0.00945854 -0.03012276 -0.00447464
16 7 19 860710 -0.00436974 -0.03089714 -0.00653601
16 7 19 912953 -0.00597477 -0.03103352 -0.01067877
16 7 19 962990 -0.01531553 -0.02319098 -0.00958681
16 7 20 11726 -0.00977468 -0.02441931 -0.00738859
16 7 20 71571 -0.00086212 -0.02818441 -0.00747299
16 7 20 113446 -0.00511122 -0.02498627 -0.00817537
16 7 20 161246 -0.00884819 -0.02183151 -0.00808859
16 7 20 214247 -0.00799847 -0.02159929 -0.00649786
16 7 20 260768 -0.00834846 -0.01944113 -0.00527382
16 7 20 312374 -0.00370216 -0.01943493 -0.00580359
16 7 20 365036  0.00279856 -0.02062798 -0.01122141
16 7 20 410403 -0.01149988 -0.01323557 -0.01413298
16 7 20 460401 -0.01347494 -0.01069403 -0.00835752
16 7 20 509584  0.00258732 -0.01700926 -0.00423765
16 7 20 562161  0.00298214 -0.01614428 -0.00666571
16 7 20 612914 -0.00752449 -0.00837612 -0.00770521
16 7 20 668874 -0.00383425 -0.00760078 -0.00613832
16 7 20 713846 -0.00117731 -0.00800467 -0.00380611
16 7 20 762023 -0.00041008 -0.00618029 -0.00397587
16 7 20 813990  0.00206661 -0.00667286 -0.00876236
16 7 20 867413 -0.00790739 -0.00016928 -0.00942802
16 7 20 915232 -0.00737286  0.00231743 -0.00657606
16 7 20 965942  0.00427723 -0.00152302 -0.00531101
16 7 21 11559  0.00399065  0.00038433 -0.00609016
16 7 21 73177 -0.00223207  0.00530577 -0.00652266
16 7 21 106845 -8.29696655e-05  6.11829758e-03 -5.88130951e-03
16 7 21 167459  0.00025892  0.00863647 -0.00465202
16 7 21 211378  0.00079775  0.01035118 -0.00375795
16 7 21 262381  0.00781202  0.00803185 -0.00688124
16 7 21 313207  0.00281906  0.01157427 -0.0123105 
16 7 21 363701 -0.007658    0.01761389 -0.01109076
16 7 21 414644  0.00217915  0.01466513 -0.00488234
16 7 21 462272  0.01176739  0.01149273 -0.00471115
16 7 21 514142  0.0039506   0.0172677  -0.00684881
16 7 21 561498 -0.00021744  0.02046585 -0.00660181
16 7 21 608842  0.00486946  0.01998901 -0.00407982
16 7 21 668228  0.00584316  0.02063751 -0.00266361
16 7 21 712331  0.00971985  0.01969528 -0.00455189
16 7 21 766711 -0.00261068  0.02684498 -0.00935078
16 7 21 811410  0.00504923  0.02489233 -0.00629425
16 7 21 864408 1.36933327e-02 8.53538513e-05 3.09373140e+00
16 7 21 911755  0.0086832   0.02515411 -0.0061779 
16 7 21 961553  0.00385523  0.02729225 -0.00636768
16 7 22 11671  0.00613403  0.02695227 -0.00536394
16 7 22 64904 -0.00034189 -0.02313757  0.00372839
16 7 22 112998  0.00350428 -0.02657509  0.00468302
16 7 22 166171  0.00388908 -0.02615213  0.00471878
16 7 22 210348  0.00511122 -0.0270052   0.00010252
16 7 22 261584 -0.0030818  -0.02079248 -0.00101376
16 7 22 312427  0.00028944 -0.02098751  0.00117159
16 7 22 361401  0.01186991 -0.02644491  0.00170994
16 7 22 411872  0.00860834 -0.0247364   0.00141287
16 7 22 462697  0.00256777 -0.02163124  0.00111437
16 7 22 510549  0.00536919 -0.02188015  0.00164223
16 7 22 560114  0.00622845 -0.02174854  0.00221205
16 7 22 611862  0.00646257 -0.02084732  0.00325823
16 7 22 663336  0.01489878 -0.02246428  0.00025034
16 7 22 716319  0.00849676 -0.01997995 -0.00711489
16 7 22 762108 -0.00579882 -0.01264191 -0.0049324 
16 7 22 808675  0.00875521 -0.01787949  0.00243855
16 7 22 860714  0.02161551 -0.02431345  0.00162125
16 7 22 911767  0.00651836 -0.01566458 -0.00151205
16 7 22 962173  0.00333309 -0.01022673 -0.00014305
16 7 23 11286  0.01604033 -0.01497507  0.00233316
16 7 23 74376  0.01627016 -0.01429558  0.00320673
16 7 23 113803  0.01604652 -0.01271486 -0.00046825
16 7 23 161887  0.0109725  -0.01127338 -0.00466251
16 7 23 212449  0.00464964 -0.00597858 -0.00315475
16 7 23 263117  0.01333809 -0.0081892  -0.00028658
16 7 23 314838  0.02014637 -0.0100565  -0.00056791
16 7 23 368102  0.01195288 -0.0059948  -0.00200796
16 7 23 411736  0.00954437 -0.00320005 -0.00189447
16 7 23 463917  1.53350830e-02 -2.75850296e-03 -7.72476196e-05
16 7 23 511670  0.01488876 -0.00102043  0.0005722 
16 7 23 562474  0.01848412 -0.00280046 -0.00149202
16 7 23 615025  0.016047   -0.00305843 -0.00691223
16 7 23 668879  0.00520325  0.00416708 -0.00579977
16 7 23 713263  0.013978    0.00228071 -0.00146151
16 7 23 759590  0.02405882 -0.00160074 -0.00126886
16 7 23 812541  0.01554823  0.00189018 -0.00292921
16 7 23 861581  0.01032877  0.00628424 -0.00256014
16 7 23 915954  0.0146265   0.00484133 -0.00058079
16 7 23 965223 0.01604939 0.00621986 0.00092459
16 7 24 11296  0.02071571  0.00447559 -0.00117874
16 7 24 70553  0.0161109   0.00577307 -0.0065155 
16 7 24 107662  0.00384808  0.01185703 -0.00565004
16 7 24 164498 1.21817589e-02 8.09288025e-03 9.15527344e-05
16 7 24 210926 0.02341747 0.00346804 0.00095797
16 7 24 264496  0.01467609  0.00614738 -0.0008688 
16 7 24 313112 8.36181641e-03 1.04556084e-02 2.57492065e-05
16 7 24 363896 0.01467752 0.00815201 0.00325823
16 7 24 414267 0.01434088 0.00870132 0.00456619
16 7 24 463624 0.01392651 0.00763941 0.00249767
16 7 24 514959  0.01486731  0.00445604 -0.00256395
16 7 24 564500  0.0014863   0.01191807 -0.00123787
16 7 24 611770 0.00743151 0.01042557 0.00367022
16 7 24 667848 0.02040052 0.00355959 0.00383806
16 7 24 714030 0.01302624 0.00660133 0.00142622
16 7 24 766148 0.00352907 0.01215744 0.00199366
16 7 24 811904 0.00924206 0.01039934 0.00465536
16 7 24 862779 0.01212835 0.0095439  0.00602627
16 7 24 915412 0.01189327 0.00770235 0.00359344
16 7 24 963917 0.00537634 0.00929213 0.00071335
16 7 25 15093 0.0019021  0.0124383  0.00291443
16 7 25 66535 0.00897789 0.01109409 0.0052042 
16 7 25 115631 0.01216316 0.00972557 0.00463486
16 7 25 162837 0.00758886 0.0104537  0.00338507
16 7 25 209559 0.00453091 0.01315641 0.00434589
16 7 25 262068 0.00447178 0.01207161 0.00555754
16 7 25 313961 0.00375605 0.01289368 0.00725174
16 7 25 363163 0.00804901 0.01060438 0.00571728
16 7 25 415263 0.00686073 0.00935841 0.00027514
16 7 25 463099 -0.00735044  0.01676178  0.00061131
16 7 25 515615 -0.0005331   0.01451969  0.00656891
16 7 25 562872 0.01132107 0.00792933 0.00768042
16 7 25 615112 0.00274324 0.01160908 0.00475311
16 7 25 663877 -0.00322294  0.01541281  0.0050602 
16 7 25 716393 0.00307846 0.01274109 0.00797701
16 7 25 764966 0.00205278 0.0124898  0.00958776
16 7 25 811766 0.00293875 0.01078367 0.00823259
16 7 25 861921 0.0003376  0.00984859 0.00410223
16 7 25 912490 -0.00883961  0.01605415  0.00539017
16 7 25 963229 -0.00275326  0.01382494  0.00749731
16 7 26 13346 0.00427389 0.01010036 0.00821829
16 7 26 70975 -0.00237942  0.01219273  0.00727415
16 7 26 112322 -0.00430202  0.01327229  0.00768995
16 7 26 163428 -0.0032239   0.01287222  0.00896549
16 7 26 213992 -0.00597239  0.01285553  0.01061773
16 7 26 262769 -0.00442743  0.01085997  0.01139688
16 7 26 315246 0.00168991 0.00843763 0.00746584
16 7 26 364174 -0.00989103  0.0130024   0.00204229
16 7 26 410932 -0.0177846   0.01627493  0.0059309 
16 7 26 462527 -0.0028367   0.00954533  0.01234341
16 7 26 513362 0.00227404 0.00380278 0.01046658
16 7 26 563610 -0.012043    0.01213646  0.0086751 
16 7 26 612298 -0.01197624  0.01328421  0.00991201
16 7 26 669246 -0.005301    0.00850677  0.01300955
16 7 26 714962 -0.00707865  0.0076232   0.01351595
16 7 26 760315 -0.0063653   0.00680161  0.00960922
16 7 26 815822 -0.01413965  0.00907278  0.00727224
16 7 26 861755 -0.01687241  0.0113945   0.00944233
16 7 26 918131 -0.00817108  0.00644016  0.01102161
16 7 26 961236 -0.00702524  0.00536442  0.00997448
16 7 27 9471 -0.01364899  0.00753784  0.00876427
16 7 27 68528 -0.01416349  0.00768471  0.00922012
16 7 27 109957 -0.01340151  0.00619555  0.01002216
16 7 27 161670 -0.0143795   0.00602102  0.01094818
16 7 27 210418 -0.00791359  0.00257206  0.00899172
16 7 27 261851 -0.01038218  0.00266743  0.00281668
16 7 27 310581 -0.0237565   0.00901556  0.00286245
16 7 27 359682 -0.01504612  0.00441027  0.00910044
16 7 27 412629 -0.00192785 -0.00293875  0.00996161
16 7 27 463070 -0.00893021 -0.00018024  0.00675917
16 7 27 512733 -0.01704788  0.00470495  0.00700712
16 7 27 561962 -0.01162338  0.00139046  0.00958061
16 7 27 608824 -0.00959682 -0.00155115  0.01094294
16 7 27 667474 -0.00729847 -0.00350094  0.00822306
16 7 27 711876 -0.0126729  -0.00241852  0.00463915
16 7 27 763898 -0.01897192  0.00179195  0.00602722
16 7 27 810819 -0.01134062 -0.00261879  0.00697422
16 7 27 862371 -0.00578833 -0.00573111  0.00661373
16 7 27 915123 -0.01036453 -0.00356674  0.005054  
16 7 27 960781 -0.01275682 -0.00390863  0.0054493 
16 7 28 12822 -0.01137781 -0.00438881  0.00514698
16 7 28 64331 -0.01181412 -0.00479698  0.00540304
16 7 28 112776 -0.00806856 -0.00561762  0.00609207
16 7 28 161315 -6.96182251e-05 -9.14239883e-03  2.17819214e-03
16 7 28 208199 -0.00942278 -0.00558281 -0.004457  
16 7 28 261463 -0.020226   -0.00030899 -0.00092173
16 7 28 312133 -0.00300169 -0.00923061  0.00653887
16 7 28 363362  0.00577211 -0.01511908  0.00509071
16 7 28 413495 -0.00853586 -0.00724936  0.00248051
16 7 28 463668 -0.00987959 -0.00532722  0.0036006 
16 7 28 512759 -0.00106239 -0.00969696  0.00607872
16 7 28 560455 -0.00140142 -0.01164818  0.00611687
16 7 28 615425 -0.00012159 -0.011271    0.00318098
16 7 28 664040 -0.00464725 -0.01041889 -0.00075769
16 7 28 718886 -0.00530148 -0.00948858  0.00322342
16 7 28 764246 -0.00357819  0.00762177  0.00051785
16 7 28 812321 -0.00390911  0.00914335  0.00194025
16 7 28 861646 -0.00060034  0.00872993  0.00010347
16 7 28 912926 -0.00334311  0.00595665 -0.00460768
16 7 28 962961 -0.01117039  0.00932503 -0.00307226
16 7 29 13586 -0.00490093  0.0049634  -0.00196552
16 7 29 72419  0.00260639  0.00037241 -0.00252342
16 7 29 113612 -0.00445938  0.00448132 -0.00360775
16 7 29 162208 -0.00664186  0.00418949 -0.00379324
16 7 29 214004 -0.00388241  0.00215292 -0.00361252
16 7 29 263895 -0.00709581  0.00394869 -0.0028758 
16 7 29 314616 -0.00301266  0.00157022 -0.00281858
16 7 29 363980  0.00424385 -0.00295258 -0.0077095 
16 7 29 412460 -0.00956154  0.00243521 -0.01164865
16 7 29 463093 -0.01360273  0.00369358 -0.00784826
16 7 29 514111  0.00073147 -0.00559902 -0.00390816
16 7 29 562369  0.00336218 -0.00745106 -0.00549269
16 7 29 612746 -0.00614882 -0.00169134 -0.00716877
16 7 29 672999 -0.00380993 -0.00297976 -0.00581932
16 7 29 714937 -0.0003767  -0.00643444 -0.00333595
16 7 29 759572  0.00107718 -0.00744677 -0.00243807
16 7 29 812207  0.00439882 -0.01064014 -0.00648689
16 7 29 860696 -0.0065012  -0.00610971 -0.00929546
16 7 29 913420 -0.01122379 -0.00431871 -0.00679541
16 7 29 963215  0.00023413 -0.01118469 -0.00499105
16 7 30 9265  0.00091314 -0.01220655 -0.00601482
16 7 30 71744 -0.00539589 -0.00854015 -0.00652361
16 7 30 111132 -0.00313711 -0.01106262 -0.00675058
16 7 30 165365 -0.0035696  -0.01112461 -0.00577068
16 7 30 211084 -0.0057292  -0.01063919 -0.00462437
16 7 30 263769  0.0031271  -0.0146265  -0.00542164
16 7 30 314841  0.00400066 -0.01453543 -0.01111507
16 7 30 362952 -0.01087952 -0.00774956 -0.01322985
16 7 30 413062 -0.00638247 -0.01112413 -0.00725603
