16 6 50 168976 -0.01759386 -0.0429256   0.99777985
16 6 50 171306 -0.04052353 -0.06970954  0.99554276
16 6 50 190978 -0.05408835 -0.06223321  1.00742364
16 6 50 193219 -0.03334761  0.00440216  1.01812148
16 6 50 195509 -0.01239753  0.0041008   1.01371551
16 6 50 262100 -0.01719451 -0.08753896  1.0038805 
16 6 50 313416 -0.03817177 -0.11693525  1.00201869
16 6 50 364677 -0.04275584 -0.05919337  1.01360607
16 6 50 414604 -0.02811837 -0.0267067   1.00590014
16 6 50 465667 -0.02386999 -0.04191923  0.99479342
16 6 50 509996 -0.0383904  -0.07083106  0.98688841
16 6 50 562508 -0.05355525 -0.06956196  0.99892235
16 6 50 610955 -0.03681159 -0.0028789   1.01170349
16 6 50 669480 -9.57822800e-03 -9.82522964e-04  1.01358294e+00
16 6 50 714328 -0.01785874 -0.07449174  1.00510097
16 6 50 761596 -0.03452349 -0.10555196  0.99738526
16 6 50 812668 -0.03946137 -0.06277895  1.00327063
16 6 50 861113 -0.02669096 -0.0292449   1.00441384
16 6 50 917041 -0.02292728 -0.0406611   0.99457669
16 6 50 962489 -0.0293355  -0.0622189   0.99431467
16 6 51 11007 -0.04980373 -0.07799482  0.99102688
16 6 51 69913 -0.04883313 -0.03020144  1.00355625
16 6 51 111001 -0.01951075  0.03688216  1.01743364
16 6 51 162538 -0.01028085 -0.03167057  0.99860787
16 6 51 211103 -0.03632498 -0.1416471   0.98586869
16 6 51 263221 -0.05256367 -0.10858655  0.99433804
16 6 51 312840 -0.03588247 -0.02114296  0.9994669 
16 6 51 361576 -0.02250528 -0.0226047   0.99394202
16 6 51 413188 -0.02652597 -0.06539989  0.99423504
16 6 51 463245 -0.04475164 -0.0841074   0.99617624
16 6 51 513783 -0.04936719 -0.04960108  1.00344181
16 6 51 562620 -0.02949309  0.01490259  1.01137567
16 6 51 609740 -0.00808954 -0.01490283  1.00253367
16 6 51 663530 -0.01877022 -0.10414386  0.99441791
16 6 51 713246 -0.04066348 -0.11460495  0.99262714
16 6 51 765356 -0.03531027 -0.04484081  0.9964292 
16 6 51 811084 -0.02533627 -0.01707864  0.99837208
16 6 51 863125 -0.02604437 -0.04850936  0.99482679
16 6 51 912064 -0.03663874 -0.08180881  0.99282742
16 6 51 963473 -0.04833698 -0.07923579  0.99774098
16 6 52 12502 -0.03729653  0.00889921  1.01249051
16 6 52 64833 -0.00830507  0.05388975  1.00806308
16 6 52 113530 -0.01036406 -0.0906384   0.97966862
16 6 52 162288 -0.04711938 -0.17520213  0.98213291
16 6 52 209941 -0.04697776 -0.07671905  0.99484849
16 6 52 261989 -0.02436137  0.00361657  1.00215125
16 6 52 310273 -0.0186367  -0.04233003  0.99086261
16 6 52 360979 -0.03957868 -0.09675145  0.99341536
16 6 52 411211 -0.05397582 -0.0814898   1.00461793
16 6 52 468656 -0.03706002  0.00292754  1.00430655
16 6 52 511871 -0.01371455  0.00607467  0.98871064
16 6 52 561140 -0.0111177  -0.07834673  0.99175453
16 6 52 610702 -0.03662324 -0.11454272  0.99124432
16 6 52 663873 -0.03829193 -0.06254363  1.00092506
16 6 52 716751 -0.02106953 -0.01827788  0.99393678
16 6 52 763966 -0.02012205 -0.03743339  0.98535776
16 6 52 816495 -0.03712916 -0.08041263  0.98403502
16 6 52 861317 -0.04830909 -0.08489847  0.99435925
16 6 52 911914 -0.03652883  0.00783515  1.00940275
16 6 52 961818 -0.00857425  0.0374763   0.99652314
16 6 53 11284 -0.01431775 -0.08007812  0.97208238
16 6 53 71607 -0.04277086 -0.14392781  0.97915268
16 6 53 113648 -0.0427146  -0.06572175  0.99696445
16 6 53 159308 -0.02140594 -0.01108479  0.99513817
16 6 53 213069 -0.02338266 -0.04144335  0.98254538
16 6 53 263076 -0.0421474  -0.08689666  0.97765946
16 6 53 313380 -0.05339742 -0.07936645  0.99420285
16 6 53 364286 -0.02838063 -0.00623369  1.00274134
16 6 53 409598 -0.00912452 -0.02135301  0.99568677
16 6 53 462431 -0.01951814 -0.07802153  0.99194121
16 6 53 511604 -0.03538656 -0.07822061  0.98749638
16 6 53 562544 -0.03261566 -0.045228    0.99366617
16 6 53 612700 -0.02410769 -0.03152204  1.00178409
16 6 53 676718 -0.0265398  -0.03900743  0.99229646
16 6 53 714187 -0.03668833 -0.06242847  0.98017502
16 6 53 761013 -0.04768109 -0.08709431  0.98027301
16 6 53 812424 -0.04135346 -0.02177072  1.00309372
16 6 53 863698 -0.01288414  0.0441432   1.01597261
16 6 53 915770 -0.00806928 -0.03571916  0.98877835
16 6 53 962571 -0.03674126 -0.14300704  0.97698879
16 6 54 9269 -0.0462327  -0.10084248  0.99303555
16 6 54 67948 -0.03110099 -0.02321362  1.00589657
16 6 54 110156 -0.01786447 -0.03303814  0.99796534
16 6 54 162125 -0.03037882 -0.07769704  0.98519731
16 6 54 210696 -0.04390168 -0.09553313  0.98456311
16 6 54 264564 -0.04180717 -0.04050374  1.00000143
16 6 54 314402 -0.0151279   0.01920891  1.0155139 
16 6 54 369075 -0.00133777 -0.0316689   1.00750399
16 6 54 414091 -0.01857901 -0.10636711  0.98820949
16 6 54 463992 -0.03646851 -0.08881998  0.9946723 
16 6 54 516981 -0.02705622 -0.0286088   1.00796008
16 6 54 564968 -0.01266623 -0.0305109   1.00305295
16 6 54 612371 -0.02238393 -0.06218314  1.00296211
16 6 54 669617 -0.04052186 -0.08999205  0.99552989
16 6 54 713027 -0.04848719 -0.05902386  1.00089264
16 6 54 768047 -0.02848959  0.03484201  1.01892614
16 6 54 811578 0.00403452 0.01704407 1.01301336
16 6 54 863722 -0.01515841 -0.114393    0.99560761
16 6 54 914625 -0.04455018 -0.13788486  1.00155902
16 6 54 961688 -0.03769112 -0.04370141  1.00721693
16 6 55 13015 -0.01346707 -0.00963807  1.00606418
16 6 55 65640 -0.01523948 -0.06152201  1.0035615 
16 6 55 113943 -0.03648138 -0.10241485  1.01225853
16 6 55 163553 -0.04272842 -0.06475544  1.01789093
16 6 55 210083 -0.01958108  0.0095675   1.00978041
16 6 55 262811 -0.00224042 -0.01928258  1.01023674
16 6 55 313491 -0.00830555 -0.08513498  1.01760173
16 6 55 365587 -0.02665019 -0.08693218  1.01660371
16 6 55 412717 -0.02669406 -0.04044008  1.01045465
16 6 55 462726 -0.01856852 -0.02283454  1.01049972
16 6 55 515403 -0.0205946  -0.04401326  1.00757766
16 6 55 561461 -0.02991056 -0.07734609  1.0119822 
16 6 55 614204 -0.04748464 -0.08829784  1.01882577
16 6 55 668041 -0.04032683 -0.00675368  1.02906513
16 6 55 717294 -0.01783061  0.02227426  1.01747489
16 6 55 762672 -0.01313281 -0.06906772  1.00513315
16 6 55 812285 -0.03425527 -0.11645174  1.00595784
16 6 55 862203 -0.04259467 -0.06614447  1.02158976
16 6 55 911626 -0.03068209 -0.02791929  1.01854467
16 6 55 961654 -0.02394509 -0.0395906   1.00609016
16 6 56 14437 -0.02753162 -0.0705955   1.0086503 
16 6 56 74726 -0.04223323 -0.09331083  1.01726341
16 6 56 112431 -0.04940104 -0.04922676  1.02798414
16 6 56 161347 -0.02067661  0.02245808  1.03206062
16 6 56 212817 -0.00918198 -0.02170563  1.01803589
16 6 56 262351 -0.02507734 -0.09701347  1.00648022
16 6 56 313162 -0.03907228 -0.09155774  1.01326442
16 6 56 362618 -0.03761148 -0.04459357  1.0185504 
16 6 56 409356 -0.02912331 -0.03195786  1.01363826
16 6 56 461373 -0.02916145 -0.05630374  1.00488925
16 6 56 509896 -0.04110718 -0.07899451  1.00907779
16 6 56 561362 -0.05337882 -0.08609176  1.0086236 
16 6 56 613285 -0.04840112 -0.01248956  1.02823067
16 6 56 670128 -0.01748919  0.0607636   1.02550173
16 6 56 714646 -0.01437068 -0.03887749  0.99865746
16 6 56 760163 -0.03983378 -0.15576959  0.98869991
16 6 56 813452 -0.0487988  -0.10534763  1.00160885
16 6 56 864705 -0.03308558 -0.01895404  1.01339865
16 6 56 913563 -0.02359247 -0.03931332  1.00785971
16 6 56 963340 0.01550698 0.37466908 0.39454889
16 6 57 12384 -0.0471127  -0.09360051  1.01289487
16 6 57 71899 -0.04743624 -0.03556967  1.01254201
16 6 57 111220  0.01552916  1.06262898 -1.79292941
16 6 57 164488 -0.0119648  -0.00998235  0.99920487
16 6 57 211213 -0.02955222 -0.10666108  0.99066687
16 6 57 262408 -0.04725218 -0.10961676 -1.70310926
16 6 57 316085 -0.00761032 -0.04753852  0.9879148 
16 6 57 361254 -0.04031038 -0.16419554  0.97906542
16 6 57 415770 -0.05720401 -0.11283541  1.00338936
16 6 57 463726 -0.03519702 -0.02606416  1.00819921
16 6 57 514550 -0.01872563 -0.03156686  0.99647999
16 6 57 564922 -0.03142571 -0.07162213  0.99227262
16 6 57 613957 -0.04755998 -0.07988429  0.9979279 
16 6 57 661818 -0.04657412 -0.019068    1.01040578
16 6 57 713645 -0.01597166  0.0241971   1.00857544
16 6 57 766719 -0.00181341 -0.05043674  1.00225019
16 6 57 812594 -0.02510333 -0.1292398   0.99503827
16 6 57 863216 -0.04479098 -0.09649348  1.00198531
16 6 57 913142 -0.03211021 -0.03173637  1.01013756
16 6 57 963330 -0.01711035 -0.03298306  1.00657892
16 6 58 14593 -0.02455878 -0.06228971  1.00669932
16 6 58 67715 -0.04707026 -0.07543349  1.0091815 
16 6 58 114279 -0.04852533 -0.02428985  1.0137012 
16 6 58 164687 -0.01715779  0.04924226  1.01466012
16 6 58 210394  4.36067581e-04 -3.36074829e-02  1.00002384e+00
16 6 58 261033 -0.02859497 -0.15513802  0.99557781
16 6 58 313625 -0.05130196 -0.11759496  1.00911546
16 6 58 361754 -0.03192282 -0.02539182  1.01503086
16 6 58 414644 -0.01540279 -0.0287075   1.00885653
16 6 58 462935 -0.02803373 -0.07363176  1.00861955
16 6 58 512249 -0.05069661 -0.08723021  1.01656437
16 6 58 560609 -0.04493904 -0.01463819  1.01903605
16 6 58 612582 -0.01489234  0.01817107  1.0096581 
16 6 58 665334 -0.002846   -0.06001925  1.00387645
16 6 58 716296 -0.02672768 -0.12041402  1.00866938
16 6 58 762550 -0.03890824 -0.07703447  1.02092242
16 6 58 809931 -0.02986407 -0.02647519  1.02097893
16 6 58 861584 -0.01803613 -0.03667855  1.01168418
16 6 58 911037 -0.03339744 -0.06774592  1.01060796
16 6 58 961672 -0.05387878 -0.0787003   1.01963568
16 6 59 11492 -0.04490089 -0.00495911  1.02435899
16 6 59 72658 -0.01655364  0.02652192  1.01589465
16 6 59 112943 -0.00802469 -0.06728792  0.99992371
16 6 59 161749 -0.03872418 -0.13586378  1.01015973
16 6 59 213223 -0.04947424 -0.0790534   1.0281651 
16 6 59 264434 -0.02765965 -0.02005315  1.0264914 
16 6 59 313098 -0.02220654 -0.03638339  1.01332617
16 6 59 361638 -0.03886199 -0.07888222  1.00948644
16 6 59 409791 -0.05401921 -0.07001209  1.0150106 
16 6 59 461870 -0.03809643  0.00976944  1.02492762
16 6 59 513430 -0.00517035  0.01703501  1.01886249
16 6 59 561093 -0.00626373 -0.08305311  1.01150012
16 6 59 612962 -0.03593421 -0.12688947  1.01847839
16 6 59 674944 -0.03964591 -0.06271076  1.02548671
16 6 59 714451 -0.02226353 -0.02128148  1.02676225
16 6 59 761491 -0.01671815 -0.04998493  1.01323724
16 6 59 813380 -0.0331459  -0.08275938  1.01087141
16 6 59 862943 -0.05168843 -0.05971122  1.01685309
16 6 59 916734 -0.031075    0.02255702  1.02171326
16 6 59 964054 -0.00511885  0.00229096  1.01574135
16 7 0 11737 -0.00963354 -0.09758449  1.01055098
16 7 0 73021 -0.03851795 -0.12292242  1.02186918
16 7 0 106772 -0.03879237 -0.05258489  1.02507949
16 7 0 160227 -0.01944137 -0.0252347   1.02005935
16 7 0 211431 -0.02008414 -0.05364823  1.0113287 
16 7 0 265607 -0.0392344  -0.08264422  1.0059557 
16 7 0 313063 -0.04977942 -0.04858255  1.01594019
16 7 0 361565 -0.02987361  0.01178193  1.01399446
16 7 0 413252 -0.00548077 -0.02740407  1.01195264
16 7 0 463554 -0.01881838 -0.09312582  1.01986098
16 7 0 516676 -0.03549266 -0.0874517   1.02066684
16 7 0 566155 -0.03319788 -0.04604125  1.02018714
16 7 0 610529 -0.02614188 -0.03292465  1.01162648
16 7 0 662706 -0.02343869 -0.04617906  1.00510836
16 7 0 715380 -0.03483796 -0.06844497  0.99735641
16 7 0 763320 -0.04850483 -0.06597495  0.99814963
16 7 0 812502 -0.03457975  0.02309155  1.02202916
16 7 0 862351 -0.00554466  0.04519463  1.01808906
16 7 0 912059 -0.01302576 -0.08322406  0.9980042 
16 7 0 960561 -0.04561758 -0.15960884  0.99545622
16 7 1 13246 -0.04835105 -0.07921362  1.00795841
16 7 1 66732 -0.02570963 -0.01518369  1.00768018
16 7 1 114688 -0.02020192 -0.04402661  0.99643493
16 7 1 163217 -0.04006433 -0.07694054  0.99348521
16 7 1 209708 -0.04881215 -0.07119179  0.99890375
16 7 1 262559 -0.03780723  0.01301193  1.00852823
16 7 1 311996 -0.00233936  0.04452062  1.01101947
16 7 1 363421 -0.00169587 -0.07487321  0.99773049
16 7 1 412827 -0.03448057 -0.15417504  0.99324965
16 7 1 463788 -0.04338717 -0.07996607  1.00155282
16 7 1 513226 -0.02016425 -0.01002979  1.00085378
16 7 1 563577 -0.01188469 -0.03134751  0.99658537
16 7 1 614775 -0.03234005 -0.07117987  0.98994875
16 7 1 665460 -0.04813123 -0.06561518  0.99948049
16 7 1 716876 -0.04010105  0.01853633  1.00599599
16 7 1 763992 -0.00897169  0.03316951  0.99262834
16 7 1 810970 -0.01008344 -0.08552122  0.98299026
16 7 1 861024 -0.04073882 -0.14861155  0.98971772
16 7 1 910431 -0.04430199 -0.06944656  0.997329  
16 7 1 962102 -0.02195382 -0.00683451  0.99341893
16 7 2 11619 -0.01725197 -0.03752494  0.97788882
16 7 2 71023 -0.03796721 -0.0808413   0.98314834
16 7 2 111944 -0.04874396 -0.05659604  0.99693775
16 7 2 161420 -0.02958512  0.00652337  0.99037933
16 7 2 212670 -0.01094127 -0.03077197  0.98061514
16 7 2 261949 -0.0192802  -0.09437585  0.98386693
16 7 2 313456 -0.03528953 -0.09025431  0.98968649
16 7 2 362640 -0.03391171 -0.04823923  0.99727702
16 7 2 412101 -0.02454448 -0.03042054  0.99172902
16 7 2 461166 -0.02339625 -0.03896427  0.97968745
16 7 2 512593 -0.03296137 -0.05983377  0.97861123
16 7 2 564350 -0.05296707 -0.0706439   0.98565125
16 7 2 611085 -0.03811526  0.01346731  1.00229859
16 7 2 668898 -0.00676966  0.05328131  0.9983716 
16 7 2 714496 -0.00699759 -0.0912962   0.96740603
16 7 2 762432 -0.04823565 -0.17425179  0.96869659
16 7 2 814558 -0.04873228 -0.08266211  0.99503279
16 7 2 864206 -0.02447963 -0.01544952  0.99364758
16 7 2 914892 -0.0201807  -0.04561114  0.97700167
16 7 2 967982 -0.06245613 -0.90652823 -0.51179338
16 7 3 11827 -0.03665018 -0.00256896  0.98793197
16 7 3 70375  0.01556873 -1.68751359  1.80073071
16 7 3 112326 -0.01076579 -0.07092285 -1.10553885
16 7 3 164847 -0.03059173 -0.10181355  0.98027539
16 7 3 211251 -0.00220728 -0.00281763  0.01559734
16 7 3 264576 -0.04331732 -0.02222514  1.00664616
16 7 3 314938 -0.01385951 -0.00979972  0.99392986
16 7 3 364909 -0.00880671 -0.07787991  0.99776626
16 7 3 413609 -0.02922535 -0.09214282  1.00555992
16 7 3 463570 -0.0352838  -0.06091833  1.00495338
16 7 3 515940 -0.02478981 -0.03363514  1.00663352
16 7 3 564296 -0.01963496 -0.03559208  1.00350499
16 7 3 611862 -0.02604747 -0.05799079  1.00343919
16 7 3 661787 -0.04772544 -0.08596873  1.00275469
16 7 3 713782 -0.05606651 -0.04854202  1.01080823
16 7 3 765382 -0.02477217  0.03230166  1.01732755
16 7 3 811900 -0.00375247 -0.01783705  0.99964976
16 7 3 863684 -0.02680278 -0.1352644   0.98925686
16 7 3 913259 -0.04892325 -0.12127876  1.00036621
16 7 3 965559 -0.03690267 -0.0303185   1.01630068
16 7 4 15930 -0.01922321 -0.02494764  1.00500083
16 7 4 66326 -0.02476335 -0.07371521  1.0012815 
16 7 4 117862 -0.04160285 -0.09609723  1.00694346
16 7 4 163341 -0.04891348 -0.0595746   1.01203537
16 7 4 209206 -0.01623726  0.02314878  1.01924586
16 7 4 262078  0.00802636 -0.00511765  1.01556206
16 7 4 311877 -0.01095057 -0.11675143  1.00056767
16 7 4 362587 -0.04066801 -0.12018943  1.00514364
16 7 4 412615 -0.03601813 -0.04220271  1.02066112
16 7 4 464900 -0.01140594 -0.02412534  1.02009821
16 7 4 513781 -0.02022576 -0.0627377   1.01159883
16 7 4 561949 -0.04363418 -0.09181643  1.0101521 
16 7 4 617513 -0.05923724 -0.05399942  1.02120662
16 7 4 664763 -0.03088593  0.01573849  1.01996255
16 7 4 716240 -0.00857592 -0.01672626  1.01524353
16 7 4 765996 -0.02153969 -0.10527539  1.01032209
16 7 4 811077 -0.04978943 -0.10726309  1.01114464
16 7 4 861771 -0.04148984 -0.03845549  1.01689315
16 7 4 911681 -0.02401519 -0.02303791  1.01603985
16 7 4 964672 -0.02834582 -0.05822396  1.01220536
16 7 5 13169 -0.05466104 -0.08904314  1.01456046
16 7 5 72864 -0.06052351 -0.05321288  1.02465963
16 7 5 114249 -0.03397799  0.02216291  1.0267148 
16 7 5 162019 -0.00679803 -0.01751971  1.0196383 
16 7 5 213022 -0.02723098 -0.11034322  1.01613283
16 7 5 264265 -0.05183959 -0.11275029  1.01867604
16 7 5 316650 -0.04754305 -0.04690504  1.02447319
16 7 5 362187 -0.02335262 -0.02966046  1.02172399
16 7 5 409617 -0.03101182 -0.06198549  1.01020336
16 7 5 461299 -0.05254316 -0.091892    1.01738882
16 7 5 510179 -0.0623908  -0.06090832  1.02459073
16 7 5 561267 -0.03764749  0.02219009  1.02288246
16 7 5 611102 -0.01053596 -0.00189662  1.02199984
16 7 5 668906 -0.02079058 -0.10138488  1.01243472
16 7 5 714477 -0.04834008 -0.11098695  1.00849605
16 7 5 761371 -0.04274464 -0.04457808  1.0211637 
16 7 5 813821 -0.01983476 -0.02482557  1.01998544
16 7 5 863449 -0.02344179 -0.05772042  1.01046276
16 7 5 915335 -0.04186296 -0.0927155   1.00750518
16 7 5 964516 -0.05484843 -0.06726384  1.01830268
16 7 6 11649 -0.03202605  0.01075482  1.02344847
16 7 6 71324 -0.00889206 -0.00723171  1.01977634
16 7 6 106418 -0.01889539 -0.08604908  1.01450872
16 7 6 165489 -0.03967309 -0.10341406  1.00473404
16 7 6 210399 -0.04228926 -0.05492496  1.01678896
16 7 6 262374 -0.02517605 -0.03145766  1.01836085
16 7 6 314541 -0.02208018 -0.04683423  1.00581217
16 7 6 361751 -0.0414021  -0.07482195  1.00099659
16 7 6 413970 -0.05709577 -0.08377838  1.00080323
16 7 6 464061 -0.04665589 -0.00407171  1.01952219
16 7 6 516683 -0.01044059  0.05092239  1.02225518
16 7 6 566285 -0.00480986 -0.05722499  0.99710369
16 7 6 614245 -0.03683138 -0.1548717   0.98760438
16 7 6 669603 -0.04977489 -0.09193063  1.00354934
16 7 6 713365 -0.02429438 -0.01606369  1.01360631
16 7 6 766243 -0.01319575 -0.03843451  1.00144148
16 7 6 813276 -0.02993965 -0.08127689  0.9951086 
16 7 6 863139 -0.05166245 -0.08936405  1.00336766
16 7 6 912304 -0.0444386  -0.01422191  1.00938034
16 7 6 960454 -0.00940704  0.04275513  1.00748777
16 7 7 13107  0.00527573 -0.04124928  1.00220561
16 7 7 65830 -0.02062178 -0.13176298  0.98716497
16 7 7 113946 -0.04083562 -0.09054017  0.99585795
16 7 7 162190 -0.02141929 -0.02212358  1.00422382
16 7 7 211073 -0.00985813 -0.03489661  0.99907899
16 7 7 262029 -0.01997328 -0.07311368  0.98685312
16 7 7 310654 -0.0452342  -0.09000278  0.99415898
16 7 7 361753 -0.0436368  -0.01810217  1.00194144
16 7 7 410349 -0.00976157  0.05648017  0.99979115
16 7 7 465193  0.01033163 -0.03627968  0.98904967
16 7 7 511964 -0.02441525 -0.15170264  0.98323679
16 7 7 560321 -0.04415607 -0.10819745  0.98547554
16 7 7 612422 -0.02110696 -0.0229466   0.99336362
16 7 7 665598 -0.00511599 -0.03014708  0.98392081
16 7 7 716932 -0.0256381  -0.08165026  0.97960687
16 7 7 761569 -0.05046129 -0.09101868  0.99298692
16 7 7 809092 -0.04213047 -0.01071191  0.99934292
16 7 7 861685 -0.00821614  0.01405382  0.98455691
16 7 7 911555 -0.00375342 -0.06091118  0.98503566
16 7 7 964009 -0.02800107 -0.10710573  0.984267  
16 7 8 12589 -0.04044366 -0.0711658   0.99057055
16 7 8 73607 -0.023633   -0.02980733  0.9901886 
16 7 8 113913 -0.01339173 -0.03587866  0.98201704
16 7 8 161712 -0.02882457 -0.07507825  0.97656035
16 7 8 212612 -0.04956365 -0.08818865  0.98468137
16 7 8 263595 -0.03927231 -0.00344205  0.99807262
16 7 8 315677 -4.65154648e-04  4.91750240e-02  9.95492935e-01
16 7 8 364864  0.0036757  -0.07643461  0.97415876
16 7 8 413794 -0.03718066 -0.16183019  0.96604395
16 7 8 460892 -0.04864812 -0.08341551  0.97844434
16 7 8 510362 -0.01928163 -0.01721764  0.98913264
16 7 8 561936 -0.0101366  -0.04613543  0.97471476
16 7 8 611362 -0.03619838 -0.08914185  0.96990371
16 7 8 671211 -0.0520649  -0.07670736  0.98175597
16 7 8 713566 -0.03566265 -0.00270486  0.98365045
16 7 8 760894 -0.00405717 -0.02597976  0.97950912
16 7 8 814310 -0.00452924 -0.08083558  0.98687243
16 7 8 866538 -0.02690434 -0.08756232  0.97952747
16 7 8 914789 -0.03356004 -0.04905963  0.98429942
16 7 8 965230 -0.01559877 -0.03117085  0.99631333
16 7 9 11372 -0.01149774 -0.0426929   0.98606849
16 7 9 72228 -0.02422261 -0.07388115  0.97502041
16 7 9 110585 -0.049546   -0.08092475  0.97949433
16 7 9 162610 -3.54011059e-02 -5.86271286e-04  9.97426748e-01
16 7 9 210490 -0.00104451  0.02307677  1.00097156
16 7 9 264087 -0.00297403 -0.07944155  0.9793222 
16 7 9 311095 -0.03160739 -0.14001775  0.97199011
16 7 9 363235 -0.04313016 -0.07054281  0.98786211
16 7 9 415089  0.01554227 -1.34382653  0.566365  
16 7 9 465931 -0.01212192 -0.04947162  0.97384882
16 7 9 514602 -0.02708316 -0.09031653  0.97655296
16 7 9 564121  0.01545215 -1.71909547 -1.32428694
16 7 9 611063 -0.03312969 -0.01052237  0.99055576
16 7 9 670993 3.26156616e-04 1.00543499e-02 9.89797115e-01
16 7 9 711823  0.00377488 -0.07265949  0.16528296
16 7 9 766905 -0.00553274 -0.08609605  1.017663  
16 7 9 812347 -0.0330646  -0.1164012   1.01476836
16 7 9 864925 -0.03565288 -0.05646992  1.01982689
16 7 9 913105 -0.01832104 -0.02678657  1.01874804
16 7 9 962972 -0.01802421 -0.05301714  1.0107944 
16 7 10 12469 -0.03849649 -0.07851672  1.00258875
16 7 10 67045 -0.05532789 -0.05903721  1.01113296
16 7 10 114589 -0.03683877  0.02894664  1.01877499
16 7 10 163106 -0.00956059  0.02472997  1.01509237
16 7 10 211667 -0.0169878  -0.1006546   0.99124241
16 7 10 261891 -0.05094814 -0.13305902  0.99108863
16 7 10 313177 -0.05006886 -0.05180597  1.00084853
16 7 10 363944 -0.0249598  -0.01985407  1.00228453
16 7 10 412265 -0.01922774 -0.0534358   0.99760151
16 7 10 463827 -0.04154897 -0.08027005  0.99221587
16 7 10 514551 -0.05685806 -0.04585171  0.99594092
16 7 10 563822 -0.03230977  0.03055501  0.99693441
16 7 10 615477 -0.00503302  0.00318718  0.99835515
16 7 10 665176 -0.01499724 -0.09585428  0.99113584
16 7 10 716931 -0.0438509  -0.11577964  0.98454547
16 7 10 763797 -0.03979778 -0.04426646  0.99099708
16 7 10 811980 -0.02140141 -0.02169228  0.99295282
16 7 10 864082 -0.0221231  -0.05365467  0.98257589
16 7 10 912526 -0.04443383 -0.07854438  0.98108554
16 7 10 963569 -0.05952048 -0.03850794  0.98731136
16 7 11 14051 -0.03702283  0.04283619  0.98518896
16 7 11 73972 -0.00719285 -0.00358558  0.9759922 
16 7 11 108239 -0.01813793 -0.11790895  0.9714427 
16 7 11 161247 -0.0490067  -0.11468673  0.97319937
16 7 11 211772 -0.0418067  -0.03584075  0.98353457
16 7 11 264615 -0.01517153 -0.0183084   0.97530365
16 7 11 317334 -0.01807117 -0.05841351  0.96898556
16 7 11 362234 -0.04572678 -0.08239126  0.97329879
16 7 11 410164 -0.0477438  -0.02947807  0.98582745
16 7 11 460168 -0.01855826  0.01815701  0.98221469
16 7 11 509109 -0.00276542 -0.03424621  0.97700715
16 7 11 560976 -0.01678562 -0.08590293  0.97365952
16 7 11 611748 -0.03580832 -0.07910967  0.96842837
16 7 11 670497 -0.03043103 -0.04259729  0.98872709
16 7 11 713813 -0.01212621 -0.03610206  0.98399734
16 7 11 761551 -0.01189351 -0.04985189  0.97246003
16 7 11 816188 -0.03190327 -0.08197951  0.96831584
16 7 11 862813 -0.04237509 -0.04615855  0.97063708
16 7 11 914323 -0.01597428  0.0570972   1.00310564
16 7 11 962185 4.89974022e-03 3.30209732e-04 9.80419397e-01
16 7 12 9533 -0.00709462 -0.14603758  0.94648886
16 7 12 70485 -0.04127455 -0.1344111   0.97361779
16 7 12 106647 -0.03088307 -0.0351398   0.99610734
16 7 12 166209 -0.00599647 -0.02498722  0.97335505
16 7 12 210640 -0.00885582 -0.06870508  0.96513653
16 7 12 262656 -0.03900504 -0.08651567  0.9768362 
16 7 12 312267 -0.04397678 -0.03778005  0.9839325 
16 7 12 362127 -0.01354241  0.00774956  0.98387074
16 7 12 413086  0.01018167 -0.04794908  0.98087215
16 7 12 461409 -0.0064199  -0.08765221  0.97616339
16 7 12 513161 -0.02102041 -0.07009339  0.9818716 
16 7 12 562485 -0.01899934 -0.03860211  0.98208594
16 7 12 611049 -9.55581665e-04 -3.18362713e-02  9.83606577e-01
16 7 12 667647 -5.64098358e-04 -5.06820679e-02  9.83179092e-01
16 7 12 714793 -0.02693653 -0.07970524  0.97524214
16 7 12 763952 -0.04303408 -0.06307769  0.97461915
16 7 12 810783 -0.01618361  0.01860404  0.99509072
16 7 12 863027 8.00180435e-03 1.07526779e-04 9.92701054e-01
16 7 12 911684 -0.00597    -0.11061811  0.97044539
16 7 12 963265 -0.03349304 -0.12790465  0.97486591
16 7 13 14474 -0.0292654  -0.04497957  0.98624802
16 7 13 66393 -0.00805402 -0.01744127  0.98490691
16 7 13 114309 -0.00731349 -0.05695415  0.97999001
16 7 13 162621 -0.0250237  -0.09446645  0.98359799
16 7 13 208908 -0.04018927 -0.07101512  0.98662138
16 7 13 260826 -0.01366711  0.00801849  0.99699426
16 7 13 309823  0.00863504 -0.00306773  0.99675655
16 7 13 360645  0.00715613 -0.08732128  0.9878943 
16 7 13 411227 -0.01706553 -0.1116612   0.98715425
16 7 13 463491 -0.0245235  -0.06314325  0.99531555
16 7 13 513445 -0.01012373 -0.02953482  1.00127578
16 7 13 562396 -0.00368023 -0.05113697  0.99618959
16 7 13 614360 -0.02224827 -0.08312225  0.99331832
16 7 13 667830 -0.04063702 -0.0869801   0.99308085
16 7 13 716276 -0.02767372 -0.00430727  1.00861073
16 7 13 763997 0.00477886 0.04198956 1.0116632 
16 7 13 810359  0.01076484 -0.07517838  0.9907217 
16 7 13 862236 -0.02502036 -0.15503454  0.99081135
16 7 13 912460 -0.03367829 -0.07894826  1.00281429
16 7 13 962978 -0.01430011 -0.01271796  1.00947738
16 7 14 13163 -0.00279975 -0.04272389  1.00308633
16 7 14 73958 -0.0195365  -0.08910322  1.00058675
16 7 14 107519 -0.03821063 -0.08504391  1.00499105
16 7 14 160690 -0.02331758 -0.01159358  1.00733089
16 7 14 212396  0.00462866 -0.0097847   1.00571489
16 7 14 263607  0.00574517 -0.07516885  1.01424336
16 7 14 317726 -0.01402593 -0.0983994   1.01483536
16 7 14 362958 -0.02044654 -0.06157851  1.01389074
16 7 14 410196 -0.0124433  -0.0319891   1.01589108
16 7 14 461138 -0.00350714 -0.04357862  1.01325941
16 7 14 511376 -0.01452756 -0.06794977  1.01137257
16 7 14 562793 -0.03456545 -0.09294724  1.00753665
16 7 14 613094 -0.03269362 -0.03213596  1.02180862
16 7 14 669988 0.00273299 0.05309868 1.03116727
16 7 14 713879  0.01316667 -0.03579283  1.01134133
16 7 14 760970 -0.0168016  -0.15863395  0.99721074
16 7 14 812018 -0.02926612 -0.11461115  1.01138759
16 7 14 860713 -0.01428294 -0.02412295  1.02350879
16 7 14 912647 -1.29461288e-04 -3.37419510e-02  1.01735425e+00
16 7 14 962413 -0.00794315 -0.08716702  1.01371503
16 7 15 9564 -0.02991152 -0.09965825  1.01749492
16 7 15 72685 -0.02783799 -0.03222704  1.02413034
16 7 15 110682 -0.00127435  0.00548434  1.02317667
16 7 15 166585  0.0092845  -0.05850315  1.02839875
16 7 15 211677 -0.00425577 -0.10327268  1.02002811
16 7 15 262262 -0.01950049 -0.0775013   1.01124406
16 7 15 311325 -0.01288629 -0.04219627  1.02596521
16 7 15 360903 -0.00383973 -0.04257679  1.03253412
16 7 15 413068 -0.01095152 -0.0610044   1.02158356
16 7 15 465733 -0.02427459 -0.08906221  1.00648808
16 7 15 515137 -0.03600931 -0.06176925  1.01699471
16 7 15 563853 -0.01122856  0.02999377  1.03773856
16 7 15 612084 0.01280928 0.00576735 1.03724289
16 7 15 667943 -0.00402021 -0.12286973  1.01434255
16 7 15 712201 0.01550484 0.04633379 1.00396967
16 7 15 767072 -0.02803659 -0.05273533  1.01566625
16 7 15 813562 -0.00715375 -0.01887202  1.02825117
16 7 15 863456  0.01558995 -1.82837439 -0.01165771
16 7 15 914307 -0.02574182 -0.09665561  1.01154137
16 7 15 963079 -0.03700852 -0.06584835  1.02046227
16 7 16 12973 -0.0149796   0.00872087  0.02060676
16 7 16 68458 -0.02679014 -0.0580101   0.98096538
16 7 16 116395 -0.00572848 -0.02005816  0.98742461
16 7 16 161512 -0.00848818 -0.06782413  0.97161841
16 7 16 208691 -0.03045821 -0.09811902  0.96508145
16 7 16 260234 -0.04173636 -0.05265045  0.99024224
16 7 16 309872 -0.02209187  0.02371264  0.99514985
16 7 16 362525  0.00622463 -0.01270556  0.97192907
16 7 16 412902  0.00190878 -0.10292459  0.96446371
16 7 16 463818 -0.02514553 -0.11208439  0.96910191
16 7 16 514954 -0.02396345 -0.05659103  0.97970319
16 7 16 563079 -7.49349594e-04 -3.57530117e-02  9.78482008e-01
16 7 16 615873  1.23977661e-04 -5.87551594e-02  9.72201824e-01
16 7 16 667133 -0.02066255 -0.08748198  0.97453117
16 7 16 715605 -0.03517675 -0.06231689  0.98610258
16 7 16 762650 -0.01103449  0.0252142   0.99327612
16 7 16 811156 0.02121019 0.003304   0.9802928 
16 7 16 862305  0.00375533 -0.11729693  0.96792626
16 7 16 912917 -0.0296247  -0.13228273  0.96925759
16 7 16 964181 -0.02614379 -0.05635381  0.97818494
16 7 17 10408  4.11272049e-04 -2.69281864e-02  9.84604120e-01
16 7 17 69421 -8.39233398e-04 -6.44311905e-02  9.75924730e-01
16 7 17 112678 -0.02787089 -0.09903479  0.9772315 
16 7 17 164228 -0.03560448 -0.05595613  0.98519778
16 7 17 211855 -4.43792343e-03 -9.46521759e-05  9.79868650e-01
16 7 17 262404  0.01741648 -0.04578781  0.98224235
16 7 17 320776 -8.33272934e-04 -8.68165493e-02  9.92674351e-01
16 7 17 364674 -0.0153904  -0.07824683  0.98987746
16 7 17 410158 -0.01325011 -0.04851484  0.98745394
16 7 17 462167 -3.18288803e-04 -4.14505005e-02  9.93849754e-01
16 7 17 509676 -0.00312829 -0.05534911  0.98728442
16 7 17 562501 -0.02436256 -0.08087373  0.97838688
16 7 17 612429 -0.03806233 -0.0720799   0.98220706
16 7 17 671764 -0.0134387   0.02120018  1.00582647
16 7 17 715621 0.01141977 0.02069855 1.00270462
16 7 17 764196  7.21693039e-04 -1.03748083e-01  9.81703520e-01
16 7 17 812032 -0.02709723 -0.14644051  0.98726249
16 7 17 862195 -0.02931714 -0.06076026  1.00251698
16 7 17 913366 -0.01251698 -0.02336001  1.00442457
16 7 17 962844 -0.01076603 -0.06594658  0.99233174
16 7 18 13110 -0.02874303 -0.0986321   0.98837447
16 7 18 70947 -0.04191399 -0.07727146  0.99101233
16 7 18 107565 -1.88503265e-02  3.85999680e-04  1.00109124e+00
16 7 18 164091  0.00995898 -0.01113725  1.01340795
16 7 18 210929  0.00572729 -0.09063172  1.01217556
16 7 18 263778 -0.01777887 -0.10885286  0.99697137
16 7 18 315165 -0.0245564  -0.05935621  1.00331259
16 7 18 362067 -0.0125196  -0.03528595  1.01668382
16 7 18 413678 -0.00754905 -0.05810666  1.01470876
16 7 18 466348 -0.02168989 -0.08403587  1.00342155
16 7 18 516667 -0.04139853 -0.0867939   1.00187492
16 7 18 562747 -0.028512    0.00555515  1.01186013
16 7 18 611930 0.00957465 0.04438758 1.0195756 
16 7 18 668535  0.00926948 -0.09232759  1.00459504
16 7 18 712786 -0.02926946 -0.16669488  0.99992442
16 7 18 767052 -0.03063893 -0.08131027  1.0140481 
16 7 18 812518 -0.00972962 -0.01215458  1.01736045
16 7 18 863778  2.63690948e-04 -4.96611595e-02  1.00850344e+00
16 7 18 912535 -0.02116108 -0.102947    1.00784731
16 7 18 962788 -0.04149508 -0.07996655  1.01704836
16 7 19 14086 -0.02087164  0.00649548  1.01825166
16 7 19 67561  0.00939798 -0.00612903  1.01953411
16 7 19 117415  6.24179840e-04 -9.49254036e-02  1.02760983e+00
16 7 19 165035 -0.02128291 -0.10893655  1.02390432
16 7 19 209547 -0.02527094 -0.05876493  1.02135372
16 7 19 262785 -0.00876451 -0.03163648  1.02190495
16 7 19 312755 -0.00532842 -0.05167603  1.02187467
16 7 19 362177 -0.02739739 -0.08748722  1.01381874
16 7 19 413258 -0.04394197 -0.07425213  1.01881599
16 7 19 463202 -0.02535534  0.009408    1.03236413
16 7 19 513615 0.00421977 0.01451516 1.02983141
16 7 19 563363  6.74962997e-04 -9.36293602e-02  1.01925898e+00
16 7 19 614597 -0.02761936 -0.13408971  1.02022362
16 7 19 664146 -0.02935457 -0.06339431  1.0268693 
16 7 19 717670 -0.00519371 -0.02453685  1.02544332
16 7 19 763795 -0.00279021 -0.05264378  1.01984715
16 7 19 811118 -0.02367878 -0.09340692  1.00964856
16 7 19 860710 -0.04139948 -0.06943059  1.01866937
16 7 19 912953 -0.0195291   0.00343585  1.02685928
16 7 19 962990  0.0060792  -0.01779389  1.02595091
16 7 20 11726 -0.00446439 -0.09147549  1.02151346
16 7 20 71571 -0.03010988 -0.09660244  1.01360226
16 7 20 113446 -0.03078389 -0.0568943   1.01842475
16 7 20 161246 -0.01736498 -0.04077291  1.02372742
16 7 20 214247 -0.01298928 -0.05299973  1.01581788
16 7 20 260768 -0.02787924 -0.07199407  1.00761294
16 7 20 312374 -0.04785037 -0.08039308  1.0121088 
16 7 20 365036 -0.03735328 -0.00240707  1.02966547
16 7 20 410403 -0.00235724  0.04852176  1.03332853
16 7 20 460401  8.77857208e-04 -7.01737404e-02  1.00882983e+00
16 7 20 509584 -0.03532362 -0.16239166  0.99720216
16 7 20 562161 -0.04290533 -0.09215713  1.0113337 
16 7 20 612914 -0.02176762 -0.01952147  1.01980925
16 7 20 668874 -0.01171708 -0.04457164  1.00775886
16 7 20 713846 -0.02710414 -0.08852696  1.0075345 
16 7 20 762023 -0.04661202 -0.08502984  1.00858831
16 7 20 813990 -0.03484488 -0.0119257   1.01121926
16 7 20 867413 -0.00904608  0.00885391  1.01460338
16 7 20 915232 -0.00359321 -0.06164742  1.01451588
16 7 20 965942 -0.02515054 -0.1027658   1.00481606
16 7 21 11559 -0.03230333 -0.07194233  1.00053096
16 7 21 73177 -0.0252533  -0.03682899  1.00335145
16 7 21 106845 -0.0122366  -0.04599857  1.00768614
16 7 21 167459 -0.01868033 -0.06499863  1.00352597
16 7 21 211378 -0.03757262 -0.08205342  0.99437952
16 7 21 262381 -0.04726934 -0.04536986  1.00054121
16 7 21 313207 -0.01863337  0.03635025  1.01386762
16 7 21 363701 0.00510693 0.001688   1.00366807
16 7 21 414644 -0.01007605 -0.12670279  0.98127079
16 7 21 462272 -0.04065251 -0.13650155  0.98855519
16 7 21 514142 -0.03013039 -0.04724979  0.99695587
16 7 21 561498 -0.01124239 -0.02370548  0.99712086
16 7 21 608842 -0.01458669 -0.06870365  0.99447131
16 7 21 668228 -0.03444052 -0.09877539  0.99224544
16 7 21 712331 -0.04233456 -0.06524396  0.99422956
16 7 21 766711 6.67572021e-06 6.09361649e-01 1.87891150e+00
16 7 21 811410 -0.00641203 -0.08692622  0.99602365
16 7 21 864408  0.01552582 -0.29728866  0.70699358
16 7 21 911755 -0.02993536 -0.06500244  1.97261262
16 7 21 961553 -0.01841974 -0.03745198  0.98995399
16 7 22 11671 -0.01092339  0.00090623  0.01562452
16 7 22 64904 -0.01393938 -0.05690455  1.01859212
16 7 22 112998 -0.03167653 -0.09830546  1.01402354
16 7 22 166171 -0.0467236  -0.09407783  1.02279067
16 7 22 210348 -0.0272975  -0.01380634  1.02993083
16 7 22 261584 -6.04581833e-03  1.11341476e-04  1.02823162e+00
16 7 22 312427 -0.00957441 -0.07171321  1.02594399
16 7 22 361401 -0.02564359 -0.10771775  1.01547098
16 7 22 411872 -0.03309822 -0.07564402  1.01557636
16 7 22 462697 -0.02442622 -0.04301977  1.01749492
16 7 22 510549 -0.01649165 -0.05343366  1.01057744
16 7 22 560114 -0.02222109 -0.06909227  1.009444  
16 7 22 611862 -0.03452897 -0.08906507  1.01139975
16 7 22 663336 -0.03840017 -0.04465866  1.02532482
16 7 22 716319 -0.01010203  0.06401706  1.03678465
16 7 22 762108 0.01144433 0.00840044 1.00983906
16 7 22 808675 -0.01812077 -0.15707541  0.9897275 
16 7 22 860714 -0.0464313  -0.14999747  1.00466204
16 7 22 911767 -0.03142166 -0.03536081  1.01996064
16 7 22 962173 -0.00647712 -0.02955699  1.01337361
16 7 23 11286 -0.01885509 -0.08546662  1.00262642
16 7 23 74376 -0.04261541 -0.10751152  1.00997806
16 7 23 113803 -0.03882384 -0.04764891  1.02010012
16 7 23 161887 -0.00879717  0.01893091  1.0118804 
16 7 23 212449  0.00962257 -0.03196859  1.00107861
16 7 23 263117 -0.01092482 -0.10589695  0.99988198
16 7 23 314838 -0.02991962 -0.10021377  1.00073743
16 7 23 368102 -0.02433991 -0.04092932  1.00710392
16 7 23 411736 -0.01162434 -0.0383532   1.00373864
16 7 23 463917 -0.01381135 -0.06665039  0.99268937
16 7 23 511670 -0.041471   -0.09353423  0.99948335
16 7 23 562474 -0.0463376  -0.0560379   1.00953484
16 7 23 615025 -0.02119732  0.02848506  1.00405097
16 7 23 668879 -6.06298447e-04 -4.48536873e-03  9.88021135e-01
16 7 23 713263 -0.01626396 -0.11446333  0.98000813
16 7 23 759590 -0.04216838 -0.12471819  0.99606419
16 7 23 812541 -0.0383625  -0.04856825  1.00312018
16 7 23 861581 -0.01388025 -0.03058529  0.98862624
16 7 23 915954 -0.01885128 -0.06644607  0.98502016
16 7 23 965223 -0.03966761 -0.10057902  0.99524856
16 7 24 11296 -0.04452586 -0.0653019   1.00655794
16 7 24 70553 -0.017658    0.02184701  1.01033139
16 7 24 107662  0.00459719 -0.00392771  0.99506164
16 7 24 164498 -0.01800156 -0.11243725  0.98119426
16 7 24 210926 -0.04759526 -0.13336635  0.99232817
16 7 24 264496 -0.04194999 -0.05687356  1.0023036 
16 7 24 313112 -0.01713943 -0.03666186  0.98914409
16 7 24 363896 -0.02065349 -0.0701704   0.9778893 
16 7 24 414267 -0.04767275 -0.09872913  0.9872427 
16 7 24 463624 -0.05568457 -0.05886149  1.00356197
16 7 24 514959 -0.02483726  0.02577877  1.00240779
16 7 24 564500 0.00369596 0.00147462 0.98871088
16 7 24 611770 -0.01461601 -0.11406064  0.98228908
16 7 24 667848 -0.04649067 -0.12838244  0.98813987
16 7 24 714030 -0.03693962 -0.04459763  0.98808336
16 7 24 766148 -0.011585   -0.02115297  0.98675752
16 7 24 811904 -0.02192044 -0.07132626  0.98237205
16 7 24 862779 -0.04968929 -0.10624933  0.99100018
16 7 24 915412 -0.04933095 -0.05306077  1.00640917
16 7 24 963917 -0.02048135  0.00336432  0.99252152
16 7 25 15093 -0.00381255 -0.04491925  0.98153329
16 7 25 66535 -0.0224216  -0.10141349  0.9919126 
16 7 25 115631 -0.04119635 -0.08177114  0.99311209
16 7 25 162837 -0.02768016 -0.04172683  0.99131393
16 7 25 209559 -0.01734447 -0.04011178  0.98620486
16 7 25 262068 -0.02296448 -0.06454682  0.98431945
16 7 25 313961 -0.04273891 -0.09271717  0.98454976
16 7 25 363163 -0.050385   -0.06835151  0.994941  
16 7 25 415263 -0.02510548  0.0223012   1.00510263
16 7 25 463099 -0.00169039  0.00865126  0.98961496
16 7 25 515615 -0.01663566 -0.1173389   0.9714427 
16 7 25 562872 -0.0466466  -0.1424439   0.97997737
16 7 25 615112 -0.03943276 -0.04940438  0.99366474
16 7 25 663877 -0.01843858 -0.02167463  0.99408078
16 7 25 716393 -0.01877141 -0.06674504  0.98577785
16 7 25 764966 -0.04190087 -0.10307026  0.9869523 
16 7 25 811766 -0.0550034  -0.07701445  0.99223328
16 7 25 861921 -0.02799296  0.00366139  0.99411583
16 7 25 912490 -0.00205302 -0.01525331  0.99334979
16 7 25 963229 -0.01208472 -0.08741713  0.99618053
16 7 26 13346 -0.03285336 -0.09397149  0.99513435
16 7 26 70975 -0.03209543 -0.05539799  0.99534845
16 7 26 112322 -0.02431011 -0.03625917  0.99282169
16 7 26 163428 -0.02159142 -0.05303049  0.99278498
16 7 26 213992 -0.03351283 -0.07362723  0.98557043
16 7 26 262769 -0.05025816 -0.09173632  0.98378849
16 7 26 315246 -0.04579496 -0.02828145  0.99711442
16 7 26 364174 -0.007303    0.06582832  1.00771046
16 7 26 410932  0.00408983 -0.02962565  0.9862237 
16 7 26 462527 -0.03292036 -0.17090416  0.97419786
16 7 26 513362 -0.05508018 -0.11851978  0.99085379
16 7 26 563610 -0.02428555 -0.02148938  0.99625683
16 7 26 612298 -0.00949335 -0.03482842  0.99197698
16 7 26 669246 -0.02974391 -0.08925629  0.99101257
16 7 26 714962 -0.04937625 -0.1052115   0.99531412
16 7 26 760315 -0.0401361  -0.03311348  0.99834514
16 7 26 815822 -0.01221204  0.00728035  0.99293756
16 7 26 861755 -0.00226927 -0.0532589   0.99561524
16 7 26 918131 -0.02054811 -0.10158896  1.00307751
16 7 26 961236 -0.03607178 -0.08352876  0.99589467
16 7 27 9471 -0.02513647 -0.04080844  1.00029993
16 7 27 68528 -0.01614094 -0.03718948  0.99197412
16 7 27 109957 -0.02237487 -0.0647285   0.99460053
16 7 27 161670 -0.0361011  -0.09389186  0.99523377
16 7 27 210418 -0.0469048  -0.06333399  0.99943066
16 7 27 261851 -0.02221012  0.03885746  1.00708985
16 7 27 310581 0.00334764 0.01757574 0.99698734
16 7 27 359682 -0.01658916 -0.12559056  0.98844171
16 7 27 412629 -0.04607534 -0.1515522   1.00113106
16 7 27 463070 -0.0383532  -0.05344319  1.00259161
16 7 27 512733 -0.01410508 -0.02052426  0.99962974
16 7 27 561962 -0.02105832 -0.06463885  0.99860191
16 7 27 608824 -0.04346538 -0.1008563   1.00153041
16 7 27 667474 -0.0486536  -0.06634092  1.01289177
16 7 27 711876 -0.02280688  0.00441027  1.01107097
16 7 27 763898 -0.00535846 -0.0285635   1.00273037
16 7 27 810819 -0.01747561 -0.08586526  1.00825787
16 7 27 862371 -0.02861524 -0.07778692  1.00947785
16 7 27 915123 -0.02951694 -0.04371262  1.00826764
16 7 27 960781 -0.02022791 -0.03474569  1.00766397
16 7 28 12822 -0.01904774 -0.03807235  1.00766611
16 7 28 64331 -0.02516484 -0.0614655   1.00424242
16 7 28 112776 -0.04262352 -0.0887897   1.00425911
16 7 28 161315 -0.04245949 -0.03157687  1.02482939
16 7 28 208199 -0.00659871  0.07576656  1.03327036
16 7 28 261463  0.00563121 -0.00821304  1.00159121
16 7 28 312133 -0.02998233 -0.175282    0.98452973
16 7 28 363362 -0.04920435 -0.14532971  1.00621629
16 7 28 413495 -0.02740335 -0.02758908  1.01984859
16 7 28 463668  0.01559544  0.10927439 -0.99604774
16 7 28 512759 -0.02238464 -0.07779646  1.00309062
16 7 28 560455 -0.04031873 -0.09596968  1.00463295
16 7 28 615425  0.01546669  0.67169738 -1.60541463
16 7 28 664040 -0.0146575   0.02096891  1.01904273
16 7 28 718886 -0.00949073 -0.09316683  1.00709271
16 7 28 764246 -0.01976228 -0.06735921  0.98804021
16 7 28 812321 -0.03558755 -0.10106063  0.99829674
16 7 28 861646 -0.04344654 -0.06279969  1.00073075
16 7 28 912926 -0.03371215  0.00277376  0.98911667
16 7 28 962961 -0.02018547 -0.03935051  0.99236155
16 7 29 13586 -0.02740812 -0.0901444   1.00520253
16 7 29 72419 -0.03585958 -0.08676648  1.00498915
16 7 29 113612 -0.03118372 -0.04410052  1.00572729
16 7 29 162208 -0.01941252 -0.0198431   1.00470161
16 7 29 214004 -0.01085472 -0.02991819  0.99720716
16 7 29 263895 -0.0226531  -0.0590651   0.99946547
16 7 29 314616 -0.04099154 -0.08007622  0.99968719
16 7 29 363980 -0.04043484 -0.01084256  1.01926613
16 7 29 412460 -0.00463724  0.05893183  1.01651597
16 7 29 463093 -3.58819962e-04 -4.67965603e-02  9.91712093e-01
16 7 29 514111 -0.03673434 -0.15800428  0.98496103
16 7 29 562369 -0.04627728 -0.10336709  1.00571895
16 7 29 612746 -0.02514553 -0.02219391  1.00629306
16 7 29 672999 -0.01606202 -0.03694534  0.99875116
16 7 29 714937 -0.02958488 -0.08334732  1.00430584
16 7 29 759572 -0.04403448 -0.10432506  1.00661469
16 7 29 812207 -0.0412755  -0.03876495  1.00909662
16 7 29 860696 -0.01063895  0.0130949   1.0066998 
16 7 29 913420  5.17606735e-04 -4.29160595e-02  1.00587678e+00
16 7 29 963215 -0.01572371 -0.09732056  1.0056448 
16 7 30 9265 -0.02694392 -0.07662153  1.00934052
