11 54 24 745955  3.70597839e-03 -2.55775452e-03 -5.05447388e-05
11 54 24 796987  0.02119637 -0.0053196   0.00186157
11 54 24 844791  0.02059317 -0.00512028  0.00064421
11 54 24 896247  0.00578737 -0.00476694 -0.00052309
11 54 24 945114  0.00292444 -0.00530386  0.00063801
11 54 24 992110  0.00892496 -0.00609064  0.00152731
11 54 25 53029  0.00825882 -0.00644779  0.00285816
11 54 25 89112  0.01363945 -0.00573111  0.00318956
11 54 25 148289  0.01475239 -0.00680542 -0.00593996
11 54 25 193393 -0.00528479 -0.00534964 -0.01162672
11 54 25 244842 -3.63302231e-03 -4.05597687e-03 -3.91006470e-05
11 54 25 294479  0.0291028  -0.00798321  0.00761366
11 54 25 343014  0.03061438 -0.00764227 -0.00010538
11 54 25 394990 -0.00321341 -0.00740814 -0.00383282
11 54 25 444528 -0.00543022 -0.0050087   0.0026145 
11 54 25 496381  0.01826286 -0.00767469  0.00709105
11 54 25 544813  0.02408886 -0.00765705  0.00254631
11 54 25 592065  0.00720167 -0.00697184 -0.003263  
11 54 25 643765 -0.00883579 -0.00453472 -0.00466681
11 54 25 721185  0.00503588 -0.00517273  0.00089455
11 54 25 758642  0.02616787 -0.0075326   0.0012455 
11 54 25 814110  0.01828671 -0.00588465 -0.00177193
11 54 25 859899 -0.00127792 -0.00415707 -0.00153208
11 54 25 913993  0.00150347 -0.00460482  0.00031853
11 54 25 964160  0.01049709 -0.00627995 -0.00017977
11 54 26 16383  0.00764179 -0.00458431  0.00205231
11 54 26 53662  0.01147985 -0.00355148  0.00034046
11 54 26 103522  0.00871754 -0.00464058 -0.00803375
11 54 26 145182 -0.00684023 -0.00246382 -0.0103755 
11 54 26 192500  0.00110769 -0.00083303  0.00067043
11 54 26 243298  0.02745581 -0.00443602  0.00440788
11 54 26 295395  0.01975965 -0.00380087 -0.00285769
11 54 26 345634 -0.00831461 -0.00342703 -0.00437117
11 54 26 393399 -0.00294209 -0.00137568  0.00204849
11 54 26 446777  0.01468515 -0.00356674  0.00509882
11 54 26 496968  0.0156517  -0.00282431  0.00106096
11 54 26 542947 -0.00017357 -0.00224924 -0.00409555
11 54 26 599006 -0.01318741  0.00019312 -0.00410986
11 54 26 643662  0.00096655 -0.00036621  0.00036097
11 54 26 695853  0.01805353 -0.00265789  0.00087166
11 54 26 750258  0.00720024  0.00016356 -0.00150013
11 54 26 792727 -0.0081768   0.00044489 -0.00074625
11 54 26 843395 -0.00531387 -0.00096893  0.00100231
11 54 26 895049  0.00066423 -0.00236607  0.00060606
11 54 26 944126 -4.78076935e-03 -8.01086426e-05  3.71885300e-03
11 54 26 993713 -0.00067616  0.00038481  0.0038805 
11 54 27 55059  0.00200748 -0.00096035 -0.00469875
11 54 27 91523 -0.01771355  0.00082684 -0.00862932
11 54 27 143451 -0.01651287  0.00203753  0.00109339
11 54 27 196215  0.01158333 -0.00108576  0.00751066
11 54 27 245022  0.01130724 -0.00116348  0.00038767
11 54 27 296223 -0.01729965  0.00029278 -0.00256205
11 54 27 345282 -0.01910686  0.00266695  0.00306892
11 54 27 391816 -0.00053406  0.00034285  0.00826311
11 54 27 443448  0.00291538 -0.00031424  0.00533915
11 54 27 492503 -0.00551224  0.00096464  0.00042057
11 54 27 544346 -0.02036619  0.00318241 -0.00356102
11 54 27 594824 -0.02139378  0.00253916 -0.00041485
11 54 27 644844 -0.0011034   0.00086117  0.00686741
11 54 27 695409 0.00790358 0.00112915 0.00472593
11 54 27 744393 -0.01194906  0.00164413  0.00054359
11 54 27 795058 -0.02235126  0.00331116  0.00226784
11 54 27 845832 -0.00875187  0.00190353  0.0065012 
11 54 27 896696 -0.00342083  0.00079298  0.00728416
11 54 27 945279 -0.0055232   0.00181723  0.00411797
11 54 28 132 -0.01514006  0.00162888 -0.00281572
11 54 28 54108 -0.02615547  0.00344133 -0.00283623
11 54 28 95762 -0.0132637   0.00297785  0.00587082
11 54 28 146870 0.00844622 0.00051403 0.00777864
11 54 28 193394 -0.00230837  0.00215244  0.0016737 
11 54 28 245087 -0.02427483  0.00261259  0.00103903
11 54 28 295364 -0.01797152  0.00313044  0.00613499
11 54 28 343231 -0.0021925   0.00148487  0.00919676
11 54 28 397952 -0.00057364  0.0027132   0.00536442
11 54 28 444467 -0.01425982  0.00307751 -0.00023794
11 54 28 496462 -0.02502823  0.00432348 -0.00051165
11 54 28 546829 -0.01176548  0.00412703  0.00522089
11 54 28 593079 0.00693369 0.00122404 0.00542116
11 54 28 643521 0.00018215 0.00431681 0.00241089
11 54 28 694167 -0.01540232  0.00389194  0.00217199
11 54 28 744104 -0.01335287  0.00333643  0.00414753
11 54 28 797171 -0.00625515  0.00267982  0.00481224
11 54 28 845045 -0.00527763  0.00290585  0.00674105
11 54 28 895050 -0.00258541  0.00350571  0.00346518
11 54 28 943255 -0.01328373  0.00267506 -0.00443411
11 54 28 994964 -0.02330875  0.0043416  -0.00320768
11 54 29 47691 -0.00614357  0.00315666  0.00603676
11 54 29 98654 0.01488972 0.00081921 0.00561333
11 54 29 144775 -0.00064373  0.00314617  0.00010872
11 54 29 191994 -0.01885748  0.00254726  0.00115919
11 54 29 243056 -0.00872707  0.00257158  0.00577688
11 54 29 296570  3.66592407e-03 -4.38690186e-05  6.71243668e-03
11 54 29 344393 0.00454712 0.00141335 0.00438166
11 54 29 394253 -0.00451803  0.00201559 -0.00139713
11 54 29 444838 -0.0166378   0.00200844 -0.00393677
11 54 29 494552 -0.00767899  0.00257969  0.00139475
11 54 29 543482  0.0166955  -0.00014925  0.00525093
11 54 29 596109 0.01547003 0.00144672 0.0023632 
11 54 29 644376 -0.00649405  0.00120687  0.00052643
11 54 29 696498 -0.00763512  0.00204563  0.00315475
11 54 29 748675 0.00504589 0.00046921 0.00528193
11 54 29 791721 0.00904226 0.00094318 0.00475073
11 54 29 844412 0.00845718 0.00173664 0.0006814 
11 54 29 894506 -0.00537395  0.00180912 -0.00500965
11 54 29 944665 -0.0103426   0.0032897  -0.00309372
11 54 29 993929 0.010005   0.00151157 0.00338984
11 54 30 54882  0.02606487 -0.00019598  0.00302696
11 54 30 90554  0.00835848  0.00163031 -0.00119829
11 54 30 143392 -0.00888538  0.00152683 -0.0006671 
11 54 30 195181 0.00108433 0.00233459 0.00353336
11 54 30 244562  0.01382256 -0.0001812   0.00493908
11 54 30 295900 0.01586723 0.00079107 0.00186396
11 54 30 346063  0.00345421  0.00091076 -0.00456524
11 54 30 391760 -0.00870275  0.00151396 -0.0053587 
11 54 30 443318 0.00505304 0.00156641 0.00139189
11 54 30 494576  0.02708244 -0.00203371  0.00304413
11 54 30 544656  0.01903343 -0.00030518  0.00035667
11 54 30 593593 -0.00141239  0.00016117 -0.00037146
11 54 30 646770  6.15119934e-04 -7.05718994e-05  3.22151184e-03
11 54 30 694859  0.01193666 -0.00187826  0.00461292
11 54 30 744029  0.01560545 -0.0020771   0.00446224
11 54 30 795668  0.01456165 -0.00124311 -0.00016308
11 54 30 844444 -0.00135994 -0.00134754 -0.00681162
11 54 30 896182 -6.83546066e-03  5.72204590e-05 -2.34699249e-03
11 54 30 945004  0.01688051 -0.00254536  0.00628138
11 54 30 992152  0.03111315 -0.00444221  0.0036912 
11 54 31 54128  0.0075922  -0.00267696 -0.00190449
11 54 31 89140 -0.00855446 -0.00293541  0.00055313
11 54 31 142030  0.00530958 -0.00312948  0.00577831
11 54 31 193834  0.01734972 -0.00575352  0.00560093
11 54 31 244355  0.01407623 -0.00484943  0.00053024
11 54 31 295810 -0.00200415 -0.00439548 -0.00350952
11 54 31 346968 -0.00772524 -0.00289726 -0.0022707 
11 54 31 397471  0.00970554 -0.0045476   0.00324869
11 54 31 446829  0.02386665 -0.03115749  3.7187624 
11 54 31 505963  0.00979137 -0.00517035  0.00052643
11 54 31 566522 -0.00509548 -0.00619698  0.00072241
11 54 31 625697  0.00076294 -0.00643349  0.00305176
11 54 31 666449  0.00751495 -0.00755262  0.00413275
11 54 31 710397  0.01082945 -0.00755167  0.00488615
11 54 31 749242  0.00735283 -0.00756788 -0.0017252 
11 54 31 795031 -0.00024986  0.00455713  0.01142168
11 54 31 845937 0.00624704 0.00426531 0.0086832 
11 54 31 894836 -0.01121378  0.00669432  0.00379276
11 54 31 944770 -0.02626181  0.00850725  0.00412846
11 54 31 995190 -0.01154613  0.00853062  0.00878525
11 54 32 53296 0.00915575 0.00664186 0.00780487
11 54 32 97989 0.00276518 0.00801516 0.00549936
11 54 32 144798 -0.01601648  0.00915051  0.00674629
11 54 32 192021 -0.01682281  0.0087719   0.00701952
11 54 32 244810 -0.01020956  0.00633526  0.00723314
11 54 32 293502 -0.00548077  0.00714111  0.01034069
11 54 32 344983 -0.0017519   0.00660896  0.00959778
11 54 32 394465 -0.01077652  0.00698519  0.00115824
11 54 32 445971 -0.02874708  0.0077219   0.00015736
11 54 32 494535 -0.0134654   0.00816393  0.01255512
11 54 32 543987 0.0186305  0.00498629 0.01592684
11 54 32 595971 0.00840378 0.00599098 0.00901461
11 54 32 644063 -0.02407694  0.00601721  0.00807047
11 54 32 698120 -0.0183053   0.00713778  0.01541281
11 54 32 745140 0.00405169 0.00458479 0.01602745
11 54 32 791735 0.00657797 0.00377321 0.01210403
11 54 32 844327 -0.01185274  0.00614119  0.00955629
11 54 32 893870 -0.02331924  0.00658751  0.01016426
11 54 32 944602 -0.00828934  0.00546455  0.01300049
11 54 32 994304 0.00960159 0.003479   0.0111084 
11 54 33 54244 0.00256538 0.00617981 0.00942039
11 54 33 89975 -0.01198673  0.00635815  0.00997066
11 54 33 143491 -0.00893068  0.00491953  0.00883198
11 54 33 194157 -0.00533628  0.00422573  0.00743103
11 54 33 245898 -0.00850916  0.0056529   0.01050472
11 54 33 295834 -0.0013566   0.00472355  0.01087189
11 54 33 345035 0.00515032 0.00398874 0.00266695
11 54 33 391929 -0.01315928  0.00581789 -0.00416756
11 54 33 444186 -0.01873255  0.00696468  0.00368309
11 54 33 492645 0.01034021 0.00371265 0.01353216
11 54 33 544287 0.02586412 0.00392771 0.00854397
11 54 33 594519 -0.00326777  0.00373411  0.00334692
11 54 33 647000 -0.01683807  0.00586176  0.00842476
11 54 33 695699 0.00424862 0.00436831 0.01486063
11 54 33 743063 0.01681709 0.00341415 0.01256323
11 54 33 795816 0.01330948 0.00554276 0.00807571
11 54 33 845666 -0.00577497  0.00581026  0.00064373
11 54 33 896898 -0.01978588  0.0073905   0.00211   
11 54 33 944723 0.00021935 0.00507879 0.01401377
11 54 34 19562 0.03035402 0.00406456 0.01497078
11 54 34 76131 0.01411963 0.00414848 0.00671482
11 54 34 122886 -0.01682663  0.00758886  0.00834465
11 54 34 155396 -0.00627661  0.00791073  0.01780891
11 54 34 214345 0.02612972 0.00331593 0.01915312
11 54 34 258269 0.02960062 0.00321388 0.00798225
11 54 34 316110 -0.00434399  0.00657415  0.001544  
11 54 34 364332 -0.0191946  0.0109396  0.0077877
11 54 34 419788 0.01317835 0.00717926 0.01874638
11 54 34 463374 0.04389524 0.0026536  0.01254702
11 54 34 519776 0.01442194 0.00521469 0.005229  
11 54 34 573467 -0.01642084  0.01042366  0.01215458
11 54 34 612118 0.00752974 0.0086937  0.02152205
11 54 34 643988 0.04509258 0.00021648 0.01447868
11 54 34 692914 0.02467394 0.00440407 0.00063801
11 54 34 745473 -0.01388741  0.01106644  0.00582552
11 54 34 793697 0.00176048 0.00994968 0.02103567
11 54 34 845216 0.0476141  0.00511932 0.01874352
11 54 34 895556 0.03872013 0.00445843 0.00744581
11 54 34 943642 -0.00051832  0.01109838  0.01285934
11 54 34 995970 0.01170111 0.01193666 0.02516174
11 54 35 46937 0.05332088 0.00093365 0.01602793
11 54 35 98535  0.02799416  0.00450468 -0.0036664 
11 54 35 144303 -0.00755405  0.00939798  0.00721693
11 54 35 191360 0.01857996 0.00827503 0.02629709
11 54 35 243289 0.05632448 0.00239515 0.01888371
11 54 35 293795 0.02620411 0.00451231 0.006989  
11 54 35 344900 0.00137806 0.01391888 0.01568317
11 54 35 393657 0.04555416 0.00378227 0.02045822
11 54 35 445795 0.03860283 0.00556898 0.00134134
11 54 35 495002 -0.00301552  0.01004839  0.00550222
11 54 35 544227 0.0194726  0.00767756 0.0243187 
11 54 35 595071 0.05455494 0.00340271 0.01770878
11 54 35 644427 0.02300453 0.00590515 0.01084566
11 54 35 695627 0.01403236 0.00853825 0.0164547 
11 54 35 745950 0.04162884 0.00411415 0.01165104
11 54 35 792087 0.02332258 0.01044321 0.00912619
11 54 35 843442 0.02251625 0.00715923 0.01979971
11 54 35 892976 0.04827356 0.0019803  0.01772022
11 54 35 943542 0.03001738 0.0069375  0.01198673
11 54 35 993376 0.02475929 0.00515556 0.0152688 
11 54 36 54839 0.03533077 0.0019908  0.00854015
11 54 36 92764 0.01764822 0.00996447 0.01198959
11 54 36 142559 0.02631187 0.00849247 0.02198315
11 54 36 194460 0.03999996 0.00209761 0.01518631
11 54 36 243416 0.02022362 0.00497341 0.01028633
11 54 36 296625 0.0265975  0.00238562 0.01226091
11 54 36 344560 0.03195286 0.00202227 0.01291609
11 54 36 391130 0.01988935 0.00538731 0.01476336
11 54 36 443251 0.02394581 0.00158453 0.0139575 
11 54 36 499004 0.02245808 0.00208998 0.01128912
11 54 36 545035 0.0250144  0.00038147 0.01107931
11 54 36 593798  0.02506447 -0.00304699  0.00572109
11 54 36 645348 0.01165104 0.0040884  0.01191139
11 54 36 694140  0.02771616 -0.00158453  0.01784611
11 54 36 742920  0.02602768 -0.00378036  0.01080036
11 54 36 794703  0.01136923 -0.00362968  0.00906134
11 54 36 844136  0.02271366 -0.00801945  0.007586  
11 54 36 896095  0.01473618 -0.00353336  0.01313639
11 54 36 944676  0.01780891 -0.00305414  0.01667166
11 54 36 991263  0.02028751 -0.00967503  0.01155138
11 54 37 52170  0.00922155 -0.00722075  0.01054668
11 54 37 88537  0.01785851 -0.01505089  0.0059042 
11 54 37 149948  0.00468969 -0.00848627  0.01022148
11 54 37 192897  0.00931644 -0.00624895  0.02056122
11 54 37 244552  0.01517582 -0.01337624  0.01241255
11 54 37 295215 -0.00084019 -0.01410055  0.00756073
11 54 37 342675  0.00448275 -0.01769876  0.0056386 
11 54 37 395055  0.00499821 -0.00933981  0.01489258
11 54 37 443617  0.00477648 -0.00991726  0.02070379
11 54 37 498390 -0.00814962 -0.02239513  0.0074234 
11 54 37 546414 -0.00043392 -0.01956367  0.00729322
11 54 37 591358 0.00461054 0.03120279 1.06256819
11 54 37 643270 -7.00950623e-05 -1.47242546e-02  1.98268890e-02
11 54 37 693312 -0.01757097 -0.01866436  0.01018095
11 54 37 745135 -0.00750494 -0.0295825   0.00554609
11 54 37 793429 -0.0356946  -0.01614428  0.12143421
11 54 37 845473 -0.03775167  0.00740719  0.12814379
11 54 37 893825 -0.05294609 -0.01826286  0.10241842
11 54 37 944697 -0.03966618 -0.01427746  0.12147665
11 54 37 995158 -0.03854513  0.00791121  0.12600565
11 54 38 52855 -0.05552721 -0.01818132  0.10064173
11 54 38 98797 -0.04414415 -0.01307726  0.12084532
11 54 38 144869 -0.04085779  0.00605345  0.1241827 
11 54 38 192412 -0.05354404 -0.01939154  0.09965372
11 54 38 246951 -0.04096889 -0.01213741  0.12009811
11 54 38 291941 -0.04451227  0.00644159  0.1209507 
11 54 38 343821 -0.05441093 -0.02288866  0.09853363
11 54 38 393192 -0.0410018  -0.01042366  0.12084484
11 54 38 445760 -0.04089832  0.00521708  0.12057066
11 54 38 495308 -0.05137825 -0.02364016  0.09614229
11 54 38 547096 -0.03808928 -0.01119757  0.12031841
11 54 38 594767 -0.03957891  0.00432205  0.11783123
11 54 38 643977 -0.04785013 -0.02499771  0.09527969
11 54 38 696103 -0.03775406 -0.00747156  0.11979198
11 54 38 772616 -0.03756618  0.00282431  0.11740303
11 54 38 831392 -0.04261637 -0.02747726  0.09601784
11 54 38 870861 -0.02752161 -0.00736141  0.1184516 
11 54 38 892264 -0.03225565  0.00219059  0.11229277
11 54 38 943571 -0.04174328 -0.02633905  0.09388065
11 54 38 994337 -0.02395487 -0.00588703  0.11761045
11 54 39 54412 -0.02582026  0.00055265  0.11070824
11 54 39 90538 -0.03216171 -0.02665186  0.09380817
11 54 39 143396 -0.01593304 -0.00254631  0.1161356 
11 54 39 194711 -0.02242613  0.00111437  0.1094532 
11 54 39 249132 -0.02670479 -0.02547884  0.09465551
11 54 39 296299 -0.00962925 -0.00256968  0.11641788
11 54 39 345258 -0.01592398  0.00038147  0.10655928
11 54 39 394678 -0.02023411 -0.02540731  0.09488392
11 54 39 444047 -0.00238991  0.00085115  0.11764336
11 54 39 492469 -0.01007318  0.00068474  0.10675669
11 54 39 544355 -0.01521158 -0.02331638  0.09646702
11 54 39 593390 -0.00029469  0.00136232  0.11941481
11 54 39 647693 -6.78253174e-03 -2.71797180e-05  1.06538296e-01
11 54 39 694167 -0.0095396  -0.02292824  0.09951591
11 54 39 743842 0.00475121 0.00659037 0.12223005
11 54 39 794979 -0.00353956 -0.00073385  0.10690594
11 54 39 843824 -0.00303364 -0.02145672  0.10143471
11 54 39 897602 0.00714684 0.00656986 0.12284517
11 54 39 945695 -0.00116158 -0.0003438   0.10520983
11 54 39 991890  0.00201654 -0.0209837   0.10464764
11 54 40 53905 0.01462126 0.01011086 0.1253314 
11 54 40 89365  0.00231028 -0.0012455   0.10369492
11 54 40 142887  0.00487232 -0.01804352  0.10559988
11 54 40 193230 0.01586485 0.01027155 0.12761927
11 54 40 245271  0.00818396 -0.00134754  0.10706472
11 54 40 294743  0.01268959 -0.01963234  0.10876656
11 54 40 343605 0.02408218 0.01123381 0.12777662
11 54 40 395659  0.01419878 -0.00235081  0.10437346
11 54 40 443988  0.01489544 -0.01830769  0.11026955
11 54 40 495889 0.02722836 0.01148462 0.12935209
11 54 40 545020  0.01925135 -0.00485373  0.10439777
11 54 40 592203  0.02077913 -0.01750612  0.11011648
11 54 40 644021 0.03176308 0.0104475  0.12963772
11 54 40 698595  0.02127409 -0.00463772  0.10384035
11 54 40 743797  0.0212183  -0.01842642  0.11021376
11 54 40 793320 0.03391552 0.01051474 0.13034439
11 54 40 847994  0.02420616 -0.00634766  0.10459471
11 54 40 894342  0.02494383 -0.01982975  0.11049318
11 54 40 944357 0.03535032 0.00976753 0.13054609
11 54 40 995749  0.02504826 -0.0058794   0.10501385
11 54 41 48114  0.02647114 -0.02078247  0.11085176
11 54 41 98873 0.0369463  0.0101676  0.13056469
11 54 41 146195  0.02563095 -0.00629473  0.1064949 
11 54 41 192308  0.02906561 -0.02108955  0.11338568
11 54 41 243908 0.03856754 0.00946903 0.13089561
11 54 41 292593  0.02572346 -0.0079689   0.10677814
11 54 41 344052  0.02708006 -0.02121449  0.11443853
11 54 41 393428 0.04073334 0.00749969 0.1339798 
11 54 41 445054  0.02817202 -0.00911236  0.10971117
11 54 41 494272  0.03151703 -0.02263165  0.11769009
11 54 41 543220 0.04276991 0.00606012 0.13408375
11 54 41 595252  0.03007126 -0.01094913  0.10955667
11 54 41 643875  0.03395128 -0.02449369  0.11808157
11 54 41 695998 0.04384995 0.00470114 0.13505363
11 54 41 745987  0.03084135 -0.01182079  0.10947561
11 54 41 794985  0.03629589 -0.0272212   0.11973858
11 54 41 843162 0.04338884 0.00407124 0.13361835
11 54 41 893164  0.03136206 -0.01326656  0.10779905
11 54 41 944972  0.03432894 -0.02538395  0.11715317
11 54 41 994919 0.04379654 0.00368404 0.13433075
11 54 42 54285  0.02977371 -0.01207447  0.10563326
11 54 42 90480  0.03295946 -0.03167057  0.11374474
11 54 42 143130 0.03969193 0.00251675 0.12935066
11 54 42 195183  0.02709007 -0.0124979   0.10354424
11 54 42 243834  0.03108311 -0.02983618  0.11102724
11 54 42 296456 0.03362513 0.0019331  0.12468243
11 54 42 345743  0.02208853 -0.01356411  0.09897375
11 54 42 391794  0.02955341 -0.0298934   0.10982227
11 54 42 444394 0.0310626  0.00194216 0.12197161
11 54 42 493550  0.0173068  -0.01413918  0.09613991
11 54 42 546258  0.02551651 -0.02979183  0.10699224
11 54 42 593978 0.03032541 0.00229836 0.12039089
11 54 42 646011  0.01662207 -0.01562071  0.09314871
11 54 42 696088  0.02328157 -0.02861357  0.10560226
11 54 42 744690 0.02961493 0.00159359 0.11917305
11 54 42 796906  0.01621246 -0.0174799   0.09271765
11 54 42 844071  0.02306128 -0.02771521  0.10440779
11 54 42 896462 0.03092337 0.00156164 0.11873674
11 54 42 944937  0.01705742 -0.01873636  0.09137106
11 54 42 993538  0.02542734 -0.03042507  0.10487652
11 54 43 52893  0.0297904  -0.00042105  0.11809635
11 54 43 90842  0.01660347 -0.02061367  0.09061718
11 54 43 143074  0.02204657 -0.02733183  0.10438585
11 54 43 196044  0.02664375 -0.00086832  0.11800385
11 54 43 247124  0.01432419 -0.02104664  0.08996296
11 54 43 295724  0.02393866 -0.02811003  0.10414457
11 54 43 345158  0.02599621 -0.00094986  0.11651611
11 54 43 397453  0.01204157 -0.02170849  0.08812141
11 54 43 444279  0.01788092 -0.02818251  0.10390329
11 54 43 498441  0.02053118 -0.00085402  0.11443138
11 54 43 546642  0.00807428 -0.02362967  0.08695364
11 54 43 594150  0.01527309 -0.0008831   0.11258936
11 54 43 643786  0.00245905 -0.02445507  0.08479357
11 54 43 700839  0.011374   -0.02357149  0.10275793
11 54 43 744860 0.01380396 0.00092125 0.11118507
11 54 43 793561 -0.00050211 -0.02364779  0.08328152
11 54 43 844906  0.00914192 -0.02266216  0.10214329
11 54 43 894936 -0.0063262  -0.03665352 -0.0151391 
11 54 43 943434  0.01621866 -0.00786924  0.00609016
11 54 43 995992  4.10079956e-05 -1.30286217e-02 -9.25016403e-03
11 54 44 53081 -0.00309467 -0.03858709 -0.01091242
11 54 44 98172  0.01907539 -0.00578737  0.00881481
11 54 44 144846  0.00491333 -0.01649904 -0.00752354
11 54 44 191787  0.00434303 -0.03794384 -0.00537539
11 54 44 243712  0.02364206 -0.00643444  0.01154232
11 54 44 292768  0.00523615 -0.02091789 -0.00651836
11 54 44 345469  0.00994301 -0.03789091 -0.0012579 
11 54 44 395484  0.02965069 -0.00642967  0.01475239
11 54 44 446945  0.0102458  -0.02601624 -0.00694656
11 54 44 494281  0.01718521 -0.03642178  0.00274849
11 54 44 544218  0.03057718 -0.00721836  0.01542377
11 54 44 594870  0.01339149 -0.02930069 -0.00548649
11 54 44 644028  0.02558613 -0.03529024  0.00719833
11 54 44 697453  0.03665829 -0.00915003  0.01757908
11 54 44 745143  0.01661062 -0.03207207 -0.00633574
11 54 44 792070  0.03134155 -0.03433228  0.01167583
11 54 44 845540  0.04151344 -0.00981855  0.01829243
11 54 44 893807  0.02118015 -0.03577852 -0.00301552
11 54 44 945365  0.03692532 -0.03320503  0.01600647
11 54 44 993349  0.04218817 -0.01184797  0.01973343
11 54 45 54758  0.0265727  -0.03894854 -0.00207472
11 54 45 90503  0.04381466 -0.03107023  0.02087498
11 54 45 143303  0.04361963 -0.01141834  0.02035761
11 54 45 195336  0.03002739 -0.04180717  0.00300741
11 54 45 245667  0.04815912 -0.02910423  0.02562332
11 54 45 296539  0.04676723 -0.015378    0.02111959
11 54 45 345702  0.03467703 -0.04555845  0.00687218
11 54 45 392490  0.0550375  -0.02406406  0.02927208
11 54 45 444430  0.04757071 -0.01705599  0.02228594
11 54 45 492374  0.03830099 -0.04833603  0.0126996 
11 54 45 546019  0.05804443 -0.02120733  0.03352785
11 54 45 594934  0.04648018 -0.02121782  0.02122593
11 54 45 647546  0.04153538 -0.048522    0.01657772
11 54 45 697524  0.06407881 -0.01895189  0.03595829
11 54 45 743568  0.04488754 -0.02508497  0.0201726 
11 54 45 800320  0.04463863 -0.04812717  0.02257442
11 54 45 844114  0.06508303 -0.0170846   0.03961658
11 54 45 896021  0.04854298 -0.02993011  0.02184439
11 54 45 945037  0.05317783 -0.04642534  0.02863026
11 54 45 991850  0.06663227 -0.0147109   0.04068518
11 54 46 54618  0.04479837 -0.03340816  0.01960707
11 54 46 89681  0.05670118 -0.04121113  0.03390026
11 54 46 143178  0.06718636 -0.01441622  0.04315376
11 54 46 196227  0.0480032  -0.03678179  0.0214138 
11 54 46 245190  0.06314707 -0.03923035  0.03801155
11 54 46 297071  0.0665884  -0.01299763  0.043365  
11 54 46 343977  0.04715729 -0.0393796   0.02137899
11 54 46 397833  0.06416798 -0.03647804  0.0433135 
11 54 46 446051  0.06689501 -0.01568699  0.04446697
11 54 46 497652  0.04903698 -0.04270411  0.02497625
11 54 46 545555  0.0686717  -0.03297615  0.04667044
11 54 46 592111  0.06726217 -0.01672554  0.04444504
11 54 46 643660  0.05258512 -0.04453421  0.02804327
11 54 46 693227  0.07022858 -0.03039265  0.05075598
11 54 46 744486  0.06631756 -0.01792288  0.04386568
11 54 46 794275  0.0576539  -0.04929686  0.03201818
11 54 46 845201  0.07839584 -0.02426434  0.05187702
11 54 46 895038  0.06561947 -0.02076912  0.03979588
11 54 46 943564  0.05469751 -0.04899836  0.03137827
11 54 46 995438  0.07537746 -0.0207119   0.05432653
11 54 47 51034  0.06468058 -0.02396441  0.03858423
11 54 47 101519  0.05804968 -0.04954672  0.03480101
11 54 47 144793  0.07592392 -0.01640415  0.05530643
11 54 47 192891  0.06053114 -0.02784824  0.03928041
11 54 47 244450  0.06294489 -0.04735565  0.04040051
11 54 47 292955  0.07644176 -0.01527834  0.05750561
11 54 47 344108  0.05900002 -0.03169441  0.03660107
11 54 47 394675  0.06723404 -0.04603529  0.0446229 
11 54 47 445227  0.07491302 -0.0121336   0.05766058
11 54 47 494762  0.05539989 -0.03419256  0.03506517
11 54 47 545872  0.06811762 -0.04163456  0.04906082
11 54 47 594749  0.06976748 -0.01353645  0.05776978
11 54 47 643699  0.0555191  -0.03811598  0.03531313
11 54 47 697213  0.0714817  -0.03608322  0.05312157
11 54 47 747133  0.06689453 -0.01220417  0.05571175
11 54 47 793683  0.05092239 -0.0404458   0.03580427
11 54 47 844464  0.06965542 -0.03164387  0.05638695
11 54 47 893597  0.06051922 -0.01229429  0.05478191
11 54 47 944511  0.05028057 -0.04330015  0.03867388
11 54 47 992532  0.06801987 -0.02552366  0.0580039 
11 54 48 55149  0.05626202 -0.01199818  0.05130577
11 54 48 90540  0.04589653 -0.04435968  0.03900003
11 54 48 143549  0.06467772 -0.01936054  0.06092215
11 54 48 195434  0.05219698 -0.0133605   0.04943705
11 54 48 246809  0.04441929 -0.04799271  0.04257917
11 54 48 296911  0.06293011 -0.01381397  0.06103802
11 54 48 346033  0.04457903 -0.01738882  0.04573536
11 54 48 390900  0.04134512 -0.04388189  0.04443455
11 54 48 444549  0.05859947 -0.00962114  0.06201029
11 54 48 496071  0.03874159 -0.02227306  0.04336214
11 54 48 544447  0.04372215 -0.04110241  0.04739904
11 54 48 593785  0.05314732 -0.00620174  0.06121302
11 54 48 645887  0.03144503 -0.02548695  0.04166985
11 54 48 696034  0.04508638 -0.03573656  0.05109406
11 54 48 743706  0.04649353 -0.00477743  0.06009865
11 54 48 794909  0.02499771 -0.0284586   0.03868198
11 54 48 843494  0.04342747 -0.03023481  0.05325794
11 54 48 896407  0.03988361 -0.0027256   0.05788994
11 54 48 944950  0.02267742 -0.0296936   0.03666735
11 54 48 991285  0.039361   -0.02390575  0.05423641
11 54 49 52260  0.03197908 -0.00110388  0.05511045
11 54 49 88567  0.02021694 -0.03184986  0.03641939
11 54 49 146939  0.03879023 -0.01826954  0.05626059
11 54 49 193119  0.02453423 -0.00232744  0.05023384
11 54 49 244751  0.01440287 -0.03307533  0.03563499
11 54 49 294859  0.03172398 -0.01061964  0.05699492
11 54 49 343653  0.01893854 -0.00115252  0.0480442 
11 54 49 397097  0.01332617 -0.03352165  0.03846884
11 54 49 445493  0.02859068 -0.00537968  0.0563426 
11 54 49 495868  0.00808525 -0.00437307  0.04270315
11 54 49 545339  0.0111475  -0.02994585  0.03979206
11 54 49 594925  0.00319672 -0.00561285  0.03883791
11 54 49 644384  0.01322508 -0.02891541  0.04301023
11 54 49 692205  1.85852051e-02  2.71797180e-05 -5.93542099e-01
11 54 49 744175 -0.00340843 -0.00964737  0.03262043
11 54 49 794497  0.01016569 -0.02028942  0.04339981
11 54 49 844832 0.01323652 0.01091623 0.05209589
11 54 49 896821 -0.02085161 -0.00534058  0.05623484
11 54 49 942480 -0.00910711  0.0263896   0.07056522
11 54 49 995980 -0.02764082  0.0113101   0.05213737
11 54 50 53484 -0.0181756  -0.0031352   0.05868006
11 54 50 98412 -0.01213789  0.02468967  0.07062626
11 54 50 145041 -0.02893591  0.00849056  0.05082178
11 54 50 191516 -0.01760578 -0.0024662   0.06019211
11 54 50 243927 -0.01314163  0.02575588  0.06975889
11 54 50 297504 -0.03078842  0.00507641  0.04873276
11 54 50 344590 -0.01698399 -0.0015521   0.06283808
11 54 50 393865 -0.01555252  0.02469015  0.06730843
11 54 50 445518 -0.03038263  0.00188684  0.0463438 
11 54 50 493459 -0.01475906  0.00196505  0.06267786
11 54 50 542453 -0.01539612  0.02505207  0.0665555 
11 54 50 594997 -0.02866364 -0.00116348  0.04605818
11 54 50 644523 -0.01264143  0.00244188  0.06438065
11 54 50 696131 -0.01634216  0.02238369  0.06380606
11 54 50 744924 -0.02706099 -0.00342464  0.04481316
11 54 50 794683 -0.0114913   0.00479364  0.06498146
11 54 50 843817 -0.01408863  0.02171516  0.062078  
11 54 50 894229 -0.02796125 -0.00639057  0.04442215
11 54 50 943649 -0.00943661  0.00474072  0.06604815
11 54 50 994154 -0.01609659  0.01954603  0.05964231
11 54 51 54180 -0.02748585 -0.00827074  0.04441261
11 54 51 91154 -0.01036072  0.00778818  0.06693554
11 54 51 142922 -0.01480436  0.01774836  0.05998087
11 54 51 194570 -0.02586508 -0.01046658  0.04518366
11 54 51 245240 -0.00755739  0.00749111  0.06702948
11 54 51 298551 -0.01805449  0.01630211  0.05700731
11 54 51 344183 -0.02588892 -0.01297045  0.04631662
11 54 51 392087 -0.00695944  0.01113176  0.0676012 
11 54 51 443773 -0.02006245  0.0134716   0.05555534
11 54 51 492053 -0.02480268 -0.01392698  0.04882765
11 54 51 546964 -0.00677443  0.01362467  0.06865263
11 54 51 593371 -0.02095509  0.01040602  0.05515242
11 54 51 644902 -0.02227449 -0.01264381  0.05007887
11 54 51 695479 -0.00679302  0.01268339  0.06963873
11 54 51 743307 -0.02244139  0.00749493  0.05317163
11 54 51 794867 -0.01872444 -0.0136857   0.05306387
11 54 51 843759 -0.00619459  0.01616383  0.0695653 
11 54 51 895978 -0.02499008  0.00353956  0.05014086
11 54 51 944674 -0.01565695 -0.01334667  0.05537033
11 54 51 991187 -0.00517321  0.01612282  0.06954336
11 54 52 53033 -0.02203846 -0.00079966  0.04895592
11 54 52 89958 -0.01000071 -0.01141119  0.05926085
11 54 52 145240 -0.00688219  0.01612043  0.06868696
11 54 52 192897 -0.02247572 -0.0043335   0.04661512
11 54 52 244961 -0.00850487 -0.01099253  0.06147528
11 54 52 295351 -0.00453568  0.01636028  0.06835604
11 54 52 343396 -0.02199841 -0.00819397  0.04453754
11 54 52 394906 -0.0080328  -0.00927639  0.06265354
11 54 52 444635 -0.00278378  0.01698494  0.06905127
11 54 52 496697 -0.02099323 -0.00973225  0.04521799
11 54 52 544634 -0.0055294  -0.00927067  0.06541061
11 54 52 592660 -0.00446987  0.01380825  0.06823969
11 54 52 643721 -0.01938009 -0.01220322  0.04658651
11 54 52 692155 -0.00196791 -0.00663567  0.0670085 
11 54 52 744983 -0.00500441  0.01357794  0.06657028
11 54 52 794688 -0.01763248 -0.01585197  0.04844189
11 54 52 846703 -0.0011878  -0.0041728   0.06857729
11 54 52 894538 -0.00616312  0.01127243  0.06451893
11 54 52 943273 -0.01771927 -0.01881361  0.04770136
11 54 52 996098  0.00147295 -0.0023737   0.07047987
11 54 53 47715 -0.00656748  0.00874949  0.06332827
11 54 53 98986 -0.017169   -0.01961946  0.04936361
11 54 53 146534  0.00147343 -0.00253344  0.07191277
11 54 53 192034 -0.00900793  0.0046401   0.06237507
11 54 53 243607 -0.01478577 -0.02409792  0.05186749
11 54 53 293947 0.00392818 0.00054789 0.0724268 
11 54 53 344532 -0.00865173  0.00165844  0.05993795
11 54 53 393953 -0.01140213 -0.02653599  0.05372763
11 54 53 444752 0.00494337 0.00285387 0.07314539
11 54 53 494898 -0.00961447 -0.00299549  0.05820131
11 54 53 545341 -0.00510883 -0.02697277  0.05614758
11 54 53 597294 0.00702906 0.00286531 0.07379341
11 54 53 643675 -0.01103544 -0.00757599  0.05361366
11 54 53 695783 -0.0055356  -0.02785301  0.05863476
11 54 53 745856 0.00539255 0.00354433 0.07440138
11 54 53 791704 -0.00842714 -0.01376581  0.05445862
11 54 53 844270  0.00292492 -0.02707434  0.06138039
11 54 53 894488 0.00490141 0.00109911 0.07309628
11 54 53 943888 -0.01033735 -0.01855564  0.0504632 
11 54 53 996782  0.00566483 -0.02474356  0.06452513
11 54 54 54244 0.00695848 0.00216007 0.07202101
11 54 54 91723 -0.00621605 -0.02337122  0.04866409
11 54 54 143597  0.01115322 -0.0244813   0.06390429
11 54 54 196257 0.00550413 0.00151157 0.06910801
11 54 54 246653 -0.00415277 -0.02594042  0.04754591
11 54 54 296986  0.0135417  -0.02242327  0.06669664
11 54 54 344707  0.00970793 -0.0005846   0.06536722
11 54 54 393689 -0.00207472 -0.03023338  0.04382086
11 54 54 443284  0.01464224 -0.02036142  0.0668602 
11 54 54 495913  0.0102706  -0.00300932  0.06362057
11 54 54 544137  0.00169563 -0.03208828  0.04485512
11 54 54 594317  0.01656008 -0.0171771   0.06669903
11 54 54 644979  0.01126528 -0.00507593  0.06047678
11 54 54 694849  0.00609016 -0.03507233  0.04668474
11 54 54 743439  0.02457666 -0.01431561  0.06700182
11 54 54 794784  0.00750065 -0.00731134  0.05609083
11 54 54 845061  0.00756788 -0.03817749  0.04741955
11 54 54 897283  0.02502871 -0.00905752  0.06775475
11 54 54 944993  0.0122633  -0.00947762  0.05287647
11 54 54 991583  0.01210594 -0.03847742  0.04730558
11 54 55 52786  0.0237093  -0.00778198  0.06659269
11 54 55 89088  0.00997972 -0.01382446  0.05019569
11 54 55 143136  0.01995039 -0.03836823  0.0500989 
11 54 55 193392  0.02720499 -0.00389576  0.0651989 
11 54 55 245084  0.00925303 -0.01811409  0.04254293
11 54 55 294593  0.02005529 -0.03706217  0.05042171
11 54 55 343794  0.02590895 -0.00396347  0.06287289
11 54 55 396521  0.00940084 -0.02142239  0.03976727
11 54 55 444364  0.02340841 -0.03297043  0.05053282
11 54 55 496373  0.02452803 -0.00285244  0.06183529
11 54 55 546285  0.00971699 -0.0256567   0.03817654
11 54 55 596319  0.02659559 -0.00238371  0.05839252
11 54 55 644161  0.01202869 -0.02758789  0.03490353
11 54 55 693404  0.03013659 -0.02647924  0.05447817
11 54 55 744351  0.02655554 -0.00256824  0.05720949
11 54 55 795468  0.01334524 -0.02985334  0.03444147
11 54 55 845965  0.03187704 -0.0239768   0.055336  
11 54 55 895351  0.00696754 -0.01565981  0.0283165 
11 54 55 943770  0.02825928 -0.00501871  0.04683113
11 54 56 10066 0.02006865 0.01168346 0.04167128
11 54 56 74986  0.00381565 -0.0175705   0.02630854
11 54 56 125134  0.02426577 -0.0011282   0.04859066
11 54 56 165453 0.01366091 0.00890207 0.03828812
11 54 56 215551  0.00217295 -0.02125788  0.02740145
11 54 56 263441 0.01987505 0.00309706 0.04771662
11 54 56 292580 0.00784302 0.00668573 0.03518295
11 54 56 344238  0.00021839 -0.02246094  0.02901363
11 54 56 394419 0.0173049  0.00702095 0.04825497
11 54 56 444887 0.00188637 0.00179958 0.03170919
11 54 56 494382  0.00187492 -0.02236223  0.03178263
11 54 56 542842 0.01486588 0.00806952 0.04629469
11 54 56 597358 -0.00473356 -0.00166178  0.02800989
11 54 56 644888  0.00352716 -0.0202446   0.03498888
11 54 56 697918 0.01129007 0.01152468 0.04536057
11 54 56 745061 -0.0067153  -0.00733995  0.02668381
11 54 56 791899  0.00891018 -0.01852274  0.03747368
11 54 56 843772 0.01005983 0.01028824 0.04330778
11 54 56 893021 -0.00991297 -0.0108819   0.0215621 
11 54 56 944557  0.00609827 -0.01521492  0.03829956
11 54 56 993627 0.01058722 0.01089191 0.04358339
11 54 57 54288 -0.00732136 -0.01360559  0.02073812
11 54 57 90582  0.00924015 -0.01467609  0.03911257
11 54 57 143520 0.00430632 0.00931644 0.03960514
11 54 57 195122 -0.00888491 -0.01692438  0.02034664
11 54 57 245159  0.00976801 -0.01013565  0.0398097 
11 54 57 295882 0.00191402 0.00861835 0.03644514
11 54 57 344976 -0.00945997 -0.02109814  0.02009106
11 54 57 391559  0.0104804  -0.00850105  0.0390501 
11 54 57 443410 -0.00240803  0.00626516  0.03165102
11 54 57 492839 -0.01093245 -0.02316427  0.01839113
11 54 57 543965  0.00494862 -0.00293112  0.03985262
11 54 57 594353 -0.00498724  0.00419092  0.02915668
11 54 57 645332 -0.0112772  -0.02568579  0.01964521
11 54 57 718219 0.00551081 0.00193501 0.0401473 
11 54 57 758393 -0.01051378  0.00012827  0.02545977
11 54 57 818830 -0.01133394 -0.02362585  0.02156448
11 54 57 845617 0.00289011 0.00405836 0.04029083
11 54 57 896915 -0.01351929 -0.00266886  0.02203226
11 54 57 945095 -0.00863266 -0.0244503   0.0246768 
11 54 57 995399 0.00158691 0.00769663 0.03879213
11 54 58 54579 -0.01749706 -0.00705385  0.0183816 
11 54 58 90424 -0.00669718 -0.02141476  0.02593279
11 54 58 143326 -0.00134754  0.00843525  0.03792858
11 54 58 193492 -0.01813316 -0.00979805  0.01638651
11 54 58 246057 -0.00393152 -0.01759624  0.02918434
11 54 58 294747 -0.00619316  0.00967932  0.03570414
11 54 58 343353 -0.02120113 -0.01349878  0.0143919 
11 54 58 395302 -0.00406122 -0.012712    0.03096724
11 54 58 445514 -0.00906754  0.01163864  0.0336566 
11 54 58 495883 -0.0232234  -0.01488638  0.01446295
11 54 58 547388 -0.00495958 -0.01012135  0.03436422
11 54 58 594281 -0.0141902   0.01070023  0.03023052
11 54 58 643817 -0.02479506 -0.01727724  0.01543427
11 54 58 693456 -0.00809526 -0.00363016  0.03535461
11 54 58 745838 -0.0178237   0.01000834  0.02991009
11 54 58 793710 -0.0251646  -0.02154303  0.01874828
11 54 58 845604 -0.00789499  0.00271463  0.03776455
11 54 58 895166 -0.02254486  0.00686455  0.0272131 
11 54 58 943963 -0.02617836 -0.01999903  0.01957369
11 54 58 997331 -0.0086484   0.00618887  0.04020405
11 54 59 48076 -0.02557039  0.00381517  0.02425671
11 54 59 99652 -0.02543402 -0.02037144  0.02397156
11 54 59 145217 -0.011693    0.01148415  0.04052162
11 54 59 193479 -0.02806568  0.00085545  0.02349138
11 54 59 245021 -0.02159691 -0.01716566  0.02832556
11 54 59 292992 -0.01486111  0.01367807  0.03988409
11 54 59 345887 -0.03358889 -0.00327444  0.02124453
11 54 59 404283 -0.01950359 -0.01227665  0.0337925 
11 54 59 446223 -0.01750231  0.01465321  0.04034519
11 54 59 506492 -0.0358429  -0.00695372  0.02113056
11 54 59 543196 -0.01947975 -0.00897932  0.03889418
11 54 59 596038 -0.02202606  0.01564646  0.04044485
11 54 59 644288 -0.03657103 -0.01101065  0.02338505
11 54 59 696949 -0.01859856 -0.00489044  0.04243851
11 54 59 745866 -0.02425623  0.01481152  0.03794956
11 54 59 792836 -0.039011   -0.01297283  0.02330828
11 54 59 843590 -0.01869678 -0.00040627  0.04434204
11 54 59 893146 -0.02660894  0.01325703  0.03538322
11 54 59 944668 -0.03765392 -0.01498795  0.02552843
11 54 59 994195 -0.01792288  0.00712013  0.04495382
11 55 0 55282 -0.03043079  0.01131344  0.03335476
11 55 0 90802 -0.03699303 -0.01541996  0.02921486
11 55 0 155613 -0.01528168  0.01045513  0.04727602
11 55 0 217360 -0.03203392  0.00680399  0.03227901
11 55 0 258938 -0.03002739 -0.01558495  0.0342164 
11 55 0 309256 -0.01343918  0.01572847  0.04753542
11 55 0 361341 -0.03271532  0.00385141  0.02992058
11 55 0 413440 -0.02426004 -0.01256704  0.03824615
11 55 0 455884 -0.01605177  0.01534081  0.04878998
11 55 0 508450 -0.0308423  -0.00021553  0.02938986
11 55 0 553597 -0.01683998 -0.01077127  0.04271507
11 55 0 619006 -0.01492786  0.01750898  0.04831553
11 55 0 660652 -0.02884007 -0.00573683  0.02929354
11 55 0 712593 -0.01218224 -0.00714159  0.04736948
11 55 0 771380 -0.01425743  0.01728058  0.04779625
11 55 0 822189 -0.02786827 -0.00817966  0.02925587
11 55 0 867178 -0.00902414 -0.00372362  0.05010033
11 55 0 913087 -0.01650667  0.01573038  0.04526567
11 55 0 974409 -0.02652454 -0.01189423  0.03092146
11 55 1 14500 -0.00641155  0.00191498  0.05171824
11 55 1 73531 -0.01379347  0.01424694  0.04240608
11 55 1 109413 -0.02419519 -0.01493359  0.03237247
11 55 1 165242 -0.00292349  0.00768661  0.05284405
11 55 1 212337 -0.01500177  0.0127759   0.03972483
11 55 1 244568 -0.01905251 -0.01582575  0.03484011
11 55 1 295992 -0.00125647  0.01113272  0.05291796
11 55 1 345748 -0.01502419  0.00736284  0.03588676
11 55 1 396552 -0.01436567 -0.01517248  0.03689003
11 55 1 444670 0.00223541 0.01609087 0.05211258
11 55 1 495968 -0.01308966  0.00486612  0.03496122
11 55 1 544078 -0.0052309  -0.01384354  0.04107523
11 55 1 592755 -0.01251173  0.00056362  0.03164196
11 55 1 645266 -0.00102043 -0.00999498  0.04352617
11 55 1 694271 0.00768614 0.01917648 0.05228424
11 55 1 744474 -0.00879526 -0.00275993  0.03177881
11 55 1 794383  0.00691509 -0.00758886  0.04759741
11 55 1 846284 0.00758076 0.01786947 0.05254269
11 55 1 896400 -0.00261927  0.00785017  0.02792168
11 55 1 943576 -0.00858736 -0.00825548  0.0049634 
11 55 1 995562 -0.00459576 -0.02206564  0.01385593
11 55 2 52554 -0.00207329  0.0112381   0.02619886
11 55 2 121336 -0.01235485 -0.01265574  0.00171614
11 55 2 155215 -0.00398922 -0.01815367  0.01773167
11 55 2 192605 -0.00495148  0.01004171  0.02391624
11 55 2 243845 -1.10578537e-02 -1.79524422e-02  1.09672546e-05
11 55 2 293930 -0.00130415 -0.01275253  0.01962519
11 55 2 344706 -0.00679207  0.01035166  0.0187335 
11 55 2 394891 -0.01347256 -0.02054358 -0.00304842
11 55 2 462289 -0.00356674 -0.00879669  0.0206008 
11 55 2 495403 -0.00707483  0.00844431  0.01460123
11 55 2 543506 -0.01396751 -0.02479601 -0.00202322
11 55 2 594740 -0.00339556 -0.00303459  0.02040625
11 55 2 644424 -0.00754595  0.0050416   0.0086894 
11 55 2 695278 -0.01466942 -0.02660799 -0.00073624
11 55 2 772821 -0.00288868  0.0022974   0.02109528
11 55 2 792840 -9.72890854e-03 -6.53266907e-05  3.85713577e-03
11 55 2 845377 -0.01096773 -0.02723598  0.00258732
11 55 2 893976 -0.00131989  0.00642395  0.02014494
11 55 2 945266 -0.00995064 -0.00613451 -0.00025177
11 55 2 995558 -0.00599003 -0.0224123   0.00617838
11 55 3 57384 -0.0016737   0.00761747  0.01950788
11 55 3 108257 -0.01183224 -0.01084089 -0.00513601
11 55 3 172171 -0.00243092 -0.02012444  0.01010418
11 55 3 226518 -0.00034761  0.0103054   0.01683474
11 55 3 271023 -0.01098251 -0.01514244 -0.00563335
11 55 3 320485 -0.00237799 -0.01436186  0.01344776
11 55 3 370251 -0.00502682  0.01024437  0.0140276 
11 55 3 410794 -0.01099348 -0.0199399  -0.00504446
11 55 3 463079  0.002841   -0.0090909   0.01570511
11 55 3 515762 -0.00440121  0.00871706  0.00908899
11 55 3 556118 -0.01269484 -0.02244806 -0.00427246
11 55 3 615784  0.00185633 -0.00220203  0.01682329
11 55 3 665167 -0.00715923  0.00440788  0.00603771
11 55 3 719770 -0.00816631 -0.02547073  0.00010204
11 55 3 763775 0.00232029 0.00578117 0.01706743
11 55 3 810551 -0.00981903 -0.00055075  0.00020695
11 55 3 866763 -0.00508213 -0.02264357  0.00329399
11 55 3 925150 0.00122738 0.00917721 0.01693296
11 55 3 946347 -0.00878668 -0.00655508 -0.00387669
11 55 4 19833 -0.0002718  -0.01761293  0.00706434
11 55 4 76377 0.00044966 0.01237726 0.01517105
11 55 4 109725 -0.00847483 -0.01175356 -0.00616884
11 55 4 169357  0.00366211 -0.01321363  0.01093435
11 55 4 215255 -0.00066853  0.01303387  0.0108819 
11 55 4 262714 -0.00894785 -0.01635265 -0.00762033
11 55 4 314931  0.0054388  -0.00722361  0.01316881
11 55 4 359251 0.00041866 0.01148796 0.00750542
11 55 4 414639 -0.00637388 -0.01931286 -0.00627613
11 55 4 461171  0.00673056 -0.0001421   0.01485777
11 55 4 523243 -0.00177431  0.00705814  0.00206041
11 55 4 568957 -0.00472116 -0.02397203 -0.00300598
11 55 4 614863 0.00936985 0.00584984 0.01596069
11 55 4 660221 -0.00402117  0.00213909 -0.00187588
11 55 4 710318 -0.00427103 -0.02287817  0.0012207 
11 55 4 744950 0.00464201 0.008883   0.01546335
11 55 4 794753 -0.00543451 -0.00474644 -0.00475121
11 55 4 845773  0.00110435 -0.0190115   0.00750732
11 55 4 897637 0.00160122 0.01305485 0.0140934 
11 55 4 944077 -0.01041126 -0.0111227  -0.00624037
11 55 4 996576  0.00244951 -0.01418591  0.01279068
11 55 5 50382 0.00076056 0.01335287 0.01293182
11 55 5 100922 -0.01095581 -0.01541758 -0.00480652
11 55 5 145507  0.00417376 -0.00845718  0.01632023
11 55 5 192595 0.00092173 0.01213646 0.01098108
11 55 5 244078 -0.01142359 -0.01977777 -0.00408602
11 55 5 293663  0.00491667 -0.00275278  0.01822853
11 55 5 344553 -0.00281429  0.00812387  0.00805044
11 55 5 396267 -0.00975752 -0.02128458  0.00057793
11 55 5 446353 0.00591707 0.0041461  0.01919889
11 55 5 495453 -0.00648212  0.00332975  0.00323105
11 55 5 544265 -0.00643826 -0.02257347  0.00328159
11 55 5 596833 0.00363874 0.00912523 0.01784658
11 55 5 646308 -0.00981712 -0.00377178 -0.00245762
11 55 5 697267 -0.00278997 -0.02052546  0.00800657
11 55 5 744696 0.00137329 0.01241875 0.01552391
11 55 5 796240 -0.01039791 -0.00986433 -0.00649881
11 55 5 843864  0.00095797 -0.01511621  0.01017332
11 55 5 892779 -0.00131607  0.01368237  0.01080036
11 55 5 944671 -0.01055193 -0.01521206 -0.00715256
11 55 5 996027  0.00354671 -0.0095253   0.01370096
11 55 6 56725 -0.00169897  0.0126276   0.00771379
11 55 6 91354 -0.01240969 -0.02039433 -0.00676441
11 55 6 143224  0.00316    -0.00350952  0.01547003
11 55 6 195599 -0.0049181   0.00861168  0.00416851
11 55 6 247045 -0.011343   -0.02177572 -0.00321245
11 55 6 298615 0.00480652 0.00342607 0.01702642
11 55 6 346089 -0.00842381  0.0039773   0.00064516
11 55 6 392439 -0.00782442 -0.02292967  0.00081015
11 55 6 444440 0.00142479 0.00998068 0.01553917
11 55 6 492919 -0.01115894 -0.00159121 -0.0027113 
11 55 6 544140 -0.00350666 -0.02158785  0.0053916 
11 55 6 593692 -0.00172043  0.0123086   0.01313543
11 55 6 646292 -0.0158782  -0.0074563  -0.00903559
11 55 6 695207 -0.00346756 -0.01861286  0.00772953
11 55 6 744002 -0.00279379  0.01189041  0.01008844
11 55 6 796334 -0.01646519 -0.01427364 -0.00999975
11 55 6 846575 -0.0031662  -0.01180744  0.00977516
11 55 6 898566 -0.00631285  0.01207352  0.0092783 
11 55 6 945706 -0.017241   -0.02031708 -0.00865316
11 55 6 992465 -0.0025034  -0.00774479  0.01268482
11 55 7 53769 -0.01021862  0.01056862  0.00569963
11 55 7 89241 -0.01860523 -0.02435446 -0.00527   
11 55 7 148203  5.10215759e-05 -2.59065628e-03  1.48291588e-02
11 55 7 195312 -0.01522636  0.00624847  0.00267363
11 55 7 246258 -0.01873493 -0.02512121 -0.00079203
11 55 7 295449 -0.00492239  0.00496197  0.01734018
11 55 7 344291 -0.01795578  0.00018072  0.00047445
11 55 7 397435 -0.01387882 -0.02188778  0.00478172
11 55 7 445807 -0.00901031  0.01117659  0.01778078
11 55 7 499036 -0.02484703 -0.00373316 -0.00248432
11 55 7 546401 -0.0114646  -0.02002048  0.01053762
11 55 7 592658 -0.0102191   0.0129981   0.01580667
11 55 7 643441 -0.02279806 -0.00985098 -0.00339317
11 55 7 699208 -0.01516485  0.01446819  0.01360178
11 55 7 744681 -0.02466917 -0.01564598 -0.00313902
11 55 7 794676 -0.0092454   0.03121233  2.75006819
11 55 7 845216 -0.01756096  0.01288748  0.01036835
11 55 7 895742 -0.02594948 -0.01951599 -0.00080156
11 55 7 944055 -0.00844431 -0.00294828  0.01965141
11 55 7 996063  0.00289059 -0.00017548  0.09804821
11 55 8 53634 -0.00523949 -0.03006649  0.08110046
11 55 8 106029  0.00483608 -0.02389956  0.10278702
11 55 8 159777 -0.00134277 -0.00506735  0.09285879
11 55 8 193145 -0.00330591 -0.03634214  0.08430099
11 55 8 244043  0.003407   -0.01428604  0.1032176 
11 55 8 293941 -0.00741673 -0.01233912  0.08606768
11 55 8 344117 -0.00372124 -0.03959942  0.08961725
11 55 8 394080 -0.00019884 -0.00736094  0.10241508
11 55 8 445519 -0.00982523 -0.02053928  0.08046436
11 55 8 495014 -0.00212765 -0.03675556  0.0942421 
11 55 8 544510 -0.00765371 -0.00448561  0.09906483
11 55 8 598296 -0.01162052 -0.02918339  0.07948208
11 55 8 646652 -0.00494814 -0.02901125  0.09828615
11 55 8 695748 -0.01091957 -0.00614643  0.09400749
11 55 8 745746 -0.01176596 -0.03662205  0.08054733
11 55 8 793275 -0.00399399 -0.02060652  0.10038042
11 55 8 843420 -0.01611137 -0.01017284  0.08658552
11 55 8 893153 -0.01028776 -0.03914928  0.0853548 
11 55 8 944423 -0.0044589  -0.01053572  0.09981775
11 55 8 994296 -0.01606226 -0.01823854  0.07955122
11 55 9 55882 -0.00748539 -0.03583479  0.0908742 
11 55 9 93817 -0.01024199 -0.00460196  0.09527493
11 55 9 143993 -0.01393127 -0.0261445   0.07613611
11 55 9 196081 -0.00653267 -0.02835035  0.0955615 
11 55 9 245740 -0.01465034 -0.00514174  0.08854914
11 55 9 296085 -0.01497889 -0.03489828  0.07618904
11 55 9 345495 -0.00828314 -0.01963568  0.09650612
11 55 9 392024 -0.01792336 -0.00931549  0.08109522
11 55 9 444233 -0.01591587 -0.03825283  0.08131599
11 55 9 492953 -0.01369619 -0.01081085  0.09465742
11 55 9 545258 -0.0229702  -0.01821661  0.07538176
11 55 9 595142 -0.01418924 -0.03581381  0.08684206
11 55 9 645115 -0.01920986 -0.00426197  0.08896923
11 55 9 695767 -0.02243328 -0.0259285   0.07249165
11 55 9 744707 -0.01665211 -0.02710295  0.09141111
11 55 9 795795 -0.02386522 -0.00525999  0.08334446
11 55 9 844310 -0.02217245 -0.03581524  0.07500887
11 55 9 897913 -0.01602221 -0.01676607  0.09155369
11 55 9 945217 -0.02720404 -0.01067209  0.07647943
11 55 9 992009 -0.02431107 -0.0368495   0.08059549
11 55 10 54239 -0.02308369 -0.00894451  0.09214878
11 55 10 95374 -0.02732277 -0.01972961  0.07284594
11 55 10 146535 -0.02117491 -0.03170824  0.08759785
11 55 10 193466 -0.02781439 -0.00347137  0.08773851
11 55 10 244876 -0.02925301 -0.02721548  0.07471132
11 55 10 295230 -0.02186441 -0.02226543  0.09379292
11 55 10 345608 -0.03131819 -0.00535059  0.08246994
11 55 10 398913 -0.02760983 -0.03499556  0.07851839
11 55 10 444610 -0.02291584 -0.01184225  0.09358883
11 55 10 497923 -0.03264427 -0.01080847  0.07627678
11 55 10 546650 -0.02647781 -0.03187943  0.08472681
11 55 10 593709 -0.02872324 -0.00495672  0.09074545
11 55 10 644245 -0.03199244 -0.01884556  0.07152176
11 55 10 695474 -0.02530956 -0.02544594  0.09047651
11 55 10 745561 -0.03264284 -0.00074291  0.08538818
11 55 10 795253 -0.03212261 -0.02709532  0.07468939
11 55 10 845326 -0.02816153 -0.01613569  0.09318447
11 55 10 895368 -0.03566885 -0.00540161  0.07936001
11 55 10 944336 -0.02871704 -0.03280258  0.08081055
11 55 10 997247 -0.02771282 -0.00401926  0.09179974
11 55 11 48462 -0.0368824  -0.01175594  0.07184458
11 55 11 99745 -0.03158712 -0.02627754  0.08540487
11 55 11 145329 -0.03376055  0.00023174  0.08780098
11 55 11 192422 -0.03266859 -0.0181222   0.07134008
11 55 11 243625 -0.03012133 -0.0186758   0.09031963
11 55 11 294418 -0.03650713  0.00133467  0.08213568
11 55 11 344376 -0.03427124 -0.02634811  0.07339811
11 55 11 395607 -0.02965784 -0.00723886  0.09289742
11 55 11 445076 -0.03730011 -0.00387573  0.07696533
11 55 11 495581 -0.03173637 -0.02834702  0.07982683
11 55 11 543695 -0.0320878   0.00031757  0.09098387
11 55 11 595353 -0.0371685  -0.01128101  0.0707922 
11 55 11 645602 -0.03116322 -0.02154112  0.08590603
11 55 11 697560 -0.03401852  0.00461674  0.08899546
11 55 11 745416 -0.03416824 -0.01816273  0.07072496
11 55 11 792941 -0.03060818 -0.01533651  0.09044409
11 55 11 845880 -0.03652763  0.00418234  0.08210945
11 55 11 897524 -0.03351307 -0.02520752  0.0736022 
11 55 11 944367 -0.027596   -0.00438833  0.09320593
11 55 11 995443 -0.03584814 -0.00399303  0.07637215
11 55 12 57435 -0.02908468 -0.02636051  0.08115196
11 55 12 91627 -0.02976179  0.00291967  0.09227085
11 55 12 143726 -0.03235197 -0.01170301  0.07223415
11 55 12 196852 -0.02551079 -0.02050114  0.08825064
11 55 12 244441 -0.03105354  0.00687599  0.08983564
11 55 12 296561 -0.03012991 -0.01889658  0.07354975
11 55 12 345314 -0.02317715 -0.01314402  0.09396982
11 55 12 392548 -0.02965355  0.00538063  0.0845356 
11 55 12 444550 -0.02906227 -0.02531052  0.07686186
11 55 12 494618 -0.02098274 -0.00234985  0.09596968
11 55 12 545079 -0.02803564 -0.00203419  0.07994032
11 55 12 593996 -0.02643967 -0.02474165  0.084126  
11 55 12 646239 -0.02302122  0.00376034  0.09644413
11 55 12 697540 -0.02729797 -0.01032925  0.07599163
11 55 12 747232 -0.02052307 -0.01904058  0.09157896
11 55 12 797900 -0.02389956  0.00735283  0.09223986
11 55 12 845401 -0.02469397 -0.01751232  0.07714462
11 55 12 898383 -0.01748133 -0.01089239  0.09762096
11 55 12 946139 -0.02270365  0.00506115  0.08815432
11 55 12 994869 -0.02068567 -0.02337646  0.08137751
11 55 13 54807 -0.01379585 -0.00067663  0.09951353
11 55 13 89757 -0.02221823 -0.00162888  0.08198738
11 55 13 143162 -0.01685047 -0.02089167  0.08920431
11 55 13 193911 -0.01640129  0.00640488  0.09886122
11 55 13 245345 -0.01887894 -0.01030159  0.08049059
11 55 13 294997 -0.01043749 -0.01557589  0.0975914 
11 55 13 345363 -0.01551676  0.00777531  0.09424639
11 55 13 395437 -0.01353979 -0.01755619  0.08366871
11 55 13 445803 -0.00692558 -0.00552702  0.10391569
11 55 13 497663 -0.0125351   0.00194359  0.08992624
11 55 13 548008 -0.00874329 -0.02346134  0.08994913
11 55 13 592722 -0.00630903  0.00404119  0.1037674 
11 55 13 643702 -0.00903749 -0.00550842  0.08585596
11 55 13 695306 -0.00657415  0.00780678  0.10196352
11 55 13 744442 -0.00314569 -0.01452112  0.08576584
11 55 13 804276 0.00295925 0.03119612 2.56290913
11 55 13 858824 -0.00308323  0.00475693  0.09540844
11 55 13 918379 -0.00114536 -0.02163744  0.0897522 
11 55 13 972358  0.00596094 -0.00206184  0.10808325
11 55 14 21674  0.01613855 -0.00509787  0.22077036
11 55 14 66105  0.03048897 -0.03071022  0.21493816
11 55 14 123055  0.03080845 -0.01033497  0.22722769
11 55 14 170356  0.01243639 -0.01510477  0.21247196
11 55 14 218173  0.03860235 -0.02598429  0.22239542
11 55 14 264061  0.01432657 -0.00171328  0.22223854
11 55 14 311298  0.02429485 -0.0255661   0.21145153
11 55 14 362470  0.02921247 -0.00920296  0.22497511
11 55 14 393818  0.00571775 -0.00811577  0.21166468
11 55 14 445323  0.03510809 -0.02322245  0.21782827
11 55 14 501752 0.0156889  0.00102568 0.22217417
11 55 14 561397  0.019207   -0.02067757  0.20884418
11 55 14 616474  0.02711773 -0.01140499  0.22413206
11 55 14 674786 -0.00134754 -0.00306225  0.21604919
11 55 14 714382  0.02599716 -0.02248096  0.21700191
11 55 14 770725 0.00995493 0.00175667 0.22397757
11 55 14 817740  0.00828123 -0.01391459  0.21029091
11 55 14 867444  0.02422237 -0.01173925  0.22462273
11 55 14 926323 -0.00399017  0.00094748  0.21766901
11 55 14 972239  0.01887465 -0.02105951  0.21726084
11 55 14 995214 0.0081892  0.00249243 0.22705507
11 55 15 55830 -0.00027943 -0.01094532  0.21034431
11 55 15 91490  0.02138567 -0.01221466  0.22410822
11 55 15 144040 -0.00860262  0.00569487  0.22038126
11 55 15 194606  0.00906563 -0.01988506  0.21522617
11 55 15 245002 0.00128889 0.00202417 0.22514343
11 55 15 297518 -0.0096426  -0.00562668  0.21120882
11 55 15 346365  0.01776648 -0.01072598  0.22131968
11 55 15 392156 -0.01042938  0.00851917  0.21930504
11 55 15 444973  0.00802326 -0.01739025  0.21098089
11 55 15 493250 0.01092815 0.00272894 0.22173548
11 55 15 544281 -0.00550699 -0.00079727  0.20973492
11 55 15 593999  0.02379417 -0.01143646  0.21770239
11 55 15 645841 -0.00228214  0.00826311  0.21605349
11 55 15 694851  0.00822687 -0.01506138  0.20801973
11 55 15 745124  0.01625347 -0.00098801  0.21997738
11 55 15 795895 -0.0062027  -0.00132847  0.20750904
11 55 15 846879  0.0213275  -0.01467228  0.21587944
11 55 15 898000 -0.00555372  0.00503254  0.2174859 
11 55 15 946624 -0.00052929 -0.02007246  0.20886278
11 55 15 994808  0.0108099  -0.00902796  0.22246647
11 55 16 54135 -0.01322174 -0.00798035  0.21084976
11 55 16 90963  0.01706076 -0.02557468  0.21773386
11 55 16 143198 -0.00448227 -0.00269175  0.22015524
11 55 16 193174  0.00264931 -0.0252347   0.21015692
11 55 16 244694  0.0194459  -0.01539755  0.22254467
11 55 16 295202 -0.00819969 -0.01109982  0.21371126
11 55 16 343923  0.02347136 -0.03153419  0.21571112
11 55 16 395892  0.00726652 -0.00674391  0.22178936
11 55 16 445411  0.0019989  -0.02695322  0.21144676
11 55 16 498156  0.0204649  -0.02422285  0.22198963
11 55 16 545740 -0.00170326 -0.01553154  0.21460867
11 55 16 594293  0.02295303 -0.03726482  0.2160697 
11 55 16 644681  0.00509596 -0.01350403  0.22351551
11 55 16 693370 -0.00363874 -0.03420687  0.2119894 
11 55 16 744714  0.0185132  -0.03217554  0.22297478
11 55 16 794194 -0.00821257 -0.0177865   0.21813726
11 55 16 845504  0.00978088 -0.04217386  0.21718216
11 55 16 896342  0.00259733 -0.01789188  0.22540712
11 55 16 943983 -0.00976276 -0.03259182  0.21414804
11 55 16 995492  0.01324129 -0.03450823  0.22328281
11 55 17 53118 -0.01326942 -0.01714897  0.22080708
11 55 17 100177  0.00199938 -0.04439926  0.21607494
11 55 17 147385  0.00182056 -0.02059984  0.22678471
11 55 17 192983 -0.01353931 -0.02883196  0.21487188
11 55 17 244151  0.01097012 -0.0375948   0.22370481
11 55 17 294243 -0.01438141 -0.01663017  0.22192097
11 55 17 344616 -0.00152922 -0.04338598  0.21633577
11 55 17 395442  0.00637102 -0.02356768  0.22626352
11 55 17 445805 -0.01474524 -0.02859879  0.21534061
11 55 17 494325  0.0114851  -0.03983116  0.2235074 
11 55 17 543328 -0.01204681 -0.01601362  0.2223773 
11 55 17 597002 -0.00751829 -0.04490566  0.21455431
11 55 17 644973  0.00219679 -0.02627468  0.22514868
11 55 17 697002 -0.01961946 -0.02660561  0.21508121
11 55 17 747087  0.00461054 -0.04213619  0.22205877
11 55 17 793619 -0.01803732 -0.0171361   0.22198582
11 55 17 845347 -0.0115695  -0.04201698  0.21452999
11 55 17 897361  0.00219536 -0.02950144  0.22573614
11 55 17 944848 -0.02100801 -0.02702713  0.21411991
11 55 17 995072  0.00468302 -0.04545832  0.22074842
11 55 18 55541 -0.01482248 -0.01921749  0.2221756 
11 55 18 92200 -0.01103497 -0.04374123  0.21350908
11 55 18 143936  0.00646782 -0.03426027  0.2247653 
11 55 18 197640 -0.01704264 -0.02754021  0.21468496
11 55 18 245968  0.00946331 -0.04748964  0.22011518
11 55 18 301453 -0.00777483 -0.02070093  0.22384071
11 55 18 346868 -0.00686264 -0.04405308  0.21333647
11 55 18 391529  0.01348019 -0.03632832  0.22501469
11 55 18 443184 -0.01169348 -0.02742958  0.21562195
11 55 18 494914  0.01388693 -0.04803467  0.21920824
11 55 18 546174  0.00024748 -0.02100229  0.22495794
11 55 18 595082 -0.00214529 -0.04289389  0.21426773
11 55 18 645164  0.01811075 -0.04048252  0.22544909
11 55 18 694683 -0.00939751 -0.0273385   0.2186861 
11 55 18 745161  0.01743078 -0.05174685  0.22239208
11 55 18 796781  0.00453138 -0.02747059  0.22666979
11 55 18 847739 -0.0011158  -0.04390812  0.21824217
11 55 18 897629  0.02070189 -0.04378271  0.2303586 
11 55 18 945233 -0.00556087 -0.03077793  0.22296667
11 55 18 992015  0.02328491 -0.05359697  0.22226334
11 55 19 52407  0.00961065 -0.02608442  0.23035336
11 55 19 88912  0.00300932 -0.04370213  0.21861982
11 55 19 147604  0.02589655 -0.04434013  0.22909737
11 55 19 196919 -0.00404119 -0.0262475   0.22481871
11 55 19 247257  0.02157688 -0.05184746  0.22395802
11 55 19 296053  0.01417398 -0.02682066  0.230721  
11 55 19 344638  0.00498247 -0.03817987  0.22082901
11 55 19 396383  0.02920151 -0.04102278  0.2299614 
11 55 19 445873 -0.00503063 -0.02148199  0.22727108
11 55 19 497043  0.01911068 -0.0474515   0.22328615
11 55 19 545253  0.0138278 -0.0211134  0.2317605
11 55 19 593162  0.00263548 -0.03387356  0.22001934
11 55 19 644143  0.02580357 -0.03957844  0.22823763
11 55 19 695441  0.01456499 -0.04404163  0.2224555 
11 55 19 744227  0.01085806 -0.01883745  0.23328447
11 55 19 794176 -0.00866652  0.03114462  3.46961641
11 55 19 845113  0.0179882  -0.03516293  0.22890377
11 55 19 897360 -0.00884438 -0.00936556  0.23024702
11 55 19 943123  0.01037169 -0.03657818  0.2230773 
11 55 19 997301 -0.00507069  0.02117729  0.11700296
11 55 20 53069 -0.01235628  0.03170156  0.09756184
11 55 20 98947 -0.03452253  0.02314568  0.08718157
11 55 20 147436 -0.01329803  0.01807737  0.11670971
11 55 20 193576 0.01546478 0.02693129 0.10990906
11 55 20 243569 -0.00366879  0.03604412  0.08880234
11 55 20 294840 -0.03128386  0.02702904  0.09235144
