11 54 24 745955 -0.01155353 -0.10780907  0.99910951
11 54 24 796987 -0.02926874 -0.15350294  0.98716736
11 54 24 844791 -0.04204106 -0.12730622  0.99860287
11 54 24 896247 -0.03587604 -0.08952522  1.00743294
11 54 24 945114 -0.0254283  -0.09008408  0.99188018
11 54 24 992110 -0.02560353 -0.11192942  0.97455311
11 54 25 53029 -0.04228163 -0.13674569  0.97248054
11 54 25 89112 -0.05748534 -0.11077714  0.9989574 
11 54 25 148289 -0.02876282  0.0022018   1.0310719 
11 54 25 193393 -7.36713409e-04  4.49681282e-03  1.01281929e+00
11 54 25 244842 -0.0132277  -0.16475153  0.98706913
11 54 25 294479 -0.04722857 -0.22734976  0.97987795
11 54 25 343014 -0.0442965  -0.11615825  0.9905355 
11 54 25 394990 -0.02039051 -0.0522604   1.00787544
11 54 25 444528 -0.01687551 -0.11301422  1.00186348
11 54 25 496381 -0.03376746 -0.16793394  0.96847296
11 54 25 544813 -0.04880881 -0.12382722  0.98023033
11 54 25 592065 -0.03685236 -0.02907491  1.0264008 
11 54 25 643765 -0.01656079 -0.04046822  1.02841163
11 54 25 721185 -0.01688337 -0.1317687   0.99750423
11 54 25 758642 -0.03375959 -0.1490078   0.9777441 
11 54 25 814110 -0.03886342 -0.09935164  0.99957156
11 54 25 859899 -0.02927279 -0.07982206  1.00941539
11 54 25 913993 -0.02598143 -0.10290051  0.9936583 
11 54 25 964160 -0.02818084 -0.11875224  0.97970557
11 54 26 16383 -0.04796481 -0.13534403  0.98851871
11 54 26 53662 -0.05683851 -0.09081101  1.01793122
11 54 26 103522 -0.0232985   0.00430918  1.02724409
11 54 26 145182 -0.00389314 -0.03253508  1.00831246
11 54 26 192500 -0.02320004 -0.18045831  0.99261475
11 54 26 243298 -0.04652762 -0.20131779  0.98491788
11 54 26 295395 -0.0403204  -0.08747411  0.99805188
11 54 26 345634 -0.02662659 -0.05466032  1.00805807
11 54 26 393399 -0.02691054 -0.12432337  0.99675965
11 54 26 446777 -0.03913474 -0.16660166  0.97295141
11 54 26 496968 -0.0546906  -0.11741209  0.9893415 
11 54 26 542947 -0.03628969 -0.02824044  1.02002978
11 54 26 599006 -0.01802897 -0.04984164  1.0174768 
11 54 26 643662 -0.02383327 -0.13236141  0.99370861
11 54 26 695853 -0.03834844 -0.13988137  0.98599958
11 54 26 750258 -0.03977942 -0.10015893  1.00203395
11 54 26 792727 -0.03502488 -0.08705282  1.00885534
11 54 26 843395 -0.02773547 -0.10154271  0.99515867
11 54 26 895049 -0.03152394 -0.11804557  0.98295999
11 54 26 944126 -0.04548645 -0.13469863  0.98882222
11 54 26 993713 -0.05413651 -0.10505009  1.01030731
11 54 27 55059 -0.03021574  0.00165892  1.02271056
11 54 27 91523 -0.00836921 -0.00107479  1.01059222
11 54 27 143451 -0.02101469 -0.15313125  0.99384189
11 54 27 196215 -0.05276084 -0.21301317  0.98552084
11 54 27 245022 -0.0482738  -0.10517573  0.98752904
11 54 27 296223 -0.03020668 -0.04839206  1.0092659 
11 54 27 345282 -0.02739501 -0.11205816  1.01276541
11 54 27 391816 -0.0435977  -0.16186404  0.97770858
11 54 27 443448 -0.05650687 -0.13372946  0.97524905
11 54 27 492503 -0.04853296 -0.04203677  1.01667094
11 54 27 544346 -0.01999354  0.0061152   1.02593684
11 54 27 594824 -0.01545477 -0.08917093  0.99924564
11 54 27 644844 -0.03820705 -0.18170619  0.98383355
11 54 27 695409 -0.04945254 -0.13787842  0.98824501
11 54 27 744393 -0.03598595 -0.063941    1.00693512
11 54 27 795058 -0.02516985 -0.07711911  1.00374889
11 54 27 845832 -0.0373826  -0.13020802  0.98610806
11 54 27 896696 -0.06020117 -0.14210248  0.97398448
11 54 27 945279 -0.06476474 -0.07821584  0.99777889
11 54 28 132 -0.03692174  0.00933862  1.01877451
11 54 28 54108 -0.01788998 -0.03836918  1.00134397
11 54 28 95762 -0.03722858 -0.16655612  0.98371768
11 54 28 146870 -0.05577326 -0.16986966  0.98257709
11 54 28 193394 -0.04434657 -0.07571507  1.00074792
11 54 28 245087 -0.02781677 -0.04924083  1.00546646
11 54 28 295364 -0.0317328 -0.1156621  0.9906249
11 54 28 343231 -0.04780269 -0.16344976  0.97274375
11 54 28 397952 -0.06038737 -0.11050129  0.99173784
11 54 28 444467 -0.03735113 -0.02122831  1.02039337
11 54 28 496462 -0.01601577 -0.04662895  1.01396489
11 54 28 546829 -0.0232389  -0.13668609  0.99473596
11 54 28 593079 -0.04154944 -0.15303326  0.98255372
11 54 28 643521 -0.0459733  -0.10377169  1.00374532
11 54 28 694167 -0.03559089 -0.07482696  1.00844002
11 54 28 744104 -0.02815723 -0.09930801  0.99011469
11 54 28 797171 -0.03708196 -0.13184929  0.97052383
11 54 28 845045 -0.05848956 -0.14237976  0.98215699
11 54 28 895050 -0.05303168 -0.06854749  1.01405454
11 54 28 943255 -0.02342176  0.00897884  1.0164237 
11 54 28 994964 -0.01039481 -0.06226683  0.99294519
11 54 29 47691 -0.03696513 -0.1834197   0.98267174
11 54 29 98654 -0.05246806 -0.16605973  0.98796105
11 54 29 144775 -0.04098678 -0.07673883  1.00605297
11 54 29 191994 -0.02672696 -0.07025671  1.00401688
11 54 29 243056 -0.02989459 -0.12821865  0.98480201
11 54 29 296570 -0.04866028 -0.15848112  0.97069597
11 54 29 344393 -0.05734897 -0.1056819   0.99926853
11 54 29 394253 -0.03544402 -0.01570344  1.02727938
11 54 29 444838 -0.01673579 -0.0203948   1.01188946
11 54 29 494552 -0.02227283 -0.12977433  0.98187256
11 54 29 543482 -0.04884338 -0.1792357   0.97791862
11 54 29 596109 -0.05089831 -0.11871099  0.99968648
11 54 29 644376 -0.03822947 -0.06856346  1.00745249
11 54 29 696498 -0.02961755 -0.09696603  0.99316573
11 54 29 748675 -0.03928828 -0.13970947  0.97275925
11 54 29 791721 -0.05281639 -0.13316226  0.98253059
11 54 29 844412 -0.05403709 -0.05512047  1.02193999
11 54 29 894506 -0.0252142  -0.00119519  1.02437258
11 54 29 944665 -0.01201034 -0.07383704  0.99338746
11 54 29 993929 -0.0330162  -0.1738255   0.97596502
11 54 30 54882 -0.0512774  -0.15707898  0.98396516
11 54 30 90554 -0.04387379 -0.08310723  1.00969934
11 54 30 143392 -0.02485347 -0.07347155  1.0062511 
11 54 30 195181 -0.02019811 -0.12484527  0.97759032
11 54 30 244562 -0.04180861 -0.15362453  0.96987104
11 54 30 295900 -0.05583286 -0.09788942  1.00442362
11 54 30 346063 -0.0329659  -0.01307631  1.02962184
11 54 30 391760 -0.01487875 -0.04347682  1.01008296
11 54 30 443318 -0.02076006 -0.14417624  0.98262906
11 54 30 494576 -0.04376984 -0.16982436  0.97793603
11 54 30 544656 -0.04431725 -0.10785437  0.99951839
11 54 30 593593 -0.03238559 -0.0755229   1.01539278
11 54 30 646770 -0.02372766 -0.1032958   0.99105859
11 54 30 694859 -0.0328505  -0.13816309  0.97157979
11 54 30 744029 -0.05499792 -0.12839985  0.98086786
11 54 30 795668 -0.0478158  -0.04491973  1.02885103
11 54 30 844444 -0.01593184  0.00902224  1.02797461
11 54 30 896182 -0.01113224 -0.09495592  0.99938536
11 54 30 945004 -0.03493905 -0.19998598  0.97812343
11 54 30 992152 -0.04711223 -0.14801002  0.98806357
11 54 31 54128 -0.03089952 -0.06340313  1.01409149
11 54 31 89140 -0.02188587 -0.07698417  1.01456118
11 54 31 142030 -0.02633691 -0.14331746  0.97967792
11 54 31 193834 -0.04980922 -0.15348887  0.97055316
11 54 31 244355 -0.04929495 -0.07370019  1.00698686
11 54 31 295810 -0.03031135 -0.01491499  1.03595471
11 54 31 346968 -0.01346326 -0.06599307  1.01314688
11 54 31 397471 -0.02767634 -0.15377259  0.98724794
11 54 31 446829  0.01546359 -0.67246413 -0.68362617
11 54 31 505963 -0.03777981 -0.08930755  0.00397325
11 54 31 566522 -0.02701974 -0.07830262  1.0151248 
11 54 31 625697  0.01553512 -0.7972939  -1.04300499
11 54 31 666449 -0.034307   -0.14250541  0.97387958
11 54 31 710397 -0.05292416 -0.12047052  0.99210978
11 54 31 749242 0.16528296 0.94580078 0.81860352
11 54 31 795031 -0.0566237  -0.16997075  0.98224235
11 54 31 845937 -0.07065415 -0.13681126  0.99177623
11 54 31 894836 -0.04880285 -0.04838252  1.00937819
11 54 31 944770 -0.02839589 -0.0579536   1.00358534
11 54 31 995190 -0.04259372 -0.13412929  0.98797917
11 54 32 53296 -0.05628276 -0.14188147  0.99162745
11 54 32 97989 -0.05578589 -0.10140777  1.00838065
11 54 32 144798 -0.04480267 -0.07147193  1.01246452
11 54 32 192021 -0.04283404 -0.0800209   0.99193192
11 54 32 244810 -0.05378795 -0.1124227   0.97155118
11 54 32 293502 -0.07189822 -0.14787555  0.98217702
11 54 32 344983 -0.07780242 -0.09647942  1.01818919
11 54 32 394465 -0.03474116  0.01833963  1.0233314 
11 54 32 445971 -0.02127242 -0.02899694  0.99112225
11 54 32 494535 -0.05075145 -0.19425869  0.97905803
11 54 32 543987 -0.07659888 -0.21350384  0.99141359
11 54 32 595971 -0.053545   -0.09403658  1.0030961 
11 54 32 644063 -0.03391337 -0.05278492  1.00858712
11 54 32 698120 -0.04137206 -0.12037992  0.98246455
11 54 32 745140 -0.06117272 -0.157377    0.96954226
11 54 32 791735 -0.07282186 -0.12348962  0.99233747
11 54 32 844327 -0.04203224 -0.05089045  1.01843953
11 54 32 893870 -0.02364612 -0.06502604  1.0068109 
11 54 32 944602 -0.0401516  -0.12407207  0.98540068
11 54 32 994304 -0.04675937 -0.12886739  0.98265314
11 54 33 54244 -0.04223394 -0.10058451  1.00537276
11 54 33 89975 -0.03442955 -0.08262086  1.01401925
11 54 33 143491 -0.03370523 -0.08365846  0.98370767
11 54 33 194157 -0.0387733  -0.10296106  0.96985126
11 54 33 245898 -0.05098128 -0.13682008  0.98094535
11 54 33 295834 -0.06263781 -0.1265049   1.004421  
11 54 33 345035 -0.03850579 -0.01944137  1.02396989
11 54 33 391929 -0.00469232  0.02738738  1.00826597
11 54 33 444186 -0.02407336 -0.12222219  0.99601197
11 54 33 492645 -0.06525111 -0.24092913  0.98533225
11 54 33 544287 -0.06409168 -0.15693641  0.99468899
11 54 33 594519 -0.03864717 -0.06618023  1.00033927
11 54 33 647000 -0.03191686 -0.10303688  0.99671721
11 54 33 695699 -0.0460906  -0.16878796  0.96782494
11 54 33 743063 -0.06331491 -0.16607451  0.97193646
11 54 33 795816 -0.05400968 -0.06590772  1.01833081
11 54 33 845666 -0.01089811  0.0421679   1.03566074
11 54 33 896898  0.00231266 -0.04230642  1.00551701
11 54 33 944723 -0.04181647 -0.220752    0.97742867
11 54 34 19562 -0.06240082 -0.21222115  0.9795351 
11 54 34 76131 -0.03968143 -0.08834577  1.00245905
11 54 34 122886 -0.01632452 -0.07271338  1.00915456
11 54 34 155396 -0.04096103 -0.16226721  0.9807291 
11 54 34 214345 -0.07492852 -0.1925087   0.96341276
11 54 34 258269 -0.05883288 -0.05762434  0.99817324
11 54 34 316110 -0.00140595  0.04432249  1.02298927
11 54 34 364332  0.0081203  -0.07258677  1.01130962
11 54 34 419788 -0.0414269  -0.21215057  0.9783411 
11 54 34 463374 -0.05736947 -0.15020943  0.96886969
11 54 34 519776 -0.02477217 -0.05239868  0.99856663
11 54 34 573467 -0.0181129  -0.09152389  1.00962687
11 54 34 612118 -0.05734205 -0.18713403  0.98242903
11 54 34 643988 -0.06680894 -0.12440705  0.97144318
11 54 34 692914 -0.00699663  0.02209902  1.00327706
11 54 34 745473  0.02175426 -0.03266621  1.01217723
11 54 34 793697 -0.02496696 -0.19888878  0.99994135
11 54 34 845216 -0.05820823 -0.18844223  0.9816668 
11 54 34 895556 -0.02903008 -0.0748992   0.98115993
11 54 34 943642 -0.01022291 -0.10082316  1.00529504
11 54 34 995970 -0.0577476  -0.20197725  1.00026393
11 54 35 46937 -0.06537819 -0.1023519   0.98233056
11 54 35 98535 0.00466323 0.04584002 0.98180342
11 54 35 144303  0.02597094 -0.09928036  0.98764682
11 54 35 191360 -0.04033518 -0.26554656  0.99256825
11 54 35 243289 -0.04990363 -0.16605973  0.96580029
11 54 35 293795 -0.01262546 -0.0523324   0.96796656
11 54 35 344900 -0.02500772 -0.13459468  1.00338912
11 54 35 393657 -0.04794669 -0.12657189  1.01974583
11 54 35 445795 0.01618576 0.02018213 0.99084401
11 54 35 495002  0.04135275 -0.08616257  0.97595167
11 54 35 544227 -0.02922177 -0.24700427  0.98447299
11 54 35 595071 -0.03889132 -0.15832686  0.96866131
11 54 35 644427 -0.01268816 -0.07896161  0.97230315
11 54 35 695627 -0.03737378 -0.12273574  1.0051322 
11 54 35 745950 -0.0181942 -0.0569787  0.9920764
11 54 35 792087  0.02688599 -0.07695222  0.97257376
11 54 35 843442 -0.01253462 -0.18554568  0.99435925
11 54 35 892976 -0.03406405 -0.13256216  0.99548078
11 54 35 943542 -0.02850413 -0.07702684  0.96907878
11 54 35 993376 -0.04848123 -0.1121819   0.98047519
11 54 36 54839 -0.00444245 -0.05268288  0.9832139 
11 54 36 92764  0.03166485 -0.12276125  0.98151422
11 54 36 142559 -0.01422668 -0.19393373  1.00951672
11 54 36 194460 -0.034863   -0.09998059  0.98608303
11 54 36 243416 -0.04193926 -0.08355665  0.96790147
11 54 36 296625 -0.0464201  -0.11924434  0.98924899
11 54 36 344560  0.00604248 -0.10626125  0.97721553
11 54 36 391130  0.02243137 -0.13179302  0.98454356
11 54 36 443251 -0.01052904 -0.10838246  0.99706101
11 54 36 499004 -0.02902222 -0.0890677   0.95964122
11 54 36 545035 -0.05276728 -0.11675072  0.97890806
11 54 36 593798 -0.01007843 -0.07132173  0.9984889 
11 54 36 645348  0.03850746 -0.12883472  0.99028635
11 54 36 694140  0.0018611  -0.16067362  0.99068022
11 54 36 742920 -0.03195977 -0.0870657   0.97786617
11 54 36 794703 -0.05556154 -0.09898114  0.96033788
11 54 36 844136 -0.03513622 -0.09877872  1.00166917
11 54 36 896095  0.02713275 -0.12409639  0.98704624
11 54 36 944676  0.00999022 -0.13859797  0.9944005 
11 54 36 991263 -0.03584814 -0.07937098  0.99094725
11 54 37 52170 -0.060637   -0.09661126  0.96533179
11 54 37 88537 -0.0338428  -0.07921624  0.98996186
11 54 37 149948  0.03906894 -0.12197638  0.9835639 
11 54 37 192897  0.02205992 -0.17260528  0.99875998
11 54 37 244552 -0.03460836 -0.08884525  1.004529  
11 54 37 295215 -0.07148767 -0.08421731  0.96796441
11 54 37 342675 -0.03322625 -0.10401535  0.98461843
11 54 37 395055  0.04686069 -0.15169382  0.99032664
11 54 37 443617  0.02894425 -0.1432364   1.01415229
11 54 37 498390 -0.10935688  0.84337354  0.97253966
11 54 37 546414 -0.02502394 -0.13617373  0.97225976
11 54 37 591358  2.08854675e-04 -1.26624656e+00 -9.02395248e-01
11 54 37 643270  0.01841211 -0.09417725 -0.07413363
11 54 37 693312 -0.06740546 -0.04602695  1.00168443
11 54 37 745135 -0.00913382  0.05279088  0.01559782
11 54 37 793429 -0.0039947  -0.1254518   1.07467103
11 54 37 845473 0.04922795 0.05660105 1.04254961
11 54 37 893825 0.00499988 0.01436472 1.01947308
11 54 37 944697 -8.03947449e-04 -1.23329401e-01  1.08147740e+00
11 54 37 995158 0.05351186 0.0659132  1.04998112
11 54 38 52855 0.01514626 0.00974059 1.01378298
11 54 38 98797  0.0074091  -0.12298226  1.08003259
11 54 38 144869 0.04456306 0.06033349 1.03657603
11 54 38 192412  0.00490832 -0.0093801   1.00472188
11 54 38 246951  0.02060342 -0.10490131  1.06124854
11 54 38 291941 0.04831648 0.07612562 1.0291841 
11 54 38 343821 -0.00139236 -0.02204418  1.00891757
11 54 38 393192  0.01477814 -0.11298561  1.06513762
11 54 38 445760 0.04828024 0.07136917 1.01143098
11 54 38 495308 -0.00361705 -0.02207685  1.01078892
11 54 38 547096  0.01406527 -0.10711336  1.0644424 
11 54 38 594767 0.05214024 0.07697868 1.01272035
11 54 38 643977 -5.30958176e-04 -3.99184227e-02  1.01063681e+00
11 54 38 696103  0.01866198 -0.11192536  1.06120872
11 54 38 772616 0.03754807 0.05443645 0.99942923
11 54 38 831392 -0.01676679 -0.07139659  1.01277304
11 54 38 870861  0.02277541 -0.08890057  1.05987549
11 54 38 892264 0.0570941  0.08568883 1.00944185
11 54 38 943571  0.00218368 -0.05451035  1.00984979
11 54 38 994337  0.02246046 -0.10809374  1.0605092 
11 54 39 54412 0.0389607  0.05201483 0.99701524
11 54 39 90538 -0.00434709 -0.09040737  1.01440287
11 54 39 143396  0.0316031  -0.08651304  1.06389284
11 54 39 194711 0.04005432 0.06126094 0.99682236
11 54 39 249132 -0.00716686 -0.09116173  1.00737047
11 54 39 296299  0.03126264 -0.0872519   1.05322075
11 54 39 345258 0.03451157 0.05673194 0.98805952
11 54 39 394678 -0.01151609 -0.10697842  1.00749016
11 54 39 444047  0.03284144 -0.08173656  1.05943155
11 54 39 492469 0.03171301 0.05810976 0.98265123
11 54 39 544355 -0.01219463 -0.10894489  1.00542212
11 54 39 593390  0.02577734 -0.08392453  1.0544951 
11 54 39 647693 0.02936411 0.04452968 0.9828608 
11 54 39 694167 -0.00835538 -0.12455297  1.00900483
11 54 39 743842  0.03164172 -0.07063293  1.05165386
11 54 39 794979 0.01934052 0.03907776 0.97483706
11 54 39 843824 -0.01272202 -0.13524461  1.00789952
11 54 39 897602  0.03477812 -0.06064057  1.04849768
11 54 39 945695 0.02026701 0.02646089 0.97087479
11 54 39 991890 -0.01503658 -0.14906836  1.00310254
11 54 40 53905  0.03691745 -0.0463047   1.04104567
11 54 40 89365 0.02483582 0.04709864 0.9585681 
11 54 40 142887 -0.0070262  -0.15031576  1.0137887 
11 54 40 193230  0.04226637 -0.05407453  1.03327298
11 54 40 245271 0.0137198  0.01490498 0.96348906
11 54 40 294743 -0.0194304  -0.15482259  1.00587869
11 54 40 343605  0.0455904  -0.03245497  1.02296782
11 54 40 395659 0.02983308 0.04082465 0.95756412
11 54 40 443988 -0.01490498 -0.1580143   0.99312711
11 54 40 495889  0.03481007 -0.04403925  1.0067327 
11 54 40 545020 0.01889968 0.01563406 0.93985081
11 54 40 592203 -0.01519346 -0.16391921  0.99747562
11 54 40 644021  0.04663515 -0.04024553  1.00582361
11 54 40 698595 0.02644324 0.03185868 0.94465137
11 54 40 743797 -0.0084095  -0.16337895  0.98848534
11 54 40 793320  0.04460096 -0.05515623  1.00204444
11 54 40 847994 0.01623011 0.00826669 0.93210888
11 54 40 894342 -0.01212835 -0.16566253  0.98062444
11 54 40 944357  0.04842377 -0.0438776   0.99956942
11 54 40 995749 0.01916075 0.01819015 0.932477  
11 54 41 48114 -0.00865269 -0.16695857  0.98434258
11 54 41 98873  0.04883671 -0.04538536  1.00297523
11 54 41 146195 0.01971054 0.00472569 0.94045043
11 54 41 192308 -0.01504707 -0.16817951  0.9942987 
11 54 41 243908  0.04398656 -0.02722502  1.01102304
11 54 41 292593 0.02110982 0.02881575 0.94324923
11 54 41 344052 -0.01616406 -0.16831827  0.99960208
11 54 41 393428  0.04333425 -0.04665685  1.00852203
11 54 41 445054 0.01615548 0.01156831 0.94182062
11 54 41 494272 -0.01619577 -0.16003513  0.99611211
11 54 41 543220  0.04614449 -0.01476932  1.01462507
11 54 41 595252 0.01768017 0.0384891  0.94263959
11 54 41 643875 -0.00847077 -0.14635754  1.0010376 
11 54 41 695998  0.04560065 -0.01083946  1.00829744
11 54 41 745987 0.0138104  0.0303874  0.94611812
11 54 41 794985 -0.00965261 -0.14605355  0.99568892
11 54 41 843162 0.04526997 0.00206351 1.01954603
11 54 41 893164 0.0247643  0.05238533 0.94203877
11 54 41 944972 -0.00386572 -0.14256859  1.00328827
11 54 41 994919  0.05022693 -0.00888777  1.0213387 
11 54 42 54285 0.0157249  0.05247927 0.94528651
11 54 42 90480 -6.91652298e-04 -1.29775763e-01  9.82652426e-01
11 54 42 143130 0.0471189  0.00401735 1.023139  
11 54 42 195183 0.01945996 0.05079722 0.94995403
11 54 42 243834 -0.00453901 -0.12720895  0.99606943
11 54 42 296456 0.05194187 0.01127386 1.02227592
11 54 42 345743 0.01311255 0.027421   0.95293188
11 54 42 391794 -0.01538515 -0.14006805  1.00272775
11 54 42 444394 0.04964042 0.01173019 1.0291419 
11 54 42 493550 0.01419306 0.04213953 0.96256351
11 54 42 546258 -0.01627636 -0.13569069  1.01843476
11 54 42 593978 0.04372191 0.01047564 1.02981091
11 54 42 646011 0.01592875 0.04285359 0.95888305
11 54 42 696088 -0.00882769 -0.14182639  1.01215696
11 54 42 744690 0.04470992 0.00445867 1.02698135
11 54 42 796906 0.01327801 0.03683448 0.96790385
11 54 42 844071 -0.00861883 -0.14216685  1.02940202
11 54 42 896462 0.04587221 0.01047039 1.03381062
11 54 42 944937 0.01335096 0.03047585 0.96302104
11 54 42 993538 -0.01281738 -0.14309716  1.01358867
11 54 43 52893 0.04228139 0.01051092 1.02124023
11 54 43 90842 0.01790524 0.03837562 0.95332551
11 54 43 143074 -0.01327825 -0.1450932   1.02485251
11 54 43 196044 0.03866315 0.0084672  1.01857066
11 54 43 247124 0.01041436 0.01861334 0.95436525
11 54 43 295724 -0.01131725 -0.14834619  1.02772808
11 54 43 345158 0.04197311 0.01403141 1.01976109
11 54 43 397453 0.0128274  0.02511978 0.96229458
11 54 43 444279 -0.01061487 -0.14764571  1.02834105
11 54 43 498441 0.04039764 0.01275039 1.01268315
11 54 43 546642 0.01071715 0.0060339  0.96671844
11 54 43 594150  0.04687548 -1.56238413  0.25396681
11 54 43 643786 0.01357484 0.01607084 0.97387123
11 54 43 700839 -0.00188255 -0.13598752  1.04802704
11 54 43 744860 0.05221224 0.03155947 1.01971698
11 54 43 793561 0.00701046 0.0016017  0.98601627
11 54 43 844906 -0.00431538 -0.00428748  0.01557255
11 54 43 894936 -0.03251672 -0.18919539  0.97025824
11 54 43 943434  0.02346277 -0.10856128  1.01468301
11 54 43 995992  0.00166631 -0.02232909  0.95570421
11 54 44 53081 -0.03012943 -0.19924331  0.96772623
11 54 44 98172  0.02632427 -0.10536957  1.00960588
11 54 44 144846 -0.00802612 -0.04636788  0.95360255
11 54 44 191787 -0.02710319 -0.20882797  0.97076106
11 54 44 243712  0.03231525 -0.07663822  1.02481675
11 54 44 292768 -0.0079391  -0.04090738  0.95731616
11 54 44 345469 -0.02230549 -0.21281958  0.97585893
11 54 44 395484  0.03286362 -0.06904173  1.01136756
11 54 44 446945 -0.01414132 -0.04976296  0.95072961
11 54 44 494281 -0.00951719 -0.20250511  0.98375082
11 54 44 544218  0.04074168 -0.04794765  1.01649117
11 54 44 594870 -0.02036285 -0.06597686  0.95144844
11 54 44 644028 -0.01316261 -0.20486069  0.99751306
11 54 44 697453  0.03602886 -0.02962017  1.01116967
11 54 44 745143 -0.01693583 -0.06215334  0.95367336
11 54 44 792070 -0.00252199 -0.2007606   1.00117445
11 54 44 845540  0.03915167 -0.02655029  1.00493979
11 54 44 893807 -0.02061796 -0.09514689  0.95791507
11 54 44 945365 -3.99351120e-04 -1.92659855e-01  1.00817633e+00
11 54 44 993349  0.03411102 -0.01473594  0.98927617
11 54 45 54758 -0.02671576 -0.10791707  0.95613194
11 54 45 90503  0.00297999 -0.18165255  1.00860953
11 54 45 143303  0.02860379 -0.00975227  0.98547578
11 54 45 195336 -0.03393173 -0.13605738  0.96399951
11 54 45 245667 -2.23398209e-04 -1.63852930e-01  1.01134324e+00
11 54 45 296539  0.02288651 -0.00592804  0.96316361
11 54 45 345702 -0.03076887 -0.15379143  0.96042061
11 54 45 392490  0.0085144  -0.14790821  1.00967574
11 54 45 444430  0.01521325 -0.01771379  0.95792317
11 54 45 492374 -0.03197002 -0.18390965  0.96460056
11 54 45 546019  0.01620388 -0.11948967  1.00318384
11 54 45 594934  0.01025248 -0.02203226  0.95076466
11 54 45 647546 -0.03276324 -0.1983161   0.96278715
11 54 45 697524  0.0239768  -0.10527825  1.00885272
11 54 45 743568  0.00629139 -0.02825642  0.94476223
11 54 45 800320 -0.02508283 -0.21233273  0.96641517
11 54 45 844114  0.02310133 -0.09629679  1.00129867
11 54 45 896021 -0.01045489 -0.06048489  0.93725181
11 54 45 945037 -0.02512407 -0.21125913  0.97100782
11 54 45 991850  0.03066921 -0.04682684  1.01263189
11 54 46 54618 -0.00890446 -0.04582691  0.94784951
11 54 46 89681 -0.01364994 -0.21861696  0.98417735
11 54 46 143178  0.03031468 -0.04545593  0.99234867
11 54 46 196227 -0.02763581 -0.08709335  0.94349384
11 54 46 245190 -0.01135993 -0.19277239  0.99599791
11 54 46 297071  0.04077458 -0.00331092  0.99979734
11 54 46 343977 -0.01566076 -0.07989788  0.95651865
11 54 46 397833 -0.00388193 -0.19803047  1.00542092
11 54 46 446051  0.03047872 -0.01715302  0.98233271
11 54 46 497652 -0.0262928  -0.11804771  0.9484129 
11 54 46 545555  0.00217772 -0.17902827  1.00642347
11 54 46 592111  0.02635932 -0.00722218  0.97707915
11 54 46 643660 -0.02594924 -0.13950133  0.95732498
11 54 46 693227  0.00266171 -0.15684175  1.00865078
11 54 46 744486  0.0115416  -0.01763225  0.95482731
11 54 46 794275 -0.04733348 -0.17468309  0.96266794
11 54 46 845201  0.00560284 -0.11957955  1.00788212
11 54 46 895038 0.01664662 0.02540493 0.957968  
11 54 46 943564 -0.02664423 -0.15911555  0.96581721
11 54 46 995438  0.01089072 -0.12386703  1.00484824
11 54 47 51034  0.00318098 -0.0149312   0.93842983
11 54 47 101519 -0.02633023 -0.18974018  0.95719719
11 54 47 144793  0.02677584 -0.09278965  1.0135591 
11 54 47 192891 -0.00225639 -0.02701974  0.94806576
11 54 47 244450 -0.02671742 -0.1983428   0.97404122
11 54 47 292955  0.02294087 -0.06793213  1.01052308
11 54 47 344108 -0.01072383 -0.03448391  0.94271326
11 54 47 394675 -0.02051878 -0.20279813  0.9740293 
11 54 47 445227  0.0292871  -0.04025555  1.00803781
11 54 47 494762 -0.01123571 -0.04792237  0.94108582
11 54 47 545872 -0.01416492 -0.1936028   0.99077106
11 54 47 594749  0.02771616 -0.02904844  0.98930931
11 54 47 643699 -0.01625013 -0.08112264  0.94531775
11 54 47 697213 -0.00743413 -0.18157244  1.00539732
11 54 47 747133 0.03202271 0.00439525 0.99142027
11 54 47 793683 -0.01181722 -0.09257984  0.96069241
11 54 47 844464  0.00384021 -0.16274571  1.01760173
11 54 47 893597  0.02497625 -0.0010767   0.96171212
11 54 47 944511 -0.030509   -0.1372993   0.95774698
11 54 47 992532  9.79661942e-04 -1.37719631e-01  1.00665617e+00
11 54 48 55149 0.02013683 0.01540542 0.95581865
11 54 48 90540 -0.02673364 -0.14844012  0.97273278
11 54 48 143549  0.0060668  -0.12039781  1.00801468
11 54 48 195434  0.00111461 -0.01170969  0.94437218
11 54 48 246809 -0.04192638 -0.18193769  0.96471882
11 54 48 296911  0.00851965 -0.09117389  1.01125264
11 54 48 346033 0.00444984 0.00440145 0.95342302
11 54 48 390900 -0.02657819 -0.18375874  0.97432542
11 54 48 444549  0.01832199 -0.0803299   1.02182627
11 54 48 496071 -0.00770211 -0.02902365  0.9462781 
11 54 48 544447 -0.01938057 -0.191782    0.98318219
11 54 48 593785  0.02410722 -0.0474782   1.02283716
11 54 48 645887 -0.01291704 -0.03881288  0.96081662
11 54 48 696034 -0.01179147 -0.18858123  0.99617219
11 54 48 743706  0.0270021  -0.02069688  1.01322389
11 54 48 794909 -0.01563549 -0.06112456  0.9526875 
11 54 48 843494 -0.01051497 -0.17524981  1.00870609
11 54 48 896407 0.03239822 0.00720119 1.00143123
11 54 48 944950 -0.01629877 -0.07046008  0.96627545
11 54 48 991285  0.00158334 -0.1528244   1.03493452
11 54 49 52260 0.02372074 0.00933027 0.9927454 
11 54 49 88567 -0.03033257 -0.11312604  0.9708097 
11 54 49 146939 -0.00131321 -0.12682009  1.02608657
11 54 49 193119 0.02001071 0.03647113 0.98066044
11 54 49 244751 -0.02436805 -0.12007666  0.97933078
11 54 49 294859  0.00578165 -0.11913657  1.03525233
11 54 49 343653 0.0092802 0.0054245 0.9618516
11 54 49 397097 -0.02894878 -0.15850973  0.97181392
11 54 49 445493  0.00788379 -0.08539462  1.02624559
11 54 49 495868 0.01064754 0.01367688 0.96174598
11 54 49 545339 -0.02271748 -0.16794109  0.99545336
11 54 49 594925 -0.01558304  1.57802653 -1.37126732
11 54 49 644384 -0.02395821 -0.18180799  0.97976947
11 54 49 692205  1.09910965e-04 -4.68828917e-01  1.61342597e+00
11 54 49 744175  2.01225281e-04 -7.32421875e-03  1.05062056e+00
11 54 49 794497 -0.00675392 -0.17569113  1.01001811
11 54 49 844832 0.00803733 0.02747822 0.01560569
11 54 49 896821 -0.00593448 -0.17517996  1.01183701
11 54 49 942480  0.0373702  -0.04766083  1.03788042
11 54 49 995980  0.02090883 -0.00704122  0.94756794
11 54 50 53484 -0.00525951 -0.17792368  1.02255273
11 54 50 98412  0.03975487 -0.02917957  1.03526402
11 54 50 145041  0.01175976 -0.02114582  0.94825983
11 54 50 191516  0.00156736 -0.17036939  1.02512288
11 54 50 243927  0.04882169 -0.00205708  1.02586269
11 54 50 297504  0.00696754 -0.03054929  0.95593357
11 54 50 344590  8.09907913e-04 -1.64705038e-01  1.03910804e+00
11 54 50 393865 0.04626799 0.01678896 1.01650953
11 54 50 445518  0.01153946 -0.0318048   0.95999479
11 54 50 493459  0.00712538 -0.157125    1.05385447
11 54 50 542453 0.04381824 0.01981187 1.00814843
11 54 50 594997  0.00099111 -0.06069565  0.96866465
11 54 50 644523  0.0066607  -0.14785767  1.05170965
11 54 50 696131 0.04412341 0.03396606 0.99526644
11 54 50 744924 -0.00186205 -0.06847692  0.98041511
11 54 50 794683  0.00275755 -0.14013481  1.05341101
11 54 50 843817 0.04266477 0.03534317 0.97889948
11 54 50 894229 -0.0123992  -0.08906221  0.98239923
11 54 50 943649  0.00134134 -0.13682294  1.03972006
11 54 50 994154 0.03438902 0.04174757 0.97644687
11 54 51 54180 -0.00718021 -0.10188508  0.9847796 
11 54 51 91154  0.00901961 -0.13747215  1.04760718
11 54 51 142922 0.02174568 0.02460957 0.97210312
11 54 51 194570 -0.01756978 -0.11948967  0.98989964
11 54 51 245240  0.01772332 -0.11547828  1.03716135
11 54 51 298551 0.0262084  0.0338006  0.97425723
11 54 51 344183 -0.01369739 -0.1344316   0.98842001
11 54 51 392087  0.02032399 -0.11308622  1.03210592
11 54 51 443773 0.01959181 0.0127964  0.9620595 
11 54 51 492053 -0.01683187 -0.16040277  0.99993777
11 54 51 546964  0.01998234 -0.09653139  1.04321003
11 54 51 593371 0.01684594 0.0100112  0.95694828
11 54 51 644902 -0.01141334 -0.16376495  0.99781966
11 54 51 695479  0.02761436 -0.0832479   1.03222013
11 54 51 743307 1.38528347e-02 7.12871552e-05 9.48631763e-01
11 54 51 794867 -0.01313806 -0.17146754  1.00377703
11 54 51 843759  0.02987981 -0.0508604   1.03731346
11 54 51 895978  0.00895834 -0.00338411  0.95304227
11 54 51 944674 -0.01280141 -0.18092275  1.01016355
11 54 51 991187  0.03117204 -0.03808808  1.03079224
11 54 52 53033 -8.39233398e-05 -2.91967392e-02  9.52399731e-01
11 54 52 89958 -0.00893283 -0.17619371  1.02808309
11 54 52 145240  0.03771853 -0.00535727  1.02469182
11 54 52 192897 -0.00325012 -0.02644992  0.9563005 
11 54 52 244961 -0.00470829 -0.17677784  1.02964878
11 54 52 295351  0.04085374 -0.00303054  1.01163316
11 54 52 343396 -0.00151324 -0.03506279  0.96200895
11 54 52 394906 -9.73463058e-04 -1.72717094e-01  1.03704524e+00
11 54 52 444635 0.04819417 0.01111317 1.00919294
11 54 52 496697  8.92162323e-04 -5.23688793e-02  9.56241608e-01
11 54 52 544634 -0.00368094 -0.17896795  1.04133964
11 54 52 592660 0.03247404 0.0077405  0.99835157
11 54 52 643721 -0.00725889 -0.07251     0.96157479
11 54 52 692155  0.00482869 -0.15664124  1.03089237
11 54 52 744983 0.03172588 0.01458979 0.98493791
11 54 52 794688 -0.02096748 -0.10360646  0.96422672
11 54 52 846703  0.00968337 -0.13908887  1.03062725
11 54 52 894538 0.03642392 0.03262401 0.96804714
11 54 52 943273 -0.01602292 -0.10653448  0.97358274
11 54 52 996098  0.00389719 -0.13569522  1.03777122
11 54 53 47715 0.03045821 0.02875471 0.97066259
11 54 53 98986 -0.01675463 -0.1240387   0.97759748
11 54 53 146534  0.00570798 -0.1248033   1.02340317
11 54 53 192034 0.02215099 0.02270842 0.95439363
11 54 53 243607 -0.01581264 -0.14520931  0.97600055
11 54 53 293947  0.00887823 -0.10163975  1.02626657
11 54 53 344532 0.01629996 0.01944327 0.95135403
11 54 53 393953 -0.02077436 -0.15476298  0.98786116
11 54 53 444752  0.01467276 -0.08082485  1.02863145
11 54 53 494898 0.0092988  0.00690031 0.94711399
11 54 53 545341 -0.02333069 -0.17135787  0.98766303
11 54 53 597294  0.01915789 -0.05906296  1.03333235
11 54 53 643675 0.02250314 0.01796675 0.93735766
11 54 53 695783 -0.01084375 -0.17634296  0.99949956
11 54 53 745856  0.01814604 -0.05242443  1.02415323
11 54 53 791704  0.00129485 -0.02134919  0.93566203
11 54 53 844270 -0.01094007 -0.16898918  1.01132941
11 54 53 894488 3.36432457e-02 4.78744507e-04 1.02996922e+00
11 54 53 943888  0.01303697 -0.00297427  0.95210075
11 54 53 996782 -0.00506639 -0.17136431  1.02228212
11 54 54 54244 0.027035   0.00453854 1.00921178
11 54 54 91723 -0.00634003 -0.03791761  0.95362425
11 54 54 143597 -0.0040462  -0.14151478  1.03857732
11 54 54 196257 0.03836536 0.0341301  1.0061903 
11 54 54 246653 -0.0092659  -0.05113578  0.97997808
11 54 54 296986 -0.00617313 -0.13869405  1.04515433
11 54 54 344707 0.03346348 0.04586673 0.98774624
11 54 54 393689 -0.00212836 -0.04388714  0.97229028
11 54 54 443284 -0.00298166 -0.13082266  1.05119395
11 54 54 495913 0.02529097 0.04581833 0.98834682
11 54 54 544137 -0.00685716 -0.07755756  0.98800135
11 54 54 594317 -4.40835953e-04 -1.09404802e-01  1.05089021e+00
11 54 54 644979 0.02127123 0.04247475 0.97689247
11 54 54 694849 -0.01917362 -0.11309195  0.98682642
11 54 54 743439 -1.39713287e-04 -9.43837166e-02  1.04544020e+00
11 54 54 794784 0.0135355 0.0476923 0.9714036
11 54 54 845061 -0.02831793 -0.1272049   0.99379969
11 54 54 897283  1.25646591e-04 -8.60514641e-02  1.03669739e+00
11 54 54 944993 0.01530004 0.04027581 0.95464993
11 54 54 991583 -0.01969647 -0.13523936  0.99312401
11 54 55 52786  0.01204967 -0.05785275  1.04467821
11 54 55 89088 -0.00158024  0.01076961  0.96134281
11 54 55 143136 -0.03029895 -0.15560603  1.00935149
11 54 55 193392  0.01676416 -0.0200758   1.04259181
11 54 55 245084 0.0060842  0.03591418 0.95661759
11 54 55 294593 -0.01890302 -0.15294957  1.0062201 
11 54 55 343794  0.02210736 -0.0101161   1.04154873
11 54 55 396521 0.00698161 0.01163769 0.96063137
11 54 55 444364 -0.01640058 -0.15632486  1.02390003
11 54 55 496373 0.02075577 0.00165415 1.02654171
11 54 55 546285 -0.00975561 -0.01664042  0.96256852
11 54 55 596319 0.02675009 0.03368282 1.02558112
11 54 55 644161 -0.00274992 -0.02057552  0.97013092
11 54 55 693404 -0.01205802 -0.15118051  1.05634189
11 54 55 744351 0.01941347 0.0287025  1.00102973
11 54 55 795468 -0.01533198 -0.05421329  0.97113061
11 54 55 845965  0.02223635  0.01558352 -1.76566339
11 54 55 895351 -0.02940083 -0.12778068  0.96872807
11 54 55 943770 -2.14576721e-05 -1.48755312e-01  1.03909612e+00
11 54 56 10066 0.0223732  0.02193856 0.97928953
11 54 56 74986 -0.02776265 -0.13141751  0.98069644
11 54 56 125134  0.00203061 -0.14089274  1.03444672
11 54 56 165453 0.01819682 0.00797105 0.96155357
11 54 56 215551 -0.03405547 -0.16112065  0.97779775
11 54 56 263441  0.01192331 -0.11946273  1.02955174
11 54 56 292580 0.02189517 0.00645304 0.95696235
11 54 56 344238 -0.02320766 -0.17859364  0.98936272
11 54 56 394419  0.01707029 -0.10262299  1.02756715
11 54 56 444887  0.01238847 -0.01394033  0.94515634
11 54 56 494382 -0.02260399 -0.20145702  0.98311901
11 54 56 542842  0.02261806 -0.06919241  1.02352262
11 54 56 597358  0.01112056 -0.01975369  0.94863081
11 54 56 644888 -0.02215934 -0.19910884  0.99964094
11 54 56 697918  0.02476716 -0.04551101  1.02016521
11 54 56 745061 -0.00587535 -0.05143332  0.94713879
11 54 56 791899 -0.02127719 -0.18882155  1.01566553
11 54 56 843772 0.03739309 0.00153327 1.02304387
11 54 56 893021  0.01070905 -0.02561235  0.95959616
11 54 56 944557 -0.00640559 -0.18364215  1.03119278
11 54 56 993627  0.03587413 -0.00547171  1.00393009
11 54 57 54288 -0.0068686  -0.0682292   0.96172547
11 54 57 90582 -0.00124907 -0.162045    1.03860903
11 54 57 143520 0.03248715 0.02385306 0.99745393
11 54 57 195122 -0.01143456 -0.08113408  0.96876645
11 54 57 245159  9.78708267e-04 -1.50537252e-01  1.04070187e+00
11 54 57 295882 0.02448463 0.01966977 0.97328663
11 54 57 344976 -0.02474284 -0.11590171  0.96773624
11 54 57 391559 -9.49859619e-04 -1.25340939e-01  1.02834296e+00
11 54 57 443410 0.03229809 0.03844261 0.96971202
11 54 57 492839 -0.01712179 -0.12107325  0.99017644
11 54 57 543965  0.00411487 -0.11929631  1.0357604 
11 54 57 594353 0.02114964 0.01527381 0.95527673
11 54 57 645332 -0.02626157 -0.15591693  0.98925638
11 54 57 718219  0.01416826 -0.1007421   1.03633356
11 54 57 758393 0.01853871 0.01670122 0.95241904
11 54 57 818830 -0.01769137 -0.16776013  0.9985044 
11 54 57 845617  0.01401448 -0.08359289  1.03241134
11 54 57 896915  0.00451827 -0.01326823  0.94416332
11 54 57 945095 -0.02162528 -0.1851027   0.99497795
11 54 57 995399  0.02232265 -0.05140471  1.02826476
11 54 58 54579  0.00313115 -0.01667976  0.94746232
11 54 58 90424 -0.018224   -0.18729615  1.01406145
11 54 58 143326  0.03126264 -0.03309441  1.02232099
11 54 58 193492 -0.0018034  -0.04454517  0.95531344
11 54 58 246057 -0.0075655  -0.18175507  1.03057289
11 54 58 294747  0.02771115 -0.00568676  1.01322365
11 54 58 343353 -0.00909996 -0.06387448  0.95767951
11 54 58 395302 -0.00354385 -0.16951871  1.03553033
11 54 58 445514 0.03130388 0.00955868 0.99900842
11 54 58 495883 -0.01830983 -0.09176183  0.96934915
11 54 58 547388 -0.00758266 -0.15995836  1.03796673
11 54 58 594281 0.02304769 0.01778769 0.97945356
11 54 58 643817 -0.02202511 -0.12320781  0.97767091
11 54 58 693456  0.00250196 -0.14854383  1.04342914
11 54 58 745838  0.01488209 -0.00826812  0.96261096
11 54 58 793710 -0.03502703 -0.1667285   0.98513484
11 54 58 845604  0.00802279 -0.11640692  1.031461  
11 54 58 895166 0.01904082 0.00990558 0.95427132
11 54 58 943963 -0.02661729 -0.17502475  0.99045801
11 54 58 997331  0.01325846 -0.1147716   1.03367901
11 54 59 48076  0.0140903  -0.0150547   0.94797683
11 54 59 99652 -0.02282143 -0.19355297  0.99380255
11 54 59 145217  0.01869678 -0.07986164  1.03478479
11 54 59 193479  0.00678754 -0.03622341  0.94228172
11 54 59 245021 -0.01507664 -0.20278811  0.99924088
11 54 59 292992  0.0282805  -0.04474497  1.02554083
11 54 59 345887  0.00341558 -0.05073285  0.95127153
11 54 59 404283 -0.0090549  -0.21075654  1.01918864
11 54 59 446223  0.03522682 -0.03044367  1.01695776
11 54 59 506492 -0.00517344 -0.08878207  0.95937276
11 54 59 543196 -0.00512719 -0.20054579  1.03093004
11 54 59 596038  0.03440189 -0.01469707  0.9966414 
11 54 59 644288 -0.02305412 -0.12588978  0.96821809
11 54 59 696949 -0.0092721  -0.17182183  1.02973247
11 54 59 745866 0.03600907 0.0124197  0.9810853 
11 54 59 792836 -0.01558709 -0.12639165  0.97893119
11 54 59 843590 -0.0011797  -0.15467072  1.02716303
11 54 59 893146 0.02559376 0.00951815 0.9736197 
11 54 59 944668 -0.02098417 -0.15367079  0.98913884
11 54 59 994195  0.00896811 -0.12066436  1.03354239
11 55 0 55282 0.02291012 0.0065465  0.96307874
11 55 0 90802 -0.02344871 -0.18544078  0.98797297
11 55 0 155613  0.01373029 -0.10511971  1.02876258
11 55 0 217360  0.01225662 -0.02023983  0.95102954
11 55 0 258938 -0.02867246 -0.20015287  1.00104046
11 55 0 309256  0.02198052 -0.06489801  1.03301644
11 55 0 361341  0.01235366 -0.02513671  0.94852448
11 55 0 413440 -0.02287197 -0.20815754  1.00987148
11 55 0 455884  0.02686572 -0.04986     1.01791239
11 55 0 508450  3.83853912e-04 -5.92827797e-02  9.53579903e-01
11 55 0 553597 -0.0121069  -0.1951642   1.02040958
11 55 0 619006  0.03770852 -0.01158834  1.01788688
11 55 0 660652 -0.00423646 -0.07619643  0.96706557
11 55 0 712593 -0.01027822 -0.19397998  1.03481746
11 55 0 771380  0.03572941 -0.00114226  1.00141048
11 55 0 822189 -0.00633955 -0.10261297  0.97341013
11 55 0 867178 -0.00184226 -0.16769719  1.04037118
11 55 0 913087 0.02674937 0.01124382 0.98705339
11 55 0 974409 -0.01770902 -0.13293934  0.98843527
11 55 1 14500  0.0017221  -0.14322853  1.03270888
11 55 1 73531 0.01956344 0.01788402 0.97172332
11 55 1 109413 -0.02722526 -0.1482079   0.99565744
11 55 1 165242  0.00635171 -0.11604023  1.0354178 
11 55 1 212337 0.01270223 0.00990129 0.961905  
11 55 1 244568 -0.02678657 -0.17164254  0.99538493
11 55 1 295992  0.00984406 -0.09037566  1.0351243 
11 55 1 345748 0.00906229 0.00780392 0.95696211
11 55 1 396552 -0.0260787  -0.18025303  1.00716639
11 55 1 444670  0.01832438 -0.06907892  1.03750992
11 55 1 495968 -0.0049293  -0.03072762  0.96023822
11 55 1 544078 -0.02739596 -0.19494987  1.00784087
11 55 1 592755 -0.00387025 -0.02645588  0.95689988
11 55 1 645266 -0.01547837 -0.1995275   1.01991367
11 55 1 694271  0.02687836 -0.02791095  1.02430248
11 55 1 744474 -0.01306534 -0.06758404  0.96852136
11 55 1 794383 -0.01435184 -0.18960381  1.03909755
11 55 1 846284 -0.01726985  0.1419282   0.01551676
11 55 1 896400  0.00461125 -0.06569076  1.00425005
11 55 1 943576  0.00415325 -0.01142049  0.94442868
11 55 1 995562 -0.02732635 -0.17546654  1.02720284
11 55 2 52554  0.02059698 -0.0132556   1.01056433
11 55 2 121336  0.01003695 -0.00793839  0.95994449
11 55 2 155215 -0.02001143 -0.16968989  1.03861403
11 55 2 192605  0.01928067 -0.00159502  0.9789474 
11 55 2 243845 -0.00541282 -0.04775596  0.97044349
11 55 2 293930 -0.01252937 -0.14616895  1.04157615
11 55 2 344706 0.03238463 0.04077816 0.97301102
11 55 2 394891 -0.0017333  -0.05918574  0.9949193 
11 55 2 462289 -0.01277137 -0.14961505  1.04284716
11 55 2 495403 0.01800799 0.02570891 0.95608449
11 55 2 543506 -0.02375937 -0.10871291  1.00321269
11 55 2 594740 -0.01157641 -0.11576343  1.02770996
11 55 2 644424 0.01849604 0.03773975 0.94980741
11 55 2 695278 -0.02799797 -0.13300848  1.01290393
11 55 2 772821 -0.01008224 -0.10045552  1.01882267
11 55 2 792840 0.00867772 0.01584792 0.93806696
11 55 2 845377 -0.03543806 -0.16478801  1.0228672 
11 55 2 893976 -0.00117731 -0.06431699  1.01930523
11 55 2 945266 0.00667381 0.00392866 0.95224214
11 55 2 995558 -0.03257871 -0.17923927  1.03713465
11 55 3 57384  0.01191902 -0.03615618  1.00806952
11 55 3 108257  0.00126338 -0.01803899  0.95640445
11 55 3 172171 -0.02621126 -0.18273973  1.04187274
11 55 3 226518  0.02459192 -0.00715995  0.99921751
11 55 3 271023  0.00130868 -0.04250312  0.98478556
11 55 3 320485 -0.01452088 -0.15815282  1.05690527
11 55 3 370251 0.02797031 0.01339698 0.97796679
11 55 3 410794 -0.01479912 -0.08538222  0.99236608
11 55 3 463079 -0.01260352 -0.14202189  1.04050851
11 55 3 515762 0.03130531 0.03999567 0.95842457
11 55 3 556118 -0.00670171 -0.10543323  1.00988793
11 55 3 615784 -0.00829792 -0.11641812  1.03467298
11 55 3 665167 0.01447821 0.0131793  0.94420815
11 55 3 719770 -0.02792335 -0.15525126  1.01726413
11 55 3 763775  0.00550318 -0.07570767  1.02047777
11 55 3 810551 0.02454901 0.02005792 0.94775033
11 55 3 866763 -0.02127051 -0.17186618  1.03711176
11 55 3 925150  0.00946879 -0.04727912  1.01108885
11 55 3 946347  0.01448107 -0.01739383  0.95580101
11 55 4 19833 -0.02112508 -0.17862082  1.03961849
11 55 4 76377  0.02242374 -0.00965905  0.99535346
11 55 4 109725  0.00349808 -0.04292035  0.97785926
11 55 4 169357 -0.01773691 -0.1666069   1.05333209
11 55 4 215255 0.02971148 0.02074885 0.97408247
11 55 4 262714 -0.00392151 -0.07764721  0.99099278
11 55 4 314931 -0.01689553 -0.16031456  1.04270911
11 55 4 359251 0.02354336 0.01996017 0.96040416
11 55 4 414639 -0.01145363 -0.11706734  1.01946378
11 55 4 461171 -0.00818968 -0.12771773  1.03361273
11 55 4 523243 0.01785207 0.01180625 0.94617558
11 55 4 568957 -0.03042531 -0.17131543  1.02460194
11 55 4 614863 -0.00171113 -0.10256076  1.02029276
11 55 4 660221 0.02393508 0.008255   0.94185877
11 55 4 710318 -0.02867556 -0.1831305   1.03286052
11 55 4 744950  0.00389266 -0.06348658  1.00792623
11 55 4 794753  0.00392818 -0.03472328  0.94970846
11 55 4 845773 -0.03079462 -0.19276881  1.03241467
11 55 4 897637  0.02195573 -0.01328397  0.99109197
11 55 4 944077 -0.00124145 -0.04471278  0.97158194
11 55 4 996576 -0.03129148 -0.18911791  1.0455339 
11 55 5 50382  0.02546287 -0.00196648  0.97852159
11 55 5 100922 -0.01146007 -0.09016013  0.99601078
11 55 5 145507 -0.01709914 -0.16253209  1.0405817 
11 55 5 192595 0.03130865 0.0212481  0.96175289
11 55 5 244078 -0.01353335 -0.11304927  1.00076938
11 55 5 293663 -0.01054859 -0.14654112  1.03160739
11 55 5 344553 0.02504349 0.00577784 0.95100212
11 55 5 396267 -0.01779604 -0.15788102  1.01696658
11 55 5 446353 -0.00670743 -0.10996795  1.01899648
11 55 5 495453  0.01485276 -0.00195408  0.94810414
11 55 5 544265 -0.02388668 -0.18202376  1.02387333
11 55 5 596833  0.00603533 -0.06597328  1.01242542
11 55 5 646308  0.0097816  -0.01898098  0.94857335
11 55 5 697267 -0.03094816 -0.18672967  1.03304172
11 55 5 744696  0.01228356 -0.02561092  1.00198722
11 55 5 796240  0.00115657 -0.04008555  0.96825171
11 55 5 843864 -0.02513051 -0.17580509  1.04888248
11 55 5 892779 0.02286744 0.00359392 0.98299956
11 55 5 944671 -0.01360703 -0.08084655  0.99166584
11 55 5 996027 -0.02144551 -0.16165042  1.04635286
11 55 6 56725 0.02308893 0.02248096 0.96101809
11 55 6 91354 -0.01312757 -0.10908341  1.00332761
11 55 6 143224 -0.0128026  -0.14094067  1.03001189
11 55 6 195599 0.0205214  0.02162051 0.95134711
11 55 6 247045 -0.01816535 -0.14692664  1.01388288
11 55 6 298615  3.64542007e-04 -1.11428976e-01  1.02267790e+00
11 55 6 346089 0.02017188 0.00478077 0.945719  
11 55 6 392439 -0.018471   -0.17025852  1.01911831
11 55 6 444440  0.01281881 -0.07270861  1.01363993
11 55 6 492919  0.00679922 -0.03172445  0.94495487
11 55 6 544140 -0.02565265 -0.18954325  1.02302933
11 55 6 593692  0.02362466 -0.02043033  1.00198436
11 55 6 646292  0.00584412 -0.02501822  0.9632678 
11 55 6 695207 -0.02526116 -0.1879847   1.03783846
11 55 6 744002  0.0245657  -0.00828624  0.99258995
11 55 6 796334  0.00335026 -0.05886674  0.97728705
11 55 6 846575 -0.01262093 -0.16871405  1.0515368 
11 55 6 898566 0.02700734 0.00803256 0.96974802
11 55 6 945706 -0.01341295 -0.10099864  0.9898963 
11 55 6 992465 -0.00866556 -0.13740325  1.03793263
11 55 7 53769 0.02333045 0.01862693 0.95568395
11 55 7 89241 -0.02140474 -0.13549018  1.00172758
11 55 7 148203 -0.00805163 -0.11974525  1.02376795
11 55 7 195312 0.020154   0.01430488 0.94651341
11 55 7 246258 -0.02372384 -0.16443944  1.0115118 
11 55 7 295449  8.77618790e-04 -9.54992771e-02  1.00975657e+00
11 55 7 344291  0.01158786 -0.02752423  0.93152714
11 55 7 397435 -0.0294919  -0.19728351  1.02266383
11 55 7 445807  0.0160253  -0.05398464  1.00259495
11 55 7 499036  0.01295424 -0.03496075  0.94944596
11 55 7 546401 -0.02449012 -0.20090175  1.02927279
11 55 7 592658  0.01948667 -0.0303812   0.9806633 
11 55 7 643441  0.00727868 -0.06732512  0.96491385
11 55 7 699208 0.03125691 1.29688978 0.55062079
11 55 7 744681 -0.00570679 -0.09612942  0.97905302
11 55 7 794676 0.01557398 1.29624534 0.36340332
11 55 7 845216  0.02854586  0.01104736 -1.57442999
11 55 7 895742 -0.01973701 -0.14021325  0.99904513
11 55 7 944055 -1.41551495e-02  4.94263172e-02  9.53674316e-07
11 55 7 996063 0.02586651 0.03207445 0.97277761
11 55 8 53634  0.00766778 -0.0546217   0.98990345
11 55 8 106029 -0.01827168 -0.14282322  1.03761768
11 55 8 159777 0.01866031 0.03702092 0.9362545 
11 55 8 193145 -0.00801539 -0.11359453  1.01982594
11 55 8 244043 -0.01019406 -0.09220743  1.01875377
11 55 8 293941 0.01700139 0.03689551 0.93652272
11 55 8 344117 -0.01987815 -0.14832926  1.04005671
11 55 8 394080  0.00220513 -0.03959489  1.00384736
11 55 8 445519 0.02044964 0.02134299 0.93829608
11 55 8 495014 -0.01424813 -0.15000725  1.04858065
11 55 8 544510 0.018646   0.01434326 0.98726082
11 55 8 598296  0.02292824 -0.01785207  0.97533894
11 55 8 646652 -0.01010513 -0.13298106  1.0574398 
11 55 8 695748 0.03004789 0.05165744 0.95415306
11 55 8 745746  0.01332116 -0.07424998  1.00977278
11 55 8 793275 -3.57627869e-05 -9.97331142e-02  1.03125405e+00
11 55 8 843420 0.03215647 0.04612875 0.93536329
11 55 8 893153 -0.00694299 -0.1356523   1.03398013
11 55 8 944423  0.00123668 -0.05361104  1.0119009 
11 55 8 994296 0.03245735 0.01866436 0.93019104
11 55 9 55882 -0.00793147 -0.15577126  1.05466294
11 55 9 93817 0.01348686 0.0078373  0.98663116
11 55 9 143993  0.01994991 -0.02552867  0.96597219
11 55 9 196081 -0.00633264 -0.13970661  1.05618382
11 55 9 245740 0.03239512 0.04674482 0.94952512
11 55 9 296085  0.00485373 -0.07804227  1.00362372
11 55 9 345495 -0.00224972 -0.10234952  1.02481961
11 55 9 392024 0.03998828 0.05121636 0.92769814
11 55 9 444233 -0.00337243 -0.13396168  1.03937173
11 55 9 492953 -0.00153041 -0.0534811   1.00548768
11 55 9 545258 0.02913499 0.01397347 0.92609096
11 55 9 595142 -0.01399493 -0.15134478  1.0521636 
11 55 9 645115 0.01868439 0.01761699 0.97843504
11 55 9 695767  0.02829742 -0.02707386  0.97756696
11 55 9 744707 -0.00737166 -0.13347697  1.05890179
11 55 9 795795 0.02058816 0.04049039 0.94385767
11 55 9 844310 -0.00762701 -0.10295391  1.01342559
11 55 9 897913 -0.00445008 -0.08071089  1.01685739
11 55 9 945217 0.04377174 0.05029821 0.92580581
11 55 9 992009 -0.00835586 -0.14649463  1.04832506
11 55 10 54239  6.49213791e-04 -4.66568470e-02  1.00259399e+00
11 55 10 95374  0.03327894 -0.00726795  0.93925643
11 55 10 146535 -0.01272345 -0.15436745  1.06435466
11 55 10 193466 0.02294278 0.01592708 0.9713726 
11 55 10 244876  0.01566458 -0.06601048  0.99416494
11 55 10 295230 -0.00612473 -0.12852216  1.0412302 
11 55 10 345608 0.03005862 0.03936386 0.92921019
11 55 10 398913 -0.00724244 -0.12552238  1.02811909
11 55 10 444610 -0.00458503 -0.07667923  1.00774074
11 55 10 497923 0.03924966 0.02458954 0.91660047
11 55 10 546650 -0.00596905 -0.15787125  1.04949951
11 55 10 593709  0.01292729 -0.0187614   0.98586059
11 55 10 644245  0.03698874 -0.01467395  0.94614768
11 55 10 695474 -0.00402617 -0.15039611  1.05837035
11 55 10 745561 0.03602648 0.02836752 0.94885111
11 55 10 795253  0.02037191 -0.0743587   1.00092983
11 55 10 845326 -0.00584602 -0.1122489   1.01967406
11 55 10 895368 0.02740479 0.01935053 0.91383052
11 55 10 944336 -0.01423168 -0.15664268  1.02835703
11 55 10 997247  0.00225997 -0.05220366  0.99604368
11 55 11 48462 0.04363179 0.03103971 0.91848087
11 55 11 99745 -0.00804257 -0.15515351  1.05765724
11 55 11 145329  0.01814532 -0.00572228  0.96750379
11 55 11 192422  0.02491975 -0.04208326  0.97032452
11 55 11 243625 -0.0061028  -0.13861346  1.05218291
11 55 11 294418 0.0370357  0.0436542  0.94097662
11 55 11 344376  0.00304127 -0.09565735  1.02145505
11 55 11 395607 -0.00811267 -0.1040628   1.01643348
11 55 11 445076 0.02899528 0.02129841 0.91768622
11 55 11 495581 -0.02033448 -0.15331888  1.04229522
11 55 11 543695 -0.00117588 -0.03025246  1.00480723
11 55 11 595353 0.02629447 0.01669645 0.94207215
11 55 11 645602 -0.01387835 -0.15830636  1.07287717
11 55 11 697560 0.01767802 0.00640965 0.9767561 
11 55 11 745416  0.00952291 -0.04921889  0.99221325
11 55 11 792941 -0.00864053 -0.12950516  1.05189753
11 55 11 845880 0.03346562 0.05267501 0.93795633
11 55 11 897524  0.00326991 -0.1017971   1.02616096
11 55 11 944367 -0.00208282 -0.10089016  1.01532173
11 55 11 995443 0.02641082 0.02159762 0.92127299
11 55 12 57435 -0.01435256 -0.158283    1.05236292
11 55 12 91627  0.00565457 -0.03515792  0.99585414
11 55 12 143726  0.0205791  -0.00574398  0.94800472
11 55 12 196852 -0.0107255  -0.16484189  1.06833291
11 55 12 244441 0.02297664 0.00882363 0.97096014
11 55 12 296561  0.00758576 -0.06395578  1.00002646
11 55 12 345314 -0.01513481 -0.14164066  1.04884458
11 55 12 392548 0.02946258 0.04653549 0.93746805
11 55 12 444550 -0.00184226 -0.11120653  1.02744794
11 55 12 494618 -0.00609088 -0.10888982  1.01776814
11 55 12 545079 0.03299737 0.02011681 0.92365026
11 55 12 593996 -0.0102098  -0.16654873  1.05432749
11 55 12 646239  0.0040791  -0.05473423  1.00478315
11 55 12 697540  0.02582145 -0.0168376   0.95012736
11 55 12 747232 -0.00725412 -0.17002869  1.06700921
11 55 12 797900 0.03151011 0.01025677 0.97970796
11 55 12 845401  0.01814342 -0.06806278  0.99977088
11 55 12 898383 -0.00468349 -0.14850426  1.05249214
11 55 12 946139 0.0350709  0.02247071 0.94602919
11 55 12 994869 -0.00138664 -0.13295603  1.0411222 
11 55 13 54807  0.00109792 -0.10161638  1.03353047
11 55 13 89757 0.03821158 0.01573181 0.94108582
11 55 13 143162 -3.69787216e-04 -1.69693947e-01  1.06725693e+00
11 55 13 193911  0.01310182 -0.04179049  1.0073359 
11 55 13 245345  0.02311516 -0.04315257  0.97164321
11 55 13 294997 -0.00313687 -0.1646831   1.07541609
11 55 13 345363 0.03555512 0.01850247 0.97478652
11 55 13 395437  0.01391482 -0.10121179  1.02327561
11 55 13 445803  0.00203419 -0.12848377  1.04503441
11 55 13 497663 0.03322697 0.01626134 0.93229866
11 55 13 548008 -0.00580096 -0.15598321  1.05573106
11 55 13 592722  0.01033545 -0.06845021  1.01316094
11 55 13 643702  0.03849292 -0.0120213   0.94708467
11 55 13 695306  0.01567101 -1.25005937  0.39447045
11 55 13 744442  0.02290273 -0.07078886  1.00023365
11 55 13 804276  0.01561189 -0.53184199 -1.29272795
11 55 13 858824  0.0481925   0.02325439 -0.68379283
11 55 13 918379  0.0169692  -0.12799335  1.04145837
11 55 13 972358 -1.20670795e-02  1.12032652e-01  4.22000885e-05
11 55 14 21674 0.07609963 0.03715968 0.95129681
11 55 14 66105  0.06503749 -0.10859227  1.01700711
11 55 14 123055  0.0645597  -0.01023054  1.02991986
11 55 14 170356  0.06601357 -0.02240992  0.94639182
11 55 14 218173  0.06381917 -0.09161019  1.04378939
11 55 14 264061 0.0724628  0.04123592 0.96648073
11 55 14 311298  0.06740046 -0.07797647  1.00036693
11 55 14 362470  0.07544374 -0.00921297  1.03315544
11 55 14 393818 0.06944466 0.00136828 0.93692303
11 55 14 445323  0.05203128 -0.10958219  1.03488374
11 55 14 501752 0.06193566 0.02540565 0.97280073
11 55 14 561397  0.06129003 -0.07412195  0.98151469
11 55 14 616474  0.06529379 -0.04601502  1.03294015
11 55 14 674786 0.06990528 0.00129342 0.93042874
11 55 14 714382  0.05522513 -0.11800671  1.0205493 
11 55 14 770725 0.06711912 0.01129913 0.99528265
11 55 14 817740  0.07505298 -0.05802131  0.9844811 
11 55 14 867444  0.0751791  -0.05470514  1.04832864
11 55 14 926323 0.07327175 0.02095628 0.94322538
11 55 14 972239  0.05750847 -0.11690426  1.01242876
11 55 14 995214 0.0584569  0.00839925 1.00210547
11 55 15 55830  0.07034588 -0.03178763  0.95791054
11 55 15 91490  0.06237531 -0.07371092  1.03742528
11 55 15 144040 0.06672239 0.01728392 0.94530892
11 55 15 194606  0.05430555 -0.11707544  1.00904202
11 55 15 245002  0.06060743 -0.00554514  1.0138886 
11 55 15 297518  0.07052851 -0.03751683  0.95131159
11 55 15 346365  0.06164551 -0.08796191  1.05021572
11 55 15 392156 0.06736565 0.02608895 0.96985936
11 55 15 444973  0.05976319 -0.09648776  1.01422453
11 55 15 493250 0.06249499 0.00174379 1.03572965
11 55 15 544281  0.06794024 -0.02443099  0.94750333
11 55 15 593999  0.05746937 -0.09061861  1.04685116
11 55 15 645841 0.07347989 0.04379249 0.96821308
11 55 15 694851  0.07026339 -0.08541822  0.99230576
11 55 15 745124  0.06636786 -0.01180196  1.02553749
11 55 15 795895  0.07334805 -0.01236367  0.92919493
11 55 15 846879  0.06580615 -0.0997653   1.03238177
11 55 15 898000 0.07117176 0.03277326 0.97224021
11 55 15 946624  0.06752515 -0.07985163  0.98480344
11 55 15 994808  0.06089616 -0.01669812  1.03292131
11 55 16 54135  0.06010222 -0.00277734  0.94784069
11 55 16 90963  0.05514646 -0.10224009  1.04431891
11 55 16 143198 0.08143091 0.04464221 0.99034262
11 55 16 193174  0.08118486 -0.06966877  0.9858892 
11 55 16 244694  0.08203626 -0.02951837  1.03161216
11 55 16 295202 0.07840824 0.0065558  0.92545843
11 55 16 343923  0.06489754 -0.11248517  1.02822089
11 55 16 395892 0.08441854 0.02821088 1.00675821
11 55 16 445411  0.07834506 -0.06563282  0.99274731
11 55 16 498156  0.06879234 -0.04699159  1.05044603
11 55 16 545740 0.07239175 0.00825906 0.944736  
11 55 16 594293  0.06555367 -0.12684703  1.0280695 
11 55 16 644681 0.08470583 0.01197886 1.00301623
11 55 16 693370  0.07923341 -0.05789924  0.97376609
11 55 16 744714  0.07351279 -0.0729804   1.05623555
11 55 16 794194 0.09937739 0.02190852 0.94231367
11 55 16 845504  0.0861814  -0.12712693  1.04088879
11 55 16 896342  0.08383107 -0.00430393  1.04345751
11 55 16 943983  0.08745432 -0.04668617  0.99264956
11 55 16 995492  0.07415605 -0.08568501  1.08533764
11 55 17 53118 0.08333111 0.02366757 0.97560859
11 55 17 100177  0.06488013 -0.12750101  1.0390451 
11 55 17 147385  0.06921339 -0.02896142  1.05214095
11 55 17 192983  0.08155894 -0.04870319  0.97056556
11 55 17 244151  0.05813241 -0.11053705  1.06489682
11 55 17 294243 0.07975554 0.02809501 0.98699093
11 55 17 344616  0.06895614 -0.10486412  1.03171825
11 55 17 395442  0.06619549 -0.02349949  1.05805349
11 55 17 445805  0.0742259  -0.01995277  0.97605014
11 55 17 494325  0.06150508 -0.09225106  1.07354665
11 55 17 543328 0.07738161 0.04921842 0.9953227 
11 55 17 597002  0.06525803 -0.07781959  1.02126622
11 55 17 644973  0.07023549 -0.01575685  1.05616975
11 55 17 697002 0.08109498 0.00429702 0.97030973
11 55 17 747087  0.05388308 -0.09542632  1.06957316
11 55 17 793619 0.0760479  0.04818511 1.00767398
11 55 17 845347  0.07061005 -0.06893802  1.0242703 
11 55 17 897361  0.06139827 -0.02111387  1.06603599
11 55 17 944848 0.07479453 0.01675892 0.97033334
11 55 17 995072  0.05661535 -0.09126186  1.06645012
11 55 18 55541 0.07981157 0.05246949 1.01296949
11 55 18 92200  0.0725975  -0.06198239  1.0141623 
11 55 18 143936  0.06527662 -0.03420782  1.06509471
11 55 18 197640 0.08363819 0.01690412 0.96335292
11 55 18 245968  0.06605768 -0.10048032  1.06787705
11 55 18 301453 0.08169127 0.04265785 1.02445865
11 55 18 346868  0.08253312 -0.0608542   1.01138258
11 55 18 391529  0.07513285 -0.03609157  1.07590747
11 55 18 443184 0.08616948 0.01938367 0.96504903
11 55 18 494914  0.07252002 -0.10967493  1.06093335
11 55 18 546174 0.09050536 0.0288949  1.02579522
11 55 18 595082  0.07921076 -0.06137538  0.98930335
11 55 18 645164  0.06933498 -0.05537891  1.06531024
11 55 18 694683 0.08516836 0.00492454 0.94669271
11 55 18 745161  0.06605721 -0.11977863  1.04001021
11 55 18 796781 0.07912922 0.01886916 1.01976705
11 55 18 847739  0.08442116 -0.06745458  0.98976374
11 55 18 897629  0.07702684 -0.06871963  1.075881  
11 55 18 945233 0.08202052 0.00737858 0.94711924
11 55 18 992015  0.08509469 -0.11280155  1.03436065
11 55 19 52407 0.09181738 0.01458263 1.00919843
11 55 19 88912  0.08387446 -0.060709    0.95899224
11 55 19 147604  0.07781959 -0.0737803   1.0549593 
11 55 19 196919 0.09680605 0.01638412 0.9324348 
11 55 19 247257  0.08655095 -0.12473536  1.02448106
11 55 19 296053  0.08641529 -0.00239849  1.01272988
11 55 19 344638  0.09612298 -0.05416751  0.94630837
11 55 19 396383  0.096138   -0.06949687  1.05963874
11 55 19 445873 0.0941081  0.02619934 0.93627095
11 55 19 497043  0.08514404 -0.12136579  1.01574779
11 55 19 545253  0.08522201 -0.00627661  1.0166254 
11 55 19 593162  0.08197331 -0.05173826  0.95200467
11 55 19 644143  0.08530664 -0.07800722  1.06136155
11 55 19 695441 0.0781498  1.37454748 0.36332655
11 55 19 744227  0.08271885 -0.01596808  1.02636027
11 55 19 794176  3.53336334e-04  6.56136513e-01 -1.48071885e+00
11 55 19 845113  0.0804677  -0.09039307  1.08231354
11 55 19 897360 0.09021497 0.03363132 0.96671724
11 55 19 943123 0.00614142 0.05537057 0.01552653
11 55 19 997301 -0.06296682 -0.01222205  1.08231592
11 55 20 53069 0.02193117 0.18112087 1.01652694
11 55 20 98947 -0.03431439  0.03854585  1.08319664
11 55 20 147436 -0.13050294 -0.14723802  1.08999133
11 55 20 193576 -0.04756045  0.03545284  1.05054307
11 55 20 243569 0.01536798 0.18597889 1.01661205
11 55 20 294840 -0.04545188 -0.00198555  1.04038095
11 55 20 347762 -0.13984489 -0.16212583  1.07802892
11 55 20 393951 -0.06722641  0.01157689  1.03340459
11 55 20 444662 0.03377414 0.19350886 1.00328374
11 55 20 495442 -0.01096725  0.04967308  1.04741216
11 55 20 542906 -0.13271403 -0.17617202  1.04134703
11 55 20 595012 -0.0911746  -0.04336858  1.01888061
11 55 20 643909 0.02685833 0.16988587 1.01613784
11 55 20 696559 0.02435207 0.12773967 1.01424193
11 55 20 745046 -0.0843246  -0.10186863  1.01745033
11 55 20 794365 -0.12851286 -0.14474344  1.02396154
11 55 20 843233 -0.01512885  0.0660181   1.03162932
11 55 20 893602 0.04941607 0.15852308 1.010988  
11 55 20 944606 -0.03893924  0.01063609  1.04590368
11 55 20 994946 -0.13170195 -0.16730309  0.99009013
11 55 21 59168 -0.08549833 -0.08688998  1.045748  
11 55 21 91276 0.00389218 0.07663178 1.02376056
11 55 21 143295 0.02130294 0.10708976 1.01083016
11 55 21 195268 -0.0784893  -0.04938078  1.02008605
11 55 21 245745 -0.11479115 -0.13937664  1.03848672
11 55 21 297466 -0.04478145 -0.07567525  1.02731919
11 55 21 346707 -0.01230073  0.02114797  1.02381778
11 55 21 393515 -0.01554203  0.03933048  1.02204084
11 55 21 444680 -0.07213902 -0.0603981   1.04438567
11 55 21 493610 -0.08928227 -0.10467649  1.03237677
11 55 21 545122 -0.04838753 -0.07852483  1.00358582
11 55 21 593754 -0.02276731 -0.02436423  1.01853275
11 55 21 645258 -0.01862168  0.0265069   1.04416275
11 55 21 696919 -0.03095722 -0.00472784  1.03184342
11 55 21 743150 -0.0592258  -0.06338763  1.01744723
11 55 21 795181 -0.07277989 -0.08240938  0.99447489
11 55 21 845818 -0.04848051 -0.07035851  1.00534511
11 55 21 895908 -0.02671337 -0.01926112  1.04103327
11 55 21 946875 -0.02052212  0.0211575   1.03539205
11 55 21 992547 -0.0303669   0.00975084  1.0008812 
11 55 22 53534 -0.05804515 -0.03868461  0.98526669
11 55 22 90230 -0.07121563 -0.06192827  0.99653459
11 55 22 144042 -0.05767465 -0.09137344  1.0204525 
11 55 22 195925 -0.04949284 -0.07094312  1.01795006
11 55 22 246953 -0.04172826  0.00683665  1.01104045
11 55 22 295691 -0.03091431  0.05025148  0.98728561
11 55 22 343863 -0.03674412 -0.02144217  0.97780943
11 55 22 395180 -0.06606531 -0.08628106  1.00198627
11 55 22 445331 -0.05438495 -0.03189993  1.00911498
11 55 22 496276 -0.03672242 -0.04697633  0.98862529
11 55 22 546771 -0.05261564 -0.09734225  0.96214557
11 55 22 592708 -0.0535965  -0.04855752  0.99144268
11 55 22 643876 -3.16774845e-02 -1.90734863e-05  1.01538491e+00
11 55 22 692985 -0.03825712 -0.05226517  1.01509118
11 55 22 746583 -0.06821108 -0.08292794  0.98738718
11 55 22 793728 -0.04951191 -0.00337291  0.96259165
11 55 22 845156 -0.0364995  -0.04917645  0.94486785
11 55 22 894457 -0.06063509 -0.13669968  0.99747539
11 55 22 943857 -0.05261755 -0.07739162  1.01362276
11 55 22 997332 -0.03299403  0.01426578  1.01782775
11 55 23 47514 -0.04585791 -0.02627921  0.96440625
11 55 23 103402 -0.07620645 -0.09277892  0.9475131 
11 55 23 145316 -0.06483459 -0.0619278   0.98144865
11 55 23 192611 -0.05671334 -0.08357382  0.99817872
11 55 23 244552 -0.05577612 -0.09895825  0.9955368 
11 55 23 294877 -0.05178332 -0.04223228  0.98580456
11 55 23 344835 -0.0472672  -0.01233697  0.97792673
11 55 23 395055 -0.06107569 -0.08206344  0.98540449
11 55 23 447559 -0.06962323 -0.09678936  0.99832249
11 55 23 501667 -0.0517633  -0.02044749  1.00187898
11 55 23 543882 -0.04327583 -0.03988194  0.97100282
11 55 23 595999 -0.05905271 -0.1027112   0.99056816
11 55 23 644574 -0.0479095  -0.05103016  1.00965261
11 55 23 696103 -0.02958536  0.00328159  1.01323628
11 55 23 745586 -0.04737043 -0.03107166  0.99031997
11 55 23 794027 -0.06695771 -0.04728103  0.98434925
11 55 23 844427 -0.04163384  0.01535082  0.99548388
11 55 23 893304 -0.04108906 -0.05721474  0.99596596
11 55 23 945207 -0.06465459 -0.11307192  1.00274563
11 55 23 994216 -0.05305648 -0.01928902  1.00561118
11 55 24 56921 -0.03268218  0.05621219  1.00615335
11 55 24 91315 -0.04360843 -0.02757049  0.98472595
11 55 24 145082 -0.07183027 -0.07787156  0.99079251
11 55 24 196912 -0.06180501 -0.0151782   1.00828099
11 55 24 244239 -0.03829336 -0.0141685   1.00019932
11 55 24 297062 -0.04567647 -0.05673409  1.00056338
11 55 24 346353 -0.05241752 -0.02674484  1.00342274
11 55 24 392467 -0.03851557  0.01174426  1.00903082
11 55 24 444048 -0.03427577 -0.02358675  0.99661899
11 55 24 493248 -0.057266   -0.06128812  0.98656869
11 55 24 544177 -0.05216312  0.01153207  0.99595833
11 55 24 593903 -0.03863907 -0.01169395  0.99609113
11 55 24 645185 -0.04568148 -0.11438704  0.99942231
11 55 24 694487 -0.05534554 -0.07815886  1.00497103
11 55 24 743635 -0.03707695  0.01940227  1.00570202
11 55 24 795438 -2.67930031e-02  1.23977661e-05  1.00156593e+00
11 55 24 844401 -0.06400967 -0.09496999  0.99336123
11 55 24 896166 -0.06025004 -0.02823496  1.00924063
11 55 24 945700 -0.02570271  0.02885556  0.99828601
11 55 24 992723 -0.04284883 -0.09394598  0.99682522
11 55 25 54083 -0.06328201 -0.12354708  1.00145745
11 55 25 89834 -0.04528642 -0.01487613  1.00039077
11 55 25 144648 -0.02468109  0.01312423  1.00756931
11 55 25 194488 -0.04693937 -0.07703662  0.9916842 
11 55 25 245608 -0.06148267 -0.06052828  0.98460388
11 55 25 295272 -0.03306508  0.02275062  0.99200225
11 55 25 344269 -0.0363183  -0.07098317  0.99622989
11 55 25 395760 -0.05203485 -0.12824488  1.00034666
11 55 25 444329 -0.03430891 -0.0216074   0.99921823
11 55 25 496621 -0.01259828  0.03638816  0.99265504
11 55 25 545445 -0.03259516 -0.05548239  0.98602509
11 55 25 592142 -0.05982137 -0.09349799  0.98097515
11 55 25 643807 -0.04017878 -0.02721071  0.98438811
11 55 25 694277 -0.04684067 -1.00038815 -0.63677597
11 55 25 744355 -0.04109764 -0.04301119  0.99199867
11 55 25 793910  0.01554585 -1.26559973 -0.93361855
11 55 25 845344 -0.02642703 -0.04931641  0.76946974
11 55 25 895364 -0.0582757  -0.08888984  0.97334504
11 55 25 944250 -0.00540042  0.03190279  0.0156188 
11 55 25 996554 -0.026896   -0.10517144  0.97163773
11 55 26 47638 -0.06178689 -0.11794662  0.98344541
11 55 26 98522 -0.03802919 -0.02910757  1.00229096
11 55 26 145072 -0.00732541 -0.04747415  0.98922038
11 55 26 193584 -0.0366447  -0.16038823  0.9859376 
11 55 26 243376 -0.06196094 -0.13240767  1.00985146
11 55 26 293358 -0.03681517 -0.04217267  1.0096271 
11 55 26 345381 -0.01597261 -0.05723667  0.99085379
11 55 26 394723 -0.0432651  -0.12664175  0.97666359
11 55 26 445150 -0.06289339 -0.08981776  0.99183559
11 55 26 495544 -0.02511954 -0.00385189  0.99949098
11 55 26 543288 -0.00849652 -0.08079553  0.9867332 
11 55 26 595996 -0.04859781 -0.17598867  0.99802399
11 55 26 647283 -0.05776954 -0.10128069  1.01433659
11 55 26 699582 -0.02429652 -0.02242398  1.00163817
11 55 26 747677 -0.01596737 -0.08243442  0.98714161
11 55 26 792527 -0.05521536 -0.13675594  0.98116016
11 55 26 843749 -0.06295371 -0.06003809  1.00346208
11 55 26 893284 -0.01588869 -0.00945234  1.00515103
11 55 26 944417 -0.01963925 -0.12749243  0.98901463
11 55 26 995173 -0.06175733 -0.16827798  1.00508714
11 55 27 54616 -0.05057168 -0.06868315  1.013551  
11 55 27 91085 -0.01931477 -0.03559709  1.00205135
11 55 27 148715 -0.02915525 -0.11094594  0.98521256
11 55 27 195641 -0.06552768 -0.12730217  0.98213792
11 55 27 245484 -0.04629278 -0.03074646  1.00488782
11 55 27 296865 -0.01636124 -0.03615689  0.99886727
11 55 27 345577 -0.03433704 -0.15139866  0.99500179
11 55 27 392568 -0.06168151 -0.13038158  1.01188993
11 55 27 444396 -0.0432198  -0.03798461  1.0133965 
11 55 27 493483 -0.01732039 -0.05181313  0.99668336
11 55 27 544202 -0.04029202 -0.13032341  0.97988868
11 55 27 594666 -0.07063079 -0.10719895  0.99068284
11 55 27 645218 -0.03533506 -0.00902987  1.01050282
11 55 27 695526 -0.01730251 -0.05959368  1.00360131
11 55 27 744012 -0.04418468 -0.17495012  0.99975753
11 55 27 795977 -0.06911135 -0.12642431  1.01106071
11 55 27 845279 -0.0427928  -0.03797102  1.00782228
11 55 27 896173 -0.02637911 -0.06756926  0.9958415 
11 55 27 945218 -0.04757857 -0.13928771  0.97833085
11 55 27 992204 -0.07019162 -0.09146094  0.99335742
11 55 28 54634 -0.02402234  0.0164032   1.00923133
11 55 28 89850 -0.01128268 -0.07957864  0.99693418
