15 36 11 233990 -2.46524811e-04  4.56333160e-04  2.24113464e-05
15 36 12 935583 -1.61647797e-04 -3.09944153e-05 -5.24520874e-05
15 36 14 637039  0.00048113 -0.0003562   0.00038338
15 36 16 338915  0.00032234 -0.00031281  0.00020838
15 36 18 40472 -3.71932983e-05 -2.89440155e-04  4.95910645e-05
15 36 19 742126 -3.13282013e-04 -1.85966492e-05  1.59740448e-04
15 36 21 444040 -0.00068665  0.00016642 -0.00039577
15 36 23 148440 -0.00039959  0.00065184  0.00019789
15 36 24 850185 4.76837158e-05 3.09944153e-05 1.34468079e-04
15 36 26 551060 -8.39233398e-05  1.17778778e-04  2.18868256e-04
15 36 28 253104  0.00052404 -0.0003829  -0.0001297 
15 36 29 954153  6.32286072e-04 -6.81877136e-04 -4.62532043e-05
