14 40 49 29870  0.0199039  -0.31083202  0.95212555
14 40 49 57873  0.01696706 -0.31150031  0.95178628
14 40 49 61980  0.01461673 -0.31449485  0.95415187
14 40 49 112499  0.01414251 -0.31030345  0.95085526
14 40 49 129554  0.01862574 -0.30958104  0.95107102
14 40 49 159731  0.01898098 -0.30690408  0.95490766
14 40 49 163243  0.01633906 -0.30635953  0.95637727
14 40 49 204947  0.01930785 -0.3064003   0.95222235
14 40 49 208099  0.01992273 -0.30889606  0.95369554
14 40 49 256896  0.02117324 -0.31111383  0.94997287
14 40 49 260094  0.02133608 -0.31122422  0.95116806
14 40 49 304494  0.01705527 -0.31222796  0.94940734
14 40 49 307990  0.01363826 -0.3119266   0.94910645
14 40 49 352235  0.01438713 -0.30938601  0.95416689
14 40 49 355429  0.01676774 -0.30915427  0.95209527
14 40 49 404447  0.01820254 -0.30755329  0.95736837
14 40 49 407486  0.02135515 -0.30970287  0.95731974
14 40 49 454531  0.01600289 -0.307652    0.94960356
14 40 49 457800  0.01790047 -0.31172538  0.95136428
14 40 49 506483  0.01560354 -0.3132391   0.94768476
14 40 49 510260  0.01511717 -0.31289411  0.95161057
14 40 49 554038  0.01575327 -0.31338215  0.95058894
14 40 49 557248  0.01625562 -0.31342769  0.94997048
14 40 49 603026  0.01996756 -0.31174541  0.95231509
14 40 49 605874  0.01714015 -0.31736898  0.95057321
14 40 51 917244  0.01794767 -0.31530499  0.95349979
14 40 51 966344  0.01858878 -0.31287575  0.95316648
14 40 52 14917  0.02044988 -0.31281757  0.95309377
14 40 52 67679  0.01921058 -0.31193995  0.95289445
14 40 52 125996  0.0167892  -0.31304359  0.95454931
14 40 52 177641  0.01406384 -0.3107667   0.95407867
14 40 52 224483  0.01631045 -0.30672026  0.95536828
14 40 52 264594  0.01418495 -0.30805373  0.95405245
14 40 52 318198  0.01785183 -0.30853939  0.94904542
14 40 52 367001  0.01771235 -0.31112838  0.95152783
14 40 52 416037  0.01655006 -0.31063128  0.94924831
14 40 52 476328  0.01455832 -0.31390476  0.94756126
14 40 52 518524  0.01880002 -0.30962539  0.95195436
14 40 52 567755  0.01649666 -0.31095123  0.95505023
14 40 52 617083  0.01661658 -0.30840635  0.95207095
14 40 52 666670  0.01658988 -0.3099401   0.95686269
14 40 52 715319  0.01646209 -0.30950141  0.95631123
14 40 52 768116  0.01511717 -0.30648375  0.95159006
14 40 52 817928  0.01979756 -0.30834055  0.95147657
14 40 52 866843  0.01773834 -0.31156015  0.94892406
14 40 52 916168  0.02089167 -0.31342268  0.95172191
14 40 52 964789  0.01780081 -0.31129742  0.95207644
14 40 53 18575  0.01767206 -0.31064963  0.95325971
14 40 53 67221  0.01851368 -0.31063437  0.9531064 
14 40 53 116980  0.01807404 -0.30899715  0.95231414
14 40 53 180530  0.01619148 -0.31047201  0.95681882
14 40 53 228342  0.01816201 -0.31141448  0.95545101
14 40 53 275185  0.01730108 -0.31116605  0.95376277
14 40 53 325897  0.01579499 -0.31230807  0.95134664
14 40 53 379255  0.01471663 -0.31259513  0.95105004
14 40 53 428543  0.01701474 -0.31203699  0.95249963
14 40 53 468745  0.0185008  -0.31289005  0.94983482
14 40 53 518189  0.01647782 -0.31215954  0.95036721
14 40 53 566296  0.01606369 -0.31049395  0.95054007
14 40 53 620450  0.0160861  -0.309865    0.95161819
14 40 53 669309  0.0163238  -0.31206131  0.95366454
14 40 53 718801  0.01685548 -0.31052303  0.95350027
14 40 53 768302  0.01617002 -0.30937219  0.95086074
14 40 53 817213  0.01665401 -0.30850005  0.95063114
14 40 53 870119  0.01653743 -0.30723882  0.95497847
14 40 53 919635  0.01565289 -0.3106277   0.95636487
14 40 53 968787  0.01498675 -0.30677271  0.95446348
14 40 54 17960  0.01561522 -0.31073618  0.95357156
14 40 54 66575  0.0174861  -0.30875468  0.95521116
14 40 54 120131  0.01725411 -0.30894876  0.95166278
14 40 54 169127  0.01958346 -0.31080866  0.95161724
14 40 54 218528  0.01615787 -0.30792546  0.95217204
14 40 54 271557  0.02019501 -0.31178713  0.95262241
14 40 54 321099  0.0187633  -0.31310225  0.95296979
14 40 54 369602  0.01613307 -0.30938029  0.95261669
14 40 54 420123  0.01479125 -0.30917835  0.9539752 
14 40 54 467936  0.0162046  -0.30937672  0.95119357
14 40 54 521450  0.01574469 -0.30873823  0.95782423
14 40 54 570337  0.01746559 -0.31020951  0.95620489
14 40 54 620333  5.48362732e-05  1.62378383e+00 -6.52534962e-01
14 40 54 668607  6.74724579e-05 -1.09496570e+00 -5.43143749e-01
14 40 54 723178  0.01812482 -0.3102138   0.95615292
14 40 54 771441  0.01796842 -0.30866623  0.95388293
14 40 54 820708  0.01677918 -0.31073332  0.95253158
14 40 54 877463  0.01652694 -0.31106901  0.95482755
14 40 54 919257  0.0193944  -0.31007099  0.95360994
14 40 54 979631  0.01810718 -0.31102514  0.95212388
14 40 55 21369  0.0167768  -0.30924106  0.95074439
14 40 55 69922  0.01819277 -0.31195498  0.95330644
14 40 55 119910  0.01820993 -0.31225228  0.9533937 
14 40 55 168335  0.01639795 -0.31147194  0.95109677
14 40 55 222608  0.01795316 -0.31075525  0.95360065
14 40 55 270659  0.01621199 -0.31041169  0.95389128
14 40 55 320176  0.01659751 -0.30948567  0.95190477
14 40 55 373094  0.01931953 -0.3090322   0.95526624
14 40 55 422996  0.01782393 -0.31127691  0.95261979
14 40 55 471492  0.01819038 -0.31243372  0.95147061
14 40 55 521755  0.01670909 -0.31094146  0.94758487
14 40 55 569650  0.01868057 -0.31252909  0.95208001
14 40 55 623429  0.01929641 -0.31000948  0.95145226
14 40 55 672447  0.01875806 -0.30891085  0.95028853
14 40 55 721648  0.01849747 -0.311378    0.9508183 
