14 48 51 972658  0.04837608 -0.2821064   0.95641518
14 48 52 16027  0.05179977 -0.28173447  0.95443916
14 48 52 35885  0.04967499 -0.28375816  0.95390129
14 48 52 67798  0.05199814 -0.28360939  0.9581337 
14 48 52 70973  0.05350304 -0.28681183  0.95310211
14 48 52 104550  0.05099869 -0.28066063  0.96035957
14 48 52 108149  0.05107307 -0.28527451  0.95100021
14 48 54 864055  0.04917717 -0.28363037  0.954319  
14 48 54 913715  0.04958916 -0.28120804  0.95330429
14 48 54 962146  0.04903603 -0.28654671  0.96076584
14 48 55 14763  0.04803848 -0.28295898  0.9518013 
14 48 55 64438  0.0518589  -0.2821312   0.95412064
14 48 55 113315  0.05130386 -0.2803688   0.96197701
14 48 55 162808  0.04828835 -0.28318024  0.96093369
14 48 55 211109  0.04802895 -0.28085327  0.95750046
14 48 55 264882  0.04821014 -0.27881622  0.95327568
14 48 55 313864  0.04826164 -0.28198051  0.9568367 
14 48 55 362970  0.05148506 -0.27946091  0.95371819
14 48 55 411599  0.04938889 -0.28412819  0.95583534
14 48 55 465809  0.05265236 -0.28348923  0.94982147
14 48 55 514179  0.051157   -0.27964973  0.95326042
14 48 55 564153  0.04958534 -0.28342438  0.95681381
14 48 55 612594  0.05028152 -0.28421021  0.96053314
14 48 55 662045  0.04749489 -0.27965355  0.9537468 
14 48 55 715141  0.04708862 -0.28671074  0.95341682
14 48 55 764921  0.04813385 -0.28181839  0.95521927
14 48 55 813542  0.05260468 -0.28532982  0.95838165
14 48 55 862961  0.05008316 -0.28195763  0.95546722
14 48 55 911669  0.05073547 -0.28915405  0.95478058
14 48 55 974004  0.04645538 -0.28460884  0.95767975
14 48 56 20842  0.04751968 -0.28569412  0.95381355
14 48 56 72345  0.05346298 -0.28312111  0.95337677
14 48 56 116265  0.05257988 -0.28008842  0.95881271
14 48 56 165513  0.05505371 -0.28758621  0.955513  
14 48 56 214603  0.0506134  -0.28490067  0.9563961 
14 48 56 264518  0.052351   -0.2858963   0.95911407
14 48 56 317656  0.05157661 -0.27897453  0.95731926
14 48 56 366895  0.05231857 -0.2849865   0.95737076
14 48 56 415605  0.0510273  -0.2851181   0.95248985
14 48 56 465172  0.04602051 -0.28531647  0.95810127
14 48 56 522201  0.04819679 -0.28271103  0.95451164
14 48 56 567496  0.04587173 -0.28560257  0.95205498
14 48 56 616093  0.05184746 -0.28009987  0.95531082
14 48 56 665935  0.05049706 -0.27832794  0.95300102
14 48 56 715082  0.04859924 -0.28208351  0.9556675 
14 48 56 764098  0.05097389 -0.28171921  0.95749855
14 48 56 816811  0.04978752 -0.27984619  0.95277977
14 48 56 866584  0.04969597 -0.28331375  0.95512962
14 48 56 927504  0.05005264 -0.28225136  0.95799255
14 48 56 964855  0.04859734 -0.28051758  0.95378876
14 48 57 13323  0.04871941 -0.28525734  0.95435905
14 48 57 77098  0.04920006 -0.28007889  0.95758247
14 48 57 126777  0.0488472  -0.28067017  0.95339966
14 48 57 174689  0.05437279 -0.28315735  0.95775414
14 48 57 217934  0.05054092 -0.28754425  0.95803833
