13 4 47 299742 -0.01225662  0.00201607  1.00209618
13 4 47 322994 -0.01312828  0.00252342  0.99624634
13 4 47 324938 -0.01618958  0.00259399  1.0002327 
13 4 47 347456 -0.0177784   0.00326157  1.00097466
13 4 47 370943 -0.01878738  0.00122261  0.99961472
13 4 47 373121 -0.0131588   0.00102806  1.00106049
13 4 47 444411 -0.01285553  0.00289536  1.00540924
13 4 47 446773 -0.00747299 -0.00119781  1.00199509
13 4 47 448933 -0.00929832 -0.00265121  0.99971581
13 4 47 451092 -0.01403236  0.0014019   1.0020504 
13 4 47 467802 -0.00780296  0.00671196  1.00147057
13 4 47 470086 -0.01389503  0.00871086  0.99956512
13 4 47 492226 -0.01675224  0.00623131  0.99738312
13 4 47 515693 -0.01612854  0.00485802  1.00122452
13 4 47 517995 -1.35459900e-02 -9.86099243e-04  1.00062943e+00
13 4 47 540161 -1.00364685e-02  8.86917114e-04  1.00179482e+00
13 4 47 563484 -1.13182068e-02 -7.62939453e-04  1.00250626e+00
13 4 47 565799 -0.00903511  0.00745583  1.00361061
13 4 47 588077 -0.01210213  0.01015663  1.00754738
13 4 47 611532 -0.01724625  0.00808144  1.00047302
13 4 47 613794 -0.0159111  -0.00494003  1.0025177 
13 4 47 635999 -0.01254463 -0.00115395  1.0026474 
13 4 47 659453 -0.01487732 -0.00448036  0.99425125
13 4 47 662226 -3.11851501e-03 -8.54492188e-04  9.93518829e-01
13 4 47 687652 -0.00797844  0.00289726  1.00858879
13 4 47 712513 -0.00645447  0.00211525  0.99240494
13 4 47 737324 -0.01293945  0.00175667  1.001297  
13 4 47 755461 -0.0200367   0.00309181  1.00389862
13 4 47 758028 -0.02058983  0.00499344  0.99785805
13 4 47 760365 -0.01614761  0.00555801  0.99698639
13 4 47 779563 -0.01056671  0.00323677  1.0034523 
13 4 47 803040 -0.005373    0.00138855  0.99961281
13 4 47 805268 -0.01023483  0.00418282  1.00061607
13 4 47 831270 -8.20732117e-03  9.17434692e-04  9.97789383e-01
13 4 47 841366 -0.01688194  0.00672531  0.99739265
13 4 47 858177 -0.01878738  0.00149155  0.99724007
13 4 47 870184 -0.02010727  0.00415611  1.00033379
13 4 47 948167 -0.01559067  0.00101471  1.00174904
13 4 47 950248 -0.01228714  0.00190163  0.99988556
13 4 47 952194 -0.01088905 -0.00400162  0.99833488
13 4 47 954002 -0.00974464 -0.00109673  1.00698471
13 4 47 955798 -0.01567268 -0.00211334  1.00120926
13 4 47 957628 -0.01603508  0.0021019   1.00101089
13 4 47 971976 -0.01657867  0.00409698  0.99878883
13 4 47 995553 -0.01136589  0.00858498  0.99923515
13 4 47 997384 -0.00872993  0.0104351   0.99967575
13 4 48 20018 -0.00896263  0.00817299  0.99975777
13 4 48 43614 -0.01166916  0.00235939  1.00160217
13 4 48 45883 -0.01151085 -0.00394058  1.00572777
13 4 48 68046 -1.32961273e-02 -5.91278076e-04  1.00172424e+00
13 4 48 91488 -0.0078373  -0.00339508  0.99759865
13 4 48 93811 -0.01247025  0.0032196   1.00252342
13 4 48 115941 -0.01445007  0.00752258  1.00490189
13 4 48 139337 -0.01149368  0.00577545  1.00063515
13 4 48 141803 -0.01038361 -0.00219154  0.99782181
13 4 48 163927 -1.24416351e-02 -1.64031982e-04  9.99265671e-01
13 4 48 187214 -0.01487732  0.00120926  1.00205612
13 4 48 189467 -1.17549896e-02 -3.26156616e-04  9.99719620e-01
13 4 48 211850 -0.01410866  0.00342178  1.00036621
13 4 48 235175 -1.16195679e-02  1.31607056e-04  9.99860764e-01
13 4 48 237365 -0.00971794  0.00202942  0.99968147
13 4 48 259871 -0.01252937  0.0028019   0.99922752
13 4 48 282976 -0.01738167  0.00203705  1.00261688
13 4 48 285195 -0.0132122   0.00487328  1.00048447
13 4 48 307574 -0.01416397 -0.00234032  0.99578667
13 4 48 331129 -1.25732422e-02  5.35964966e-04  1.00123596e+00
13 4 48 333255 -0.01670456  0.00112534  0.99983215
13 4 48 355324 -0.01563835  0.00401878  0.99878502
13 4 48 427845 -1.37500763e-02  1.52587891e-05  9.97465134e-01
13 4 48 430200 -0.01147461  0.00745583  1.00406837
13 4 48 432317 -0.01275253  0.0036602   1.00183105
13 4 48 434430 -0.00961304  0.00502014  0.99976158
13 4 48 436587 -0.01181793  0.00563622  1.00263786
13 4 48 452069 -0.0123539   0.00362778  1.00123596
13 4 48 475712 -0.01354027 -0.00149536  0.99696541
13 4 48 477917 -1.30081177e-02 -4.95910645e-05  1.00592232e+00
13 4 48 500071 -1.39980316e-02  6.14166260e-04  1.00154114e+00
13 4 48 523597 -0.01349449  0.00322914  1.00196266
13 4 48 525915 -0.00948334  0.00335121  1.00263405
13 4 48 547906 -0.00754738  0.00289536  0.99904442
13 4 48 571442 -0.00976181  0.00186729  0.99821854
13 4 48 573670 -0.01031876  0.00779152  1.00237846
13 4 48 595948 -1.36451721e-02 -9.51766968e-04  9.97270584e-01
13 4 48 619390 -0.01447678  0.00178719  0.9973793 
13 4 48 621813 -0.01186562  0.00458336  1.00006866
13 4 48 643847 -0.01351547  0.0038147   0.9991951 
13 4 48 667300 -0.0180378   0.00261307  1.0028553 
13 4 48 669443 -0.0156765   0.00371361  0.99975967
13 4 48 691684 -0.00977516  0.00221252  0.99938965
13 4 48 715225 -0.0152626   0.00437546  1.00083733
13 4 48 717540 -0.01355171  0.00432014  0.99786377
13 4 48 739771 -0.01166725  0.00482178  0.99550247
13 4 48 762981 -0.01357841  0.00292206  0.99379539
13 4 48 765227 -0.0153656   0.00222206  0.99513626
13 4 48 787556 -0.00693512  0.00471497  0.99942589
13 4 48 810898 -0.01392555  0.00324631  1.00332832
13 4 48 813107 -0.0120182   0.00559998  1.00110435
13 4 48 884358 -0.01443291  0.00139427  0.99948692
13 4 48 886982 -0.00829506  0.00498009  0.99883652
13 4 48 889115 -1.53026581e-02  6.10351562e-05  1.00182724e+00
13 4 48 891217 -0.01457977  0.00155067  1.00217438
13 4 48 907768 -0.01477623  0.00377846  0.9974556 
13 4 48 910002 -0.01285362  0.00158882  1.00292778
13 4 48 932176 -0.010149    0.0031662   0.99897766
13 4 48 955675 -0.01080322  0.00420761  1.00046539
13 4 48 957970 -1.26457214e-02 -5.47409058e-04  9.96379852e-01
13 4 48 980141 -0.01202774  0.00358772  1.00193405
13 4 49 3395 -0.00806427  0.00710487  1.00052452
13 4 49 5719 -0.01511574  0.00523567  1.00243187
13 4 49 27996 -0.01325035  0.00479317  1.00089455
13 4 49 51385 -0.01524544  0.0053463   0.99968529
13 4 49 53521 -0.01415825  0.00246239  0.99736786
13 4 49 75871 -0.01225281  0.00283432  1.00202942
13 4 49 99309 -0.0147934   0.00563622  1.00136566
13 4 49 101664 -1.66835785e-02  4.34875488e-04  1.00062370e+00
13 4 49 123636 -1.03721619e-02  8.54492188e-04  1.00107574e+00
13 4 49 147249 -1.32713318e-02  6.12258911e-04  9.94985580e-01
13 4 49 149486 -0.01245308 -0.00292587  0.9956131 
13 4 49 171561 -0.01182747  0.00265694  1.0028286 
13 4 49 194815 -0.01365089  0.0027256   0.99966621
13 4 49 196985 -0.01053619  0.00575447  1.00161362
13 4 49 219541 -0.01045036  0.0028019   1.00208282
13 4 49 243073 -0.01266479  0.00352478  1.00130653
13 4 49 245330 -0.01279068  0.00494385  1.00240517
13 4 49 267660 -1.5499115e-02  2.5177002e-04  1.0006218e+00
13 4 49 290801 -1.45721436e-02 -7.97271729e-04  9.95851517e-01
13 4 49 293121 -1.44824982e-02  1.14440918e-04  1.00345421e+00
13 4 49 364362 -1.04942322e-02  5.34057617e-05  1.00054741e+00
13 4 49 366673 -0.01032448 -0.00117302  1.00387764
13 4 49 368768 -0.01632309  0.00288582  0.99404716
13 4 49 370866 -0.0127697   0.0032196   1.00165558
13 4 49 387760 -0.01179695  0.00522614  1.0000267 
13 4 49 390044 -0.01738548  0.00100327  0.99753571
13 4 49 412205 -0.01238441  0.00461769  1.00112915
13 4 49 435662 -1.33438110e-02  7.83920288e-04  1.00224113e+00
13 4 49 437985 -1.20029449e-02 -4.48226929e-04  9.96044159e-01
13 4 49 460056 -0.01552773  0.00248718  0.99983025
13 4 49 483416 -0.01161957  0.00116539  1.00495529
13 4 49 485733 -0.01076317  0.00193787  1.00095749
13 4 49 507967 -0.0126133   0.00572395  1.00386238
13 4 49 531693 -0.01087189  0.00362968  1.00061226
13 4 49 533325 -0.01420212  0.00190926  0.99823761
13 4 49 555416 -1.78623199e-02 -2.11715698e-04  1.00379944e+00
13 4 49 557677 -0.01801682  0.00241661  1.00107765
13 4 49 579703 -0.01095772  0.00399399  1.00014305
13 4 49 603237 -0.01160622  0.00133896  1.00118446
13 4 49 605491 -0.01500893  0.00318527  1.00360107
13 4 49 627769 -0.00907135  0.00393486  0.99952507
13 4 49 651132 -0.0139904   0.00175285  1.00257492
13 4 49 653286 -0.01518059  0.0044899   0.99822617
13 4 49 675711 -0.01263237  0.00137901  1.00084686
13 4 49 698958 -1.25312805e-02 -3.75747681e-04  1.00012207e+00
13 4 49 700864 -1.44042969e-02 -3.24249268e-05  9.98806000e-01
13 4 49 723343 -0.01523972  0.00167656  0.99604225
13 4 49 746860 -0.00824928 -0.00215149  1.00213051
13 4 49 749491 -0.00935173  0.00302315  0.99843216
13 4 49 820158 -0.01282883  0.0048027   0.99996948
13 4 49 822051 -0.01245689  0.00397682  0.99876404
13 4 49 823783 -0.01578903  0.00124741  1.00100517
13 4 49 825551 -0.01527786  0.00470352  0.99791527
13 4 49 843652 -0.0133934   0.00163651  0.99826813
13 4 49 845525 -0.0108223  -0.00181198  1.00044632
13 4 49 868155 -0.01120758  0.00520515  1.00440407
13 4 49 891554 -0.01337051  0.0013485   1.00029182
13 4 49 893501 -0.01328659  0.00120926  0.99958038
13 4 49 916072 -0.0132103   0.00105286  1.00189209
13 4 49 939482 -0.01182556  0.0062294   1.00479126
13 4 49 941545 -0.01491547  0.00507927  1.00094986
13 4 49 963802 -1.36795044e-02 -2.65121460e-04  9.99963760e-01
13 4 49 987346 -0.00969696  0.00237083  1.00008965
13 4 49 989245 -0.01037788  0.00377083  0.99751663
13 4 50 11715 -0.01325035  0.00242233  1.00085258
13 4 50 35293 -0.01099968 -0.00256157  1.00030899
13 4 50 37969 -0.01436424  0.00537491  1.00077438
13 4 50 59690 -0.01271248  0.00380325  1.00203323
13 4 50 83213 -0.01275444  0.00463104  0.99818039
13 4 50 85189 -0.01494789  0.00146294  1.00106239
13 4 50 107664 -0.01119804  0.00252914  0.99834061
13 4 50 130910 -0.01806831  0.00558853  0.99819374
13 4 50 133387 -0.01394463  0.00232315  0.99994278
13 4 50 155432 -0.01312447  0.00226402  1.00396347
13 4 50 179055 -1.22222900e-02  9.84191895e-04  1.00330734e+00
13 4 50 181303 -0.00773048  0.0066452   1.00345802
13 4 50 203463 -0.00779915  0.00539207  1.01151085
13 4 50 275810 -0.01197624  0.00415993  0.98538971
13 4 50 278080 -0.01753426 -0.00110245  1.00542831
13 4 50 280173 -0.01001167  0.00211525  0.99981689
13 4 50 282277 -0.00981522  0.00475311  0.99622917
13 4 50 284378 -0.01366425  0.00295448  0.99622536
13 4 50 300158 -1.72691345e-02  6.94274902e-04  1.00694084e+00
13 4 50 323642 -0.01860619  0.00455093  0.99961281
13 4 50 325713 -0.01522064  0.00233078  0.9967823 
13 4 50 348112 -0.01541519  0.00540543  0.99632072
13 4 50 372017 -0.01107025  0.00436211  1.00206184
13 4 50 374266 -1.02424622e-02 -7.51495361e-04  9.98756409e-01
13 4 50 396106 -6.07490540e-03  8.01086426e-05  9.96168137e-01
13 4 50 419514 -0.00998116 -0.00646973  0.99666786
13 4 50 421779 -0.01699066 -0.00271606  0.99685669
13 4 50 444089 -0.01497078  0.00184441  1.00481987
13 4 50 467482 -0.01312065  0.00230789  0.99695778
13 4 50 469855 -0.01198196  0.00216103  0.99549294
13 4 50 491629 -1.10931396e-02  8.85009766e-04  1.00278282e+00
13 4 50 515273 -0.01442909  0.00345802  1.00203133
13 4 50 517522 -0.01680183  0.00177574  1.0020771 
13 4 50 539851 -1.63326263e-02  7.47680664e-04  1.00572777e+00
13 4 50 563084 -0.01076508  0.00133133  1.00143433
13 4 50 565395 -0.01137924  0.00315475  1.000494  
13 4 50 587454 -1.38263702e-02  1.14440918e-04  1.00279617e+00
13 4 50 611019 -0.01073837 -0.00141907  1.00471687
13 4 50 613264 -1.21459961e-02 -9.97543335e-04  9.98645782e-01
13 4 50 635454 -1.16786957e-02 -6.61849976e-04  1.00274277e+00
13 4 50 707819 -0.00607109  0.00377655  1.00107765
13 4 50 710154 -0.01537323  0.00324631  0.99533653
13 4 50 712242 -0.01530457  0.00835037  0.99873352
13 4 50 714324 -0.01787758  0.0024395   1.00019264
13 4 50 716442 -1.54838562e-02  5.64575195e-04  1.00065994e+00
13 4 50 732270 -1.36661530e-02  1.52587891e-05  1.00044250e+00
13 4 50 755714 -0.00831604  0.00232506  0.9980545 
13 4 50 757974 -0.00854111  0.00700188  0.99673271
13 4 50 780201 -0.01217651  0.00929642  0.99937248
13 4 50 803603 -0.00992966  0.0050106   0.9994812 
13 4 50 805909 -0.01363754 -0.00147438  1.00043869
13 4 50 827812 -0.01483536  0.0026207   1.00099754
13 4 50 851412 -0.0151844   0.00304985  1.00087929
13 4 50 854717 -0.0161438   0.00279617  0.99670792
13 4 50 875943 -0.00938225  0.001091    1.00470734
13 4 50 899453 -0.01179504  0.0030365   1.00286865
13 4 50 901840 -0.01690102  0.00232124  0.99814415
13 4 50 923716 -0.01172256  0.00127792  1.00638008
13 4 50 947253 -0.01183891  0.00144386  0.99702835
13 4 50 949500 -0.01303864  0.0050602   1.00424576
13 4 50 971748 -1.32179260e-02  1.60217285e-04  9.97989655e-01
13 4 50 995156 -0.00872803  0.00318718  1.00401878
13 4 50 997212 -0.01651955  0.00352669  1.00367165
13 4 51 19652 -0.01014709  0.00543785  1.00312805
13 4 51 42975 -0.01629639 -0.00111771  0.99830437
13 4 51 45189 -0.0139389   0.00346565  1.00108528
13 4 51 67502 -1.63288116e-02  9.15527344e-04  9.97432709e-01
13 4 51 90864 -0.00913429  0.00558472  0.99766541
13 4 51 92772 -1.06735229e-02  3.31878662e-04  1.00088310e+00
13 4 51 115452 -0.01102829  0.00340462  0.99868774
13 4 51 187843 -0.01103592  0.00816727  0.99770546
13 4 51 190138 -0.01512146  0.00303459  0.9971714 
13 4 51 192245 -0.01110649  0.00277519  1.00112915
13 4 51 194326 -0.01425743  0.00130463  0.99851418
13 4 51 196400 -0.01053619 -0.00280571  0.99967957
13 4 51 212185 -0.01243591 -0.00111389  1.00779533
13 4 51 235736 -0.00824356  0.00447464  1.0108242 
13 4 51 238001 -0.01180649  0.00582886  1.00027847
