11 20 57 570222 -0.07158661 -0.04613876  1.09207344
11 20 57 580450 -0.0149231   0.08068657  1.01664925
11 20 57 592390 -0.04084969 -0.04454231  0.92280388
11 20 57 615545 -0.08629036 -0.20442009  0.95119858
11 20 57 645711 -0.08827782 -0.17396736  1.07833672
11 20 57 695447 -0.05308342 -0.00453949  1.07535744
11 20 57 743895 -0.04266167 -0.01760864  0.96267128
11 20 57 795459 -0.07842445 -0.07663345  0.86206245
11 20 57 844338 -0.08820724 -0.13303566  0.99048615
11 20 57 895971 -0.1000309  -0.07234573  1.08213997
11 20 57 945358 -0.01588058  0.09024239  1.0698967 
11 20 57 991929 -0.00636673  0.03708649  0.93640137
11 20 58 50640 -0.07696152 -0.21396065  0.89463043
11 20 58 92567 -0.09854126 -0.23417854  1.04832649
11 20 58 144018 -0.05858421 -0.03189087  1.08866882
11 20 58 194027 -0.00767899  0.01453209  1.01540375
11 20 58 244652 -0.08566475 -0.08125496  0.82860947
11 20 58 293812 -0.09745216 -0.12625313  0.9861908 
11 20 58 343043 -0.10067368 -0.07902908  1.09667206
11 20 58 394954 -0.02248383  0.06303024  1.07459259
11 20 58 445112 -0.008358    0.03739738  0.96389961
11 20 58 495688 -0.07253265 -0.18543816  0.87044907
11 20 58 548618 -0.10774803 -0.21400642  1.03492546
11 20 58 591565 -0.07040596 -0.04249954  1.0868454 
11 20 58 642911 -0.00617027  0.01716805  1.03924179
11 20 58 692787 -0.08772659 -0.0723629   0.85384369
11 20 58 744186 -0.11259651 -0.1078186   0.96835899
11 20 58 793293 -0.10492325 -0.06716728  1.0989666 
11 20 58 844652 -0.01979446  0.06961441  1.06892967
11 20 58 894131 -0.00699425 -0.03120613  0.95324898
11 20 58 943561 -0.08182144 -0.18808174  0.85492516
11 20 58 994507 -0.09558105 -0.15610504  1.05260849
11 20 59 47077 -0.06620216 -0.03539085  1.08915138
11 20 59 95821 -0.01991844 -0.01659584  1.01862907
11 20 59 144436 -0.06962585 -0.08102417  0.86079407
11 20 59 192863 -0.11366653 -0.09833908  0.95247078
11 20 59 243867 -0.08956146 -0.05485344  1.08774567
11 20 59 292651 -0.01408768  0.05852699  1.06705666
11 20 59 344422 -0.0138092  -0.03275871  0.94896698
11 20 59 394410 -0.08839798 -0.19147682  0.88131905
11 20 59 445484 -0.09944534 -0.1631794   1.04838562
11 20 59 494763 -0.06263161 -0.02588844  1.09430313
11 20 59 543854 -0.02191925 -0.02457809  1.01438141
11 20 59 595474 -0.06575966 -0.08058739  0.86921501
11 20 59 644978 -0.12409592 -0.11519814  0.95113182
11 20 59 695714 -0.08340073 -0.02661324  1.08421898
11 20 59 744887 -0.00164604  0.07452202  1.05604935
11 20 59 791550 -0.01425171 -0.06743431  0.93151283
11 20 59 843200 -0.08607674 -0.22473526  0.89880562
11 20 59 892506 -0.09430313 -0.13355446  1.05086327
11 20 59 944223 -0.04846382 -0.00535393  1.08138275
11 20 59 993657 -0.01236916 -0.04387093  0.96476936
11 21 0 56988 -0.06750298 -0.1090126   0.87716866
11 21 0 91159 -0.11254692 -0.09706497  0.97883034
11 21 0 143109 -8.51802826e-02  7.30514526e-04  1.08859444e+00
11 21 0 195557 -0.01168823  0.01418877  1.01624298
11 21 0 243951 -0.04509735 -0.10046577  0.92252159
11 21 0 295876 -0.07537079 -0.14096642  0.96355438
11 21 0 345576 -0.07988358 -0.09717178  1.05728149
11 21 0 391925 -0.04936409 -0.04961205  1.05185509
11 21 0 443504 -0.03659439 -0.04713821  0.95530319
11 21 0 492607 -0.06744766 -0.07103539  0.91076469
11 21 0 544164 -0.10667229 -0.10975838  0.9857502 
11 21 0 593291 -0.0738678  -0.04039764  1.0633049 
11 21 0 645148 -0.01613617  0.10028648  1.02851486
11 21 0 695208 -0.02860832 -0.04104996  0.93702507
11 21 0 743394 -0.08866119 -0.23959351  0.92349625
11 21 0 795016 -0.09971809 -0.16781616  1.05267715
11 21 0 844234 -0.05024529  0.00493813  1.07180023
11 21 0 896540 -0.02353287 -0.03004646  0.96123314
11 21 0 945494 -0.07010651 -0.11437035  0.85441399
11 21 0 991640 -0.10267067 -0.12125015  0.97469711
11 21 1 50497 -0.09357452 -0.02095413  1.08999252
11 21 1 95380 -0.01106834  0.08683968  1.0489769 
11 21 1 146279 -0.0250988  -0.02989578  0.91180229
11 21 1 193468 -0.08498764 -0.227911    0.92095757
11 21 1 244800 -0.0924778  -0.16662025  1.07056427
11 21 1 294162 -0.04642487 -0.01007843  1.06210136
11 21 1 344083 -0.02854347 -0.02830696  0.96528625
11 21 1 394830 -0.08185005 -0.08626175  0.86364174
11 21 1 444438 -0.10228157 -0.12557793  0.97626305
11 21 1 495821 -0.09158707 -0.03812218  1.08820534
11 21 1 544586 -0.01034355  0.0666008   1.04268456
11 21 1 591705 -0.03603554 -0.05565071  0.9103775 
11 21 1 643730 -0.08661842 -0.18791771  0.94435501
11 21 1 698807 -0.08823776 -0.13930702  1.08485222
11 21 1 743938 -0.05244255 -0.0162735   1.06890106
11 21 1 793244 -0.02939796 -0.02929306  0.94827652
11 21 1 844794 -0.08040047 -0.08427238  0.86973   
11 21 1 894046 -0.09705544 -0.10950851  0.97523499
11 21 1 943550 -0.08470917 -0.04174042  1.08988571
11 21 1 994951 -0.00655746  0.09525299  1.05778694
11 21 2 46965 -0.03491974 -0.03179741  0.92388344
11 21 2 98164 -0.08882713 -0.23968887  0.89257622
11 21 2 146767 -0.091362   -0.1739006   1.06479073
11 21 2 191979 -0.03562164  0.00369263  1.08609962
11 21 2 245331 -0.01978111 -0.02070808  1.00054169
11 21 2 294394 -0.0716629  -0.12922287  0.82481194
11 21 2 343984 -0.12423706 -0.11503601  0.95698929
11 21 2 394287 -0.08187675 -0.00262833  1.10375977
11 21 2 446695 -0.00259972  0.03806305  1.04393005
11 21 2 495433 -0.04174423 -0.09940147  0.90222931
11 21 2 543439 -0.07778931 -0.16492844  0.92441177
11 21 2 594913 -0.0816288  -0.09751511  1.07382011
11 21 2 644056 -0.03547859 -0.03410912  1.08737755
11 21 2 695690 -0.03359413 -0.05739403  0.96017838
11 21 2 744844 -0.07713509 -0.07420349  0.88510132
11 21 2 791594 -0.10650826 -0.09008789  0.99078178
11 21 2 843088 -0.0777092  -0.04826546  1.08327675
11 21 2 893058 -0.02613258  0.03236198  1.03748894
11 21 2 944061 -0.04135132 -0.06960106  0.93976402
11 21 2 993901 -0.07970238 -0.15111732  0.92752266
11 21 3 55883 -0.08332062 -0.13580322  1.05098343
11 21 3 90705 -0.04863739 -0.03758621  1.06979561
11 21 3 143704 -0.03831291 -0.02923393  0.9746418 
11 21 3 194262 -0.06851578 -0.06374168  0.90450096
11 21 3 243055 -0.09577751 -0.10225105  0.96885109
11 21 3 295718 -0.10050964 -0.0926342   1.0575428 
11 21 3 345142 -0.01635361  0.10012436  1.06480026
11 21 3 391766 0.00405312 0.07538986 0.97411156
11 21 3 443135 -0.07866478 -0.22860718  0.8909893 
11 21 3 492616 -0.11293602 -0.26544762  1.00581932
11 21 3 544081 -0.07789803 -0.03150177  1.09786606
11 21 3 594083 -0.00638008  0.03128624  1.04126167
11 21 3 645223 -0.08797073 -0.11704254  0.83389282
11 21 3 694552 -0.10137749 -0.14149857  0.94311905
11 21 3 743397 -0.09841728 -0.0662117   1.09838867
11 21 3 795149 -0.03326035  0.06224823  1.07836151
11 21 3 845146 -0.06783295 -0.16092491  0.90375328
11 21 3 895904 -0.09692574 -0.19351768  1.0526371 
11 21 3 944936  0.12477875  4.99975967 -3.99577904
11 21 3 991693 -0.01866341 -0.00277328  1.00818253
11 21 4 51118 -0.05782127 -0.05452919  0.87479019
11 21 4 93406  -0.10148621  -0.10300827 -13.50002861
11 21 4 145687  0.07557297 -0.19504738  0.90765572
11 21 4 194112 -0.00938606  0.09558487  1.05334091
11 21 4 245527 -0.0842247  -0.00716019  1.05973434
11 21 4 294692  0.04878807 -0.32431412  0.76759338
11 21 4 343186 0.08193588 0.03178787 0.99434662
11 21 4 395891 -0.09940529  0.10469818  1.04186058
11 21 4 447056 -0.02038002 -0.28026199  0.9173851 
11 21 4 496672  0.09859848 -0.05875587  1.04827499
11 21 4 545103 -0.07741928  0.12770844  1.12044716
11 21 4 592131 -0.02049637 -0.14743042  1.04468727
11 21 4 643293  0.05935097 -0.21298981  0.83252335
11 21 4 692485 0.02857971 0.07173538 1.00846863
11 21 4 744624 -0.07697105 -0.01911354  1.06605339
11 21 4 796857  0.03219414 -0.31173134  0.79659653
11 21 4 844693 0.09477043 0.03452682 0.99869728
11 21 4 896353 -0.09357834  0.09226036  1.06268311
11 21 4 942999 -0.05016327 -0.28049469  0.91727829
11 21 4 994845  0.09842682 -0.02652359  1.08023071
11 21 5 47170 -0.07961464  0.13982964  1.11580849
11 21 5 95926 -0.03549576 -0.17000771  1.06905556
11 21 5 147448  0.07382584 -0.1951046   0.85918999
11 21 5 191989 0.03403473 0.08632278 1.01749229
11 21 5 242724 -0.08221817 -0.02368927  1.05344391
11 21 5 294609  0.01499176 -0.2824192   0.79750252
11 21 5 344682 0.0623951  0.0414238  0.99760437
11 21 5 394076 -0.08720398  0.07584953  1.03678513
11 21 5 445092 -0.04633522 -0.30854797  0.87783623
11 21 5 494975  0.07298279 -0.03092384  1.07794762
11 21 5 543773 -0.07285881  0.15626335  1.14173317
11 21 5 595463 -0.03519058 -0.18392754  1.06333923
11 21 5 644096  0.11156464 -0.1505928   0.91349411
11 21 5 695678 0.0202446  0.08282661 1.01575661
11 21 5 745073 -0.0594902  -0.06105614  1.02975845
11 21 5 792798  0.01091766 -0.29833984  0.79786301
11 21 5 843163 0.05915833 0.07062721 0.96462822
11 21 5 892876 -0.06331062  0.05570412  1.0433197 
11 21 5 944916 -0.02670288 -0.34401321  0.8629303 
11 21 5 993978 0.07812881 0.04048157 1.06824493
11 21 6 58739 -0.08507538  0.14325905  1.15329361
11 21 6 91569 -0.04986191 -0.23268318  1.00744438
11 21 6 143551  0.14842606 -0.07524109  1.04389381
11 21 6 196063 -0.0524559   0.10687637  1.01938438
11 21 6 244090 -0.04490471 -0.13495064  1.06533813
11 21 6 295352  0.03874207 -0.25587082  0.84228897
11 21 6 344625 0.054842   0.10439491 0.93172646
11 21 6 391609 -0.0627327  -0.02226257  1.07357597
11 21 6 443356 -0.02370644 -0.32789803  0.79358864
11 21 6 495444 0.10621834 0.04070091 1.04512596
11 21 6 544160 -0.08060837  0.11054611  1.06901169
11 21 6 594428 -0.06545258 -0.30233574  0.89586258
11 21 6 644948 0.12823486 0.01532173 1.12315369
11 21 6 694610 -0.07771111  0.12944794  1.0715065 
11 21 6 743798 -0.05584335 -0.20741272  1.05278778
11 21 6 795596  0.10098457 -0.16031075  0.89947128
11 21 6 844291 0.0356617  0.08847618 0.99610519
11 21 6 897794 -0.03972244 -0.02826309  1.0416584 
11 21 6 946815 -0.02475357 -0.33265495  0.7696743 
11 21 6 992636 0.06766891 0.06018639 0.99985313
11 21 7 50384 -0.06431389  0.07677269  1.06468964
11 21 7 92396 -0.01705742 -0.35210991  0.86496925
11 21 7 145340 0.06876183 0.04414177 1.07058334
11 21 7 195692 -0.09119415  0.09080315  1.0905838 
11 21 7 247505 -0.04187775 -0.24452972  1.00484848
11 21 7 294668  0.17523956 -0.05406952  1.08811188
11 21 7 345175 -0.08196449  0.09907722  1.02858925
11 21 7 395174 -0.04160881 -0.14879036  1.08429718
11 21 7 445067  0.03991508 -0.20123291  0.81748199
11 21 7 495931 0.04214096 0.14327621 1.0512104 
11 21 7 546108 -0.03431129 -0.01368141  1.06647491
11 21 7 591891 -0.04187202 -0.31466103  0.76817322
11 21 7 643314 0.0637455  0.07430267 1.08106613
11 21 7 693079 -0.08079147  0.08847237  1.01415062
11 21 7 744951 -0.0201149  -0.35172653  0.88839722
11 21 7 793724 0.08024025 0.03362083 1.08532143
11 21 7 884093 -0.07633781  0.06780624  1.09003258
11 21 7 895265 -0.04080963 -0.2409153   1.05453491
11 21 7 943608  0.17154694 -0.03329849  1.02314758
11 21 7 994736 -0.06961632  0.09809685  1.02762222
11 21 8 49047 -0.01848221 -0.15433693  1.07202339
11 21 8 96825  0.04060364 -0.1943531   0.81014824
11 21 8 144273 0.04685211 0.14770508 1.03204918
11 21 8 194148 -0.057621   -0.05815697  1.01935005
11 21 8 249490 -0.04797173 -0.30106544  0.77874184
11 21 8 292759 0.04913521 0.1066494  1.07544327
11 21 8 344763 -0.06677628 -0.00720978  0.98968506
11 21 8 392809 -0.02820396 -0.33654785  0.87406349
11 21 8 444799 0.06537628 0.09321594 1.04709816
11 21 8 494648 -0.09584427  0.05539513  1.10289001
11 21 8 543959 -0.04867554 -0.27924919  1.00286293
11 21 8 594244  0.16645813 -0.02545166  1.09676361
11 21 8 643924 -0.08027267  0.09476471  1.10637093
11 21 8 695511 -0.03028297 -0.19585228  1.03590584
11 21 8 744147  0.05306816 -0.13824654  0.86542892
11 21 8 792621 0.03984451 0.13368416 1.06617546
11 21 8 842938 -0.04516602 -0.0913887   1.00111961
11 21 8 895502 -0.03063965 -0.2821846   0.77517509
11 21 8 944998 0.03338242 0.129776   1.02539253
11 21 8 993858 -0.06509018 -0.00744057  1.02405548
11 21 9 53791 -0.00271416 -0.33677483  0.86250114
11 21 9 90685 0.0573349  0.08850861 1.06390381
11 21 9 143912 -0.10902214  0.0091095   1.10616302
11 21 9 194440 -0.02837753 -0.30246544  0.94189644
11 21 9 245612 0.15383911 0.02573967 1.06563759
11 21 9 325657 -0.08751678  0.10343742  1.12759781
11 21 9 348424 -0.00582504 -0.23287392  1.04698944
11 21 9 392294  0.09463882 -0.06286812  0.93477058
11 21 9 443871 -0.00808907  0.13007164  1.06520653
11 21 9 493734 -0.04550743 -0.17042732  0.99961853
11 21 9 544936  0.00285339 -0.23373222  0.82335091
11 21 9 593197 0.04605865 0.15520859 0.9797287 
11 21 9 644555 -0.08309364 -0.07994652  1.04801941
11 21 9 693712 -0.03202248 -0.27832413  0.82582092
11 21 9 742954 0.05481148 0.12280273 1.03706741
11 21 9 794835 -0.07810211  0.00309944  1.04725647
11 21 9 843656 -0.01400948 -0.34216118  0.86633492
11 21 9 896448 0.0724926  0.07143021 1.01495934
11 21 9 946306 -0.05290985 -0.27553177  1.01216125
11 21 9 991783  0.14309311 -0.03815842  1.08379555
11 21 10 52844  0.1248188  -9.24944305 10.75427246
11 21 10 92261 -0.01686478 -0.217453    1.03013229
11 21 10 143575  0.03544235 -0.1397419   0.92134857
11 21 10 195990   0.01746368   0.13087845 -13.6248703 
11 21 10 249185 -0.09501839  0.01498604  1.0919075 
11 21 10 295017 -0.05278397 -0.33981514  0.92806625
11 21 10 343768 0.07097244 0.05473518 1.02716827
11 21 10 395968 -0.09113312  0.07150841  1.07794189
11 21 10 443951 -0.09336853 -0.31007385  0.99726105
11 21 10 496595 0.11676216 0.01819992 1.08030128
11 21 10 545018 -0.08151817  0.13547897  1.07535553
11 21 10 593015 -0.07941628 -0.2557888   1.0345993 
11 21 10 644832  0.10425568 -0.07028961  1.03338242
11 21 10 696058 -0.03469086  0.14484215  1.02939224
11 21 10 744158 -0.04654694 -0.18254662  1.05052185
11 21 10 793617  0.04708481 -0.16323662  0.91155624
11 21 10 846236 6.35147095e-04 1.69841766e-01 1.00290871e+00
11 21 10 899276 -0.10684013 -0.12569237  1.08746147
11 21 10 942525  0.00255585 -0.20778084  0.87378883
11 21 10 994701 0.01320076 0.19189262 1.07835579
11 21 11 47217 -0.10290527 -0.05823708  1.03246498
11 21 11 96366 -0.06151199 -0.32414436  0.83547592
11 21 11 143902 0.001894   0.10307503 0.98060608
11 21 11 190899 -0.0910244  -0.00169182  0.99442863
11 21 11 242855 -0.04859352 -0.36194992  0.88940239
11 21 11 292866 0.03281403 0.09073639 0.99665833
11 21 11 344161 -0.12226295  0.04003525  1.11944008
11 21 11 394201 -0.06318092 -0.33173943  0.95138168
11 21 11 444717 0.089674   0.04223442 1.01094246
11 21 11 495307 -0.08461571  0.12528229  1.09271812
11 21 11 543843 -0.09552002 -0.26365852  1.01629257
11 21 11 596900  0.10957718 -0.02408218  1.06576729
11 21 11 643372 -0.05239296  0.14060402  1.06838226
11 21 11 695697 -0.05125999 -0.19000435  1.05002213
11 21 11 744100  0.03645515 -0.16832161  0.87719917
11 21 11 791034 0.00569534 0.17719841 1.01103973
11 21 11 842954 -0.10113907 -0.12183952  1.0520916 
11 21 11 894123 -0.0104599  -0.21474075  0.85038376
11 21 11 944328 -0.00489998  0.15961647  0.99855232
11 21 11 994200 -0.08426094 -0.05492401  1.00183678
11 21 12 55634 -0.0712719  -0.34073067  0.87397766
11 21 12 91500 0.0127182  0.10521126 0.99967384
11 21 12 143900 -0.08990288  0.00517464  1.02324867
11 21 12 194999 -0.04604721 -0.3638649   0.86155891
11 21 12 243531 0.03030586 0.08093262 0.97531319
11 21 12 295336 -0.09921265  0.05319214  1.08991432
11 21 12 344573 -0.06572151 -0.34075928  0.92516899
11 21 12 390941 0.08970451 0.05271149 1.05262375
11 21 12 442983 -0.09462547  0.12714386  1.08617973
11 21 12 493036 -0.10445786 -0.28431702  1.02921677
11 21 12 544334 0.10986137 0.0196743  1.09968185
11 21 12 593729 -0.07886124  0.13389587  1.06522942
11 21 12 644478 -0.08365059 -0.23399162  1.08075523
11 21 12 693730  0.08507156 -0.09377861  0.99847984
11 21 12 742880 0.00242805 0.16754723 1.03428268
11 21 12 794476 -0.07639885 -0.17061996  1.05119133
11 21 12 845864  0.04210281 -0.22582245  0.8833847 
11 21 12 895873 0.01622009 0.17632103 0.9975853 
11 21 12 944464 -0.0931015  -0.09654045  1.01057816
11 21 12 992092 -0.05898857 -0.28334236  0.82852364
11 21 13 54098 -0.01536179  0.12381172  0.98646164
11 21 13 92509 -0.08630371 -0.05516243  0.99441147
11 21 13 153750 -0.04321671 -0.33010864  0.83738708
11 21 13 214406 0.0148468  0.11512947 0.98515892
11 21 13 255297 -0.11920357 -0.02482986  1.00650787
11 21 13 293870 -0.06548691 -0.37215614  0.8591671 
11 21 13 342532 0.03313255 0.07120895 0.99014664
11 21 13 396315 -0.12019157  0.0597744   1.079319  
