11 20 57 570222 0.00290871 0.00033474 0.00577784
11 20 57 580450 0.00722361 0.00830317 0.00259972
11 20 57 592390 -0.00857258  0.00438643 -0.00615835
11 20 57 615545 -0.0120945  -0.01096487 -0.00383091
11 20 57 645711  0.00944424 -0.01059818  0.00606728
11 20 57 695447 0.01989698 0.00483131 0.00566101
11 20 57 743895 0.00930929 0.01711273 0.00149202
11 20 57 795459 -0.00498867 -0.00249481  0.00079155
11 20 57 844338 -0.00270748 -0.01317596  0.00332022
11 20 57 895971  0.00322676 -0.00446939  0.00583601
11 20 57 945358 0.01021004 0.0084281  0.00409174
11 20 57 991929 -1.57356262e-05  9.63306427e-03 -4.92477417e-03
11 20 58 50640 -0.01557493 -0.00995827 -0.00624371
11 20 58 92567  0.00056124 -0.01683235  0.00549793
11 20 58 144018  0.01830673 -0.00259066  0.00942183
11 20 58 194027 0.01410246 0.01963377 0.00184631
11 20 58 244652 -0.00589895  0.00595617  0.00248241
11 20 58 293812 -0.00351143 -0.01645565  0.00394106
11 20 58 343043  0.00143576 -0.00930643  0.00683451
11 20 58 394954 0.00821257 0.0058198  0.00491667
11 20 58 445112  0.0048666   0.01396084 -0.00233316
11 20 58 495688 -0.01297617 -0.00747299 -0.00469923
11 20 58 548618 -0.00041485 -0.01714802  0.0041976 
11 20 58 591565  0.01783419 -0.00619316  0.00838375
11 20 58 642911 0.01469231 0.01560593 0.00227737
11 20 58 692787 -0.00358438  0.00974798  0.00231361
11 20 58 744186 -0.00294924 -0.01489592  0.00374746
11 20 58 793293  0.00396585 -0.01058912  0.00566673
11 20 58 844652 0.00787735 0.00312328 0.00311899
11 20 58 894131 -0.00089598  0.01290274 -0.00218296
11 20 58 943561 -0.01150227 -0.00656748 -0.00138283
11 20 58 994507  0.00385618 -0.01566887  0.00510311
11 20 59 47077  0.0156641  -0.00356913  0.00473738
11 20 59 95821 0.01100254 0.01378727 0.00280857
11 20 59 144436 -0.0016036   0.00789785  0.00356579
11 20 59 192863 -0.00141001 -0.01128531  0.00440073
11 20 59 243867  0.00263929 -0.00924969  0.00399542
11 20 59 292651 0.00805712 0.00302887 0.00262737
11 20 59 344422 -0.00195122  0.01018381 -0.00302601
11 20 59 394410 -0.0122261  -0.00619221 -0.00112057
11 20 59 445484  0.0051446  -0.01398945  0.00613832
11 20 59 494763  0.01773643 -0.00227261  0.00576687
11 20 59 543854 0.00854969 0.01311016 0.00182629
11 20 59 595474 -0.00394678  0.00550032  0.00450134
11 20 59 644978 -0.0010066  -0.0101347   0.00577211
11 20 59 695714  0.00402975 -0.00664663  0.00546265
11 20 59 744887 0.00671148 0.00383997 0.00115299
11 20 59 791550 -0.00575256  0.00821495 -0.00333738
11 20 59 843200 -0.01058531 -0.00675488  0.00014067
11 20 59 892506  0.01041079 -0.01027393  0.00776672
11 20 59 944223 0.02011108 0.00282574 0.00462055
11 20 59 993657 0.0062356  0.01298475 0.00115108
11 21 0 56988 -0.00356197  0.00117111  0.00468063
11 21 0 91159  0.00081253 -0.0083127   0.00671148
11 21 0 143109  0.00533628 -0.00357246  0.00555372
11 21 0 195557 0.00133657 0.00670338 0.0010457 
11 21 0 243951 -7.93886185e-03  3.38029861e-03 -7.20024109e-05
11 21 0 295876 -0.0034523  -0.00668812  0.00354719
11 21 0 345576  0.00999641 -0.00423098  0.00425529
11 21 0 391925 0.01199245 0.00483084 0.00415468
11 21 0 443504 0.00415945 0.008811   0.00375605
11 21 0 492607 -0.00130367  0.00108433  0.00416803
11 21 0 544164 -0.00374651 -0.00543404  0.00327682
11 21 0 593291  4.44602966e-03 -5.96046448e-05  6.57081604e-03
11 21 0 645148 0.00805998 0.00669432 0.00339127
11 21 0 695208 -0.00806904  0.00630617 -0.00587225
11 21 0 743394 -0.01382113 -0.00675297 -0.00216007
11 21 0 795016  0.01031494 -0.0089674   0.00964403
11 21 0 844234 0.02155685 0.00632477 0.00604963
11 21 0 896540 0.00716209 0.01707506 0.00136089
11 21 0 945494 -0.00676632 -0.00110817  0.00364304
11 21 0 991640 -0.00043249 -0.0093627   0.00747967
11 21 1 50497  0.00391626 -0.00103378  0.00747776
11 21 1 95380 0.0065732  0.00996447 0.00352335
11 21 1 146279 -0.00735617  0.00809002 -0.00369883
11 21 1 193468 -0.01458311 -0.00885725 -0.00167704
11 21 1 244800  0.00595188 -0.01002121  0.00879049
11 21 1 294162 0.0178647  0.00490379 0.00791979
11 21 1 344083 0.00587749 0.01794195 0.00297308
11 21 1 394830 -0.00835943 -0.00018597  0.00412655
11 21 1 444438 -0.00418425 -0.01176262  0.0066309 
11 21 1 495821  0.00199842 -0.00185204  0.00774431
11 21 1 544586 0.00490999 0.01045418 0.00417042
11 21 1 591705 -0.00768042  0.00742435 -0.00212145
11 21 1 643730 -0.01264668 -0.01002645  0.00045156
11 21 1 698807  0.00566959 -0.00931931  0.00739384
11 21 1 743938 0.01514816 0.00464964 0.00628424
11 21 1 793244 0.00453329 0.01430798 0.00379324
11 21 1 844794 -6.86597824e-03 -6.15119934e-05  4.64868546e-03
11 21 1 894046 -0.00645638 -0.01059818  0.00450039
11 21 1 943550 -0.00026512 -0.00305653  0.00651598
11 21 1 994951 0.00567722 0.00809193 0.00420856
11 21 2 46965 -0.00944328  0.00865555 -0.00418425
11 21 2 98164 -0.02018166 -0.00991678 -0.00172377
11 21 2 146767  0.00257826 -0.01489973  0.00941181
11 21 2 191979 0.01630116 0.00077152 0.00725412
11 21 2 245331 0.00403357 0.01973486 0.00192547
11 21 2 294394 -0.01170826  0.00220728  0.00527763
11 21 2 343984 -0.00533628 -0.01469612  0.00798273
11 21 2 394287  0.00013971 -0.00756264  0.00776434
11 21 2 446695 -0.00175524  0.00727892  0.00266504
11 21 2 495433 -0.01283503  0.00817919  0.00075245
11 21 2 543439 -0.0105195  -0.0106144   0.00412035
11 21 2 594913  0.00385141 -0.01208067  0.00596333
11 21 2 644056 0.00679207 0.00176382 0.00510406
11 21 2 695690 -0.00095701  0.01091766  0.0062623 
11 21 2 744844 -7.45964050e-03  7.10487366e-05  6.78968430e-03
11 21 2 791594 -0.0098033  -0.01209068  0.00538445
11 21 2 843088 -0.00408697 -0.0055604   0.00694036
11 21 2 893058 -0.00177574  0.00436735  0.0050087 
11 21 2 944061 -0.01251507  0.00433111  0.001019  
11 21 2 993901 -0.0120101 -0.0093317  0.0023675
11 21 3 55883  0.00333643 -0.00963449  0.00660419
11 21 3 90705 0.00802231 0.0018034  0.00687408
11 21 3 143704 -0.00039053  0.00865984  0.00630617
11 21 3 194262 -0.00696039 -0.00114536  0.0052619 
11 21 3 243055 -0.01015091 -0.00957251  0.00534344
11 21 3 295718 -0.00497055 -0.00442266  0.0087142 
11 21 3 345142 0.00256252 0.00260401 0.00811291
11 21 3 391766 -0.00703478  0.00628662 -0.00325155
11 21 3 443135 -0.02481127 -0.00715733 -0.00593472
11 21 3 492616 -0.00738907 -0.01638937  0.00813866
11 21 3 544081  0.01439953 -0.00411892  0.01348877
11 21 3 594083 0.0078063  0.01713943 0.0040679 
11 21 3 645223 -0.01495552  0.00513601  0.00356531
11 21 3 694552 -0.00968218 -0.01664877  0.00841188
11 21 3 743397 -0.00237226 -0.00879478  0.01161623
11 21 3 795149 0.00034285 0.00573778 0.00800705
11 21 3 845146 -0.01756811 -0.00836182 -0.00013542
11 21 3 895904 -0.00599003 -0.01447678  0.00686121
11 21 3 944936  0.00931501  0.03124189 -3.12495899
11 21 3 991693 0.00520611 0.01373863 0.00687265
11 21 4 51118 -0.01074028  0.0037241   0.00527859
11 21 4 93406 -0.01058578 -0.01353073  0.00534534
11 21 4 145687 -0.01730824 -0.01956749  0.01204777
11 21 4 194112  0.0201025 -0.0116744  0.0418005
11 21 4 245527 0.01268482 0.0193181  0.00684643
11 21 4 294692 -0.02486038 -0.01511478 -0.00460958
11 21 4 343186  0.00196648 -0.02750111  0.03800726
11 21 4 395891 0.01882172 0.01357412 0.02667665
11 21 4 447056 -0.01197577  0.00673628 -0.01182795
11 21 4 496672 -0.00713015 -0.03052664  0.02386618
11 21 4 545103  0.02201128 -0.00022268  0.03848791
11 21 4 592131  0.00133562  0.02028799 -0.00496101
11 21 4 643293 -0.02137232 -0.02331448  0.00684261
11 21 4 692485  0.01309586 -0.01765347  0.04199886
11 21 4 744624 0.01250648 0.02116203 0.01087809
11 21 4 796857 -0.02128696 -0.0107131  -0.00484037
11 21 4 844693  0.00477839 -0.02823877  0.03529024
11 21 4 896353 0.02032757 0.01700926 0.02596283
11 21 4 942999 -0.01251316  0.00793886 -0.00942659
11 21 4 994845 -0.00841045 -0.03197002  0.02273083
11 21 5 47170 0.01987314 0.00057077 0.03750992
11 21 5 95926  0.0001812   0.02005911 -0.00558043
11 21 5 147448 -0.02077436 -0.02294922  0.00942898
11 21 5 191989  0.01395655 -0.0155344   0.04174566
11 21 5 242724 0.01199055 0.02151585 0.00850487
11 21 5 294609 -0.0208745  -0.01042747 -0.00310707
11 21 5 344682  0.00585222 -0.02446413  0.03673887
11 21 5 394076 0.01842403 0.01840019 0.02502775
11 21 5 445092 -0.0148592   0.00346899 -0.00890398
11 21 5 494975 -0.00546885 -0.03252983  0.02652979
11 21 5 543773 0.01735735 0.0047617  0.03785229
11 21 5 595463 -0.00287628  0.0209589  -0.00643253
11 21 5 644096 -0.01628923 -0.02476025  0.01160336
11 21 5 695678  0.01479959 -0.01078367  0.04146719
11 21 5 745073 0.00682831 0.023386   0.00592089
11 21 5 792798 -2.52943039e-02 -1.61285400e-02 -4.48226929e-05
11 21 5 843163  0.00736189 -0.02715206  0.03780985
11 21 5 892876 0.01567793 0.02054882 0.02130556
11 21 5 944916 -0.01884508  0.00437212 -0.00864124
11 21 5 993978 -0.0011363  -0.02998066  0.02910948
11 21 6 58739 0.01847649 0.00995111 0.03344202
11 21 6 91569 -0.00926971  0.01504946 -0.00946331
11 21 6 143551 -0.01571369 -0.02940464  0.01776123
11 21 6 196063  0.01358032 -0.00644541  0.0396719 
11 21 6 244090  0.00339603  0.02072668 -0.00133371
11 21 6 295352 -0.02177858 -0.0184145   0.0046072 
11 21 6 344625  0.01090765 -0.01795101  0.03905249
11 21 6 391609 0.0121026  0.023067   0.01307392
11 21 6 443356 -0.0244441  -0.00926399 -0.00499105
11 21 6 495444  0.00184298 -0.03156281  0.03461647
11 21 6 544160 0.01451445 0.01786327 0.02752829
11 21 6 594428 -0.01524401  0.01009607 -0.01047325
11 21 6 644948 -0.00545454 -0.03166151  0.02404928
11 21 6 694610 0.01622486 0.00436783 0.03620815
11 21 6 743798 -0.00405741  0.01820374 -0.00574112
11 21 6 795596 -0.02105331 -0.02689028  0.01099682
11 21 6 844291  0.01409006 -0.01413298  0.04083395
11 21 6 897794 0.00699759 0.02423096 0.00624847
11 21 6 946815 -0.02909565 -0.01174784 -0.00336409
11 21 6 992636  0.0097208  -0.02677536  0.03842926
11 21 7 50384 0.01403332 0.02090502 0.02319765
11 21 7 92396 -0.02234697  0.0024333  -0.0085268 
11 21 7 145340 -0.00395489 -0.0324645   0.02913809
11 21 7 195692 0.01472282 0.01067162 0.03348303
11 21 7 247505 -0.01159096  0.01251364 -0.008255  
11 21 7 294668 -0.0145731  -0.02900219  0.01788473
11 21 7 345175  0.01274395 -0.00295782  0.039289  
11 21 7 395174 -0.00291252  0.02120781  0.00048828
11 21 7 445067 -0.02615309 -0.02651501  0.00715733
11 21 7 495931  0.01202059 -0.01830578  0.03887033
11 21 7 546108 0.00438261 0.02746296 0.00997496
11 21 7 591891 -0.0282011  -0.0108428  -0.00457144
11 21 7 643314  0.00917149 -0.02827168  0.03605556
11 21 7 693079 0.01052284 0.02098608 0.02225161
11 21 7 744951 -0.02400875  0.00216961 -0.00970125
11 21 7 793724 -0.00469971 -0.03698349  0.02854395
11 21 7 884093 0.01134062 0.00982809 0.03455353
11 21 7 895265 -0.01357365  0.01529837 -0.00593662
11 21 7 943608 -0.01439142 -0.03111315  0.01697779
11 21 7 994736  0.01631355 -0.00361776  0.03884506
11 21 8 49047 -0.00525522  0.0229826  -0.00011683
11 21 8 96825 -0.02528477 -0.02931881  0.00831795
11 21 8 144273  0.01441908 -0.01856947  0.03980732
11 21 8 194148 0.00028992 0.0263319  0.00931311
11 21 8 249490 -0.02679634 -0.01374149  0.00042725
11 21 8 292759  0.01120806 -0.0289793   0.03720093
11 21 8 344763 0.00757837 0.02279377 0.02002811
11 21 8 392809 -0.02208281 -0.00330734 -0.00299883
11 21 8 444799  0.00187159 -0.03392124  0.03137255
11 21 8 494648 0.01622486 0.01314306 0.02882957
11 21 8 543959 -0.01715374  0.01052952 -0.00816107
11 21 8 594244 -0.00986052 -0.03503656  0.02330494
11 21 8 643924  0.01658392 -0.00236988  0.039011  
11 21 8 695511 -0.00940943  0.0188179  -0.00178337
11 21 8 744147 -0.01776886 -0.02847672  0.01390839
11 21 8 792621  0.02082586 -0.01433134  0.0400486 
11 21 8 842938 -0.0007658   0.02627325  0.0050025 
11 21 8 895502 -0.02602863 -0.01990557  0.00464487
11 21 8 944998  0.01330042 -0.02973604  0.03928661
11 21 8 993858 0.0079236  0.02185631 0.01650238
11 21 9 53791 -0.02345419 -0.00189972 -0.00369501
11 21 9 90685  0.0058279  -0.03187132  0.0340476 
11 21 9 143912 0.01576042 0.01494169 0.02728605
11 21 9 194440 -0.01895428  0.00613546 -0.0045166 
11 21 9 245612 -0.00503969 -0.03521824  0.02723646
11 21 9 325657 0.01742506 0.00215149 0.03512001
11 21 9 348424 -0.0106287   0.01659966 -0.00486803
11 21 9 392294 -0.01182795 -0.02970028  0.01807356
11 21 9 443871  0.01971245 -0.00880194  0.03953648
11 21 9 493734 -0.00400639  0.02412462  0.00080013
11 21 9 544936 -0.02198315 -0.02471018  0.00987387
11 21 9 593197  0.0164566  -0.02158356  0.04112625
11 21 9 644555 0.00540543 0.0253768  0.01086664
11 21 9 693712 -0.02260256 -0.01116085  0.0033803 
11 21 9 742954  0.01463509 -0.02835846  0.03749037
11 21 9 794835 0.01427746 0.02137661 0.02057219
11 21 9 843656 -0.02232075  0.00091696 -0.00269747
11 21 9 896448  0.00192547 -0.0346694   0.03280401
11 21 9 946306 -0.01534367  0.0127902  -0.00609827
11 21 9 991783 -0.00541353 -0.03036737  0.0257659 
11 21 10 52844 0.02231646 0.03124475 0.18765068
11 21 10 92261 -0.00546026  0.02191877 -0.00195551
11 21 10 143575 -0.01667118 -0.02512789  0.01610899
11 21 10 195990  0.01943541 -0.01387835  0.04172516
11 21 10 249185 0.01740742 0.02072668 0.0311532 
11 21 10 295017 -0.01146173  0.00322485  0.00060511
11 21 10 343768  0.00226021 -0.02753067  0.03570509
11 21 10 395968 0.01874256 0.01454544 0.03693819
11 21 10 443951 -0.00622463  0.01138163  0.00013018
11 21 10 496595 -6.81877136e-05 -2.64711380e-02  3.27053070e-02
11 21 10 545018 0.02185297 0.00854826 0.04265261
11 21 10 593015 -0.00179672  0.01611471  0.00088739
11 21 10 644832 -0.00611591 -0.02557898  0.02696466
11 21 10 696058  0.02199697 -0.0014987   0.04726696
11 21 10 744158 0.00576162 0.0224185  0.00588846
11 21 10 793617 -0.00791359 -0.01976442  0.019979  
11 21 10 846236  0.02323723 -0.00654078  0.04827976
11 21 10 899276 0.01324558 0.02223444 0.01141644
11 21 10 942525 -0.01152229 -0.02181721  0.01476574
11 21 10 994701  0.01857615 -0.01505423  0.04821634
11 21 11 47217 0.01773739 0.02678442 0.01667166
11 21 11 96366 -0.01120138 -0.0094099   0.00683069
11 21 11 143902  0.01625013 -0.02125454  0.04578972
11 21 11 190899 0.02167273 0.02298689 0.02633953
11 21 11 242855 -0.01021385 -0.00037575  0.0022316 
11 21 11 292866  0.01015043 -0.02474546  0.0404892 
11 21 11 344161 0.0237813  0.01758146 0.03440428
11 21 11 394201 -0.00724459  0.00489283  0.00213432
11 21 11 444717  0.00377703 -0.02800703  0.03459454
11 21 11 495307 0.02489996 0.01090622 0.0398016 
11 21 11 543843 -2.72178650e-03  1.38435364e-02 -4.81605530e-05
11 21 11 596900 -0.00381804 -0.02976513  0.02659321
11 21 11 643372  2.34627724e-02 -5.48362732e-05  4.66656685e-02
11 21 11 695697 0.00646591 0.02202463 0.00446415
11 21 11 744100 -0.00799274 -0.01985073  0.01895857
11 21 11 791034  0.0241456  -0.00629187  0.04836369
11 21 11 842954 0.01331568 0.02181149 0.0115037 
11 21 11 894123 -0.01246071 -0.02100277  0.01346397
11 21 11 944328  0.01700449 -0.01711273  0.04729366
11 21 11 994200 0.01707458 0.02431774 0.01855564
11 21 12 55634 -0.01085711 -0.00784826  0.00698137
11 21 12 91500  0.01708889 -0.02144337  0.04369879
11 21 12 143900 0.02302313 0.02256346 0.02654743
11 21 12 194999 -0.01064062 -0.00426054  0.00332165
11 21 12 243531  0.00807858 -0.03018427  0.03978443
11 21 12 295336 0.02242327 0.01660824 0.03489542
11 21 12 344573 -0.0078826   0.00479841  0.0020442 
11 21 12 390941  0.00631428 -0.02958775  0.03577805
11 21 12 442983 0.02426434 0.01121283 0.03967524
11 21 12 493036 -0.00353241  0.01013899  0.00138855
11 21 12 544334 -0.00017786 -0.0324893   0.02943897
11 21 12 593729 0.02104759 0.00137663 0.04425669
11 21 12 644478 0.00202322 0.01746035 0.00556135
11 21 12 693730 -0.00527668 -0.02600527  0.0241785 
11 21 12 742880  0.02329063 -0.00254726  0.04600573
11 21 12 794476 0.00653601 0.02014351 0.00675106
11 21 12 845864 -0.01462078 -0.0275321   0.01646233
11 21 12 895873  0.01673746 -0.01383018  0.04919767
11 21 12 944464 0.01002693 0.02485132 0.0148716 
11 21 12 992092 -0.01489353 -0.01476288  0.01110172
11 21 13 54098  0.01702023 -0.0176301   0.04646778
11 21 13 92509 0.01431799 0.0230546  0.02123165
11 21 13 153750 -0.01867867 -0.01498461  0.00825262
11 21 13 214406  0.00478172 -0.02689266  0.04466677
11 21 13 255297 0.01408958 0.0212307  0.02763271
11 21 13 293870 -0.01591969 -0.00300074  0.00412893
11 21 13 342532  0.00315857 -0.0289197   0.04086876
11 21 13 396315 0.01831055 0.01724005 0.0355134 
11 21 13 445376 -0.01465559  0.00598383  0.00058794
11 21 13 495964 -0.00507927 -0.03267193  0.03571606
