11 20 57 570222 -0.08879685 -0.09270501  1.01881218
11 20 57 580450 -0.06358075 -0.02761507  1.04836226
11 20 57 592390 -0.03261709  0.01779604  1.01203012
11 20 57 615545 -0.03834462 -0.07259893  0.95119548
11 20 57 645711 -0.06998324 -0.1666379   0.98387814
11 20 57 695447 -0.08010054 -0.1277442   1.05268526
11 20 57 743895 -0.05218911 -0.0426693   1.05326915
11 20 57 795459 -0.04440308 -0.04856372  0.95876241
11 20 57 844338 -0.06441808 -0.0851512   0.9288857 
11 20 57 895971 -0.08823752 -0.11058092  1.00071526
11 20 57 945358 -0.07337785 -0.04156542  1.06149173
11 20 57 991929 -0.02893329  0.03849959  1.03184628
11 20 58 50640 -0.02787662 -0.03298593  0.95165658
11 20 58 92567 -0.06851292 -0.17265391  0.95770049
11 20 58 144018 -0.08382177 -0.16821718  1.03915596
11 20 58 194027 -0.05246472 -0.06058383  1.06560063
11 20 58 244652 -0.04043818 -0.04526067  0.98886013
11 20 58 293812 -0.06333852 -0.08572388  0.91363645
11 20 58 343043 -0.08873487 -0.10799599  0.98398232
11 20 58 394954 -0.08347654 -0.05529118  1.05931115
11 20 58 445112 -0.03868198  0.02390933  1.04749203
11 20 58 495688 -0.02846432 -0.03011179  0.95457053
11 20 58 548618 -0.06353045 -0.15179801  0.94384027
11 20 58 591565 -0.08290601 -0.1537838   1.0305934 
11 20 58 642911 -0.05431557 -0.05516887  1.06017828
11 20 58 692787 -0.03786445 -0.03783178  1.00388169
11 20 58 744186 -0.06181693 -0.07962751  0.9165535 
11 20 58 793293 -0.08708215 -0.09972858  0.97670484
11 20 58 844652 -0.07949853 -0.04367423  1.06303716
11 20 58 894131 -0.03120971  0.01396632  1.04370809
11 20 58 943561 -0.03034234 -0.06062841  0.95196319
11 20 58 994507 -0.06486773 -0.14674902  0.94664383
11 20 59 47077 -0.08086872 -0.12456822  1.04010344
11 20 59 95821 -0.04974604 -0.05571532  1.06281424
11 20 59 144436 -0.0379374  -0.05387759  0.99258327
11 20 59 192863 -0.06047702 -0.08254647  0.92092991
11 20 59 243867 -0.09163117 -0.09032869  0.97722507
11 20 59 292651 -0.07669997 -0.03676105  1.05108809
11 20 59 344422 -0.03503633  0.01267481  1.03545332
11 20 59 394410 -0.03199768 -0.06484294  0.96170568
11 20 59 445484 -0.06561208 -0.15593553  0.95042753
11 20 59 494763 -0.08020115 -0.12275624  1.03441   
11 20 59 543854 -0.04971051 -0.05400229  1.0570271 
11 20 59 595474 -0.03845835 -0.0621264   0.98801708
11 20 59 644978 -0.0638144  -0.09457588  0.92619157
11 20 59 695714 -0.09220052 -0.09209228  0.98018241
11 20 59 744887 -0.07390761 -0.01845813  1.04985476
11 20 59 791550 -0.02786779  0.01479721  1.02763176
11 20 59 843200 -0.03264523 -0.08798003  0.95216823
11 20 59 892506 -0.07280374 -0.1667757   0.96613121
11 20 59 944223 -0.07947779 -0.10831451  1.03970122
11 20 59 993657 -0.04965377 -0.04297757  1.04494882
11 21 0 56988 -0.03833795 -0.0674777   0.969455  
11 21 0 91159 -0.06669092 -0.10041451  0.93323135
11 21 0 143109 -0.09324217 -0.07744217  0.99758482
11 21 0 195557 -0.06905174 -0.01352406  1.04555535
11 21 0 243951 -0.03421474 -0.02668691  1.00027943
11 21 0 295876 -0.04322124 -0.09146094  0.96231079
11 21 0 345576 -0.06984043 -0.11484718  0.99175692
11 21 0 391925 -0.06911683 -0.0930562   1.03535604
11 21 0 443504 -0.05125546 -0.06471968  1.02250171
11 21 0 492607 -0.0435009  -0.05975866  0.96682906
11 21 0 544164 -0.06601691 -0.0785408   0.94883919
11 21 0 593291 -0.08967757 -0.09757376  0.99778914
11 21 0 645148 -0.06744814 -0.0218966   1.04097438
11 21 0 695208 -0.02966237  0.03068352  1.01993895
11 21 0 743394 -0.03517151 -0.07587934  0.95487976
11 21 0 795016 -0.07601666 -0.18130422  0.97139335
11 21 0 844234 -0.08180213 -0.12452102  1.04397655
11 21 0 896540 -0.04962921 -0.03790259  1.05155253
11 21 0 945494 -0.04424953 -0.06041288  0.95794058
11 21 0 991640 -0.06965089 -0.10181952  0.92635751
11 21 1 50497 -0.09109974 -0.09930015  0.99642467
11 21 1 95380 -0.07098961 -0.02006078  1.05337763
11 21 1 146279 -0.0292418   0.02766371  1.01497912
11 21 1 193468 -0.0331223  -0.07089067  0.94380116
11 21 1 244800 -0.07155037 -0.17248464  0.96905494
11 21 1 294162 -0.07887578 -0.12849927  1.04397607
11 21 1 344083 -0.04942203 -0.05061173  1.05035233
11 21 1 394830 -0.04020047 -0.06075764  0.95613551
11 21 1 444438 -0.06601429 -0.09462214  0.93034911
11 21 1 495821 -0.09137726 -0.09655333  1.0062573 
11 21 1 544586 -0.07101822 -0.02491403  1.06035566
11 21 1 591705 -0.03204679  0.01336622  1.01864386
11 21 1 643730 -0.03731418 -0.0726347   0.9414978 
11 21 1 698807 -0.06845307 -0.14975882  0.97491002
11 21 1 743938 -0.07621503 -0.11169672  1.04924536
11 21 1 793244 -0.04714704 -0.05006027  1.04304528
11 21 1 844794 -0.04197907 -0.05595136  0.95929861
11 21 1 894046 -0.0677712  -0.08386636  0.93112779
11 21 1 943550 -0.08947039 -0.09754562  1.0009892 
11 21 1 994951 -0.06928802 -0.02580142  1.05937505
11 21 2 46965 -0.02536345  0.03091764  1.02545023
11 21 2 98164 -0.03338099 -0.07187247  0.94088769
11 21 2 146767 -0.07391191 -0.1788578   0.95908213
11 21 2 191979 -0.08152103 -0.12989378  1.04534388
11 21 2 245331 -0.04609203 -0.04028487  1.06597328
11 21 2 294394 -0.04564404 -0.06340599  0.97212005
11 21 2 343984 -0.07187963 -0.10760164  0.91222763
11 21 2 394287 -0.09626055 -0.0957725   0.994385  
11 21 2 446695 -0.06793833 -0.0156033   1.05880785
11 21 2 495433 -0.02944303 -0.00997543  1.02053022
11 21 2 543439 -0.04065275 -0.09080791  0.94299984
11 21 2 594913 -0.07059669 -0.1276989   0.97547865
11 21 2 644056 -0.07055044 -0.09172106  1.0459671 
11 21 2 695690 -0.04650187 -0.06409144  1.04290843
11 21 2 744844 -0.03996301 -0.0648663   0.96596289
11 21 2 791594 -0.06845522 -0.08219147  0.93489552
11 21 2 843088 -0.09167862 -0.087708    1.00145912
11 21 2 893058 -0.06657791 -0.03588676  1.04906535
11 21 2 944061 -0.03706861 -0.0138526   1.01744652
11 21 2 993901 -0.04601073 -0.07500434  0.96038413
11 21 3 55883 -0.07249355 -0.12535024  0.9798758 
11 21 3 90705 -0.07374287 -0.11240602  1.03661132
11 21 3 143704 -0.05725026 -0.06423402  1.03886175
11 21 3 194262 -0.04627943 -0.05286622  0.97529411
11 21 3 243055 -0.06291842 -0.07524872  0.94261718
11 21 3 295718 -0.08563328 -0.1059947   0.98964858
11 21 3 345142 -0.07738829 -0.05326533  1.03911972
11 21 3 391766 -0.03243232  0.04904056  1.03793621
11 21 3 443135 -0.02393198 -0.01029825  0.97049642
11 21 3 492616 -0.06631613 -0.1794126   0.95065832
11 21 3 544081 -0.08788753 -0.1774931   1.02346039
11 21 3 594083 -0.05981541 -0.05314493  1.06203103
11 21 3 645223 -0.04403901 -0.03842854  1.00050926
11 21 3 694552 -0.06175017 -0.09491444  0.91543984
11 21 3 743397 -0.08479643 -0.11471367  0.97978663
11 21 3 795149 -0.08486271 -0.04941416  1.05403614
11 21 3 845146 -0.03124285  0.43737626 -0.16812754
11 21 3 895904 -0.0602634  -0.13913226  0.95220685
11 21 3 944936  0.01530457  1.28067493 -1.46470571
11 21 3 991693 -0.05760527 -0.06958008  0.28535485
11 21 4 51118 -0.03919601 -0.04540324  0.98269057
11 21 4 93406  0.00784612 -0.00379682  0.01562119
11 21 4 145687 -0.00331163 -0.16851997  0.95753908
11 21 4 194112  0.05283332 -0.11059093  0.98046851
11 21 4 245527 -0.02187085  0.03343368  1.03738284
11 21 4 294692 -0.02488875 -0.09204245  1.00491714
11 21 4 343186  0.04137135 -0.14803123  0.97346401
11 21 4 395891  0.01035452 -0.00295973  1.02743578
11 21 4 447056 -0.03579807 -0.01299071  1.05202222
11 21 4 496672  0.01220679 -0.1834743   0.94813299
11 21 4 545103  0.04524851 -0.06168103  0.99487615
11 21 4 592131 -0.02964783  0.02628064  1.04297042
11 21 4 643293 -0.01058698 -0.14945579  0.96875238
11 21 4 692485  0.04765797 -0.1152463   0.97980309
11 21 4 744624 -0.01360893  0.01502466  1.03155661
11 21 4 796857 -0.02992654 -0.09082389  1.01702142
11 21 4 844693  0.03783417 -0.14186811  0.97244072
11 21 4 896353 0.0183146  0.00571179 1.01948428
11 21 4 942999 -0.03458214 -0.02625656  1.04559755
11 21 4 994845  0.01261234 -0.17110944  0.9542923 
11 21 5 47170  0.04684496 -0.04934239  0.99705672
11 21 5 95926 -0.02311611  0.01939654  1.03779697
11 21 5 147448 -0.01777983 -0.16088533  0.96583629
11 21 5 191989  0.04530001 -0.11158442  0.97873545
11 21 5 242724 -0.00913477  0.01886988  1.03231525
11 21 5 294609 -0.03185439 -0.10030413  1.00832891
11 21 5 344682  0.03370643 -0.14338803  0.97985673
11 21 5 394076 1.14660263e-02 6.43014908e-04 1.02319312e+00
11 21 5 445092 -0.03704739 -0.03737807  1.03420854
11 21 5 494975  0.01171255 -0.17740297  0.95720577
11 21 5 543773  0.0397706  -0.04853296  0.9926672 
11 21 5 595463 -0.02479005  0.01609802  1.03875041
11 21 5 644096 -0.01737332 -0.16473341  0.95929837
11 21 5 695678  0.04376554 -0.08808112  0.98935843
11 21 5 745073 -0.01357865  0.02796364  1.03681731
11 21 5 792798 -0.02782655 -0.11500549  0.99205613
11 21 5 843163  0.03669977 -0.1266253   0.98379135
11 21 5 892876 0.00961351 0.0165329  1.02075148
11 21 5 944916 -0.03195429 -0.05312324  1.03708196
11 21 5 993978  0.02067351 -0.16297197  0.96664047
11 21 6 58739  0.02906704 -0.02539229  0.9987278 
11 21 6 91569 -2.65269279e-02 -6.83069229e-04  1.04057503e+00
11 21 6 143551 -0.01144981 -0.1756568   0.94570684
11 21 6 196063  0.04605842 -0.06698251  0.99003839
11 21 6 244090 -0.01724124  0.0287323   1.03316712
11 21 6 295352 -0.02630711 -0.14078283  0.98066378
11 21 6 344625  0.03944969 -0.10157824  0.99785304
11 21 6 391609 -0.00793815  0.02649426  1.02670717
11 21 6 443356 -0.03345942 -0.09789395  1.01173353
11 21 6 495444  0.02727103 -0.15128636  0.97671127
11 21 6 544160 0.01851845 0.00127387 1.00959873
11 21 6 594428 -0.02752376 -0.02288198  1.04620886
11 21 6 644948 -0.00100183 -0.1732707   0.95078588
11 21 6 694610  0.04215598 -0.03855014  0.99837351
11 21 6 743798 -0.02070594  0.01882434  1.0447402 
11 21 6 795596 -0.02843022 -0.17511201  0.95552468
11 21 6 844291  0.04276967 -0.08968163  0.99006152
11 21 6 897794 -0.00836992  0.03749824  1.03089142
11 21 6 946815 -0.02656817 -0.11782789  0.99893236
11 21 6 992636  0.03086519 -0.14096856  0.98837662
11 21 7 50384 3.70502472e-04 4.24337387e-03 1.01807427e+00
11 21 7 92396 -0.02121472 -0.05262542  1.03043866
11 21 7 145340  0.01357079 -0.16208529  0.95848346
11 21 7 195692  0.02690148 -0.02220488  1.00380802
11 21 7 247505 -0.02299547 -0.00508595  1.03347397
11 21 7 294668 -0.00837564 -0.17935371  0.94165921
11 21 7 345175  0.04066205 -0.06156278  1.00165963
11 21 7 395174 -0.02689862  0.00580692  1.03193045
11 21 7 445067 -0.02164984 -0.15859079  0.96302485
11 21 7 495931  0.04379988 -0.08071518  0.99471927
11 21 7 546108 -0.00702214  0.03377962  1.02409315
11 21 7 591891 -0.02246952 -0.10444236  1.01346755
11 21 7 643314  0.03168726 -0.13452697  0.98007441
11 21 7 693079 0.00484943 0.00953364 1.02255821
11 21 7 744951 -0.02630758 -0.0437367   1.02859092
11 21 7 793724  0.01116538 -0.17754412  0.95133996
11 21 7 884093  0.01925683 -0.02597356  1.00957394
11 21 7 895265 -0.02731204 -0.01865983  1.03333354
11 21 7 943608 -0.01206923 -0.17771649  0.94487262
11 21 7 994736  0.03741431 -0.04071927  1.00177383
11 21 8 49047 -0.02843642  0.00731397  1.02904058
11 21 8 96825 -0.02097893 -0.1607182   0.96276665
11 21 8 144273  0.0372293  -0.07261944  0.99982309
11 21 8 194148 -0.01548696  0.01684189  1.02656865
11 21 8 249490 -0.02295017 -0.12870264  1.00378561
11 21 8 292759  0.02888107 -0.12675834  0.97639608
11 21 8 344763 -0.00837183  0.00448251  1.02983737
11 21 8 392809 -0.02924252 -0.08262181  1.03646946
11 21 8 444799  0.01895356 -0.14785886  0.96567202
11 21 8 494648 0.02380109 0.01404166 1.02096009
11 21 8 543959 -0.02236986 -0.02159142  1.03273416
11 21 8 594244 -0.00627637 -0.18971825  0.94057679
11 21 8 643924  0.03450704 -0.04102015  0.9998374 
11 21 8 695511 -0.03242874 -0.01115394  1.03513169
11 21 8 744147 -0.02405357 -0.17086387  0.96740937
11 21 8 792621  0.04005384 -0.06031489  0.99308014
11 21 8 842938 -0.02079129  0.01972651  1.02779531
11 21 8 895502 -0.02853298 -0.13810682  0.99409342
11 21 8 944998  0.03106809 -0.106565    0.97350049
11 21 8 993858 -0.00758028  0.02514243  1.03653479
11 21 9 53791 -0.02542686 -0.08290315  1.02947998
11 21 9 90685  0.02082109 -0.14845991  0.96700191
11 21 9 143912 0.00956273 0.00401092 1.02394199
11 21 9 194440 -0.0297997  -0.05642748  1.02849317
11 21 9 245612  9.29832458e-06 -1.74044609e-01  9.49793339e-01
11 21 9 325657  0.02979541 -0.01030469  1.00427175
11 21 9 348424 -0.02759457 -0.0073092   1.03222132
11 21 9 392294 -0.01544881 -0.17740202  0.96214652
11 21 9 443871  0.03613997 -0.04663229  0.99220157
11 21 9 493734 -0.02607298  0.00888824  1.03213644
11 21 9 544936 -0.02780437 -0.16871929  0.97639871
11 21 9 593197  0.03118253 -0.09010363  0.98386931
11 21 9 644555 -0.01991129  0.0178237   1.03457332
11 21 9 693712 -0.03318453 -0.12701726  1.01526976
11 21 9 742954  0.03071856 -0.12147498  0.98373652
11 21 9 794835 0.00249958 0.02654529 1.02314353
11 21 9 843656 -0.03744888 -0.07615876  1.0277555 
11 21 9 896448  0.00640821 -0.15589142  0.96437311
11 21 9 946306 -0.03122854 -0.6563623   1.6134119 
11 21 9 991783 -0.01092362 -0.18521118  0.96494222
11 21 10 52844 1.13248825e-04 1.68737745e+00 3.63265514e-01
11 21 10 92261 -0.03245831  0.0055542  -0.08971834
11 21 10 143575 -0.02486944 -0.18135214  0.96102524
11 21 10 195990 -1.18184090e-02  2.03499794e-02  7.86781311e-06
11 21 10 249185 -0.01621699  0.01636767  0.99711609
11 21 10 295017 -0.05181623 -0.05732489  1.01889181
11 21 10 343768 -0.01881289 -0.16010618  0.98114777
11 21 10 395968 -0.00113869  0.01127601  0.99782157
11 21 10 443951 -0.05035639 -0.02942634  1.03073239
11 21 10 496595 -0.0301652  -0.18425775  0.97231627
11 21 10 545018  0.00850844 -0.01789784  0.99165893
11 21 10 593015 -0.04152179 -0.0040586   1.02262378
11 21 10 644832 -0.04384899 -0.18877745  0.97262311
11 21 10 696058  0.00923824 -0.04615331  0.99422836
11 21 10 744158 -0.04425883  0.00882292  1.01908088
11 21 10 793617 -0.05047107 -0.17085743  0.98375678
11 21 10 846236  0.00537801 -0.06977868  0.98708653
11 21 10 899276 -0.05113101  0.01834226  1.01346183
11 21 10 942525 -0.06079412 -0.15489507  0.99122977
11 21 10 994701  0.00811195 -0.08874106  0.98086715
11 21 11 47217 -0.02502728  0.04685855  1.0113101 
11 21 11 96366 -0.05841041 -0.11622596  1.01735997
11 21 11 143902 -5.89370728e-04 -1.30014658e-01  9.83520031e-01
11 21 11 190899 -0.01746535  0.03356385  1.01700282
11 21 11 242855 -0.05380034 -0.0736115   1.02723384
11 21 11 292866 -0.00934243 -0.15688467  0.98381138
11 21 11 344161 -0.01192927  0.00964284  1.00354981
11 21 11 394201 -0.0627954  -0.05194736  1.0255177 
11 21 11 444717 -0.0234735  -0.17138982  0.97387576
11 21 11 495307 0.00312138 0.00214219 0.98972034
11 21 11 543843 -0.05298162 -0.00284433  1.02823186
11 21 11 596900 -0.03940558 -0.18462253  0.9637394 
11 21 11 643372  0.00847888 -0.04145098  0.9941318 
11 21 11 695697 -0.04438853  0.01291394  1.03114533
11 21 11 744100 -0.04619336 -0.16976666  0.98403835
11 21 11 791034  0.00850844 -0.07114005  0.98154902
11 21 11 842954 -0.0430727   0.02261019  1.0174489 
11 21 11 894123 -0.0551877  -0.1501379   0.98424578
11 21 11 944328  0.00605917 -0.09478116  0.984447  
11 21 11 994200 -0.02953696  0.0373435   1.01899886
11 21 12 55634 -0.05846786 -0.11699653  1.01157093
11 21 12 91500 -0.00185585 -0.12957549  0.98892903
11 21 12 143900 -0.01890612  0.03371286  1.00981188
11 21 12 194999 -0.05430865 -0.07255173  1.02087092
11 21 12 243531 -0.00750923 -0.14803839  0.986449  
11 21 12 295336 -0.0067513   0.01686525  1.00474524
11 21 12 344573 -0.05023003 -0.04596376  1.02104545
11 21 12 390941 -0.02147508 -0.17241263  0.97315168
11 21 12 442983  2.93254852e-05 -1.47342682e-04  9.98854876e-01
11 21 12 493036 -0.04964685 -0.01710963  1.02113342
11 21 12 544334 -0.03720093 -0.18253946  0.97048616
11 21 12 593729  0.00415945 -0.02865243  1.00003815
11 21 12 644478 -0.04877758 -0.00800109  1.02100015
11 21 12 693730 -0.05355382 -0.18640637  0.9715786 
11 21 12 742880  0.00477409 -0.05026889  0.99042296
11 21 12 794476 -0.04031444  0.02292848  1.01229143
11 21 12 845864 -0.0558629  -0.17219543  0.96998143
11 21 12 895873  0.00344324 -0.08744812  0.99499846
11 21 12 944464 -0.03342247  0.02154517  1.02484632
11 21 12 992092 -0.05372477 -0.13763356  1.00535536
11 21 13 54098  9.77754593e-04 -1.09832525e-01  9.85437393e-01
11 21 13 92509 -0.03160453  0.01840305  1.01083469
11 21 13 153750 -0.06350231 -0.11506605  0.99782658
11 21 13 214406  0.00159955 -0.12278867  0.98109865
11 21 13 255297 -0.01666427  0.0317502   1.01108336
