14 52 49 846968  0.05463171 -0.28920221  0.95828247
14 52 49 870188  0.05155182 -0.28983569  0.95886564
14 52 49 873343  0.05348277 -0.28827477  0.96085   
14 52 49 911820  0.05413198 -0.28705978  0.96336412
14 52 49 917846  0.05101275 -0.2865541   0.95908213
14 52 49 959649  0.05182838 -0.28813267  0.95800066
14 52 49 963734  0.05345201 -0.28949857  0.9569571 
14 52 50 11446  0.05140948 -0.2903645   0.95864129
14 52 50 14412  0.04943967 -0.28579354  0.9578433 
14 52 50 64007  0.0501883  -0.28858328  0.959548  
14 52 50 68165  0.05180621 -0.28992057  0.95622349
14 52 50 113430  0.05485988 -0.28678203  0.95909286
14 52 50 116536  0.05374074 -0.28580141  0.95951629
14 52 50 164493  0.05453563 -0.28801298  0.96047902
14 52 50 167938  0.05472064 -0.28554988  0.95826912
14 52 52 737835  0.05030704 -0.28628469  0.95918417
14 52 52 796543  0.0531795  -0.28944087  0.95819211
14 52 52 845646  0.05283952 -0.28641844  0.95886803
14 52 52 898002  0.05312157 -0.28512597  0.95887041
14 52 52 938031  0.05266023 -0.28650117  0.95943618
14 52 52 986810  0.04979467 -0.28737187  0.95788169
14 52 53 36690  0.05218339 -0.28547812  0.9585259 
14 52 53 97460  0.0534544  -0.28572297  0.9585638 
14 52 53 147859  0.05369997 -0.29054117  0.96146989
14 52 53 199004  0.05025458 -0.29043102  0.95737839
14 52 53 247925  0.05301905 -0.28903627  0.9591074 
14 52 53 301614  0.05306578 -0.28850126  0.95821595
14 52 53 339406  0.05166626 -0.28995538  0.95964265
14 52 53 388800  0.05033064 -0.28504729  0.96007466
14 52 53 438041  0.05403519 -0.28943205  0.95746136
14 52 53 486418  0.05106044 -0.28917956  0.96184826
14 52 53 540183  0.05153322 -0.28881264  0.95954132
14 52 53 588971  0.05430889 -0.2901485   0.95700121
14 52 53 638699  0.05456138 -0.2889111   0.95709848
14 52 53 699462  0.05144238 -0.29053831  0.95959806
14 52 53 745328  0.05228806 -0.28798628  0.95826554
14 52 53 789408  0.05293655 -0.28647351  0.95558619
14 52 53 839891  0.049474   -0.28979635  0.9570775 
14 52 53 899723  0.05097795 -0.28716493  0.95748115
14 52 53 946274  0.05428696 -0.28705955  0.96158028
14 52 54 1169  0.0530436  -0.28652239  0.95758867
14 52 54 48784  0.05440402 -0.28649163  0.9565351 
14 52 54 88639  0.05458212 -0.28811598  0.96102285
14 52 54 138377  0.0493257  -0.28900528  0.95742059
14 52 54 191279  0.05388379 -0.28651905  0.95811963
14 52 54 240397  0.04940391 -0.28578687  0.95729041
14 52 54 289179  0.05043626 -0.28751612  0.95970941
14 52 54 338853  0.05553198 -0.28807926  0.95908427
14 52 54 391937  0.0527215  -0.28661942  0.95750046
14 52 54 441418  0.0529139  -0.28814268  0.95607138
14 52 54 490078  0.05580807 -0.29108191  0.95899534
14 52 54 539759  0.05405951 -0.28572106  0.96016169
14 52 54 588744  0.05311441 -0.28920341  0.95824766
14 52 54 641853  0.05203104 -0.28589988  0.95699978
14 52 54 691085  0.05046773 -0.28680944  0.95989752
14 52 54 740412  0.04950571 -0.28758717  0.95762205
14 52 54 789009  0.05278134 -0.2861011   0.95978642
14 52 54 838658  0.05126333 -0.28660846  0.95865488
14 52 54 891899  0.05157542 -0.29260087  0.95903087
14 52 54 941060  0.05190444 -0.28960967  0.95791483
14 52 54 989470  0.051162   -0.2868495   0.95770288
14 52 55 39262  0.05231786 -0.28547859  0.96074891
14 52 55 92526  0.05418515 -0.2869401   0.96130109
14 52 55 141844  0.05264544 -0.2872901   0.95817709
14 52 55 190520  0.0512712  -0.28716397  0.96069193
14 52 55 239980  0.05204749 -0.28967142  0.95652676
14 52 55 288984  0.05081105 -0.28862166  0.9560287 
14 52 55 353389  0.04688811 -1.64175725 -1.69937897
14 52 55 402023  2.08854675e-04  1.68637180e+00 -7.61874676e-01
14 52 55 449347  0.04818869 -0.28944683  0.95786214
14 52 55 489524  0.04796433 -0.28825736  0.9531219 
14 52 55 543278  0.04932427 -0.29100585  0.95676255
14 52 55 592575  0.05262876 -0.28741527  0.95765352
14 52 55 641558  0.05322981 -0.28440738  0.95589304
14 52 55 690084  0.05046058 -0.28667545  0.96405792
14 52 55 743625  0.05262852 -0.28636932  0.96331358
14 52 55 792930  0.05446339 -0.28763652  0.96089888
14 52 55 841741  0.05132985 -0.28906727  0.95946074
14 52 55 903155  0.05379128 -0.28988576  0.95971799
14 52 55 951294  0.05359316 -0.2881248   0.95300508
14 52 55 993878  0.04953671 -0.28918457  0.95741415
14 52 56 42356  0.0502317  -0.28919172  0.95825839
14 52 56 93073  0.05217361 -0.28846049  0.95898557
14 52 56 140612  0.05593181 -0.2899363   0.96096873
14 52 56 194285  0.05640936 -0.28732371  0.95756364
14 52 56 243539  0.05396724 -0.28832507  0.95953417
14 52 56 292887  0.05080366 -0.29041457  0.95710778
14 52 56 341437  0.05282497 -0.29163027  0.95686746
14 52 56 391783  0.0534246  -0.29049468  0.95694208
14 52 56 444022  0.04988122 -0.29094601  0.95761037
14 52 56 493172  0.05165887 -0.28941655  0.95786643
14 52 56 541864  0.05059171 -0.28666663  0.95758486
14 52 56 592366  0.05248284 -0.28591895  0.95898128
14 52 56 651524  0.05464697 -0.28621888  0.96075463
14 52 56 705167  0.05281854 -0.28633881  0.95600796
14 52 56 742724  0.05423808 -0.28653288  0.95692515
14 52 56 792884  0.05476236 -0.28643537  0.95911241
14 52 56 845009  0.05120349 -0.28646398  0.95749807
14 52 56 895403  0.05324602 -0.28572273  0.95843172
14 52 56 943439  0.05096459 -0.28896928  0.95896864
14 52 56 992945  0.0506506  -0.28843021  0.96192288
14 52 57 45115  0.0528512  -0.28778028  0.9580934 
14 52 57 95458  0.05402327 -0.28680158  0.96062183
14 52 57 152034  0.05450916 -0.28919363  0.95962548
