14 52 49 848482 0 209695
14 52 49 871098 0 209745
14 52 49 874142 0 209795
14 52 49 912685 0 209845
14 52 49 918710 0 209895
14 52 49 960610 0 209945
14 52 49 964834 0 209995
14 52 50 12195 209395
14 52 50 15255 0 209445
14 52 50 64918 0 209495
14 52 50 69184 0 209545
14 52 50 114282 0 209595
14 52 50 117372 0 209645
14 52 50 165486 0 209695
14 52 50 168900 0 209745
14 52 52 738743 0 209795
14 52 52 805155 0 209845
14 52 52 850992 0 209895
14 52 52 903358 0 209945
14 52 52 938835 0 209995
14 52 52 987673 0 1999
14 52 53 37524 0 2049
14 52 53 102448 0 2099
14 52 53 151432 0 2149
14 52 53 202400 0 2199
14 52 53 251351 0 2249
14 52 53 306350 0 2299
14 52 53 340137 0 2349
14 52 53 389803 0 2399
14 52 53 438934 0 2449
14 52 53 487143 0 2499
14 52 53 541011 0 2549
14 52 53 589783 0 2599
14 52 53 639537 0 2649
14 52 53 704676 0 2699
14 52 53 749134 0 2749
14 52 53 790174 0 2799
14 52 53 840866 0 2849
14 52 53 904391 0 2899
14 52 53 949826 0 2949
14 52 54 9966 0 2999
14 52 54 52815 0 3049
14 52 54 89483 0 3099
14 52 54 139126 0 3149
14 52 54 192287 0 3200
14 52 54 241157 0 3250
14 52 54 289928 0 3300
14 52 54 339715 0 3350
14 52 54 392884 0 3400
14 52 54 442265 0 3450
14 52 54 490958 0 3500
14 52 54 540585 0 3550
14 52 54 589559 0 3600
14 52 54 642699 0 3650
14 52 54 692066 0 3700
14 52 54 741235 0 3750
14 52 54 789798 0 3800
14 52 54 839492 0 3850
14 52 54 892876 0 3900
14 52 54 941875 0 3950
14 52 54 990173 0 4000
14 52 55 40025 0 4050
14 52 55 93314 0 4100
14 52 55 142659 0 4150
14 52 55 191332 0 4200
14 52 55 240767 0 4250
14 52 55 289852 0 4300
14 52 55 356451 0 4350
14 52 55 405417 0 4400
14 52 55 452636 0 4450
14 52 55 490353 0 4500
14 52 55 544101 0 4550
14 52 55 593768 0 4600
14 52 55 642353 0 4651
14 52 55 690936 0 4701
14 52 55 744455 0 4751
14 52 55 793974 0 4801
14 52 55 842516 0 4851
14 52 55 906437 0 4901
14 52 55 954764 0 4951
14 52 55 994656 0 5001
14 52 56 43126 0 5051
14 52 56 94031 0 5101
14 52 56 141516 0 5151
14 52 56 195228 0 5201
14 52 56 244622 0 5251
14 52 56 293818 0 5301
14 52 56 342252 0 5351
14 52 56 392856 0 5401
14 52 56 444838 0 5451
14 52 56 493906 0 5501
14 52 56 542611 0 5551
14 52 56 593242 0 5601
14 52 56 654875 0 5651
14 52 56 708581 0 5701
14 52 56 743574 0 5751
14 52 56 793822 0 5801
14 52 56 845730 0 5851
14 52 56 896435 0 5901
14 52 56 944259 0 5951
14 52 56 993732 0 6001
14 52 57 45931 0 6051
14 52 57 96501 0 6102
14 52 57 155239 0 6152
