14 52 49 848728 2 209595
14 52 49 871259 0 2994
14 52 49 874327 0 209044
14 52 49 912885 0 209094
14 52 49 918950 0 209144
14 52 49 960851 0 209195
14 52 49 965057 0 209245
14 52 50 12366 0 209295
14 52 50 15447 0 209345
14 52 50 65169 0 209395
14 52 50 69390 0 209445
14 52 50 114472 0 209495
14 52 50 117556 0 209545
14 52 50 165716 0 209595
14 52 52 734694 0 200 1999
14 52 52 784349 0 2049
14 52 52 833577 0 2099
14 52 52 886747 0 2149
14 52 52 935345 0 2199
14 52 52 984526 0 2249
14 52 53 33705 0 2299
14 52 53 84284 0 2349
14 52 53 136623 0 2399
14 52 53 185679 0 2449
14 52 53 235693 0 2499
14 52 53 287399 0 2549
14 52 53 336777 0 2599
14 52 53 386070 0 2649
14 52 53 435065 0 2699
14 52 53 484214 0 2749
14 52 53 537274 0 2799
14 52 53 586560 0 2849
14 52 53 635781 0 2899
14 52 53 685476 0 2949
14 52 53 734574 0 2999
14 52 53 787137 0 3049
14 52 53 836496 0 3099
14 52 53 886666 0 3149
14 52 53 935260 0 3200
14 52 53 988473 0 3250
14 52 54 37502 0 3300
14 52 54 86259 0 3350
14 52 54 135414 0 3400
14 52 54 188717 0 3450
14 52 54 237809 0 3500
14 52 54 286957 0 3550
14 52 54 336080 0 3600
14 52 54 389225 0 3650
14 52 54 438546 0 3700
14 52 54 487642 0 3750
14 52 54 536813 0 3800
14 52 54 586083 0 3850
14 52 54 639024 0 3900
14 52 54 688352 0 3950
14 52 54 737493 0 4000
14 52 54 786664 0 4050
14 52 54 835797 0 4100
14 52 54 888968 0 4150
14 52 54 938207 0 4200
14 52 54 987333 0 4250
14 52 55 36480 0 4300
14 52 55 89942 0 4350
14 52 55 138902 0 4400
14 52 55 188052 0 4450
14 52 55 237212 0 4500
14 52 55 286385 0 4550
14 52 55 340278 0 4600
14 52 55 389244 0 4651
14 52 55 438362 0 4701
14 52 55 487058 0 4751
14 52 55 540245 0 4801
14 52 55 589495 0 4851
14 52 55 638610 0 4901
14 52 55 687797 0 4951
14 52 55 740867 0 5001
14 52 55 790153 0 5051
14 52 55 839236 0 5101
14 52 55 888981 0 5151
14 52 55 941762 0 5201
14 52 55 990785 0 5251
14 52 56 39941 0 5301
14 52 56 89225 0 5351
14 52 56 138290 0 5401
14 52 56 191512 0 5451
14 52 56 240695 0 5501
14 52 56 289760 0 5551
14 52 56 338974 0 5601
14 52 56 388166 0 5651
14 52 56 441362 0 5701
14 52 56 490478 0 5751
14 52 56 539603 0 5801
14 52 56 588911 0 5851
14 52 56 641868 0 5901
14 52 56 691667 0 5951
14 52 56 740377 0 6001
14 52 56 789551 0 6051
14 52 56 842675 0 6102
14 52 56 891895 0 6152
14 52 56 941018 0 6202
14 52 56 990173 0 6252
14 52 57 43264 0 6302
14 52 57 92587 0 6352
14 52 57 142297 0 6402
