10 26 13 407516 0.02151537 0.10876083 1.00223517
10 26 13 410214 0.02471757 0.11095405 1.01037216
10 26 13 412925 0.02505612 0.11558032 1.01024842
10 26 13 415407 0.02838254 0.11468506 1.00090671
10 26 13 417947 0.02536726 0.11437583 0.9970789 
10 26 13 420427 0.02078128 0.11734533 0.99572611
10 26 13 422503 0.02171826 0.11756253 0.98880005
10 26 13 424609 0.02192712 0.11779976 0.98155642
10 26 13 426693 0.02516603 0.11533856 0.98568249
10 26 13 428845 0.02247906 0.11268783 0.99477148
10 26 13 431427 0.02353668 0.11253214 1.00076675
10 26 13 433997 0.0247364  0.11510086 0.99941683
10 26 13 436211 0.02684474 0.1189363  0.99918723
10 26 13 438295 0.0207541  0.11520147 0.99529576
10 26 13 440330 0.02394962 0.10973001 0.99562287
10 26 13 442392 0.02289367 0.10852933 0.99065495
10 26 13 444434 0.02234006 0.11059904 0.99305725
10 26 13 447079 0.02523398 0.11324406 0.99298334
10 26 13 449296 0.02565312 0.107862   0.99460697
10 26 13 452108 0.02433777 0.10983515 0.99996591
10 26 13 454530 0.02520061 0.10872746 1.00637531
10 26 13 456767 0.02394795 0.1119504  1.00543571
10 26 13 458785 0.02257395 0.10921669 0.99815559
10 26 13 460856 0.02688766 0.11674738 0.99337721
10 26 13 463389 0.02557063 0.11074662 0.98969793
10 26 13 466225 0.02808332 0.11588049 0.98347497
10 26 13 468541 0.02825117 0.11511445 0.9913466 
10 26 13 470923 0.02429724 0.11462975 0.98994279
10 26 13 473315 0.02424884 0.1178236  0.99102998
10 26 13 475893 0.02515554 0.10974455 0.99696422
10 26 13 478374 0.02640486 0.10814047 1.00148797
10 26 13 480941 0.0263679  0.11192012 0.99814773
10 26 13 483545 0.02452326 0.11534381 0.99542499
10 26 13 485746 0.02398705 0.11049032 0.99544048
10 26 13 487684 0.02430415 0.11061788 0.99921036
10 26 13 489877 0.02205491 0.11178684 0.99711156
10 26 13 491899 0.01863337 0.11276364 0.99240327
10 26 13 494144 0.02123284 0.11696434 0.98712373
10 26 13 497198 0.02416658 0.1168642  0.99036217
10 26 13 499602 0.0235014  0.11621428 0.9947319 
10 26 13 501919 0.02505231 0.11281347 0.99915195
10 26 13 504523 0.02254009 0.11007714 1.0039444 
10 26 13 507032 0.02564645 0.11216092 1.00059962
10 26 13 509421 0.02850103 0.1076932  0.99399829
10 26 13 511930 0.02825022 0.11210394 0.99280286
10 26 13 514454 0.0265739  0.1106298  0.99691153
10 26 13 516533 0.02611041 0.11339664 0.99688315
10 26 13 518973 0.02829027 0.11055684 0.99363732
10 26 13 521080 0.0276978  0.11231112 0.99128437
10 26 13 523186 0.02616215 0.11213446 0.99317145
10 26 13 526006 0.02449894 0.11100936 0.99466133
10 26 13 528510 0.02358317 0.11355519 0.9973228 
10 26 13 531126 0.02331924 0.11212444 0.9955101 
10 26 13 533629 0.0252471  0.11157942 0.99036837
10 26 13 570201 0.01564813 1.51607013 1.86327362
10 26 13 609140  8.79764557e-05  1.95355725e+00 -6.99221373e-01
10 26 13 658312 0.02639461 0.11232543 0.99319649
10 26 13 708105 0.0230844  0.11484289 0.99015021
10 26 13 760622 0.02635622 0.11209941 0.99194646
10 26 13 809904 0.02648306 0.11004591 0.99406028
10 26 13 859124 0.02639484 0.10768819 0.99553657
10 26 13 913663 0.02455258 0.11238265 0.99278283
10 26 13 969565 0.02782345 0.11556244 0.99620748
10 26 14 10830 0.02357244 0.11559391 0.99725676
10 26 14 59904 0.02448082 0.11266446 0.99881458
10 26 14 108931 0.0220015  0.11702418 0.99820399
10 26 14 162288 0.02247    0.11488128 0.99360085
10 26 14 211784 0.02498174 0.11325169 0.98698854
10 26 14 260691 0.02418256 0.11475205 0.99098492
10 26 14 309526 0.02595615 0.11342978 0.99128318
10 26 14 362539 0.02456689 0.11097574 0.99395609
10 26 14 411926 0.02315044 0.10825944 0.99893546
10 26 14 461251 0.02556324 0.10961342 0.99941754
10 26 14 516376 0.02483582 0.11285186 0.99762464
10 26 14 564985 0.02627826 0.11189222 0.99810553
10 26 14 618106 0.02327657 0.1108129  0.99314833
10 26 14 671247 0.02026987 0.1130476  0.99300671
10 26 14 711232 0.02468252 0.11171484 0.99794316
10 26 14 760122 0.02268219 0.11129403 0.99876714
10 26 14 813239 0.02531362 0.11325216 0.99493718
10 26 14 862446 0.02508926 0.11248851 0.99180579
10 26 14 911752 0.02467561 0.11319757 0.99289536
10 26 14 960770 0.02663398 0.11077046 0.9967804 
10 26 15 10006 0.02495575 0.11007404 0.99751878
10 26 15 63055 0.0216248  0.1130054  0.99711156
10 26 15 112490 0.02521992 0.11305737 0.99503851
10 26 15 161456 0.02240252 0.11264706 0.99291444
10 26 15 210506 0.02662706 0.10980058 0.98937035
10 26 15 259800 0.02422071 0.10667944 0.99398565
10 26 15 313148 0.02268744 0.10937667 0.99995351
10 26 15 362428 0.02397227 0.11090207 1.00113726
10 26 15 411394 0.02234507 0.11480474 0.99661779
10 26 15 464217 0.02361798 0.11846375 0.99196815
10 26 15 513635 0.02051401 0.11808181 0.99284863
10 26 15 562823 0.02404594 0.11315727 0.99110794
10 26 15 612245 0.02362227 0.11280465 0.99590516
10 26 15 665790 0.02505779 0.11237812 0.99145818
10 26 15 714217 0.02487636 0.11582208 0.99477625
10 26 15 763610 0.02394891 0.11445403 0.99695396
10 26 15 812659 0.026443   0.11114383 0.99816203
10 26 15 861815 0.02256846 0.10880494 0.99778247
10 26 15 914550 0.0248704  0.11119866 0.9956491 
10 26 15 964217 0.02211475 0.10993743 0.99389029
10 26 16 13539 0.02481174 0.1163218  0.99161482
10 26 16 62404 0.02619743 0.1144321  0.99018383
10 26 16 111371 0.02701855 0.1139245  0.9912138 
10 26 16 165298 0.02466583 0.11049843 0.99683714
10 26 16 214099 0.02322555 0.11231637 0.99829125
10 26 16 268984 0.02483392 0.10835862 0.99718642
10 26 16 312347 0.0251143  0.11528206 0.99726701
10 26 16 361964 0.02160788 0.11362076 0.99873471
10 26 16 414932 0.02346158 0.11248589 0.99563146
10 26 16 464197 0.02346754 0.11125374 0.99724841
10 26 16 513065 0.02430797 0.11410713 0.99555373
10 26 16 562777 0.02270484 0.11356664 0.99392557
10 26 16 615343 0.02741981 0.11194968 0.9982152 
10 26 16 664726 0.02478528 0.11386991 0.99406171
10 26 16 713937 0.02661824 0.11299872 0.99514413
10 26 16 762701 0.0230217  0.11020041 0.99573898
10 26 16 815927 0.02558112 0.10930347 0.9943006 
10 26 16 865196 0.02672863 0.11146069 0.99575567
10 26 16 914592 0.02431941 0.11466074 0.99498248
10 26 16 963793 0.02332497 0.11722302 0.99326921
10 26 17 12745 0.02259231 0.11772919 0.99092245
10 26 17 65749 0.02146196 0.1142478  0.99493217
10 26 17 115193 0.02410865 0.10953903 0.9953649 
10 26 17 164551 0.02714109 0.10977888 0.99691916
10 26 17 213648 0.024158   0.10974026 0.99846053
10 26 17 272180 0.02414107 0.11306643 0.99804044
10 26 17 316738  1.02281570e-04  3.16786766e-02 -1.04296708e+00
10 26 17 364949 0.02670145 0.11321998 0.99684596
10 26 17 414027 0.02503872 0.11386371 0.99366355
10 26 17 463427  0.0162704  -0.00033832 -0.00020981
10 26 17 512903 0.02704644 0.11353207 0.99762964
10 26 17 565595 0.02327919 0.11160541 0.9941957 
10 26 17 614831 0.02494121 0.11273956 0.98782229
10 26 17 663975 0.02283669 0.10838008 0.98984408
10 26 17 713062 0.02829885 0.10753846 1.0014503 
10 26 17 762265 0.02378058 0.11196375 1.00702977
10 26 17 815716 0.0228107  0.11260557 1.00193   
10 26 17 864623 0.02276182 0.11393094 0.99511218
10 26 17 913880 0.02460599 0.11861324 0.98982263
10 26 17 966951 0.02267504 0.11207438 0.98995161
10 26 18 16316 0.02181101 0.1099267  0.98661208
10 26 18 65580 0.02494192 0.112957   0.98790693
10 26 18 114963 0.02424955 0.11574125 0.98793268
10 26 18 163779 0.02551293 0.11154318 0.99854445
10 26 18 216956 0.02663064 0.1093874  1.01652336
10 26 18 265998 0.02770448 0.10850072 1.0126338 
10 26 18 315492 0.02430606 0.11321306 0.99526   
10 26 18 364296 0.02962804 0.11547637 0.98554015
10 26 18 418095 0.0271194  0.1168735  0.99229479
10 26 18 466748 0.02246141 0.11561584 0.99430346
10 26 18 515803 0.02131987 0.11307716 0.99028158
10 26 18 564912 0.02851343 0.11485863 0.99768496
10 26 18 614368 0.02843785 0.11436391 1.00402689
10 26 18 667287 0.02308822 0.11212349 1.00553989
10 26 18 716479 0.02229786 0.11245346 1.00466776
10 26 18 765687 0.02107716 0.11932564 0.99607229
10 26 18 814699 0.0219028  0.118572   0.97791147
10 26 18 868194 0.020684   0.11356997 0.96518898
10 26 18 917542 0.02352357 0.1117785  0.97262383
10 26 18 972395 0.02505898 0.1152935  0.98760509
10 26 19 15750 0.02638555 0.11468744 0.99271846
10 26 19 68871 0.02684259 0.10700226 1.00579691
10 26 19 117976 0.03127742 0.10937071 1.02392745
10 26 19 166930 0.02692962 0.10693383 1.02744484
10 26 19 216674 0.02800107 0.10777307 1.01323581
10 26 19 265488 0.02546597 0.1185956  0.99187565
10 26 19 318479 0.02405405 0.11996412 0.97827029
10 26 19 373485 0.02202129 0.1174562  0.97409582
10 26 19 425773 0.02417207 0.11564279 0.97400689
10 26 19 466049 0.02211189 0.11584377 0.98440337
10 26 19 515540 0.02352023 0.11774158 0.99364996
10 26 19 567809 0.02668643 0.11081481 1.00273895
10 26 19 617413 0.02260709 0.10698557 1.01039004
10 26 19 666942 0.02375817 0.10602045 1.01564932
10 26 19 716240 0.02650213 0.10596585 1.00729465
10 26 19 775191 0.02544951 0.10935044 0.99307108
10 26 19 825438 0.02552462 0.1105094  0.98372054
10 26 19 874758 0.02207422 0.11044502 0.98813558
10 26 19 923158 0.02343345 0.1124649  0.99224138
10 26 19 975337 0.02377129 0.10999012 1.00027919
10 26 20 19266 0.02393699 0.11307597 1.00373888
10 26 20 68129 0.02823758 0.11281133 1.00659013
10 26 20 117148 0.0258894  0.11213994 1.00518417
10 26 20 170290 0.02357316 0.11420465 0.99815488
10 26 20 219538 0.02234554 0.11537957 0.98542595
10 26 20 268805 0.02383518 0.11828184 0.97838068
10 26 20 318116 0.02623534 0.11964226 0.98125911
10 26 20 367003 0.02428031 0.11266613 0.99014211
10 26 20 420233 0.02341056 0.10768771 0.99853539
10 26 20 469547 0.02565074 0.10752463 1.0127728 
10 26 20 518974 0.02578115 0.10924125 1.01232791
10 26 20 567559 0.02250481 0.11102962 1.00838447
10 26 20 621158 0.02192879 0.11446071 1.00147581
10 26 20 670048 0.02186227 0.11682224 0.98872256
10 26 20 719432 0.02111101 0.11865449 0.97903967
10 26 20 768403 0.0231905  0.11828327 0.97847033
10 26 20 817768 0.02076936 0.11244607 0.98664498
10 26 20 870421 0.02483988 0.11330247 0.99222565
10 26 20 920011 0.02534008 0.11122823 0.99501109
10 26 20 969227 0.02492166 0.11021113 0.9994669 
10 26 21 19030 0.02844214 0.11017513 1.00191975
10 26 21 67381 0.02621365 0.1102674  1.00361919
10 26 21 120855 0.02507281 0.11028123 0.9947412 
10 26 21 169794 0.02703714 0.11049652 0.99336219
10 26 21 219675 0.02386642 0.11320114 0.99510503
10 26 21 268305 0.02440619 0.11899042 0.99606419
10 26 21 326715 0.02755427 0.11684203 0.99664783
10 26 21 370278 0.02355671 0.11441803 0.99186301
10 26 21 419689 0.02283406 0.10887742 0.9925127 
10 26 21 468700 0.02321362 0.112041   1.00225067
10 26 21 518005 0.01979327 0.11427593 1.00399661
10 26 21 571319 0.0271275  0.1116004  0.99716043
10 26 21 620458 0.02929997 0.10763216 0.99085808
10 26 21 669499 0.02272964 0.11121798 0.99827361
10 26 21 718567 0.026402   0.11054516 1.00166774
10 26 21 771686 0.03073668 0.11756968 1.00083256
10 26 21 821013 0.02646327 0.1149683  0.99086118
10 26 21 870085 0.02956271 0.11105633 0.98880935
10 26 21 919581 0.0257051  0.10380244 1.00201178
10 26 21 969261 0.02651763 0.10464239 1.0120151 
10 26 22 21582 0.02419186 0.10946393 1.00583196
10 26 22 70895 0.02678943 0.11557841 0.98975587
10 26 22 126611 0.02677608 0.11452293 0.98558164
10 26 22 176968 0.02324605 0.10817695 0.98945761
10 26 22 218450 0.02322531 0.10236239 0.99865246
10 26 22 271399 0.02266836 0.10507441 1.00073528
10 26 22 320593 0.02311826 0.11258245 0.98619723
10 26 22 369708 0.0238843  0.11178899 0.98421383
10 26 22 419006 0.02201295 0.10490465 1.00217366
10 26 22 468100 0.02446938 0.1066072  1.01398373
10 26 22 521517 0.02676439 0.10719466 1.00744295
10 26 22 570382 0.02667284 0.10836291 0.98582292
10 26 22 619684 0.02463317 0.1086216  0.98939013
10 26 22 672577 0.02396369 0.11333203 0.99839067
10 26 22 722158 0.02839732 0.11487365 1.00590706
10 26 22 770991 0.02715588 0.11452579 0.99173474
10 26 22 820173 0.02355456 0.11404634 0.97870326
10 26 22 873713 0.01828814 0.11535287 0.98542476
10 26 22 922833 0.0239253  0.10960531 0.99924541
10 26 22 971838 0.03118348 0.11062574 1.01643562
10 26 23 21067 0.03021431 0.11195183 1.01480699
10 26 23 79958 0.02658582 0.11826587 0.99060917
10 26 23 123284 0.0290134  0.11533165 0.97287607
10 26 23 172518 0.02705359 0.11423087 0.97745848
10 26 23 221549 0.02669287 0.10847759 0.99170518
10 26 23 270764 0.02756572 0.11012173 0.9970746 
10 26 23 320268 0.02566695 0.11381865 0.99548054
10 26 23 373256 0.03077173 0.11775851 0.99076247
10 26 23 429974 0.03109598 0.11004639 1.00119233
10 26 23 477524 0.02736306 0.1091795  1.01266217
10 26 23 524481 0.02434087 0.10697484 1.00549603
10 26 23 573121 0.02408409 0.10848618 0.99715137
10 26 23 623112 0.02174139 0.11704469 0.97102356
10 26 23 673031 0.02221727 0.11742949 0.96870494
10 26 23 721465 0.024436   0.11250186 0.99350381
10 26 23 774259 0.02428198 0.10423875 1.01009822
10 26 23 823906 0.02466846 0.10484338 1.01693821
10 26 23 872495 0.02299571 0.11019993 1.015625  
10 26 23 922119 0.02692151 0.11468267 1.00737882
10 26 23 973183 0.02642155 0.11387253 1.00030923
10 26 24 24379 0.02568269 0.10559011 1.00398302
10 26 24 73469 0.02583385 0.10251999 1.00786734
10 26 24 123066 0.02370882 0.10416865 0.99650741
10 26 24 171951 0.02198005 0.10694289 0.97466016
10 26 24 225085 0.02694178 0.11527133 0.975348  
10 26 24 274225 0.02663565 0.11155033 0.99341035
10 26 24 323688 0.02948761 0.10790515 1.01166701
10 26 24 372558 0.02566743 0.11086297 1.01422024
10 26 24 421478 0.02770281 0.11258435 1.00428319
10 26 24 474892 0.02648234 0.11172771 0.9871788 
10 26 24 524188 0.02480125 0.11665416 0.98399019
10 26 24 573222 0.02337098 0.11387467 0.98524189
10 26 24 622736 0.02500081 0.11321449 0.98722744
10 26 24 675491 0.02206635 0.11736226 0.98385668
10 26 24 725010  0.01565623 -1.56205082 -0.2773807 
10 26 24 773864  1.07765198e-04 -6.20589256e-02 -8.24223042e-01
10 26 24 823201 0.02908683 0.11432815 1.00905466
10 26 24 876477 0.02390075 0.1105876  1.01673627
10 26 24 931715 0.02484584 0.09689784 1.01157451
10 26 24 983070 0.01731753 0.10262561 1.00757051
10 26 25 29936 0.01762414 0.11080766 1.00568008
10 26 25 73017 0.021101   0.11228347 0.99136281
10 26 25 125828 0.01642036 0.10768437 0.98842978
10 26 25 175585 0.01335931 0.11129832 0.99513721
10 26 25 224727 0.01744723 0.11533093 0.9974184 
10 26 25 273503 0.0200088  0.11164927 0.99592972
