14 8 1 845970 -0.00160027  0.00113201  0.00042486
14 8 1 853795 -0.00077391 -0.00226164  0.00069046
14 8 1 859737  0.00124168 -0.00469637  0.00024652
14 8 1 863465  0.001019   -0.00454712  0.00043058
14 8 1 867171  0.00137568 -0.00407505  0.00031519
14 8 1 904793  0.00042439 -0.00316811  0.00011635
14 8 1 908769  0.00029993 -0.00115204  0.00035286
14 8 1 952728 0.00015736 0.00036573 0.00062799
14 8 1 956868 -6.15119934e-05  2.24113464e-03  6.16550446e-04
14 8 2 6010 -1.06906891e-03  4.46891785e-03  3.52859497e-05
14 8 2 13341 -0.00128508  0.00502157  0.000247  
14 8 2 56851 -0.00105333  0.0044713  -0.00029898
14 8 2 61627 -0.00042772  0.00360298  0.00013876
14 8 2 109359 -0.00039339  0.00148296 -0.00038671
14 8 2 114018 -0.00138378  0.00022364 -0.00027084
14 8 2 154525 -4.94480133e-04 -4.45842743e-04  8.10623169e-05
14 8 2 161042 -2.50339508e-04 -1.58309937e-04  5.96046448e-05
14 8 2 203568 0.0011611  0.00011444 0.00022697
14 8 2 207668  1.92308426e-03 -8.84056091e-04 -5.81741333e-05
14 8 2 255313  1.32083893e-04 -2.14433670e-03 -5.76972961e-05
14 8 2 258835 -0.00058126 -0.00213003 -0.00036621
14 8 2 302204 -0.00135994 -0.00165224 -0.00069141
14 8 2 307335 -7.23361969e-04  9.53674316e-05 -4.54902649e-04
14 8 2 356351 -0.00053072  0.00093842 -0.00037956
14 8 2 361081 -0.00025368  0.00269938 -0.00058699
14 8 2 404423  0.00035334  0.00353193 -0.00071287
14 8 2 409599  0.0006156   0.00339556 -0.00070286
14 8 2 455979  2.52723694e-05  2.33173370e-03 -4.72545624e-04
14 8 2 461574 -0.00059795  0.00095081 -0.00045872
14 8 2 505856 -1.34277344e-03 -6.58988953e-04 -8.20159912e-05
14 8 2 510714 -0.00053453 -0.00273132  0.00021648
14 8 4 659327  0.00039482 -0.0029645   0.00054932
14 8 4 705540  0.00099087 -0.00247574  0.00087786
14 8 4 762165  0.00063515 -0.0015173   0.00076103
14 8 4 808657 -1.33514404e-04 -3.39508057e-04  2.19345093e-05
14 8 4 857892 -0.00076723  0.00234032  0.00019979
14 8 4 906304 -0.00060272  0.00366402  0.00033665
14 8 4 961078 -0.00031185  0.00431919  0.0005517 
14 8 5 7593 -0.00109291  0.00493431  0.00055075
14 8 5 60393 -0.00222445  0.00435114  0.00023508
14 8 5 108540 -0.0021596   0.00473022  0.00024271
14 8 5 157681 -0.00130796  0.00372791  0.00054741
14 8 5 210223 0.0002203  0.00203371 0.00054359
14 8 5 260559 0.00054407 0.00080585 0.00016642
14 8 5 309043  0.00022984 -0.00016069  0.00023508
14 8 5 357007 -1.95980072e-04 -2.10285187e-04 -9.77516174e-05
14 8 5 411791  9.39369202e-05 -1.79672241e-03 -1.57356262e-05
14 8 5 459753  0.00154877 -0.0033741  -0.00030899
14 8 5 510822  0.00235081 -0.00622416 -0.00083971
14 8 5 558295  0.00233889 -0.00771666 -0.00058889
14 8 5 608436  0.0017271  -0.00760937 -0.00111341
14 8 5 660547  0.00153589 -0.00627708 -0.00025702
14 8 5 709316  0.00041008 -0.00575733 -0.00045204
14 8 5 759934  0.00037241 -0.00469589 -0.0003109 
14 8 5 809579  0.0001502  -0.00385475 -0.00051546
14 8 5 861820  5.45024872e-04 -2.81238556e-03  5.57899475e-05
14 8 5 911530  0.00075293 -0.0025425  -0.00020027
14 8 5 958583  0.00017357 -0.0014739  -0.00019073
14 8 6 9423 -0.00010777 -0.00118065 -0.00053215
14 8 6 64435 -0.00055647 -0.00062609 -0.00062704
14 8 6 109341 -0.00076675  0.00071669 -0.00063419
14 8 6 160430 -0.00036144  0.00165844 -0.00059986
14 8 6 208789  0.00098896  0.00082493 -0.00047827
14 8 6 259130  0.00080299  0.00082874 -0.00010824
14 8 6 315688  0.00018883 -0.00073528 -0.00028801
14 8 6 360066 -5.97476959e-04 -1.47962570e-03 -4.38690186e-05
14 8 6 411313  1.23977661e-05 -1.60503387e-03 -1.44481659e-04
14 8 6 459115  2.65121460e-04 -1.96266174e-03  2.62260437e-05
14 8 6 512423  0.00108957 -0.00280476 -0.00013399
14 8 6 561122  4.66346741e-04 -2.70175934e-03 -7.43865967e-05
14 8 6 611914 -0.00097132 -0.00073719  0.00030756
14 8 6 660040 -0.00177288  0.00178528 -0.00033522
14 8 6 715048 -1.18017197e-03  3.31830978e-03 -8.67843628e-05
14 8 6 762655 -0.00091457  0.00437784 -0.00028181
14 8 6 812318  0.00026703  0.00465298 -0.00051069
14 8 6 860716 -1.66416168e-04  5.07068634e-03  4.52995300e-05
14 8 6 911293 -0.001122    0.00478411  0.00015259
14 8 6 964058 -0.00092506  0.00243282  0.00053167
14 8 7 11186 -9.48905945e-05 -1.14488602e-03 -2.32219696e-04
14 8 7 62608 -1.57356262e-04 -3.21817398e-03  3.19480896e-05
14 8 7 109304 -0.00026941 -0.00206089  0.00041676
14 8 7 160546 -0.00037622  0.00011301  0.00050592
14 8 7 213079 0.00052023 0.00121021 0.00015926
14 8 7 264069 0.00043917 0.00245714 0.00018072
14 8 7 310841 -0.00067997  0.00285864  0.00038004
14 8 7 363536 -1.15489960e-03  1.23977661e-05  1.12500238e+00
14 8 7 412725 -0.00225639  0.00265455 -0.00076485
14 8 7 464801 -1.97410583e-04 -8.05854797e-05 -1.53541565e-04
14 8 7 511152  1.85966492e-05  4.32968140e-04 -1.77383423e-04
14 8 7 560807  0.00036287  0.00033569 -0.00028801
14 8 7 613151  0.00050449  0.00143719 -0.00015068
14 8 7 666330 -6.35147095e-04  1.70564651e-03 -5.19752502e-05
14 8 7 711115 -0.00051451  0.00084734 -0.00041676
14 8 7 761619 -0.00026274  0.00104618 -0.00040388
14 8 7 814754 9.58442688e-05 3.18050385e-04 1.14440918e-05
14 8 7 865465  0.00025415 -0.00022173  0.00039577
14 8 7 911513 -1.90734863e-06 -7.99179077e-04 -3.00884247e-04
14 8 7 963136 -7.71999359e-04 -1.63078308e-04 -3.33786011e-05
14 8 8 10527  3.33786011e-04 -6.91413879e-05 -2.24113464e-05
14 8 8 66587  1.04904175e-05 -1.79290771e-04 -2.32696533e-04
14 8 8 113056  0.00047207 -0.0005517  -0.00018311
14 8 8 163760  0.00090647 -0.00058699 -0.00011635
14 8 8 210947  0.0007     -0.0006752   0.00028515
14 8 8 263947 -0.00023365 -0.00028372  0.00020742
14 8 8 313658 -0.00088882 -0.00032139  0.00028229
14 8 8 366324 -0.00075674 -0.00063324  0.00024223
14 8 8 412273  3.48091125e-05 -1.33895874e-03 -3.06606293e-04
14 8 8 460623  0.00084209 -0.00039053  0.0001111 
14 8 8 509901  0.0004673  -0.00050688 -0.0001483 
14 8 8 564568 0.00024319 0.00044489 0.00056839
14 8 8 612724 0.00016165 0.00074673 0.00014973
14 8 8 662578 -5.80310822e-04 -7.15255737e-06  0.00000000e+00
14 8 8 710166 -0.00015545  0.00032043 -0.00036812
14 8 8 766087 -0.00017262  0.00027704  0.00031519
14 8 8 813109  0.00085449 -0.00024223 -0.00017452
14 8 8 864747 2.47478485e-04 6.77108765e-05 2.58445740e-04
14 8 8 915755 -5.66959381e-04 -5.10215759e-04 -7.43865967e-05
14 8 8 968416 -0.0009017  -0.00094557 -0.00028229
14 8 9 12797 -1.07431412e-03  1.34468079e-04  8.44001770e-05
14 8 9 63709 0.00031137 0.00076675 0.00043535
14 8 9 111980  0.00021839  0.00072098 -0.00018597
14 8 9 168182  4.10079956e-05  1.44958496e-03 -9.87052917e-05
14 8 9 214557 -0.00045109  0.00155115  0.00023985
14 8 9 264263 -0.0001893   0.001091   -0.00017071
14 8 9 313387 -0.00040865  0.00095224 -0.00015116
14 8 9 364701 -0.00036907  0.00052547 -0.00026703
14 8 9 414651 -0.00019217 -0.00055075 -0.00040054
14 8 9 467070 -0.00030422 -0.00026274 -0.00022602
14 8 9 512818 -7.53402710e-05 -4.67300415e-05  5.20706177e-04
14 8 9 564556  1.23977661e-05 -5.57899475e-04  5.20229340e-04
14 8 9 617590  0.00037336 -0.00078058  0.0002532 
14 8 9 666296  0.00025415 -0.00083017  0.00047636
14 8 9 715260 -5.47885895e-04 -7.16686249e-04 -3.00407410e-05
14 8 9 763107 -0.00018024 -0.00064802 -0.00024319
14 8 9 813357  0.00010777 -0.0005827  -0.00058365
14 8 9 867211  0.00023174 -0.00049877 -0.00052452
14 8 9 917116  0.00073051 -0.00084257 -0.00087023
14 8 9 966841 -0.00041151 -0.00030661 -0.00052023
14 8 10 13550 -0.00099421  0.00095701 -0.00030756
14 8 10 67808 -0.00087786  0.00095034  0.00021839
14 8 10 115594 -0.00018311  0.00059175  0.00026512
14 8 10 166546 -3.54766846e-04 -7.40051270e-04 -5.38825989e-05
14 8 10 213584 -3.97682190e-04 -1.46627426e-03 -5.05447388e-05
14 8 10 265037  1.96933746e-04 -1.02758408e-03  2.38418579e-06
14 8 10 316039  0.00054884 -0.00132656 -0.00061607
14 8 10 368047  0.00058174 -0.00154066 -0.00094223
14 8 10 414349  0.00070047 -0.00197268 -0.00016356
14 8 10 464654 -0.00077438 -0.00099611 -0.00023317
14 8 10 511495 -0.0007     0.0007515 -0.0001874
14 8 10 568673 -0.00107384  0.00181484  0.0003376 
14 8 10 615361 -0.00047779  0.00180101  0.00025702
14 8 10 665273  0.00072956  0.00131035 -0.00048733
14 8 10 713977  0.00107098 -0.00162697 -0.00086737
14 8 10 770143  0.00067377 -0.0027709  -0.00084257
14 8 10 816631  4.57763672e-05 -2.63547897e-03 -6.17027283e-04
14 8 10 867795  2.05039978e-05 -3.98254395e-03 -6.62326813e-04
14 8 10 914915  0.00049925 -0.00495672 -0.00035667
14 8 10 966724  0.00071478 -0.00391006 -0.0007925 
14 8 11 15896  0.0017004  -0.00306892  0.00049353
14 8 11 68035  0.00084305 -0.00167942  0.00024414
14 8 11 115949  7.62939453e-06 -2.19869614e-03 -1.52111053e-04
14 8 11 167664 -0.00290871  0.00082922 -0.00132322
14 8 11 217730 -0.00084686 -0.00109196 -0.00106907
14 8 11 268860  0.00137806 -0.00281954 -0.00011539
14 8 11 316413  0.00274563 -0.00419044  0.00017071
14 8 11 366809  0.00269413 -0.00745916  0.00022507
14 8 11 413606  2.03180313e-03 -8.93449783e-03 -1.47819519e-05
14 8 11 469716  0.0008769  -0.00949192 -0.00031424
14 8 11 516649  0.0014267  -0.00877619 -0.00041199
14 8 11 568785  0.00091362 -0.00546026  0.00054312
14 8 11 614002  0.00069094 -0.00289297  0.0002079 
14 8 11 670671  0.00084639 -0.00089645  0.00089645
14 8 11 717518  0.00040436 -0.00019693 -0.00043917
14 8 11 767923  0.00034237  0.00052738 -0.00036383
14 8 11 816554 -0.00053263  0.00056791 -0.00030947
14 8 11 871403 -0.00103712  0.00069475 -0.00076246
14 8 11 917745 -0.00145054  0.00084352 -0.00129032
14 8 11 969583 -0.00077677  0.00163174 -0.00109148
14 8 12 20112  2.39372253e-04  3.57770920e-03 -9.34600830e-05
14 8 12 68464  0.00052452  0.00323439 -0.00033617
14 8 12 119358 -0.00029182  0.00307226  0.00029802
14 8 12 169350 -0.0016017   0.00278378  0.00059795
14 8 12 216571 -0.00181341  0.0025754   0.00015926
14 8 12 269204 -0.00137663  0.00275993  0.0004921 
14 8 12 320666 -0.00071049  0.0035634   0.00123405
14 8 12 368129 0.00019693 0.00326777 0.00101757
14 8 12 417373 -0.00051165  0.00332594  0.00083637
14 8 12 468076 -0.00113678  0.00291729  0.00017929
14 8 12 521045 -1.59215927e-03  1.79052353e-03  2.38418579e-05
14 8 12 567932 -9.20295715e-05  8.26358795e-04 -4.08649445e-04
14 8 12 620919  0.00022078 -0.00030279 -0.00034666
14 8 12 669712  0.00058889 -0.00172472  0.00056553
14 8 12 718861 -0.00045538 -0.00132513  0.00056362
14 8 12 770494 -9.15527344e-04 -2.36749649e-03  3.48091125e-05
14 8 12 819536 -0.00184393 -0.00213385 -0.00026178
14 8 12 867155 -0.00193167 -0.00155592 -0.0008316 
14 8 12 915751  0.0009222   0.00016546 -0.00150585
14 8 12 965392  0.00283051 -0.00039005 -0.00144053
14 8 13 18712  0.00272846 -0.00123024 -0.00116968
14 8 13 70022  0.00070477 -0.00302219 -0.00155973
14 8 13 117288 -0.00105572 -0.00384045 -0.00182676
14 8 13 167983 -0.00171089 -0.00252295 -0.0009346 
14 8 13 219068 -0.00018311 -0.00173998 -0.00062704
14 8 13 273258  0.00173521 -0.00052738 -0.00025558
14 8 13 316972 0.00203323 0.0009799  0.00133562
14 8 13 374292  5.44548035e-04 -4.67300415e-05  1.78337097e-04
14 8 13 423696 -0.00190115  0.00078773 -0.00013828
14 8 13 472700 -0.00221586  0.00164795  0.00018644
14 8 13 518371 -1.12342834e-03  2.41947174e-03 -8.91685486e-05
14 8 13 569104 3.14712524e-05 3.28111649e-03 1.66893005e-05
14 8 13 620274 3.76224518e-04 2.52485275e-03 5.86509705e-05
14 8 13 673271  4.24861908e-04  8.65459442e-04 -3.33786011e-06
14 8 13 719744  0.00037432 -0.00109053 -0.00012207
14 8 13 768777 -3.38554382e-05 -2.85673141e-03  1.01566315e-04
14 8 13 820188 -0.00057983 -0.00289536  0.00031757
14 8 13 870375  5.42163849e-04 -3.17525864e-03  8.86917114e-05
14 8 13 919358  0.00104141 -0.00124693 -0.0006156 
14 8 13 972516  0.00134039 -0.0011301  -0.00035381
14 8 14 20585  0.00097322 -0.0012064  -0.00081491
14 8 14 69908 -0.00033617  0.00097513 -0.00072289
14 8 14 120150 -0.00279284  0.00218487 -0.00060844
14 8 14 169793 -0.00311089  0.00322485 -0.00134277
14 8 14 218441 -0.00207281  0.00484371 -0.00148392
14 8 14 267727 -0.00089312  0.00662231 -0.00124598
14 8 14 316610  0.00084639  0.00613546 -0.00133085
14 8 14 370378  0.00101185  0.0049715  -0.00050163
14 8 14 420216 0.00051165 0.00071049 0.00016499
14 8 14 469170  0.00096893 -0.00471687  0.00061035
14 8 14 522492  9.91821289e-05 -9.21678543e-03  2.83241272e-04
14 8 14 570806  0.00127316 -0.01274586  0.00073528
14 8 14 621576  0.00274038 -0.01229477  0.00104046
14 8 14 670360  0.00317192 -0.00853682  0.00159073
14 8 14 722627  0.00234413 -0.00653505  0.0014267 
14 8 14 774751  0.0014801   0.00375414 -0.00045347
14 8 14 820775  0.00075722 -0.00154018 -0.00022602
14 8 14 870582 -0.00175333 -0.00491285 -0.00026321
14 8 14 919196 -0.00192213 -0.00694561  0.00024223
14 8 14 968547  0.00046349 -0.00662279  0.00065851
14 8 15 21264  0.00331306 -0.00644636  0.00058031
14 8 15 70661  0.00367498 -0.00618744  0.00092411
14 8 15 121008  0.00200367 -0.00424623  0.00090027
14 8 15 169823 -0.00162745 -0.00119686  0.00103426
14 8 15 220045 -0.00426006  0.00051117  0.00027943
14 8 15 274748 -0.00440693  0.0029068   0.00035429
14 8 15 319891 -0.00222826  0.00402355  0.00031376
14 8 15 370215  0.00036669  0.00387335 -0.00045061
14 8 15 420640  1.15060806e-03  5.64146042e-03 -6.67572021e-05
14 8 15 468248 0.0006814  0.005795   0.00044489
14 8 15 520730 -0.00041914  0.00473928 -0.00023317
14 8 15 573391 -0.00101566  0.00091982 -0.00123787
14 8 15 622925 -1.66082382e-03  2.95639038e-05 -1.22117996e-03
14 8 15 673902 -0.00144148  0.00109768 -0.00182724
14 8 15 724838 -0.00022793  0.00425482 -0.00248241
14 8 15 771423 2.76517868e-03 6.54840469e-03 1.76429749e-05
14 8 15 820460 0.0050559  0.00236082 0.00092363
14 8 15 873236  0.002882   -0.00559711  0.00086689
14 8 15 923094 -0.00182629 -0.01263714  0.00085592
14 8 15 973143 -0.00488424 -0.01471901  0.00030899
14 8 16 22156 -0.00298166 -0.01067781  0.00085592
14 8 16 72651  0.00150061 -0.00414085  0.00060844
14 8 16 123000 0.00439882 0.00297308 0.00102758
14 8 16 172300 0.00208092 0.00816345 0.00058126
14 8 16 220948 -0.00222158  0.01316452 -0.00062704
14 8 16 275235 -0.00710392  0.01857233 -0.00036383
14 8 16 323554 -6.78396225e-03  2.17475891e-02  8.67843628e-05
14 8 16 376656 -0.00447845  0.01857328 -0.00011206
14 8 16 421710 -1.36995316e-03  1.36747360e-02 -4.48226929e-05
14 8 16 475098 -0.00087166  0.0056119  -0.0006814 
14 8 16 524187 -0.00178289  0.00171375 -0.00140524
14 8 16 578044 -0.00183344 -0.00081587 -0.00178623
14 8 16 622682  0.00053692 -0.00331593 -0.00075817
14 8 16 671887  0.00264645 -0.00842381 -0.00054789
14 8 16 721212  0.00446749 -0.01488256  0.00010252
14 8 16 771024  3.93342972e-03 -2.16407776e-02 -6.67572021e-05
14 8 16 826045  0.00402594 -0.02457714  0.0005641 
14 8 16 873980  0.00406456 -0.02805805  0.00012636
14 8 16 923611  0.00440121 -0.02910852 -0.00022745
14 8 16 970976  0.00324202 -0.02703238 -0.00087023
14 8 17 23786  0.00386381 -0.01858521 -0.00080013
14 8 17 73518  0.00440598 -0.00616169 -0.00065994
14 8 17 123465  0.00508881  0.0057826  -0.00071812
14 8 17 172116  0.00197411  0.012784   -0.00141811
14 8 17 220949 -2.06613541e-03  1.59006119e-02  5.10215759e-05
14 8 17 275408 -0.00377464  0.01510286 -0.00060415
14 8 17 324020 -0.0063653   0.01141071 -0.0011301 
14 8 17 372729 -0.00579309  0.00647783 -0.00039005
14 8 17 423049 -0.00198555  0.00150633 -0.00046158
14 8 17 478027  0.0027647  -0.00405884 -0.00040674
14 8 17 523419  0.00501585 -0.01164532 -0.00055647
14 8 17 574502  0.00522375 -0.01754284 -0.00097132
14 8 17 622434  0.00324059 -0.02366734 -0.00240707
14 8 17 675579  0.00387144 -0.02687073 -0.00165367
14 8 17 724078  0.0045557  -0.00944138  0.00810337
14 8 17 773702  0.00375319 -0.00939608  0.00491524
14 8 17 822761  0.00574303 -0.02767706  0.00046587
14 8 17 872286  0.00621557 -0.02962399  0.00256729
14 8 17 925442  0.00276804 -0.02654982  0.00181293
14 8 17 976565  0.00141716 -0.03009796  0.00052738
14 8 18 23723 -0.00073957 -0.01655054 -0.00157976
14 8 18 75935  0.00074005  0.00424576 -0.00016642
14 8 18 126296  0.00588608  0.01311874 -0.0001049 
14 8 18 176088  0.00527573  0.02179766 -0.00206089
14 8 18 224429 -0.00130367  0.02337933 -0.00148296
14 8 18 276096 -0.00853205  0.01749754 -0.00086784
14 8 18 326402 -1.00903511e-02  1.43942833e-02 -7.72476196e-05
14 8 18 375592 -0.00683594 -1.37496328  3.28125286
14 8 18 425816 -0.00158358  0.00110626  0.0004344 
14 8 18 474734  0.00484943 -0.00612307  0.0010047 
14 8 18 523009  0.00801992 -0.01085854  0.0003233 
14 8 18 577998 -0.00553989  0.01787329  0.00092888
14 8 18 627872 -0.01040745  0.01212358  0.00071144
14 8 18 675240 -0.01075172  0.0036025  -0.00107241
14 8 18 723642 -0.00424194 -0.00549364 -0.00035572
14 8 18 775735  0.00399685 -0.00826454  0.0010004 
14 8 18 826758  8.41712952e-03 -8.60977173e-03 -1.81198120e-05
14 8 18 875396  0.00803518 -0.0089941   0.00032187
14 8 18 926543  0.0056653  -0.005548    0.00057268
14 8 18 974025  0.00225019 -0.00511408 -0.00041342
14 8 19 24401 -0.00184298 -0.00734901 -0.00063181
14 8 19 76914 -0.00448847 -0.00446272 -0.00072527
14 8 19 127894 -0.00319767  0.0007515   0.00012493
14 8 19 175665 -0.00113773  0.00541687  0.00067902
14 8 19 226367 -1.57356262e-04  9.86146927e-03 -9.72747803e-05
14 8 19 277747 -0.00041962  0.01296186  0.00019026
14 8 19 326319 -0.00153685  0.01196003 -0.00124598
14 8 19 375336 -0.00324202  0.00704575 -0.00119066
14 8 19 425464 -0.00357485  0.00334454 -0.00014687
14 8 19 477089 -2.35557556e-03 -2.28452682e-03 -6.10351562e-05
14 8 19 527063  6.34193420e-05 -9.21726227e-03  1.91688538e-04
14 8 19 575363  0.0027194  -0.01279163  0.00065374
14 8 19 628361  0.00538635 -0.01469374  0.0007863 
14 8 19 675441  0.00544643 -0.01503611  0.0004468 
14 8 19 729613  0.00379515 -0.01048231  0.00035191
14 8 19 777573  0.00202656 -0.003901    0.00053263
14 8 19 825594  0.00073099  0.00288916 -0.00030184
14 8 19 875726 -0.00068283  0.00815201 -0.00064039
14 8 19 924108 -0.00295782  0.01122475 -0.00132656
14 8 19 977221 -0.00474548  0.01222897 -0.00062037
14 8 20 26041 -0.00517416  0.01180029 -0.00131893
14 8 20 75409 -0.00653362  0.01051903 -0.00144768
14 8 20 126227 -0.00556993  0.00942898 -0.00085688
14 8 20 173789 -0.00227165  0.00686216 -0.00053072
14 8 20 227216  0.00152063  0.00214195 -0.00075912
14 8 20 275713  0.00442362 -0.0023427  -0.00013542
14 8 20 325189  0.00439215 -0.0090189   0.00020599
14 8 20 377983  0.00355387 -0.0149045   0.00038528
14 8 20 427867  0.00129318 -0.01731777  0.0008297 
14 8 20 476275  0.00100422 -0.01756716  0.00079393
14 8 20 526542  0.00203323 -0.01341772  0.00113058
14 8 20 579294  0.00350618 -0.00651169  0.00067759
14 8 20 630535 0.00377941 0.00151491 0.00049686
14 8 20 677325 0.00139427 0.00818396 0.00069237
14 8 20 730376 -0.00212336  0.01259804 -0.0006628 
14 8 20 775927 -0.00532198  0.0133481  -0.00134468
14 8 20 832779 -0.00637293  0.01388073 -0.00086594
14 8 20 879827 -0.00511694  0.01042032 -0.00051498
14 8 20 930422 -0.00226021  0.00418425 -0.00106478
14 8 20 976798  0.00018311 -0.00071859 -0.00133657
14 8 21 27703  0.0017581  -0.0052681  -0.00043631
14 8 21 80173  0.00237846 -0.00807333 -0.00035191
14 8 21 131575  0.00226021 -0.00869656  0.00025463
14 8 21 178331  0.00280285 -0.00845909  0.00064039
14 8 21 228381  0.0025053  -0.00742197  0.00101566
14 8 21 277733  0.00239038 -0.00644493  0.00014305
14 8 21 332391  4.56333160e-04 -3.79657745e-03  7.24792480e-05
14 8 21 380719 -0.0012393   0.0006361   0.00016403
14 8 21 429752 -0.00149345  0.00613499 -0.0002203 
14 8 21 481540 -0.00216341  0.01025248 -0.0004015 
14 8 21 532396 -0.00223827  0.01299858 -0.00032187
14 8 21 579430 -0.00207567  0.01260281 -0.00033092
14 8 21 628751 -0.00234318  0.01011229 -0.00038671
14 8 21 678535 -0.00264931  0.00538206 -0.00028276
14 8 21 732971 -0.0017457  -0.00045204 -0.00021982
14 8 21 780263  2.02178955e-04 -6.47115707e-03  4.38690186e-05
14 8 21 829829  0.00201559 -0.01104069  0.00058794
14 8 21 878950  0.00372171 -0.01361465  0.00104666
14 8 21 930675  0.00386286 -0.01326609  0.00099897
14 8 21 980777  0.00280714 -0.01099157  0.00059366
14 8 22 29027  0.0013423  -0.00666952  0.00016117
14 8 22 79305 -0.00019169  0.0010314  -0.0003438 
14 8 22 127556 -3.14712524e-04  2.28881836e-05 -6.25019073e-02
14 8 22 180755 -0.00141382  0.00897503 -0.00084352
14 8 22 230212 -0.0017848  -0.00624132 -0.00204515
14 8 22 281154  0.0031867  -0.00107288 -0.00099707
14 8 22 331178  6.97946548e-03 -7.53402710e-05 -9.07421112e-04
14 8 22 382519  0.00545883 -0.00153255 -0.00223255
14 8 22 435320  0.00040722  0.00047064 -0.00128984
14 8 22 481720 -0.00289488  0.00264168  0.00203657
14 8 22 532350 -0.00420427 -0.00180435  0.00014257
14 8 22 578340 -0.00217438 -0.00527954 -0.00024557
14 8 22 633572 -5.78403473e-04 -6.69145584e-03  1.14440918e-05
14 8 22 682487  1.84059143e-03 -5.38682938e-03 -7.86781311e-05
14 8 22 733005  0.00289679 -0.00029469 -0.00024796
14 8 22 780893 0.00293636 0.00195742 0.00042343
14 8 22 835084 1.98745728e-03 3.43799591e-03 9.77516174e-05
14 8 22 883256 -0.00051117  0.00411654 -0.00098467
14 8 22 934648 -1.88255310e-03  3.43036652e-03  8.96453857e-05
14 8 22 981198 -1.98268890e-03  3.13186646e-03  6.43730164e-05
14 8 23 31542 -8.91208649e-04  1.15156174e-03 -5.86509705e-05
14 8 23 82435 -0.00056553 -0.00182819 -0.00046921
14 8 23 134477 -0.00063324 -0.00335026  0.00010872
14 8 23 182740 -2.52723694e-05 -2.56586075e-03 -6.98089600e-04
14 8 23 233141  7.39097595e-04 -2.38466263e-03 -3.29017639e-05
14 8 23 278606  9.76562500e-04  5.56468964e-04 -4.19616699e-05
14 8 23 334597 1.91688538e-04 8.87393951e-04 2.47955322e-05
14 8 23 382964  9.77516174e-05 -3.64303589e-04  2.40802765e-04
14 8 23 432326 -7.39097595e-05 -1.47581100e-03  5.06401062e-04
14 8 23 480036 -0.00057411 -0.00195456 -0.00034094
14 8 23 535563 -0.00074148 -0.00238466  0.0001483 
14 8 23 582060  0.00018644 -0.00145578  0.00035048
14 8 23 631341 1.10197067e-03 2.63214111e-04 8.53538513e-05
14 8 23 680974 7.40051270e-04 1.17778778e-03 8.10623169e-06
14 8 23 728641 -0.00056553  0.00289392  0.00010061
14 8 23 783431 -0.00190639  0.00363827 -0.00012016
14 8 23 832160 -0.00160646  0.00407362 -0.00026512
14 8 23 881240 -0.00062132  0.00311089  0.00054455
14 8 23 930088  0.0004673  -0.00025797 -0.00017738
14 8 23 982626 -0.00019789 -0.00196552 -0.00089121
14 8 24 33094 -0.00175524 -0.00017977 -0.00016022
14 8 24 83703 -0.00021362  0.0007534   0.        
14 8 24 134459  0.00092745  0.00166798 -0.00036812
14 8 24 181755 0.00130892 0.00154114 0.00013304
14 8 24 234539  0.00019884 -0.00036287 -0.00040054
14 8 24 283972 -0.00063133 -0.00057173  0.00020218
14 8 24 333309 -0.00065947 -0.00173569  0.00015926
14 8 24 381253  0.00032902 -0.00239944  0.0005393 
14 8 24 434425  0.00117254 -0.00387812 -0.00041056
14 8 24 486701  9.39846039e-04 -4.14085388e-03 -4.14848328e-05
14 8 24 532820  3.38554382e-04 -2.63071060e-03 -4.29153442e-05
14 8 24 584220 -0.00033331 -0.00032568 -0.00039625
14 8 24 629453 -6.68525696e-04  2.99739838e-03  3.48091125e-05
14 8 24 687717 -0.00022793  0.00455427  0.000422  
14 8 24 732154 -0.00037336  0.00447512 -0.00020981
14 8 24 783442  0.00036621  0.0029068  -0.00013828
14 8 24 830560 -2.74658203e-04  1.28316879e-03 -1.43051147e-06
14 8 24 883856 -4.08172607e-04 -1.20115280e-03 -2.28881836e-05
14 8 24 934342 -0.00109673 -0.00223541  0.00020027
14 8 24 985773 -0.00122929 -0.00200987 -0.00040817
14 8 25 34187 -3.95774841e-04 -1.03521347e-03  2.76565552e-05
14 8 25 87631 0.00082016 0.00068617 0.00048494
14 8 25 135337 0.00031042 0.00133419 0.00049973
14 8 25 184942  3.78131866e-04  2.83241272e-04 -9.48905945e-05
14 8 25 233225 -0.00100994 -0.00075293  0.00076389
14 8 25 288184 -0.00155544 -0.00074053 -0.00018406
14 8 25 336821 -0.0017724   0.00034475 -0.0005126 
14 8 25 385789 -0.00078869  0.00242567 -0.00027657
14 8 25 434587 0.00048876 0.00373936 0.00038576
14 8 25 486429  1.83820724e-03  5.04064560e-03 -6.38961792e-05
14 8 25 537020 0.00060415 0.00439119 0.00012302
14 8 25 587394 -0.00185204  0.00270128 -0.00022936
14 8 25 634462 -0.00273418  0.0010829   0.00027943
14 8 25 685544 -0.00133944 -0.00088835  0.00013685
14 8 25 733875  9.71794128e-04 -4.30059433e-03  5.19752502e-05
14 8 25 787848  2.30169296e-03 -7.35378265e-03  5.34057617e-05
14 8 25 837123  0.0020628  -0.00812387  0.00038052
14 8 25 887424 6.65664673e-04 3.12218666e-02 2.87499857e+00
14 8 25 934704 -2.21252441e-04 -4.68111038e-03 -7.20024109e-05
14 8 25 986299 -0.00057554  0.0005784   0.00027561
14 8 26 37544 -0.00061941  0.00199842  0.00029421
14 8 26 85700 -0.00094604  0.00327253  0.0004468 
14 8 26 133750 -0.00027561  0.00361204 -0.00019884
14 8 26 186546  0.00012827  0.00301504 -0.00016975
14 8 26 235590 0.00070477 0.00189018 0.00010681
14 8 26 286851  5.55992126e-04  1.28269196e-04 -7.00950623e-05
14 8 26 335749  0.00046206 -0.00221157  0.00073004
14 8 26 389430  0.00014973 -0.00457144  0.00037479
14 8 26 438177  0.00070572 -0.00598383 -0.00018787
14 8 26 486846  0.0005641  -0.00648212 -0.00016832
14 8 26 537875 -0.0010252  -0.0028882   0.00025368
14 8 26 587091 -0.00209522  0.00254726 -0.00108242
14 8 26 637281 8.34465027e-05 8.50725174e-03 2.77519226e-04
14 8 26 688162 0.00238848 0.00973463 0.00069618
14 8 26 736873 0.00200176 0.00694084 0.00012064
14 8 26 786555 -0.00101089  0.00159454  0.00012684
14 8 26 835900 -0.00491476 -0.00408173 -0.00032282
14 8 26 890349 -0.00519514 -0.00570107  0.00012112
14 8 26 938712 -0.00150871 -0.00728464 -0.00054073
14 8 26 987498  0.00368929 -0.00563002 -0.00022745
14 8 27 36272  0.00662756 -0.00367832 -0.00041866
14 8 27 86797  0.00640297 -0.00174713 -0.00045824
14 8 27 136388  0.00440598 -0.00119019 -0.000453  
14 8 27 188603 -0.0004282  -0.00041866  0.00045109
14 8 27 235886 -0.00397491 -0.00029993  0.00032854
14 8 27 287338 -0.00532246 -0.00089169  0.00026703
14 8 27 338299 -0.0037365  -0.00041437 -0.00013208
14 8 27 388712 -0.00040722  0.00140905 -0.00024033
14 8 27 438228  0.00179338  0.00340748 -0.00060415
14 8 27 486016  0.00246191  0.00479746 -0.00028563
14 8 27 537160  0.00115728  0.0050087  -0.00039291
14 8 27 589328 -7.85350800e-04  4.07409668e-03 -9.82284546e-05
14 8 27 639542 -0.00209999  0.00140238 -0.00048161
14 8 27 687463 -0.00180244 -0.00123787 -0.00047827
14 8 27 737375 -1.10960007e-03 -3.50093842e-03 -4.62532043e-05
14 8 27 787630  7.51972198e-04 -4.54378128e-03 -9.87052917e-05
14 8 27 839125  0.00182438 -0.00298834  0.00048399
14 8 27 888619  0.00168657 -0.00176096  0.00059509
14 8 27 937311  0.00075293 -0.00025845  0.00051832
14 8 27 987047 -0.00023031  0.00100183  0.00024605
14 8 28 38214 -0.00134182  0.00216055 -0.00016594
14 8 28 89079 -0.00134706  0.00395107 -0.00026846
14 8 28 138937 -0.00055361  0.00286961 -0.00010681
14 8 28 187580  0.00017786  0.00170088 -0.00068426
14 8 28 237549 -2.66075134e-04  5.34057617e-05 -8.91685486e-05
14 8 28 288873 -0.00068951 -0.0009141  -0.00042152
14 8 28 337638 -8.91685486e-04 -1.25312805e-03  6.38961792e-05
14 8 28 386582 -0.0011034  -0.00093269  0.00025272
14 8 28 436479 -0.00010204 -0.00075817  0.00012589
14 8 28 489703  0.00099134 -0.0011096   0.00022125
14 8 28 539089  0.00117779 -0.00121784 -0.00013876
14 8 28 588324  0.00127172 -0.00284052  0.00024033
14 8 28 637234  1.05476379e-03 -2.79712677e-03  9.77516174e-05
14 8 28 691033  0.00048304 -0.00272036  0.0004015 
14 8 28 739914 -0.00022745 -0.0018301  -0.00029612
14 8 28 790116 -1.22499466e-03  2.07424164e-04  2.14576721e-05
14 8 28 838441 -9.68456268e-04  3.56960297e-03 -8.44001770e-05
14 8 28 888732 -0.00076914  0.0055275   0.00020027
14 8 28 940354 -0.00021172  0.00595713  0.00018215
14 8 28 991747 -0.00050974  0.00387287 -0.0005703 
14 8 29 38848 -5.30719757e-04  1.12295151e-03 -9.67979431e-05
14 8 29 88703 -0.00109625 -0.00158072 -0.00023079
14 8 29 141603 -4.76360321e-04 -1.86157227e-03 -2.67028809e-05
14 8 29 190379  4.46319580e-04 -1.48200989e-03 -1.14440918e-05
14 8 29 239401  0.00167847 -0.00214481  0.00032711
14 8 29 289911  0.00158405 -0.00176907  0.00034761
14 8 29 342433  3.45706940e-04 -1.65081024e-03  6.48498535e-05
14 8 29 391720 -0.00106096 -0.00086737  0.00010586
14 8 29 440692 -0.00127506  0.00119066 -0.00023031
14 8 29 488902 -0.00138235  0.00117397 -0.00059795
14 8 29 538283  0.0009017   0.0018611  -0.00031948
14 8 29 592962 1.08861923e-03 8.58306885e-06 1.68749857e+00
14 8 29 638858  0.00061846  0.00114107 -0.00011253
14 8 29 689471  2.38418579e-05 -4.22811508e-03  1.44958496e-04
14 8 29 739241 -0.00184059 -0.00580788  0.00028753
14 8 29 791631 -3.37028503e-03 -4.07028198e-03 -6.48498535e-05
14 8 29 841399 -1.05190277e-03 -8.82625580e-04  4.43458557e-05
14 8 29 891303  0.00189495  0.00196648 -0.00088406
14 8 29 938415  0.00372171  0.00478363 -0.00025177
14 8 29 991083  0.00307226  0.00574827 -0.00105333
14 8 30 41433 0.0003562  0.00543642 0.00052977
14 8 30 93707 -0.00363255  0.00136662  0.00044346
14 8 30 140771 -0.00568724 -0.00203371 -0.00018311
14 8 30 190553 -0.00437927 -0.00463581 -0.00056887
14 8 30 242069 -0.00032902 -0.0026269  -0.00047016
14 8 30 294052  0.00467777 -0.00054121  0.00017214
14 8 30 341156  0.00626802 -0.0003252  -0.0002284 
14 8 30 391916  0.00302505 -0.00099039 -0.0005827 
14 8 30 438262 -1.41811371e-03  2.38418579e-06 -2.22682953e-04
14 8 30 495428 -4.57048416e-03 -1.72615051e-04 -7.72476196e-05
14 8 30 541822 -0.00419569  0.00106668  0.00025177
14 8 30 592698 -0.00127888  0.00098228  0.00082254
14 8 30 638454 0.00153828 0.00052738 0.00045013
14 8 30 694713 0.00230074 0.00017452 0.00047207
14 8 30 742201 8.45432281e-04 5.12599945e-04 8.01086426e-05
14 8 30 793647 -0.00100422  0.00064468  0.00018358
14 8 30 841585 -0.00154066  0.00024509 -0.00079584
14 8 30 895887 -2.95162201e-04  4.79698181e-04  6.19888306e-06
14 8 30 942164  0.00094175 -0.00043774  0.00010633
14 8 30 994361  0.00162601 -0.00115204  0.00010872
14 8 31 41192  0.00067806 -0.00160122  0.00056267
14 8 31 96663 -0.0002203  -0.00266218  0.00039148
14 8 31 144955 -0.00167894 -0.00278997 -0.00034285
14 8 31 194114 -0.00127935 -0.00133896 -0.00018263
14 8 31 242581 -0.00029564  0.00056028  0.00029564
14 8 31 290870  0.00079203  0.00261784 -0.00035906
14 8 31 345069  0.00155449  0.00310183 -0.00027323
14 8 31 394443  0.0008502   0.0028944  -0.00055122
14 8 31 442130 -0.00030899  0.00165272 -0.00043821
14 8 31 494093 -0.00143671  0.00087166 -0.00038624
14 8 31 542577 -1.64985657e-03  9.29832458e-05 -6.21318817e-04
14 8 31 596084 -2.37941742e-04  2.24590302e-04  7.62939453e-06
14 8 31 641324 0.00038052 0.00114441 0.00019217
14 8 31 693375  6.10351562e-05  1.87540054e-03 -2.67028809e-05
14 8 31 741499 0.00026083 0.0016818  0.00046635
14 8 31 791099 -5.14984131e-05  1.01566315e-04 -2.33650208e-05
14 8 31 844097 -0.00073242 -0.00209904 -0.00020838
14 8 31 892087  0.00015402 -0.00313139  0.00022888
14 8 31 941173  0.0005579  -0.00330734  0.00010157
14 8 31 993199  0.00132275 -0.00279665  0.00047541
14 8 32 46352  0.00117445 -0.00182295  0.00020123
14 8 32 93790 -1.15871429e-04  1.51157379e-04 -9.58442688e-05
14 8 32 143953 -0.00101852  0.00150442  0.00030613
14 8 32 192385 -0.00132418  0.00270796  0.00061178
14 8 32 245235 -0.00095367  0.00229788  0.00026274
14 8 32 295424 -0.00024319  0.00140238  0.0002017 
14 8 32 341040 0.00035429 0.00035286 0.00012875
14 8 32 391861  6.63280487e-04 -1.74570084e-03 -8.20159912e-05
14 8 32 440267  0.00047779 -0.00288582 -0.00026178
14 8 32 494105  0.00074768 -0.00358486 -0.00044632
14 8 32 543006  0.00064802 -0.00392294 -0.00024986
14 8 32 594561  3.15189362e-04 -1.81388855e-03 -8.63075256e-05
14 8 32 640726  5.16414642e-04 -4.14848328e-05 -2.47955322e-05
14 8 32 691168 -2.33650208e-05  1.83105469e-03  1.78813934e-04
14 8 32 743251 -8.15391541e-05  2.92634964e-03  1.00135803e-04
14 8 32 794027 -0.00096273  0.00273037 -0.00010872
14 8 32 841363 -1.99985504e-03  8.12530518e-04 -9.05990601e-05
14 8 32 894993 -1.48057938e-03  4.67777252e-04 -4.91142273e-05
14 8 32 942868 -0.00031185 -0.00025272 -0.00040531
14 8 32 996898  0.00058699  0.00017309 -0.00040722
14 8 33 43785  0.00096178  0.00076485 -0.00040817
14 8 33 91423  0.00085688  0.00074577 -0.00022459
14 8 33 146444  0.00062799  0.00151587 -0.00011873
14 8 33 196214 -0.00043344  0.00144529 -0.00041056
14 8 33 245456 -1.07812881e-03  1.43051147e-06  3.53124714e+00
14 8 33 294011 -0.00065565  0.0008769  -0.00022888
14 8 33 341505 -0.00111818  0.00085211 -0.00030851
14 8 33 398765 -0.00042677  0.00098991 -0.00043392
14 8 33 445166 -5.62667847e-05  1.33180618e-03 -5.55038452e-04
14 8 33 494966 -2.33650208e-05  8.89778137e-04 -5.67436218e-05
14 8 33 544714  3.58104706e-04 -2.05039978e-05 -2.10285187e-04
14 8 33 598501  0.00047636 -0.00139999 -0.00026846
14 8 33 647052 -0.00034666 -0.00195312  0.000278  
14 8 33 697249  8.15391541e-05 -2.38704681e-03  5.24520874e-06
14 8 33 745075 -0.00025749 -0.00179768 -0.00039959
14 8 33 793595  5.84125519e-04 -4.53948975e-04 -2.24113464e-05
14 8 33 845172  4.71115112e-04 -1.73091888e-04 -5.00679016e-05
14 8 33 897253  2.31266022e-04  1.08957291e-03 -2.38418579e-06
14 8 33 946782 -3.10897827e-04  3.66210938e-04 -2.43186951e-05
14 8 33 995756 -0.00060797  0.0004797  -0.0001893 
14 8 34 44341 -1.82628632e-04  2.67028809e-05 -3.81469727e-05
14 8 34 97244 -2.21729279e-04 -7.10487366e-05  2.43186951e-04
14 8 34 146415 -0.00052071 -0.00015831  0.0001626 
14 8 34 196288  0.00033426  0.0002408  -0.00019217
14 8 34 243970 0.00011826 0.00071335 0.00022125
14 8 34 297535 0.00025129 0.00071764 0.00017834
14 8 34 344980 -5.48362732e-04 -3.29017639e-05  1.14440918e-05
14 8 34 396281 -0.00022507  0.00014353  0.0002079 
14 8 34 444676 -0.00043344  0.00030565  0.00026703
14 8 34 499034 -6.00814819e-05 -4.94003296e-04 -4.02450562e-04
14 8 34 546336  0.00019217 -0.00028086  0.00011873
14 8 34 594528 -0.00021648 -0.0007472  -0.00011015
14 8 34 646205 -8.05854797e-05 -1.02472305e-03 -4.60624695e-04
14 8 34 696103 -4.73976135e-04 -1.10626221e-04  2.19345093e-05
14 8 34 748731 -1.25408173e-04  4.10556793e-04  7.29560852e-05
14 8 34 797814 5.55992126e-04 1.93119049e-04 8.86917114e-05
14 8 34 845019  0.00070429  0.00023699 -0.00034714
14 8 34 895977  0.00077915 -0.00043917  0.00038767
14 8 34 948741  0.00019264 -0.00130033  0.00046444
14 8 34 997696 -0.0004077  -0.00193787 -0.00040865
14 8 35 47442 -0.00078297 -0.00205231 -0.00016546
14 8 35 94340  0.00012922 -0.00188828  0.00023794
14 8 35 150638  0.00028133 -0.00031757 -0.00012732
14 8 35 198912  0.00070381  0.00028467 -0.00030279
14 8 35 247530  7.94887543e-04  6.36577606e-04 -7.62939453e-05
14 8 35 298232  3.67164612e-05  8.32557678e-04 -1.11103058e-04
14 8 35 345846 -0.00095892  0.00119162 -0.00048256
14 8 35 402206 -0.00110197  0.00070858  0.0001893 
14 8 35 447785 -0.00031757 -0.00015259  0.00012398
14 8 35 498679 -3.95774841e-05 -2.67028809e-05 -1.16348267e-04
14 8 35 546158 -7.34329224e-05 -3.57627869e-04  7.20024109e-05
14 8 35 600256 2.58922577e-04 4.31060791e-04 4.10079956e-05
14 8 35 650228 -0.00017357  0.00071096 -0.00016546
14 8 35 700548 -0.00032187  0.0006609  -0.00051785
14 8 35 747019 -0.0001173   0.00102806  0.00028992
14 8 35 799162 2.20298767e-04 1.62124634e-05 5.41687012e-04
14 8 35 848129 -4.90188599e-04  7.48157501e-04 -3.86238098e-05
14 8 35 899417 -7.82012939e-05  6.50405884e-04  4.60624695e-04
14 8 35 947808 -2.24590302e-04  5.76496124e-04 -9.53674316e-07
14 8 35 996700 -6.82830811e-04 -1.79767609e-04  5.48362732e-05
14 8 36 52198 -9.48905945e-05 -5.77449799e-04 -8.48770142e-05
14 8 36 97633  9.05990601e-06 -2.02655792e-04  2.97069550e-04
14 8 36 150106  5.10215759e-05 -1.45912170e-04  2.86579132e-04
14 8 36 197804  2.24113464e-05 -5.33103943e-04 -3.15666199e-04
14 8 36 245800  0.00021362 -0.00072241 -0.00054502
14 8 36 300694  3.73840332e-04 -1.10673904e-03  1.38282776e-05
14 8 36 347513  4.76837158e-07 -1.03521347e-03 -7.67707825e-05
14 8 36 400086 -0.00046635 -0.00096703 -0.00062895
14 8 36 448059 -3.71932983e-04 -7.29560852e-05 -1.66416168e-04
14 8 36 498429 -0.00024176  0.00045347 -0.00035095
14 8 36 549690 -3.91006470e-05  8.81671906e-04 -1.13010406e-04
14 8 36 597573  0.00023317  0.00107813 -0.00014782
14 8 36 649657 3.38554382e-05 7.56263733e-04 3.55720520e-04
14 8 36 697986 -1.44958496e-04  1.42049789e-03  8.53538513e-05
14 8 36 749516 -0.00079441 -0.00037146 -0.0004468 
14 8 36 801329 -0.00110626  0.00068855  0.0001502 
14 8 36 847865 1.96933746e-04 6.19888306e-06 3.12502384e-01
14 8 36 899529  0.00028133  0.00052691 -0.00023508
14 8 36 948572  0.00145721 -0.00371838 -0.00019503
14 8 37 1535  0.00467491 -0.0013051   0.0006876 
14 8 37 50522 0.00512266 0.00048208 0.0002594 
14 8 37 99961  0.00212812  0.00154114 -0.00091362
14 8 37 148888 -0.00209332  0.00345993  0.0003314 
14 8 37 203759 -3.87668610e-03  4.19282913e-03 -5.57899475e-05
14 8 37 248148 -0.00396347  0.00183153 -0.00074196
14 8 37 298696 -1.47962570e-03  1.25265121e-03 -3.86238098e-05
14 8 37 346613  0.00067425  0.00135899 -0.00062847
14 8 37 398050  0.00272942  0.00070381 -0.00014734
14 8 37 450365  0.00177383  0.00068855 -0.0001359 
14 8 37 501521  0.00012016 -0.0002594  -0.0001483 
14 8 37 548703 -0.00119495 -0.00294781  0.00018454
14 8 37 596939 -0.00186491 -0.00311041  0.00066614
14 8 37 648773 -0.00134134 -0.00244093  0.00038385
14 8 37 701359  0.00016117 -0.00143337  0.00070858
14 8 37 749907  0.00058126 -0.00059795  0.00028753
14 8 37 800602 0.00137758 0.00193405 0.00020504
14 8 37 851529  0.0005188   0.00290203 -0.00036478
14 8 37 902399 -8.56399536e-04  4.52613831e-03  3.95774841e-05
14 8 37 951754 -0.00216055  0.00511837 -0.00032759
14 8 38 174 -0.00156212  0.00482368 -0.00065231
14 8 38 52782 -0.0008812   0.00327492  0.00034142
14 8 38 102869 1.90734863e-06 6.34193420e-04 6.23226166e-04
14 8 38 152255 -0.00066757 -0.00231886 -0.00030327
14 8 38 202104 -0.00093508 -0.00355577  0.00018311
14 8 38 249285 -0.0009141  -0.00416899  0.00019407
14 8 38 303459 -0.00062704 -0.00521994 -0.00156403
14 8 38 350497  0.00075388 -0.00230122 -0.00077724
14 8 38 402679 3.67069244e-03 4.10079956e-04 4.29153442e-06
14 8 38 451661  0.00344992  0.00013304 -0.00031233
14 8 38 500261  1.88493729e-03  1.00231171e-03 -7.10487366e-05
14 8 38 553861 -0.00065041 -0.00056744 -0.00039148
14 8 38 603542 -0.00162792 -0.00038004 -0.0003252 
14 8 38 650801 -0.00134897 -0.00065804  0.00037241
14 8 38 700508 -0.00034714 -0.00200701 -0.00032759
14 8 38 747195  0.00065088 -0.00235796 -0.00021982
14 8 38 800954 -0.00047255 -0.0006032  -0.00030231
14 8 38 850492 -4.72068787e-05  1.62935257e-03  5.77449799e-04
14 8 38 900168 0.00032377 0.00053358 0.00026035
14 8 38 948536 -1.43051147e-05  3.60012054e-04  1.27315521e-04
14 8 39 3075  0.0006299  -0.00098467  0.00072575
14 8 39 51149  5.23567200e-04 -1.65843964e-03  4.05311584e-05
14 8 39 99811  5.01155853e-04 -7.81059265e-04  8.58306885e-06
14 8 39 152067 -0.00013399  0.0004344   0.00017548
14 8 39 202269 -1.34468079e-04  1.01232529e-03  7.82012939e-05
14 8 39 250946 -4.38213348e-04  2.14576721e-03  8.91685486e-05
14 8 39 302555 -0.0007019   0.0022068  -0.00044298
14 8 39 352762 -0.00105524  0.00182009 -0.00055313
14 8 39 406197 -0.00143051  0.00187492 -0.00068617
14 8 39 454695 -0.00029039  0.00132275 -0.00057936
14 8 39 501601 -6.81877136e-04 -7.10487366e-05  2.86102295e-06
14 8 39 552852  0.00035477 -0.00098944 -0.00043297
14 8 39 604321  0.00029802 -0.00144958 -0.00038624
14 8 39 655118  3.84330750e-04 -1.19972229e-03  8.15391541e-05
14 8 39 706590 -7.39097595e-05 -3.39031219e-04 -3.54766846e-04
14 8 39 754107 1.36852264e-04 3.03268433e-04 8.24928284e-05
14 8 39 803004 3.52859497e-05 7.46250153e-04 9.92774963e-04
14 8 39 852579  0.00034189 -0.0003953   0.00081205
14 8 39 905627 -0.00138426 -0.00263071 -0.00086737
14 8 39 954519 -0.00172853 -0.00112104 -0.00023079
14 8 40 2594 0.0001545  0.00077724 0.00063753
14 8 40 53730  0.00176287 -0.000319   -0.00017405
14 8 40 106019  0.00183392 -0.00075102  0.00038528
14 8 40 154636 -0.00098085 -0.0012989   0.00044966
14 8 40 205407 -0.00208092 -0.00096846 -0.00045061
14 8 40 250418 -0.00248051  0.00069952 -0.00016975
14 8 40 307691 -5.12123108e-04  2.63595581e-03 -4.43458557e-05
14 8 40 354956  0.00183105  0.00195456 -0.00039959
14 8 40 404668  0.00234365  0.00088453 -0.00033283
14 8 40 453174  4.97341156e-04  1.06668472e-03 -3.48091125e-05
14 8 40 500943 -0.00093174  0.00122929 -0.00048685
14 8 40 558460 -2.48575211e-03  1.43051147e-06  3.87499905e+00
14 8 40 604598 -0.00149632  0.00054455 -0.00030088
14 8 40 653978 -0.00039101 -0.00079823 -0.00025845
14 8 40 703610  0.00055408 -0.00039387 -0.00023317
14 8 40 752380  0.00035906 -0.00109053 -0.000144  
14 8 40 806717  0.00023842 -0.00133371  0.00013256
14 8 40 855291  0.00021601 -0.00140572 -0.00016451
14 8 40 903976 -0.00022268 -0.00164366 -0.00039291
14 8 40 953191  5.53131104e-05 -1.13201141e-03  8.58306885e-06
14 8 41 298 -0.00030804 -0.00053406  0.00014687
14 8 41 54756 -1.01566315e-04  2.80380249e-04  5.24520874e-06
14 8 41 105094 3.38554382e-05 3.71932983e-04 2.50339508e-04
14 8 41 153339 -0.00033426  0.00018883 -0.00020838
14 8 41 204083 -1.33514404e-04  7.50541687e-04 -9.53674316e-07
14 8 41 254321 -0.00035238  0.00083923  0.00023556
14 8 41 306743 -1.43051147e-06  9.01222229e-04  3.88145447e-04
14 8 41 355655 -0.00036669  0.00085258 -0.00019073
14 8 41 404824  2.19345093e-05  2.62260437e-05 -1.63555145e-04
14 8 41 456929  1.30653381e-04 -8.66889954e-04 -9.20295715e-05
14 8 41 506794 -1.04904175e-05 -1.69229507e-03  3.26156616e-04
14 8 41 554877 -4.03404236e-04 -1.10292435e-03  4.29153442e-05
14 8 41 604164  0.00023603 -0.00046921  0.00031328
14 8 41 654259 1.86443329e-04 8.15391541e-05 1.30653381e-04
14 8 41 706794 0.0006218  0.00137281 0.00010347
14 8 41 754615  0.00039864  0.00134754 -0.0001874 
14 8 41 805409 -0.00039339  0.00129175 -0.00023222
14 8 41 854009 -0.0009017   0.00120401 -0.00019455
14 8 41 904615 -9.99450684e-04  1.01137161e-03 -8.91685486e-05
14 8 41 956101 -6.03675842e-04  9.96112823e-04  5.72204590e-05
14 8 42 5772 -4.63485718e-04  7.49588013e-04 -6.10351562e-05
14 8 42 54707  3.05175781e-05  7.01904297e-04 -5.81741333e-04
14 8 42 105920  1.59263611e-04  3.28540802e-04 -5.53131104e-05
14 8 42 156516 -0.00016069 -0.00031328 -0.00021267
14 8 42 208155 -0.00044823 -0.0003376   0.00019073
14 8 42 253134  4.43458557e-05 -8.90731812e-04  1.75476074e-04
14 8 42 305364  1.20162964e-04 -2.00271606e-03 -2.86102295e-06
14 8 42 357066  7.50064850e-04 -1.87873840e-03 -1.62124634e-05
14 8 42 408309  0.00079823 -0.00126028  0.00015593
14 8 42 456423  4.72068787e-04 -7.94887543e-04 -2.43186951e-05
14 8 42 504937 -0.00016689 -0.00116539 -0.00024748
14 8 42 558433 -0.00060368 -0.00017071  0.00025845
14 8 42 608620 -4.70161438e-04 -2.67028809e-05  1.35421753e-04
14 8 42 656517 -4.19616699e-05  2.62737274e-04 -1.66893005e-05
14 8 42 708660 -9.10758972e-05  4.00066376e-04 -3.04222107e-04
14 8 42 753799 -7.53402710e-05  1.13964081e-04 -2.32219696e-04
14 8 42 810475 -0.0004282   0.00048637 -0.00024319
14 8 42 857399 -0.00038195  0.00053263 -0.00029278
14 8 42 908125 -4.91142273e-04  8.29696655e-04 -3.81469727e-05
14 8 42 957129 -1.43051147e-06  1.04522705e-03  3.07083130e-04
14 8 43 7199 1.05857849e-04 4.73022461e-04 1.04904175e-05
14 8 43 57963 -0.00020981  0.00092793  0.00029469
14 8 43 110321 -0.00048876  0.00052118  0.00018406
14 8 43 156778 -0.00020838 -0.00076962  0.0003047 
14 8 43 207688 -0.00049305 -0.00037241  0.00037098
14 8 43 257352 -3.57627869e-05 -1.08528137e-03  5.39302826e-04
14 8 43 308054 -5.72204590e-06 -1.34944916e-03  5.68866730e-04
14 8 43 356702  0.0006361  -0.00134563  0.00011349
14 8 43 407272 -3.53813171e-04 -2.26593018e-03  7.58171082e-05
14 8 43 456775 -0.00031471 -0.00126505  0.00056267
14 8 43 509553 -6.51359558e-04 -1.25026703e-03 -8.01086426e-05
14 8 43 556872 -9.29832458e-05 -1.03235245e-03 -2.70843506e-04
14 8 43 608052  0.00067568 -0.00058413  0.00019073
14 8 43 659049  3.47137451e-04  3.33786011e-06 -4.46319580e-04
14 8 43 711655  0.00025845 -0.00020123 -0.00046396
14 8 43 758669 -4.10079956e-05  8.15391541e-05 -4.86850739e-04
14 8 43 808120 -0.00050259  0.00032234  0.00010586
14 8 43 861018 -0.00042105  0.00029087 -0.00045967
14 8 43 909856 -2.45571136e-04  2.67028809e-04  1.04904175e-05
14 8 43 959829 -6.91413879e-05 -3.99589539e-04  1.41143799e-04
14 8 44 6363  0.00044823 -0.00052214 -0.00027847
14 8 44 59479  0.00034046 -0.0015893  -0.00040197
14 8 44 112316 -0.00039291 -0.00159168 -0.00010681
14 8 44 159770 -0.00098896 -0.00103807  0.00022936
14 8 44 210336  0.00020885 -0.00083065 -0.00025082
14 8 44 256443 6.03199005e-04 3.12495232e-02 1.59374857e+00
14 8 44 308293  0.00042152  0.00023365 -0.00035381
14 8 44 361603  0.0015502  -0.00245428 -0.00012779
14 8 44 411423  0.00014162 -0.00238514 -0.00017309
14 8 44 458929 -0.00065947 -0.00264883 -0.00018883
14 8 44 506200 -0.00056839 -0.00158548 -0.00032902
14 8 44 557926 -0.0006299   0.00025654 -0.00011396
14 8 44 611671  0.00027561  0.0007143  -0.0005784 
14 8 44 659457  0.00037479  0.00161695 -0.00023317
14 8 44 709574 -4.03404236e-04  2.42233276e-03 -7.77244568e-05
14 8 44 756159 -0.00110435  0.0013895   0.00046825
14 8 44 812537 -0.00143051  0.00087547 -0.00024891
14 8 44 860794 -0.00077677 -0.00018883  0.00032425
14 8 44 910867  0.00059128 -0.00115776  0.00034618
14 8 44 958431  0.00117588 -0.00210238  0.00034952
14 8 45 10077  0.0008502  -0.00191402  0.00064039
14 8 45 60642  0.00099993 -0.00283718  0.00050163
14 8 45 111953  0.0004034  -0.00280857  0.00074005
14 8 45 158541 -0.00037956 -0.00203657 -0.00025845
14 8 45 209828 -0.00042009 -0.00123072  0.0005517 
14 8 45 259294 -0.00020647  0.00022173  0.00022125
14 8 45 310704 5.09738922e-04 9.26494598e-04 2.67028809e-05
14 8 45 359775 -0.00032902  0.00196218 -0.00022984
14 8 45 410073 -0.00082684  0.00222921 -0.0005374 
14 8 45 458026 -0.0011611   0.00184441 -0.00086164
14 8 45 512222 -0.00096941  0.00204992 -0.00091171
14 8 45 562175 -0.00101995  0.00261116 -0.00120211
14 8 45 611743 -0.00016451  0.00289583 -0.00036049
14 8 45 657830  0.00022602  0.00297213 -0.00063753
14 8 45 709259 -0.00029421  0.00276423 -0.00039387
14 8 45 762040 -0.00036764  0.00219917 -0.00012302
14 8 45 810711 -0.00035715  0.00105286 -0.00013208
14 8 45 859180 -0.00039768  0.00016737  0.00044441
14 8 45 910747  0.00021219 -0.00073528  0.00058079
14 8 45 959386  0.00070763 -0.00184441  0.00031996
14 8 46 9279  0.00067949 -0.00396585  0.00086641
14 8 46 61371  0.00060701 -0.00468016  0.00052977
14 8 46 110729  0.0002079  -0.00524473  0.00063515
14 8 46 161427  0.00049305 -0.00442076  0.0003109 
14 8 46 212392  0.00078773 -0.00314379  0.00023842
14 8 46 260432  9.41276550e-04 -1.13582611e-03 -2.95639038e-05
14 8 46 310101  0.00085068 -0.00031996  0.00016356
14 8 46 360305  0.00012541  0.00129461 -0.00039911
14 8 46 410839 -0.0002594   0.00215435 -0.00043869
14 8 46 462574 -0.00085688  0.00312376 -0.00075483
14 8 46 510414 -0.00104094  0.00361395 -0.00015497
14 8 46 560345 -0.00129604  0.00330162 -0.00073385
14 8 46 612868 -1.01184845e-03  2.93588638e-03 -7.62939453e-05
14 8 46 662229 -4.62055206e-04  2.22635269e-03 -4.95910645e-05
14 8 46 712910 -0.00026226  0.00064611 -0.00057554
14 8 46 760472  6.05583191e-05 -3.66687775e-04 -3.12805176e-04
14 8 46 810395 -5.24520874e-05 -1.99365616e-03 -3.04698944e-04
14 8 46 865012  0.00040293 -0.00216198 -0.00032043
14 8 46 912813 -3.52859497e-05 -2.01702118e-03 -5.96046448e-05
14 8 46 962751  0.00052547 -0.00184107 -0.0001893 
14 8 47 8601  5.36441803e-04 -1.06382370e-03 -1.43051147e-06
14 8 47 65373 -0.00011826  0.00026369  0.00010729
14 8 47 112770 -7.20024109e-05  1.61218643e-03  2.13146210e-04
14 8 47 161030 -0.00097084  0.00222254  0.00064325
14 8 47 212245 -0.00076771  0.00271463  0.00040483
14 8 47 264788 -0.00098419  0.00347376  0.00050259
14 8 47 313737 -0.00063181  0.00262785  0.00038195
14 8 47 364441 -1.01900101e-03  1.60789490e-03  1.43051147e-06
14 8 47 412847 -7.96318054e-05  9.60350037e-04  4.33921814e-05
14 8 47 462389  0.0001936  -0.0005722  -0.00040579
14 8 47 514680  2.74181366e-04 -1.59025192e-03 -2.52723694e-05
14 8 47 565258  0.00086021 -0.00201893 -0.00027275
14 8 47 611959  0.00065708 -0.00191975 -0.0001359 
14 8 47 661666  1.67846680e-04 -2.01511383e-03  2.09808350e-05
14 8 47 712111  0.00016356 -0.0019865  -0.00024462
14 8 47 762488  4.61578369e-04 -1.36041641e-03 -4.29153442e-06
14 8 47 814817  0.00029564 -0.00056124  0.00020647
14 8 47 862694  5.72204590e-05 -1.80244446e-04  1.72615051e-04
14 8 47 912089 -0.00040531  0.00067997 -0.00065088
14 8 47 965475 -0.00058031  0.00081062  0.00012159
14 8 48 12614 -9.77516174e-05  2.86102295e-06 -2.37499952e+00
14 8 48 63697 -0.00061178  0.00060797  0.00022125
14 8 48 113060 -0.00041866  0.00041437 -0.000175  
14 8 48 166400 -4.34398651e-04  6.67572021e-04  9.15527344e-05
14 8 48 215952 4.72068787e-05 1.21355057e-03 1.70230865e-04
14 8 48 263691 -0.0002327   0.00017357  0.00039101
14 8 48 313649 -6.77108765e-05 -6.19888306e-04  2.58922577e-04
14 8 48 366303  1.92642212e-04 -2.47001648e-04  4.10079956e-05
14 8 48 414854 -3.67164612e-05 -6.04629517e-04  1.28269196e-04
14 8 48 465376 -4.95910645e-05 -3.98159027e-04 -1.02519989e-04
14 8 48 511661  9.20295715e-05 -8.87870789e-04  3.22818756e-04
14 8 48 563628  5.19752502e-05 -1.82628632e-04 -3.64303589e-04
14 8 48 616174 -4.95910645e-05  1.04904175e-05  8.34465027e-05
14 8 48 666549 -0.0001502  -0.0005722  -0.00030851
14 8 48 715960 0.00012875 0.00059128 0.00023937
14 8 48 761752 -0.0002141   0.00048161  0.00022078
14 8 48 820609  4.68254089e-04  6.00814819e-05 -2.60829926e-04
14 8 48 865588 -8.01086426e-04  5.56945801e-04  4.76837158e-06
14 8 48 914297 -0.00069475 -0.00029421 -0.00049877
14 8 48 964164 -0.00022364  0.00056744 -0.00031948
14 8 49 11440 -4.43458557e-05  8.58783722e-04  7.62939453e-05
14 8 49 66628  1.69277191e-04 -1.90734863e-05 -3.49044800e-04
14 8 49 115708  2.62260437e-05  3.28063965e-04 -4.52995300e-05
14 8 49 165353 -2.55107880e-04 -7.91549683e-05  0.00000000e+00
14 8 49 215508 -0.00032997 -0.00084877  0.00038385
14 8 49 260839  7.15255737e-06 -5.86986542e-04  4.05311584e-05
14 8 49 317608  1.18255615e-04 -4.32968140e-04 -2.86102295e-05
14 8 49 366209  0.00056076 -0.00051498  0.00022745
14 8 49 416958 0.00035906 0.0001626  0.00032377
14 8 49 462694 -0.00067329 -0.00020123  0.00020075
14 8 49 517458 -4.55379486e-04 -4.33921814e-05 -6.96182251e-05
14 8 49 567431 -3.40461731e-04 -1.64031982e-04 -2.28881836e-05
14 8 49 617728 -0.00036955  0.00027323 -0.00021458
14 8 49 665627  7.86781311e-05  9.21726227e-04 -2.17437744e-04
14 8 49 714381 2.22682953e-04 2.60829926e-04 2.76565552e-05
14 8 49 764734 -1.58309937e-04  8.70227814e-04  3.09944153e-05
14 8 49 816931 -3.28063965e-04 -3.67164612e-05 -5.24520874e-05
14 8 49 866805 -0.00050259 -0.000494   -0.00030422
14 8 49 915571 -4.94956970e-04 -6.62803650e-05 -3.10897827e-04
14 8 49 966767 -0.0001874  -0.00038576  0.00010157
14 8 50 16146  4.25338745e-04 -7.35759735e-04 -9.05990601e-06
14 8 50 65891  9.44137573e-05 -7.25269318e-04 -6.05583191e-05
14 8 50 117852  0.00042772 -0.00053453  0.0001812 
14 8 50 163276  0.00026226 -0.00011253  0.00044346
14 8 50 218767 -0.00028324 -0.00055742 -0.00019979
14 8 50 264318 -0.00050783 -0.00057697  0.00053024
14 8 50 315801  5.29289246e-05 -6.28471375e-04  1.67846680e-04
14 8 50 363968 -8.05854797e-05 -4.71591949e-04 -2.00748444e-04
14 8 50 415553 -1.04904175e-04  1.57833099e-04 -1.71661377e-05
14 8 50 467358 0.00014734 0.00022364 0.00043964
14 8 50 514423 -0.00015688 -0.00027037  0.000175  
14 8 50 565795 -0.00012589 -0.00025082  0.00017118
14 8 50 615613 -0.00043392 -0.00055599 -0.00020456
14 8 50 668038  0.00015259 -0.00054789  0.00013685
14 8 50 717455  6.96182251e-05 -4.27722931e-04  3.16143036e-04
14 8 50 765093  0.00051165 -0.00023842 -0.00036049
14 8 50 816744  2.55107880e-04 -1.38282776e-05 -7.67707825e-05
14 8 50 869058  1.90734863e-05  1.85966492e-04 -1.52587891e-04
14 8 50 917300 -3.80039215e-04 -1.65462494e-04 -3.38554382e-05
14 8 50 966557 -0.00023794  0.00029039 -0.00013924
14 8 51 14109 -0.00057316  0.00032425  0.00032902
14 8 51 69779 -7.15255737e-06  5.34057617e-04 -1.56879425e-04
14 8 51 121106 -0.00011206  0.00045156  0.00016975
14 8 51 167493  0.00019979  0.00067949 -0.00021029
14 8 51 217224 -0.00028992  0.00047731 -0.00031662
14 8 51 263730 -4.64916229e-04  3.58581543e-04 -2.95639038e-05
14 8 51 319278 -2.97069550e-04 -8.48770142e-05 -3.09944153e-05
14 8 51 368057 3.98159027e-04 2.84671783e-04 4.14848328e-05
14 8 51 418962  6.58035278e-05  6.58035278e-05 -1.33514404e-04
14 8 51 468266  5.34057617e-05 -9.29832458e-05 -1.61170959e-04
14 8 51 515280 -0.00029373 -0.00052834  0.00011683
14 8 51 568559 -4.22477722e-04 -5.93185425e-04 -5.53131104e-05
14 8 51 619462 -1.85012817e-04 -3.47614288e-04 -1.81198120e-05
14 8 51 666912  5.91278076e-04 -6.05583191e-05  6.91413879e-05
14 8 51 719112 -0.00042152 -0.00065613 -0.00014591
14 8 51 763443 -6.45160675e-04 -4.33444977e-04 -9.72747803e-05
14 8 51 819358 -1.66893005e-04  4.01020050e-04 -6.72340393e-05
14 8 51 867180 -1.85489655e-04  7.56263733e-04  9.39369202e-05
14 8 51 918221  6.53266907e-05  3.00884247e-04 -1.34468079e-04
14 8 51 969452  3.52859497e-05  8.36372375e-04 -3.67164612e-04
14 8 52 21003 -8.63075256e-05  5.98430634e-04  1.23500824e-04
14 8 52 68183 -0.00062132  0.00028563 -0.00023794
14 8 52 118753 -0.00065517 -0.00019073 -0.00024319
14 8 52 167362 -0.00047445 -0.00021267 -0.00010014
14 8 52 221769  4.91619110e-04 -7.67707825e-04 -2.67028809e-05
14 8 52 269244  6.86645508e-04 -3.82900238e-04 -6.24656677e-05
14 8 52 319016  0.00031662 -0.00080681 -0.00046968
14 8 52 367700 -0.0003767  -0.00055075  0.00032997
14 8 52 422538  8.10623169e-06 -4.67300415e-05 -7.72476196e-05
14 8 52 470210 -0.00103807  0.00035906  0.00023746
14 8 52 517761  0.00016308  0.00047398 -0.00028467
14 8 52 568210  9.53674316e-07  4.35352325e-04 -2.51293182e-04
14 8 52 619693  0.00015116  0.00090551 -0.00029564
14 8 52 670204 -0.00010252  0.00044918  0.00014353
14 8 52 721119 -5.14030457e-04  2.13623047e-04 -7.62939453e-05
14 8 52 767775 -0.00073957 -0.00016737  0.00060606
14 8 52 819916 -3.91006470e-05 -7.44342804e-04  1.48773193e-04
14 8 52 871206  3.99589539e-04 -7.86781311e-04  2.00271606e-05
14 8 52 923881  3.86714935e-04 -1.85966492e-05  5.81741333e-05
14 8 52 971517  0.00051308 -0.00031281 -0.00031567
14 8 53 17075  0.00075197 -0.0007863  -0.00025845
14 8 53 71843 -0.00013781  0.00035572 -0.0006752 
14 8 53 123606 -0.00100994  0.00184011  0.0005722 
14 8 53 170904 -0.00057888  0.00135088  0.00019646
14 8 53 220379  0.00021696  0.00112009 -0.00010681
14 8 53 267143 0.0003624  0.00070906 0.00015211
14 8 53 323451 -7.33375549e-04  6.38961792e-05  1.43527985e-04
14 8 53 371161 -5.20706177e-04  1.90734863e-05 -5.50270081e-04
14 8 53 422081 -0.00022459  0.00027466 -0.00019693
14 8 53 469068  0.00071716 -0.00035429 -0.00039244
14 8 53 517573  0.00055552 -0.00040674 -0.00064373
14 8 53 572329 -1.61170959e-04  8.83102417e-04  4.05311584e-05
14 8 53 622353 -9.05990601e-05  1.34515762e-03  3.99112701e-04
14 8 53 671435 2.38418579e-05 1.56402588e-03 2.35080719e-04
14 8 53 719673 0.00017118 0.0013566  0.00026655
14 8 53 766420  8.10623169e-05 -8.52108002e-04  1.07765198e-04
14 8 53 823480 -0.0008707  -0.00154877 -0.00019455
14 8 53 870793 -1.03425980e-03 -4.02450562e-04 -5.57899475e-05
14 8 53 920117 -9.81330872e-04 -7.90119171e-04 -2.86102295e-05
14 8 53 969606  6.33239746e-04 -7.54356384e-04  7.00950623e-05
14 8 54 22806  0.00119448 -0.00103998 -0.00069475
14 8 54 72090  0.00115538 -0.00123644 -0.00045252
14 8 54 122203  0.00059032 -0.00019932 -0.00021219
14 8 54 169951 -6.81877136e-05  7.91549683e-04 -7.82012939e-05
14 8 54 223677 -0.00050545  0.00015879 -0.00038862
14 8 54 269843  0.00014448  0.00020075 -0.00018883
14 8 54 323008 -0.00018406  0.0002923  -0.00041533
14 8 54 370537 -5.64098358e-04  3.48567963e-04 -3.00407410e-05
14 8 54 422236 -0.00045204  0.00043774  0.00024128
14 8 54 473089  0.00013542 -0.00024986 -0.00033045
14 8 54 521765  0.0001564  -0.00100994 -0.00011444
14 8 54 571613  0.00016594 -0.00200605  0.0004487 
14 8 54 622375  0.00051975 -0.00242424 -0.00032663
14 8 54 669919 -0.00033855 -0.00072861  0.00015163
14 8 54 723098 -0.00142336 -0.00019836 -0.00058556
14 8 54 769527 0.00113106 0.00130367 0.00075722
14 8 54 822134  0.00130987  0.00080395 -0.00051832
14 8 54 870358 -0.00089312  0.00152922  0.00051022
14 8 54 926271 -0.00223351  0.00265408  0.0004034 
14 8 54 972838 -0.00150776  0.00241137  0.00061226
14 8 55 19718 -5.74111938e-04  2.31885910e-03 -6.86645508e-05
14 8 55 70582 -0.00040579  0.00157833  0.00099659
14 8 55 120174 0.00024509 0.00103188 0.00047684
14 8 55 173035  0.00043726  0.00012875 -0.00103998
14 8 55 223531 -0.00029659  0.00052595 -0.00011301
14 8 55 270876  6.19888306e-06 -2.98500061e-04  3.12495232e-02
14 8 55 325112 -0.00027752 -0.00206137 -0.00045204
14 8 55 374510  0.00183725 -0.00167418 -0.0002923 
14 8 55 424080  0.00183582 -0.00207043 -0.00019455
14 8 55 472705  2.43186951e-04 -2.70462036e-03  2.71797180e-05
14 8 55 519879 -4.98771667e-04 -3.10039520e-03 -5.81741333e-05
14 8 55 575498 -0.00017118 -0.00216532 -0.00012922
14 8 55 624306  7.48634338e-05 -1.05285645e-03 -3.90052795e-04
14 8 55 673027  0.00014305  0.00032377 -0.00031662
14 8 55 722666 -0.00019026  0.0021143  -0.00068808
14 8 55 774957 -4.67300415e-04  3.69930267e-03  3.81469727e-05
14 8 55 824048 -0.00179052  0.00408792 -0.00026226
14 8 55 874394 -0.00193071  0.00459576 -0.00014973
14 8 55 924344 -0.00132608  0.00461149 -0.00046253
14 8 55 972641 -0.00029612  0.00298357 -0.00030613
14 8 56 23854 0.00080347 0.00047541 0.00043011
14 8 56 75651  0.00093365 -0.00170326 -0.00011158
14 8 56 123286  0.0004015  -0.00385284  0.00028944
14 8 56 173079  0.00084114 -0.00484991  0.00053167
14 8 56 221664  1.06573105e-03 -5.72824478e-03  4.52995300e-05
14 8 56 274928  0.00108719 -0.00548553  0.00046539
14 8 56 324493  0.00043726 -0.00358582  0.00051022
14 8 56 375186  0.0009222  -0.00221777  0.00044632
14 8 56 422947  0.00065184  0.00035095 -0.00016069
14 8 56 475886 -4.94480133e-04  1.29365921e-03  6.62803650e-05
14 8 56 522849 -1.32942200e-03  2.63834000e-03  1.09672546e-05
14 8 56 574436 -0.00126934  0.00299978 -0.00041199
14 8 56 624849 -6.87599182e-04  2.63881683e-03  1.43051147e-06
14 8 56 677929 -0.00056744  0.00209713 -0.00049782
14 8 56 726602 -0.00022364  0.00148296 -0.0002923 
14 8 56 774830 -2.40802765e-04  4.29153442e-05 -1.07765198e-04
14 8 56 823287 -2.69889832e-04 -6.83307648e-04 -3.14712524e-05
14 8 56 877730 -4.48226929e-05 -1.67989731e-03  3.37600708e-04
14 8 56 926509  0.00038624 -0.00242758  0.0002656 
14 8 56 975322  9.53197479e-04 -2.87628174e-03 -4.00543213e-05
14 8 57 24059  0.00047064 -0.00275278  0.00034428
14 8 57 74168  0.00011158 -0.00130463 -0.00031996
14 8 57 127724 -0.0001874   0.00033617 -0.0001812 
14 8 57 174606 -0.00034142  0.00162411 -0.00031614
14 8 57 227234 -0.00082111  0.00346661  0.00025892
14 8 57 272112 -0.00014067  0.0040803   0.00016642
14 8 57 323178 -9.28401947e-04  4.28533554e-03 -5.96046448e-05
14 8 57 376538 -0.0007267   0.00365353 -0.00052977
14 8 57 426537 -1.54733658e-03  2.64263153e-03 -3.81469727e-06
14 8 57 475287 -1.39999390e-03  1.28555298e-03 -9.34600830e-05
14 8 57 522338 -1.08242035e-04 -1.94549561e-04  3.33786011e-06
14 8 57 574075  4.06742096e-04 -2.27642059e-03  8.05854797e-05
14 8 57 627649  0.00096893 -0.00350237  0.00020313
14 8 57 675279  9.42230225e-04 -3.58867645e-03 -9.53674316e-05
14 8 57 725377  7.39097595e-04 -3.58009338e-03  9.87052917e-05
14 8 57 777276  0.00042009 -0.00290775  0.00039387
14 8 57 827315  1.19209290e-05 -2.21395493e-03  9.91821289e-05
14 8 57 876133  7.43865967e-04 -1.02710724e-03 -6.38961792e-05
14 8 57 926028  4.32491302e-04 -2.64167786e-04  6.96182251e-05
14 8 57 976172  0.00027084  0.00111675 -0.00025702
14 8 58 26731 -2.41279602e-04  2.49099731e-03 -9.10758972e-05
14 8 58 77695 -0.00027514  0.00178766 -0.00058174
14 8 58 125801 -0.00048304  0.0028944   0.00083447
14 8 58 174824 -0.00115633  0.00104904  0.00013447
14 8 58 226867 -0.00090361 -0.00187111 -0.00024605
14 8 58 277224 -0.00039959 -0.00307465  0.00040007
14 8 58 327240 -9.77516174e-05 -5.06496429e-03  9.53674316e-04
14 8 58 378279  0.00097179 -0.00601912  0.0014801 
14 8 58 425819  0.00275612 -0.00752974  0.00169992
14 8 58 475309  0.00161934 -0.01491737 -0.0003376 
14 8 58 527263 -0.00112677 -0.01125908 -0.00080729
14 8 58 575562 -0.00147629 -0.00525331  0.00055408
14 8 58 626536  0.00118876 -0.00031471 -0.00091791
14 8 58 673749  0.00446987  0.00826454 -0.00044441
14 8 58 723980  3.84140015e-03  9.81426239e-03 -3.52859497e-05
14 8 58 778063 -0.00119781  0.00789022 -0.00080395
14 8 58 825889 -0.00598907  0.01036882 -0.00035191
14 8 58 876200 -0.00720978  0.00777483  0.00017405
14 8 58 927085 -3.83806229e-03  1.62124634e-05 -3.03125048e+00
14 8 58 976110  8.65936279e-04  1.08098984e-03 -5.67436218e-05
14 8 59 26348 0.00174999 0.00779104 0.00049305
14 8 59 75503 0.00054455 0.01246691 0.00029421
14 8 59 126823 3.81469727e-05 1.55982971e-02 5.50746918e-04
14 8 59 178621 -0.00241423  0.01411295 -0.00019455
14 8 59 226874 -0.00386763  0.01297426 -0.00078487
14 8 59 276209 -0.00278616  0.01120186 -0.0010128 
14 8 59 325414 -2.71797180e-05  1.07250214e-02  2.09808350e-04
14 8 59 374174  0.00119352  0.00991106 -0.00047207
14 8 59 427373 0.00025463 0.00968266 0.00059175
14 8 59 477365 -0.0001049   0.00931025  0.00028467
14 8 59 527841  0.00055742  0.01010513 -0.00056458
14 8 59 576659 -0.00089931  0.01348209 -0.00202513
14 8 59 629450 -0.00311899  0.01649094 -0.00128031
14 8 59 676423 -0.00442839  0.01813173 -0.00056791
14 8 59 727848 -0.00311661  0.01473665  0.00133038
14 8 59 774724 -0.00190973  0.00636959  0.0001173 
14 8 59 830730 -0.00143814  0.00145674 -0.00025463
14 8 59 880310 -0.00072956 -0.00119877  0.00068045
14 8 59 928566 -0.00058079  0.00085974  0.00030613
14 8 59 977281 -0.0005765   0.00156355  0.00098467
14 9 0 31682 -0.00241995  0.00067282  0.00085402
14 9 0 79551 -0.00176573 -0.00043726 -0.00013161
14 9 0 130424 -8.19206238e-04 -1.73807144e-03 -9.05990601e-06
14 9 0 175874  0.00097513 -0.00256157  0.00018549
14 9 0 226509  0.00213575 -0.00405931 -0.00015593
14 9 0 280450  0.00228786 -0.0055685   0.00048113
14 9 0 331367  0.00226164 -0.00729418  0.00071669
14 9 0 377567  0.00219965 -0.00747585  0.00036383
14 9 0 426223  0.00163078 -0.00677729 -0.00054455
14 9 0 476772  0.00096846 -0.00260687 -0.00040388
14 9 0 531472 -0.00011492  0.00405741 -0.00024271
14 9 0 580548 -8.39233398e-05  9.63544846e-03  5.43117523e-04
14 9 0 629981  0.00018597  0.01040888 -0.00020361
14 9 0 676572 -0.00051975  0.00935316 -0.00111818
14 9 0 732535 -0.00178909  0.00458384 -0.00180626
14 9 0 778598 -0.00076723  0.00050592 -0.00099802
14 9 0 828384  1.88159943e-03  1.21927261e-03 -7.43865967e-05
14 9 0 876445  3.81469727e-06  4.19616699e-03 -1.17063522e-03
14 9 0 926665 -0.00349617  0.0052824  -0.00037956
14 9 0 979082 -0.00352049  0.00816154 -0.00057077
14 9 1 28776 0.00045013 0.00825167 0.00022793
14 9 1 78506  0.00116634 -0.00055265  0.00016117
14 9 1 131194  0.00108337 -0.00697994  0.00076723
14 9 1 179840  0.00040007 -0.01038933  0.00090265
14 9 1 231012  0.0014739  -0.01366234  0.0009861 
14 9 1 280503  0.00212955 -0.01072025  0.00118303
14 9 1 329085  0.00268793 -0.00532627  0.00052404
14 9 1 381804  2.33364105e-03 -5.16176224e-03 -3.05175781e-05
14 9 1 430305  0.00208664  0.0013442  -0.00079012
14 9 1 480506 -2.05039978e-05  1.41029358e-02  5.21659851e-04
14 9 1 530730 -0.00273037  0.02135324 -0.00016356
14 9 1 583360 -0.0051074   0.02156734 -0.0017643 
14 9 1 633437 -0.00542736  0.02076387 -0.00109291
14 9 1 682073 -0.00364685  0.01642275 -0.00195408
14 9 1 731628 -0.00143528  0.01090097 -0.00210524
14 9 1 780385  0.00072241  0.00807428 -0.00090742
14 9 1 833727  0.00263786  0.00179005 -0.0005722 
14 9 1 882426  0.00365973 -0.00721741 -0.00094366
14 9 1 931575  0.00277519 -0.01272249 -0.00040865
14 9 1 979833  0.00270271 -0.01736307  0.00100708
14 9 2 29867  0.00188446 -0.01821327  0.00082445
