13 54 20 330073 -0.02920914 -0.06986809  0.99431992
13 54 20 333449 -0.02930641 -0.06969643  0.99515152
13 54 20 336105 -0.03159523 -0.07058716  0.99566269
13 54 20 338691 -0.03240585 -0.07000923  0.99502563
13 54 20 353535 -0.03129578 -0.06964111  0.99514198
13 54 20 378338 -0.02711105 -0.06838226  1.00146484
13 54 20 381001 -0.03365898 -0.06665611  0.99711037
13 54 20 401125 -0.02577591 -0.06866264  0.9990406 
13 54 20 425443 -0.02862358 -0.06650162  0.99841309
13 54 20 429568 -0.02672005 -0.06779671  0.99855423
13 54 20 449163 -0.02725601 -0.06890678  0.99677277
13 54 20 472909 -0.0289402  -0.06754684  0.99980927
13 54 20 476071 -0.026968   -0.06631851  0.99774551
13 54 20 497051 -0.02722359 -0.06701279  1.00024033
13 54 20 520556 -0.02450562 -0.0592308   0.99603271
13 54 20 524169 -0.02591705 -0.06474304  0.99614906
13 54 20 544869 -0.02837944 -0.06817627  0.9959259 
13 54 20 577213 -0.03037834 -0.07157135  0.99529266
13 54 20 590372 -0.03298378 -0.06657219  1.00049019
13 54 20 604060 -0.028265   -0.06948662  0.99148369
13 54 20 619987 -0.02539444 -0.06908417  0.99359512
13 54 20 633171 -0.02884674 -0.06493378  0.99967194
13 54 20 648924 -0.02779961 -0.07194138  0.99904442
13 54 20 670501 -0.02866554 -0.0687542   0.99651337
13 54 20 684036 -0.03089714 -0.07500648  0.9957962 
13 54 20 700674 -0.02843475 -0.06719398  1.00092697
13 54 20 761128 -0.02937698 -0.06727409  1.00205231
13 54 20 764652 -0.02473259 -0.07010078  0.99715424
13 54 20 767943 -0.03042603 -0.0662117   0.99982834
13 54 20 770794 -0.0268364  -0.06886673  0.99580193
13 54 20 773672 -0.02936363 -0.06974792  0.99777222
13 54 20 785148 -0.03104401 -0.07068253  0.99504852
13 54 20 808871 -0.02782631 -0.07003975  0.99160957
13 54 20 811858 -0.02729797 -0.06997871  0.99778175
13 54 20 833919 -0.03020096 -0.06924057  0.99619675
13 54 20 857011 -0.03012848 -0.06908798  0.99777603
13 54 20 859579 -0.02609253 -0.06890869  0.99886513
13 54 20 881453 -0.02573204 -0.06924629  0.99668312
13 54 20 904708 -0.02933121 -0.06703949  0.99547958
13 54 20 907734 -0.02782249 -0.06632233  0.99995232
13 54 20 935329 -0.02750587 -0.06550789  0.99715805
13 54 20 952389 -0.0299511  -0.06769943  0.99488068
13 54 20 954794 -0.02983284 -0.06943512  0.99550056
13 54 20 977600 -0.02885246 -0.06818199  0.99423599
13 54 21 302 -0.02916336 -0.06936646  0.99759865
13 54 21 3138 -0.02997017 -0.06806564  0.99818039
13 54 21 24259 -0.02742195 -0.06972694  1.00156593
13 54 21 26836 -0.02831459 -0.06861115  0.99864197
13 54 21 48822 -0.03083801 -0.06952477  0.99926758
13 54 21 84843 -0.02855301 -0.07360458  0.99370193
13 54 21 96125 -0.03108978 -0.06805038  0.9961834 
13 54 21 108253 -0.02696991 -0.06760979  0.99564552
13 54 21 119772 -0.02552032 -0.06963921  0.99416161
13 54 21 122044 -0.0237484  -0.06777763  0.99450493
13 54 21 144669 -0.02814293 -0.07123184  1.00068474
13 54 21 168138 -0.0247097  -0.06576347  0.99381447
13 54 21 170631 -0.02588272 -0.07069206  0.99639702
13 54 21 193271 -0.02881241 -0.06953239  0.99676132
13 54 21 288906 -0.03194237 -0.06622314  0.99624252
13 54 21 291771 -0.03189087 -0.07016754  0.99657631
13 54 21 294266 -0.0312748  -0.06838036  0.99709892
13 54 21 296781 -0.02843094 -0.07246017  0.99623871
13 54 21 299308 -0.02995682 -0.07243347  0.99835396
13 54 21 301933 -0.02442169 -0.06923485  0.99420547
13 54 21 313179 -0.02788544 -0.06956482  0.99729156
13 54 21 315941 -0.0278492  -0.06839943  0.99513626
13 54 21 337077 -0.02863503 -0.06892776  0.99507141
13 54 21 361923 -0.03250313 -0.06977463  0.99536133
13 54 21 364267 -0.03456688 -0.06903267  1.00061607
13 54 21 385248 -0.02698708 -0.06813431  0.99418831
13 54 21 408619 -0.03100395 -0.06850433  0.99854851
13 54 21 411349 -0.02785301 -0.06871605  0.99739838
13 54 21 433082 -0.02851295 -0.07101059  1.00095177
13 54 21 462511 -0.02832603 -0.06849098  0.99386787
13 54 21 482155 -0.02921486 -0.06344986  0.99979019
13 54 21 493478 -0.02978897 -0.06995583  0.99789619
13 54 21 508422 -0.02480316 -0.06635284  0.99951363
13 54 21 526881 -0.02559662 -0.06755066  0.99746704
13 54 21 544105 -0.0302887  -0.06519699  1.0007267 
13 54 21 558310 -0.02939606 -0.06319427  0.99592781
13 54 21 569695 -0.03017044 -0.06673431  0.99718666
13 54 21 582475 -0.0288105  -0.06594276  0.99839592
13 54 21 600289 -0.02660561 -0.06473923  0.99770737
13 54 21 612984 -0.03244019 -0.06784248  1.00216293
13 54 21 630538 -0.03013229 -0.06719398  0.99744606
13 54 21 641937 -0.02934837 -0.07007217  0.99393463
13 54 21 654177 -0.02792931 -0.06659317  0.99879074
13 54 21 725260 -0.03356361 -0.07276344  0.99875832
13 54 21 735392 -0.02339935 -0.06730652  0.99808502
13 54 21 745919 -0.02794838 -0.07033348  0.99632835
13 54 21 761873 -0.02776337 -0.06812096  0.99755287
13 54 21 775347 -0.02901459 -0.06853294  0.9956913 
13 54 21 788852 -0.02856445 -0.06865692  0.99764442
13 54 21 805976 -0.03023911 -0.07143974  0.99738693
13 54 21 819987 -0.02893829 -0.06651497  1.0007534 
13 54 21 831833 -0.0314579  -0.07006645  0.99817085
13 54 21 845423 -0.03017426 -0.06747055  0.99581337
13 54 21 860946 -0.03203392 -0.06990051  0.99815941
13 54 21 879640 -0.03085899 -0.07058525  1.00090599
13 54 21 890870 -0.02569008 -0.06639671  0.99463654
13 54 21 909000 -0.02742004 -0.07168388  0.99560165
13 54 21 919755 -0.02772141 -0.06718254  0.99916649
13 54 21 937158 -0.02875137 -0.06835556  0.99615479
13 54 21 949828 -0.02895164 -0.06397247  0.99440384
13 54 21 966127 -0.02758789 -0.06294632  0.99922943
13 54 21 978237 -0.0317173  -0.06804657  0.99507904
13 54 21 991530 -0.02828789 -0.06960297  0.99860382
13 54 22 5611 -0.02875137 -0.069664    0.99838066
13 54 22 23657 -0.02874374 -0.06467056  1.00030518
13 54 22 37548 -0.02876663 -0.07104683  0.9952755 
13 54 22 51059 -0.02783585 -0.06286049  0.99640846
13 54 22 66021 -0.03019333 -0.06562996  1.00169754
13 54 22 80839 -0.02842712 -0.068964    0.99874306
13 54 22 96173 -0.02857018 -0.07148933  0.99464035
13 54 22 110538 -0.02891922 -0.06739998  0.9943161 
13 54 22 125759 -0.02580833 -0.06458092  1.00033951
13 54 22 205691 -0.02827644 -0.06774139  0.99739838
13 54 22 216093 -0.02790451 -0.06486702  0.99975204
13 54 22 226729 -0.02925873 -0.06814194  1.00261116
13 54 22 237670 -0.03151512 -0.06912041  0.99780083
13 54 22 245749 -0.02764702 -0.06804276  0.99715042
13 54 22 248326 -0.02661705 -0.06978416  0.9991703 
13 54 22 250614 -0.02888298 -0.06844139  0.99857521
13 54 22 253103 -0.03136063 -0.0689106   0.99583626
13 54 22 255457 -0.02367783 -0.06548119  0.99466515
13 54 22 272850 -0.03069496 -0.06378746  1.00165367
13 54 22 275681 -0.03305817 -0.06797028  0.99994469
13 54 22 297588 -0.02955818 -0.06759071  0.9985466 
13 54 22 320819 -0.02564812 -0.06922531  1.00310326
13 54 22 323551 -0.02907562 -0.06521988  0.99877357
13 54 22 345056 -0.02781105 -0.06531906  0.9988308 
13 54 22 368477 -0.02663994 -0.06820679  0.99847984
13 54 22 371183 -0.02811813 -0.06711578  1.00143814
13 54 22 395507 -0.03026962 -0.06744576  0.99432564
13 54 22 416755 -0.0311985  -0.06605911  0.99964142
13 54 22 419178 -0.02881622 -0.06550789  0.99851227
13 54 22 441401 -0.02845764 -0.06996918  1.00101089
13 54 22 464346 -0.02884674 -0.07301712  0.9963665 
13 54 22 466629 -0.03133583 -0.06669998  0.99706841
13 54 22 488705 -0.03011894 -0.06884384  0.99785995
13 54 22 512254 -0.02757454 -0.06580353  0.99671745
13 54 22 515604 -0.02940559 -0.06890869  0.99310303
13 54 22 536646 -0.02998543 -0.06840134  0.99886894
13 54 22 560229 -0.02981186 -0.06887054  1.00078201
13 54 22 563387 -0.0290699  -0.0687027   0.99756432
13 54 22 584477 -0.03382492 -0.06894684  0.99932671
13 54 22 608063 -0.0271759  -0.06829071  0.99722099
13 54 22 610384 -0.02801514 -0.06819725  0.99632454
13 54 22 681555 -0.02715111 -0.06890869  0.99724197
13 54 22 684292 -0.03093719 -0.0689106   0.99749374
13 54 22 687004 -0.02956009 -0.07264137  0.99925041
13 54 22 689601 -0.02737427 -0.06754303  0.99549866
13 54 22 704715 -0.03072548 -0.06760788  0.99334526
13 54 22 707121 -0.02914429 -0.0649395   0.99703026
13 54 22 729381 -0.02821922 -0.06761932  0.99585724
13 54 22 752671 -0.03004456 -0.06884575  0.99748802
13 54 22 755172 -0.02897072 -0.06610489  1.00274277
13 54 22 778897 -0.02746964 -0.07029533  0.99797249
13 54 22 800812 -0.02639198 -0.06553459  0.99432564
13 54 22 804199 -0.02689552 -0.065588    0.99634361
13 54 22 824996 -0.02992249 -0.06457138  0.99757576
13 54 22 848870 -0.02888107 -0.06578827  0.99407005
13 54 22 851917 -0.02615356 -0.06731987  0.99748421
13 54 22 880940 -0.02996254 -0.06594849  1.00253868
13 54 22 897209 -0.02941322 -0.06581688  0.99530602
13 54 22 901586 -0.02927208 -0.06359863  0.99769974
13 54 22 921010 -0.0287323  -0.06747818  1.00009918
13 54 22 944423 -0.02487564 -0.06783867  1.00237465
13 54 22 947468 -0.02702141 -0.06542206  0.99902534
13 54 22 968650 -0.03123283 -0.07157326  0.99885941
13 54 22 992119 -0.02725792 -0.06848717  0.99761963
13 54 22 994423 -0.03437233 -0.07193947  1.00185585
13 54 23 16609 -0.02721024 -0.06779861  0.99581337
13 54 23 40145 -0.02823448 -0.07005501  0.99886131
13 54 23 43378 -0.02899933 -0.06726456  0.99584389
13 54 23 137495 -0.02980804 -0.06770325  0.99709129
13 54 23 140323 -0.03160477 -0.07047844  1.00069809
13 54 23 142962 -0.03130531 -0.06720543  1.00164795
13 54 23 145516 -0.02781105 -0.06866264  0.99656487
13 54 23 148158 -0.03014183 -0.07091904  0.99542618
13 54 23 150448 -0.02484703 -0.07133675  0.99761391
13 54 23 161342 -0.02979469 -0.06886482  0.99627686
13 54 23 184657 -0.03138924 -0.06910324  1.00060844
13 54 23 187011 -0.03133583 -0.07176399  0.99793243
13 54 23 211108 -0.02682686 -0.06413841  0.99991989
13 54 23 232960 -0.02897263 -0.06829071  0.99746895
13 54 23 235645 -0.02996254 -0.07156944  0.99841881
13 54 23 257401 -0.02882576 -0.06799698  0.99251556
13 54 23 287494 -0.02797508 -0.06956482  1.00076103
13 54 23 307148 -0.03307724 -0.06643295  1.00015831
13 54 23 321876 -0.02999115 -0.06669617  1.00172997
13 54 23 329708 -0.02968025 -0.06199265  1.00180244
13 54 23 332518 -0.02662277 -0.06604767  0.99908447
13 54 23 353240 -0.02794456 -0.06703568  0.99576187
13 54 23 376458 -0.02666664 -0.0650425   1.0008297 
13 54 23 379625 -0.03007126 -0.06986046  0.99748993
13 54 23 400687 -0.02867317 -0.0686245   0.99888802
13 54 23 424441 -0.03037643 -0.06759453  0.99457932
13 54 23 426777 -0.02873993 -0.06457138  0.99825478
13 54 23 448715 -0.0292778  -0.06952858  0.99577141
13 54 23 451550 -0.02742195 -0.06551743  1.00113106
13 54 23 472792 -0.03152084 -0.06596565  0.99419403
13 54 23 496163 -0.02804565 -0.06883621  0.99973869
13 54 23 498473 -0.03083992 -0.07224846  0.99863815
13 54 23 520460 -0.0274601  -0.07165337  0.99896431
13 54 23 617059 -0.0273571  -0.07037544  1.00055504
13 54 23 619824 -0.02556038 -0.06989861  0.99622726
13 54 23 622408 -0.02970505 -0.07205391  0.99576759
13 54 23 624954 -0.02596474 -0.06876945  0.99624443
13 54 23 627520 -0.03236198 -0.07035255  1.00073814
13 54 23 630086 -0.02619553 -0.06870842  0.99714851
13 54 23 641019 -0.02680969 -0.07353592  0.99767113
13 54 23 644023 -0.02879906 -0.07149506  0.99606133
13 54 23 665418 -0.03256226 -0.06732178  1.00058174
13 54 23 688704 -0.0287056  -0.0717392   0.99444199
13 54 23 691415 -0.02682495 -0.07239914  0.9965477 
13 54 23 713580 -0.02978134 -0.06671715  0.99406433
13 54 23 736614 -0.03110695 -0.06944275  1.00099564
13 54 23 740015 -0.02740288 -0.06611633  0.99658012
13 54 23 761159 -0.02997398 -0.06821823  0.99902153
13 54 23 785123 -0.02658081 -0.06490326  1.00000763
13 54 23 787642 -0.0288887  -0.06477737  0.99715042
13 54 23 809180 -0.02902222 -0.06803131  0.99715996
13 54 23 832777 -0.02795219 -0.07044792  0.99669838
13 54 23 835249 -0.02997971 -0.06653976  0.99648094
13 54 23 856831 -0.02744102 -0.06373405  0.99703407
13 54 23 880327 -0.02941895 -0.0680542   1.00001144
13 54 23 882619 -0.03058815 -0.06884384  0.99521828
13 54 23 904890 -0.0293026  -0.06604767  0.99627686
13 54 23 928491 -0.02467918 -0.06930733  1.00001717
13 54 23 931376 -0.0266571  -0.06856728  0.99859428
13 54 23 961833 -0.0276413  -0.06681061  0.99859428
13 54 23 981502 -0.03257179 -0.0702343   0.99502754
13 54 23 998463 -0.02916718 -0.06804657  0.99575043
13 54 24 12870 -0.02824783 -0.06719398  0.99297905
13 54 24 97633 -0.02757835 -0.07149315  0.99554634
13 54 24 100422 -0.0252533  -0.07034492  0.99595261
13 54 24 103286 -0.03262138 -0.07087898  0.99905968
13 54 24 105737 -0.03126526 -0.07009506  0.9976387 
13 54 24 108063 -0.0230484  -0.07269096  0.99703598
13 54 24 110242 -0.03136635 -0.07083893  0.9966259 
13 54 24 120709 -0.02754974 -0.06906509  1.00276756
13 54 24 123772 -0.02789497 -0.06874847  0.99977303
13 54 24 145714 -0.02579689 -0.06816292  1.00061798
13 54 24 168715 -0.0301075  -0.0662365   0.99528313
13 54 24 171440 -0.02808571 -0.06414604  0.99734116
13 54 24 194661 -0.03067589 -0.06648827  0.99800682
13 54 24 216654 -0.02989769 -0.07128334  0.99703407
13 54 24 219593 -0.02829742 -0.06582451  0.99749947
13 54 24 241275 -0.02868652 -0.06835938  0.9989624 
13 54 24 264554 -0.02618217 -0.06863213  0.99745941
13 54 24 267193 -0.02585602 -0.06791306  0.9983902 
13 54 24 289002 -0.0281086  -0.06376648  0.99873543
13 54 24 313080 -0.02611351 -0.06825638  0.99971008
13 54 24 316422 -0.02880669 -0.06752777  1.000494  
13 54 24 336789 -0.03156471 -0.06972504  0.99607849
13 54 24 360378 -0.02939415 -0.07129478  0.99642944
13 54 24 362791 -0.02752304 -0.07031822  0.99418259
13 54 24 385493 -0.02927208 -0.06463051  0.99986839
13 54 24 408496 -0.02649307 -0.06747055  1.00090981
13 54 24 411716 -0.02976418 -0.07277107  1.0022049 
13 54 24 432727 -0.02981186 -0.06761742  0.99521065
13 54 24 456303 -0.03126526 -0.06561852  0.99746895
13 54 24 458843 -0.02913475 -0.06822014  0.99732971
13 54 24 480245 -0.02870941 -0.07196236  0.99577713
13 54 24 482608 -0.02796745 -0.0711441   0.99630547
13 54 24 504763 -0.03012848 -0.06952095  0.99715042
13 54 24 601106 -0.02843475 -0.06754684  0.99661064
13 54 24 603816 -0.03116226 -0.07287407  0.99632454
13 54 24 606407 -0.02643967 -0.07291412  1.00096321
13 54 24 608474 -0.02791214 -0.06886482  0.99793053
13 54 24 611013 -0.02816391 -0.06861115  0.99729156
13 54 24 613575 -0.02632713 -0.07136154  1.00119209
13 54 24 616108 -0.03063202 -0.07147217  0.99370575
13 54 24 625393 -0.02880478 -0.06634521  1.00217819
13 54 24 648858 -0.03075027 -0.06773186  0.99653816
13 54 24 651364 -0.0252037  -0.06977081  0.99702072
13 54 24 674227 -0.02841377 -0.06910706  0.99954414
13 54 24 696937 -0.0300045  -0.06838989  0.99475098
13 54 24 699271 -0.02861595 -0.0688343   0.99706841
13 54 24 730153 -0.02763748 -0.067379    0.99851418
13 54 24 751680 -0.02714729 -0.0690136   0.99664497
13 54 24 767168 -0.02651787 -0.0670433   0.99549675
13 54 24 786207 -0.02826691 -0.06454086  0.99656296
13 54 24 800253 -0.02858734 -0.06455231  1.00107384
13 54 24 816443 -0.0290184  -0.06995583  0.99921417
13 54 24 831492 -0.0261879  -0.06728554  0.99723434
13 54 24 848377 -0.03269958 -0.06510162  0.99797249
13 54 24 861819 -0.02573967 -0.07134628  0.99866867
13 54 24 877713 -0.0302887  -0.06896019  1.00037575
13 54 24 893763 -0.02893829 -0.06487846  0.99548912
13 54 24 904631 -0.03090286 -0.06603241  0.99687386
13 54 24 913190 -0.02516556 -0.06707382  0.99292183
13 54 24 936142 -0.03090858 -0.07071686  0.99372482
13 54 24 938399 -0.02859116 -0.06654167  0.99929237
13 54 24 966563 -0.03199005 -0.06924248  0.99851608
13 54 25 61941 -0.02665138 -0.06741142  0.99847603
13 54 25 72634 -0.02538872 -0.06833267  0.99710655
13 54 25 86462 -0.02622604 -0.06362152  0.99362183
13 54 25 98185 -0.03189659 -0.06965256  0.99372864
13 54 25 107468 -0.0267086  -0.06887627  0.99942589
13 54 25 126434 -0.02953148 -0.07277489  0.99507904
13 54 25 138069 -0.03015518 -0.074049    0.99545479
13 54 25 155289 -0.0291481  -0.06700706  0.99556351
13 54 25 167549 -0.02784538 -0.06632614  1.00112343
13 54 25 184520 -0.03055573 -0.06971741  0.99827385
13 54 25 196571 -0.02538109 -0.06803131  0.99959373
13 54 25 213091 -0.02914619 -0.06963348  0.99589729
13 54 25 226090 -0.02917671 -0.06745338  0.99898148
13 54 25 243669 -0.0265274  -0.06924438  1.00310135
13 54 25 257919 -0.02595329 -0.06803131  0.99647903
13 54 25 274514 -0.02826881 -0.06227493  0.99575233
13 54 25 286801 -0.0267067  -0.06801224  0.99537659
13 54 25 299602 -0.02889824 -0.06674385  1.00255966
13 54 25 315002 -0.0222702  -0.07264137  0.99633217
13 54 25 328481 -0.02946091 -0.06517029  0.99647331
13 54 25 343470 -0.02977562 -0.06723213  0.99357414
13 54 25 358822 -0.02891731 -0.06634521  1.00017166
13 54 25 371232 -0.03115082 -0.06370926  0.99447632
13 54 25 388284 -0.03134727 -0.06699181  0.99628639
13 54 25 402479 -0.0271492  -0.06905556  0.99775505
13 54 25 418354 -0.02768898 -0.06936264  0.99566841
13 54 25 432060 -0.02866554 -0.06703758  1.00037003
13 54 25 442261 -0.02705383 -0.06633568  0.99864197
13 54 25 451504 -0.02855492 -0.06026459  0.99578285
13 54 25 516565 -0.03083992 -0.06846428  1.00131607
13 54 25 529527 -0.03272629 -0.06820297  0.99967766
13 54 25 541712 -0.02694321 -0.06878281  0.99927521
13 54 25 555392 -0.0283699  -0.06910324  0.99770927
13 54 25 565640 -0.02659988 -0.06935883  0.99654961
13 54 25 585348 -0.02860451 -0.06953239  1.00027275
13 54 25 595819 -0.03037834 -0.07499123  0.99773979
13 54 25 615598 -0.03033638 -0.07055283  0.99323273
13 54 25 625029 -0.0274601  -0.07083702  0.99912453
13 54 25 640095 -0.03280449 -0.0710392   0.99285126
13 54 25 653373 -0.03084183 -0.06996536  1.00170517
13 54 25 668696 -0.02900887 -0.06552887  0.99563599
13 54 25 682853 -0.03060722 -0.06803703  0.99925041
13 54 25 693432 -0.02810287 -0.06646919  1.00112152
13 54 25 711248 -0.02759743 -0.06689835  0.99651527
13 54 25 726300 -0.02729988 -0.06924248  0.9961338 
13 54 25 741608 -0.02967453 -0.06972122  0.99797058
13 54 25 757554 -0.03068542 -0.07093811  0.99967575
13 54 25 773351 -0.02773285 -0.06934357  1.00001144
13 54 25 782348 -0.02898979 -0.06482887  0.99601555
13 54 25 803395 -0.02890205 -0.066679    0.99750328
13 54 25 812773 -0.02830315 -0.06783867  1.00047684
13 54 25 829906 -0.02696228 -0.06571388  1.0004673 
13 54 25 840931 -0.02579498 -0.06726265  0.99868202
13 54 25 859934 -0.02614594 -0.06853294  0.99808121
13 54 25 870796 -0.02847862 -0.06794357  0.99839973
13 54 25 888679 -0.03265572 -0.06889915  0.99679947
13 54 25 901335 -0.02570152 -0.07094574  1.00015259
13 54 25 917882 -0.02867126 -0.06750107  0.99509239
13 54 25 930281 -0.02867889 -0.06646347  0.99856377
13 54 25 945404 -0.02971077 -0.06461525  0.99866486
13 54 26 1656 -0.03095055 -0.06734657  0.99682808
13 54 26 17646 -0.02935219 -0.06849861  0.9952507 
13 54 26 27495 -0.02890968 -0.068964    0.99813652
13 54 26 45641 -0.03269577 -0.06923103  0.99569702
13 54 26 62839 -0.03073311 -0.07167053  0.99654579
13 54 26 74608 -0.03061676 -0.06977463  1.00208855
13 54 26 85869 -0.02618408 -0.07314491  0.99485207
13 54 26 102125 -0.02761078 -0.06933784  0.99770164
13 54 26 116789 -0.02794838 -0.06958008  0.99678802
13 54 26 130716 -0.02859879 -0.06825829  0.99881554
13 54 26 147141 -0.02904892 -0.06804657  0.99945259
13 54 26 161036 -0.0280323  -0.06874084  0.99231911
13 54 26 174739 -0.02468681 -0.06801224  0.99726868
13 54 26 191942 -0.02417374 -0.06854248  0.9954567 
13 54 26 204668 -0.02622032 -0.07305908  0.99765396
13 54 26 220788 -0.02603912 -0.06986046  0.99605751
13 54 26 232534 -0.03012276 -0.06400681  0.9981575 
13 54 26 244163 -0.03068161 -0.06681061  0.99834442
13 54 26 253544 -0.02921295 -0.06910896  1.00050163
13 54 26 266698 -0.02841949 -0.06649399  0.99730682
13 54 26 284643 -0.02861977 -0.0680294   0.99863052
13 54 26 301160 -0.03132439 -0.07337952  0.99495888
13 54 26 317195 -0.02667999 -0.06984711  0.99888039
13 54 26 330315 -0.02582741 -0.07497597  0.99752235
13 54 26 345100 -0.03069687 -0.06625175  1.00046349
13 54 26 356502 -0.02891159 -0.06894875  0.99902916
13 54 26 372064 -0.03095055 -0.0673008   0.99752045
13 54 26 384062 -0.03005028 -0.06729126  0.9973011 
13 54 26 397971 -0.02813148 -0.06873322  0.99423409
13 54 26 406726 -0.03144455 -0.06555367  0.99568939
13 54 26 419765 -0.02450562 -0.06645203  1.00179672
13 54 26 434850 -0.02944756 -0.06792831  0.99656677
13 54 26 506671 -0.02923393 -0.07172394  0.99751091
13 54 26 520053 -0.02732086 -0.06575584  0.99531937
13 54 26 532469 -0.02783775 -0.0640831   0.9989357 
13 54 26 543439 -0.02668571 -0.07079697  0.99753761
13 54 26 559533 -0.03048897 -0.06736946  0.99902153
13 54 26 572006 -0.02845573 -0.06754112  0.99902534
13 54 26 585487 -0.02531624 -0.06591415  0.9949913 
13 54 26 600721 -0.03011894 -0.0683403   0.99825287
13 54 26 613328 -0.02806854 -0.06985092  1.00052643
13 54 26 628288 -0.02951431 -0.06721115  1.00123978
13 54 26 642428 -0.02943039 -0.06798553  0.99504471
13 54 26 655203 -0.02941513 -0.06718636  0.9960041 
13 54 26 671778 -0.02936554 -0.06755829  0.99765968
13 54 26 683528 -0.02907753 -0.06871033  1.00063133
13 54 26 695417 -0.02920341 -0.06830597  0.99653816
13 54 26 704506 -0.02519798 -0.06613541  0.99172401
13 54 26 719507 -0.02720261 -0.06659698  0.99878883
13 54 26 733611 -0.03393555 -0.06740761  0.99869347
13 54 26 748909 -0.03042984 -0.06876755  0.99742317
13 54 26 762437 -0.02975464 -0.06925583  0.99600601
13 54 26 781408 -0.02997208 -0.07066536  0.99614334
13 54 26 795681 -0.03293991 -0.06888962  0.99485588
13 54 26 812591 -0.02943802 -0.06699371  0.99867058
13 54 26 825582 -0.03154945 -0.07147598  0.99709892
13 54 26 842584 -0.02893448 -0.06786919  0.99977112
13 54 26 855810 -0.03022766 -0.06904221  1.002882  
13 54 26 870703 -0.02609634 -0.06769371  0.99903107
13 54 26 884385 -0.02660179 -0.06698608  0.99875641
13 54 26 895507 -0.03064919 -0.06804085  1.00035667
13 54 26 913061 -0.02897453 -0.06973267  0.99950027
13 54 26 962511 -0.03128052 -0.06518936  0.99827766
13 54 26 976920 -0.03271484 -0.06924057  0.99511719
13 54 26 992082 -0.03207016 -0.06630325  0.99788666
13 54 27 3905 -0.02931213 -0.06669044  0.99913406
13 54 27 16023 -0.03147507 -0.06674767  0.99250793
13 54 27 24990 -0.02737236 -0.06385994  0.99554062
13 54 27 42195 -0.02469444 -0.07304573  0.99883461
13 54 27 62516 -0.02688789 -0.06835175  1.00208855
13 54 27 74389 -0.03064156 -0.06659126  0.99918365
13 54 27 92945 -0.02951622 -0.06678963  0.99518967
13 54 27 104509 -0.02837944 -0.06680298  0.99551201
13 54 27 121353 -0.02931786 -0.06793976  0.9972477 
13 54 27 134943 -0.02480888 -0.06817436  0.9967823 
13 54 27 150968 -0.03170967 -0.06772614  0.99595642
13 54 27 163232 -0.02688599 -0.0685463   0.99562263
13 54 27 178258 -0.03005028 -0.06837654  0.99446487
13 54 27 192220 -0.0294342  -0.07176208  0.99768448
13 54 27 211267 -0.02794266 -0.06968689  0.99484253
13 54 27 222760 -0.02895546 -0.07159805  1.00179863
13 54 27 235452 -0.03136253 -0.07103348  1.00130844
13 54 27 250316 -0.02661896 -0.06660461  1.00030518
13 54 27 263537 -0.03141212 -0.07003021  0.99401665
13 54 27 279996 -0.02544022 -0.0697937   0.99731064
13 54 27 298225 -0.03341484 -0.06988144  0.99616432
13 54 27 312563 -0.02730751 -0.0702858   0.99399567
13 54 27 325973 -0.02621651 -0.06862831  0.99720001
13 54 27 337449 -0.03025055 -0.06614304  0.99183655
13 54 27 354621 -0.02828979 -0.06435585  1.00065613
13 54 27 438006 -0.02787018 -0.06451607  0.9962101 
13 54 27 448779 -0.02420425 -0.06622314  0.99846458
13 54 27 459598 -0.02621078 -0.06340218  0.99977493
13 54 27 473876 -0.02815247 -0.06769562  0.9992218 
13 54 27 489299 -0.02704048 -0.07267952  0.99787521
13 54 27 505996 -0.0316658  -0.06952858  0.99837303
13 54 27 515157 -0.02532768 -0.06793404  0.99639893
13 54 27 533454 -0.02793312 -0.06591415  0.99480247
13 54 27 544174 -0.02745819 -0.06478882  0.99566269
13 54 27 560667 -0.02867126 -0.06705284  0.99750519
13 54 27 578214 -0.03020859 -0.06663322  0.99983025
13 54 27 592190 -0.02755547 -0.0671978   1.00205421
13 54 27 603983 -0.02326393 -0.06645584  0.9957428 
13 54 27 619240 -0.02869987 -0.06838799  0.99817848
13 54 27 640495 -0.02420998 -0.06833458  0.99886894
13 54 27 657317 -0.02486038 -0.06910133  0.99414253
13 54 27 675574 -0.0330162  -0.06527901  0.99572372
13 54 27 696241 -0.02930641 -0.06783295  1.00071907
13 54 27 708060 -0.02633095 -0.07311249  0.9933033 
13 54 27 727549 -0.02912521 -0.07104111  0.99771881
13 54 27 751754 -0.02728081 -0.07292557  0.99728584
13 54 27 773375 -0.02915382 -0.06900215  1.00101662
13 54 27 789946 -0.02845192 -0.06917     0.99612999
13 54 27 821514 -0.0277462  -0.07353973  0.99843597
13 54 27 848118 -0.02637291 -0.06753922  0.99474144
13 54 27 861409 -0.02904892 -0.06783676  1.00082779
13 54 27 869763 -0.02820206 -0.06533241  0.99783134
13 54 27 872504 -0.02700806 -0.06589699  0.99522591
13 54 27 875258 -0.02958679 -0.06560707  0.99799728
13 54 27 878033 -0.02894974 -0.06455803  0.99601555
13 54 27 889536 -0.02845955 -0.066782    0.99069786
13 54 27 892023 -0.03274536 -0.06975365  0.99769783
13 54 27 894252 -0.0268898  -0.06937027  0.99494553
13 54 27 896492 -0.02700233 -0.06811905  0.99654579
13 54 27 899076 -0.02612495 -0.06894112  0.99877739
13 54 27 913452 -0.02912331 -0.06712914  0.99645615
13 54 27 937089 -0.03013229 -0.06845284  0.99647331
13 54 27 939671 -0.02519226 -0.07032776  1.00234222
13 54 27 961416 -0.03184509 -0.06780052  0.99850082
13 54 27 984926 -0.03066254 -0.06937408  1.00120163
13 54 27 987318 -0.02620888 -0.06825638  0.9970932 
13 54 28 9546 -0.0289402  -0.06623268  0.99683571
13 54 28 32741 -0.02807808 -0.06547928  1.00297546
13 54 28 35386 -0.02984238 -0.06021118  1.00133324
13 54 28 57169 -0.02993965 -0.06602478  0.99473381
13 54 28 80861 -0.03155708 -0.06621933  0.99693298
13 54 28 83528 -0.02752113 -0.0682888   0.99786949
13 54 28 113608 -0.02672958 -0.07183075  0.99918175
13 54 28 138090 -0.03170395 -0.07072067  0.99482727
13 54 28 152115 -0.02630424 -0.07269669  0.99346161
13 54 28 169157 -0.02713776 -0.06754112  0.99880028
13 54 28 183093 -0.03218842 -0.07291985  0.99948311
13 54 28 196353 -0.02353096 -0.06751633  0.99833488
13 54 28 205163 -0.02648544 -0.06652641  0.9992485 
13 54 28 224334 -0.02548218 -0.06911659  0.99720383
13 54 28 226951 -0.02681732 -0.06789589  0.99684525
13 54 28 249381 -0.02519608 -0.06478882  1.00131416
13 54 28 280011 -0.02807808 -0.0718708   0.99725914
13 54 28 289598 -0.02606392 -0.07121468  0.9953537 
13 54 28 376229 -0.02715874 -0.06631851  0.99944496
13 54 28 387591 -0.02619743 -0.06785774  0.99942398
13 54 28 399908 -0.03194237 -0.0663662   0.99986458
13 54 28 414955 -0.02409172 -0.0608387   0.99888992
13 54 28 427708 -0.03111267 -0.06844521  0.99841881
13 54 28 440437 -0.02872658 -0.07128716  0.99864769
13 54 28 459213 -0.02835655 -0.07043457  0.99539566
13 54 28 474586 -0.02495766 -0.06726837  0.99699783
13 54 28 488769 -0.03058243 -0.06637192  0.99372673
13 54 28 502719 -0.02665901 -0.06661987  0.99632454
13 54 28 514878 -0.03009415 -0.06745529  0.99652481
13 54 28 526951 -0.03077507 -0.06686974  0.99763298
13 54 28 537032 -0.02596283 -0.06902504  0.99773216
13 54 28 549761 -0.0326252  -0.06899452  0.99819565
13 54 28 561847 -0.03423882 -0.07564926  0.99723053
13 54 28 573109 -0.0299263  -0.07325935  1.00134659
13 54 28 585907 -0.02790642 -0.06580162  0.99653244
13 54 28 596742 -0.02737236 -0.06940079  0.99756813
13 54 28 609107 -0.02370071 -0.07352257  0.99969864
13 54 28 619939 -0.02529335 -0.07010078  0.99763489
13 54 28 630931 -0.03016853 -0.06929016  0.99933434
13 54 28 644557 -0.02801132 -0.06913567  0.99803162
13 54 28 661504 -0.03337479 -0.06692123  0.99567413
13 54 28 675393 -0.02697754 -0.06490135  0.99328613
13 54 28 686388 -0.02747917 -0.06759644  0.99363327
13 54 28 704429 -0.02847481 -0.06910133  0.9998455 
13 54 28 707115 -0.02846146 -0.06796455  0.99706268
13 54 28 728795 -0.02958107 -0.06746483  0.99356079
13 54 28 752260 -0.03229713 -0.06659317  1.00022507
13 54 28 754571 -0.02769279 -0.06603432  1.00007248
13 54 28 825571 -0.0293026  -0.06743622  0.99744415
13 54 28 828242 -0.02415085 -0.06543541  0.99482918
13 54 28 830864 -0.02489471 -0.06575775  0.9988842 
13 54 28 833132 -0.02911377 -0.06979942  1.00097656
13 54 28 849210 -0.0301342  -0.07028008  0.99452782
13 54 28 851902 -0.02746582 -0.07065201  0.99633026
13 54 28 873873 -0.03019333 -0.06972694  0.99440384
13 54 28 896897 -0.02773094 -0.06723976  0.99666977
13 54 28 899326 -0.02743149 -0.068964    0.99893951
13 54 28 921330 -0.02680779 -0.06738281  0.99867058
13 54 28 944913 -0.02811623 -0.0676899   0.99481392
13 54 28 947779 -0.02598381 -0.06863403  0.99708939
13 54 28 968919 -0.03074074 -0.06752586  0.99345398
13 54 28 971835 -0.02670479 -0.0628891   0.99968147
13 54 28 993457 -0.02947998 -0.06933022  0.99812698
13 54 29 16690 -0.02972794 -0.07011986  0.99645424
13 54 29 19026 -0.02877617 -0.06590462  0.99794006
13 54 29 41845 -0.02731705 -0.06768227  0.99736214
13 54 29 64764 -0.02919197 -0.06707191  0.99889946
13 54 29 67407 -0.03103447 -0.06887817  0.99827576
13 54 29 89190 -0.03048706 -0.06937981  0.99585342
13 54 29 112521 -0.02861977 -0.07082748  0.99838066
13 54 29 115015 -0.02612495 -0.07130623  0.99423409
13 54 29 137527 -0.02548981 -0.06929207  0.99965477
13 54 29 160487 -0.02778816 -0.07108307  1.00287247
13 54 29 162820 -0.02879524 -0.06447792  0.99602509
13 54 29 184890 -0.02832222 -0.06676483  0.99924469
13 54 29 208349 -0.0252018  -0.06658363  0.99930573
13 54 29 210778 -0.03015327 -0.06171417  0.99723053
13 54 29 232844 -0.02772713 -0.06669235  0.99758911
13 54 29 305285 -0.02577209 -0.06805038  0.99495125
13 54 29 307925 -0.0304966  -0.06941986  0.99913979
13 54 29 310387 -0.02984047 -0.06433105  0.9983139 
13 54 29 312856 -0.02697372 -0.06753159  1.00084496
13 54 29 315306 -0.02896118 -0.06931686  0.99756241
13 54 29 329782 -0.02681541 -0.06734276  0.99709511
13 54 29 353033 -0.02809715 -0.06759071  0.99853897
13 54 29 355995 -0.02804947 -0.07162476  0.9987011 
13 54 29 377681 -0.02772331 -0.06577873  0.99286842
13 54 29 401250 -0.02735901 -0.06748772  0.99308586
13 54 29 403882 -0.02835655 -0.0671978   0.9988575 
13 54 29 425383 -0.02887344 -0.06800079  1.00258255
13 54 29 448947 -0.03061676 -0.06461716  0.99897766
13 54 29 452591 -0.02709007 -0.06651306  0.99889183
13 54 29 480198 -0.02949142 -0.0669632   1.00082397
13 54 29 503798 -0.02924156 -0.06685638  1.00143433
13 54 29 518390 -0.03159904 -0.06836319  0.99765587
13 54 29 530470 -0.02638817 -0.06945038  0.99480629
13 54 29 542173 -0.02778435 -0.07112312  0.99764252
13 54 29 552651 -0.02949333 -0.06889343  0.99669838
13 54 29 568863 -0.03085518 -0.07115555  0.99611092
13 54 29 571470 -0.02740097 -0.07080269  0.99741554
13 54 29 593122 -0.02772331 -0.06801987  0.99693871
13 54 29 616439 -0.02797699 -0.06976318  0.99648857
13 54 29 618704 -0.02791977 -0.06772423  0.99719429
13 54 29 641558 -0.02903938 -0.06592751  0.99664688
13 54 29 664705 -0.0293541  -0.06714058  0.99868011
13 54 29 667072 -0.02717972 -0.07167816  0.99891663
13 54 29 688795 -0.02674866 -0.07101631  0.99901962
13 54 29 712516 -0.02810097 -0.06679535  0.99855804
13 54 29 715489 -0.02879906 -0.06676102  1.00043297
13 54 29 809816 -0.02744102 -0.06198692  0.99629784
13 54 29 812528 -0.02692986 -0.06613159  0.99590492
13 54 29 815117 -0.02941895 -0.0659523   0.99449158
13 54 29 817590 -0.03014183 -0.06910133  0.99510002
13 54 29 820075 -0.02953529 -0.06752777  0.99515533
13 54 29 822794 -0.02667427 -0.06825829  0.99934578
13 54 29 833299 -0.03046417 -0.06539154  1.00302315
13 54 29 857312 -0.03003311 -0.06591034  1.00039864
13 54 29 859948 -0.02931213 -0.06600761  0.99852562
13 54 29 881460 -0.02572823 -0.06588173  0.99810219
13 54 29 905040 -0.02826309 -0.0703125   0.99538994
13 54 29 907885 -0.02771759 -0.06622696  0.99572754
13 54 29 929492 -0.02698326 -0.07221794  0.99687576
13 54 29 952721 -0.02830315 -0.06689453  0.99839401
13 54 29 955048 -0.02458    -0.06998825  0.99733734
13 54 29 977157 -0.02764702 -0.07005692  0.99838829
13 54 30 707 -0.02674675 -0.06544685  0.99674606
13 54 30 4138 -0.03039932 -0.06692123  0.99955559
13 54 30 25371 -0.03166199 -0.06856155  0.99488068
13 54 30 49905 -0.02757645 -0.07019424  0.99932289
13 54 30 53812 -0.03047943 -0.06915665  0.99883652
13 54 30 73117 -0.02900314 -0.06650925  0.99569511
13 54 30 96589 -0.03040695 -0.06704712  0.99377251
13 54 30 98978 -0.02428246 -0.06807518  0.99304581
13 54 30 121176 -0.02724075 -0.07160378  0.99834061
13 54 30 144400 -0.02845573 -0.07055473  0.9969368 
13 54 30 146880 -0.03160667 -0.07087326  0.99614716
13 54 30 168860 -0.02905273 -0.06502724  0.99912643
13 54 30 192429 -0.02787781 -0.06641006  0.99565506
13 54 30 196322 -0.02614021 -0.06995583  0.99298286
13 54 30 289874 -0.02777672 -0.06800652  0.99791718
13 54 30 292429 -0.0295639  -0.06719589  0.99355888
13 54 30 294708 -0.02698135 -0.06806183  0.9983902 
13 54 30 297021 -0.02928543 -0.06531715  1.00044823
13 54 30 299330 -0.02637672 -0.06848335  1.00046921
13 54 30 301494 -0.02511597 -0.069067    0.9967041 
13 54 30 313387 -0.0297718  -0.06426048  0.99456596
13 54 30 339003 -0.02781296 -0.06767464  0.99616432
13 54 30 341486 -0.0294075  -0.0709877   0.99373817
13 54 30 361631 -0.02654648 -0.06589317  1.00013351
13 54 30 384983 -0.02731514 -0.06838036  0.99910164
13 54 30 387387 -0.02910042 -0.06769562  0.99366379
13 54 30 409705 -0.0267086  -0.06777191  0.99745941
13 54 30 432846 -0.02796936 -0.07011795  0.99778175
13 54 30 435142 -0.02794266 -0.06982613  0.99477768
13 54 30 457262 -0.0292263  -0.0677433   0.99726677
13 54 30 480658 -0.0271244  -0.0664978   0.99869537
13 54 30 483403 -0.02575111 -0.06499672  0.99318886
13 54 30 505359 -0.02500343 -0.06853104  0.99834824
13 54 30 529182 -0.02817154 -0.07214737  0.9966774 
13 54 30 533370 -0.0270977  -0.06550217  0.99991035
13 54 30 553267 -0.03307724 -0.06822014  0.99930191
13 54 30 576420 -0.02953339 -0.06718826  1.00046158
13 54 30 578982 -0.03116798 -0.06817818  1.00161171
13 54 30 600816 -0.031147   -0.06429672  0.99598885
13 54 30 625361 -0.02960968 -0.06560516  1.00010872
13 54 30 628732 -0.02895737 -0.06896019  0.99273872
13 54 30 648999 -0.02742577 -0.07039261  0.99963951
13 54 30 745247 -0.03154373 -0.06696701  0.99548912
13 54 30 747926 -0.02832794 -0.07105827  0.9951458 
13 54 30 750535 -0.02933693 -0.06758118  0.99642754
13 54 30 753038 -0.02865791 -0.06801605  0.99130821
13 54 30 755545 -0.02978516 -0.0655117   0.99720955
13 54 30 758460 -0.02812386 -0.07113838  0.99986649
13 54 30 768932 -0.02906799 -0.06959724  0.99683762
13 54 30 771541 -0.02980614 -0.06484032  0.9950161 
13 54 30 793942 -0.02934647 -0.06864357  0.99957275
13 54 30 816942 -0.02894592 -0.06941032  0.99740982
13 54 30 819611 -0.02809525 -0.07240105  0.99677849
13 54 30 841546 -0.02639008 -0.06844521  0.99839211
13 54 30 865012 -0.02771759 -0.0694294   1.00041389
13 54 30 867696 -0.02601242 -0.06525421  0.99171829
13 54 30 889271 -0.0301342  -0.06387329  0.99716568
13 54 30 912749 -0.03080177 -0.06826591  0.99970627
13 54 30 915089 -0.02641487 -0.06731796  0.99876595
13 54 30 937175 -0.02744102 -0.06967354  1.00316048
13 54 30 961133 -0.02702904 -0.06615257  0.99783134
13 54 30 964196 -0.03040504 -0.06847191  0.99637032
13 54 30 985174 -0.0296669  -0.06595993  0.9976368 
13 54 31 16907 -0.02750206 -0.06685448  0.99391174
13 54 31 35147 -0.02792549 -0.07085037  0.99709892
13 54 31 44287 -0.0245285 -0.0693264  1.0001297
13 54 31 56729 -0.02674866 -0.07051468  0.9966259 
13 54 31 59535 -0.02662659 -0.0702858   1.00051498
13 54 31 80966 -0.02835655 -0.06682777  0.99689674
13 54 31 105238 -0.03291893 -0.06697655  0.99749947
13 54 31 108103 -0.0255146  -0.06715012  0.99662399
13 54 31 201861 -0.02837181 -0.07407761  0.99355888
13 54 31 204560 -0.02754593 -0.07065964  1.00038528
13 54 31 207118 -0.02538681 -0.06930161  0.99629402
13 54 31 209668 -0.02916145 -0.07235146  1.00113869
13 54 31 212384 -0.03356743 -0.06563568  1.0015049 
13 54 31 215062 -0.02936363 -0.07027245  0.99368668
13 54 31 225962 -0.02519798 -0.07032967  0.99773598
13 54 31 249185 -0.02730942 -0.07061577  0.99544334
13 54 31 252032 -0.0266037  -0.06918526  1.00003624
13 54 31 273406 -0.03087234 -0.06825447  0.99716377
13 54 31 303918 -0.02862167 -0.06587029  0.99541283
13 54 31 314919 -0.03105545 -0.06555557  0.997715  
13 54 31 321357 -0.03068733 -0.06523514  0.99700737
13 54 31 344833 -0.03214073 -0.0692482   0.99995232
13 54 31 347249 -0.02700043 -0.06913376  0.9946804 
13 54 31 369204 -0.02949715 -0.0688076   0.99896431
13 54 31 393117 -0.0268364  -0.07044411  0.99843788
13 54 31 396314 -0.03245544 -0.07040024  0.99814034
13 54 31 417244 -0.02850342 -0.07366371  0.99228096
13 54 31 441053 -0.02887535 -0.06726837  0.9968586 
13 54 31 443980 -0.0288353  -0.06917191  0.99559021
13 54 31 465167 -0.02682304 -0.06986809  1.00130081
13 54 31 467349 -0.02712631 -0.07208252  0.99465752
13 54 31 489100 -0.03104019 -0.07378578  0.99951553
13 54 31 512498 -0.02873993 -0.07123184  1.00395966
13 54 31 515737 -0.02775002 -0.06699371  0.99569511
13 54 31 536997 -0.02500153 -0.06842613  0.99675179
13 54 31 560470 -0.02783203 -0.072649    1.00141716
13 54 31 563074 -0.02744102 -0.07203484  0.99127197
13 54 31 584806 -0.02470779 -0.06468201  0.99522972
13 54 31 681147 -0.02555847 -0.06934547  0.99998665
13 54 31 683454 -0.03021049 -0.06527328  1.00038338
13 54 31 685646 -0.03180885 -0.07160759  1.00248146
13 54 31 687898 -0.02928734 -0.06759071  0.99477386
13 54 31 690303 -0.02715874 -0.07020569  0.99245453
13 54 31 693386 -0.02801132 -0.06960297  0.99645424
13 54 31 704822 -0.03296471 -0.06997108  0.99656868
13 54 31 707548 -0.03122711 -0.06954384  0.99683189
13 54 31 730462 -0.03017235 -0.06964493  0.99817848
13 54 31 752959 -0.02901268 -0.06728554  0.9969368 
13 54 31 755471 -0.02889061 -0.06721306  0.99929619
13 54 31 777736 -0.02775574 -0.06236076  0.99929047
13 54 31 801202 -0.02957726 -0.0669384   0.99801636
13 54 31 804278 -0.03062439 -0.06945038  0.99637413
13 54 31 826643 -0.02825737 -0.06818008  0.99672699
13 54 31 848827 -0.02494812 -0.07146263  0.99676323
13 54 31 851237 -0.02932739 -0.06934929  0.99775314
13 54 31 873446 -0.0304966  -0.06866455  0.9984169 
13 54 31 897076 -0.03058052 -0.06917381  0.99627304
13 54 31 900314 -0.02807426 -0.06724739  0.99743462
13 54 31 921271 -0.02791023 -0.06640816  0.99913025
13 54 31 944667 -0.02323532 -0.0698452   1.0011692 
13 54 31 947007 -0.02866936 -0.07041359  0.99522209
13 54 31 969008 -0.02825546 -0.06707954  0.99450684
13 54 31 992668 -0.02732849 -0.06824684  1.00001144
13 54 31 995248 -0.027565   -0.0667572   0.99357414
13 54 32 17081 -0.03269196 -0.06533623  0.9940815 
13 54 32 40851 -0.03103638 -0.06788254  0.99699974
13 54 32 44288 -0.0249939  -0.06489563  0.99572945
13 54 32 65001 -0.02602959 -0.06682587  1.0014019 
13 54 32 88378 -0.02942657 -0.06864166  0.99615669
13 54 32 90956 -0.02877045 -0.07155418  0.99608421
13 54 32 161735 -0.02966499 -0.06531715  1.0010376 
13 54 32 165016 -0.02697754 -0.07073784  0.99544907
13 54 32 167513 -0.02720451 -0.06635475  0.99695206
13 54 32 169864 -0.02940178 -0.06568909  0.99588394
13 54 32 185197 -0.03036118 -0.06835938  0.99627304
13 54 32 187774 -0.02531242 -0.06866646  0.99760246
13 54 32 210021 -0.02756691 -0.06861305  0.99804497
13 54 32 233068 -0.02701569 -0.07190704  0.99777985
13 54 32 236401 -0.03079987 -0.06838989  1.00174332
13 54 32 258105 -0.02684975 -0.0699501   0.99343491
13 54 32 281133 -0.02641296 -0.06804276  0.99541283
13 54 32 283667 -0.03249168 -0.07036781  0.99876404
13 54 32 305489 -0.02868652 -0.06856155  0.99983978
13 54 32 328965 -0.02810478 -0.06335831  0.99602699
13 54 32 331746 -0.03163528 -0.06841469  0.99744034
13 54 32 353487 -0.02890205 -0.06890869  0.99788094
13 54 32 376732 -0.02832603 -0.06953239  0.99792099
13 54 32 379101 -0.03282166 -0.06950378  0.99707985
13 54 32 401395 -0.02913666 -0.066576    1.00075722
13 54 32 424781 -0.02771568 -0.07170296  0.98939133
13 54 32 427644 -0.02382469 -0.06536674  1.00052071
13 54 32 449348 -0.03009415 -0.06941986  0.99593353
13 54 32 472882 -0.02794838 -0.06860352  0.99355125
13 54 32 477054 -0.0286541  -0.07323074  0.99575615
13 54 32 497322 -0.02671814 -0.06385422  0.99668503
13 54 32 520586 -0.03048897 -0.06642342  0.99445343
13 54 32 523494 -0.0290947  -0.06918907  0.99624825
13 54 32 545279 -0.0290966  -0.06623077  0.99632835
13 54 32 617285 -0.0256424  -0.06847954  0.99823952
13 54 32 619955 -0.02950859 -0.0669136   0.99784088
13 54 32 622545 -0.02973175 -0.06685066  0.99880409
13 54 32 624987 -0.02812195 -0.07078934  0.99412537
13 54 32 627427 -0.02885628 -0.06736565  0.99470711
13 54 32 641665 -0.03053856 -0.06776428  1.00190353
13 54 32 667613 -0.02793312 -0.06648445  0.9970417 
13 54 32 670080 -0.03138161 -0.06750107  0.99407005
13 54 32 689612 -0.02606392 -0.06738472  0.99528694
13 54 32 713134 -0.02770615 -0.06719017  0.99533463
13 54 32 715819 -0.03331757 -0.06269073  0.99635315
13 54 32 737962 -0.02866364 -0.06888771  0.99751663
13 54 32 760968 -0.02705383 -0.06767654  0.99973869
13 54 32 763474 -0.02493477 -0.06751633  0.99824715
13 54 32 802277 -0.02965546 -0.06816673  0.99670792
13 54 32 828604 -0.02845764 -0.06773758  0.99643326
13 54 32 847809 -0.02649879 -0.06853676  1.00130272
13 54 32 860616 -0.02925682 -0.07285309  0.99348068
13 54 32 877051 -0.0322113  -0.06882668  0.99906731
13 54 32 888575 -0.02935219 -0.07214737  0.99629021
13 54 32 899051 -0.03061676 -0.07165337  0.99798775
13 54 32 912506 -0.0279026  -0.06982803  0.99560356
13 54 32 928612 -0.02534866 -0.06528091  0.99516296
13 54 32 941337 -0.02637672 -0.06727219  0.99978828
13 54 32 959175 -0.02706146 -0.06873894  1.00072861
13 54 32 971116 -0.02593994 -0.06740189  1.00065041
13 54 32 984723 -0.02769661 -0.07168579  0.99568176
13 54 33 3721 -0.02905464 -0.06705284  0.99803162
13 54 33 19601 -0.02833557 -0.06962204  0.99564552
13 54 33 31806 -0.02788544 -0.06567764  1.00007439
13 54 33 101927 -0.02328682 -0.06921577  0.99897766
13 54 33 113329 -0.02934265 -0.07016373  1.00097084
13 54 33 122827 -0.03181267 -0.0667038   0.99287605
13 54 33 138746 -0.02935028 -0.06654167  0.99664879
13 54 33 151962 -0.02912712 -0.06695175  0.99625778
13 54 33 167068 -0.0274353  -0.06743622  0.99646568
13 54 33 181785 -0.02829361 -0.06681633  0.9982605 
13 54 33 195533 -0.02461433 -0.06672668  0.99664688
13 54 33 209561 -0.02629662 -0.06644821  0.99641991
13 54 33 230502 -0.03140068 -0.06587791  0.99801826
13 54 33 246034 -0.02856255 -0.06907082  0.99739838
13 54 33 258201 -0.02557564 -0.0676136   0.99980927
13 54 33 272273 -0.03104973 -0.06955528  0.99835968
13 54 33 283180 -0.02690125 -0.06712532  1.00148392
13 54 33 296048 -0.03295708 -0.06748199  0.99372864
13 54 33 304949 -0.02547455 -0.06858253  0.99600601
13 54 33 318871 -0.02977943 -0.06881905  0.99519539
13 54 33 330045 -0.02648544 -0.06785011  0.99627495
13 54 33 347210 -0.03232765 -0.06927872  0.99608994
13 54 33 364424 -0.02537155 -0.06521225  0.99464798
13 54 33 377803 -0.03010559 -0.07249451  0.99868774
13 54 33 397039 -0.02728653 -0.06756973  0.99938011
13 54 33 411312 -0.02888298 -0.07152176  1.00021362
13 54 33 427048 -0.02793694 -0.07110786  0.99590874
13 54 33 438780 -0.02809525 -0.07190514  0.99872017
13 54 33 454965 -0.02552795 -0.07015228  0.99853325
13 54 33 466553 -0.02666283 -0.06806374  0.99599838
13 54 33 478697 -0.02964973 -0.07021141  0.99518204
13 54 33 487461 -0.0319767  -0.06489563  0.99768066
13 54 33 511888 -0.02766418 -0.06580925  0.99596024
13 54 33 524931 -0.03149414 -0.07056236  1.00113678
13 54 33 577985 -0.02721786 -0.06554222  0.99429131
13 54 33 580355 -0.03141975 -0.06868553  1.00264168
13 54 33 582707 -0.02688026 -0.06701088  0.9947834 
13 54 33 584939 -0.03085136 -0.07003784  0.99766922
13 54 33 586636 -0.0276165  -0.06864166  0.9973793 
13 54 33 601597 -0.03154755 -0.06554031  0.99417114
13 54 33 625250 -0.03105545 -0.06718636  0.99447441
13 54 33 627892 -0.02823639 -0.06743622  0.99785233
13 54 33 649773 -0.0277462  -0.06427956  0.99492455
13 54 33 673188 -0.02874947 -0.07222176  0.99599075
13 54 33 675923 -0.02553749 -0.06335449  0.99825478
13 54 33 697609 -0.02930832 -0.06937599  0.9992981 
13 54 33 720952 -0.02867508 -0.06758118  1.0009079 
13 54 33 723586 -0.02911949 -0.06710052  0.9936142 
13 54 33 745404 -0.03237534 -0.06946182  0.99573708
13 54 33 768891 -0.0279789  -0.06941414  0.9996891 
13 54 33 771457 -0.02624702 -0.07263374  1.00105476
13 54 33 793450 -0.02758408 -0.06764412  0.99867439
13 54 33 817019 -0.02417374 -0.07094574  0.99787521
13 54 33 819615 -0.02810287 -0.06668472  1.00396729
13 54 33 841613 -0.02991486 -0.0632515   1.00133705
13 54 33 864792 -0.02765083 -0.06578827  0.99655914
13 54 33 868294 -0.02809715 -0.06751633  0.99855614
13 54 33 889071 -0.02778053 -0.07230759  0.99842453
13 54 33 912513 -0.02947044 -0.06857109  0.99935532
13 54 33 914351 -0.0269928  -0.06803322  0.99596596
13 54 33 936930 -0.02862549 -0.0731926   0.99591637
13 54 33 939674 -0.02502632 -0.06744194  0.99811745
13 54 33 961249 -0.02837181 -0.06619072  0.99738884
13 54 33 984576 -0.02681541 -0.06774712  0.99720383
13 54 33 987290 -0.03002167 -0.0695591   0.99472618
13 54 34 57913 -0.02568626 -0.06733704  0.99736786
13 54 34 60667 -0.03168869 -0.06914139  0.99978638
13 54 34 63220 -0.02440643 -0.06769943  0.99888802
13 54 34 65702 -0.02433586 -0.06645966  0.99671173
13 54 34 81230 -0.02554512 -0.06919098  0.99741936
13 54 34 83718 -0.02514267 -0.06988907  0.99625015
13 54 34 105719 -0.02542877 -0.06732368  0.995718  
13 54 34 129114 -0.0278244  -0.07043648  0.99889374
13 54 34 131494 -0.02959633 -0.06979942  0.99821091
13 54 34 153577 -0.03331184 -0.06827545  0.99766159
13 54 34 177281 -0.02762604 -0.0676899   0.99311256
13 54 34 179961 -0.02585602 -0.06676674  0.99503326
13 54 34 201509 -0.02340508 -0.06812477  0.99595261
13 54 34 225136 -0.02504921 -0.0713501   0.99979973
13 54 34 229271 -0.02924347 -0.0699749   0.99533844
13 54 34 257936 -0.02883911 -0.06786156  1.00079727
13 54 34 282060 -0.02983856 -0.06857109  1.0009594 
13 54 34 295085 -0.02876282 -0.0676651   0.99394798
13 54 34 305854 -0.02684975 -0.06508636  1.000597  
13 54 34 320791 -0.02655602 -0.06982231  0.99761963
13 54 34 323206 -0.02861786 -0.06652451  0.9957695 
13 54 34 345026 -0.02843285 -0.06551933  0.99909973
13 54 34 368593 -0.02844429 -0.06938362  0.9943924 
13 54 34 371100 -0.02980042 -0.06501198  0.99283409
13 54 34 393225 -0.02815628 -0.06869125  0.99555016
13 54 34 416642 -0.02874756 -0.06526947  0.99828529
13 54 34 419044 -0.02716637 -0.06631851  0.99454689
13 54 34 441471 -0.03123474 -0.06402588  1.00363541
13 54 34 464963 -0.0301857  -0.06651688  0.9999218 
13 54 34 467564 -0.02960777 -0.06621933  0.99869156
13 54 34 489140 -0.02736282 -0.06671715  0.99695396
13 54 34 585491 -0.02753067 -0.0708313   0.99904442
13 54 34 588249 -0.02863884 -0.06758881  0.99641418
13 54 34 590835 -0.03341484 -0.06907463  0.99365044
13 54 34 593468 -0.02816582 -0.06854248  0.99559593
13 54 34 596002 -0.02775955 -0.06924248  0.99513817
13 54 34 598574 -0.02797508 -0.06558609  0.99732399
13 54 34 609346 -0.0266571  -0.06856155  0.99767685
13 54 34 611963 -0.02699661 -0.07003784  0.99816132
13 54 34 633574 -0.02944374 -0.06772614  0.99592781
13 54 34 657602 -0.0314846  -0.0703373   0.99624252
13 54 34 660462 -0.02919769 -0.06705475  1.00042915
13 54 34 681496 -0.02825546 -0.07028008  0.99498177
13 54 34 705041 -0.02350807 -0.06788445  0.99604607
13 54 34 707582 -0.03008842 -0.06681252  0.99523926
13 54 34 735545 -0.02999306 -0.06812286  0.99378204
13 54 34 758529 -0.0298748  -0.06999969  0.99687576
13 54 34 769604 -0.02915001 -0.06959915  0.9974556 
13 54 34 785263 -0.02625847 -0.06783295  1.00061226
13 54 34 804723 -0.03184891 -0.06534386  0.99855042
13 54 34 820301 -0.02409744 -0.06634331  0.99794197
13 54 34 837462 -0.02350616 -0.06640053  0.99603844
13 54 34 848652 -0.03076744 -0.06780624  0.99748611
13 54 34 851431 -0.02667618 -0.07206154  0.99922943
13 54 34 873204 -0.02847672 -0.06641769  0.9974041 
13 54 34 897037 -0.02942467 -0.06969833  0.99898911
13 54 34 900012 -0.03045464 -0.06643486  0.99916267
13 54 34 921003 -0.02581978 -0.06467819  0.99765015
13 54 34 944701 -0.02756119 -0.07143974  0.99557686
13 54 34 951021 -0.0284462  -0.06668854  1.00352859
13 54 34 969194 -0.02970505 -0.07004356  0.99656296
13 54 35 65594 -0.02568817 -0.06943703  0.99740219
13 54 35 68262 -0.02818108 -0.06815529  0.99884415
13 54 35 72091 -0.02254677 -0.06972885  0.99525642
13 54 35 77458 -0.02953339 -0.07178497  0.99935722
13 54 35 80590 -0.02576828 -0.06623459  0.99527931
13 54 35 83320 -0.02731705 -0.0662632   0.99773216
13 54 35 85824 -0.02853966 -0.06562042  0.9950943 
13 54 35 89380 -0.0272274  -0.07049179  0.99661255
13 54 35 113598 -0.02633476 -0.06750679  0.99892616
13 54 35 117245 -0.02727509 -0.06783104  0.99396706
13 54 35 139050 -0.02534103 -0.07129097  0.99873352
13 54 35 162063 -0.03001595 -0.0705719   0.99887085
13 54 35 164439 -0.02733994 -0.07106018  0.99730301
13 54 35 186773 -0.02766609 -0.06839561  0.99757195
13 54 35 209555 -0.02918434 -0.06586456  1.00035286
13 54 35 212639 -0.03294182 -0.06618309  1.00043297
13 54 35 233872 -0.02573395 -0.06924057  0.99611092
13 54 35 256862 -0.03052711 -0.07022858  0.99905205
13 54 35 259764 -0.02910995 -0.0663662   0.99556732
13 54 35 281743 -0.02866554 -0.07117844  0.99760818
13 54 35 305014 -0.0291214  -0.06764793  1.00048256
13 54 35 307741 -0.02996063 -0.06951523  0.99661446
13 54 35 329420 -0.02554512 -0.06848335  0.99770546
13 54 35 352645 -0.02791023 -0.069067    1.00152016
13 54 35 355193 -0.02833366 -0.0675602   1.00182915
13 54 35 378437 -0.03663445 -0.06465912  0.99508286
13 54 35 380686 -0.02558136 -0.06913376  0.99716759
13 54 35 400984 -0.02695847 -0.06819534  0.99905777
13 54 35 424535 -0.03019714 -0.06791496  0.99428749
13 54 35 427086 -0.02761269 -0.06999588  0.9961853 
13 54 35 449070 -0.0304184  -0.0627346   0.99602699
13 54 35 545555 -0.02888489 -0.0654335   0.99301147
13 54 35 548253 -0.03055    -0.06923103  0.99921989
13 54 35 550827 -0.02791786 -0.06900978  1.0026226 
13 54 35 553479 -0.02410698 -0.06267166  0.99693871
13 54 35 556404 -0.02520943 -0.06637383  0.99935341
13 54 35 559036 -0.0301342  -0.06835556  0.9944725 
13 54 35 569328 -0.02729797 -0.06680107  0.99629402
13 54 35 571746 -0.02450752 -0.06599045  0.99781227
13 54 35 603375 -0.02629471 -0.07109833  1.00126839
13 54 35 617208 -0.0272522  -0.06941032  0.99728012
13 54 35 619738 -0.0280838  -0.07001495  0.99498558
13 54 35 641892 -0.0306797  -0.06301689  0.99667358
13 54 35 665021 -0.0291481  -0.06876564  0.99761963
13 54 35 667398 -0.02864265 -0.0716629   0.9946804 
13 54 35 689520 -0.02741623 -0.06678009  0.99687576
13 54 35 712883 -0.03035164 -0.06903458  1.00000381
13 54 35 715292 -0.03295517 -0.06897545  0.9955368 
13 54 35 737286 -0.02559471 -0.06628418  1.00159454
13 54 35 760990 -0.02796936 -0.07409286  0.99413109
13 54 35 763807 -0.02766609 -0.07094765  0.99456215
13 54 35 785410 -0.03024864 -0.06987     0.99958038
13 54 35 808980 -0.02893066 -0.06717873  0.99839211
13 54 35 811986 -0.02824593 -0.07093239  0.99561691
13 54 35 840768 -0.02925873 -0.06760979  0.99761009
13 54 35 862870 -0.02950287 -0.06641388  0.99664688
13 54 35 872986 -0.02937317 -0.06846428  0.99633598
13 54 35 888434 -0.03014374 -0.06902122  0.99816322
13 54 35 904440 -0.02753258 -0.06589127  0.99620438
13 54 35 907242 -0.02504921 -0.06662941  1.00028801
13 54 35 977869 -0.02820778 -0.06492233  0.99700737
13 54 35 980739 -0.02902031 -0.06642914  0.99846268
13 54 35 983482 -0.02680588 -0.07185364  1.00200462
13 54 35 986624 -0.02835655 -0.06861305  0.99963951
13 54 35 988679 -0.02871513 -0.07172394  0.99626541
13 54 36 1617 -0.0288868  -0.06911659  0.99740982
13 54 36 25577 -0.02853584 -0.06457901  0.99720192
13 54 36 29041 -0.02815056 -0.06877327  0.99643898
13 54 36 49593 -0.02881241 -0.06799126  0.99510956
13 54 36 73157 -0.02704811 -0.06687737  0.99746132
13 54 36 76142 -0.02945137 -0.07218361  0.99764633
13 54 36 97567 -0.02614594 -0.06632614  0.99692345
13 54 36 121005 -0.03027534 -0.06845665  1.00060844
13 54 36 123659 -0.02783775 -0.06607437  0.99881363
13 54 36 145512 -0.0273037  -0.06443596  0.99671936
13 54 36 174465 -0.02739143 -0.0710907   0.99551773
13 54 36 185545 -0.02555466 -0.06640434  0.99740219
13 54 36 203857 -0.02640152 -0.06973839  0.99622154
13 54 36 222221 -0.02924919 -0.07235146  0.99538422
13 54 36 236590 -0.03010559 -0.06721306  0.99721909
13 54 36 258164 -0.02515793 -0.06734085  0.99820137
13 54 36 273970 -0.02832031 -0.06863403  0.9948616 
13 54 36 284955 -0.0310421  -0.06584549  0.99825096
13 54 36 299006 -0.0295105  -0.06666183  0.99979401
13 54 36 312584 -0.02729034 -0.06628609  0.9989872 
13 54 36 314607 -0.02646065 -0.07039642  1.00131035
13 54 36 336633 -0.02877808 -0.06482124  0.9964447 
13 54 36 339206 -0.02758217 -0.06464577  0.99744034
13 54 36 360932 -0.02873802 -0.06993103  0.99957085
13 54 36 433504 -0.0273838  -0.06920815  0.99745941
13 54 36 436113 -0.02614021 -0.06416893  0.99609947
13 54 36 438497 -0.02838135 -0.06494522  0.99699974
13 54 36 440914 -0.02638245 -0.06926918  0.9969902 
13 54 36 443433 -0.02727127 -0.06894112  0.99593353
13 54 36 457991 -0.02917671 -0.06924629  0.99439049
13 54 36 481247 -0.0241394  -0.07020378  0.9984436 
13 54 36 483832 -0.02839279 -0.07027054  0.99683952
13 54 36 505958 -0.02814293 -0.064888    0.99769974
13 54 36 529226 -0.03159523 -0.06927299  0.99838257
13 54 36 531697 -0.02715111 -0.06891823  0.99936485
13 54 36 554415 -0.02780151 -0.06745148  0.99853325
13 54 36 577000 -0.02871513 -0.06514168  0.99625015
13 54 36 579466 -0.02955246 -0.06779099  0.99529648
13 54 36 601432 -0.02918625 -0.06591797  0.99756813
13 54 36 625187 -0.02628708 -0.07176971  0.99916077
13 54 36 627904 -0.03037834 -0.06742287  0.99585533
13 54 36 649423 -0.0293808  -0.07277679  0.99613953
13 54 36 672998 -0.03043556 -0.0670414   0.99537086
13 54 36 676372 -0.02751923 -0.07107353  0.99444389
13 54 36 697173 -0.02718544 -0.06857872  0.9950943 
13 54 36 720751 -0.02979469 -0.07066154  1.00081062
13 54 36 723321 -0.03251076 -0.07050514  0.99837303
13 54 36 747151 -0.03084564 -0.06905365  0.99848747
13 54 36 768641 -0.02711105 -0.06850243  0.9955368 
13 54 36 773372 -0.02990532 -0.06555939  0.9961586 
13 54 36 793009 -0.03013229 -0.07219505  0.99635696
13 54 36 816474 -0.03131104 -0.06531715  0.99399757
13 54 36 818774 -0.02856445 -0.06900597  0.99752426
13 54 36 890085 -0.02545166 -0.0693531   1.00322723
13 54 36 892960 -0.02613449 -0.06612968  0.99451065
13 54 36 895676 -0.02869034 -0.06838417  0.99657822
13 54 36 898249 -0.02819824 -0.06535721  0.99547005
13 54 36 913350 -0.02789688 -0.06979561  0.99583244
13 54 36 916252 -0.0300808  -0.07009697  1.00057411
13 54 36 937700 -0.03156471 -0.06512833  0.99414825
13 54 36 961205 -0.02742958 -0.066679    0.99765396
13 54 36 963990 -0.0283165  -0.06867027  0.9931221 
13 54 36 985683 -0.02414513 -0.06972122  0.99880219
13 54 37 10059 -0.03075218 -0.06982994  0.9924984 
13 54 37 13281 -0.02563095 -0.0698204   0.99681091
13 54 37 33707 -0.02986908 -0.06900215  1.00041008
13 54 37 57236 -0.02970695 -0.0653286   1.00130272
13 54 37 59708 -0.02831841 -0.06642342  1.00052261
13 54 37 84677 -0.02575684 -0.07009125  0.99808121
13 54 37 94612 -0.02935982 -0.06913948  0.99464989
13 54 37 111745 -0.02965927 -0.07129669  0.99608421
13 54 37 126334 -0.02979851 -0.06899261  0.99659729
13 54 37 138926 -0.0299778  -0.07031822  0.9965477 
13 54 37 152852 -0.02920341 -0.06426239  0.99672318
13 54 37 155484 -0.02651405 -0.06824303  0.99736404
13 54 37 177324 -0.02878952 -0.0690403   0.99700165
13 54 37 200612 -0.03144836 -0.06751442  1.00047874
13 54 37 203341 -0.03099442 -0.06755447  0.99701309
13 54 37 233548 -0.0312252  -0.06486511  1.00041199
13 54 37 270024 -0.02745628 -0.06544304  0.99550629
13 54 37 293308 -0.02632713 -0.07166481  0.99497604
13 54 37 315316 -0.02750015 -0.06738663  0.9988327 
13 54 37 345421 -0.02581978 -0.06785393  0.99881172
13 54 37 348380 -0.0281105  -0.0666008   1.00220299
13 54 37 352083 -0.0301609  -0.06844902  0.99500275
13 54 37 354649 -0.02781296 -0.07198334  0.99492073
13 54 37 358000 -0.02925682 -0.06666374  0.99942207
13 54 37 369641 -0.02797318 -0.06676865  0.9973774 
13 54 37 406547 -0.02693176 -0.06674767  0.99512863
13 54 37 436616 -0.02508926 -0.06720543  0.99890137
13 54 37 444863 -0.02983856 -0.06637001  0.99599266
13 54 37 447613 -0.0273304  -0.0657959   0.99879646
13 54 37 449955 -0.02793884 -0.06648064  0.99769592
13 54 37 465570 -0.02672577 -0.0656395   0.99815369
13 54 37 489123 -0.02656937 -0.07085609  0.9994278 
13 54 37 491632 -0.02958107 -0.07077599  0.99739456
13 54 37 513502 -0.02904892 -0.06736183  1.00035477
13 54 37 537004 -0.02713394 -0.0653286   0.99776077
13 54 37 539767 -0.0268364  -0.06556511  0.99747276
13 54 37 561412 -0.02805328 -0.06932449  0.9969635 
13 54 37 584786 -0.0303154  -0.06580925  1.00019264
13 54 37 587354 -0.03076363 -0.06611252  0.99323654
13 54 37 609403 -0.02595711 -0.06615067  1.00084305
13 54 37 632772 -0.03282166 -0.06961441  0.99659729
13 54 37 635445 -0.02799988 -0.06548119  0.99340248
13 54 37 657543 -0.03213501 -0.06524086  0.99611855
13 54 37 681127 -0.02880287 -0.06373596  0.99902344
13 54 37 683783 -0.03369141 -0.06904793  1.00043297
13 54 37 704996 -0.02826691 -0.06967926  0.9927578 
13 54 37 729935 -0.02674103 -0.06573105  0.99676323
13 54 37 732322 -0.02819061 -0.06917191  0.99507713
13 54 37 825931 -0.03227425 -0.06947517  0.99359703
13 54 37 828613 -0.02877235 -0.06602859  0.99614525
13 54 37 831300 -0.03106117 -0.06492043  0.99939919
13 54 37 835245 -0.03111839 -0.0659008   0.99665451
13 54 37 837783 -0.02896118 -0.06849861  0.99591064
13 54 37 841063 -0.02898407 -0.06323814  0.99759293
13 54 37 849610 -0.0257225  -0.06804466  0.99623871
13 54 37 873339 -0.02725601 -0.0691433   0.99714661
13 54 37 876787 -0.0324688  -0.06458855  0.99412155
13 54 37 898198 -0.02685547 -0.06669235  0.99696922
13 54 37 929126 -0.02647972 -0.06988525  0.99653244
13 54 37 950627 -0.02712822 -0.06786919  0.99333191
13 54 37 967280 -0.0269413  -0.06702614  0.99661255
13 54 37 999607 -0.02921677 -0.06690025  1.00040054
13 54 38 18636 -0.02708626 -0.0741291   0.99760437
13 54 38 44967 -0.02691078 -0.0677948   0.99553871
13 54 38 58718 -0.03137589 -0.06980515  0.99159813
13 54 38 77968 -0.02431297 -0.06385231  0.99909973
13 54 38 97140 -0.02683449 -0.06878281  0.99669456
13 54 38 120583 -0.02931404 -0.06869125  0.99566841
13 54 38 146152 -0.03143883 -0.0651722   0.99925041
13 54 38 174467 -0.03060913 -0.0678463   1.00144196
13 54 38 198842 -0.02939987 -0.06760597  0.9965229 
13 54 38 213747 -0.02968025 -0.06725693  1.00011253
13 54 38 232027 -0.02353096 -0.07198524  0.99842072
13 54 38 246139 -0.02873039 -0.07217598  0.99782944
13 54 38 266544 -0.02938271 -0.06673622  1.00091362
13 54 38 287357 -0.02946091 -0.06843376  1.00057983
13 54 38 304100 -0.03050995 -0.06549835  0.99764061
13 54 38 327660 -0.02980614 -0.06611633  0.9985199 
13 54 38 348912 -0.02639961 -0.06721306  0.99790382
13 54 38 365108 -0.03117752 -0.06479073  0.99707603
13 54 38 388005 -0.02777481 -0.06741142  0.99754143
13 54 38 405398 -0.02832222 -0.06609917  1.00007439
13 54 38 424443 -0.02685165 -0.07026863  0.99864006
13 54 38 442744 -0.03086662 -0.06595612  0.99438286
13 54 38 459768 -0.03425217 -0.06958389  0.9948082 
13 54 38 472933 -0.02853203 -0.06997108  0.99612999
13 54 38 487794 -0.03183365 -0.06518555  0.99228859
13 54 38 503642 -0.02857018 -0.07002449  0.9959507 
13 54 38 526936 -0.02917862 -0.06637573  0.99941635
13 54 38 549289 -0.02565002 -0.07115364  0.99604416
13 54 38 567518 -0.02766228 -0.07018661  0.99783897
13 54 38 584831 -0.02590561 -0.0680294   0.99734879
13 54 38 598389 -0.02965164 -0.0664444   0.99689674
13 54 38 613160 -0.0282402  -0.06750107  1.00027847
13 54 38 633286 -0.02692413 -0.06542778  0.9949379 
13 54 38 653602 -0.03022575 -0.06474304  0.99772263
13 54 38 670224 -0.03192902 -0.06661034  0.99736977
13 54 38 692008 -0.02959251 -0.07174683  0.99859238
13 54 38 707179 -0.03012657 -0.06868172  0.99537086
13 54 38 731177 -0.02815056 -0.06970215  0.99992561
13 54 38 753040 -0.02829552 -0.07027054  1.00154114
13 54 38 773045 -0.02949715 -0.06802368  0.99877357
13 54 38 797204 -0.03089142 -0.06850433  0.99884415
13 54 38 821720 -0.02969933 -0.0654583   0.99910736
13 54 38 839675 -0.03050613 -0.06770706  0.99872971
13 54 38 859203 -0.02898788 -0.06859779  0.99636078
13 54 38 889696 -0.0307312  -0.06718636  0.99928284
13 54 38 907287 -0.03298378 -0.07229996  0.99965096
13 54 38 932820 -0.02565765 -0.06983757  0.99669266
13 54 38 950280 -0.02693367 -0.06492233  0.9994545 
13 54 38 971830 -0.02918053 -0.06856537  0.99995041
13 54 38 998998 -0.03109741 -0.06539917  0.99721146
13 54 39 25927 -0.02956009 -0.06658745  0.99287987
13 54 39 47099 -0.0273838  -0.07165718  0.99717903
13 54 39 58641 -0.02556038 -0.06789207  1.00057793
13 54 39 78177 -0.02867889 -0.06521416  0.99820328
13 54 39 95160 -0.02518082 -0.07136917  0.99954224
13 54 39 111133 -0.02544403 -0.07122612  0.99939156
13 54 39 124358 -0.03013992 -0.07035065  0.99760246
13 54 39 140394 -0.02935028 -0.06831741  0.9979248 
13 54 39 156826 -0.02272034 -0.06426048  0.99577904
13 54 39 172148 -0.02704811 -0.06757927  0.99603844
13 54 39 188501 -0.02229309 -0.07042503  0.99959564
13 54 39 203798 -0.02926445 -0.07240677  0.99681091
13 54 39 216776 -0.02709389 -0.06742859  0.9935627 
13 54 39 230545 -0.02886009 -0.06898308  1.00057793
13 54 39 239229 -0.02825356 -0.06412315  0.99952126
13 54 39 255234 -0.02566147 -0.06749344  0.99962807
13 54 39 268584 -0.03090858 -0.06637001  0.99622154
13 54 39 285247 -0.02459526 -0.06690788  1.0016613 
13 54 39 299488 -0.02707291 -0.06870079  0.99770737
13 54 39 315106 -0.02863693 -0.07048035  0.9966507 
13 54 39 324833 -0.0263195  -0.07281876  0.99770737
13 54 39 340114 -0.03034782 -0.07211494  0.99818802
13 54 39 352993 -0.0271225  -0.06930161  0.99869728
13 54 39 365674 -0.02678108 -0.06385422  0.99771881
13 54 39 377478 -0.02417755 -0.06927109  0.99931908
13 54 39 394502 -0.02602768 -0.06528091  0.99883652
13 54 39 413079 -0.02747154 -0.06519127  0.99835396
13 54 39 433618 -0.02662277 -0.07065582  0.99448013
13 54 39 457442 -0.02750206 -0.06440735  0.9988575 
13 54 39 469194 -0.02887917 -0.06308556  0.99505234
13 54 39 480264 -0.02858734 -0.06895638  0.9980278 
13 54 39 496708 -0.02971268 -0.06665039  1.0011673 
13 54 39 508541 -0.03078651 -0.06695557  1.00002861
13 54 39 525843 -0.03321457 -0.06788254  0.99922562
13 54 39 537040 -0.02828407 -0.06915855  0.99736023
13 54 39 550000 -0.02868652 -0.06985855  0.9968586 
13 54 39 565145 -0.0300827  -0.06668854  0.99694633
13 54 39 580289 -0.02754593 -0.07250786  0.99677467
