12 48 25 409128  3.25202942e-04 -1.52151585e-02  1.00102305e+00
12 48 25 434124  2.43186951e-05 -1.20856762e-02  1.00187659e+00
12 48 25 527136 -0.00446486 -0.01582432  1.00496078
12 48 25 528950 -0.00242662 -0.01191235  1.00593638
12 48 25 530812 -0.00308084 -0.00845122  1.00340438
12 48 25 532706 -0.00522852 -0.00546765  1.00635099
12 48 25 558599 -0.00484109 -0.00790811  1.00011492
12 48 25 563470 -0.00654745 -0.01294947  1.00053215
12 48 25 607605 -0.00339842 -0.0144496   1.0018661 
12 48 25 610278 -0.00603747 -0.01612043  1.00218916
12 48 25 655801 -0.00417471 -0.01655579  1.00314069
12 48 25 668006  5.94615936e-04 -1.42118931e-02  1.00186706e+00
12 48 25 703163  4.12940979e-04 -1.16190910e-02  1.00041032e+00
12 48 25 707941 -0.0031426  -0.00712752  1.00128293
12 48 25 750348 -0.00255322 -0.00818586  1.00200772
12 48 25 763855 -0.00522304 -0.00972891  1.00356412
12 48 25 797048 -0.00740242 -0.01091313  1.00612307
12 48 25 811843 -0.00571775 -0.01066899  1.00142384
12 48 25 844202 -0.0076766  -0.01149082  1.00164843
12 48 25 859283 -3.34024429e-04 -1.49655342e-02  1.00357628e+00
12 48 25 909670 -0.00234723 -0.01774764  1.00389004
12 48 25 915460 -0.00593233 -0.01337481  1.00274944
12 48 25 955414 -0.00457048 -0.01469779  1.00145721
12 48 25 958439 -0.00574327 -0.0102663   1.0017364 
12 48 26 1193 -0.00355983 -0.0115664   0.99954796
12 48 26 3076 -0.00381994 -0.00881124  1.00114846
12 48 26 50772 -0.00320935 -0.00859571  1.00402951
12 48 26 55306 -0.00475979 -0.00989866  1.00622773
12 48 26 99971 -0.00407863 -0.01140475  1.00324821
12 48 26 104128 -0.0034852  -0.01021099  1.00214911
12 48 26 145865 -0.00698638 -0.01117373  1.00327325
12 48 26 160868 -0.00386333 -0.01224637  1.00248265
12 48 26 194507 -7.43389130e-04 -1.18887424e-02  1.00314045e+00
12 48 26 207820 -0.00432587 -0.01262355  1.00462151
12 48 26 256402 -0.00223637 -0.01549864  1.00406361
12 48 26 259606  0.00110459 -0.00876474  1.00490046
12 48 26 304184 -0.00980854 -0.01170373  1.00141239
12 48 26 308170 -0.00698185 -0.00984526  1.00462961
12 48 26 352606 -0.00752282 -0.00718403  1.00144887
12 48 26 357712 -0.00675035 -0.00794601  0.99938846
12 48 26 399664 -0.00485539 -0.01274252  0.99944806
12 48 26 403606 -0.00270939 -0.01304007  1.00248265
12 48 26 446397  0.0011735  -0.01549268  1.0001123 
12 48 26 449276  7.13586807e-04 -1.60942078e-02  1.00518703e+00
12 48 26 494959 -0.00125337 -0.01653051  1.00027514
12 48 26 498920 -0.00153828 -0.00877571  1.00176048
12 48 26 542338 -0.0045507  -0.00811887  1.00650072
12 48 26 546014 -0.00133538 -0.0060811   1.00802946
12 48 26 605878 -0.0027833  -0.01072574  1.00164223
12 48 26 610227 -0.0031085  -0.01526356  1.00250411
12 48 26 653953 -0.00612044 -0.01416898  1.00177717
12 48 26 658395 -0.00320864 -0.01436019  1.00348258
12 48 26 702572 -0.00740075 -0.01344681  1.00208354
12 48 26 707568 -0.00703359 -0.01578736  1.00224495
12 48 26 748431 -9.34123993e-04 -1.32317543e-02  1.00277281e+00
12 48 26 751573  3.34739685e-04 -1.17046833e-02  1.00163102e+00
12 48 26 798381  0.00340962 -0.01167274  1.0070107 
12 48 26 803518 -0.00115991 -0.01638484  1.00575471
12 48 26 844397 -0.00309443 -0.01554632  1.00128102
12 48 26 848524 -0.0018785  -0.00579977  1.00028968
12 48 26 892882 -0.00465083 -0.00449181  1.00735545
12 48 26 896912 -0.01306772 -0.00960326  1.00096893
12 48 26 956190 -0.00808835 -0.01078868  1.00144005
12 48 26 962349 -0.00801706 -0.01548386  1.00473857
12 48 27 1605 -0.00325298 -0.01376081  1.00470185
12 48 27 4844 -0.00128627 -0.01567221  1.00516963
12 48 27 51848  0.00150609 -0.01209068  1.00306535
12 48 27 56276 -3.67164612e-05 -1.12361908e-02  1.00276828e+00
12 48 27 98557  8.43286514e-04 -8.05687904e-03  1.00158787e+00
12 48 27 102964 -7.25269318e-04 -1.00362301e-02  1.00063777e+00
12 48 27 144596 -0.00144339 -0.01028609  1.00519586
12 48 27 146929 -0.00376391 -0.01213932  1.00561285
12 48 27 194042 -0.00509143 -0.01295185  1.00307083
12 48 27 198293 -0.00897026 -0.01677537  1.00405502
12 48 27 241753 -0.00909662 -0.01299787  1.00121093
12 48 27 246406 -0.0068109  -0.00766134  1.00232124
12 48 27 288572 -0.00431538 -0.0089612   1.00035095
12 48 27 303921 -0.0015707  -0.01136351  1.00388861
12 48 27 352336  8.55922699e-05 -1.43516064e-02  1.00031018e+00
12 48 27 356316  0.00111485 -0.01468635  1.00424719
12 48 27 383929  1.30176544e-04 -1.31056309e-02  1.00377870e+00
12 48 27 401502 -0.00370002 -0.00778389  0.9999187 
12 48 27 447412 -0.00805306 -0.01176667  1.00118351
12 48 27 452966 -0.00923896 -0.01431966  1.00315666
12 48 27 495682 -0.00808263 -0.01136136  1.00262547
12 48 27 499961 -0.01245737 -0.0100565   1.00264263
12 48 27 542804 -0.00643015 -0.01197171  1.00144196
12 48 27 546829 -0.00340176 -0.01294422  1.0016942 
12 48 27 591500 -0.00221634 -0.01187515  1.00212193
12 48 27 596539 -0.0048573  -0.01252007  1.00162983
12 48 27 638062 -0.00341463 -0.01518106  0.99970317
12 48 27 653446 -9.81092453e-04 -1.17235184e-02  1.00175810e+00
12 48 27 688020 -3.53336334e-04 -9.85503197e-03  1.00554705e+00
12 48 27 700442 -0.00215149 -0.01259089  1.00201154
12 48 27 732352 -0.00498033 -0.01317406  1.00304294
12 48 27 748878 -0.00755644 -0.00914955  1.00250578
12 48 27 796414 -0.00569701 -0.00659895  1.00345588
12 48 27 799518 -0.00696063 -0.01156092  1.00298595
12 48 27 845368 -0.00748825 -0.01367974  1.00435591
12 48 27 848885 -0.00684333 -0.01237845  1.00175309
12 48 27 892234 -6.86407089e-04 -1.31695271e-02  1.00004220e+00
12 48 27 895613  9.95159149e-04 -1.52254105e-02  1.00532198e+00
12 48 27 940921 -3.46660614e-04 -1.42073631e-02  1.00118113e+00
12 48 27 945397 -4.40597534e-04 -1.34410858e-02  1.00592160e+00
12 48 27 988054  7.71760941e-04 -1.04439259e-02  1.00124097e+00
12 48 27 991747 -0.00115299 -0.00825882  1.00222993
12 48 28 35859 -0.00243211 -0.00894642  1.00156236
12 48 28 51905 -0.00728679 -0.01576734  1.00474858
12 48 28 83022 -0.00668645 -0.0113945   1.00031519
12 48 28 97338 -0.00336313 -0.01403069  1.00365853
12 48 28 145928 -7.69853592e-04 -8.48340988e-03  1.00390434e+00
12 48 28 149349 -9.68456268e-04 -9.14263725e-03  1.00033140e+00
12 48 28 194632 -0.00182819 -0.01196289  1.00339675
12 48 28 198374 -0.00324774 -0.01431918  1.00049877
12 48 28 242735 -0.00139308 -0.01266313  1.00096536
12 48 28 245679  0.00209117 -0.01016903  1.00005126
12 48 28 291018 -0.00236011 -0.00920153  1.0046072 
12 48 28 295228 -0.00580025 -0.00956035  1.00054955
12 48 28 337080 -0.00556612 -0.01119852  1.00153089
12 48 28 340477 -0.00958943 -0.0082736   1.00245261
12 48 28 385201 -0.0075326  -0.00997138  1.00173974
12 48 28 389173 -0.00449753 -0.00768375  1.00286245
12 48 28 432518  0.00203419 -0.00352144  1.00452995
12 48 28 449658 -3.66210938e-04 -8.78024101e-03  1.00347018e+00
12 48 28 495950 -1.23262405e-04 -1.43170357e-02  1.01179957e+00
12 48 28 499859 -0.00182223 -0.01669145  0.98933864
12 48 28 542459 -0.00449181 -0.01584935  1.01008654
12 48 28 544538 -0.00550675 -0.02054763  0.99908161
12 48 28 591596 -0.0046258  -0.01726675  1.00132108
12 48 28 594739 -0.00224233 -0.01605344  1.00449133
12 48 28 640304 -0.00788522 -0.01425433  0.99419475
12 48 28 644207 -0.00779176 -0.01410222  1.00521612
12 48 28 687369 -0.0075922  -0.01076007  1.00499487
12 48 28 691612 -0.00710678 -0.01073885  0.99813604
12 48 28 732970 -0.00567842 -0.00649118  1.00743032
12 48 28 734498 -0.00641704 -0.00530791  1.00844264
12 48 28 781596 -0.00258756 -0.00444579  0.99862504
12 48 28 784378 -0.00726795 -0.00691319  0.99927711
12 48 28 831334 -0.00447369 -0.0123353   1.01441669
12 48 28 834593 -0.00114369 -0.02315617  0.99603677
12 48 28 894510  7.88450241e-04 -2.60128975e-02  1.00042915e+00
12 48 28 899738 -0.00358868 -0.02758479  1.00519443
12 48 28 940894 -9.75370407e-04 -2.48789787e-02  1.00242519e+00
12 48 28 944085 -4.76837158e-06 -3.51166725e-03  1.00712943e+00
12 48 28 990661 -0.001055    0.00951815  0.99924254
12 48 28 995796  5.10931015e-04 -1.06334686e-02  1.00005603e+00
12 48 29 36933  0.00161481 -0.00971675  1.00294709
12 48 29 40958 -8.10146332e-04 -9.84072685e-03  1.00518513e+00
12 48 29 84972 -0.00235724 -0.01482582  0.9993577 
12 48 29 89214 -0.00337219 -0.01069665  0.99976778
12 48 29 132108 -0.00689173 -0.00978112  1.0012176 
12 48 29 147586 -0.00720501 -0.01066327  1.0002346 
12 48 29 177996 -0.00864124 -0.0090754   1.00291514
12 48 29 179914 -0.0039444  -0.01428652  1.00204039
12 48 29 241634 -0.00129628 -0.01204896  1.00135922
12 48 29 243831  8.53776932e-04 -1.09760761e-02  1.00337362e+00
12 48 29 289102 -0.00155163 -0.00866723  1.00726891
12 48 29 290997 -0.00114012 -0.01344633  1.00071502
12 48 29 337130 -0.00703144 -0.01442266  1.00335264
12 48 29 339136 -0.00931478 -0.01268077  1.00117183
12 48 29 386769 -0.00391436 -0.0121491   1.00392056
12 48 29 389855 -0.0047195  -0.00955462  1.00231862
12 48 29 435686 -0.00283623 -0.01474857  1.00106668
12 48 29 439224 -0.00210428 -0.01080918  1.0017767 
12 48 29 481633 -0.00383091 -0.01120114  1.0024147 
12 48 29 485028 -0.00239396 -0.01166844  1.00210381
12 48 29 529402 -0.00612688 -0.01365495  1.00164962
12 48 29 532866 -0.00401044 -0.01255465  1.00299692
12 48 29 594235 -0.00738978 -0.01083899  1.00334167
12 48 29 597774 -0.00632501 -0.01229429  1.00470734
12 48 29 640185  5.10215759e-05 -7.46035576e-03  1.00317693e+00
12 48 29 643385 -0.00214434 -0.01134896  1.00394917
12 48 29 689666 -0.00256872 -0.01453686  1.00147676
12 48 29 693124 -0.00565314 -0.01395202  1.0022831 
12 48 29 736068 -0.00437284 -0.01117969  1.00435138
12 48 29 739727 -0.00493073 -0.01291561  1.00093341
12 48 29 782152 -0.00665092 -0.01245642  1.00014138
12 48 29 784182 -0.00734687 -0.01397467  0.99941945
12 48 29 832514  2.86102295e-05 -1.16581917e-02  1.00074553e+00
12 48 29 836030 -0.00349593 -0.01058817  0.99995756
12 48 29 881607 -0.0022006  -0.01330543  1.00131917
12 48 29 887511 -0.00359297 -0.01393533  1.00082564
12 48 29 941823 -0.00925708 -0.01045752  1.00016165
12 48 29 947093 -0.00590038 -0.01352477  1.00405574
12 48 29 974222 -0.00420642 -0.01725936  1.00321007
12 48 29 990282 -1.87158585e-04 -1.39415264e-02  1.00555229e+00
12 48 30 37782 -0.0039444  -0.01459217  1.0037353 
12 48 30 41588 -0.00101614 -0.01277852  1.00203967
12 48 30 86874 -0.00453115 -0.01466966  1.00029826
12 48 30 91559 -0.00717258 -0.0138607   1.00114179
12 48 30 135716 -0.00479531 -0.00919461  0.99972987
12 48 30 141762 -0.00294924 -0.01191401  0.99998999
12 48 30 181712 -0.00525236 -0.01312423  1.00213909
12 48 30 185259 -0.00563097 -0.01276016  1.00108457
12 48 30 231339 -0.00424981 -0.01129365  1.0030818 
12 48 30 236021 -6.66856766e-04 -8.29195976e-03  1.00143242e+00
12 48 30 277307 -0.00168586 -0.01001382  1.00441241
12 48 30 291972 -0.00365663 -0.01159263  1.00560021
12 48 30 324812 -0.00372028 -0.01359272  1.0015099 
12 48 30 340296 -0.00612807 -0.0132153   1.00190234
12 48 30 371923 -0.00333047 -0.0108459   1.00114036
12 48 30 390136 -0.00425053 -0.01263475  1.00569963
12 48 30 436325 -0.00582838 -0.0111835   1.00400448
12 48 30 440564 -0.00213146 -0.01006007  1.00326633
12 48 30 484342 -0.00565481 -0.01397109  1.00234962
12 48 30 488557 -0.0031023  -0.012393    1.00165486
12 48 30 532679 -0.00584507 -0.01278138  1.00375891
12 48 30 536552 -0.00434637 -0.01317406  1.0036447 
12 48 30 579366 -0.00709414 -0.0125289   1.00348377
12 48 30 583634 -0.00395727 -0.01150298  1.00197721
12 48 30 628133 -0.00258374 -0.01478839  1.00335097
12 48 30 633650 -0.00450301 -0.01374197  1.00269985
12 48 30 676341 -0.00568414 -0.01230955  1.00345922
12 48 30 689108 -0.00615263 -0.01459837  1.00407863
12 48 30 722009 -0.00653744 -0.00837326  1.00198007
12 48 30 737324 -0.01007175 -0.01298523  1.00233316
12 48 30 786273 -0.00553393 -0.00950122  1.00024128
12 48 30 790130 -0.00446391 -0.01172829  1.00013685
12 48 30 834801 -0.00146103 -0.01252437  0.99936986
12 48 30 839665 -0.00284338 -0.01228642  1.00207281
12 48 30 881737 -0.0052743  -0.0124445   1.00054693
12 48 30 884988 -0.00185418 -0.01241779  1.00353169
12 48 30 928623 -0.0057528  -0.01260853  1.00293088
12 48 30 931404 -0.00417399 -0.01178265  1.00056243
12 48 30 977328 -0.00653124 -0.01081991  1.00093579
12 48 30 981534 -0.00624037 -0.01153469  1.00018811
12 48 31 26613 -0.00164747 -0.01266575  1.0036943 
12 48 31 39450 -0.00154305 -0.01545739  1.00155044
12 48 31 72821 -0.00215864 -0.01186013  0.99848437
12 48 31 76963 -0.00284719 -0.01210546  1.00055885
12 48 31 134842 -0.00261426 -0.01244855  1.00089312
12 48 31 138178 -0.00423455 -0.01436663  1.00211549
12 48 31 182551 -0.00294757 -0.01298165  1.00097156
12 48 31 186891 -0.00386453 -0.01293755  1.00358248
12 48 31 232352 -0.00112796 -0.01391721  1.0044539 
12 48 31 236134 -0.00367999 -0.01481533  1.00445437
12 48 31 278257 -0.00252604 -0.01155448  1.00315642
12 48 31 280516 -0.00495815 -0.01285505  1.00415182
12 48 31 328282 -0.00837064 -0.00889874  1.00341725
12 48 31 331848 -0.00470495 -0.01124644  1.00469112
12 48 31 375141 -0.00161433 -0.01166224  1.00222158
12 48 31 379689 -1.50680542e-04 -1.37717724e-02  1.00264335e+00
12 48 31 423107 -0.00398159 -0.0108707   1.00061154
12 48 31 426709 -0.00267005 -0.01241326  0.99908686
12 48 31 486591 -0.00555706 -0.01305795  1.00436449
12 48 31 491720 -0.00158548 -0.0158627   1.00123191
12 48 31 535162 -0.00445294 -0.01151299  1.0012548 
12 48 31 537872 -0.00390673 -0.0126698   1.00246382
12 48 31 582473 -8.23974609e-04 -1.38018131e-02  1.00092411e+00
12 48 31 585645 -0.0024159  -0.01372385  1.00226688
12 48 31 629606 -0.00467587 -0.01213789  1.00355196
12 48 31 632969 -0.003757   -0.00791287  1.00262952
12 48 31 676779 -0.00503993 -0.01174021  1.00568795
12 48 31 679999 -0.00368714 -0.01211572  1.00067878
12 48 31 725052 -0.00382662 -0.01234293  1.00239778
12 48 31 728387 -0.00294781 -0.01205468  1.00172806
12 48 31 774086 -0.00557971 -0.0127449   1.00389647
12 48 31 779188 -0.00277376 -0.01293206  1.00233436
12 48 31 820338 -0.00363016 -0.01274347  1.00392985
12 48 31 823833 -0.00244117 -0.01245999  1.00453496
12 48 31 885080 -0.00503778 -0.01036978  1.00105929
12 48 31 890158 -0.00476813 -0.01074934  1.00383735
12 48 31 931752 -0.00433612 -0.01005673  1.0009582 
12 48 31 935702 -0.00436807 -0.00914311  1.00368166
12 48 31 981043 -0.0034101  -0.01282382  1.00099921
12 48 31 984674 -0.00388765 -0.01160884  1.00124311
12 48 32 27804 -0.00226951 -0.0136466   1.00324273
12 48 32 31813 -0.00215197 -0.01292586  1.00105453
12 48 32 77224 -0.00203872 -0.01290131  1.00384712
12 48 32 80866 -0.00384474 -0.01205945  1.00140309
12 48 32 121297 -0.002424   -0.00942039  1.0028286 
12 48 32 123944 -0.00252938 -0.01151562  1.00287342
12 48 32 171920 -0.01558042 -1.12504458 -0.30859995
12 48 32 176832  0.0156076   0.24995041 -0.16796494
12 48 32 233510 -0.00183368 -0.01278186  1.00083709
12 48 32 236711 -0.00440431 -0.01154256  1.00248528
12 48 32 265926 -0.00569296 -0.01361084  1.00151253
12 48 32 281600 -0.00359917 -0.01466393  1.00191259
12 48 32 329946 -0.00187469 -0.01010418  1.00384831
12 48 32 332537 -0.00129724 -0.01147604  0.99845004
12 48 32 378103 -0.00273991 -0.01582932  1.00078678
12 48 32 381594 -0.00494146 -0.01079965  1.00269914
12 48 32 427408 -0.00352526 -0.01146793  1.00321889
12 48 32 432047 -0.00270677 -0.01212931  1.00314474
12 48 32 472257 -0.00629735 -0.01159167  1.00426793
12 48 32 474777 -0.00510955 -0.0136075   1.00422025
12 48 32 521111 -0.00511479 -0.01253605  1.00181508
12 48 32 525294 -0.00438356 -0.01312351  1.00459075
12 48 32 568773 -0.00290108 -0.01108789  0.99857235
12 48 32 584738 -0.0035882  -0.00983572  1.00196195
12 48 32 632899 -0.00184512 -0.01350021  1.00205231
12 48 32 636637 -0.00216174 -0.01071715  1.00461268
12 48 32 681124 -0.00327921 -0.01317668  1.003021  
12 48 32 685495 -0.00310183 -0.01162076  1.00273442
12 48 32 729195 -0.00400758 -0.01306272  1.00396109
12 48 32 733345 -0.00475025 -0.01181769  1.0069654 
12 48 32 777488 -0.00429296 -0.01012182  1.00201797
12 48 32 781313 -0.00516558 -0.01317835  1.00404119
12 48 32 824156  5.26905060e-05 -1.03807449e-02  1.00272727e+00
12 48 32 827988 -0.00307107 -0.01028824  1.00275517
12 48 32 872940 -0.00413799 -0.01178479  1.00227737
12 48 32 876672 -0.00395989 -0.01152015  1.00174236
12 48 32 919626 -0.00286341 -0.01216936  1.00500202
12 48 32 936180  3.10182571e-04 -9.76753235e-03  1.00222278e+00
12 48 32 967818 -0.00222945 -0.01322961  1.00391293
12 48 32 982201 -0.00498652 -0.01406074  1.00207925
12 48 33 14727 -0.00106096 -0.01123786  0.99880266
12 48 33 30757 -0.00171161 -0.01087308  1.00542855
12 48 33 77491 -0.00355411 -0.01198649  1.00357175
12 48 33 81023 -0.00518775 -0.01565576  1.00253177
12 48 33 127883 -0.00621986 -0.01282144  1.00000548
12 48 33 131324 -0.00239372 -0.01252294  1.00149083
12 48 33 174439 -0.00376129 -0.01070118  1.00438595
12 48 33 178541 -0.00292277 -0.0161624   1.00453663
12 48 33 223440 -0.00265169 -0.01306272  1.00278449
12 48 33 228059 -0.00175953 -0.01376438  1.00393176
12 48 33 270018 -0.00287318 -0.01498699  1.00219083
12 48 33 273950 -0.00404    -0.01334453  1.00283551
12 48 33 319214 -0.00298238 -0.01279545  1.00252485
12 48 33 333205 -0.0040834  -0.01103759  1.00412583
12 48 33 365644 -0.00498748 -0.01248288  1.00339437
12 48 33 379986 -0.00267601 -0.0124526   1.00640416
12 48 33 429406 -0.00282288 -0.01201534  1.00276947
12 48 33 433084 -0.00300097 -0.01000786  1.00207162
12 48 33 476985 -0.00579524 -0.01109529  1.00388527
12 48 33 480667 -0.00326014 -0.01251388  1.00594473
12 48 33 524951 -0.0018146  -0.01332831  1.0039835 
12 48 33 529527 -0.00118589 -0.00975895  1.00221848
12 48 33 573401 -3.13520432e-04 -1.16975307e-02  1.00357342e+00
12 48 33 578094 -0.00221896 -0.00865936  1.00072217
12 48 33 620867 -0.00345516 -0.00832939  1.00444436
12 48 33 625465 -0.00644135 -0.01266789  1.00189805
12 48 33 668978 -0.00464988 -0.01303959  1.00316858
12 48 33 673219 -0.00507116 -0.01179624  1.00010085
12 48 33 715768 -0.00528526 -0.01313472  1.00117373
12 48 33 718865 -0.00364733 -0.01118946  1.00344467
12 48 33 781132 -0.00410032 -0.0127933   1.00383162
12 48 33 784932 -0.00606227 -0.01549602  1.00232768
12 48 33 827091 -0.00314164 -0.01514459  1.00623465
12 48 33 831109  2.51293182e-04 -1.01666451e-02  1.00221515e+00
12 48 33 876227 -0.00474048 -0.00786924  1.00241685
12 48 33 880296 -0.00527644 -0.01050329  1.0039866 
12 48 33 923966 -0.00253153 -0.01371884  1.0021174 
12 48 33 929461 -0.00564313 -0.01356649  1.00224614
12 48 33 971923 -0.0061028  -0.00978684  1.00304842
12 48 33 975476 -0.00582814 -0.01079607  1.00287247
12 48 34 18598 -0.00215149 -0.01017022  1.00021553
12 48 34 22554 -0.00268888 -0.01220846  1.00031424
12 48 34 67374 -0.00511146 -0.00985718  1.00328064
12 48 34 71908 -0.00398254 -0.01150084  1.004246  
12 48 34 131261  6.19888306e-06 -1.25138760e-02  1.00160336e+00
12 48 34 136630 -0.00146914 -0.01238561  1.00053644
12 48 34 177765 -0.00363088 -0.01447177  1.00196648
12 48 34 181331 -0.00644708 -0.01277256  1.00109982
12 48 34 226760 -0.00511765 -0.0119431   0.99796677
12 48 34 229941 -0.00233555 -0.01234698  1.00338578
12 48 34 273973 -0.00244427 -0.01421785  1.00237536
12 48 34 278961 -0.0050323  -0.01125169  1.00290155
12 48 34 320539 -0.00546622 -0.0110445   1.00286889
12 48 34 326028 -0.00231051 -0.01297235  1.00188494
12 48 34 369095 -0.00200319 -0.01221538  1.00275564
12 48 34 372546 -0.00293851 -0.01306081  0.99968624
12 48 34 416146 -0.00463629 -0.01102662  1.00157022
12 48 34 419180 -0.00250077 -0.01364779  1.00048757
12 48 34 478949 -5.14268875e-04 -1.31084919e-02  1.00159526e+00
12 48 34 481359 -9.03606415e-05 -1.07781887e-02  9.99911547e-01
12 48 34 527691 -0.00472069 -0.01232696  1.00302815
12 48 34 531196 -0.00756264 -0.01141715  1.00448513
12 48 34 577000 -0.00470424 -0.01093531  1.00312543
12 48 34 583120 -0.00626469 -0.01118183  1.00304723
12 48 34 624476 -0.00758934 -0.0105269   1.00291204
12 48 34 629069 -0.00214148 -0.01392698  1.00333714
12 48 34 672141 -0.00148249 -0.01618433  1.00019312
12 48 34 676694 -0.00218821 -0.00915742  1.00166631
12 48 34 719671 -0.00530696 -0.0122304   1.00081348
12 48 34 723352 -0.00635958 -0.01131535  1.00308895
12 48 34 768794 -0.00499129 -0.01108479  1.00458026
12 48 34 772785 -0.00621295 -0.01251364  1.0010767 
12 48 34 814249 -0.004704   -0.01214194  1.0023427 
12 48 34 817564 -0.00209737 -0.01015782  1.00145745
12 48 34 862998 -0.00468445 -0.01184511  1.00061417
12 48 34 879046 -5.91516495e-04 -8.95524025e-03  1.00193405e+00
12 48 34 925102 -0.00197053 -0.01039267  1.00241685
12 48 34 927763 -0.00294709 -0.01072192  0.9997189 
12 48 34 975642 -0.00605965 -0.0115211   1.000175  
12 48 34 980174 -0.00226641 -0.01026225  1.00309253
12 48 35 20865 -0.00601459 -0.01234055  1.00503421
12 48 35 23128 -0.0057981  -0.01376247  1.00059676
12 48 35 70833 -0.00338745 -0.01027179  1.0033741 
12 48 35 75366 -0.00509334 -0.01101756  1.00425076
12 48 35 118749 -0.00549984 -0.01200747  1.00071788
12 48 35 123372 -0.00462008 -0.01395059  1.00016046
12 48 35 163999 -0.0028584  -0.01006913  1.00388265
12 48 35 165777 -0.00224733 -0.01111698  1.00469923
12 48 35 214383 -3.01837921e-04 -1.18544102e-02  1.00215793e+00
12 48 35 229432 -0.00532985 -0.00880289  1.00410891
12 48 35 261149 -0.00309801 -0.01401305  1.00190187
12 48 35 276735 -0.00372934 -0.0098052   1.00442123
12 48 35 326209 -0.00526714 -0.01203108  1.00359726
12 48 35 329531 -0.0060277  -0.01110983  1.00177908
12 48 35 372497  0.01561761 -0.39066839 -0.57421255
12 48 35 377120 -0.00600505 -0.01287627  1.00275135
12 48 35 421088 -0.00564098 -0.0136919   0.00391388
12 48 35 425729 -1.15625095  1.74999952 -1.4530642 
12 48 35 468871 -0.00320983 -0.01260304  1.00241542
12 48 35 472899 -0.00463367 -0.01187634  1.00266147
12 48 35 515918 -0.00436473 -0.01375985  1.00049496
12 48 35 519399 -0.00493908 -0.01100707  1.00164485
12 48 35 564909 -0.0072     -0.01166534  1.00426912
12 48 35 579885 -0.00534868 -0.01352358  1.00057316
12 48 35 626950 -0.00324702 -0.01378775  1.00154734
12 48 35 630646 -0.00223875 -0.01135111  0.99998331
12 48 35 676876 -0.00526309 -0.01447439  1.00276303
12 48 35 683082 -0.00275064 -0.01342273  1.00009155
12 48 35 725227 -0.00450397 -0.01244402  1.00554109
12 48 35 731398 -0.00378704 -0.00848389  1.00234818
12 48 35 771568 -0.00316429 -0.01501489  1.00315714
12 48 35 776164 -0.00387549 -0.01216221  1.00285077
12 48 35 819670 -0.00461745 -0.0125525   1.00255919
12 48 35 824685 -0.00477195 -0.01251698  1.00456667
12 48 35 866365 -0.00481105 -0.01273155  1.00564098
12 48 35 869821 -0.00622535 -0.01033115  1.0054636 
12 48 35 913338 -0.00626326 -0.01194024  1.00078797
12 48 35 930402 -2.94685364e-04 -1.23651028e-02  1.00214577e+00
12 48 35 962234 -0.00254631 -0.01303458  1.00076985
12 48 35 965726 -0.00310636 -0.01441264  1.00193691
12 48 36 11520 -0.00135493 -0.01253057  1.0037446 
12 48 36 24469 -0.00593567 -0.01262116  1.00497198
12 48 36 75356 -0.00531173 -0.01141763  1.00311208
12 48 36 79771 -0.00264382 -0.01210141  1.00210667
12 48 36 122188 -0.00393987 -0.01147842  0.99932814
12 48 36 126021 -0.00626564 -0.01174021  1.00205398
12 48 36 172074 -0.00350499 -0.01116347  1.00169396
12 48 36 176409 -0.00329733 -0.01223564  1.00307536
12 48 36 217132 -0.00469923 -0.0104239   1.00193286
12 48 36 222679 -0.00222158 -0.01278591  1.00169992
12 48 36 266593 -7.52210617e-04 -1.19543076e-02  1.00139308e+00
12 48 36 269936 -0.00206113 -0.01365805  1.00367928
12 48 36 312794 -0.00805211 -0.01463819  1.00309157
12 48 36 316328 -0.0040679  -0.01048279  1.00464845
12 48 36 361782 -0.00473833 -0.01165223  1.00530076
12 48 36 366373 -0.00528622 -0.00744605  1.00470328
12 48 36 426357 -0.00302982 -0.01209641  1.00384498
12 48 36 429602 -0.00272489 -0.01005864  1.00291443
12 48 36 471729 -0.00399065 -0.00732923  1.0038054 
12 48 36 475929 -0.00274682 -0.01242423  1.00296426
12 48 36 519264 -0.00342822 -0.01073241  1.00251079
12 48 36 523521 -0.00582743 -0.01169062  1.00154877
12 48 36 567986 -0.0053823  -0.01043034  0.99973845
12 48 36 571844 -0.00470185 -0.01281476  1.00169921
12 48 36 614489 -0.00574136 -0.0141871   1.00346398
12 48 36 618756 -0.00448895 -0.01046491  1.00041795
12 48 36 663629 -0.00480556 -0.01143432  1.00362611
12 48 36 667601 -0.00475669 -0.01013803  1.00383162
12 48 36 712157 -0.00223756 -0.01441479  1.00103998
12 48 36 716380 -0.00218081 -0.0126915   1.00093484
12 48 36 775305 -0.00344372 -0.01313543  1.00307798
12 48 36 780104 -0.00204015 -0.01049829  1.00345588
12 48 36 823581  0.00126743 -0.01209426  1.00109673
12 48 36 827824 -0.00187135 -0.01053119  1.00206327
12 48 36 870806 -4.38928604e-04 -1.32477283e-02  1.00285959e+00
12 48 36 874918 -0.00131679 -0.01344299  1.00014544
12 48 36 917786 -0.00686097 -0.01279306  1.00278544
12 48 36 921077 -0.00324583 -0.0104723   1.0020473 
12 48 36 966005 -5.19514084e-04 -1.22401714e-02  1.00174713e+00
12 48 36 969097 -0.00373173 -0.00907946  1.00452232
12 48 37 14603 -0.00646019 -0.01383042  1.00232553
12 48 37 18645 -3.48329544e-04 -9.84811783e-03  1.00325608e+00
12 48 37 64152 -0.00377131 -0.00908494  1.00086212
12 48 37 68199 -0.00362873 -0.01294518  1.00355697
12 48 37 126253 -0.00612974 -0.00959277  1.00179458
12 48 37 130234 -0.00368023 -0.01069689  1.00022483
12 48 37 174747 -0.00491476 -0.01438212  1.00190639
12 48 37 177930 -0.00479531 -0.01547503  1.00312304
12 48 37 222876 -0.00251508 -0.01370025  0.99570537
12 48 37 229068 -0.00598025 -0.01420069  1.00281191
12 48 37 269300 -0.00522065 -0.0129993   1.00214481
12 48 37 272760 -0.00442958 -0.01066327  1.00283551
12 48 37 319597 -0.00609183 -0.0117321   0.99905252
12 48 37 324243 -0.00314832 -0.00856161  1.00297976
12 48 37 365513 -0.00344563 -0.00885677  1.00416565
12 48 37 370047 -0.0030055  -0.01274276  1.00400543
12 48 37 414207 -0.00306797 -0.00993156  1.00253344
12 48 37 417546 -0.0019033  -0.01313996  1.00282836
12 48 37 460671 -0.00480032 -0.01090169  1.00143528
12 48 37 476173 -0.00180268 -0.01556754  1.00227547
12 48 37 523742 -0.00197434 -0.01148915  1.00177121
12 48 37 527312 -0.0042069  -0.01279235  1.00420856
12 48 37 555524 -0.00391889 -0.01065302  1.00444674
12 48 37 571861 -0.00148225 -0.01193643  1.00441766
12 48 37 620265 -0.00375557 -0.00959492  1.0016737 
12 48 37 623793 -0.00495481 -0.01209784  1.00322914
12 48 37 666763 -0.00318646 -0.01050019  1.00246882
12 48 37 671041 -0.00590611 -0.00975275  1.00074625
12 48 37 715754 -0.00517488 -0.01446128  1.00302482
12 48 37 719710 -0.00250554 -0.01367998  1.00175118
12 48 37 763739  3.07321548e-04 -1.07691288e-02  1.00145793e+00
12 48 37 767959 -0.00581789 -0.01333332  0.99987841
12 48 37 811603 -7.19785690e-04 -1.30925179e-02  9.99310255e-01
12 48 37 814328 -0.0037272  -0.01360416  1.00453448
12 48 37 858310 -0.00237274 -0.01283717  1.00080061
12 48 37 873167 -0.00298095 -0.01418471  0.99946022
12 48 37 905395 -0.00215864 -0.01317263  1.00049281
12 48 37 921235  5.74827194e-04 -9.02175903e-03  1.00078058e+00
12 48 37 969765 -0.00271559 -0.01272273  1.00466776
12 48 37 973493 -0.00459933 -0.01024985  1.00355864
12 48 38 17282 -0.00336409 -0.01132274  1.002491  
12 48 38 21218 -0.00286818 -0.01367974  1.00328016
12 48 38 65302 -0.0062294  -0.00800395  1.0029819 
12 48 38 68322 -0.00522733 -0.01150584  1.00261974
12 48 38 113798 -0.00187683 -0.01105022  1.00372505
12 48 38 117672 -0.00386524 -0.0106957   1.00180149
12 48 38 161540 -0.00431061 -0.01311493  0.9988203 
12 48 38 164306 -0.00297213 -0.01242375  1.00197697
12 48 38 209222 -0.00312114 -0.01451898  1.00036502
12 48 38 224493 -0.00385213 -0.01130438  1.00017953
12 48 38 258628 -0.00381994 -0.01244116  1.00102234
12 48 38 273007 -0.00456834 -0.01108432  0.99934101
12 48 38 322088 -0.00427413 -0.01213884  1.00042009
12 48 38 327117 -0.00443554 -0.01263857  1.00417924
12 48 38 370572 -0.00106573 -0.01034617  1.00216269
12 48 38 373716 -0.00426984 -0.01053333  1.00414991
12 48 38 417184 -0.00467467 -0.01192474  1.00072408
12 48 38 423017 -0.00492215 -0.00955248  0.99982953
12 48 38 464246 -0.0071187  -0.0110693   1.00017071
12 48 38 466567 -0.00340104 -0.00919151  1.00244236
12 48 38 512962 -0.00224328 -0.01348019  1.00146437
12 48 38 516304 -0.00529861 -0.00941753  1.00379443
12 48 38 559189 -0.00265694 -0.01065373  1.00284743
12 48 38 561477 -0.01558042 -0.89067101 -1.65234423
12 48 38 623234  0.01561451  1.99995208 -0.71483278
12 48 38 625464 -0.00259709 -0.01167417  1.00246358
12 48 38 670802 -0.00283837 -0.01284289  1.00424933
12 48 38 673349 -0.00379229 -0.01323271  1.00061536
12 48 38 718430 -0.00521255 -0.0128634   1.00444221
12 48 38 720555 -0.00362992 -0.01147747  1.00159192
12 48 38 766751 -0.00626731 -0.01375842  1.00203419
12 48 38 770114 -0.00644708 -0.00989151  1.0058105 
12 48 38 814362 -0.001405   -0.01008415  1.0018332 
12 48 38 816631 -0.00356746 -0.01413846  1.00120378
12 48 38 862429 -0.00498247 -0.01076126  1.00122356
12 48 38 865707 -0.00363779 -0.01255918  1.00490093
12 48 38 911345 -0.00405526 -0.01468873  1.00359488
12 48 38 914430 -0.00229645 -0.0137167   1.00450182
12 48 38 958960 -0.00307155 -0.01120734  1.00268102
12 48 38 961975 -0.00677943 -0.00943327  1.00225592
12 48 39 7070 -0.00625014 -0.01048326  1.00256872
12 48 39 11056 -0.00236368 -0.01139069  1.00188661
12 48 39 70651 -0.00125957 -0.01150608  1.00272059
12 48 39 74395 -0.00222039 -0.01065445  1.00379229
12 48 39 118157 -0.00198531 -0.01106548  1.00138116
12 48 39 122117 -0.00213408 -0.01254034  0.99963045
12 48 39 166436 -0.00476527 -0.013165    1.00186396
12 48 39 170476 -0.00770688 -0.01440406  1.00420356
12 48 39 214285 -0.00559616 -0.0131166   1.00188422
12 48 39 217994 -0.00506139 -0.01163197  0.9987967 
12 48 39 262881 -0.00782418 -0.01456547  1.00376201
12 48 39 267269 -0.00422049 -0.01094413  0.99945235
12 48 39 310049 -0.00461459 -0.01156926  1.00547886
12 48 39 312930 -0.00444031 -0.01073194  1.00556874
12 48 39 357711 -0.00574803 -0.0122335   1.00344753
12 48 39 361006 -0.00290918 -0.01250696  1.00313592
12 48 39 421825 -0.00179029 -0.01287198  1.00093126
12 48 39 425115 -0.00196075 -0.01486206  1.00304341
12 48 39 469078 -0.00181389 -0.00948524  1.00179982
12 48 39 473078 -0.00197005 -0.01017785  1.00283813
12 48 39 517304 -0.00705838 -0.01183319  1.00351214
12 48 39 520752 -0.00655007 -0.00820899  1.00182295
12 48 39 565715 -0.00559759 -0.00602531  1.0032537 
12 48 39 569349 -0.00712895 -0.01229429  1.00170279
12 48 39 613027 -0.00470448 -0.01187515  1.00391912
12 48 39 617023 -0.00403857 -0.01200771  1.00503373
12 48 39 661104 -0.00371385 -0.0148468   1.00169277
12 48 39 664798 -1.23977661e-04 -1.43070221e-02  1.00574899e+00
12 48 39 707496 -0.0017252  -0.01175213  1.00066543
12 48 39 709485 -0.00329971 -0.01222396  0.99948502
12 48 39 772867 -0.00464582 -0.0127995   0.9991765 
12 48 39 776816 -0.00202537 -0.01115322  1.00282383
12 48 39 819523 -0.00385547 -0.01015329  1.00728273
12 48 39 823437 -0.00710249 -0.01392651  1.00376558
12 48 39 866544 -0.00661016 -0.01066041  1.00414014
12 48 39 868934 -0.00486946 -0.00952101  1.00476718
12 48 39 915119 -0.00318933 -0.01241589  0.99986386
12 48 39 917242 -0.00155663 -0.01470852  1.00018692
12 48 39 962248 -0.00281358 -0.01339841  1.00243139
12 48 39 964341 -0.00328612 -0.01240921  1.00547075
12 48 40 10746 -0.00625634 -0.01308846  1.00110388
12 48 40 14372 -0.00231504 -0.01279068  1.00309682
12 48 40 59143 -0.00315452 -0.00962353  1.0038631 
12 48 40 61979 -0.00225878 -0.01433063  1.00257397
12 48 40 123457 -0.00353384 -0.01296973  1.00095844
12 48 40 128442 -0.0039413  -0.01159215  1.00126576
12 48 40 170825 -0.00570703 -0.01069903  1.00332856
12 48 40 175228 -0.00423384 -0.01197243  1.00115633
12 48 40 218149 -0.00470901 -0.01282382  0.99975967
12 48 40 221548 -0.00280643 -0.01205134  1.00295782
12 48 40 265950  3.65495682e-04 -1.22957230e-02  1.00249815e+00
12 48 40 269865 -0.00247002 -0.01219392  1.00287151
12 48 40 314770 -0.0041585  -0.01385903  1.00347757
12 48 40 318689 -0.00505447 -0.01344132  1.00192213
12 48 40 362533 -0.00389028 -0.01210237  1.00361061
12 48 40 366119 -5.21183014e-04 -1.08001232e-02  1.00045037e+00
12 48 40 411665 -0.00329041 -0.0085547   1.00343251
12 48 40 415416 -0.00306535 -0.01070189  1.00364566
12 48 40 458429 -0.00322962 -0.01451349  1.0011158 
12 48 40 474916 -0.00483418 -0.01168275  1.00209737
12 48 40 507465 -0.00532365 -0.012151    1.00404429
12 48 40 520709 -0.00295663 -0.00955772  1.00529361
12 48 40 554458 -0.00225806 -0.01190352  1.00172615
12 48 40 569568 -0.001122   -0.01243711  0.99991703
12 48 40 618161 -0.00396705 -0.00809908  1.00194001
12 48 40 621684 -0.00196195 -0.01097751  0.99996233
12 48 40 667616 -0.00543833 -0.01077104  1.00366473
12 48 40 673705 -0.00219083 -0.01219559  1.0029757 
12 48 40 713559 -0.00285029 -0.0106914   0.99913812
12 48 40 717818 -0.0028007  -0.01287055  1.00342131
12 48 40 762398 -0.00524664 -0.01204991  1.00153279
12 48 40 767456 -0.00594687 -0.00948453  1.00191545
12 48 40 807771 -0.00132465 -0.01004243  1.00123644
12 48 40 809927 -5.37157059e-04 -9.18316841e-03  9.99721050e-01
12 48 40 856297 -5.69343567e-04 -1.01094246e-02  9.97635603e-01
12 48 40 859580 -0.0078845  -0.01084876  1.00082779
12 48 40 904128 -0.00413632 -0.01197124  1.00129533
12 48 40 920989 -0.00123739 -0.00954533  1.00118423
12 48 40 967251 -0.00453162 -0.01691461  1.00361371
12 48 40 970362 -0.00463986 -0.01323557  1.00320864
12 48 41 15953 -0.00437856 -0.01138973  1.00396085
12 48 41 19376 -0.00348854 -0.01144242  0.99993682
12 48 41 64677 -0.00695062 -0.00975847  1.00342846
12 48 41 68627 -0.00230312 -0.0128355   1.00109553
12 48 41 113658 -0.00243783 -0.01219654  0.99954271
12 48 41 117411 -0.00306344 -0.01390386  0.99886107
12 48 41 159637 -0.00135326 -0.01048112  1.00205374
12 48 41 162875 -0.00292945 -0.01377869  1.00003624
12 48 41 208591 -0.00199366 -0.01200128  1.00241494
12 48 41 212513 -0.00357985 -0.01124263  0.99899244
12 48 41 256197 -0.00199819 -0.01397324  1.00218034
12 48 41 259940 -0.00323081 -0.0116086   1.00142217
12 48 41 320709 -0.0021596  -0.01554036  0.99935961
12 48 41 324270 -0.00638986 -0.01267171  1.00165582
12 48 41 367129 -0.00383449 -0.01150608  1.00327277
12 48 41 370940 -0.00750661 -0.00908899  1.00347209
12 48 41 415727 -0.00296926 -0.01168513  1.00219727
12 48 41 419210 -0.00140953 -0.01417875  1.00352478
12 48 41 463735 -0.00286698 -0.0152936   1.00085855
12 48 41 467643 -1.01327896e-04 -1.33912563e-02  1.00104475e+00
12 48 41 511520 -0.00127459 -0.01319885  1.0026176 
12 48 41 514765 -0.0036819  -0.01246071  1.00057459
12 48 41 558565 -0.0041151  -0.00819421  1.0034461 
12 48 41 562318 -0.00569987 -0.00921822  1.00484061
12 48 41 622082 -0.00185871 -0.00966287  1.0036993 
12 48 41 625470 -0.00228286 -0.0123632   1.00191903
12 48 41 671172 -0.00552607 -0.01145053  1.00206327
12 48 41 676693 -0.00246906 -0.01193023  1.00331092
12 48 41 718152 -0.00483441 -0.01114154  1.00157142
12 48 41 721625 -0.00410175 -0.0091114   1.00253296
12 48 41 765276 -0.00332308 -0.01268935  1.0009253 
12 48 41 768576 -0.00172377 -0.01289082  1.00293112
12 48 41 813817 -0.00158286 -0.01282239  1.00159669
12 48 41 817962 -0.0035851  -0.01345825  1.00121593
12 48 41 862298 -0.00653243  0.01558113  1.45704126
12 48 41 866344  0.01560211  1.78120518 -0.83984208
12 48 41 909497 -0.00489712 -0.01040411  1.00526381
12 48 41 913565 -0.00917196 -0.014925    1.00164175
12 48 41 957770 -0.00419474 -0.01271558  1.00565648
12 48 41 961623 -0.0030055  -0.0114398   1.00463438
12 48 42 7080 -0.00166202 -0.01140213  1.00063562
12 48 42 9983 -0.00330186 -0.01068997  1.00281286
12 48 42 70131 -0.00291443 -0.01110911  1.0031414 
12 48 42 75423 -0.00314474 -0.01181936  1.00543499
12 48 42 117892 -0.00412107 -0.01094818  1.0044477 
12 48 42 122718 -0.00367618 -0.01285434  1.00256538
12 48 42 164143 -0.00177741 -0.01110792  1.00267649
12 48 42 166297 -0.00271916 -0.01084208  1.00162864
12 48 42 212525 -0.00353861 -0.01202989  1.00439954
12 48 42 216063 -0.00146151 -0.00911427  1.00070119
12 48 42 259370 -0.00491428 -0.01135659  1.00339198
12 48 42 261643 -0.0047965  -0.01185513  1.00531435
12 48 42 308365 -0.00639844 -0.01271939  1.00679159
12 48 42 311054 -0.00316334 -0.01244497  1.00321555
12 48 42 356312 -0.00645542 -0.01463223  0.99980211
12 48 42 359372 -0.00476027 -0.012012    1.00046468
12 48 42 419896 -0.00159907 -0.01158094  1.00294495
12 48 42 423563 -0.00264978 -0.01113296  1.00004792
12 48 42 452980 -0.00620174 -0.01257014  1.00626302
12 48 42 467145 -0.00394917 -0.01213336  1.00141358
12 48 42 517277 -0.00527596 -0.01016855  1.0020473 
12 48 42 521829 -0.00347495 -0.01194048  1.00446916
12 48 42 563068 -0.00279689 -0.00946021  1.00245547
12 48 42 565864 -0.00460124 -0.01145101  1.00134468
12 48 42 611192 -0.00148845 -0.01149321  1.00283122
12 48 42 616200 -0.00276804 -0.01162839  1.00294447
12 48 42 659306 -0.00479102 -0.01311326  1.00231767
12 48 42 662714 -0.00190663 -0.01584053  1.00104094
12 48 42 707651 -0.00343084 -0.01203299  1.00318384
12 48 42 710372 -0.00735092 -0.01352692  1.00023198
12 48 42 755740 -0.00219846 -0.0116868   0.99846983
12 48 42 771897 -0.0029192  -0.00933719  1.00300407
12 48 42 801507 -0.00510478 -0.01093245  1.00405335
12 48 42 817258 -8.97407532e-04 -1.31604671e-02  9.98701572e-01
12 48 42 866579 -0.00294614 -0.0134325   1.00466228
12 48 42 870073 -0.00314236 -0.00974488  1.00267911
12 48 42 913193 -0.00157332 -0.01193261  0.99994254
12 48 42 915251 -0.00568962 -0.01029158  1.00547934
12 48 42 962220 -0.00391865 -0.01196241  1.00186133
12 48 42 965229 -0.00484324 -0.01033497  1.00346255
12 48 43 9900 -0.00285745 -0.0117662   1.00066853
12 48 43 12730 -5.42640686e-04 -1.24156475e-02  1.00398827e+00
12 48 43 57537 -0.0028851  -0.01265502  1.00279784
12 48 43 60401 -0.00455189 -0.01050282  1.00283432
12 48 43 121672 -0.00352454 -0.00985932  0.99995422
12 48 43 125093 -0.00345469 -0.01237488  1.00299573
12 48 43 154174 -0.00682521 -0.0083642   1.00340652
12 48 43 169070 -0.00433445 -0.01326251  0.99955058
12 48 43 201449 -0.00395536 -0.00786662  1.00193214
12 48 43 216986 -0.00435615 -0.01226139  1.00249887
12 48 43 265505 -0.00332093 -0.01194739  0.99914837
12 48 43 268503 -0.00261021 -0.01590538  1.00160146
12 48 43 313754 -0.00150037 -0.01200938  1.00169945
12 48 43 316601 -0.00467372 -0.01600075  1.00011158
12 48 43 361900 -0.00156021 -0.01049328  1.00227761
12 48 43 365989 -0.00584865 -0.00899959  1.00210595
12 48 43 410250 -0.00516653 -0.0107038   1.00415421
12 48 43 413805 -0.00136495 -0.01193953  1.00198889
12 48 43 458230 -0.00273514 -0.01099944  1.00437093
12 48 43 461393 -0.0036664  -0.01200175  1.00313401
12 48 43 505918 -0.00210094 -0.01427102  1.00101161
12 48 43 520261 -0.00191355 -0.01075792  1.00356174
12 48 43 551701 -0.00460124 -0.01251388  1.00421524
12 48 43 553674 -0.00266004 -0.00989485  1.00305104
12 48 43 619408 -0.00262308 -0.01197362  1.00694275
12 48 43 625547 -0.00527096 -0.01191711  1.00099397
12 48 43 664259 -0.00411439 -0.0117166   1.00220513
12 48 43 667284 -0.00583863 -0.01126909  1.00415397
12 48 43 711717 -0.00375533 -0.01083016  1.00223708
12 48 43 714041 -0.00468397 -0.01482487  1.00324678
12 48 43 761431 -0.00551367 -0.01336455  1.00374508
12 48 43 764260 -0.00403333 -0.0117507   1.00198317
12 48 43 808479 -0.0029273  -0.01278877  1.00487113
12 48 43 811905 -0.00350142 -0.01466203  1.00200582
12 48 43 855215 -0.0027988  -0.01324439  1.00329852
12 48 43 857275 -0.00283194 -0.01259184  1.00366068
12 48 43 904458 -0.00231099 -0.01058722  1.00083804
12 48 43 908251 -0.0041039  -0.00701642  1.00263095
12 48 43 968199 -0.00367832 -0.01107001  1.00448751
12 48 43 972752 -0.00320172 -0.00903416  1.0042634 
12 48 44 16647 -0.00349832 -0.01385021  0.99907875
12 48 44 20379 -0.00531554 -0.01303458  1.00124502
12 48 44 65131 -0.00421858 -0.01192093  1.00425696
12 48 44 69743 -0.00588417 -0.00875998  1.00215769
12 48 44 112212 -0.00344229 -0.01120973  1.00321007
12 48 44 115285 -0.0058558  -0.00993681  1.00183153
12 48 44 158571  3.39746475e-04 -1.18665695e-02  1.00378466e+00
12 48 44 161211 -8.02993774e-04 -1.09241009e-02  1.00292897e+00
12 48 44 207452 -0.00458026 -0.01151347  1.00483561
12 48 44 211420 -0.00469661 -0.010638    1.00544763
12 48 44 256102 -0.00285172 -0.00978589  1.00248456
12 48 44 259898 -0.0049808  -0.01110148  1.00330257
12 48 44 320928 -0.00292802 -0.01419806  1.00438285
12 48 44 324738 -0.00465631 -0.01455426  1.00431561
12 48 44 367964 -0.00474405 -0.01351905  1.00182366
12 48 44 372615 -0.00272012 -0.01429367  1.00427127
12 48 44 414513 -0.00165248 -0.01156735  1.00374722
12 48 44 417736 -0.00309443 -0.01035643  1.0022428 
12 48 44 461913 -0.00197053 -0.01106358  1.00270224
12 48 44 464388 -2.52723694e-04 -1.12705231e-02  1.00317383e+00
12 48 44 510956 -0.00492024 -0.01240158  1.00014853
12 48 44 514287 -0.00167966 -0.01307607  1.0042088 
12 48 44 559513 -0.00122046 -0.01162338  1.0016377 
12 48 44 563625 -0.00296688 -0.01376414  1.00207901
12 48 44 609242 -7.25507736e-04 -1.28951073e-02  1.00026798e+00
12 48 44 622420 -0.00452161 -0.01164103  1.00555944
12 48 44 654234 -0.00257468 -0.01233077  1.00165224
12 48 44 670061 -0.00584269 -0.01365137  1.00232172
12 48 44 717711 -0.00291848 -0.01392698  1.00288773
12 48 44 720539 -0.0033493  -0.01269603  1.00247169
12 48 44 765917 -0.00408602 -0.01269555  1.00085878
12 48 44 769223 -0.0043211  -0.01550627  1.00059199
12 48 44 813374 -0.00303149 -0.01237273  1.00108027
12 48 44 815671 -0.00244665 -0.01136088  1.00318575
12 48 44 862693 -0.0019412  -0.01515841  1.00293326
12 48 44 866713 -0.00170064 -0.01255727  1.0060885 
12 48 44 910173 -0.00371265 -0.009202    1.00065804
12 48 44 913226 -0.0036211  -0.00951672  1.00285649
12 48 44 958044 -0.00539184 -0.01216316  1.00163651
12 48 44 961414 -0.00271344 -0.01320219  1.00283098
12 48 45 6399 -0.00413799 -0.01332474  0.99918342
12 48 45 9995 -0.00258517 -0.01075268  1.00327253
12 48 45 53837 -0.00417066 -0.01212358  0.99898243
12 48 45 69232  9.33647156e-04 -1.25184059e-02  1.00455117e+00
12 48 45 117750 -0.00535822 -0.01280022  1.00027108
12 48 45 120780 -0.0047946  -0.01462507  1.00114965
12 48 45 165728 -0.00475144 -0.01107144  1.00111032
12 48 45 168726 -0.01557899 -0.53129101  1.83204889
12 48 45 213986  0.0156076  -0.26566362 -0.80858397
12 48 45 217095 -0.00279832 -0.01236105  1.00210476
12 48 45 262325 -0.00613117 -0.0129149   0.99971294
12 48 45 265691 -0.00476694 -0.01073956  1.00157905
12 48 45 308770 -0.00343728 -0.01215196  1.00188518
12 48 45 311203 -1.06811523e-04 -1.46343708e-02  9.98950481e-01
12 48 45 356002 -6.39915466e-04 -1.68821812e-02  1.00069308e+00
12 48 45 358364  3.31640244e-04 -1.60312653e-02  9.98988867e-01
12 48 45 404349 -0.00209022 -0.01271224  1.00261068
12 48 45 420405 -0.00419021 -0.01084232  1.00174165
12 48 45 451901 -0.00351119 -0.00929236  1.00070834
12 48 45 467590 -0.00558686 -0.01190186  1.00381327
12 48 45 515696 -0.0016005  -0.00995207  1.00324965
12 48 45 517867 -0.0041461  -0.0105238   1.00206614
12 48 45 564954 -0.00167179 -0.01340508  1.00491548
12 48 45 568304 -0.00298214 -0.01237893  1.00294471
12 48 45 611611 -0.0062058  -0.01256204  1.00201726
12 48 45 613850 -0.00487733 -0.0130229   1.00155354
12 48 45 660593 -0.00120783 -0.00934482  1.00206065
12 48 45 663360 -0.00384045 -0.00973368  1.00057101
12 48 45 707366 -0.00375199 -0.01187897  0.99915385
12 48 45 709396 -0.00191665 -0.0098834   1.00515223
12 48 45 755753 -9.83715057e-04 -1.40302181e-02  9.98660088e-01
12 48 45 770986 -0.00181508 -0.01134157  1.00079942
12 48 45 803285 -0.00428963 -0.01019263  1.00208116
12 48 45 819111 -5.50270081e-04 -1.17433071e-02  1.00120687e+00
12 48 45 866776 -0.002671   -0.01311874  0.99980807
12 48 45 868747 -0.00355625 -0.01119304  1.00160241
12 48 45 914648 -3.09944153e-04 -1.29835606e-02  1.00133514e+00
12 48 45 916595 -0.0029819  -0.01283097  1.00205112
12 48 45 962879 -6.01053238e-04 -1.10452175e-02  1.00418186e+00
12 48 45 965174 -8.81910324e-04 -8.50486755e-03  1.00159717e+00
12 48 46 10598 -0.00289392 -0.00954223  1.00075889
12 48 46 12785 -0.00819016 -0.0114181   1.003896  
12 48 46 58334 -0.00632477 -0.01032925  1.00234413
12 48 46 60234 -0.00354552 -0.01225042  1.00187635
12 48 46 106230 -0.00213599 -0.01189709  1.00260353
12 48 46 122478 -9.68694687e-04 -7.08389282e-03  1.00826931e+00
12 48 46 157303  0.00235868 -0.01214075  0.99590993
12 48 46 170547  0.00847912 -0.00813127  1.00481796
12 48 46 203950  4.39643860e-04 -9.09233093e-03  9.99235153e-01
12 48 46 219102 -0.00460243 -0.01438498  1.00044084
12 48 46 269149 -0.01243401 -0.01680636  1.00300312
12 48 46 272997 -0.0099175  -0.00801206  0.99921751
12 48 46 315560 -0.00731444 -0.01047707  1.00304747
12 48 46 319466 -0.00436354 -0.01241302  1.00146317
12 48 46 364205 -4.14371490e-04 -1.49409771e-02  1.00248432e+00
12 48 46 368650  9.59157944e-04 -1.00929737e-02  1.00475740e+00
12 48 46 411413 -6.95466995e-04 -1.12776756e-02  1.00200152e+00
12 48 46 415468 -0.00298071 -0.01173043  1.00483537
12 48 46 461189 -0.00553727 -0.01151204  0.99999094
12 48 46 464903 -0.00462699 -0.01307964  1.00255036
12 48 46 507330 -0.00273132 -0.01506162  1.00190187
12 48 46 522675  0.00168037 -0.01312923  1.00345421
12 48 46 555225  0.00145411 -0.01088834  1.00460815
12 48 46 559484 -8.26120377e-04 -1.22818947e-02  1.00521207e+00
12 48 46 620442 -0.0089426  -0.01554227  1.00055766
12 48 46 624419 -0.00937319 -0.01431632  1.001899  
12 48 46 667158 -0.00896692 -0.01504707  0.99990201
12 48 46 670527 -0.00941944 -0.01285243  1.00046182
12 48 46 716480 -0.00480676 -0.00920796  1.0053215 
12 48 46 720409 -0.00136089 -0.0119338   0.9994812 
12 48 46 760860  0.00330019 -0.00877571  1.00284886
12 48 46 762849  0.00645518 -0.0126164   0.99989033
12 48 46 809015  7.52925873e-04 -9.77706909e-03  1.00244713e+00
12 48 46 811107 -0.00176859 -0.01024055  1.00395465
12 48 46 857412 -0.00642014 -0.01104951  1.0019002 
12 48 46 859830 -0.00655723 -0.01418567  0.99916387
12 48 46 904607 -0.00633121 -0.00969863  1.00236344
12 48 46 906824 -0.00803447 -0.01246572  1.00303602
12 48 46 968375 -0.00373745 -0.01292443  1.00021791
12 48 46 970469 -0.00218964 -0.01202846  1.00164342
12 48 47 16302 -0.00174761 -0.01429009  1.0018394 
12 48 47 18288 -7.18116760e-04 -8.75473022e-03  1.00288749e+00
12 48 47 63867 -3.94105911e-04 -1.13034248e-02  1.00394177e+00
12 48 47 65867 -4.42743301e-04 -9.41753387e-03  1.00387907e+00
12 48 47 112166 -0.00337124 -0.01351571  1.00169253
12 48 47 114053 -0.00551033 -0.01081872  1.00186682
12 48 47 160245 -0.00535512 -0.01106596  0.99990201
12 48 47 162152 -0.00548744 -0.01088166  1.00293517
12 48 47 208142 -0.00723338 -0.01081777  1.00212908
12 48 47 210111 -0.00772691 -0.01302195  0.99932027
12 48 47 255954 -0.00137424 -0.0136795   1.00246429
12 48 47 258433 -0.00527334 -0.01250434  1.00186515
12 48 47 319627 -0.00282216 -0.01237321  1.00375676
12 48 47 321594 -0.00256014 -0.01013756  1.00281501
12 48 47 367374 -0.00270152 -0.00888133  1.00268316
12 48 47 369401 -0.00185561 -0.01233578  1.0029695 
12 48 47 415905 -0.00384974 -0.00924134  1.00123692
12 48 47 417877 -0.00541544 -0.01169443  1.00184488
12 48 47 463463 -0.00613093 -0.01141405  1.00394583
12 48 47 465397 -0.00585246 -0.01096678  1.0057056 
12 48 47 511497 -0.0057354  -0.01344657  1.00471258
12 48 47 513544 -0.00221491 -0.01210022  1.00123501
12 48 47 559858 -0.00427604 -0.01336241  1.00190258
12 48 47 562020 -0.00696015 -0.01229119  1.00521445
12 48 47 607275 -0.00177979 -0.01112247  1.00600052
12 48 47 623133 -0.00477386 -0.01221514  1.00424075
12 48 47 655019 -0.00409865 -0.0096395   1.00371099
12 48 47 670935 -0.00422907 -0.01342416  1.00130033
12 48 47 703176 -0.00416756 -0.01387501  1.00392103
12 48 47 718842 -0.00369596 -0.01625872  1.00274825
12 48 47 750910 -0.00297809 -0.01271868  1.00285435
12 48 47 766705 -0.0035243  -0.01265669  1.00296688
12 48 47 814771 -0.00341606 -0.0111208   1.00499463
12 48 47 816890 -0.0041914  -0.01215148  1.003052  
12 48 47 862636 -0.00273776 -0.00824404  1.00105858
12 48 47 864665 -0.00381231 -0.00985169  1.00433826
12 48 47 910598 -0.00117636 -0.01013494  1.00307918
12 48 47 912622 -0.00285101 -0.015203    1.00297308
12 48 47 958446 -0.00606561 -0.01370811  1.00544238
12 48 47 960607 -0.00629687 -0.01711631  1.00222468
12 48 48 6295 -0.00883365 -0.01459575  1.00090313
12 48 48 8369 -0.00254512 -0.01185751  1.00144076
12 48 48 54277 -0.00523043 -0.01041698  1.00233984
12 48 48 69483 -0.00469804 -0.00915551  1.00280833
12 48 48 117965 -4.56571579e-04 -1.19237900e-02  1.00256610e+00
12 48 48 120148 -0.00195169 -0.01229692  1.00482821
12 48 48 165977 -0.00259113 -0.01261282  1.00299406
12 48 48 168162 -0.00237417 -0.01298141  1.00264001
12 48 48 214225  0.00226021 -0.01454616  1.00086784
12 48 48 216591 -0.00119781 -0.01144505  0.9994328 
12 48 48 261810 -0.00279856 -0.01208329  1.00035214
12 48 48 263957 -0.00410008 -0.00970387  1.00054479
12 48 48 309695 -0.00493932 -0.01149726  1.00227141
12 48 48 311676 -0.00420547 -0.01124167  1.00516486
12 48 48 358066 -0.00375938 -0.01454949  1.00211787
12 48 48 360206 -0.00543165 -0.01318169  1.00686097
12 48 48 405485 -0.00424433 -0.01187873  1.00253057
12 48 48 421170 -0.00104761 -0.01043415  1.00431156
12 48 48 453377 -0.01556969 -0.60940099 -0.9960947 
12 48 48 455407  0.01562023  0.9374578  -1.77733254
12 48 48 517159 -0.00396872 -0.01425338  0.99941301
12 48 48 519260 -0.00546312 -0.00788188  1.00237203
12 48 48 565113 -0.00410986 -0.01292348  1.00018263
12 48 48 567021 -0.00711012 -0.01253939  1.00136375
12 48 48 612969 -0.00366592 -0.01344633  1.00267458
12 48 48 614849 -0.00119209 -0.01378536  1.00251484
12 48 48 660920 -0.00324488 -0.01405764  1.00310564
12 48 48 662914 -0.0036211  -0.01390362  1.00315213
12 48 48 708894 -0.00367022 -0.01028776  1.00404215
12 48 48 710818 -0.00543404 -0.0112164   0.99903369
12 48 48 756790 -0.00469756 -0.01074386  1.00135541
12 48 48 759390 -0.00272274 -0.01342988  1.00004792
12 48 48 804673 -0.00387502 -0.01162004  1.00047183
12 48 48 806607 -0.00269985 -0.01277304  1.00067139
12 48 48 868440 -0.00468874 -0.0124259   1.00140548
12 48 48 870415  3.38077545e-04 -1.31962299e-02  1.00225925e+00
12 48 48 916478 -0.00220656 -0.01328349  1.0053823 
12 48 48 918511 -0.00679064 -0.01050472  1.00293183
12 48 48 964329 -0.00398231 -0.01320672  1.0053966 
12 48 48 966340 -0.00560284 -0.0126729   1.00316167
12 48 49 12176 -0.0056107  -0.01204634  1.0029366 
12 48 49 14076 -0.00345063 -0.00827646  1.00330496
12 48 49 60080 -0.00168562 -0.01122785  1.00334334
12 48 49 62053 -8.94308090e-04 -1.45220757e-02  1.00460792e+00
12 48 49 107921 -0.00484872 -0.01256227  1.00108266
12 48 49 123803 -0.00454855 -0.01035047  1.0013628 
12 48 49 156046 -0.00203848 -0.01252031  1.00187206
12 48 49 158173 -0.00266075 -0.00953126  1.00130439
12 48 49 203803 -0.00195003 -0.01123977  1.00069475
12 48 49 205792 -0.0045054  -0.01107264  1.00211716
12 48 49 267697 -0.00480938 -0.01382422  1.00380063
12 48 49 269972 -0.00513577 -0.01140904  1.00255299
12 48 49 315536 -0.00134754 -0.01077533  1.00334716
12 48 49 317536 -0.00631833 -0.01203823  1.00192833
12 48 49 363403 -0.00312638 -0.01046324  0.99976969
12 48 49 365275 -0.00150108 -0.01426625  1.00393629
12 48 49 411294 -0.00396323 -0.01110983  1.00401044
12 48 49 413256 -0.00673985 -0.01230669  1.00099277
12 48 49 459220 -0.00474834 -0.01020384  1.00327134
12 48 49 461158 -0.00130987 -0.01085258  0.99994802
12 48 49 507148 -0.0021193  -0.01359487  1.00100422
12 48 49 509171 -0.00358081 -0.01252604  1.00273752
12 48 49 555210 -0.00511885 -0.01469541  1.00201058
12 48 49 559665 -0.00189853 -0.01195002  1.00040555
12 48 49 618776 -0.00335574 -0.01214433  1.00373435
12 48 49 620808 -0.00334716 -0.01073194  1.00287724
12 48 49 666545 -0.00417566 -0.00940752  1.0094943 
12 48 49 668624 -0.00176764 -0.01071668  1.001122  
12 48 49 714652 -0.00220418 -0.01211977  1.00455451
12 48 49 718121 -0.00171375 -0.01237774  1.00042319
12 48 49 762640 -0.00427079 -0.01274109  1.00017691
12 48 49 766477 -0.00394559 -0.01186562  1.00117874
12 48 49 810528 -0.00546789 -0.01277685  1.00720334
12 48 49 812742 -0.0048697  -0.01449251  1.00068307
12 48 49 858408 -0.0052352  -0.01133323  1.00246954
12 48 49 860680 -0.00143099 -0.01308274  0.99963546
12 48 49 906220 -0.00235248 -0.01249266  1.00310469
12 48 49 908274 -0.00384498 -0.00974393  1.00559354
12 48 49 954129 -0.00327849 -0.01191306  1.00220895
12 48 49 969671 -0.00220513 -0.01398826  1.00423551
12 48 50 17693 -0.00319624 -0.01262498  1.0033381 
12 48 50 19682 -0.00413489 -0.0088079   1.00407577
12 48 50 65886 -0.0026927  -0.01335025  1.00537729
12 48 50 67883 -0.00477958 -0.01247811  1.00087237
12 48 50 113815 -0.00429797 -0.01102877  1.00182056
12 48 50 115784 -0.00461102 -0.00994658  0.99856925
12 48 50 161785 -0.00521731 -0.01237798  0.99976707
12 48 50 163865 -0.0030036  -0.01247406  1.00048351
12 48 50 209578 -0.00174856 -0.01132393  1.00181389
12 48 50 211581 -0.0018065  -0.01056933  1.00477695
12 48 50 257536 -0.00197101 -0.01167464  0.99958086
12 48 50 259634 -0.00513244 -0.00965261  1.00336432
12 48 50 305369 -0.00295997 -0.01115727  1.00189161
12 48 50 321225 -0.00285554 -0.01196361  1.00295281
12 48 50 353430 -0.00352192 -0.01343632  1.00401592
12 48 50 369080 -0.00303364 -0.0100317   1.00195622
12 48 50 401221 -0.00196218 -0.01199746  1.00304723
12 48 50 417114 -0.00529933 -0.01418471  1.00133228
12 48 50 465373 -0.00186133 -0.01458812  1.00308585
12 48 50 467402 -0.00418043 -0.01050115  1.00292587
12 48 50 513057 -0.00554895 -0.01468921  1.00272012
12 48 50 515186 -0.00123334 -0.01043034  1.00382423
12 48 50 560825 -0.00249648 -0.01382923  1.00181293
12 48 50 562786 -0.00386977 -0.01190329  1.00405025
12 48 50 608801 -0.00192094 -0.01320887  0.99992275
12 48 50 610759 -0.00450611 -0.01153064  1.00096273
12 48 50 656677 -0.00589967 -0.01093626  1.00021195
12 48 50 672219 -0.00299406 -0.01240706  1.00376558
12 48 50 704763 -0.00239778 -0.01235723  1.00186872
12 48 50 720481 -0.00553846 -0.01129246  1.00613928
12 48 50 752573 -0.0038352  -0.01388073  1.00443959
12 48 50 768282 -0.00299716 -0.0111289   1.00115967
12 48 50 816403 -0.00358748 -0.01135325  0.99899769
12 48 50 818428 -0.00197458 -0.01244307  1.00183225
12 48 50 864418 -0.00521398 -0.01174402  1.00281978
12 48 50 866311 -0.00355959 -0.01115823  1.00219202
12 48 50 912144 -0.00367975 -0.01450372  1.00088286
12 48 50 914046 -0.00284576 -0.01268458  1.00290918
12 48 50 960581 -0.00182605 -0.00881338  1.00465107
12 48 50 962480 -0.00249743 -0.01246452  0.99880362
12 48 51 7924 -0.00321913 -0.01089835  1.00139308
12 48 51 9861 -0.00602913 -0.01444077  1.00064993
12 48 51 56478 -0.00203681 -0.01309943  1.00145626
12 48 51 58756 -0.00199842 -0.01135993  0.99942708
12 48 51 119327 -0.00254107 -0.01071811  1.00189781
12 48 51 121191 -0.00307012 -0.012465    1.00132751
12 48 51 167258 -0.00382018 -0.00986242  1.00377536
12 48 51 169376 -0.0060432  -0.01172304  1.0017066 
12 48 51 215659 -0.0043819  -0.01506615  1.00513744
12 48 51 217814 -0.00229216 -0.01108527  1.00375938
12 48 51 265978 -0.00200295 -0.01204395  1.00549746
12 48 51 271088 -0.0050528  -0.0114603   1.00387573
12 48 51 314143 -0.0040791  -0.01258183  1.00254512
12 48 51 317078 -0.00369763 -0.01189375  1.003304  
12 48 51 362301 -0.00561309 -0.01012492  1.00040674
12 48 51 367476 -0.00254416 -0.00801969  0.99864531
12 48 51 410423 -0.0034678  -0.01130486  0.99988461
12 48 51 413752 -0.00431395 -0.01286983  0.99991345
12 48 51 457288 -0.00154448 -0.01176929  1.00319958
12 48 51 461560 -0.00361943 -0.0133431   1.0011487 
12 48 51 521668 -0.00177217 -0.01063156  1.00379562
12 48 51 526736 -0.0027926  -0.01507187  1.00256085
12 48 51 569170  0.0010376  -0.01068902  1.00269866
12 48 51 572829 -0.00474191 -0.01628375  0.99985337
12 48 51 618273 -0.00146365 -0.0097127   1.0001843 
12 48 51 621581 -0.00398517 -0.00869226  1.00162506
12 48 51 665401 -0.00243306 -0.01133537  0.99918795
12 48 51 668978 -0.00462937 -0.01051283  1.00202727
12 48 51 712500 -9.05513763e-04 -1.04401112e-02  1.00066161e+00
12 48 51 716101 -0.00498724 -0.01086783  0.99821401
12 48 51 758982 -0.01557946 -1.5000484  -1.77732277
12 48 51 760881  0.01562238 -1.578161    1.80078506
12 48 51 809215 -0.00381136 -0.01399875  1.00259352
12 48 51 813937 -0.0034411  -0.00934625  1.00214553
12 48 51 872711 -0.0047667  -0.01205754  1.00163031
12 48 51 876664 -0.00260973 -0.01102638  1.00371003
12 48 51 920112 -0.00324607 -0.0135231   1.00128794
12 48 51 923245 -0.00177526 -0.01479745  0.99879026
12 48 51 966150 -0.00456142 -0.01051188  1.00406122
12 48 51 970201 -0.00542808 -0.01158667  1.00224042
12 48 52 16783 -0.0032618  -0.01187348  1.00409651
12 48 52 21054 -0.00186038 -0.01327395  1.00284243
12 48 52 64476 -0.00192666 -0.01512456  1.00227451
12 48 52 69448 -0.00354862 -0.0097487   1.00276852
12 48 52 112160 -0.00518322 -0.01195264  1.00072002
12 48 52 117116 -0.00394559 -0.0125556   1.00622606
12 48 52 160776 -0.00347304 -0.01229572  1.00232625
12 48 52 165464 -0.00408721 -0.01237273  1.0037241 
12 48 52 208098 -0.00512099 -0.01249695  1.00303149
12 48 52 212370 -0.00429249 -0.0116694   1.00288177
