9 22 56 474391 -0.07265425 -0.01896906  1.00768352
9 22 56 545752 -0.04942322 -0.00871372  1.00287104
9 22 56 597928 -0.04804468 -0.11817837  0.98084903
9 22 56 647608 -0.06755948 -0.15940595  0.9930532 
9 22 56 698905 -0.07063794 -0.0851717   1.00574994
9 22 56 747897 -0.06317639 -0.05210924  1.00582576
9 22 56 793965 -0.05830979 -0.0887301   0.99235487
9 22 56 846110 -0.06761646 -0.12213469  0.97623277
9 22 56 896016 -0.0828495  -0.10327387  0.98272729
9 22 56 947007 -0.0730226  -0.0205915   1.00188923
9 22 56 995563 -0.05387902 -0.02534485  1.00293684
9 22 57 57352 -0.0531671  -0.11406207  0.98432446
9 22 57 93127 -0.06510425 -0.14149809  0.99081945
9 22 57 144900 -0.07284307 -0.08543015  1.0071373 
9 22 57 197576 -0.06513762 -0.0610249   1.0077281 
9 22 57 247292 -0.05910611 -0.08868289  0.99172115
9 22 57 299832 -0.06845951 -0.11932302  0.97687578
9 22 57 348137 -0.08169174 -0.10192323  0.98335552
9 22 57 395324 -0.07555294 -0.0223546   1.00462699
9 22 57 446282 -0.05549979 -0.02442956  0.99863577
9 22 57 498343 -0.0538547  -0.11441779  0.98776865
9 22 57 546842 -0.06663632 -0.13654518  0.99536395
9 22 57 597042 -0.0764358  -0.0797925   1.00489187
9 22 57 648042 -0.06908369 -0.05889058  1.00468612
9 22 57 700217 -0.05975461 -0.0857985   0.99121428
9 22 57 746154 -0.06222606 -0.11378837  0.9788661 
9 22 57 800093 -0.0779407  -0.10822392  0.98257113
9 22 57 849617 -0.06912827 -0.02567005  1.01559114
9 22 57 899210 -0.04185128  0.01079226  1.01313925
9 22 57 948069 -0.03707623 -0.10075545  0.98352456
9 22 57 995714 -0.051337   -0.17161679  0.98173881
9 22 58 52610 -0.06542373 -0.09866142  1.01219392
9 22 58 94433 -0.05562043 -0.04157424  1.00809288
9 22 58 166798 -0.04912591 -0.07790399  0.99805856
9 22 58 217679 -0.05514002 -0.12070131  0.987638  
9 22 58 259887 -0.07222819 -0.1065836   0.99134707
9 22 58 295961 -0.07208252 -0.02057528  1.00639319
9 22 58 346215 -0.04606533  0.00239611  1.00454402
9 22 58 399608 -0.03517771 -0.11294627  0.98058629
9 22 58 446023 -0.05463243 -0.17301965  0.99252319
9 22 58 497469 -0.06697941 -0.08794546  1.01258588
9 22 58 546970 -0.05117488 -0.0369482   0.99972153
9 22 58 594097 -0.04062319 -0.07995868  0.98931479
9 22 58 646624 -0.05378056 -0.11922741  0.98952508
9 22 58 694705 -0.07504702 -0.09178615  1.00159883
9 22 58 770382 -0.06524062 -0.01448703  1.00500178
9 22 58 828094 -0.04548812 -0.03908157  0.99313998
9 22 58 871020 -0.04376912 -0.11044097  0.99027824
9 22 58 920611 -0.06242967 -0.11823726  1.01043367
9 22 58 945905 -0.06783223 -0.0785439   1.01333809
9 22 58 997412 -0.06091213 -0.06204319  1.00503755
9 22 59 49545 -0.05341959 -0.08174992  0.98919678
9 22 59 99800 -0.06468129 -0.11244607  0.98727274
9 22 59 146717 -0.08201337 -0.10495806  1.00457621
9 22 59 194405 -0.06648517 -0.00539708  1.02767539
9 22 59 246369 -0.03774142  0.00112271  1.002496  
9 22 59 295216 -0.03744912 -0.13320255  0.97624826
9 22 59 374384 -0.06425118 -0.17285419  1.00875759
9 22 59 418114 -0.06546021 -0.07657552  1.03064346
9 22 59 466915 -0.05209637 -0.03762007  1.00893402
9 22 59 517964 -0.04299855 -0.08717108  0.98808026
9 22 59 546260 -0.05398107 -0.12279439  0.98953319
9 22 59 598543 -0.07439446 -0.09340596  0.99933743
9 22 59 651165 -0.061342   -0.01320362  1.00971007
9 22 59 698149 -0.04290223 -0.02958775  0.99589205
9 22 59 747373 -0.04377699 -0.11993098  0.98485041
9 22 59 793960 -0.06527758 -0.13746595  1.00008559
9 22 59 849244 -0.06611586 -0.07931232  1.01719189
9 22 59 915771 -0.05683064 -0.05542517  1.0149591 
9 22 59 954818 -0.0562849  -0.0905304   0.99388885
9 22 59 995725 -0.06706643 -0.12120152  0.98108101
9 23 0 58143 -0.08785439 -0.09101033  0.98938441
9 23 0 93485 -0.0709188  -0.01833987  1.00871372
9 23 0 144347 -0.05178833 -0.03565049  1.0077672 
9 23 0 198184 -0.05528688 -0.11576414  0.99561095
9 23 0 247147 -0.06713462 -0.12816858  1.00102115
9 23 0 298670 -0.07504201 -0.07311487  1.01226115
9 23 0 347272 -0.06311131 -0.05640316  1.01431489
9 23 0 393748 -0.05788994 -0.08195519  1.00163889
9 23 0 459640 -0.07166624 -0.11366153  0.98181558
9 23 0 502655 -0.0824306  -0.09672117  0.98435307
9 23 0 546755 -0.07463932 -0.01689911  1.00950265
9 23 0 623144 -0.05598402 -0.00635242  1.0116086 
9 23 0 659970 -0.0512507  -0.11232972  0.98891854
9 23 0 717068 -0.06847215 -0.16192174  0.98736525
9 23 0 767936 -0.08005476 -0.09350252  1.01198888
9 23 0 817826 -0.06852984 -0.04347873  1.02778673
9 23 0 864041 -0.0554328  -0.07616568  1.00882077
9 23 0 916074 -0.05634832 -0.12510657  0.98249769
9 23 0 947946 -0.07442141 -0.11919165  0.9793427 
9 23 0 994170 -0.06634307 -0.03703046  1.01965928
9 23 1 53795 -0.04315042 -0.01295948  1.01365256
9 23 1 94781 -0.04194736 -0.10895419  0.9856658 
9 23 1 147991 -0.05903125 -0.16392422  0.98265004
9 23 1 196577 -0.07107067 -0.09853101  1.01779485
9 23 1 247254 -0.06367373 -0.04113913  1.01456714
9 23 1 297037 -0.04976296 -0.07519197  0.99857569
9 23 1 345711 -0.05643463 -0.11172318  0.98284078
9 23 1 397544 -0.07899261 -0.11553717  0.97610688
9 23 1 446543 -0.07501745 -0.04099798  0.99959922
9 23 1 498624 -0.04774475 -0.00770164  1.01381397
9 23 1 546624 -0.0425396  -0.08995891  0.99974966
9 23 1 594687 -0.05893874 -0.15961337  1.00146985
9 23 1 645943 -0.07338619 -0.10967255  1.01223469
9 23 1 694996 -0.06164217 -0.04761362  1.00903964
9 23 1 746573 -0.05227137 -0.06893992  0.99483418
9 23 1 796003 -0.05575967 -0.11264777  0.98835635
9 23 1 847589 -0.07465172 -0.12772751  0.98566532
9 23 1 897703 -0.07137108 -0.04767537  1.00876784
9 23 1 945883 -0.05044246  0.01421952  1.01549244
9 23 1 996700 -0.03525996 -0.06773853  0.99452996
9 23 2 62990 -0.05563688 -0.16457248  0.99151778
9 23 2 116339 -0.07210779 -0.1227653   1.01340532
9 23 2 155540 -0.05909753 -0.04244447  1.00964761
9 23 2 194322 -0.04980421 -0.05816865  0.98920631
9 23 2 245610 -0.05875015 -0.11449718  0.98161817
9 23 2 294968 -0.07329035 -0.13119173  0.98318052
9 23 2 348907 -0.0754292  -0.05661249  1.00191569
9 23 2 396983 -0.0547812   0.0068686   1.00815225
9 23 2 448335 -0.0420773  -0.06827784  0.99662352
9 23 2 496186 -0.04954553 -0.15308714  0.98836946
9 23 2 544999 -0.0682838  -0.12259841  1.00435615
9 23 2 597152 -0.06174684 -0.06027603  1.01475096
9 23 2 646284 -0.04654956 -0.06735325  0.9927628 
9 23 2 698901 -0.05346107 -0.1030159   0.98110247
9 23 2 748464 -0.06763506 -0.12185431  0.97977686
9 23 2 795391 -0.06246924 -0.85935307  0.12895393
9 23 2 853400 -0.03642488 -0.05730534  0.99176431
9 23 2 894510 0.01543522 0.3431623  1.61322927
9 23 2 946424 -0.06870365 -0.13110352  1.70705891
9 23 2 995565 -0.06429195 -0.05915856  1.02112103
9 23 3 55635 -8.22448730e-03  3.62277031e-03  2.43186951e-05
9 23 3 97481 0.02419233 0.07162094 0.99034739
9 23 3 144650  0.00957704 -0.16791511  0.94459748
9 23 3 197467 -0.05941367 -0.23194122  0.99197412
9 23 3 246715 -0.0669415  -0.10998154  0.99739933
9 23 3 308604 -0.07036471 -0.07709694  0.98354554
9 23 3 346927 -0.02441359  0.02074909  1.02013707
9 23 3 394054  0.02235532 -0.07304263  1.00025368
9 23 3 445661 -0.0197382  -0.19011855  0.99527907
9 23 3 495600 -0.06110144 -0.10323572  1.00467443
9 23 3 549946 -0.08565903 -0.06992006  0.97806287
9 23 3 596300 -0.04488158 -0.00370312  0.98199654
9 23 3 647810  0.04623556 -0.08489513  0.98253894
9 23 3 696828  0.03044486 -0.16697836  0.99842453
9 23 3 747330 -0.05245328 -0.09856224  1.03254557
9 23 3 798149 -0.10268474 -0.0868659   1.00021815
9 23 3 846406 -0.01826978 -0.08376408  0.98774076
9 23 3 898290  0.06000781 -0.10961485  1.00906086
9 23 3 947700  0.01416135 -0.06045246  1.00110245
9 23 3 994183 -0.09386802 -0.06429267  0.98218846
9 23 4 52586 -0.10895538 -0.12397313  0.98341894
9 23 4 94927  0.00973248 -0.15083027  0.99196386
9 23 4 148087  0.06596899 -0.07932234  1.00163794
9 23 4 197095 -0.02098083 -0.0174439   1.00660944
9 23 4 249441 -0.13329268 -0.08013463  0.99142671
9 23 4 297451 -0.08060074 -0.1169281   1.01237917
9 23 4 345385  0.04625273 -0.11485076  0.99991322
9 23 4 397947  0.05508971 -0.0563705   0.98762059
9 23 4 447442 -0.06894732 -0.0454452   0.98542857
9 23 4 498364 -0.1341126  -0.08361173  1.00134158
9 23 4 546832 -0.00561142 -0.10034013  1.0048058 
9 23 4 594921  0.079216   -0.12658596  0.98526454
9 23 4 646100 -0.00579739 -0.07700229  0.9948895 
9 23 4 699138 -0.13760734 -0.09272075  0.99242473
9 23 4 758091 -0.10579205 -0.15004277  0.98923969
9 23 4 802733  0.019526   -0.14909458  1.00181818
9 23 4 849231  0.04155755 -0.03716087  1.01467896
9 23 4 906781 -0.05252194 -0.00726247  0.98463082
9 23 4 952849 -0.1337595  -0.07979727  1.00097895
9 23 4 996687 -0.02444005 -0.08092141  1.01337981
9 23 5 49164  0.06661582 -0.1240294   0.98850775
9 23 5 98273  0.00555134 -0.08489037  1.00322962
9 23 5 148052 -0.12314081 -0.07878709  0.99788952
9 23 5 193101 -0.10061574 -0.07982492  0.99919176
9 23 5 245281  0.03845406 -0.1124413   1.00676441
9 23 5 300003  0.05204248 -0.09195757  0.99775362
9 23 5 346546 -0.07440472 -0.0608232   0.97649908
9 23 5 395093 -0.13229275 -0.0185504   0.99497247
9 23 5 447030  0.02932191 -0.07232761  0.98794436
9 23 5 498015  0.08424568 -0.17099524  0.9818368 
9 23 5 545823 -0.03877401 -0.12762547  0.98875022
9 23 5 596601 -0.11895514 -0.03606915  1.00658512
9 23 5 648533  0.03361511 -0.08879256  0.98677945
9 23 5 704877  0.08522654 -0.16125989  0.97696328
9 23 5 766089 -0.03787088 -0.09253073  0.97532368
9 23 5 813405 -0.09626293 -0.01957321  0.98523664
9 23 5 860336  0.06694245 -0.11190414  0.98460126
9 23 5 894870  0.09122109 -0.11470318  0.98762918
9 23 5 946136 -0.06805778 -0.04500246  0.99235892
9 23 5 995531 -0.02059174 -0.08375931  0.99040484
9 23 6 62227  0.10639572 -0.15699768  0.98437762
9 23 6 108379  0.02585125 -0.07217193  0.99068522
9 23 6 167609 -0.07712555 -0.03521276  0.98887134
9 23 6 198190  0.07683706 -0.16878295  0.99306488
9 23 6 246983  0.09566641 -0.08737397  0.97704172
9 23 6 297933 -0.05687356  0.02123308  0.97957134
9 23 6 346851  0.05650568 -0.15602088  1.01164436
9 23 6 393832  0.12663412 -0.12621784  0.99059796
9 23 6 445242 -0.030092   -0.00525284  0.95840049
9 23 6 494268  0.04092979 -0.14806724  0.99679637
9 23 6 546226  0.12895918 -0.10419369  1.01284337
9 23 6 595364 -0.0073781   0.00322866  0.95584035
9 23 6 647496  0.04845119 -0.16588998  0.9900229 
9 23 6 696529  0.1285367  -0.09802556  1.01328444
9 23 6 745875 0.00143528 0.01084447 0.93914127
9 23 6 796910  0.07631922 -0.20417023  0.99787879
9 23 6 846195  0.12691045 -0.06949425  1.0311029 
9 23 6 897836  0.0057261  -0.01576853  0.93980455
9 23 6 947126  0.10192657 -0.21763492  1.0048089 
9 23 6 994182  0.09709215 -0.00548077  1.04644227
9 23 7 52457  0.02008748 -0.0801208   0.931669  
9 23 7 94722  0.12356091 -0.16351962  1.0172801 
9 23 7 146865 0.06156349 0.02507806 0.98597336
9 23 7 197297  0.04845834 -0.1819613   0.96534753
9 23 7 262555  0.12477064 -0.08335757  1.03250432
9 23 7 297001  0.04708314 -0.02132463  0.94634533
9 23 7 345581  0.08848238 -0.20752406  1.01003003
9 23 7 398545 0.09902906 0.01547456 1.00287366
9 23 7 446100  0.05507922 -0.14336133  0.95509171
9 23 7 497835  0.11336899 -0.10533333  1.05032229
9 23 7 547539 0.06033349 0.01119947 0.9366076 
9 23 7 593982  0.07932425 -0.19923949  1.01183081
9 23 7 646969 0.10586286 0.02008224 1.0211463 
9 23 7 694702  0.05202198 -0.15600395  0.94863176
9 23 7 746487  0.10911775 -0.11314511  1.06174374
9 23 7 796001  7.57832527e-02 -4.56809998e-04  9.24605131e-01
9 23 7 849744  0.07189488 -0.22029591  1.01611304
9 23 7 896107 0.10635066 0.02808738 1.01629543
9 23 7 945565  0.06365585 -0.16348219  0.95284653
9 23 7 997308  0.09919071 -0.07482648  1.06970501
9 23 8 58915  0.06961036 -0.03711987  0.93687677
9 23 8 99307  0.07535553 -0.17464375  1.02371311
9 23 8 146269 0.10716748 0.02519321 0.97538662
9 23 8 194285  0.05716181 -0.22562551  0.99838161
9 23 8 245807  0.1038332  -0.00138021  1.04191828
9 23 8 306278  0.07367563 -0.13767791  0.95924234
9 23 8 359179  0.0856576  -0.10781717  1.0443716 
9 23 8 420402  0.11593318 -0.01899099  0.95384002
9 23 8 474469  0.07727098 -0.1921308   1.05964375
9 23 8 515914 0.11830664 0.03521538 0.97477365
9 23 8 569142  0.0828073  -0.21917582  1.00961375
9 23 8 622234  0.10931396 -0.00283217  1.03124833
9 23 8 673013  0.1014781  -0.15731931  0.97784925
9 23 8 731853  0.08958435 -0.10142922  1.0786407 
9 23 8 775471  0.12632561 -0.05100131  0.95807409
9 23 8 820437  0.08396935 -0.17122316  1.05752683
9 23 8 868856 0.13173199 0.0206666  0.96706533
9 23 8 924225 0.10939193 1.96886134 0.0195713 
9 23 8 965735  0.09418797 -0.19851232  0.99278855
9 23 9 14893  3.78131866e-04  7.34269857e-01 -6.20943785e-01
9 23 9 58646  0.11242223 -0.12677002  0.50382781
9 23 9 93275  0.09631133 -0.11019278  1.06425548
9 23 9 146282 -0.00202417  0.04986811  0.01561213
9 23 9 212315 0.09471488 0.00453687 0.96995234
9 23 9 253302  0.06546593 -0.19584441  0.98090339
9 23 9 305357 0.09570384 0.02019334 0.96582794
9 23 9 365003  0.07182288 -0.1933322   0.98800969
9 23 9 410122 0.09536266 0.01293302 0.97570753
9 23 9 445324  0.06708121 -0.19132042  0.99053478
9 23 9 494867 0.1104362  0.01746631 0.9753871 
9 23 9 545879  0.07846236 -0.19134116  0.99797702
9 23 9 595397 0.09615707 0.00235486 0.97252154
9 23 9 670716  0.07121634 -0.19988537  0.99270105
9 23 9 705777 0.11558628 0.01613259 0.96482754
9 23 9 746231  0.08213854 -0.19373393  0.994941  
9 23 9 797388  0.0952394  -0.00357175  0.96461987
9 23 9 848372  0.07730389 -0.19521642  0.99290037
9 23 9 897853 0.1150322  0.01074624 0.95898962
9 23 9 946916  0.07536793 -0.19967151  0.99695563
9 23 9 994118 0.11013627 0.01659846 0.97245502
9 23 10 53305  0.07968736 -0.1866219   0.99675059
9 23 10 94467 0.11349559 0.00952196 0.9617641 
9 23 10 148615  0.0846324  -0.18639493  0.98730993
9 23 10 195889 0.11618376 0.01573062 0.96777105
9 23 10 248219  0.08236217 -0.1907537   0.98636246
9 23 10 296920 0.10859704 0.01085091 0.96075654
9 23 10 345943  0.07988143 -0.19635153  0.98691797
9 23 10 397009 0.11005116 0.00384641 0.96034837
9 23 10 446686  0.06957698 -0.1994772   0.99072623
9 23 10 498484 0.11509585 0.00329423 0.96200657
9 23 10 547253  0.08029151 -0.1943996   0.99146724
9 23 10 594443  0.10494161 -0.00476503  0.96524239
9 23 10 645685  0.07263827 -0.20427966  0.99244666
9 23 10 695060 0.11245441 0.00673032 0.95634365
9 23 10 750054  0.0701654  -0.19429803  0.98943686
9 23 10 795756  0.09775519 -0.01400995  0.96229863
9 23 10 847235  0.06402302 -0.20343375  0.99896383
9 23 10 896519 0.10786557 0.01950097 0.9576838 
9 23 10 952071  0.07161832 -0.19628024  0.9978559 
9 23 11 7660  0.09896302 -0.00890303  0.97047257
9 23 11 65260  0.06319284 -0.19268608  1.00230813
9 23 11 124906 0.09727502 0.0128758  0.96653318
9 23 11 161119  0.06837988 -0.18658853  1.00409341
9 23 11 204601 0.10147929 0.01467395 0.97458029
9 23 11 245620  0.07128    -0.1881144   1.00937223
9 23 11 296045 0.1006248  0.00130224 0.97645593
9 23 11 346515  0.07373238 -0.19177175  1.00821805
9 23 11 397706 0.10696959 0.00596237 0.97212458
9 23 11 447504  0.07225943 -0.19795561  1.00914168
9 23 11 497379  0.10135722 -0.00787759  0.97165155
9 23 11 545621  0.08013368 -0.18833828  1.01307154
9 23 11 596826 0.119555   0.01674867 0.9685061 
9 23 11 646293  0.07452679 -0.18994069  1.01634479
9 23 11 699226 1.05159521e-01 1.44004822e-04 9.78391171e-01
9 23 11 746228  0.08019853 -0.17436981  1.0185926 
9 23 11 795560 0.1143229  0.01822281 0.97359967
9 23 11 846019  0.0706892  -0.17945981  1.02274776
9 23 11 895690 0.10754633 0.00846457 0.97184157
9 23 11 947204  0.07171679 -0.17586994  1.02453113
9 23 11 995195 0.11733103 0.02316689 0.97157121
9 23 12 70013  0.07338905 -0.16898775  1.02262449
9 23 12 94334 0.10802031 0.02293086 0.98030305
9 23 12 144569  0.07633138 -0.15868402  1.0287168 
9 23 12 197038 0.12092781 0.02449417 0.97190332
9 23 12 245611  0.07161045 -0.17192769  1.03013444
9 23 12 299235 0.11098957 0.0146687  0.96126819
9 23 12 349974  0.06872964 -0.17076898  1.02389526
9 23 12 394341 0.12088513 0.01626539 0.96196079
9 23 12 447489  0.06036973 -0.18085694  1.03870487
9 23 12 496075 0.10357094 0.00968122 0.96812201
9 23 12 547668  0.06484222 -0.17005062  1.03679347
9 23 12 619199 0.12276316 0.02472973 0.96231127
9 23 12 673607  0.05890083 -0.16682696  1.04007053
9 23 12 697500 0.11462188 0.01764417 0.96334267
9 23 12 746151  0.06303215 -0.15870166  1.04036236
9 23 12 797390 0.12395644 0.03138709 0.95648479
9 23 12 846300  0.06593466 -0.15068865  1.04281712
9 23 12 899127 0.11717415 0.02165127 0.96022987
9 23 12 947475  0.06267476 -0.15873218  1.04567075
9 23 13 6471 0.1257863  0.01961708 0.95453143
9 23 13 61111  0.05242157 -0.15140724  1.04645324
9 23 13 95118 0.12129068 0.0303905  0.95285606
9 23 13 146265  0.05265808 -0.155761    1.04410219
9 23 13 197251 0.12894034 0.02445865 0.94628572
9 23 13 247839  0.05063677 -0.1494832   1.04427981
9 23 13 297116 0.11945558 0.02059722 0.94780207
9 23 13 346422  0.04795933 -0.16899061  1.04886842
9 23 13 396963 0.12249947 0.01636767 0.94386697
9 23 13 446186  0.04730892 -0.16240454  1.04982615
9 23 13 498647 0.12146211 0.01342058 0.94829273
9 23 13 546657  0.05041862 -0.16755962  1.05954337
9 23 13 594231 0.12622309 0.00523829 0.93722177
9 23 13 646074  0.04358459 -0.16576481  1.05728221
9 23 13 699836 0.13132739 0.0133059  0.93902302
9 23 13 746855  0.04789114 -0.16338873  1.06508875
9 23 13 795841 0.1280129  0.00574183 0.93864465
9 23 13 847050  0.04687834 -0.16614294  1.05990338
9 23 13 896951 0.13679934 0.01177096 0.93684387
9 23 13 945515  0.05407929 -0.16588306  1.06547117
9 23 13 998056  0.12916446 -0.00209022  0.92898774
9 23 14 49871  0.05377436 -0.16132832  1.05826259
9 23 14 98374 0.14207172 0.00251913 0.92633367
9 23 14 145874  0.05350351 -0.16813731  1.06126785
9 23 14 194275  0.12819123 -0.01096082  0.92062211
9 23 14 245566  0.05444622 -0.15501094  1.05239725
9 23 14 295417 0.14460492 0.01257873 0.91725159
9 23 14 346748  0.0540154  -0.16456842  1.06294465
9 23 14 396378  0.13355827 -0.00628948  0.91792417
9 23 14 447342  0.05854845 -0.14570332  1.05577469
9 23 14 500255 0.14770412 0.01041126 0.90774393
9 23 14 545579  0.05391645 -0.15254974  1.06676388
9 23 14 598659  0.13360834 -0.00705051  0.91370678
9 23 14 647157  0.05902147 -0.14120936  1.05546427
9 23 14 698870 0.14344621 0.01060343 0.89979649
9 23 14 747483  0.05611658 -0.14897013  1.05366874
9 23 14 796220  0.12709451 -0.01147842  0.90176487
9 23 14 851101  0.0536015  -0.13420081  1.04656434
9 23 14 895911  0.13539934 -0.00264859  0.89817476
9 23 14 948152  0.05314827 -0.13991547  1.05157518
9 23 14 997367  0.04690838 -0.89117217  0.67597866
9 23 15 57145  0.14153743 -0.01052284  0.8973372 
9 23 15 93247  2.29358673e-04 -5.94296694e-01  8.01015615e-01
9 23 15 144993  0.13622499 -0.02032471  0.44099665
9 23 15 197388  0.0641942  -0.13743186  1.0504446 
9 23 15 245837 -8.24999809e-03  1.07275248e-01  7.22408295e-05
9 23 15 297840  0.09438634 -0.12478018  0.99097562
9 23 15 346961 0.15292263 0.05349827 0.94851708
9 23 15 393285  0.09053755 -0.1277926   0.9861412 
9 23 15 444989 0.15428996 0.05901337 0.94596195
9 23 15 498904  0.09035087 -0.11437273  0.99339223
9 23 15 546334 0.1586628  0.05712533 0.95564485
9 23 15 595645  0.09220767 -0.11739016  0.98301649
9 23 15 647388 0.15981722 0.06548452 0.94721031
9 23 15 696504  0.10643172 -0.11388803  0.99331355
9 23 15 744953 0.15765858 0.04972601 0.95322466
9 23 15 799471  0.08605838 -0.12738323  0.9924171 
9 23 15 846130 0.16687727 0.05880094 0.94841433
9 23 15 897763  0.10005164 -0.11933017  0.98714304
9 23 15 954899 0.14842248 0.04987669 0.95658183
9 23 16 1960  0.09260249 -0.12522936  0.99081326
9 23 16 52625 0.16781259 0.07473207 0.94761372
9 23 16 94985  0.08317947 -0.11947131  0.98908854
9 23 16 146006 0.16028285 0.04088593 0.96072745
9 23 16 197730  0.09275413 -0.11659002  0.98591733
9 23 16 246997 0.15606546 0.05900669 0.9520371 
9 23 16 301802  0.09247446 -0.12634063  0.99208188
9 23 16 362414 0.15681148 0.05554295 0.95817018
9 23 16 414461  0.08844495 -0.1336813   0.98531628
9 23 16 460967 0.15704799 0.0507021  0.96298075
9 23 16 506552  0.09794331 -0.12398648  0.99121571
9 23 16 547774 0.15683818 0.05298567 0.96744442
9 23 16 595047  0.08421445 -0.13014603  0.99053001
9 23 16 645936 0.16251278 0.05463171 0.96925163
9 23 16 695263  0.10097432 -0.10956264  0.99462605
9 23 16 746658 0.14011812 0.05806613 0.97918868
9 23 16 795831  0.08743024 -0.12580276  0.99313331
9 23 16 849528 0.15953398 0.06044912 0.97421885
9 23 16 896642  0.08659554 -0.12069488  0.9931438 
9 23 16 945817 0.15228248 0.04478097 0.98867226
9 23 16 997505  0.07427001 -0.13140774  1.00088692
9 23 17 49135 0.14556217 0.05517197 0.99338961
9 23 17 98292  0.09171224 -0.12023306  1.00541687
9 23 17 146118 0.14447546 0.0471766  1.00192499
9 23 17 194169  0.07856011 -0.13730383  1.00916052
9 23 17 246687 0.14095259 0.04785013 1.00158739
9 23 17 294912  0.09385896 -0.11881828  0.99361801
9 23 17 346672 0.15248108 0.05861521 1.00157642
9 23 17 395879  0.08089375 -0.11849904  1.01043248
9 23 17 447374 0.14644623 0.06091833 1.01725364
9 23 17 497191  0.07976699 -0.1153686   1.00511527
9 23 17 550217 0.14998341 0.04092956 1.00650501
9 23 17 598043  0.08365488 -0.12422276  0.99934101
9 23 17 646493 0.12820387 0.04831171 1.02312422
9 23 17 698477  0.09102106 -0.1033051   0.99729514
9 23 17 747787 0.14433765 0.05856991 1.01110291
9 23 17 794136  0.08130121 -0.12525034  1.00794578
9 23 17 846934 0.14597917 0.04839134 1.0272131 
9 23 17 895214  0.07877135 -0.11628723  1.01122594
9 23 17 946567 0.14566922 0.04181337 1.03279805
9 23 17 997559  0.07731104 -0.12502766  1.00804925
9 23 18 58258 0.12921119 0.0432651  1.028584  
9 23 18 93320  0.09106302 -0.12691021  0.99730492
9 23 18 144514 0.14050698 0.03347278 1.026757  
9 23 18 197987  0.07066655 -0.12631106  0.9945991 
9 23 18 246592 0.13393068 0.02572274 1.02977729
9 23 18 298462  0.08284783 -0.12551594  1.00080609
9 23 18 354100 0.13695073 0.0322814  1.03257084
9 23 18 419267  0.07901645 -0.12247229  0.9999373 
9 23 18 463379 0.12315035 0.01885152 1.03742743
9 23 18 515088  0.0872674  -0.12333798  0.99838209
9 23 18 562393 0.13203478 0.02235246 1.03842568
9 23 18 612651  0.0798955  -0.12135148  1.00082827
9 23 18 663719 0.12792468 0.01726747 1.03999734
9 23 18 722858  0.08878493 -0.12106061  1.00315118
9 23 18 772236 0.13125372 0.02545357 1.04555273
9 23 18 818104  0.08810759 -0.11857128  1.00080419
9 23 18 854868 0.1334722  0.01855707 1.04781318
9 23 18 898100  0.07868958 -0.11784124  1.00282812
9 23 18 947385 0.12963033 0.00721335 1.04630065
9 23 19 8708  0.08001208 -0.11776328  0.99450397
9 23 19 76073 0.12339783 0.01018929 1.04759192
9 23 19 109914  0.07489085 -0.12592316  0.99827003
9 23 19 164418 0.12799382 0.00966334 1.04552078
9 23 19 196241  0.08225107 -0.11393881  0.98195314
9 23 19 246546  0.11700726 -0.00872827  1.05183578
9 23 19 296763  0.0818007  -0.11461997  0.99616146
9 23 19 346724 0.12395644 0.00235343 1.05584216
9 23 19 396478  0.07938313 -0.11249352  0.99018335
9 23 19 445909  0.11757827 -0.01083088  1.05939484
9 23 19 499355  0.08436227 -0.10558605  0.98784971
9 23 19 546394  0.10883594 -0.02745605  1.06293488
9 23 19 594644  0.0874157  -0.11859775  0.98527098
9 23 19 647484  0.10980248 -0.008991    1.05757427
9 23 19 695501  0.08071685 -0.10172272  0.98146391
9 23 19 746826  0.10525441 -0.02689481  1.05815029
9 23 19 795933  0.08696866 -0.101897    0.97706866
9 23 19 847745  0.11266661 -0.01526141  1.06111717
9 23 19 897302  0.08100533 -0.09825778  0.97861838
9 23 19 947264  0.10870576 -0.04664063  1.06816816
9 23 19 998714  0.09784794 -0.09156942  0.96839023
9 23 20 49820  0.09546399 -0.03959966  1.06257081
9 23 20 100588  0.09845352 -0.08409119  0.96853518
9 23 20 146771  0.10745811 -0.04375839  1.06483698
9 23 20 194391  0.0952282  -0.07465267  0.95202446
9 23 20 245831  0.10295129 -0.0587678   1.06115484
9 23 20 294455  0.10443115 -0.06504989  0.95711708
9 23 20 346719  0.08645177 -0.07014203  1.06629968
9 23 20 395057  0.10202503 -0.06918359  0.95020199
9 23 20 447065  0.09689498 -0.06591296  1.05639458
9 23 20 495980  0.09934425 -0.06012774  0.95716858
9 23 20 544966  0.0906868  -0.06784248  1.07345605
9 23 20 597600  0.10486197 -0.05113053  0.95221925
9 23 20 645911  0.09205818 -0.06818604  1.06638145
9 23 20 699421  0.116822   -0.03985214  0.94711781
9 23 20 747832  0.08874822 -0.07184958  1.07714987
9 23 20 795043  0.11416459 -0.04939008  0.94947338
9 23 20 845311  0.08962154 -0.08015966  1.06635904
9 23 20 894684  0.12264347 -0.034199    0.93731618
9 23 20 946231  0.08579659 -0.09344292  1.06462526
9 23 20 997646  0.1223557  -0.06104517  0.9386332 
9 23 21 56239  0.0860393  -0.09657145  1.0606153 
9 23 21 93155  0.07815266 -1.2503953  -0.9958334 
9 23 21 143646  0.12580085 -0.03735638  0.93482494
9 23 21 195548 3.43322754e-04 2.80869722e-01 1.30103350e+00
9 23 21 246131  0.12625718 -0.0199585   0.83177853
9 23 21 298115  0.08281565 -0.10786319  1.06976509
9 23 21 346830 -0.01345134  0.07366228  0.01560378
9 23 21 394467  0.09263039 -0.02919316  1.05559421
9 23 21 445953  0.106987   -0.03137159  0.93705368
9 23 21 496953  0.08762765 -0.04100442  1.07229805
9 23 21 546407  0.10949826 -0.03031731  0.93483925
9 23 21 596480  0.08927011 -0.02580619  1.06149626
9 23 21 648908  0.10936713 -0.03087354  0.93410444
9 23 21 700046  0.08643866 -0.04836917  1.067307  
9 23 21 745458  0.10322905 -0.03648543  0.93341851
9 23 21 799290  0.09205699 -0.04080772  1.06415653
9 23 21 846616  0.11417484 -0.02276015  0.93413448
9 23 21 898042  0.09187722 -0.05169916  1.07803249
9 23 21 947542  0.11594391 -0.02725029  0.93555427
9 23 21 997607  0.08601046 -0.05444598  1.07734346
9 23 22 53488  0.12206602 -0.01732183  0.92942548
9 23 22 95503  0.08716297 -0.05562091  1.0801549 
9 23 22 148295  0.11715245 -0.02445602  0.93104577
9 23 22 197672  0.0732708  -0.06662703  1.07580757
9 23 22 249011  0.11622548 -0.00677156  0.92529869
9 23 22 298017  0.08589244 -0.0584836   1.07880473
9 23 22 345615  0.11493254 -0.02309036  0.93275809
9 23 22 397201  0.07113218 -0.07349563  1.07809901
9 23 22 447146  0.12791967 -0.00559473  0.92617488
9 23 22 498233  0.07696438 -0.07398582  1.08520627
9 23 22 546438  0.11185789 -0.01607299  0.93082333
9 23 22 596183  0.0668788  -0.08465266  1.08163309
9 23 22 645718 1.24450684e-01 6.99043274e-04 9.25589561e-01
9 23 22 695706  0.07033086 -0.07274055  1.07959008
9 23 22 748240  0.12201309 -0.00776958  0.92053747
9 23 22 795849  0.06849742 -0.09237289  1.0741322 
9 23 22 847169  1.21007204e-01 -4.98056412e-04  9.16591167e-01
9 23 22 895719  0.07861876 -0.07573247  1.07248068
9 23 22 945476  0.12650871 -0.00298858  0.92548656
9 23 22 998251  0.05866313 -0.0951736   1.07859635
9 23 23 49211 0.12519813 0.00537062 0.92405963
9 23 23 97821  0.0740428  -0.0774889   1.07549047
9 23 23 145990 0.12238812 0.00274134 0.9193778 
9 23 23 193695  0.06058621 -0.10419273  1.07296157
9 23 23 246253 0.13225746 0.01262379 0.9144156 
9 23 23 294534  0.07204795 -0.09211993  1.0822227 
9 23 23 346991 0.12728214 0.00773883 0.92594767
9 23 23 395402  0.05874228 -0.10313821  1.08217025
9 23 23 446807 0.12368107 0.01639676 0.92464852
9 23 23 500003  0.08090591 -0.09209013  1.07932949
9 23 23 545272 0.13137364 0.01629353 0.92064023
9 23 23 597284  0.05321288 -0.10997677  1.07651854
9 23 23 648321 0.12828279 0.01547289 0.91543102
9 23 23 700481  0.07607698 -0.09323335  1.07352567
9 23 23 749120 0.13203239 0.0198338  0.92459202
9 23 23 796114  0.06330848 -0.10970283  1.0815475 
9 23 23 845553 0.13712597 0.02689576 0.92305064
9 23 23 895262  0.07228327 -0.10503292  1.07284069
9 23 23 946594 0.13720107 0.02464199 0.92164516
9 23 23 995750  0.06605983 -0.11247516  1.07850385
9 23 24 57389 0.13034296 0.02969003 0.92690492
9 23 24 94113  0.06874013 -0.10933685  1.07018423
9 23 24 144237 0.13540649 0.02630472 0.91771317
9 23 24 197467  0.06041718 -0.12121987  1.07126999
9 23 24 246496 0.12930083 0.01489878 0.93097544
9 23 24 298243  0.07130837 -0.11913395  1.07861257
9 23 24 347199 0.13143468 0.01903582 0.93006873
9 23 24 393911  0.05589843 -0.13257074  1.08289337
9 23 24 445567 0.14301801 0.01711154 0.93441558
9 23 24 494710  0.07043552 -0.12729621  1.07482147
9 23 24 546436 0.13338447 0.01003981 0.92804074
9 23 24 596220  0.0643754  -0.13388848  1.08109021
9 23 24 647153 0.13490963 0.00296092 0.94040155
9 23 24 696712  0.07302427 -0.12826085  1.08895183
9 23 24 746937 0.13897586 0.0175097  0.93356252
9 23 24 797508  0.0621736  -0.13332844  1.08087206
9 23 24 846205 0.13958192 0.01542163 0.93779373
9 23 24 901604  0.06566596 -0.12751222  1.07900667
9 23 24 949242 0.12931037 0.01464915 0.92922211
9 23 24 994702  0.06796503 -0.11905408  1.07262731
9 23 25 54321 0.13700843 0.02630806 0.93880749
9 23 25 94830  0.05948019 -0.11968946  1.07810473
9 23 25 148068 0.13646603 0.02824998 0.93609667
9 23 25 197187  0.05989265 -0.11664057  1.0663693 
9 23 25 247332 0.13048863 0.01916218 0.93631101
9 23 25 296850  0.06581521 -0.12497377  1.07077718
9 23 25 346158 0.13899422 0.02489018 0.93504977
9 23 25 397696  0.05497789 -0.12912369  1.06789684
9 23 25 446826 0.1378541  0.01652765 0.94176698
9 23 25 498468  0.05886841 -0.13400912  1.07586145
9 23 25 546772 0.13498926 0.01563454 0.93463778
9 23 25 594359  0.06338882 -0.11929107  1.06490135
9 23 25 645779 0.13641572 0.02167034 0.92920113
9 23 25 695784  0.06325483 -0.12487149  1.06846952
9 23 25 753564 0.14916444 0.02139616 0.91794467
9 23 25 804467  0.06839848 -0.11793637  1.05965447
9 23 25 849226 0.14023876 0.01110888 0.92497706
9 23 25 896630  0.06436658 -0.12696075  1.06237817
9 23 25 947640 0.14583874 0.00799823 0.91593099
9 23 25 997543  0.07504272 -0.11493397  1.05107832
9 23 26 49752 0.1391716  0.0169208  0.92064619
9 23 26 98254  0.0613153  -0.13263202  1.06195474
9 23 26 147219 0.14325619 0.0077014  0.91573429
9 23 26 194236  0.05691099 -0.1313529   1.05725527
9 23 26 245836 0.15029359 0.00415754 0.91943836
9 23 26 295447  0.06555247 -0.14906192  1.06154561
9 23 26 347284  0.13430905 -0.01305509  0.9196291 
9 23 26 395600  0.07254338 -0.14535403  1.05320072
9 23 26 447510  0.15079451 -0.0039947   0.91523647
9 23 26 497398  0.05713654 -0.15196705  1.06370425
9 23 26 546353 0.14641976 0.00267649 0.91829872
9 23 26 597130  0.06455255 -0.13881946  1.05966091
9 23 26 645793 0.14895797 0.00348258 0.91956782
9 23 26 700825  0.05820704 -0.13999104  1.07250619
9 23 26 746599 0.1406877  0.00563049 0.91489148
9 23 26 793445  0.0585258  -0.14585423  1.05916595
9 23 26 845717 0.14384031 0.0039165  0.91503   
9 23 26 895837  0.06259513 -0.1372261   1.06688857
9 23 26 947948 0.13751864 0.00118423 0.91143656
9 23 26 995527  0.06036568 -0.13738394  1.05498505
9 23 27 57933 0.14212966 0.01423597 0.91461515
9 23 27 93924  0.06270242 -0.12636471  1.06950164
9 23 27 144657 0.1324091  0.00734115 0.91568351
9 23 27 200850  0.12505698 -0.79680872  1.14421415
9 23 27 246895  0.05050206 -0.13086224  1.06631184
9 23 27 299666  5.26905060e-04 -9.06245947e-01  9.73255634e-02
9 23 27 349028  0.05727601 -0.1328125   0.00413942
9 23 27 395270 0.12640023 0.0162046  0.92213011
9 23 27 446332 -0.01507545  0.06825066  0.00011015
9 23 27 497666  0.06024551 -0.22473764  1.02332091
9 23 27 546488  0.13331914 -0.03690791  0.97299433
9 23 27 596866  0.04785109 -0.21266508  1.02658033
9 23 27 647628  0.15469027 -0.02412891  0.95558071
9 23 27 698884  0.06114125 -0.21056914  1.03903937
9 23 27 746454  0.1461246  -0.02005696  0.95720267
9 23 27 798401  0.05174279 -0.20410752  1.04379249
9 23 27 847524  0.1673224  -0.016078    0.94241691
9 23 27 898560  0.05623841 -0.18266249  1.05221009
9 23 27 947235  0.14736605 -0.02379107  0.94671369
9 23 27 994983  0.04625559 -0.18145108  1.05981946
9 23 28 52099  0.15761971 -0.02202773  0.94000578
9 23 28 95052  0.04462624 -0.16682005  1.07466841
9 23 28 148501  0.14062691 -0.02511239  0.93818212
9 23 28 195492  0.05049467 -0.15372133  1.05749798
9 23 28 246882  0.14652252 -0.02810788  0.93403816
9 23 28 297042  0.05745029 -0.13571095  1.07813263
9 23 28 346875  0.14123964 -0.0358119   0.92958641
9 23 28 396672  0.04711056 -0.13604212  1.07950568
9 23 28 448148  0.15199304 -0.03978229  0.92344999
9 23 28 498321  0.05165029 -0.12848759  1.08309078
9 23 28 546304  0.14826131 -0.05840302  0.93080306
9 23 28 593949  0.05740166 -0.11097741  1.07850885
9 23 28 645876  0.14361262 -0.05147123  0.9264307 
9 23 28 695599  0.07849264 -0.0874083   1.07691526
9 23 28 748142  0.13231874 -0.05549812  0.9352262 
9 23 28 797609  0.06368613 -0.07729697  1.08016062
9 23 28 847294  0.14738297 -0.0507791   0.9320426 
9 23 28 897180  0.08389974 -0.06268477  1.07831073
9 23 28 946393  0.13424706 -0.08166122  0.94057608
9 23 28 998761  0.08262372 -0.06245232  1.06939316
9 23 29 50478  0.13740039 -0.08932424  0.93793821
9 23 29 98162  0.10589719 -0.05417252  1.06864882
9 23 29 148382  0.12108779 -0.11000371  0.94662857
9 23 29 194190  0.0970602  -0.0504849   1.05374432
9 23 29 245835  0.12525201 -0.10918379  0.94520307
9 23 29 297177  0.12162685 -0.03065205  1.04761553
9 23 29 348623  0.11795616 -0.12432361  0.94733119
9 23 29 394902  0.11087608 -0.04115748  1.0380466 
9 23 29 447082  0.12851667 -0.13286304  0.95118165
9 23 29 496479  0.13381481 -0.02502823  1.02644444
9 23 29 544919  0.10207486 -0.15616894  0.95439959
9 23 29 597459  0.13492966 -0.02660799  1.01502252
9 23 29 646626  0.11553264 -0.1673944   0.970469  
9 23 29 698741  0.12900877 -0.01553226  1.01435351
9 23 29 747416  0.08285594 -0.17109823  0.97637534
9 23 29 793517  0.14185619 -0.00668502  0.99743986
9 23 29 846417  0.09344363 -0.18175673  0.98820305
9 23 29 895479  0.13325167 -0.00380087  0.99391007
9 23 29 946337  0.0713985  -0.18663096  1.00171018
9 23 29 996391 0.1450851  0.00442123 0.98295546
9 23 30 57493  0.07990813 -0.1954937   1.00583291
9 23 30 94390 0.14148593 0.00146985 0.97852802
9 23 30 146098  0.08116865 -0.18544388  1.01791525
9 23 30 198340 0.15466428 0.01044154 0.97332764
9 23 30 247148  0.07311368 -0.20501161  1.02128291
9 23 30 298167  0.15169048 -0.00174117  0.96172214
9 23 30 347046  0.06910825 -0.19213128  1.01508904
9 23 30 397852  0.14225698 -0.00825667  0.95455241
9 23 30 445360  0.06729412 -0.20059299  1.03102851
9 23 30 496555  0.1527319  -0.00505495  0.94760275
9 23 30 548089  0.05641603 -0.180583    1.03690767
9 23 30 596258  0.15605283 -0.00930166  0.94556403
9 23 30 648024  0.06577969 -0.18431926  1.05457354
9 23 30 697907  0.16317725 -0.00166845  0.93951941
9 23 30 748506  0.05819488 -0.16846347  1.0604074 
9 23 30 798621  0.16668248 -0.01960993  0.94251895
9 23 30 849687  0.06989288 -0.15960479  1.06725907
9 23 30 900034  0.16430664 -0.01435399  0.93080997
9 23 30 948797  0.06478691 -0.14107156  1.06520295
9 23 30 994434  0.16108799 -0.02135587  0.93643308
9 23 31 56021  0.07601023 -0.12594509  1.07368994
9 23 31 98461  0.14853311 -0.02946019  0.92149639
9 23 31 149240  0.06335092 -0.11796546  1.06571531
9 23 31 199609  0.15491223 -0.04501247  0.92962646
9 23 31 246891  0.06720114 -0.11613679  1.06669569
9 23 31 299054  0.14229321 -0.06058073  0.9177649 
9 23 31 348967  0.0723176  -0.10238886  1.06378007
9 23 31 398920  0.14687395 -0.07255769  0.93618059
9 23 31 447151  0.08210588 -0.08223295  1.07059431
9 23 31 498948  0.13197088 -0.07702732  0.92874074
9 23 31 549517  0.07775211 -0.07841635  1.05474472
9 23 31 595067  0.14971042 -0.09874892  0.92819858
9 23 31 645572  0.07865644 -0.07871604  1.05860329
9 23 31 695410  0.11675262 -0.10580111  0.93751311
9 23 31 747166  0.09677505 -0.06839943  1.05194831
9 23 31 796485  0.12590289 -0.12279463  0.9501636 
9 23 31 847849  0.09793639 -0.05811405  1.04854131
9 23 31 897493  0.10751557 -0.13979387  0.94678068
9 23 31 946777  0.10651374 -0.04772425  1.03088999
9 23 32 3368  0.10754395 -0.14419174  0.95588875
9 23 32 62634  0.11008739 -0.03653598  1.02910495
9 23 32 122253  0.10312033 -0.1595962   0.9497242 
9 23 32 165935  0.13286543 -0.01573634  1.01752043
9 23 32 211188  0.10879588 -0.1544745   0.96668744
9 23 32 264851  0.12253881 -0.01846671  1.02144885
9 23 32 309962  0.09997749 -0.15847492  0.96426463
9 23 32 363565 0.14271235 0.00185251 0.99260473
9 23 32 416552  0.09536314 -0.16211748  0.97010803
9 23 32 463780 1.31365538e-01 3.15666199e-04 9.90441322e-01
9 23 32 519151  0.08074021 -0.17542315  0.97065139
9 23 32 572620 0.15325141 0.01783371 0.97700191
9 23 32 614501  0.08728814 -0.17494774  0.98765945
9 23 32 669442 0.13730693 0.0146811  0.98561406
9 23 32 719630  0.07778001 -0.185462    0.99650598
9 23 32 763811 0.15971065 0.02251363 0.97028065
9 23 32 815213  0.07556033 -0.18603396  1.01265264
9 23 32 861058 0.15011096 0.00510335 0.97273302
9 23 32 907155  0.07209015 -0.18566751  1.01877832
9 23 32 946983 0.15322804 0.00678492 0.9526825 
9 23 32 996041  0.06816697 -0.17865062  1.02525759
9 23 33 58605 0.16678476 0.00340939 0.95348024
9 23 33 110811  0.05889368 -0.18031836  1.03633404
9 23 33 163456 0.16965532 0.01037693 0.94298196
9 23 33 219019  0.07659888 -0.16678905  1.04920268
9 23 33 247245  0.16710305 -0.01702237  0.9515748 
9 23 33 299774  0.15630221 -1.95320582 -0.34010792
9 23 33 347507  0.06733942 -0.16188717  1.05491567
9 23 33 393747  6.44207001e-04 -1.56261921e+00  9.56797838e-01
9 23 33 445452  0.04300094 -0.1652832  -0.51144767
9 23 33 495163  0.17076516 -0.03126574  0.92784309
9 23 33 546165 -1.02972984e-02  9.11593437e-02  8.70227814e-05
9 23 33 597091  0.09864974 -0.16325116  0.98284626
9 23 33 648338 0.15785003 0.01570868 0.97327805
9 23 33 699077  0.09120131 -0.15902376  0.97973323
9 23 33 746126 0.15083551 0.01833725 0.9663384 
9 23 33 797689  0.09480214 -0.15769053  0.98835325
9 23 33 846386 0.15959549 0.03975081 0.97069097
9 23 33 898341  0.0797472  -0.16026354  0.98088646
9 23 33 948506 0.14723468 0.0242331  0.97391486
9 23 33 996583  0.09543371 -0.13852525  0.98564172
9 23 34 54264 0.15508318 0.04588771 0.97841096
9 23 34 95609  0.08586669 -0.15971184  0.99527955
9 23 34 146075 0.14985847 0.03272748 0.98721266
9 23 34 203729  0.08588171 -0.13537669  0.99717712
9 23 34 256634 0.15810108 0.04369545 0.98105407
9 23 34 326914  0.07736969 -0.1440897   0.99245   
9 23 34 377542 0.14776158 0.04138207 0.98325729
9 23 34 413714  0.09613466 -0.12834907  0.99145985
9 23 34 465934 0.15147305 0.04719114 0.98331356
9 23 34 524387  0.08563328 -0.14957285  0.99488449
9 23 34 574577 0.16141391 0.03997231 0.98206496
9 23 34 617517  0.09821463 -0.13751316  0.99719501
9 23 34 662323 0.15959907 0.03956008 0.9792726 
9 23 34 713169  0.09167552 -0.14225221  1.00079966
9 23 34 757075 0.15861487 0.04813743 0.97645545
9 23 34 819492  0.08841777 -0.13689709  0.9946301 
9 23 34 857164 0.16093254 0.04942465 0.97454286
9 23 34 919209  0.08771324 -0.14330149  1.00712729
9 23 34 966052 0.15567851 0.05152464 0.98839903
9 23 35 15184  0.090523   -0.13163114  1.01414013
9 23 35 62126 0.16305876 0.04494691 0.99027681
9 23 35 119258  0.08292937 -0.13496995  1.01270962
9 23 35 167220 0.14711714 0.03753781 0.9767189 
9 23 35 215003  0.09131241 -0.13737488  1.01289678
9 23 35 274521 0.15147567 0.05629492 0.97546864
9 23 35 318238  0.07988167 -0.13605905  1.01609516
9 23 35 360721 0.1614325  0.0594449  0.97800756
9 23 35 416058  0.07828951 -0.14059448  1.01816559
9 23 35 459393 0.15548992 0.03866458 0.98154211
9 23 35 497141  0.07653069 -0.14290071  1.02767372
9 23 35 546696 0.15300703 0.04398537 0.9785316 
9 23 35 598607  0.08340693 -0.15515494  1.02107716
9 23 35 649623 0.15140891 0.03018332 0.97853541
9 23 35 699400  0.07597589 -0.15511489  1.02209473
9 23 35 747596 0.13447809 0.02609062 0.98406887
9 23 35 794574  0.07680273 -0.16923785  1.02711368
9 23 35 846005 0.13744903 0.01132941 0.97149825
9 23 35 895572  0.06761527 -0.16872215  1.02188849
9 23 35 946847 0.14299965 0.03145838 0.96884489
9 23 35 996010  0.07497311 -0.17507172  1.02615666
9 23 36 57280 0.13647699 0.01999688 0.97599578
9 23 36 93312  0.06907368 -0.16066599  1.02236319
9 23 36 145140 0.15065813 0.02934289 0.97577739
9 23 36 198317  0.0784595  -0.16619945  1.01946068
9 23 36 246866 0.14239168 0.02333069 0.98175621
9 23 36 298904  0.08686423 -0.15682793  1.02441573
9 23 36 347600 0.14714432 0.03146577 0.97766781
9 23 36 394961  0.0752914  -0.15819216  1.02880478
9 23 36 447153 0.14566398 0.03214335 0.98131275
9 23 36 496682  0.07475638 -0.14467454  1.02936816
9 23 36 547393 0.13716197 0.04332042 0.98197937
9 23 36 599497  0.06804109 -0.15734386  1.03401423
9 23 36 647786 0.15012574 0.04627299 0.97844648
9 23 36 699858  0.06669831 -0.15199566  1.02748585
9 23 36 745622 0.13963866 0.03602934 0.983778  
9 23 36 798184  0.07592607 -0.15781879  1.03800941
9 23 36 846545 0.14005971 0.03605032 0.97890401
9 23 36 902232  0.0721786  -0.15543175  1.03156161
9 23 36 947070 0.14590645 0.03441405 0.9731946 
9 23 37 7641  0.07398343 -0.16080284  1.03168988
9 23 37 75768 0.14746785 0.03328586 0.96881437
9 23 37 118072  0.06876969 -0.15902996  1.02482533
9 23 37 165912 0.14727569 0.03703642 0.96511698
9 23 37 220284  0.0827322  -0.15853     1.03144002
9 23 37 279453 0.13906074 0.03027558 0.97046566
9 23 37 321696  0.07468057 -0.15608454  1.02596855
9 23 37 360402 0.15111017 0.04215622 0.96556807
9 23 37 419965  0.07560086 -0.15505242  1.03321838
9 23 37 466958 0.14344978 0.04267788 0.96272826
9 23 37 518948  0.08162284 -0.15524888  1.02582383
9 23 37 572155 0.15218854 0.03753996 0.95950127
9 23 37 613304  0.07128978 -0.15833688  1.03032994
9 23 37 655485 0.14770412 0.01686144 0.95826483
9 23 37 694736  0.07957101 -0.16967297  1.0269053 
9 23 37 747920 0.14029312 0.0288291  0.95689273
9 23 37 798013  0.07343817 -0.17083931  1.03489041
9 23 37 846979 0.14382529 0.02598    0.96090508
9 23 37 897130  0.07328987 -0.16552925  1.03202415
9 23 37 949397 0.15044999 0.04405451 0.95401907
9 23 37 999238  0.06612086 -0.15983224  1.0365274 
9 23 38 49631 0.13334346 0.03072095 0.96213317
9 23 38 98792  0.07694674 -0.16201162  1.03013682
9 23 38 146130 0.14364815 0.02554798 0.95236468
9 23 38 193777  0.07222867 -0.16669989  1.03477669
9 23 38 246254 0.14609528 0.01544452 0.95552206
9 23 38 295169  0.06732917 -0.17704773  1.0287323 
9 23 38 349134 0.14602232 0.03380775 0.94086862
9 23 38 397253  0.06746674 -0.16672873  1.0265491 
9 23 38 446979 0.13715625 0.01549768 0.95048714
9 23 38 497695  0.0699842  -0.17375612  1.03503346
9 23 38 546445 0.14724302 0.03853226 0.94077611
9 23 38 598012  0.07021523 -0.1672678   1.0319047 
9 23 38 646543 0.1397326  0.01609325 0.94765878
9 23 38 698250  0.0751915  -0.16730571  1.02908707
9 23 38 748969 0.14829969 0.0350101  0.94109893
9 23 38 794167  0.07693911 -0.15201712  1.03438592
9 23 38 845758 0.15013885 0.03395772 0.93997836
9 23 38 894936  0.06772757 -0.16485715  1.02838326
9 23 38 947603 0.15516615 0.03538227 0.93792605
9 23 38 995978  0.08245993 -0.14888048  1.03776073
9 23 39 56638 0.14446974 0.02807021 0.94398689
9 23 39 94213  0.06953788 -0.1665597   1.03458548
9 23 39 144869 0.14514279 0.02789259 0.93860173
9 23 39 197969  0.08006263 -0.15569949  1.03213406
9 23 39 246306 0.13923168 0.02565956 0.94123435
9 23 39 301839 0.14066744 1.28137207 0.97240424
9 23 39 348419  0.07250547 -0.15492964  1.03930068
9 23 39 395078  5.68389893e-04 -3.74906301e-01 -1.01195288e+00
9 23 39 446489  0.06574893 -0.16223145 -0.76154876
9 23 39 496019 0.14483023 0.04242945 0.93924689
9 23 39 546524 -1.34565830e-02  5.80267906e-02  5.65052032e-05
9 23 39 600012 0.11169887 0.00950575 1.01762652
9 23 39 648060  0.0739994  -0.15857911  0.99327421
9 23 39 697072 0.10362196 0.00930166 1.01804352
9 23 39 745101  0.08069277 -0.14037204  0.98767304
9 23 39 797022  0.09421492 -0.00254416  1.02076459
9 23 39 846397  0.06617737 -0.15303206  0.98602462
9 23 39 898170  0.10295582 -0.0046134   1.01351881
9 23 39 948149  0.06962204 -0.14117479  0.98449159
9 23 39 994881 0.1058538  0.00599742 1.02573633
9 23 40 53289  0.07308602 -0.13819742  0.9776783 
9 23 40 96517 0.09553671 0.00164866 1.024261  
9 23 40 145946  0.09263706 -0.12335491  0.97187066
9 23 40 197479 0.10453463 0.01288509 1.02944875
9 23 40 248169  0.08415675 -0.13371301  0.97212481
9 23 40 296924 0.1024363  0.003232   1.02405357
9 23 40 345862  0.07949758 -0.11519074  0.96907568
9 23 40 397999 0.11033416 0.02032447 1.02309275
9 23 40 446235  0.07829237 -0.1255331   0.96588349
9 23 40 498865  0.09141088 -0.00367403  1.02308369
9 23 40 547339  0.08695602 -0.11782408  0.95531726
9 23 40 595272 0.0952332  0.00122309 1.03046227
9 23 40 646720  0.07329035 -0.13235164  0.96212578
9 23 40 696089 9.92836952e-02 3.85046005e-04 1.03610229e+00
9 23 40 749360  0.08327389 -0.11093378  0.96180701
9 23 40 796723 0.09208107 0.00132847 1.04591131
9 23 40 847176  0.08902431 -0.11235356  0.95863342
9 23 40 896547  0.09066916 -0.00246239  1.03665566
9 23 40 945787  0.09292722 -0.09865189  0.95812416
9 23 40 998297 0.11275578 0.00738382 1.03676033
9 23 41 50267  0.08766127 -0.10191178  0.95054984
9 23 41 98418  0.09090662 -0.02040339  1.03485632
9 23 41 146263  0.093467   -0.09851217  0.95267582
9 23 41 213680  0.10189176 -0.00465417  1.03388762
9 23 41 263716  0.09099078 -0.11212277  0.94971848
9 23 41 294764  0.09088922 -0.01361346  1.0394218 
9 23 41 346492  0.1022017  -0.08702707  0.94842243
9 23 41 395585  0.10042214 -0.01864791  1.04789495
9 23 41 448713  0.09383225 -0.09076667  0.94860148
9 23 41 498951  0.09248471 -0.0170362   1.03968883
9 23 41 547223  0.09183216 -0.07623076  0.94359636
9 23 41 598606  0.10267639 -0.00316215  1.04616117
9 23 41 648125  0.10483241 -0.05642033  0.93519831
9 23 41 699381  0.07618499 -0.03372908  1.04763579
9 23 41 756197  0.10578895 -0.06864643  0.93570518
9 23 41 819672  0.09693766 -0.02280545  1.04961181
9 23 41 870794  0.09841752 -0.06312704  0.93828487
9 23 41 917171  0.08265281 -0.05287719  1.05540466
9 23 41 960977  0.11091852 -0.04669452  0.92966294
9 23 42 17175  0.08606458 -0.04230833  1.0473206 
9 23 42 80229  0.11077857 -0.04572463  0.92329311
9 23 42 132131  0.07530117 -0.05073261  1.05860782
9 23 42 178680  0.10949206 -0.0354898   0.92577934
9 23 42 201217  0.07482243 -0.0631094   1.0687151 
9 23 42 247056  0.11689663 -0.02615786  0.91734719
9 23 42 298725  0.0576601  -0.07247496  1.07403874
9 23 42 349027  0.11918783 -0.03027368  0.91700888
9 23 42 395774  0.07017493 -0.07029033  1.07431746
9 23 42 446399  0.11695027 -0.01285863  0.91236329
9 23 42 496213  0.05750346 -0.07578373  1.07440853
9 23 42 546690  0.11955833 -0.00530624  0.91909719
9 23 42 596836  0.07302904 -0.07550931  1.08321714
9 23 42 647826  0.11587501 -0.00272465  0.9221971 
9 23 42 698282  0.06965566 -0.07743812  1.08347869
9 23 42 745696 0.1286006  0.00401139 0.92248869
9 23 42 799849  0.05989814 -0.09548402  1.09023333
9 23 42 849448 1.27710104e-01 2.21252441e-04 9.19135571e-01
9 23 42 899568  0.07061625 -0.09279513  1.09046841
9 23 42 947845  0.12464547 -0.00320244  0.93019509
9 23 42 994883  0.05675626 -0.10030508  1.09493709
9 23 43 54692 0.1302762  0.00169683 0.91898704
9 23 43 95309  0.06055427 -0.09108233  1.09684753
9 23 43 148103 0.12672257 0.01406002 0.91928911
9 23 43 195616  0.06174827 -0.09740877  1.09301996
9 23 43 247301 0.12729192 0.00587559 0.90296865
9 23 43 299042  0.05480051 -0.10620952  1.09152746
9 23 43 345812 0.1326344  0.00156808 0.91547155
9 23 43 397648  0.05693269 -0.11736369  1.09389877
9 23 43 446416 0.12462306 0.00329351 0.90411329
9 23 43 498735  0.06595278 -0.11000752  1.0888803 
9 23 43 546624 0.13153577 0.007967   0.90951824
9 23 43 594423  0.06103039 -0.12128377  1.08977008
9 23 43 647228 0.1235137  0.0024786  0.90700889
9 23 43 696901  0.05642128 -0.12856174  1.08523417
9 23 43 746478 0.12576151 0.00318217 0.91634917
9 23 43 795642  0.05646992 -0.1408236   1.0919528 
9 23 43 846827  0.12229085 -0.00692391  0.911304  
9 23 43 898364  0.05208468 -0.13535523  1.08482313
9 23 43 947044 0.13543439 0.01327991 0.91744685
9 23 43 997879  0.05021644 -0.13468814  1.09941959
9 23 44 50688 0.12652636 0.00361371 0.92302728
9 23 44 98308  0.05832744 -0.13647532  1.09299397
9 23 44 147304 0.13347793 0.01578403 0.93027639
9 23 44 194087  0.05792475 -0.13655829  1.09761405
9 23 44 246595 0.12632632 0.01645899 0.9250865 
9 23 44 295936  0.06400609 -0.12895179  1.08311915
9 23 44 346700 0.13807583 0.0188036  0.92249417
9 23 44 399349  0.06792974 -0.1274097   1.08908868
9 23 44 448272 0.13790154 0.02777481 0.92265463
9 23 44 496985  0.05583763 -0.13773227  1.0805397 
9 23 44 544935 0.14090419 0.02043676 0.92214441
9 23 44 601017  0.05575967 -0.13303804  1.07544374
9 23 44 645669 0.12517118 0.00715494 0.92024064
9 23 44 698192  0.05086231 -0.15259552  1.07472825
9 23 44 747088 0.13408613 0.03484368 0.91855359
9 23 44 794162  0.05982018 -0.15356779  1.07606173
9 23 44 845728 0.12825847 0.01231861 0.92483449
9 23 44 894158  0.05743504 -0.15232182  1.06734967
9 23 44 946036 0.12974501 0.02816963 0.9199245 
9 23 44 995246  0.0662446  -0.15684485  1.06359839
9 23 45 56273 0.12837291 0.02311349 0.92360997
9 23 45 92509  0.05516982 -0.14984632  1.05597425
9 23 45 145011 0.13455105 0.0323565  0.92593646
9 23 45 197142  0.0613637  -0.15668893  1.05832338
9 23 45 246256 0.1208303  0.02324581 0.93503785
9 23 45 301322 0.10941958 1.03133059 1.61299181
9 23 45 347410  0.05525517 -0.15602303  1.05179358
9 23 45 394386  4.91380692e-04  6.87626123e-01 -5.58840990e-01
9 23 45 445943  0.05057859 -0.17193604 -1.08966827
9 23 45 495040 0.12845731 0.03040624 0.93233109
9 23 45 546882 -1.25305653e-02  1.96175575e-02  9.98973846e-05
9 23 45 596461  0.05937815 -0.1695168   1.0514679 
9 23 45 648307 0.10794115 0.01278019 0.95991898
9 23 45 698093  0.05651093 -0.16749501  1.04601884
9 23 45 747584 0.11138153 0.02730894 0.9486351 
9 23 45 799171  0.05780911 -0.17810488  1.04510403
9 23 45 848611 0.10585284 0.00832915 0.96113992
9 23 45 898951  0.05629683 -0.17610312  1.04449558
9 23 45 948264 0.10990095 0.01968908 0.95090723
9 23 45 995028  0.06560349 -0.17260885  1.03664637
9 23 46 54812 0.11274362 0.01059937 0.94881558
9 23 46 95209  0.05873609 -0.1860795   1.0393362 
9 23 46 149148 0.11724663 0.02156162 0.94442296
9 23 46 195588  0.06505346 -0.18557405  1.03548884
9 23 46 246544 0.11148214 0.00218081 0.95424819
9 23 46 297882  0.05293036 -0.20157433  1.03788757
9 23 46 346580 0.11805224 0.01221037 0.94910407
9 23 46 397717  0.07059216 -0.19478297  1.02922797
9 23 46 447237  0.11285973 -0.00334501  0.95587182
9 23 46 503197  0.05429125 -0.20596266  1.02732515
9 23 46 546928 0.11865544 0.00797057 0.93671846
9 23 46 595024  0.06513071 -0.19407392  1.02486968
9 23 46 647202 0.11127543 0.01089478 0.93793583
9 23 46 695442  0.05135894 -0.20278597  1.02659512
9 23 46 746442 0.11218047 0.02270818 0.94451094
9 23 46 795157  0.06527638 -0.18774581  1.02270103
9 23 46 846803 0.10151815 0.0099597  0.94980001
9 23 46 897856  0.05679536 -0.19653177  1.02384567
9 23 46 945115 0.10174799 0.01719832 0.94328165
9 23 46 998566  0.05841804 -0.18095255  1.02283335
9 23 47 50490 0.09991145 0.02968192 0.94634438
9 23 47 98797  0.05081916 -0.18416023  1.02272391
9 23 47 147863 0.09214711 0.03002191 0.93940353
9 23 47 194152  0.06387019 -0.16268539  1.02601051
9 23 47 246138 0.09748483 0.02881336 0.94709516
9 23 47 294444  0.04382157 -0.18229246  1.02615619
9 23 47 346146 0.09144759 0.02683234 0.9475975 
9 23 47 397788  0.0694294  -0.17419052  1.02346206
9 23 47 446803 0.10037065 0.03283691 0.95271039
9 23 47 497365  0.05470896 -0.18471003  1.02531075
9 23 47 546937 0.09928393 0.02799225 0.96197605
9 23 47 597004  0.07304645 -0.17680097  1.03154325
9 23 47 645970 0.10009885 0.02656817 0.96031094
9 23 47 698532  0.06960678 -0.19121075  1.02759027
9 23 47 774578 0.10872602 0.01250768 0.97249079
9 23 47 814738  0.07440066 -0.19120646  1.02977538
9 23 47 861760 0.11223483 0.01756573 0.96865559
9 23 47 916466  0.08208895 -0.19713593  1.02509189
9 23 47 961694 0.10740328 0.00962973 0.96685219
9 23 48 17389  0.07738018 -0.19313741  1.03459024
9 23 48 76075 0.11458063 0.0166533  0.97185993
9 23 48 115253  0.07613444 -0.18678474  1.02896166
9 23 48 162929 0.11220145 0.00959945 0.97181678
9 23 48 206131  0.09017372 -0.17643881  1.034266  
9 23 48 265348 0.10651422 0.01090741 0.96922612
9 23 48 321361  0.07466006 -0.16793823  1.02425718
9 23 48 367449 0.11642051 0.03405452 0.96352911
9 23 48 408610  0.08290625 -0.16983843  1.02959943
9 23 48 445586 0.09675717 0.02142286 0.96425414
9 23 48 494723  0.06437302 -0.16300344  1.01918936
9 23 48 546008 0.10014653 0.02290225 0.96858335
9 23 48 595579  0.0714345  -0.17744279  1.02382731
9 23 48 647260 0.09444022 0.03005385 0.97170973
9 23 48 697953  0.0563159  -0.17394829  1.01980734
9 23 48 749869 0.10360432 0.03323174 0.97717786
9 23 48 797869  0.07459784 -0.16965699  1.02187109
9 23 48 848273 0.10065436 0.03054571 0.97837448
9 23 48 898855  0.0639627  -0.16799903  1.01860929
9 23 48 946922 0.10328341 0.04023337 0.97800946
9 23 48 994211  0.06661606 -0.17669153  1.01927948
9 23 49 53009 0.09726429 0.02849579 0.97365403
9 23 49 95065  0.06250596 -0.17518687  1.01100397
9 23 49 145953 0.0993185  0.02525783 0.97596693
9 23 49 195336  0.05884266 -0.18915343  1.00943303
9 23 49 247304 0.09902883 0.01673937 0.97198725
9 23 49 296958  0.07265401 -0.1843698   1.00264668
9 23 49 345810 0.10623193 0.02140141 0.97577381
9 23 49 397310  0.07893562 -0.18919611  1.012923  
9 23 49 448796 0.10498333 0.01087785 0.97335243
9 23 49 498303  0.07243848 -0.18222547  1.00531435
9 23 49 547140 0.10878968 0.01368141 0.97146273
9 23 49 594141  0.07771659 -0.19653845  1.01395392
9 23 49 645521 0.10690022 0.01563406 0.96490574
9 23 49 695928  0.07310963 -0.19748735  1.00083137
9 23 49 748116  0.11275482 -0.0041163   0.96572638
9 23 49 797368  0.08410025 -0.20667768  1.00570631
9 23 49 848142  0.09221792 -0.00798845  0.9731102 
9 23 49 896930  0.07663155 -0.20454741  1.00509572
9 23 49 945911 0.10894036 0.005476   0.98085046
9 23 49 997480  0.07601976 -0.19530272  1.00286269
9 23 50 50759 0.09362745 0.0029254  0.97516108
9 23 50 99370  0.07486987 -0.18558741  0.99499774
9 23 50 146555 0.09612751 0.00675964 0.9640274 
9 23 50 194660  0.07489252 -0.18568635  0.9994607 
9 23 50 245616 0.0908339  0.01041484 0.97204256
9 23 50 295517  0.06535363 -0.18716502  1.0006218 
9 23 50 346973 0.10024047 0.02868891 0.98201728
9 23 50 397410  0.07845664 -0.18241882  1.0039959 
9 23 50 447601 0.08202958 0.00289917 0.98863459
9 23 50 497362  0.07418609 -0.18245363  0.99761963
9 23 50 547160 0.09119081 0.01697278 0.99037409
9 23 50 599020  0.07676959 -0.18967795  1.00488186
9 23 50 648577 0.08288765 0.00916386 0.99523139
9 23 50 704086  0.07457447 -0.17924094  1.01036692
9 23 50 777755 0.09867787 0.02675843 0.99652863
9 23 50 798986  0.08605695 -0.1698792   1.00313735
9 23 50 845687 0.08869338 0.02333879 1.00022817
9 23 50 895002  0.08121824 -0.16946769  0.99711919
9 23 50 947019 0.09962678 0.04054713 0.99526906
9 23 50 996547  0.0865314  -0.16046166  0.99158239
9 23 51 57523 0.09036422 0.0258584  0.99841332
9 23 51 111211  0.08012581 -0.16197515  0.99432182
9 23 51 163243 0.09852147 0.04355717 0.98849058
9 23 51 220380  0.08465552 -0.15539861  0.99271512
9 23 51 269270 0.09265876 0.0446651  0.98984838
9 23 51 329842 0.07818413 1.46888781 0.86321878
9 23 51 367199  0.08927846 -0.15545249  0.98384666
9 23 51 415662  3.86714935e-04 -3.28001261e-01 -1.68364596e+00
9 23 51 459855  0.07547188 -0.17321777  1.11322451
9 23 51 521953 0.10074425 0.02876735 0.98646116
9 23 51 565192 0.00620031 0.05288291 0.01545763
9 23 51 622733 -0.1135757  -0.17105913  1.07433176
9 23 51 675853 0.03985834 0.15612626 0.96834445
9 23 51 722778 -0.09606719 -0.15624785  0.94890809
9 23 51 766689 -0.08954501 -0.10074759  1.09491014
9 23 51 821350 0.01753449 0.15885782 0.91543508
9 23 51 864784 -0.1187768  -0.23180556  0.9913094 
9 23 51 919187 -0.04847026 -0.04437947  1.07729316
9 23 51 965388 -0.00680208  0.14459372  0.89408684
9 23 52 11712 -0.11811876 -0.24439049  1.04683495
9 23 52 71999 -0.04854798 -0.03849339  1.05615139
9 23 52 112775 -0.00813007  0.16989398  0.92351913
9 23 52 155649 -0.11094141 -0.2247169   1.02963686
9 23 52 214004 -0.08245492 -0.0862453   1.0553143 
9 23 52 254358 0.00489187 0.20461893 0.94917798
9 23 52 296472 -0.09590149 -0.11915088  1.0181253 
9 23 52 347174 -0.12652922 -0.19042921  1.04981756
9 23 52 398178 0.00306225 0.17179561 1.01492119
9 23 52 446401 -0.05306077  0.04720545  0.98468161
9 23 52 498927 -0.1346848  -0.2684319   1.04627919
9 23 52 547430 -0.0672605  -0.02824998  1.03674197
9 23 52 596026 -0.00631523  0.21401453  0.96606088
9 23 52 646321 -0.09933543 -0.09430194  1.02313185
9 23 52 696009 -0.14171576 -0.24225926  1.04614353
9 23 52 746284 -0.05239081  0.08521652  1.04033732
9 23 52 797444 -0.02742863  0.16720247  0.99523115
9 23 52 847376 -0.12676525 -0.17248988  1.01274109
9 23 52 897465 -0.14775252 -0.21678686  1.03387833
9 23 52 945582 -0.03826404  0.11685181  1.04813409
9 23 52 997778 -0.03023124  0.16092038  0.99936318
9 23 53 49515 -0.1288414  -0.17411995  1.0112977 
9 23 53 101624 -0.15788627 -0.22238588  1.03123116
9 23 53 146634 -0.05758691  0.06660366  1.07529449
9 23 53 195830 -0.02089024  0.188766    1.01908112
9 23 53 246126 -0.10867572 -0.09451389  1.00742054
9 23 53 295227 -0.16424036 -0.27737308  1.03125787
9 23 53 346406 -0.10874414 -0.02813768  1.08000898
9 23 53 395914 -0.01615763  0.19576716  1.02989888
9 23 53 447292 -0.057024    0.05285192  1.00248909
9 23 53 497915 -0.14560914 -0.23156214  1.01786351
9 23 53 545523 -0.13313198 -0.14709306  1.04061151
9 23 53 599791 -0.06341052  0.07315683  1.0608964 
9 23 53 646584 -0.02006841  0.14195657  1.01651216
9 23 53 699040 -0.07947254 -0.04435873  0.99661398
9 23 53 747298 -0.13585377 -0.18860412  1.01474571
9 23 53 794212 -0.11961484 -0.11168957  1.05957699
9 23 53 846748 -0.0711894   0.05605936  1.03264141
9 23 53 895794 -0.04053736  0.09584022  1.00644875
9 23 53 946458 -0.07798052 -0.02847767  1.00738549
9 23 53 997837 -0.12791896 -0.12129879  1.04081988
9 23 54 58870 -0.1073482  -0.10690379  1.03618813
9 23 54 94587 -0.09193492 -0.03878403  1.01288176
9 23 54 146312 -0.07239842  0.01524115  1.04175401
9 23 54 198462 -0.05746984  0.01040006  1.05144715
9 23 54 247181 -0.0981071  -0.05513716  1.0013454 
9 23 54 299753 -0.11377549 -0.07774305  1.00490475
9 23 54 346547 -0.09178424 -0.09550261  1.01010752
9 23 54 394127 -0.08448982 -0.0895803   1.01520443
9 23 54 446244 -0.08658934 -0.02330875  1.0435729 
9 23 54 495080 -0.06818938  0.02583742  1.03039932
9 23 54 545989 -0.07645512 -0.01415443  0.99933648
9 23 54 595152 -0.11129856 -0.06808972  1.01762247
9 23 54 646723 -0.1055336  -0.07402039  1.04047585
9 23 54 696038 -0.07649446 -0.09276652  1.02168322
9 23 54 748203 -0.08447266 -0.06706643  1.01609564
9 23 54 797980 -0.09473515  0.00596762  1.03858423
9 23 54 846029 -0.0717752   0.0174911   1.02288127
9 23 54 898801 -0.08257747 -0.06704187  1.00213408
9 23 54 948301 -0.11444879 -0.10033202  1.02566171
9 23 54 994049 -0.10250688 -0.04329443  1.02379203
9 23 55 53959 -0.07540059 -0.0493052   0.98178554
9 23 55 94444 -0.08644295 -0.0846405   0.99080348
9 23 55 146765 -0.09270453 -0.05789757  1.04218745
9 23 55 196636 -0.0719018  -0.03403831  1.04205227
9 23 55 247566 -0.06856823 -0.05934548  0.98877287
9 23 55 298385 -0.08740759 -0.09152651  0.98420668
9 23 55 346932 -0.1050961  -0.0537641   1.01664734
9 23 55 398054 -0.07773995 -0.0758009   1.01059532
9 23 55 445872 -0.07013488 -0.12240982  1.01047039
9 23 55 499366 -0.07530713 -0.05533004  1.03280306
9 23 55 548111 -0.07325482 -0.00424647  1.02909827
9 23 55 594128 -0.06459212 -0.04359841  1.00329185
9 23 55 646495 -0.07125425 -0.11184287  0.99409842
9 23 55 696796 -0.09494472 -0.09775853  1.00884104
9 23 55 746141 -0.08860302 -0.0367415   1.01411128
9 23 55 795847 -0.06950808 -0.07884026  0.99137616
9 23 55 847885 -0.07646036 -0.12012267  1.00627804
9 23 55 898300 -0.08769751 -0.08059525  1.03431606
9 23 55 947434 -0.0760622  -0.04237008  1.03083611
9 23 55 999303 -0.06508517 -0.04155779  0.99865007
9 23 56 49190 -0.06427765 -0.07362962  0.98386073
9 23 56 97938 -0.08492613 -0.10516596  0.99439836
9 23 56 146106 -0.0893054  -0.03839922  1.03733611
9 23 56 194726 -0.06310153  0.008178    1.02780628
9 23 56 246722 -0.05430508 -0.0854156   0.99547982
9 23 56 296892 -0.08179712 -0.14924812  1.00685811
9 23 56 349712 -0.0834682  -0.08800292  1.03572583
9 23 56 396501 -0.07035756 -0.03537226  1.0227325 
9 23 56 448603 -0.05677843 -0.06000328  1.00077343
9 23 56 497173 -0.06741405 -0.1001029   1.00192118
9 23 56 545401 -0.09135246 -0.07980752  1.019871  
9 23 56 601784 -0.07097578  0.02508283  1.03348327
9 23 56 646500 -0.03642941 -0.00284266  1.00210142
9 23 56 698230 -0.0544486  -0.14975595  0.99933934
9 23 56 750975 -0.08579683 -0.13872218  1.02501941
9 23 56 794378 -0.07465649 -0.01628876  1.02386165
9 23 56 846251 -0.05867743 -0.0061152   0.99100637
9 23 56 895951 -0.06689453 -0.09774113  0.98810673
9 23 56 946159 -0.09622979 -0.10790873  1.00665951
9 23 56 998924 -8.88659954e-02  4.03404236e-04  1.02476621e+00
9 23 57 58875 -0.07084084 -0.00267959  0.98800206
9 23 57 93816 -0.06903744 -0.11152029  0.99196315
9 23 57 145406 -0.07206988 -0.09970951  1.02675462
9 23 57 197542 -0.07430577 -0.01348662  1.02884007
9 23 57 247066 -0.06271076 -0.00570941  0.99536324
9 23 57 299927 -0.09371352  0.70277786  0.09763718
9 23 57 347420 -0.08486652 -0.01411724  1.02400422
9 23 57 394957  0.0153966   1.26568794 -0.51169682
9 23 57 445902 -0.06070614 -0.08654785 -1.76179409
9 23 57 499406 -0.0807476  -0.12629676  1.00047755
9 23 57 554394 -0.00835276  0.02771521  0.01560783
9 23 57 623568 -0.0467298  -0.00680757  0.96924877
9 23 57 676177 -0.04866695 -0.13255334  0.9482348 
9 23 57 732719 -0.07500172 -0.14345145  0.98980427
9 23 57 789476 -0.0638864  -0.03488207  0.9942627 
9 23 57 835444 -0.04288673 -0.02043343  0.95327711
9 23 57 871398 -0.05806088 -0.10277009  0.94957638
9 23 57 918548 -0.08748269 -0.1023066   0.98186159
9 23 57 975550 -6.72850609e-02  8.46147537e-04  9.93009567e-01
9 23 58 21784 -0.04432845 -0.04895902  0.95076919
9 23 58 78239 -0.06397796 -0.14983511  0.96216798
9 23 58 123225 -0.07816172 -0.09028983  1.00033998
9 23 58 169851 -0.05508828 -0.006778    0.97766471
9 23 58 216982 -0.04513407 -0.0496695   0.94568563
9 23 58 263286 -0.07560706 -0.11984229  0.96405721
9 23 58 320587 -0.07956505 -0.05064917  1.00006676
9 23 58 366250 -0.04675913  0.01390886  0.98167205
9 23 58 416899 -0.04135442 -0.10629511  0.94726753
9 23 58 464008 -0.07617879 -0.15555096  0.98727012
9 23 58 498977 -0.07113194 -0.0487771   1.00711751
9 23 58 548654 -0.03891492 -0.0046711   0.96303415
9 23 58 594151 -0.05453253 -0.08800793  0.94442773
9 23 58 646100 -0.09061408 -0.11351275  0.98446774
9 23 58 694477 -0.06769729 -0.00658059  1.00553751
9 23 58 746053 -0.03836632 -0.02720904  0.96789336
9 23 58 795628 -0.0599401  -0.14154077  0.96558094
9 23 58 847300 -0.08361721 -0.10304379  1.00886583
9 23 58 896117 -0.05993676 -0.006598    0.99151182
9 23 58 945880 -0.04386353 -0.03721833  0.94797921
9 23 58 999233 -0.07586408 -0.11704445  0.96253538
9 23 59 49417 -0.08631325 -0.06093693  1.00235963
9 23 59 100662 -0.04985809  0.00598931  0.99175096
9 23 59 146388 -0.04329991 -0.08897805  0.96070838
9 23 59 195645 -0.07523465 -0.13943791  0.99148154
9 23 59 246314 -0.06976986 -0.04740286  1.00887752
9 23 59 296540 -0.04168248 -0.01172805  0.97094774
9 23 59 346274 -0.05853105 -0.08895636  0.95005107
9 23 59 395496 -0.09326243 -0.11205578  0.98756933
9 23 59 447903 -0.0694716  -0.01916742  1.00772643
9 23 59 498164 -0.04346895 -0.03314495  0.97306633
9 23 59 546452 -0.06021047 -0.12873363  0.98314738
9 23 59 598612 -0.08002758 -0.09275222  1.01812673
9 23 59 648530 -0.06051779 -0.01343822  0.9996047 
9 23 59 699763 -0.04389262 -0.04264712  0.96338129
9 23 59 748249 -0.07531834 -0.11339521  0.97269011
9 23 59 794420 -0.08379793 -0.05860567  1.01266932
9 23 59 845980 -0.04753256  0.016078    1.0025835 
9 23 59 895068 -0.04223871 -0.10064888  0.96808147
9 23 59 946573 -0.07627606 -0.15644741  1.00222778
9 23 59 996141 -0.07635665 -0.04806471  1.02531314
9 24 0 58160 -0.04522991 -0.00281978  0.98190498
9 24 0 93730 -0.05691481 -0.090837    0.96228099
9 24 0 145185 -0.09354925 -0.11471248  0.99819946
9 24 0 198630 -0.07118344 -0.01331711  1.01536393
9 24 0 246399 -0.04075885 -0.04203701  0.97840524
9 24 0 299065 -0.06239557 -0.14310813  0.99000716
9 24 0 347230 -0.08079529 -0.08884192  1.03197908
9 24 0 394093 -0.05800056 -0.00324607  1.00823522
9 24 0 445801 -0.04285502 -0.04076195  0.96684813
9 24 0 494873 -0.07712603 -0.12018085  0.98748326
9 24 0 546993 -0.08215404 -0.04394507  1.0269022 
9 24 0 595845 -0.0443337   0.00285554  0.99918938
9 24 0 647409 -0.04725552 -0.1281755   0.96999645
9 24 0 697428 -0.08544254 -0.14356422  1.01856065
9 24 0 746646 -0.07209969 -0.02946901  1.03049874
9 24 0 797815 -0.04548359 -0.01636624  0.98096967
9 24 0 846454 -0.07120037 -0.1124053   0.97438645
9 24 0 898678 -0.09712005 -0.10959673  1.01463509
9 24 0 947349 -0.07201242 -0.03734612  1.00717759
9 24 0 994388 -0.04631281 -0.06906629  0.98523211
9 24 1 52487 -0.0647881  -0.10889578  1.01450753
9 24 1 95475 -0.07542729 -0.05967879  1.04212761
9 24 1 148250 -0.05423975 -0.01977181  1.00027108
9 24 1 195174 -0.04939604 -0.06005216  0.97648597
9 24 1 247519 -0.08266783 -0.10564327  1.00012255
9 24 1 297368 -0.07459998 -0.02275133  1.0282042 
9 24 1 345136 -0.04434156 -0.01685309  0.99561262
9 24 1 397275 -0.05995798 -0.14237213  0.98470473
9 24 1 446261 -0.08641553 -0.12518167  1.02443242
9 24 1 497970 -0.06846356 -0.01799345  1.02246523
