14 37 33 5013 -3.53336334e-04 -4.29153442e-05  1.76429749e-04
14 37 33 101346 -5.22613525e-04 -1.17301941e-04 -1.62124634e-05
14 37 33 105468 -0.00054169  0.00013828 -0.0002079 
14 37 33 109075  1.33514404e-05 -4.01020050e-04  2.22682953e-04
14 37 33 112250  0.00021982 -0.00013256 -0.00013161
14 37 33 115080  0.00021648  0.00010681 -0.0002327 
14 37 33 162436  0.00079155  0.00028801 -0.00018215
14 37 33 174777  0.00015974 -0.00034618 -0.00026035
14 37 33 213687 -2.50816345e-04 -1.10149384e-04 -8.91685486e-05
14 37 33 226108 -5.48362732e-05 -3.07083130e-04  9.25064087e-05
14 37 35 892119 -0.00027943  0.00017071  0.00013781
14 37 35 940028 -3.00407410e-05 -3.70979309e-04 -2.47001648e-04
14 37 35 989550 5.53131104e-05 4.81605530e-05 6.67572021e-05
14 37 36 38388  3.82423401e-04 -1.61170959e-04  9.53674316e-05
14 37 36 87862  5.25951385e-04 -8.39233398e-05  3.52859497e-05
14 37 36 141019  1.68323517e-04 -4.14371490e-04  3.00407410e-05
14 37 36 190207 -6.00814819e-04 -9.63211060e-05 -4.52995300e-05
14 37 36 238900 -0.00013876  0.00011158  0.00021648
14 37 36 288664 -0.00032854 -0.00018883  0.00027704
14 37 36 341491 2.84671783e-04 6.62803650e-05 2.95639038e-05
14 37 36 391428 3.94821167e-04 1.22070312e-04 1.85966492e-05
14 37 36 439566 -2.23159790e-04  4.20570374e-04  2.67028809e-05
14 37 36 489317 -0.00045061  0.00031567 -0.00025654
14 37 36 538109  0.00025225 -0.00023985 -0.0002203 
14 37 36 591663 -5.14984131e-05  4.57286835e-04 -4.35352325e-04
14 37 36 640902 -0.00051737 -0.000247   -0.00017595
14 37 36 689688 -0.00037575  0.00021791 -0.00016356
14 37 36 738453 -4.04834747e-04 -3.33786011e-05  2.79903412e-04
14 37 36 792408 -0.00047207 -0.00037003  0.00021458
14 37 36 841210 -1.56402588e-04 -1.43051147e-05 -8.01086426e-05
14 37 36 890805 1.85966492e-05 6.81877136e-05 4.16755676e-04
14 37 36 939210  0.00069523 -0.00039053  0.00018787
14 37 36 989030 1.55925751e-04 1.95503235e-05 4.38690186e-05
14 37 37 41671 -0.00020218 -0.00029564 -0.0001049 
14 37 37 91477 -8.86917114e-05  8.34465027e-05  3.19480896e-04
14 37 37 139947 -0.00041342 -0.00030899  0.00035048
14 37 37 189658 -5.34057617e-04  1.46865845e-04  7.39097595e-05
14 37 37 242436  9.10758972e-05  2.24113464e-04 -6.43730164e-05
14 37 37 291780  0.00029802  0.0001092  -0.00013876
14 37 37 350815  0.00024986  0.00023127 -0.00016165
14 37 37 400340 7.92026520e-04 1.18255615e-04 7.72476196e-05
14 37 37 443654 -0.00010729  0.00012779 -0.00022411
14 37 37 492629 -1.09195709e-04  8.58306885e-05 -4.33921814e-04
14 37 37 541332  7.24792480e-05 -4.29153442e-06 -2.81810760e-04
14 37 37 591233 -1.44481659e-04  1.00135803e-05 -1.69754028e-04
14 37 37 643818 -4.08172607e-04 -1.33991241e-04  9.05990601e-06
14 37 37 702876 -1.71184540e-04 -4.62532043e-05  4.34398651e-04
14 37 37 754090  6.10351562e-05 -6.34193420e-05  1.62601471e-04
14 37 37 801408  1.85489655e-04 -5.48362732e-05 -5.53131104e-05
14 37 37 850103 -6.77108765e-05 -3.81946564e-04  1.25408173e-04
14 37 37 903240  2.26020813e-04 -2.47001648e-04 -3.76701355e-05
14 37 37 953117 -1.38282776e-04 -2.55107880e-04  4.48226929e-05
14 37 38 2298 -4.91142273e-05 -1.88827515e-04  3.89575958e-04
14 37 38 50725 -2.30789185e-04 -6.86645508e-05  7.15255737e-06
14 37 38 99750 -4.65393066e-04  3.67164612e-05  3.01837921e-04
14 37 38 154843  2.95639038e-05 -7.53402710e-05 -1.08718872e-04
14 37 38 205160 1.02043152e-04 2.13146210e-04 2.00271606e-05
14 37 38 241845 -6.91413879e-05 -1.18255615e-04 -2.54631042e-04
14 37 38 291525 1.87873840e-04 1.71661377e-04 6.48498535e-05
14 37 38 340071 -0.00018549 -0.00016499 -0.00011635
14 37 38 393861 -1.63555145e-04 -1.78813934e-04  1.19209290e-05
14 37 38 442597 -5.24520874e-04 -2.88486481e-04 -7.62939453e-05
14 37 38 491957 -0.00036716 -0.00019407 -0.00018692
14 37 38 552757 -8.01086426e-05  6.91413879e-05  2.31742859e-04
14 37 38 603768 -2.62737274e-04  4.76837158e-07  1.71874857e+00
14 37 38 643739  2.12669373e-04 -1.86920166e-04 -1.90734863e-05
14 37 38 693131 -0.00023937 -0.00036621  0.0003829 
14 37 38 745559 -3.30924988e-04  8.53538513e-05  2.23159790e-04
14 37 38 795440 9.25064087e-05 3.91006470e-05 3.08513641e-04
14 37 38 843795 -1.59263611e-04  4.29153442e-05 -1.72138214e-04
14 37 38 893550 -0.0001483  -0.00027418 -0.00044489
