14 48 51 972658  0.0524652  -0.29392076  0.9556005 
14 48 52 16027  0.05170059 -0.29072666  0.95840335
14 48 52 35885  0.04843092 -0.28863263  0.95558214
14 48 52 67798  0.04945016 -0.28533268  0.96026993
14 48 52 70973  0.05006385 -0.2898972   0.95970702
14 48 52 104550  0.05285978 -0.28702092  0.96151495
14 48 52 108149  0.05364251 -0.28688622  0.95926547
14 48 54 864055  0.05078363 -0.28879833  0.95778656
14 48 54 913715  0.05203104 -0.28655553  0.96013856
14 48 54 962146  0.05205631 -0.28538251  0.95874023
14 48 55 14763  0.05410337 -0.28729105  0.95812988
14 48 55 64438  0.05129814 -0.28618884  0.96133876
14 48 55 113315  0.0508523  -0.28661394  0.9587307 
14 48 55 162808  0.05177641 -0.28484654  0.96130061
14 48 55 211109  0.05214286 -0.28425789  0.95573282
14 48 55 264882  0.05137038 -0.28484607  0.95931983
14 48 55 313864  0.0523231  -0.28452945  0.95857787
14 48 55 362970  0.05192256 -0.28841043  0.95837855
14 48 55 411599  0.05109048 -0.28634167  0.95628834
14 48 55 465809  0.05704093 -0.2857759   0.95546746
14 48 55 514179  0.05304861 -0.28762913  0.95914626
14 48 55 564153  0.05034995 -0.28528595  0.95877409
14 48 55 612594  0.05227542 -0.28890777  0.9596169 
14 48 55 662045  0.05168152 -0.28417015  0.95874953
14 48 55 715141  0.05155921 -0.28659058  0.95771813
14 48 55 764921  0.05316234 -0.28880072  0.95767903
14 48 55 813542  0.05350065 -0.28876424  0.96092987
14 48 55 862961  0.04990101 -0.29207039  0.95780063
14 48 55 911669  0.05007458 -0.29001641  0.96218562
14 48 55 974004  0.05280876 -0.2904861   0.95906615
14 48 56 20842  0.05299664 -0.29111195  0.95570302
14 48 56 72345  0.0521524  -0.29017472  0.96174622
14 48 56 116265  0.05138397 -0.28956008  0.95890212
14 48 56 165513  0.05083179 -0.28903484  0.95897889
14 48 56 214603  0.05196762 -0.28940225  0.95824718
14 48 56 264518  0.0527854  -0.28876877  0.96016073
14 48 56 317656  0.05106449 -0.2866416   0.96098876
14 48 56 366895  0.05149245 -0.28953838  0.95764184
14 48 56 415605  0.05035472 -0.28624606  0.95953989
14 48 56 465172  0.05576229 -0.28471375  0.95571566
14 48 56 522201  0.05161452 -0.28334856  0.95745754
14 48 56 567496  0.05041552 -0.28919697  0.95974803
14 48 56 616093  0.05461526 -0.28628588  0.95658684
14 48 56 665935  0.0528698  -0.28527498  0.95892763
14 48 56 715082  0.05129361 -0.28727579  0.95978475
14 48 56 764098  0.0527575  -0.28698301  0.95590639
14 48 56 816811  0.05255389 -0.28622675  0.95585847
14 48 56 866584  0.05263329 -0.2834568   0.95836568
14 48 56 927504  0.051373   -0.28678226  0.95774746
14 48 56 964855  0.05227828 -0.28657746  0.95878291
14 48 57 13323  0.05408096 -0.28610992  0.96016192
14 48 57 77098  0.052526   -0.28618026  0.96032381
14 48 57 126777  0.05531645 -0.28610945  0.95812654
14 48 57 174689  0.0521524  -0.29039431  0.95858192
14 48 57 217934  0.04983377 -0.28376365  0.95970106
