15 23 4 915313 -0.00793457 -0.0479393   0.99337006
15 23 10 17873 -0.00925827 -0.05295563  0.9936924 
15 23 15 120402 -0.00907135 -0.05422401  0.99341202
15 23 20 223539 -0.01254463 -0.05215454  0.99856949
15 23 20 227115 -0.01051712 -0.04961777  0.9989624 
15 23 20 230717 -0.01079178 -0.05457687  1.0012188 
15 23 20 234087 -0.01322746 -0.05279922  0.9987278 
15 23 20 236282 -0.01356125 -0.05812454  0.99641418
15 23 20 238680 -0.00962448 -0.05271721  0.99638367
15 23 20 241109 -0.00517845 -0.0506134   0.99759483
15 23 20 243270 -0.00483131 -0.0514183   0.99685097
15 23 20 245422 -0.00636482 -0.05020905  1.00055313
15 23 20 248426 -0.00693703 -0.0518837   0.99855232
15 23 20 251208 -0.01493835 -0.05217743  0.99689865
15 23 20 253363 -0.01239395 -0.04669952  1.00382042
15 23 20 255869 -0.01096725 -0.05190277  0.99875259
15 23 20 258106 -0.00983238 -0.05258179  0.99438477
15 23 20 260741 -0.009058   -0.05254364  0.99547577
15 23 20 263866 -0.00684738 -0.05038261  1.00015259
15 23 20 265640 -0.0057354  -0.04857063  0.9977932 
15 23 20 268310 -0.00586319 -0.05280876  0.99941826
15 23 21 230299 -0.00808144 -0.05003548  1.00081253
15 23 21 234333 -0.00864792 -0.05390549  1.00230408
15 23 21 278607 -0.01071167 -0.04836273  0.99496269
15 23 21 329268 -0.0083828  -0.05129623  0.99345779
15 23 21 379438 -0.0085125  -0.05062294  0.99554634
15 23 21 430429 -0.01248932 -0.05025291  0.99547005
15 23 21 479697 -0.00820541 -0.04849625  0.99799156
15 23 21 529534 -0.00955963 -0.05171967  0.99588776
15 23 21 580161 -0.01206207 -0.04811478  0.99797058
15 23 21 626649 -0.00966454 -0.0516758   0.99649429
15 23 21 680311 -0.01540375 -0.05314255  1.00074577
15 23 21 730835 -0.01145363 -0.05004501  1.00127029
15 23 21 778459 -0.00912285 -0.04938889  1.00086021
15 23 21 827745 -0.01293945 -0.05361748  0.99640083
15 23 21 880925 -0.01169014 -0.05331993  0.99893951
15 23 21 930986 -0.01103973 -0.05198669  0.99993324
15 23 21 979958 -0.00934601 -0.05255699  0.9954071 
15 23 22 29438 -0.00862312 -0.05209923  0.99768257
15 23 22 82254 -0.01187515 -0.05344391  0.99345398
15 23 22 130346 -0.01404572 -0.05522346  0.99629402
15 23 22 180611 -0.01189232 -0.05679893  0.99395752
15 23 22 229759 -0.00956917 -0.04989624  1.00068092
15 23 22 283707 -0.00692749 -0.05144119  1.00028992
15 23 22 332894 -0.00923157 -0.04900742  1.00061989
15 23 22 380215 -0.00908279 -0.04996872  1.00140572
15 23 22 431392 -0.01194382 -0.0515461   0.9977932 
15 23 22 482296 -0.01213455 -0.05360985  1.00112343
15 23 22 533495 -0.00997734 -0.04747581  1.00045967
15 23 22 580796 -0.01049232 -0.04861259  0.99926567
15 23 22 632050 -0.00919724 -0.05216408  0.99847794
15 23 22 680166 -0.00866699 -0.05519676  0.99566841
15 23 22 729361 -0.00679588 -0.05198479  1.00020027
15 23 22 782142 -0.00655174 -0.05356979  0.9999752 
15 23 22 831759 -0.00488663 -0.05066872  1.00193214
15 23 22 880536 -0.0096302  -0.05264854  0.99994278
15 23 22 930444   0.12496758  -2.12521553 -11.49610329
15 23 22 983698 -0.01326752 -0.04829407  1.0022049 
15 23 23 33552 -0.00814438 -0.04771805  0.99552536
15 23 23 81276 -0.0077095  -0.05002594  1.00055695
15 23 23 131222 -0.0059967  -0.05170631  0.99422264
15 23 23 183892 -0.00766754 -0.0520153   0.99466324
15 23 23 233455 -0.00658226 -0.05124664  0.99921227
15 23 23 281830 -0.00984383 -0.05290413  1.00356102
15 23 23 331228 -0.01259995 -0.05407333  0.9992981 
15 23 23 379931 -0.00891113 -0.05069733  0.99941063
15 23 23 434327 -0.00703239 -0.05557632  1.0014019 
15 23 23 483926 -0.00838661 -0.04998207  0.99980545
15 23 23 533033 -0.00665665 -0.05447197  0.99835205
15 23 23 581083 -0.00793457 -0.05156898  0.99753761
15 23 23 635117 -0.00698471 -0.0519104   0.99818993
15 23 23 683036 -0.0137558  -0.05047226  0.99982452
15 23 23 733572 -0.01105881 -0.05051422  0.99615479
15 23 23 781152 -0.00881767 -0.05082893  0.99915123
15 23 23 832189 -0.0128727  -0.05043983  0.99598122
15 23 23 885033 -0.01475525 -0.05209351  0.99878693
15 23 23 933679 -0.00964546 -0.05083275  0.9971714 
15 23 23 981779 -0.01312637 -0.05038452  0.99928284
15 23 24 33111 -0.01612282 -0.04594612  0.9943924 
15 23 24 85582 -0.01223564 -0.05187607  0.99851227
15 23 24 134291 -0.01318741 -0.04943657  0.99786949
15 23 24 181762 -0.00831413 -0.05130577  1.00019073
15 23 24 232978 -0.01077461 -0.05289078  0.99575615
15 23 24 284638 -0.009655   -0.04679489  0.99889374
15 23 24 334288 -0.00865555 -0.05074692  0.99861908
15 23 24 382663 -0.00837898 -0.04998016  0.99972343
15 23 24 433521 -0.00799751 -0.04974174  0.99593544
15 23 24 481683 -0.00969315 -0.04851532  0.99600029
15 23 24 536207 -0.00775528 -0.05502701  1.00234795
15 23 24 584096 -0.0091877  -0.0507679   1.00311661
15 23 24 633699 -0.00701141 -0.05451775  1.00213814
15 23 24 682124 -0.00481415 -0.05396271  0.99951172
15 23 24 733147 -0.01123047 -0.0499382   1.00005341
15 23 24 784551 -0.01062202 -0.04846954  0.9938221 
15 23 24 833952 -0.00782967 -0.05143929  0.99697685
15 23 24 882999 -0.00889397 -0.05068779  1.00111198
15 23 24 933596 -0.00789642 -0.0485611   1.00063896
15 23 24 983157 -0.00668335 -0.0500145   0.99472427
15 23 25 35690 -0.01016235 -0.05249596  1.00126648
15 23 25 82768 -0.01112175 -0.04739189  0.99726105
15 23 25 134290 -0.00818825 -0.04816055  0.99825096
15 23 25 185966 -0.00600052 -0.05311584  0.99367142
15 23 25 236330 -0.01178551 -0.05046272  1.00221252
15 23 25 284894 -0.00713158 -0.04904747  1.00067711
15 23 25 333975 -0.01116753 -0.05169868  0.99802971
15 23 25 382936 -0.0169487  -0.05445099  1.00222397
15 23 25 437501 -0.01499748 -0.05426788  1.00229836
15 23 25 485398 -0.01086807 -0.04883194  0.99362564
15 23 25 534905 -0.01323509 -0.05149651  0.99876022
15 23 25 582971 -0.01551437 -0.05137253  0.99269676
15 23 25 634026 -0.01325989 -0.05195618  0.99757195
15 23 25 686867 -0.01210594 -0.05429077  0.99846268
15 23 25 735553 -0.00942993 -0.05208015  0.99559784
15 23 25 783221 -0.01193047 -0.05398178  0.99664307
15 23 25 834929 -0.01028442 -0.04681015  0.99729538
15 23 25 882649 -0.01021004 -0.05113983  0.99729347
15 23 25 936982 -0.00622368 -0.04859161  0.99950981
15 23 25 983885 -0.00592995 -0.04966736  1.0023632 
15 23 26 34163 -0.00442696 -0.0509758   1.00081635
15 23 26 83185 -0.00745964 -0.05200005  0.99666977
15 23 26 133116 -0.00727844 -0.05201721  1.00142288
15 23 26 185594 -0.00617027 -0.05279922  0.99801445
15 23 26 235756 -0.00893211 -0.04733467  1.0018959 
15 23 26 283802 -0.0118103  -0.05022621  0.99907112
15 23 26 337333 -0.0100975  -0.05161858  1.00099373
15 23 26 386615 -0.01140594 -0.05028915  0.99841309
15 23 26 435313 -0.01013184 -0.04996681  1.00198174
15 23 26 484511 -0.01464844 -0.05025864  1.00156021
15 23 26 537657 -0.00732994 -0.05168152  1.0022316 
15 23 26 586725 -0.00828743 -0.04947281  0.99469185
15 23 26 636735  0.12495804 -5.87519455 14.50390816
15 23 26 684995 -0.01152229 -0.05465698  0.99843597
15 23 26 734169 -0.0116806  -0.05017853  0.99412918
15 23 26 787047 -0.007864   -0.04871178  0.99731827
15 23 26 837373 -0.01099777 -0.0525341   0.99822617
15 23 26 886327 -0.01244736 -0.05142784  0.99890518
15 23 26 934907 -0.00914574 -0.05142403  1.00034904
15 23 26 984171 -0.0059185  -0.05197334  0.99940681
15 23 27 38590 -0.01087952 -0.04892159  1.00447845
15 23 27 85837 -0.00401688 -0.05125237  1.00090599
15 23 27 135972 -0.00806808 -0.05291176  1.00060654
15 23 27 184233 -0.00653076 -0.05170822  1.0001297 
15 23 27 237304 -0.00943756 -0.05121994  0.99950027
15 23 27 288550 -0.00960159 -0.05060196  0.9969101 
15 23 27 336110 -0.0070076  -0.05434608  1.00028801
15 23 27 385954 -0.00594902 -0.04983711  1.00012016
15 23 27 434325 -0.01114464 -0.05336952  1.00140953
15 23 27 488960 -0.00837326 -0.05393982  1.00009727
15 23 27 537155 -0.01012039 -0.0506649   1.0032711 
15 23 27 586522 -0.0107193  -0.05431938  0.99489975
15 23 27 634839 -0.00961113 -0.05135345  1.00105095
15 23 27 689184 -0.01008797 -0.05126381  1.00026703
15 23 27 737561 -0.00901985 -0.05198097  0.99625778
15 23 27 787233 -0.01143837 -0.05120468  0.99511528
15 23 27 836140 -0.00668335 -0.05201721  0.99336433
15 23 27 890551 -0.01058769 -0.04857635  0.99219513
15 23 27 938079 -0.00977516 -0.05162621  0.99762154
15 23 27 988509 -0.01190948 -0.05063438  0.99689865
15 23 28 36862 -0.01170158 -0.04857254  1.00092697
15 23 28 89568 -0.0138073  -0.05143356  0.99700356
15 23 28 138708 -0.01171303 -0.05108833  0.99951935
15 23 28 188895 -0.00761986 -0.05337524  0.99580765
15 23 28 237783 -0.01086617 -0.05192375  1.00161934
15 23 28 286151 -0.01054192 -0.05224228  0.9979496 
15 23 28 340056 -0.00844574 -0.04725647  0.99967575
15 23 28 389165 -0.00968742 -0.05361366  1.00059509
15 23 28 437755 -0.01009369 -0.04786301  1.00177574
15 23 28 487696 -0.01164246 -0.04965401  1.00028229
15 23 28 536633 -0.00864601 -0.04982376  0.99744987
15 23 28 590648 -0.00924301 -0.05407906  0.99567604
15 23 28 638647 -0.00600052 -0.05135345  0.99622726
15 23 28 688074 -0.00982285 -0.05004311  0.99966621
15 23 28 736884 -0.01164246 -0.05287361  1.00071335
15 23 28 791170 -0.00968933 -0.05391121  1.00536537
15 23 28 839277 -0.0111599  -0.0484581   0.99839401
15 23 28 889253 -0.00820351 -0.05399132  1.0021286 
15 23 28 937922 -0.00933266 -0.05158615  0.99917412
15 23 28 991931 -0.00925255 -0.05104637  1.00004578
15 23 29 39601 -0.00916862 -0.04862785  0.99876213
15 23 29 89455 -0.0071106  -0.05046272  0.99661827
15 23 29 138521 -0.0080719  -0.05189896  0.99634933
15 23 29 187785 -0.0042572  -0.05170441  0.99894714
15 23 29 242330 -0.01247597 -0.04953194  1.00123978
15 23 29 289983 -0.01333809 -0.04923439  0.99709129
15 23 29 339541 -0.01260948 -0.05200768  0.99522591
15 23 29 388282 -0.01226425 -0.04938316  0.99692345
15 23 29 436924 -0.00919724 -0.05221176  0.99754906
15 23 29 491906 -0.01469994 -0.05056953  0.99676132
15 23 29 539153 -0.00910187 -0.04723167  0.99777412
15 23 29 588970 -0.01053047 -0.05236816  0.99656677
15 23 29 638027 -0.01264954 -0.05099297  0.99687576
15 23 29 687499 -0.01356316 -0.05467796  0.9985466 
15 23 29 740460 -0.01283264 -0.0489521   0.99923897
15 23 29 789977 -0.0089016  -0.05615997  0.99511337
15 23 29 839027 -0.0080719  -0.05274582  0.99866676
15 23 29 888365 -0.0102005  -0.05573273  0.99858093
15 23 29 940641 -0.0078125  -0.04751205  1.00073242
15 23 29 990140 -0.00677299 -0.0520134   1.00044632
15 23 30 39876 -0.01012421 -0.05241585  1.00212097
15 23 30 90361 -0.01027679 -0.05184937  1.00232124
15 23 30 141478 -0.00772667 -0.05018997  0.99811554
15 23 30 191152 -0.00879097 -0.04648399  1.00366783
15 23 30 239872 0.12496758 9.87480164 2.37890625
15 23 30 291371 -0.00683212 -0.05341721  0.99770355
15 23 30 338942 -0.00933838 -0.045084    0.99947548
15 23 30 391957 -0.01218033 -0.05384254  0.99916077
15 23 30 440387 -0.00697899 -0.05352211  0.99715042
15 23 30 491459 -0.01060104 -0.04758072  0.99948883
15 23 30 539263 -0.00685883 -0.04918671  0.99002838
15 23 30 588512 -0.00835228 -0.05223656  0.99809837
15 23 30 641834 -0.00842094 -0.04675102  0.99738121
15 23 30 692289 -0.00427437 -0.0506649   0.99371529
15 23 30 741060 -0.00947762 -0.05268097  0.99679947
15 23 30 789657 -0.01205826 -0.05481911  0.99877357
15 23 30 842319 -0.00893593 -0.04763031  0.99974823
15 23 30 891434 -0.01270485 -0.05377007  0.99390221
15 23 30 940570 -0.01041222 -0.05340576  0.9972229 
15 23 30 994878 -0.00897217 -0.0537796   0.99849892
15 23 31 42480 -0.01184845 -0.04802895  0.99865723
15 23 31 92674 -0.01062012 -0.05395889  0.99884224
15 23 31 141197 -0.00942039 -0.0527916   0.99974442
15 23 31 191770 -0.00961494 -0.04887199  1.00150108
15 23 31 244883 -0.01150322 -0.0506897   0.99984741
15 23 31 293051 -0.00957108 -0.0505085   0.99762535
15 23 31 342182 -0.0124054  -0.051548    1.00082397
15 23 31 392501 -0.00786591 -0.05027962  0.99757767
15 23 31 440292 -0.00856209 -0.05264854  0.99730492
15 23 31 493967 -0.0081768  -0.05164719  1.00099564
15 23 31 543020 -0.00708961 -0.05579376  1.00011826
15 23 31 593139 -0.00970459 -0.05031776  0.9977932 
15 23 31 640639 -0.00707054 -0.05351257  1.00071144
15 23 31 689944 -0.01216888 -0.05205154  1.00196457
15 23 31 743477 -0.01222038 -0.05584145  0.9973526 
15 23 31 793619 -0.01071167 -0.05227089  0.99873543
15 23 31 841728 -0.01031685 -0.05026627  0.99815941
15 23 31 890676 -0.00741577 -0.05023003  0.99698257
15 23 31 939794 -0.00890732 -0.04930878  0.99484253
15 23 31 993893 -0.01153564 -0.05131912  0.99962616
15 23 32 43588 -0.01374435 -0.05441093  0.99869537
15 23 32 91557 -0.01321793 -0.05195999  0.9974041 
15 23 32 144522 -0.01027298 -0.05264091  0.9990139 
15 23 32 193919 -0.00961113 -0.04924965  0.9963932 
15 23 32 243485 -0.01137543 -0.05132484  0.99949837
15 23 32 292984 -0.00750732 -0.04911041  0.99677086
15 23 32 346090 -0.01209641 -0.05254745  1.00217247
15 23 32 395822 -0.01124382 -0.05203438  0.99631882
15 23 32 444322 -0.00851631 -0.04969978  0.9961319 
15 23 32 494771 -0.00759888 -0.05332375  1.0012188 
15 23 32 541676 -0.01098633 -0.05029106  1.00153542
15 23 32 594949 -0.01156807 -0.05323982  1.00157738
15 23 32 645096 -0.00968742 -0.05462646  0.9998436 
15 23 32 694636 -0.00753403 -0.05112839  0.99905968
15 23 32 742208 -0.01299858 -0.05252647  0.99895096
15 23 32 791965 -0.01047516 -0.05144691  0.99783707
15 23 32 845244 -0.0092926  -0.04964447  0.99804688
15 23 32 895951 -0.00544357 -0.05158806  0.9967556 
15 23 32 944668 -0.01034164 -0.05039024  1.00092506
15 23 32 993424 -0.00790024 -0.05313873  0.99896622
15 23 33 45580 -0.00639915 -0.05213928  0.99688148
15 23 33 96456 -0.01054382 -0.05200768  1.00047493
15 23 33 145562 -0.00944328 -0.05265236  0.99807549
15 23 33 193347 -0.00882339 -0.0553875   0.99457359
15 23 33 245590 -0.01102448 -0.05421829  0.99504662
15 23 33 297260 -0.00761032 -0.05052948  1.0005722 
15 23 33 346961 -0.01058197 -0.05272102  0.9988308 
15 23 33 395446 -0.01221275 -0.05108643  0.99670601
15 23 33 442868 -0.00980949 -0.04864502  0.99744225
15 23 33 497389 -0.0102787  -0.05260849  1.00013733
15 23 33 545967 -0.00696945 -0.05161476  0.99399757
15 23 33 595928 -0.01059151 -0.04660225  0.99800301
15 23 33 644071 -0.00910568 -0.04608154  0.9938736 
15 23 33 693803 -0.01149559 -0.05081558  0.99385071
15 23 33 747007 -0.00836372 -0.04982376  1.00011635
15 23 33 796681 -0.01465988 -0.05356026  1.00541496
15 23 33 846479 -0.00928879 -0.05057144  0.99947739
15 23 33 895559 -0.0128231  -0.05039024  0.99733353
15 23 33 943031   0.12496185 -12.87520599  11.62890053
15 23 33 997423 -0.0063324  -0.05023003  0.99966621
15 23 34 47412 -0.01725006 -0.05158424  0.98356247
15 23 34 94650 -0.0111351  -0.05171585  0.98900986
15 23 34 143885 -0.01062584 -0.0462513   1.0002594 
15 23 34 198649 -0.01021957 -0.05488396  1.00201416
15 23 34 248937 -0.00993729 -0.05018616  1.00446892
15 23 34 293670 -0.0065918  -0.04618263  1.00945473
15 23 34 344816 -0.00691032 -0.05241394  1.00226402
15 23 34 399454 -0.00353432 -0.05142212  1.00095749
15 23 34 448158 -0.002985   -0.05092621  0.99762726
15 23 34 496270 -0.00217628 -0.05514717  0.99860573
15 23 34 544940 -0.00481415 -0.05244637  0.99857903
15 23 34 595883 -0.00351906 -0.04848099  1.00083351
15 23 34 648896 -0.00719261 -0.04862785  0.99951744
15 23 34 696941 -0.01102257 -0.05461121  0.99320793
15 23 34 745496 -0.015625   -0.05503082  1.00246048
15 23 34 796903 -0.01618004 -0.05159187  0.99993896
15 23 34 844820 -0.0129509  -0.04709816  1.00108528
15 23 34 898911 -0.01441002 -0.05051613  0.99608612
15 23 34 946179 -0.01362419 -0.05463028  0.99033928
15 23 34 998137 -0.00774193 -0.0543499   0.996418  
15 23 35 46252 -0.0124073  -0.05179214  0.99469948
15 23 35 98476 -0.00977325 -0.05424118  0.99895477
15 23 35 146950 -0.00861168 -0.05220222  0.99445534
15 23 35 197637 -0.01083183 -0.0550251   1.00085831
15 23 35 249956 -0.01155281 -0.04856873  1.00057983
15 23 35 299671 -0.0140419  -0.05189514  1.00354385
15 23 35 349224 -0.01309013 -0.0488987   0.99898911
15 23 35 397319 -0.00922012 -0.04981804  0.99768639
15 23 35 446415 -0.01301003 -0.04886627  1.00009727
15 23 35 499843 -0.00697708 -0.04715347  0.99705124
15 23 35 549494 -0.01021385 -0.04947281  0.9995079 
15 23 35 598991 -0.01231766 -0.04874611  1.00231171
15 23 35 648340 -0.01300049 -0.05197716  0.99967194
15 23 35 697219 -0.00666428 -0.05070686  0.98852921
15 23 35 750164 -0.00611496 -0.04948044  0.98893356
15 23 35 799584 -0.0037899  -0.0496788   1.00766373
15 23 35 847873 -0.00878906 -0.05126381  1.00250816
15 23 35 897488 -0.00425529 -0.05343246  0.99382019
15 23 35 951194 -0.00349998 -0.04509354  0.99388313
15 23 36 339 -0.00837135 -0.05449104  0.99885941
15 23 36 47763 -0.00985336 -0.05331612  0.99993896
15 23 36 99366 -0.01028252 -0.05144119  0.99774361
15 23 36 146775 -0.01334    -0.04930115  1.00419044
15 23 36 201252 -0.01088333 -0.0491333   1.00071144
15 23 36 249430 -0.01107407 -0.04812813  1.00241089
15 23 36 299565 -0.0143013  -0.0519619   0.99896431
15 23 36 347302 -0.00648689 -0.05220222  0.99931717
15 23 36 401293 -0.00911522 -0.04945946  0.99516296
15 23 36 449282 -0.00878525 -0.05135345  0.99082184
15 23 36 499919 -0.00637054 -0.05253601  0.99650955
15 23 36 547892 -0.00453568 -0.05437279  0.99593353
15 23 36 601669 -0.00942802 -0.04787064  0.99943161
15 23 36 650508 -0.01286697 -0.04860497  0.99813652
15 23 36 700633 -0.01170349 -0.05605125  0.99143982
15 23 36 748317 -0.01319122 -0.0496006   0.99729156
15 23 36 802924 -0.01001549 -0.05130196  0.99849319
15 23 36 852221 -0.0116539  -0.0461998   0.99118423
15 23 36 901699 -0.00950241 -0.04752159  0.99621391
15 23 36 949469 -0.01103401 -0.05475044  0.98930931
15 23 36 999466 -0.01232147 -0.05265427  0.99883652
15 23 37 51951 -0.01539612 -0.0525589   0.98822021
15 23 37 102653 -0.01193428 -0.05535316  0.99239922
15 23 37 150144 -0.01514244 -0.0544281   0.99568367
15 23 37 200589 -0.00821877 -0.05093002  0.9992733 
15 23 37 248537 -0.00789833 -0.05322075  0.99542236
15 23 37 302996 -0.00732231 -0.05836105  1.00993538
15 23 37 350117 -0.00590515 -0.05077171  0.99970245
15 23 37 401461 -0.0053463  -0.04519653  1.00118446
15 23 37 448854 -0.00275993 -0.05225754  1.00715065
15 23 37 502443 -0.00752258 -0.05323219  1.00644112
15 23 37 550917 -0.00740814 -0.04495049  1.00974655
15 23 37 601764 -0.00653839 -0.04443359  0.99768448
15 23 37 649170 -0.0032711  -0.05010605  0.99637604
15 23 37 704297   0.12496567  10.49979401 -15.37111473
15 23 37 751643 -0.00979042 -0.04972267  1.00362206
15 23 37 801999 -0.01127052 -0.04664612  0.9964695 
15 23 37 849489 -0.00336838 -0.04930496  1.00098801
15 23 37 900782 -0.00303841 -0.0542984   1.00306702
15 23 37 952630 -0.00738716 -0.05003357  0.99604797
15 23 38 3723 -0.00769043 -0.05089569  0.99675751
15 23 38 51225 -0.00905991 -0.0488224   0.9990654 
15 23 38 101518 -0.01281738 -0.04642105  1.00128937
15 23 38 148928 -0.00816917 -0.0490284   1.0006485 
15 23 38 204372 -0.00829506 -0.04910088  0.99357414
15 23 38 251865 -0.01184845 -0.05331039  0.99940491
15 23 38 301607 -0.00853157 -0.05223274  0.99763298
15 23 38 348926 -0.00688744 -0.05433273  1.00019836
15 23 38 400782 -0.01059341 -0.05009079  0.99829674
15 23 38 454228 -0.00995445 -0.0513134   1.00309753
15 23 38 501502 -0.01448822 -0.05129051  0.99591827
15 23 38 549810 -0.01408005 -0.0526619   1.00005531
15 23 38 600448 -0.01014137 -0.05854034  1.00436592
15 23 38 654948 -0.01505661 -0.05360985  0.99960136
15 23 38 703464 -0.01522064 -0.05291939  0.99498558
15 23 38 751209 -0.010149   -0.05155754  0.9969101 
15 23 38 800498 -0.00820351 -0.05170441  0.99845505
15 23 38 853979 -0.00727844 -0.04904366  0.99888039
15 23 38 904134 -0.00702667 -0.05176735  1.00242233
15 23 38 952463 -0.00280952 -0.04815865  1.00259972
15 23 39 1424 -0.00498581 -0.04776192  0.99880981
15 23 39 50093 -0.00673676 -0.05116081  1.00169182
15 23 39 105025 -0.00286293 -0.05284309  1.00089073
15 23 39 152171 -0.00523758 -0.0496254   1.00128555
15 23 39 202309 -0.00448227 -0.05051613  1.00035095
15 23 39 250706 -0.00572014 -0.05315399  0.99261856
15 23 39 300608 -0.00971222 -0.04740143  0.99836159
15 23 39 353149 -0.01132011 -0.04734039  0.99348068
15 23 39 404199 -0.01349068 -0.04894638  0.99804306
15 23 39 451494 -0.00901794 -0.05076981  1.00432587
15 23 39 502113 -0.01000595 -0.05056953  0.9954834 
15 23 39 553457 -0.01457024 -0.05100822  0.99589729
15 23 39 604625 -0.01464844 -0.05286026  0.99487305
15 23 39 651855 -0.01793289 -0.05651283  0.99629402
15 23 39 705341 -0.0139637  -0.05381775  1.00362968
15 23 39 754212 -0.01177216 -0.05833626  0.9955349 
15 23 39 804921 -0.01381874 -0.05340385  0.99707413
15 23 39 853238 -0.01560211 -0.05108643  0.99036598
15 23 39 902365 -0.00837135 -0.05536652  0.99507904
15 23 39 955359 -0.0088253  -0.04653358  0.99818993
15 23 40 6684 -0.00491714 -0.04897881  0.9981823 
15 23 41 752895 -0.00874519 -0.05179024  1.00009727
15 23 43 455074 -0.00465965 -0.04777336  0.99663544
15 23 46 159961 -0.00687981 -0.04535294  1.00536728
15 23 47 862667 -0.00646973 -0.04133797  1.00497818
15 23 49 565479 -0.00977516 -0.04936218  1.00056839
15 23 52 267261 -0.00850105 -0.04638481  0.99941063
15 23 53 970323 -0.0077877  -0.04535484  0.99797058
15 23 55 673111 -0.00561523 -0.05273056  0.99598122
15 23 58 377185 -0.0044384  -0.05332565  0.99274445
15 24 0 80424 -0.00856781 -0.05461884  0.99764633
15 24 5 183499 -0.01086235 -0.05155373  0.9985466 
15 24 11 284709 -0.01417732 -0.05138588  1.00343513
