-0.00913239  0.0028038   0.99542809
-0.01141548  0.00209808  1.00358963
-0.00931549  0.00251007  0.99567604
-8.16535950e-03 -7.03811646e-04  1.00295830e+00
-1.06945038e-02  3.81469727e-06  9.97261047e-01
-0.01055908  0.0017128   0.99952698
-1.03664398e-02  6.98089600e-04  9.90348816e-01
-0.00930405  0.00234795  1.00208855
-0.00775719 -0.00103188  0.99926376
-0.01453972  0.00198555  0.99965096
-0.00536919  0.00110817  1.01215553
-8.27407837e-03  8.65936279e-04  9.93532181e-01
-0.00419998  0.00769043  0.99894905
-0.00832939  0.00486946  0.99980736
-0.00538826  0.00426483  0.99740601
-0.01087379  0.00325775  0.99521828
-6.91986084e-03  4.57763672e-05  1.00565338e+00
-0.00720406  0.00346184  1.00008774
-0.00802422  0.0019474   0.99422646
-0.00835419  0.00356674  1.00657845
-1.29394531e-02  7.74383545e-04  9.97358322e-01
-0.00946999  0.00662422  1.00281715
-0.0063076  -0.00334167  1.00386429
-9.41658020e-03 -8.14437866e-04  9.93850708e-01
-0.00688744  0.00357628  0.99900246
-0.00953293  0.00118446  0.99754333
-0.00944328  0.00518227  0.99814034
-0.01011276  0.00223732  0.99645996
-0.0117321   0.0029068   0.99873734
-6.13212585e-03 -9.68933105e-04  9.95010376e-01
-0.00848389  0.00268936  1.00160217
-0.00727654  0.00378799  0.99850273
-0.00571442  0.00478554  0.99349785
-0.00827408 -0.00222588  1.0036869 
-0.01075745  0.00354195  0.99418449
-0.00434303  0.00207138  1.00025368
-0.00741768  0.00271988  1.00361824
-0.00839996  0.00266647  1.00168991
-0.00761032  0.0018177   0.99849319
-0.01185989  0.00416183  1.00187492
-0.00902557  0.00377655  0.998312  
-0.01070404  0.00156403  0.99521446
-0.00549316  0.00631142  1.0026226 
-0.0089016   0.00380898  0.99407578
-0.007658    0.00238037  0.99884796
-6.05964661e-03 -3.62396240e-04  9.97537613e-01
-9.86099243e-03  7.40051270e-04  9.98374939e-01
-0.00859642  0.00198555  0.99807167
-9.18388367e-03  1.83105469e-04  1.00144005e+00
-1.00135803e-02  7.89642334e-04  1.00060272e+00
-0.01173401  0.00229645  0.997715  
-7.52258301e-03 -3.45230103e-04  1.00383568e+00
-0.00536919  0.00246239  0.99885178
-0.0080452   0.00346375  1.00088501
-0.00998497  0.00270462  0.9985466 
-0.0083065   0.00172615  1.00115585
-0.0076561   0.00123596  0.9969368 
-0.00218964  0.00313187  1.00749969
-0.00941086  0.00372314  0.99277115
-9.30404663e-03 -6.31332397e-04  1.00451469e+00
-0.00795364  0.00104904  0.99787331
-0.00756073  0.00212288  1.00371552
-0.01073837  0.00214958  0.99305344
-0.01234436  0.0033989   0.99159813
-0.00769234  0.00237274  1.00538635
-0.0089798   0.00109291  0.99948502
-7.40432739e-03  6.84738159e-04  1.00010872e+00
-1.31435394e-02  9.42230225e-04  1.00009346e+00
-0.00875282  0.00285149  0.99416351
-1.22375488e-02  6.38961792e-04  9.99305725e-01
-0.01119804  0.00193977  1.0003891 
-0.01343918  0.00158882  1.00115395
-7.56835938e-03  7.40051270e-04  9.93522644e-01
-0.01069641  0.00110435  1.00348091
-0.00566483  0.00628471  0.99827385
-0.00609398  0.00131035  1.00024605
-0.00811958  0.00285149  1.00081062
-7.77626038e-03  1.14440918e-05  9.97179031e-01
-0.00746536  0.00238037  1.00090218
-0.00898361  0.00346565  0.99742699
-0.0048275   0.00860977  1.00540352
-0.00819969  0.00109291  1.00229073
-0.01354408  0.00623894  0.99709702
-0.01087189  0.00206947  0.99868011
-0.00657654  0.00152779  1.00139618
-0.00584984 -0.00125694  0.99687195
-0.00630569  0.00364494  0.99811172
-5.98907471e-03  3.58581543e-04  1.00084686e+00
-0.00755501  0.00213432  1.0014286 
-0.00717163 -0.00218201  1.00347137
-3.79562378e-03  1.81198120e-04  9.98756409e-01
-0.00496864  0.00258255  1.00252342
-0.00546837  0.0024662   0.99716949
-8.45336914e-03 -1.75476074e-04  1.00020218e+00
-0.007061    0.00239754  0.99453735
-0.01022911 -0.00279427  1.00084305
-0.00649261  0.0044632   0.99295807
-0.00870895  0.00754166  0.99892044
-0.00909805  0.00319481  1.00240326
-7.18879700e-03 -7.36236572e-04  1.00051498e+00
-0.00993156  0.00242805  1.00455475
-0.00866699  0.00284386  0.99825478
-9.14955139e-03 -2.70843506e-04  9.98664856e-01
-0.00748253  0.00325775  0.99788094
-1.06525421e-02  4.36782837e-04  1.00086212e+00
-0.01291466  0.00614357  0.9965744 
-0.00878143  0.00123024  1.00167656
-8.92829895e-03 -6.84738159e-04  9.97117996e-01
-0.01063728  0.0020237   0.99233818
-1.05609894e-02  3.26156616e-04  1.00206375e+00
-0.00863457  0.00327301  0.99577904
-0.00330353  0.00507927  0.99635696
-5.35774231e-03  1.25885010e-04  9.98197556e-01
-0.00935936  0.00292015  0.99796677
-0.0096302   0.00118065  1.00049591
-8.07762146e-03 -4.94003296e-04  9.99708176e-01
-0.00996017  0.00232697  0.99472809
-8.39424133e-03 -2.99453735e-04  9.99069214e-01
-1.13525391e-02  2.38418579e-04  9.96828079e-01
-0.00531769  0.00157738  0.99762917
-9.95445251e-03  9.02175903e-04  1.00410461e+00
-0.01005173  0.00360489  0.99659157
-8.47244263e-03  6.82830811e-04  1.00290108e+00
-9.45472717e-03  3.35693359e-04  1.00070763e+00
-0.01069069  0.0011692   0.99995613
-0.01064491  0.00250626  0.99917984
-0.00622749  0.00324249  1.00187492
-0.00802612  0.00285721  1.00066948
-0.00993156  0.00220871  0.99839973
-0.00915337  0.00349808  1.00066757
-0.00768089  0.00255775  1.00082397
-0.00481796  0.00474358  0.99611473
-0.00645065 -0.00174904  0.99683189
-0.00884247  0.00307655  1.00094986
-0.01126671  0.00167656  0.99664307
-0.01197243  0.00276375  1.00133896
-0.0078907   0.00125885  0.996912  
-5.79452515e-03  7.62939453e-05  9.97045517e-01
-0.00732994  0.00171471  0.99850273
-0.00973129  0.00158882  0.99640465
-0.0125103   0.00412369  0.99916267
-0.01106834  0.00310707  1.00306129
-6.14166260e-03  5.97000122e-04  1.00117111e+00
-0.0071907   0.00158501  0.99666405
-0.0079937   0.00483704  1.00174522
-0.00998497  0.00484657  1.00035095
-0.00915718  0.00201225  1.00335693
-8.52966309e-03 -4.19616699e-04  9.98813629e-01
-8.25309753e-03 -1.01089478e-04  1.00090790e+00
-0.00892639  0.00227165  0.99300957
-0.01195526  0.00445557  1.00136757
-8.70323181e-03  4.95910645e-05  1.00026703e+00
-0.00924492  0.0031147   0.99768257
-0.00846672  0.00362396  1.00349045
-0.00460052  0.00302696  0.99694443
-0.00658798 -0.00295639  0.99965477
-0.00699997  0.00360489  0.99934959
-0.01136208  0.0028019   1.00084686
-0.00995636  0.0032692   0.99959373
-0.00728989  0.00279617  0.99799728
-0.01074409  0.00614929  1.00030327
-0.00753975  0.00411415  1.00108719
-0.00913048  0.00190353  1.00164032
-7.09533691e-03 -6.29425049e-05  9.98392105e-01
-1.38702393e-02 -1.65939331e-04  9.96990204e-01
-0.01178741 -0.0022831   0.99975204
-0.00827789  0.00234604  0.9975605 
-8.88252258e-03 -4.10079956e-04  9.97226715e-01
-0.00946045  0.00368881  1.00516319
-0.00823975 -0.00223351  1.00138855
-0.00920486 -0.00116539  0.99886703
-0.00871849  0.00320435  0.99830627
-0.0087986   0.00530052  0.99847412
-0.0099144   0.00149918  0.99850273
-0.00959206 -0.00104523  0.99731255
-0.00820351  0.00149155  1.00253868
-0.00416756  0.0030098   0.99891472
-0.00828552  0.0042057   0.99777412
-0.00818825  0.00332642  1.0033989 
-0.01457596  0.00212288  0.99749184
-5.00679016e-03  2.93731689e-04  1.00105476e+00
-1.02443695e-02 -5.35964966e-04  1.00099945e+00
-0.00762749  0.00341988  0.99840546
-0.01202011  0.00163269  0.99656487
-7.54165649e-03  9.05990601e-04  1.00340080e+00
-1.17473602e-02 -8.75473022e-04  1.00109673e+00
-9.55581665e-03 -2.44140625e-04  9.97362137e-01
-0.00747299 -0.00166321  1.00334358
-0.01051903  0.0015831   0.99518013
-0.00806427  0.00349045  0.99633598
-0.01016998  0.00119591  1.00043869
-0.00392914  0.00592041  0.9973526 
-0.00883102  0.00158501  0.99632645
-0.00640678  0.00154305  0.99815178
-8.40568542e-03 -1.75476074e-04  9.99423981e-01
-0.00645638  0.00186539  1.00229836
-0.00887108  0.00123596  1.00061798
-1.03836060e-02  9.19342041e-04  1.00350571e+00
-0.0085907   0.0028801   0.99379158
-0.00369263  0.00286865  1.00067711
-0.00704193 -0.00136948  0.99808311
-0.00844002  0.004776    0.99872398
-9.35554504e-03 -2.65121460e-04  9.97987747e-01
-0.0070858   0.00108147  0.99760246
-0.00706482  0.00256157  1.00080681
-0.00889397  0.00145721  0.99659348
-0.00418091 -0.00196457  0.99821281
-0.00758553  0.00129128  1.00216103
-9.49478149e-03 -2.26974487e-04  9.97854233e-01
-0.0093956   0.0031414   0.99716568
-0.01358986  0.00398064  1.00139618
-0.00424385  0.00177383  1.00110626
-0.01151657  0.          0.99839592
-0.00519753  0.00799179  0.99697113
-0.00970078  0.00535774  0.99807167
-8.58688354e-03  3.83377075e-04  9.98016357e-01
-0.00591469  0.00336456  0.99406052
-0.01123047  0.00382233  0.99915886
-0.00674248  0.00629997  1.00125694
-0.00327682  0.00242233  1.00195503
-0.01013947  0.00175858  1.00590897
-0.00686646  0.00253105  1.00389862
-0.00609207  0.00502396  0.99730682
-0.01222992  0.00255775  0.99882507
-0.00732803  0.00189018  1.00364685
-0.00977135  0.00226212  0.99915314
-0.00992775  0.00338364  0.99732208
-0.00604248 -0.00271034  0.99647903
-4.93049622e-03 -5.93185425e-04  1.00170517e+00
-0.01071358  0.00448799  1.00175476
-0.01318359  0.0017643   0.99787331
-1.05285645e-02  9.82284546e-04  1.00652504e+00
-0.0090332   0.00396156  0.99315071
-8.23402405e-03  1.02996826e-04  1.00631142e+00
-0.00931931  0.00212669  0.99426079
-9.38224792e-03  5.72204590e-05  9.94274139e-01
-0.00996208  0.00100517  1.0046978 
-6.40869141e-03  2.34603882e-04  9.99040604e-01
-0.01073265  0.00942802  0.99357224
-0.00901985  0.00233078  0.99951935
-9.67407227e-03 -2.70843506e-04  9.99563217e-01
-0.01139259  0.00151443  0.99758911
-8.41712952e-03 -6.71386719e-04  1.00150490e+00
-0.00515556  0.00232315  1.00080299
-0.00891685  0.00265694  0.99881935
-0.00846291 -0.00312424  0.9971199 
-0.01115036  0.00230789  0.99729538
-4.67300415e-03  8.85009766e-04  9.97903824e-01
-0.00911903  0.00254059  0.99933624
-0.00785255  0.0033989   1.00114441
-5.85174561e-03 -4.78744507e-04  9.99683380e-01
-0.00704002  0.00208855  0.99829483
-5.67245483e-03 -3.50952148e-04  1.00099373e+00
-0.00357246  0.00161552  1.00049782
-0.00751877  0.0029068   0.99820518
-0.00842857  0.00402069  0.99835014
-0.00452614  0.00141335  0.99648857
-8.52203369e-03 -4.57763672e-04  9.95361328e-01
-9.47570801e-03  9.30786133e-04  1.00063324e+00
-0.00794601  0.00257301  1.00283813
-8.78524780e-03  4.52041626e-04  9.97663498e-01
-0.01070595  0.00502777  1.00156975
-0.00953484  0.00200272  0.99689865
-0.0047493   0.00124741  0.99799347
-8.75663757e-03  7.62939453e-05  1.00045776e+00
-0.00696564  0.00156593  0.99841118
-0.00946236  0.00156212  1.00065994
-6.49261475e-03 -7.55310059e-04  1.00189018e+00
-0.0118351   0.0050621   0.99698448
-0.0103054   0.00115967  0.99872017
-0.01000404  0.00216293  0.99409676
-9.12284851e-03 -3.62396240e-05  1.00088310e+00
-6.28662109e-03  8.02993774e-04  9.99919891e-01
-0.00440598  0.00320435  1.00011826
-0.00723267  0.00361252  0.99622917
-0.00985146  0.0063076   0.99799919
-0.0092144   0.00343132  1.00103569
-0.01001167  0.00366974  0.99668503
-1.06010437e-02 -1.37329102e-04  9.97627258e-01
-6.64329529e-03 -8.58306885e-04  9.97440338e-01
-4.20761108e-03  8.79287720e-04  1.00046539e+00
-0.01037407 -0.00128555  0.99767113
-5.80406189e-03  9.67025757e-04  9.99338150e-01
-0.01134109  0.0015316   0.99661636
-0.00985909 -0.0045681   0.99972343
-0.01120567  0.0037632   0.99666405
-1.14784241e-02  8.50677490e-04  9.97138977e-01
-0.00797844  0.00115776  0.99688721
-0.00866127  0.00651741  0.99562645
-9.22012329e-03  3.24249268e-04  9.98493195e-01
-0.00614738  0.00422859  0.9965992 
-0.00821114  0.00619316  1.00217438
-0.00934029  0.00133514  0.99857903
-0.00567818  0.00138283  0.9996376 
-1.06143951e-02  3.14712524e-04  9.96103287e-01
-0.00611115  0.00181198  1.00030327
-0.00932312  0.0016098   0.99745369
-0.00941658 -0.00120354  1.00034904
-4.94575500e-03  8.02993774e-04  1.00258446e+00
-0.00780106  0.00499344  0.99678802
-0.00771523  0.00190353  0.99830437
-0.0112381   0.00498199  0.99936295
-0.0102005   0.00246811  0.99541283
-0.00642395  0.001297    0.99762344
-0.00930786  0.00432014  0.9996109 
-0.0065403   0.00508308  0.99971008
-0.0070076   0.00501251  0.9961071 
-0.00858879  0.00180435  1.00198936
-0.00994873 -0.00127029  1.00112724
-0.00752068 -0.00171471  0.9981041 
-0.00731659  0.00151825  0.99849319
-0.00712013  0.00142288  1.00288582
-0.00894928  0.00367928  0.99685478
-0.00616074  0.00172424  0.99969673
-0.00846672  0.00112915  1.00111961
-7.69996643e-03  5.66482544e-04  1.00115585e+00
-0.0065136   0.00181198  0.99971771
-0.01291656 -0.0012455   0.99839211
-0.00986099 -0.00128746  1.00008965
-8.28170776e-03 -3.16619873e-04  1.00052071e+00
-0.00936699  0.00203705  0.99753952
-0.00927162  0.00453758  0.9988842 
-8.19015503e-03  7.19070435e-04  1.00108719e+00
-9.43565369e-03  5.30242920e-04  9.96629715e-01
-0.00671387  0.00773811  1.00178909
-0.00760269  0.0025425   0.99966049
-0.00612831  0.00273514  0.99841309
-0.00923538  0.0027256   0.99919891
-0.01070023  0.00535011  1.00425529
-0.00739861  0.00325203  0.99987602
-0.00939369  0.00321198  1.0005188 
-0.00793266  0.00339127  1.00249481
-0.00653839  0.0033474   0.99990082
-0.01216698  0.0011673   0.99405098
-0.01147842  0.00458527  1.00071526
-0.0092144  0.0041523  1.0006218
-0.00941849  0.00182724  1.00017357
-7.29942322e-03  7.38143921e-04  1.00315094e+00
-0.00879478  0.00317001  0.99822426
-7.34519958e-03  7.41958618e-04  9.99176025e-01
-0.01197815  0.00169182  0.99730301
-0.00627708  0.00119591  0.99971962
-0.010252    0.00588226  1.00115013
-0.01039314  0.0033989   1.0003109 
-0.00530624  0.00638962  0.9998951 
-6.90841675e-03 -2.74658203e-04  9.96236801e-01
-0.00823212  0.00170517  1.00019073
-7.98606873e-03 -6.10351562e-04  9.98815536e-01
-1.32617950e-02 -8.62121582e-04  9.98889923e-01
-9.75418091e-03  9.34600830e-04  9.94863510e-01
-0.00817299  0.00325775  0.99647141
-0.00896072  0.00304031  0.99567986
-0.00764465  0.00500298  0.99777794
-1.10111237e-02  4.65393066e-04  1.00304031e+00
-0.01112747  0.00213623  0.99700928
-0.00816727 -0.00248337  0.99615097
-0.00804138  0.00303841  0.99718094
-7.82012939e-03  6.06536865e-04  1.00132561e+00
-0.00660515  0.00294304  0.99622917
-0.00437164  0.00254059  0.9992733 
-7.87925720e-03  5.03540039e-04  9.95414734e-01
-9.63783264e-03 -8.22067261e-04  9.98962402e-01
-0.0085144   0.00219727  1.00005531
-5.44357300e-03 -4.29153442e-04  9.98832703e-01
-0.0084095   0.00323677  0.99858475
-0.00867462  0.00293159  1.00090408
-0.01069069  0.00358391  1.00126648
-0.00873947  0.00488281  0.99672699
-0.00686836 -0.001297    0.99261665
-1.36566162e-02  3.96728516e-04  1.00063133e+00
-0.00809479  0.00403214  0.99946976
-0.01072884  0.00364113  1.00264359
-0.0073185   0.00101471  0.99788666
-0.0086956   0.00232697  1.00235939
-7.12966919e-03  3.47137451e-04  1.00092125e+00
-0.01040268  0.00196457  0.99986458
-0.00920296  0.00221825  1.00165176
-8.02230835e-03  5.66482544e-04  1.00257683e+00
-0.0097065   0.00102997  0.99782372
-1.02272034e-02 -1.14440918e-05  1.00199318e+00
-0.00676155  0.00444603  0.99581528
-0.00928307 -0.00118065  1.00090218
-9.21249390e-03  3.96728516e-04  1.00349998e+00
-0.00744438  0.00392151  0.99982071
-1.32408142e-02  6.92367554e-04  1.00279617e+00
-0.00813484 -0.00160599  1.00016403
-5.19371033e-03  7.57217407e-04  9.97556686e-01
-0.00615692  0.00707245  0.99588776
-0.00819206 -0.00113869  1.00214958
-0.00972748 -0.00186157  0.9997673 
-9.01603699e-03  6.21795654e-04  9.92465973e-01
-0.01019096  0.0025692   0.99883652
-9.92012024e-03  1.92642212e-04  9.98035431e-01
-0.00870895  0.00116158  0.99563599
-1.06258392e-02 -7.24792480e-05  9.94600296e-01
-0.00969887  0.00156403  0.99839783
-0.00736809 -0.00262642  1.00086784
-7.94982910e-03  2.78472900e-04  9.97907639e-01
-0.00997925 -0.00240135  0.99861145
-0.00812721  0.00577354  0.99835968
-0.00761795  0.0036087   0.99807739
-0.00952911  0.00276756  0.9997921 
-0.01146698  0.00239372  1.0009079 
-5.81741333e-03  5.51223755e-04  1.00178719e+00
-0.00572968  0.00250053  1.00024986
-0.01048851 -0.00186157  0.99574661
-0.00714302  0.00178719  0.9992466 
-0.01169586  0.00555038  0.999506  
-0.00681305  0.0049324   0.99598503
-0.00890732 -0.00135231  1.00116348
-0.01040268  0.00380516  0.99245262
-0.0085659   0.00256157  1.00151825
-0.01140213  0.00209618  0.99947548
-8.73947144e-03 -2.97546387e-04  9.96477127e-01
-0.00754166  0.00227547  0.99887466
-1.26285553e-02  7.55310059e-04  9.98401642e-01
-9.81330872e-03 -6.04629517e-04  9.97997284e-01
-6.51741028e-03  5.91278076e-04  1.00127220e+00
-0.00712013  0.00516701  1.00379753
-0.00647926  0.00329781  0.99817467
-0.00839424  0.00322151  1.00081825
-8.44383240e-03 -4.80651855e-04  1.00004578e+00
-0.00920868  0.00281906  0.99761391
-0.00605202  0.00385666  0.9987011 
-0.00430679 -0.00365639  0.99561501
-0.00791168  0.00379944  1.00899696
-0.01092911  0.00225067  0.99918938
-0.00944328  0.00288963  1.0012207 
-0.00828743  0.00323677  0.99723434
-0.00730133  0.0015831   0.9979496 
-0.00979424  0.00270653  0.99731636
-0.0101223  -0.00204277  1.002388  
-0.01108932  0.00202179  1.00028229
-0.00875092 -0.0011425   1.00270653
-0.01072502  0.00374603  1.00813866
-0.01062775  0.0016861   1.01535988
-0.00712395 -0.00232315  0.99534988
-9.64736938e-03  5.41687012e-04  1.00274467e+00
-0.00862122  0.00481987  0.99444962
-0.00863838  0.00123978  0.99565125
-0.00900078  0.00215912  0.99827194
-0.00886536  0.00162315  1.00041962
-0.00641823 -0.0013752   0.9972496 
-5.26046753e-03 -5.77926636e-04  9.95244980e-01
-1.18541718e-02  1.46865845e-04  9.97961044e-01
-0.00696754  0.00287437  1.00293541
-0.00986099  0.005867    0.99679947
-0.00692368  0.00522232  0.99992561
-0.01043701  0.00219917  0.9988308 
-0.00489426  0.00622559  0.99778366
-0.00446129  0.00365639  0.99498749
-0.01105881  0.00679207  0.99772453
-1.06010437e-02 -8.16345215e-04  9.98630524e-01
-0.00880432  0.00516891  0.99894905
-0.00506401  0.00350571  0.99752617
-0.00491905  0.00165558  0.99656296
-0.00837898  0.00298882  0.99785423
-0.00947571  0.00493813  1.00184441
-0.01074982  0.00229645  0.99824524
-0.00905609  0.00351143  0.9994545 
-0.00996399  0.00267792  1.00256157
-0.00782776  0.0037899   0.99953651
-0.00769615 -0.00275803  0.99706268
-9.23728943e-03  3.41415405e-04  1.00178909e+00
-0.00855827 -0.00246811  1.00098038
-7.71522522e-03  4.50134277e-04  1.00180435e+00
-0.01038742 -0.00171852  0.99972343
-0.00931931  0.00410652  1.0061779 
-0.00680923  0.00484657  1.000494  
-9.75418091e-03 -5.20706177e-04  1.00170708e+00
-0.00753975  0.00202179  1.00201035
-0.0083847   0.00123405  0.99343109
-0.00954056  0.00125504  1.00157356
-8.64028931e-03 -7.45773315e-04  9.95140076e-01
-0.00358582  0.00558662  0.99517441
-0.01107216  0.0061245   1.00242233
-7.29370117e-03  8.14437866e-04  1.00092506e+00
-0.00933647  0.00702286  0.99807358
-8.98361206e-03 -4.06265259e-04  1.00004005e+00
-0.01070786 -0.00141907  0.99680519
-0.00601768 -0.00185013  0.99807549
-0.00921059  0.00209427  0.99721909
-0.01026344  0.00378227  0.99718475
-0.00544548  0.00195122  0.99775124
-7.74383545e-03 -3.92913818e-04  9.99517441e-01
-9.20677185e-03 -3.12805176e-04  9.95437622e-01
-9.13047791e-03 -3.62396240e-04  9.99925613e-01
-0.01132202  0.00556755  1.000494  
-0.01054382  0.00255966  0.99365997
-0.00522614  0.00571823  1.00036812
-0.00756645 -0.00202179  0.99822807
-0.01096153  0.00154305  0.99720383
-0.00488091  0.0056572   1.00064468
-0.01132584  0.00538635  0.99675369
-0.00845909 -0.00271606  0.99829292
-0.00459671  0.00324059  0.9986515 
-9.21058655e-03 -3.87191772e-04  9.97264862e-01
-9.14382935e-03  1.96456909e-04  1.00406265e+00
-8.65936279e-03  8.31604004e-04  9.96749878e-01
-0.00810242  0.00223541  1.00026131
-0.00959396  0.00682259  0.99925232
-4.41169739e-03 -3.62396240e-05  1.00155067e+00
-0.01012039  0.00123024  0.99606133
-6.75582886e-03  9.97543335e-04  1.00120544e+00
-6.46972656e-03 -8.58306885e-05  9.97314453e-01
-0.0106144   0.00172424  0.99651909
-1.24607086e-02 -5.43594360e-04  1.00267792e+00
-0.00805092  0.00287437  0.99937248
-0.01004791  0.00339317  1.00100327
-0.00697136  0.00133896  0.99546051
-0.00779152 -0.00176239  0.99688911
-1.01242065e-02 -3.62396240e-04  1.00042343e+00
-0.00761414  0.00314713  0.99703407
-1.23538971e-02  9.42230225e-04  1.00101089e+00
-1.15299225e-02 -5.72204590e-04  1.00115585e+00
-0.00997925  0.00168037  0.99749184
-0.01521492  0.00515747  1.00028992
-0.009758    0.004179    0.99799919
-0.0112648   0.00274277  1.00085068
-0.0064106   0.00444794  0.99674606
-0.00877571  0.00120926  1.00252724
-0.0096035   0.00351334  1.00043678
-0.00972176  0.00444412  0.99964333
-0.00988197  0.00340271  0.99988365
-9.76753235e-03  9.21249390e-04  9.96200562e-01
-0.00796509  0.00111008  0.99905014
-1.15184784e-02 -5.62667847e-04  9.96683121e-01
-0.00860023  0.00349808  0.99606514
-1.35250092e-02  7.13348389e-04  9.98495102e-01
-8.34274292e-03  3.41415405e-04  1.00035286e+00
-0.00774384  0.00278473  0.99678421
-1.01280212e-02  8.14437866e-04  1.00107002e+00
-0.00954056  0.00377464  0.99941063
-0.01157188  0.00188828  0.99829674
-0.0074749   0.00606155  1.00536919
-0.0067215   0.00248718  0.99561691
-0.00931549  0.00217628  0.99735641
-0.00757217  0.00191689  0.99994087
-0.00932503  0.00332642  1.000494  
-0.00794792  0.00171471  0.99738312
-0.01102257  0.00468826  0.99914169
-7.13348389e-03  7.93457031e-04  1.00072098e+00
-0.00911331  0.001688    0.99573898
-0.00728226  0.00167274  0.99748421
-8.92639160e-03  7.40051270e-04  9.95702744e-01
-7.59124756e-03 -4.06265259e-04  9.99067307e-01
-0.00390625  0.0025444   0.99749565
-0.00736427  0.00572205  1.00385094
-8.75091553e-03  2.40325928e-04  1.00087357e+00
-1.11618042e-02  8.46862793e-04  9.97774124e-01
-0.00738716  0.00627136  0.99848557
-0.00778961  0.00507736  0.99868774
-0.00835419  0.00134087  0.99935722
-0.00750542  0.00238609  0.99987411
-0.00626564  0.00114632  0.99759102
-0.01070976 -0.00111961  1.00002098
-0.00942612  0.00460052  1.0009861 
-0.0123024   0.00292206  0.99459076
-0.01014328  0.00228119  1.00084114
-4.92286682e-03  8.41140747e-04  9.98172760e-01
-0.00915718  0.00418091  0.9980278 
-0.00777245  0.00299835  0.99806786
-0.00904083  0.00270271  0.99439049
-0.00886536  0.00252724  1.00209618
-0.00447273  0.00131989  0.99724579
-0.00756264 -0.00220871  0.99897194
-0.00762177  0.00130081  1.00286484
-0.01315498  0.00185585  0.99707031
-0.01110458  0.00421333  1.00006866
-0.00987053  0.00296783  0.99736595
-7.39479065e-03  7.99179077e-04  9.97673035e-01
-0.01057816  0.00259781  0.99674034
-0.00769043 -0.00138664  0.99479103
-0.01099777  0.00149155  0.9982357 
-0.00509453  0.00244331  0.99954414
-0.01083565  0.0032959   0.99432373
-0.00804329  0.00111771  0.99925423
-0.01120186 -0.00217819  0.99940681
-0.00813484  0.00300217  1.00077248
-6.91986084e-03 -6.25610352e-04  9.96301651e-01
-1.10988617e-02 -5.14984131e-05  9.96097565e-01
-0.00566864  0.00185204  0.99764442
-9.45091248e-03 -6.75201416e-04  1.00157928e+00
-9.74845886e-03  7.97271729e-04  1.00222588e+00
-0.00843239  0.00258255  0.99954414
-9.07135010e-03  8.58306885e-05  1.00097084e+00
-5.81550598e-03  8.02993774e-04  9.98844147e-01
-0.00885391  0.00229263  1.00066757
-0.0076561  -0.00196266  0.99975586
-0.00716782 -0.00201607  0.99729919
-0.01179886  0.00349617  1.00135422
-5.30433655e-03  3.73840332e-04  1.00107193e+00
-0.00979996  0.00327492  0.99983215
-0.00747299 -0.00246811  0.99518204
-7.47871399e-03 -3.91006470e-04  9.99252319e-01
-0.01203537  0.00678825  0.99715996
-0.01471138  0.00118256  0.99960136
-0.00769043  0.0026722   0.99938774
-8.40759277e-03  1.04904175e-04  9.95904922e-01
-0.00814247  0.00229263  1.00282669
-0.00955963 -0.00149345  0.9986496 
-9.54437256e-03  2.15530396e-04  1.00298500e+00
-9.46807861e-03  5.64575195e-04  9.94886398e-01
-0.00755119  0.00382614  0.99997139
-0.00890541  0.0021286   1.00205421
-0.00967216  0.0032196   0.9966507 
-1.16767883e-02  3.29971313e-04  1.00061035e+00
-9.66262817e-03 -1.58309937e-04  1.00499153e+00
-0.01102257  0.00465393  0.9945755 
-8.76808167e-03  3.52859497e-04  9.98542786e-01
-6.23893738e-03  4.76837158e-05  9.97308731e-01
-0.00957489  0.00515175  0.99772263
-1.08013153e-02 -4.15802002e-04  1.00188065e+00
-8.29315186e-03 -2.86102295e-05  1.00148582e+00
-0.01200294  0.00231361  1.00041199
-8.90350342e-03  5.87463379e-04  9.94047165e-01
-0.00671005  0.00317764  1.00102043
-9.25064087e-03  4.08172607e-04  1.00085449e+00
-1.00784302e-02  8.98361206e-04  1.00238991e+00
-6.25610352e-03  9.42230225e-04  1.00049591e+00
-0.00929642  0.00502014  0.99598312
-0.00625992  0.00310898  0.99818993
-9.61685181e-03 -4.63485718e-04  9.98916626e-01
-0.0081234   0.0019722   1.00169754
-0.00999832  0.00286484  0.99946594
-0.00938606  0.00461197  1.00436211
-4.69589233e-03  3.60488892e-04  9.97577667e-01
-0.00855255  0.00165749  0.99836922
-0.00774574  0.0060215   0.99861717
-0.01182747  0.00243759  0.99713135
-8.91876221e-03  4.99725342e-04  1.00071526e+00
-0.00955963 -0.00300407  1.00098419
-0.00663567  0.00241852  0.99851227
-0.00783348  0.00390625  1.0009594 
-7.16781616e-03  1.02996826e-04  9.98462677e-01
-0.00665092  0.00835991  0.99900246
-0.00719261  0.00305557  0.99939728
-0.00989342  0.00201607  0.99278641
-0.00983238  0.00410843  0.99898529
-0.01023293  0.00335312  0.99930573
-0.00891495  0.00311852  0.99935532
-0.00486755  0.00596046  0.99553299
-0.00735474  0.00437927  0.99308586
-8.61740112e-03  8.77380371e-04  1.00146866e+00
-5.92041016e-03  1.52587891e-05  1.00088501e+00
-0.00735474  0.00136375  0.99901962
-0.0066452  -0.00180435  0.99910927
-8.99696350e-03 -6.50405884e-04  9.98493195e-01
-0.00790977  0.00303841  1.00138664
-0.00967979  0.00263405  0.9980793 
-0.01004601  0.00255013  1.00078392
-0.00620842  0.00463486  1.00018883
-1.01699829e-02  9.30786133e-04  9.97507095e-01
-4.66156006e-03  9.07897949e-04  9.97615814e-01
-0.00719643  0.00227547  0.99807549
-0.01251793 -0.00147629  0.99868584
-0.00409508  0.00109863  0.9988575 
-0.00702286  0.00346565  1.00121117
-8.34846497e-03 -8.16345215e-04  9.96139526e-01
-1.12705231e-02  4.04357910e-04  1.00088120e+00
-0.01013565  0.00279045  1.00456047
-0.00690079  0.00272751  0.99679756
-7.60078430e-03  6.86645508e-05  9.97447968e-01
-8.91304016e-03  5.28335571e-04  9.99761581e-01
-0.00622559  0.00140953  1.0014286 
-7.34901428e-03 -8.02993774e-04  9.98598099e-01
-0.00668335  0.00274658  1.00094795
-5.17272949e-03 -4.00543213e-04  1.00115585e+00
-0.01124763  0.00266838  0.99726486
-0.00897408  0.00202751  0.99837685
-0.00815201  0.00118637  0.99870491
-9.65118408e-03 -3.05175781e-04  1.00020218e+00
-0.00771141  0.00424767  0.99947357
-0.01075554  0.00409126  0.99942398
-7.43293762e-03  9.13619995e-04  1.00243187e+00
-0.00617218  0.00288391  0.99964333
-0.01194191  0.00659943  1.00187492
-0.00900078  0.00384903  1.00232887
-7.49015808e-03 -6.86645508e-05  1.00077248e+00
-0.01131821  0.00104904  0.99696159
-9.49668884e-03 -2.68936157e-04  1.00170326e+00
-0.01181602  0.00138474  0.99793816
-0.01029587  0.0031395   1.00319099
-0.00802803  0.00244141  1.00104141
-0.0067749   0.00586319  0.99298096
-0.00540543  0.0015049   0.99567413
-0.01078033  0.00522423  1.00114822
-1.04541779e-02  1.10626221e-04  9.96202469e-01
-0.00818825  0.00340652  0.99640465
-0.00793266  0.00331116  0.99793625
-0.00757408  0.00500107  0.99720001
-1.27487183e-02  1.69754028e-04  1.00179482e+00
-0.00835991  0.00157547  1.00177765
-1.03340149e-02  6.38961792e-04  9.97381210e-01
-0.00697517  0.00241089  1.00016594
-0.00964928  0.00146675  0.99876213
-0.01290321  0.00297356  0.99882698
-0.00837517  0.00431442  0.99615097
-0.01286125  0.00189972  1.00091553
-0.0089016   0.00358391  1.00096512
-0.00739479  0.0025692   0.99855995
-0.01219749  0.00220299  0.99966812
-0.00853729  0.00364304  1.0014534 
-1.07288361e-02  4.29153442e-04  1.00272942e+00
-0.00957489 -0.00170517  0.99738693
-0.01108932  0.00542068  0.99894333
-6.21223450e-03 -6.67572021e-05  9.94737625e-01
-9.47189331e-03 -2.57492065e-04  9.95981216e-01
-0.01213264  0.00449371  1.00086784
-0.00950432  0.00322151  1.00399971
-0.01004028  0.00128746  1.001091  
-0.01098251  0.00292015  0.99694633
-0.00772858  0.00287819  0.99815559
-0.0055542   0.00485802  0.99970245
-0.01231956 -0.00180817  1.00082397
-0.00442314  0.0048008   0.99958992
-0.00707436  0.00190735  0.99898338
-0.0122757   0.00290489  0.99947166
-0.00791168 -0.00182915  1.00374031
-0.00863075  0.00175095  1.00174522
-0.00848007  0.00157166  1.00268173
-6.62422180e-03 -5.77926636e-04  1.00005341e+00
-0.00953865  0.00321007  0.99867821
-0.00683022  0.00492096  1.00076866
-0.01082802  0.00260162  0.99845314
-6.79588318e-03  7.41958618e-04  9.98182297e-01
-8.46099854e-03  5.45501709e-04  9.97179031e-01
-1.08623505e-02 -8.67843628e-04  9.99334335e-01
-0.01097488  0.00175858  0.9999485 
-0.0098362   0.00199127  0.99503899
-0.00831795 -0.00143433  0.99771881
-0.00586891  0.00379562  1.00174904
-0.00899506  0.00555038  1.00350189
-0.0083065   0.00386429  1.00273323
-0.00840378  0.00380135  1.00282288
-0.0045433   0.00393677  0.99829865
-0.01138878  0.00328255  0.99885559
-9.46426392e-03 -4.80651855e-04  1.00174713e+00
-0.00986671  0.00261116  0.99671745
-0.0106945  -0.00246048  1.00232697
-0.00895309  0.00212097  0.99946785
-0.00580025  0.00290489  0.99989128
-5.95664978e-03  6.69479370e-04  9.96423721e-01
-0.01046944  0.00435829  0.99916649
-1.09958649e-02  7.62939453e-04  1.00344849e+00
-0.00835228  0.0017128   0.99948502
-0.00506592  0.00362206  1.00383759
-0.00769424  0.00255585  0.99751091
-0.01105309  0.00105476  0.99547386
-0.00899887  0.00600433  1.00556374
-0.00909424  0.00326538  0.9983139 
-0.00894928  0.00203514  0.99660492
-0.00765991  0.00505257  1.00163651
-0.01262665  0.00148773  0.99895287
-0.00935364  0.00665665  0.99378395
-0.00849533  0.00105858  1.00306702
-0.00587463  0.00399017  1.00828934
-0.01290703  0.00587082  0.99636459
-6.32286072e-03  5.62667847e-04  9.97692108e-01
-1.16386414e-02 -4.73022461e-04  1.00077057e+00
-0.00571823  0.00416565  0.9976635 
-0.00995827  0.00233078  0.99967575
-0.00980949 -0.00164032  1.00068283
-0.00549126  0.00359344  1.00301743
-0.01185226  0.00358772  0.99646378
-9.68170166e-03 -4.29153442e-04  9.98306274e-01
-5.98526001e-03 -3.56674194e-04  1.00145912e+00
-0.01233292  0.00147247  0.99933434
-0.01082993  0.00149345  0.99492455
-0.01150131  0.00335121  1.0032692 
-0.01085281  0.00140381  0.99730873
-0.01008987 -0.00136948  1.00120354
-0.01053238  0.00399017  0.99711227
-0.00829124  0.00208855  0.99383354
-0.0069828   0.00535583  0.99689484
-0.00939178  0.0015831   0.9997673 
-0.00990105 -0.00146103  0.99850273
-0.00941086  0.00341034  0.99983215
-0.00932312  0.0020237   0.99710846
-0.00819588  0.00405693  1.00225449
-0.01105499  0.00528908  1.00508499
-0.0077858   0.00408745  0.99773788
-6.44111633e-03  8.75473022e-04  9.96274948e-01
-0.0082016   0.0010128   0.99921608
-0.00978088 -0.00200272  0.99967766
-0.00803185  0.00539589  0.99635887
-0.00518799  0.0027504   1.00289345
-0.00319099  0.00183296  1.00143051
-7.69615173e-03 -8.54492188e-04  1.00289345e+00
-9.63592529e-03  9.57489014e-04  9.97823715e-01
-0.00673485  0.0019989   0.99747086
-3.03077698e-03 -9.93728638e-04  9.99782562e-01
-1.01146698e-02  6.80923462e-04  1.00067139e+00
-0.00780869 -0.00196266  0.99822044
-0.00767517  0.00178337  0.99968529
-8.00895691e-03 -8.43048096e-04  9.92084503e-01
-7.87353516e-03  5.85556030e-04  1.00196266e+00
-0.00859261  0.00312233  0.99919319
-0.0045929   0.00284386  0.99857521
-0.00964737  0.0021553   0.99580956
-7.89451599e-03  6.46591187e-04  9.96524811e-01
-0.00592422  0.00561905  0.99647141
-1.25312805e-02 -5.72204590e-04  1.00181198e+00
-0.00515938  0.00271988  0.99430275
-0.00788689  0.00569153  0.99584007
-0.00806999  0.0021801   0.99553871
-7.45582581e-03 -9.84191895e-04  1.00210571e+00
-6.19125366e-03 -6.56127930e-04  9.95988846e-01
-1.01737976e-02 -5.91278076e-05  9.97692108e-01
-0.00655174  0.0028801   1.00183868
-0.0117588   0.00394821  0.9998951 
-4.33540344e-03 -3.79562378e-04  9.96204376e-01
-0.0039978   0.00185966  0.99999046
-0.01044655  0.00808716  0.9994812 
-0.00160599  0.00260544  0.99534225
-0.0134449  -0.003479    1.00271225
-0.00365067  0.00336647  1.00014877
-0.0118103   0.00294495  0.99386215
-0.00649071  0.00540924  0.99981499
-0.00940895  0.00392914  0.99523544
-6.34765625e-03 -5.79833984e-04  1.00305176e+00
-1.13315582e-02 -1.83105469e-04  9.96721268e-01
-1.23996735e-02 -1.73568726e-04  1.00344276e+00
-0.00926399  0.00607681  0.99765015
-0.00944901  0.00444603  0.99596405
-9.99832153e-03  4.04357910e-04  1.00439835e+00
-9.23919678e-03  7.62939453e-05  9.96479034e-01
-9.62257385e-03 -9.55581665e-04  1.00476456e+00
-0.00810051  0.0036068   0.99761772
-6.47544861e-03  3.33786011e-04  1.00050735e+00
-0.00686455  0.00471687  0.99811554
-0.00997162  0.00216293  0.99861145
-7.66944885e-03  3.10897827e-04  1.00082779e+00
-0.00736427  0.00134468  0.99023628
-1.04389191e-02  3.98635864e-04  1.00149536e+00
-1.13620758e-02  4.84466553e-04  9.94955063e-01
-1.01718903e-02  7.24792480e-04  1.00090027e+00
-1.19647980e-02  8.58306885e-05  9.95853424e-01
-9.51766968e-03  8.60214233e-04  1.00154305e+00
-9.27162170e-03  5.98907471e-04  1.00067329e+00
-1.12648010e-02 -5.53131104e-05  9.98720169e-01
-0.0084095   0.00719833  0.99823761
-0.00652885  0.00237083  0.99622536
-0.00851631  0.0053196   0.99826622
-0.01086998 -0.00305748  0.99925804
-0.01303482  0.00444221  0.99947166
-0.00990677  0.00501251  0.99993896
-0.00688553  0.00530243  1.00176048
-0.0089817  -0.00262451  0.99899673
-0.00916862  0.00309944  0.99681282
-0.00730324  0.00307083  1.        
-0.01015472  0.00380325  0.99774933
-6.41632080e-03 -3.43322754e-04  1.00204086e+00
-0.00922775  0.00251961  0.99548149
-9.48715210e-03 -8.20159912e-04  9.97692108e-01
-0.00654602  0.00679779  0.99535942
-1.10511780e-02  1.94549561e-04  9.98996735e-01
-0.00790596 -0.00121307  0.99525452
-0.00722694  0.00555801  0.99882126
-0.00767136  0.00585938  0.99773598
-0.00891685  0.00288391  0.99712563
-8.82720947e-03  5.20706177e-04  9.99546051e-01
-1.16291046e-02  6.21795654e-04  9.99076843e-01
-6.96372986e-03 -8.90731812e-04  1.00195503e+00
-0.00842476 -0.00242615  0.99892044
-1.01623535e-02  4.11987305e-04  9.97821808e-01
-9.04273987e-03  6.77108765e-04  9.96707916e-01
-0.00805283  0.00172997  1.00255585
-0.00872421 -0.00231743  1.000103  
-9.05609131e-03  6.37054443e-04  9.97520447e-01
-8.67080688e-03  3.91006470e-04  1.00049019e+00
-0.00664711  0.00245476  1.00208664
-7.00187683e-03 -2.34603882e-04  9.98374939e-01
-0.00725365  0.00154114  0.99637222
-0.00705719  0.00567245  1.00361252
-0.00902367  0.00201416  1.00405312
-0.00870132  0.00379944  0.9999752 
-0.00802803  0.00170708  0.99843025
-0.0058403   0.00191307  0.99594307
-0.0062561   0.00342751  1.00111389
-0.00991249  0.0039196   1.00260925
-0.00871086  0.00211906  1.00151634
-0.00713539  0.00570107  0.9992485 
-0.01059532  0.00665665  0.99994659
-0.00924873  0.00518417  1.0007515 
-0.00777817 -0.00172806  1.00109673
-6.12640381e-03  9.63211060e-04  9.99727249e-01
-7.66372681e-03  3.68118286e-04  9.97320175e-01
-0.0110054   0.00351906  0.99628639
-0.00986671  0.00213432  0.99680519
-1.01985931e-02  7.28607178e-04  9.99643326e-01
-0.00930786 -0.00105476  0.99703789
-9.96780396e-03  9.17434692e-04  1.00260735e+00
-0.00785255 -0.0027256   1.00108528
-0.00830841  0.00357628  0.99808121
-8.46862793e-03  4.31060791e-04  9.98989105e-01
-0.00322342  0.00255203  0.99906349
-0.00542831  0.0014286   1.0024147 
-0.01163864  0.00528526  0.99691391
-0.00863266  0.00339699  0.99879646
-0.00841331  0.00168228  1.00009537
-5.61904907e-03 -6.65664673e-04  9.98922348e-01
-0.00831795  0.00276375  0.99708557
-0.01054764  0.00343895  0.99649048
-0.00933838  0.00407028  0.99956131
-8.05473328e-03  8.20159912e-04  9.99023438e-01
-0.00913048  0.00451851  1.00151443
-8.08906555e-03 -3.24249268e-04  9.99862671e-01
-6.39915466e-03 -4.13894653e-04  9.98081207e-01
-0.00813866  0.0046196   1.00086784
-0.0079937   0.00379562  1.0041008 
-9.92393494e-03 -1.50680542e-04  9.98533249e-01
-0.00993919  0.00345612  0.99681854
-0.00818443  0.0040226   1.00374985
-0.0111618   0.0030899   0.99871063
-0.00676346  0.00205994  0.99794197
-0.01013184 -0.00142288  0.99936295
-0.01266479  0.00205803  0.99796677
-0.00643921  0.00432777  1.00170326
-0.01183701  0.00167465  0.99795723
-0.0079174   0.00276375  0.99601936
-0.01085091  0.00283623  1.00418282
-0.00630188  0.00163651  0.99773979
-0.00582314  0.00418472  0.9972744 
-0.00737762  0.00136948  1.00109291
-1.13372803e-02 -2.04086304e-04  9.94428635e-01
-0.00846291  0.00159454  1.00249481
-0.01346207  0.00597382  0.99975395
-8.49151611e-03  5.11169434e-04  9.95563507e-01
-0.0059166   0.00300026  0.99867439
-0.00883865 -0.00190926  0.9974823 
-0.00666237  0.00134277  1.00203323
-1.26800537e-02  1.69754028e-04  9.98325348e-01
-0.01046371  0.00600815  0.99845886
-0.00639343 -0.00169373  0.99830627
-0.01605415  0.003088    0.99754906
-0.01093102  0.00161362  0.99665451
-0.00788307  0.00226212  1.00122261
-0.01132011 -0.00109482  0.99798775
-0.0113678   0.00593185  1.00048256
-1.02996826e-02 -5.32150269e-04  1.00138092e+00
-0.01254272  0.00281906  0.99544334
-0.0111866  -0.00141144  1.00255394
-0.01011467  0.00265312  1.00234413
-0.00903893  0.0037117   1.00336456
-0.00710678  0.00453377  0.99810791
-8.25500488e-03  6.82830811e-04  1.00317192e+00
-0.0099678   0.0019207   0.99864006
-0.00713158 -0.00106621  1.00247955
-0.00740814  0.00204086  1.00119972
-9.78469849e-03 -7.49588013e-04  1.00011826e+00
-0.00579453  0.00130272  0.99997902
-0.01527214  0.00338173  1.00034332
-0.0094738   0.00178719  1.00457191
-9.29069519e-03 -8.86917114e-04  1.00016594e+00
-0.00882339 -0.00182343  1.00536346
-9.05418396e-03  6.29425049e-05  1.00047112e+00
-0.00734901  0.00648499  0.99933624
-6.08062744e-03 -3.83377075e-04  1.00395012e+00
-0.00781441  0.00187302  0.99172592
-9.99832153e-03  6.67572021e-04  1.00317001e+00
-0.0084095   0.00528908  0.99509048
-0.0079155   0.00310516  1.00289345
-8.72993469e-03 -4.38690186e-04  1.00126457e+00
-7.01141357e-03  2.55584717e-04  1.00027657e+00
-0.00504494  0.00535202  1.00296402
-0.00626373  0.00487518  1.00168991
-0.00813866 -0.00200462  1.00738525
