10 22 24 836882 0.02355003 0.11383629 0.98851776
10 22 24 839481 0.01835632 0.11698341 0.99023819
10 22 24 841928 0.02179337 0.1134491  0.993927  
10 22 24 844224 0.02058983 0.11560822 0.99764633
10 22 24 846404 0.026577   0.11565971 0.99865723
10 22 24 848814 0.02411842 0.11343193 0.99777412
10 22 24 851172 0.02056122 0.11733818 0.99749756
10 22 24 853285 0.02111244 0.11827278 0.98661804
10 22 24 855292 0.01980209 0.122612   0.9823513 
10 22 24 857214 0.01995087 0.11646271 0.98568726
10 22 24 859323 0.0187912  0.12133598 0.9944191 
10 22 24 861647 0.01486206 0.12313461 0.99282837
10 22 24 863993 0.01574326 0.12266541 0.98942947
10 22 24 866018 0.0193615  0.10992813 0.99824905
10 22 24 867946 0.02462578 0.12716675 1.00330734
10 22 24 869866 0.01362038 0.11114883 1.00010681
10 22 24 871729 0.01776123 0.12753296 0.98616409
10 22 24 873666 0.01865005 0.12127876 0.98292732
10 22 24 876517 0.01403618 0.11904335 0.98346519
10 22 24 878643 0.01897621 0.12627983 0.98809433
10 22 24 880719 0.02033234 0.11512566 0.98790932
10 22 24 882777 0.02233696 0.12166786 0.99681854
10 22 24 885071 0.01849556 0.10546112 0.9923687 
10 22 24 887153 0.02584076 0.13036919 1.00182724
10 22 24 889217 0.02259445 0.11159706 0.99502373
10 22 24 892046 0.02503395 0.1237793  0.99769783
10 22 24 894240 0.0222702  0.12221146 0.99466324
10 22 24 896835 0.02086449 0.11664581 0.98565102
10 22 24 899300 0.0218792  0.12169266 0.9874649 
10 22 24 901750 0.02222633 0.11307716 0.98695183
10 22 24 903733 0.0245285  0.11024475 0.9968338 
10 22 24 905680 0.02048492 0.1087513  1.00826263
10 22 24 907676 0.01972008 0.11361885 1.00997734
10 22 24 910174 0.02023315 0.1108532  0.99515915
10 22 24 912216 0.02055931 0.10738182 0.9954052 
10 22 24 914188 0.01709938 0.10879898 1.00152779
10 22 24 916284 0.02006912 0.11696625 0.99014854
10 22 24 918804 0.01643944 0.10514832 0.98731041
10 22 24 921485 0.01556587 0.11461639 0.9955883 
10 22 24 923915 0.01660156 0.11359215 0.99351311
10 22 24 925945 0.01977539 0.11296463 1.0018177 
10 22 24 927987 0.01820946 0.11780739 0.99890137
10 22 24 930574 0.01659012 0.11665154 0.99752998
10 22 24 932688 0.02399635 0.12060356 0.99292946
10 22 24 934615 0.01734161 0.11927223 0.98927307
10 22 24 936631 0.02919197 0.12657738 0.98462105
10 22 24 938541 0.02343178 0.12731171 0.98598099
10 22 24 940559 0.02203751 0.12693977 0.9829216 
10 22 24 943033 0.02122688 0.12701225 0.99158096
10 22 24 945109 0.02289391 0.12475586 0.99653053
10 22 24 947518 0.02482796 0.12384224 0.99526978
10 22 24 949978 0.02434731 0.12284851 0.99014282
10 22 24 952179 0.02269936 0.12338257 0.98957825
10 22 24 954217 0.02196884 0.12778091 0.98913956
10 22 24 970003 0.0183773  0.12467575 0.98804474
10 22 24 972468  5.72204590e-05  1.38754864e+01 -1.21211433e+01
10 22 24 975007 0.0093708  0.12099648 0.98569679
10 22 24 993575 0.0211525  0.11781502 0.99157906
10 22 24 996500 0.01994896 0.11612129 0.99246597
10 22 25 17864 0.0187645  0.12080002 0.99515533
10 22 25 41347 0.02055359 0.11911964 0.99462509
10 22 25 43944 0.02371979 0.11892509 0.99778938
10 22 25 65861 0.01927376 0.10991287 0.9928627 
10 22 25 89320 0.01580238 0.12034798 0.99232292
10 22 25 91492 0.01926231 0.11557388 0.99181938
10 22 25 113858 0.02164841 0.11368752 0.99401665
10 22 25 137284 0.01665306 0.11144829 0.99859047
10 22 25 139467 0.02153587 0.109375   1.00098801
10 22 25 162758 0.01887894 0.11659241 0.99833107
10 22 25 190230 0.02172852 0.11323547 0.98425865
10 22 25 201408 0.02078819 0.11820412 0.98800087
10 22 25 215894 0.01908493 0.11507607 0.99106407
10 22 25 235284 0.02121544 0.11733246 0.99132156
10 22 25 246571 0.01892662 0.11745262 0.99299049
10 22 25 261460 0.02233505 0.1189518  0.99264717
10 22 25 286484 0.02084541 0.11970901 0.99416542
10 22 25 295373 0.01943779 0.1162281  0.98979187
10 22 25 310708 0.02267838 0.11957932 0.99557686
10 22 25 329380 0.01764297 0.11503792 0.99542046
10 22 25 332164 0.02120209 0.11481857 0.99135971
10 22 25 353520 0.02031708 0.1153965  0.99450684
10 22 25 377057 0.0221653  0.11469078 0.99198151
10 22 25 379304 0.02252388 0.11218071 0.99242401
10 22 25 401455 0.02087402 0.11366081 0.99549675
10 22 25 425044 0.01987076 0.11171722 0.99288559
10 22 25 427580 0.01768494 0.11293221 0.98942566
10 22 25 449740 0.01717758 0.11785889 0.99414825
10 22 25 521864 0.01856422 0.11813736 0.99616814
10 22 25 524232 0.02351761 0.12085152 0.99629784
10 22 25 526477 0.01996994 0.12133789 0.9914341 
10 22 25 528679 0.02360725 0.11972427 0.98702431
10 22 25 530990 0.01874161 0.12042618 0.99193764
10 22 25 546197 0.02485657 0.1190052  0.9927597 
10 22 25 569821 0.01924515 0.11465645 0.99157524
10 22 25 572435 0.02114677 0.11487579 0.99325562
10 22 25 594355 0.01873398 0.11763954 0.99486542
10 22 25 617772 0.02155876 0.11195374 0.99419785
10 22 25 620606 0.02160263 0.11792183 0.99337959
10 22 25 641966 0.02213478 0.11640167 0.99499702
10 22 25 665680 0.01680946 0.11629295 0.99503136
10 22 25 667818 0.0172348  0.11005402 0.99387169
10 22 25 689998 0.02210236 0.11979866 0.99372482
10 22 25 713767 0.01896095 0.11800194 0.99555779
10 22 25 716455 0.01912308 0.1178875  0.99791718
10 22 25 738316 0.01450157 0.11414719 0.99762154
10 22 25 761551 0.01535225 0.11691856 0.99225044
10 22 25 764090 0.02046013 0.11897087 0.99427986
10 22 25 786021 0.01742172 0.12102318 0.99722862
10 22 25 809465 0.02345085 0.11565781 0.99004173
10 22 25 811443 0.02083397 0.11465454 0.9879837 
10 22 25 834024 0.01825333 0.11162949 0.99035835
10 22 25 857375 0.02079964 0.11678314 0.99517059
10 22 25 859863 0.02378845 0.11678123 1.00015068
10 22 25 882074 0.0248127  0.11062622 0.9960289 
10 22 25 905198 0.02078819 0.11359978 0.9978447 
10 22 25 907573 0.02734947 0.11785698 0.98954582
10 22 25 930097 0.02262497 0.11890221 0.99085808
10 22 25 953241 0.01981926 0.11771774 0.99095345
10 22 25 955470 0.01710129 0.12047005 1.0045166 
10 22 25 977974 0.02025223 0.11454773 0.99237061
10 22 25 979801 0.01847458 0.11515808 0.99354553
10 22 26 1554 0.01626015 0.11700821 0.9842186 
10 22 26 28020 0.0164032  0.12156487 0.9900341 
10 22 26 40954 0.01888275 0.11845016 0.99416542
10 22 26 52916 0.01673698 0.11279678 0.99827194
10 22 26 72997 0.02266312 0.1108551  1.00053596
10 22 26 74980 0.02547073 0.11681175 0.99197769
10 22 26 97573 0.01887131 0.11936569 0.98302269
10 22 26 121021 0.02097893 0.11815834 0.99155426
10 22 26 123511 0.01648712 0.11170578 0.99755287
10 22 26 194297 0.02082062 0.11454964 0.9956131 
10 22 26 196999 0.02358627 0.11887169 0.99116707
10 22 26 199438 0.01981354 0.12115097 0.98819733
10 22 26 201781 0.01973343 0.11773682 0.99264145
10 22 26 217811 0.02137756 0.12273979 0.99004555
10 22 26 219999 0.01699066 0.11605263 0.99654388
10 22 26 242097 0.0202961  0.12054443 0.99113846
10 22 26 266770 0.02153778 0.11532021 0.99430275
10 22 26 268681 0.02031708 0.11193466 0.99058914
10 22 26 290226 0.02236748 0.11790466 0.99357414
10 22 26 313734 0.02077484 0.11685181 0.99300766
10 22 26 316047 0.02113533 0.11927986 0.993536  
10 22 26 344271 0.0181942  0.11751556 1.00253868
10 22 26 362378 0.01967239 0.11233521 1.00223732
10 22 26 364502 0.01855278 0.10699272 0.99772072
10 22 26 385972 0.02539825 0.11354256 0.98991585
10 22 26 409504 0.02207947 0.11296844 0.98932648
10 22 26 411825 0.01848793 0.11903    0.98814392
10 22 26 433836 0.01830482 0.12129974 0.99520683
10 22 26 457368 0.01795959 0.1193676  0.99201965
10 22 26 459865 0.01816368 0.11538315 0.99792099
10 22 26 481966 0.02505112 0.12148857 0.99537849
10 22 26 505329 0.02159119 0.11449051 0.9924984 
10 22 26 507656 0.01864243 0.11696243 0.99722672
10 22 26 529802 0.02152061 0.11507797 0.99753189
10 22 26 553272 0.02231598 0.11335754 0.99724388
10 22 26 555590 0.01784515 0.11736488 0.99278069
10 22 26 578278 0.01840591 0.11767006 0.981987  
10 22 26 601206 0.01764107 0.11830521 0.9887886 
10 22 26 603405 0.01896095 0.11859703 0.99953461
10 22 26 625588 0.02260971 0.11348724 0.9952755 
10 22 26 651575 0.02211571 0.1130867  0.99515915
10 22 26 664036 0.02204704 0.11500931 0.99291992
10 22 26 677442 0.01633835 0.1182518  0.99110794
10 22 26 772543 0.01837921 0.11719704 0.98989105
10 22 26 781507 0.01756096 0.12257195 0.99530602
10 22 26 790119 0.01788139 0.11714745 0.98752975
10 22 26 798807 0.02011681 0.11632729 0.99057579
10 22 26 810844 0.02212906 0.11457062 0.99508286
10 22 26 820078 0.02154732 0.11693954 0.99555588
10 22 26 831850 0.01869965 0.11689758 0.99965286
10 22 26 840803 0.02072144 0.11735153 0.99654579
10 22 26 850407 0.02145958 0.11185265 0.99973869
10 22 26 862675 0.01918602 0.11353111 0.99061203
10 22 26 871360 0.01735878 0.11991501 0.98939705
10 22 26 883098 0.02441597 0.11799812 0.98602104
10 22 26 893518 0.01840973 0.11937714 0.9919014 
10 22 26 902179 0.0204792  0.11584854 0.99816322
10 22 26 914040 0.02146912 0.11342812 0.99430084
10 22 26 937644 0.0202713  0.11514473 0.99787331
10 22 26 939930 0.02119446 0.11226654 0.99725342
10 22 26 962465 0.02343369 0.11717415 0.99640656
10 22 26 985384 0.01774979 0.11399269 1.00106239
10 22 26 987688 0.02132797 0.11219215 0.98754501
10 22 27 9862 0.01779175 0.11541557 0.98703575
10 22 27 34143 0.02224922 0.12041092 0.99345589
10 22 27 36429 0.02165604 0.11896324 0.99368286
10 22 27 77030 0.02030373 0.12116623 1.00096893
10 22 27 81247 0.02289963 0.1228714  0.99662971
10 22 27 140579 0.02069664 0.11965179 0.99398232
10 22 27 142316 0.01943779 0.11970139 0.99427032
10 22 27 188948 0.01963615 0.11776543 0.98518562
10 22 27 190984 0.01672173 0.11619568 0.98762131
10 22 27 236474 0.02155495 0.11706352 0.98979378
10 22 27 238691 0.02220535 0.11378098 0.99502563
10 22 27 284759 0.01669312 0.11614799 0.99418449
10 22 27 287224 0.01956558 0.11257553 0.99517441
10 22 27 332892 0.019804   0.11586761 0.99415588
10 22 27 335096 0.02031136 0.12130547 0.99405098
10 22 27 382214 0.01342583 0.11885834 0.99315453
10 22 27 384248 0.0187645  0.12031746 0.99282455
10 22 27 428720 0.02074242 0.12050819 0.99209785
10 22 27 432042 0.01765442 0.11689758 0.98957062
10 22 27 476570 0.02004051 0.11318779 0.99222755
10 22 27 479151 0.01801682 0.1084156  0.99614525
10 22 27 524617 0.01999092 0.11810303 0.99856186
10 22 27 540173 0.02090263 0.11631393 0.99360466
10 22 27 572272 0.02140236 0.11445236 0.98780632
10 22 27 588343 0.02087212 0.11865997 0.99436188
10 22 27 636095 0.01933289 0.11583519 0.99752617
10 22 27 638190 0.02112389 0.11715317 0.99541092
10 22 27 684225 0.02358818 0.11450577 0.9983139 
10 22 27 686375 0.02034378 0.11789894 0.99456978
10 22 27 732147 0.01602936 0.11818504 0.99055672
10 22 27 734589 0.01753616 0.11972427 0.99289131
10 22 27 780359 0.02186012 0.12039757 0.99418259
10 22 27 783011 0.01778412 0.12324905 0.99461937
10 22 27 828021 0.02011681 0.11642647 0.99454117
10 22 27 830966 0.01919746 0.11795425 0.99497223
10 22 27 876185 0.01679611 0.1184082  0.99072838
10 22 27 892000 0.0198288  0.11499023 0.99133301
10 22 27 932542 0.01759911 0.11322784 0.99866295
10 22 27 942810 0.02426529 0.11574554 0.99688148
10 22 27 995107 0.01726532 0.11684418 0.99100113
10 22 28 3030 0.02096748 0.11745644 0.98674583
10 22 28 36084 0.01629829 0.1149292  0.99543762
10 22 28 39206 0.0222435  0.11213875 0.99772644
10 22 28 84563 0.01868439 0.11733437 1.00176239
10 22 28 86910 0.02038765 0.11444473 0.9929924 
10 22 28 131866 0.01833916 0.11566925 0.99191856
10 22 28 134899 0.01992989 0.11640358 0.99077415
10 22 28 180251 0.02404785 0.1204052  0.99509811
10 22 28 182592 0.02078438 0.1163063  0.99043846
10 22 28 227559 0.02398491 0.11579514 0.99490356
10 22 28 229736 0.01977539 0.11474609 0.99292564
10 22 28 290984 0.01812935 0.1151371  0.99653244
10 22 28 293120 0.01969528 0.11654282 0.99625969
10 22 28 345687 0.02060318 0.11675453 0.99926567
10 22 28 354723 0.02158546 0.11398125 0.99612236
10 22 28 387321 0.02017784 0.11626434 0.99789429
10 22 28 389478 0.01888084 0.11349869 0.99342346
10 22 28 435549 0.0176754  0.11415863 0.99140358
10 22 28 437810 0.01743317 0.11746216 0.9882946 
10 22 28 483299 0.01775932 0.11646271 0.98866081
10 22 28 485477 0.02005577 0.11424637 0.99216843
10 22 28 531220 0.01860619 0.11920357 0.99951553
10 22 28 534606 0.02021408 0.11283684 0.99694061
10 22 28 579040 0.02165985 0.11608696 0.98671913
10 22 28 581890 0.02324295 0.11663628 0.98944855
10 22 28 627023 0.02155685 0.11825752 0.99295616
10 22 28 629432 0.01946831 0.11647224 0.9940834 
10 22 28 675217 0.01818275 0.11530495 0.99410439
10 22 28 677756 0.02529907 0.1196785  0.99249458
10 22 28 738521 0.02106285 0.11662483 0.99241257
10 22 28 740651 0.02007675 0.11575127 0.99572372
10 22 28 787124 0.02162743 0.12118149 0.98985291
10 22 28 789343 0.02052116 0.11445999 0.99540138
10 22 28 834743 0.01877213 0.11503792 0.988657  
10 22 28 836944 0.0207634  0.11472893 0.99313736
10 22 28 882652 0.02021027 0.1133728  0.99592018
10 22 28 884828 0.01924324 0.11408615 0.99505043
10 22 28 930776 0.02027321 0.12111282 0.98993301
10 22 28 933037 0.01799393 0.1120472  0.99530602
10 22 28 978577 0.02094269 0.11554909 0.99567986
10 22 28 980876 0.02120018 0.12000465 0.99651909
10 22 29 26475 0.01981544 0.11652565 0.99601746
10 22 29 28834 0.01648331 0.11627769 0.9960289 
10 22 29 90024 0.02271461 0.11449051 0.99390221
10 22 29 92429 0.02412796 0.11694717 0.99650002
10 22 29 122519 0.02420807 0.11263847 0.99523926
10 22 29 138131 0.02294922 0.12077141 0.99145317
10 22 29 185744 0.02405739 0.11631203 0.993433  
10 22 29 187580 0.02264214 0.1216507  0.99334526
10 22 29 234337 0.01947784 0.12288666 0.99151421
10 22 29 236326 0.01678467 0.12134552 0.99133873
10 22 29 282472 0.02359772 0.11872482 0.98863983
10 22 29 285426 0.02275658 0.12521362 0.98969078
10 22 29 330222 0.0225544  0.12086105 0.98923302
10 22 29 333471 0.02424431 0.11973763 0.99589539
10 22 29 377933 0.01979637 0.11568832 0.99828148
10 22 29 380163 0.01801682 0.11304474 0.99929237
10 22 29 425621 0.02082443 0.11136436 0.99341774
10 22 29 446791 0.01904678 0.11514473 0.99276352
10 22 29 473712 0.01799774 0.11372185 0.9960022 
10 22 29 489262 0.01532173 0.11476135 0.99555206
10 22 29 537455 0.01894379 0.11375046 0.99510002
10 22 29 539571 0.01882553 0.1176815  0.9924736 
10 22 29 585475 0.01904678 0.11487579 0.99283409
10 22 29 588115 0.01913643 0.11532784 0.99283218
10 22 29 639176 0.01799202 0.11878586 0.99334908
10 22 29 647196 0.02062798 0.11827087 0.9958477 
10 22 29 681212 0.01582909 0.11420441 0.99660873
10 22 29 683648 0.01852989 0.11594582 0.99324989
10 22 29 729037 0.02286911 0.11274529 0.99779701
10 22 29 731147 0.0254631  0.1132946  0.99528885
10 22 29 792387 0.02079964 0.10990334 0.99913788
10 22 29 794445 0.02284813 0.11438179 0.99988365
10 22 29 832218 0.01934052 0.11899185 0.9957695 
10 22 29 845120 0.0167923  0.1240139  0.99098587
10 22 29 872828 0.01421547 0.12240219 0.99131775
10 22 29 888368 0.01827621 0.11476135 0.99232674
10 22 29 936498 0.01609421 0.11522102 0.99634743
10 22 29 938657 0.02198219 0.10814095 0.9984684 
10 22 29 984530 0.02300644 0.11506271 0.99853706
10 22 29 986568 0.01888847 0.11942101 0.99494362
10 22 30 32350 0.01944733 0.11800766 0.98958969
10 22 30 34284 0.0205822  0.11616135 0.98953629
10 22 30 80118 0.01548386 0.11878204 0.99002457
10 22 30 82334 0.02263832 0.11672592 0.9927578 
10 22 30 128152 0.01794052 0.11649513 0.99516296
10 22 30 131318 0.02182579 0.11212349 0.99516296
10 22 30 175880 0.02100372 0.11418343 0.99810791
10 22 30 178239 0.02143669 0.11896515 0.99363899
10 22 30 224155 0.02055931 0.12121391 0.99537468
10 22 30 226476 0.02029991 0.12031746 0.99279976
10 22 30 287890 0.02411461 0.12208748 0.99191475
10 22 30 290262 0.02060699 0.11587524 0.99219322
10 22 30 335527 0.02182579 0.11507988 0.99275589
10 22 30 337827 0.01952362 0.11394119 0.99200058
10 22 30 383465 0.02194405 0.11538506 0.99272919
10 22 30 385143 0.02427101 0.11462975 0.99545097
10 22 30 431312 0.02121735 0.11183929 0.99944687
10 22 30 433486 0.02075195 0.11197472 0.99808311
10 22 30 479093 0.01909828 0.11105156 0.9924221 
10 22 30 481351 0.02252388 0.11500549 0.98858643
10 22 30 527200 0.0196476  0.11197281 0.99163055
10 22 30 529369 0.0156765  0.113657   0.99450302
10 22 30 575242 7.24792480e-05 9.75043869e+00 1.33788776e+01
10 22 30 577289 0.02084732 0.11533546 1.00208092
10 22 30 638967 0.01977348 0.11520195 0.99420929
10 22 30 641143 0.01989174 0.12072182 0.99285316
10 22 30 686962 0.01614571 0.1125145  0.98965073
10 22 30 689140 0.01893234 0.11423492 0.9899025 
10 22 30 735116 0.02134895 0.11444664 0.99420357
10 22 30 737669 0.01985359 0.11327171 0.99786377
10 22 30 783251 0.01783562 0.11015511 1.00451469
10 22 30 785442 0.02042389 0.10983086 0.99897575
10 22 30 830911 0.01924706 0.1139164  0.99647903
10 22 30 833201 0.01761055 0.11381912 1.00230789
10 22 30 878653 0.01917458 0.11855698 0.98881149
10 22 30 881536 0.01987267 0.12092209 0.98555756
10 22 30 926808 0.02256012 0.11651993 0.99329185
10 22 30 929055 0.0213089  0.11903763 1.00049973
10 22 30 990329 0.01820183 0.12121773 0.98637009
10 22 30 992553 0.01882172 0.11622238 0.98354149
10 22 31 38155 0.01810646 0.12273407 0.9968071 
10 22 31 40623 0.01890564 0.11439896 1.00168228
10 22 31 86273 0.02018356 0.11441422 0.99594307
10 22 31 88642 0.01816559 0.11395645 0.99198532
10 22 31 134503 0.01987457 0.11643791 0.99618149
10 22 31 136932 0.02261734 0.11397934 0.98377609
10 22 31 182442 0.02006912 0.11366653 0.98250771
10 22 31 184497 0.0226326  0.12179184 0.99835968
10 22 31 230047 0.01542091 0.10906029 0.99641037
10 22 31 232231 0.02119827 0.12077332 0.99515915
10 22 31 278243 0.0197506  0.11500359 0.98801422
10 22 31 294056 0.01945305 0.11852455 0.99297905
10 22 31 326316 0.01561928 0.12325668 0.98942947
10 22 31 342095 0.02108002 0.11651421 0.99317741
10 22 31 373790 0.0209446  0.11342621 0.99909973
10 22 31 389901 0.01556969 0.11869431 0.99392319
10 22 31 421847 0.02194023 0.11618614 0.98659325
10 22 31 437736 0.02113152 0.12172508 0.9845295 
10 22 31 486152 0.02177048 0.11704826 0.98951912
10 22 31 488523 0.02238083 0.11545372 0.99763298
10 22 31 534317 0.01893616 0.11311913 0.9965477 
10 22 31 537052 0.02130127 0.11819649 0.99456406
10 22 31 581931 0.02263641 0.11347389 0.99167252
10 22 31 584074 0.01509476 0.11197853 0.9854908 
10 22 31 629805 0.02228928 0.11631775 0.99229431
10 22 31 632536 0.02011108 0.11317635 0.99728584
10 22 31 677816 0.02310371 0.11769676 1.00446892
10 22 31 680045 0.01702118 0.11337662 0.99782944
10 22 31 725643 0.0147438  0.11044693 0.99713326
10 22 31 727697 0.01649857 0.1202755  0.99141693
10 22 31 789342 0.02196693 0.11997032 0.98977089
10 22 31 791681 0.01895523 0.11599731 0.99934006
10 22 31 837999 0.02035141 0.11151505 0.99701881
10 22 31 840591 0.01743317 0.11487961 0.9958992 
10 22 31 885418 0.02067375 0.11247253 0.99291801
10 22 31 888324 0.02213669 0.11818314 0.99421883
10 22 31 933290 0.02062607 0.11704063 0.99098206
10 22 31 935365 0.01773453 0.11434937 0.99354172
10 22 31 981345 0.0237999  0.12103844 0.98826408
10 22 31 983899 0.01842117 0.1218605  0.99046326
10 22 32 29263 0.02149963 0.11890984 0.98480606
10 22 32 31399 0.01888657 0.11845016 0.99290085
10 22 32 76768 0.01927567 0.12061882 0.99674034
10 22 32 79020 0.02145004 0.11980247 0.99346161
10 22 32 125086 0.02374649 0.11845016 0.99076843
10 22 32 127959 0.02184486 0.11964607 0.99197197
10 22 32 189052 0.01865196 0.11764717 0.99085999
10 22 32 191373 0.01803207 0.11768723 0.99637794
10 22 32 236875 0.02013588 0.11505318 0.99289703
10 22 32 239582 0.01909637 0.11353683 0.99178314
10 22 32 285170 0.01513481 0.11727524 0.9925499 
10 22 32 287560 0.01682854 0.11561394 0.99441528
10 22 32 332513 0.01803207 0.11492729 0.99299812
10 22 32 334769 0.01819038 0.11677551 1.00047684
10 22 32 380839 0.02169609 0.11479187 0.99662781
10 22 32 383181 0.0193367  0.11374474 0.99682999
10 22 32 428735 0.01955605 0.11470795 0.99805832
10 22 32 430919 0.02013206 0.11304855 0.99156952
10 22 32 476688 0.021595   0.12233734 0.99409485
10 22 32 478778 0.01672173 0.11639214 0.99101067
10 22 32 540476 0.02588081 0.12114525 0.99458122
10 22 32 542903 0.0187664  0.12129974 0.99279213
10 22 32 588526 0.02083969 0.12051582 0.99042892
10 22 32 590925 0.02327156 0.11952972 0.99535942
10 22 32 636180 0.01753616 0.11901093 0.99981308
10 22 32 638498 0.02051544 0.1157856  0.99468613
10 22 32 684101 0.02075005 0.11811447 0.99796295
10 22 32 686165 0.02329826 0.11674881 0.9873848 
10 22 32 732267 0.02565575 0.12498093 0.99345207
10 22 32 735085 0.01924133 0.12080193 0.99110794
10 22 32 780185 0.01937485 0.1122551  0.99739838
10 22 32 782548 0.01885414 0.11916924 1.0027256 
10 22 32 827905 0.01318932 0.11112404 0.98846817
10 22 32 830128 0.02085495 0.12273979 0.99471664
10 22 32 875613 0.01795006 0.11401176 0.98661041
10 22 32 877808 0.01835632 0.11144257 0.99400902
10 22 32 923661 0.02403641 0.1158905  0.99538422
10 22 32 939448 0.01805687 0.11752129 0.98685646
10 22 32 987166 0.02451897 0.11963844 0.99576759
10 22 32 989326 0.02057838 0.1106739  0.99669838
10 22 33 35380 0.02306557 0.11029625 1.00132751
10 22 33 37594 0.02064705 0.11483955 1.0019989 
10 22 33 83498 0.01772499 0.11783791 0.98839951
10 22 33 86183 0.02269936 0.11956596 0.99881172
10 22 33 131666 0.02328682 0.11930084 0.9930687 
10 22 33 133792 0.01676178 0.11717987 1.0082531 
10 22 33 178998 0.02309608 0.1290226  0.99521255
10 22 33 181139 0.02023697 0.10391045 0.98196602
10 22 33 226877 0.01729965 0.10130119 1.00210762
10 22 33 229003 0.02233505 0.13518906 0.99658203
