-0.00536919 -0.0094738   1.00707436
-0.00658798 -0.00677109  1.00067902
-0.00520515 -0.00547028  0.98880577
-0.00357437 -0.0090847   0.99888229
-0.0069313  -0.00984764  1.0182991 
-0.01446152 -0.00491905  1.00473213
-0.01288414  0.00366402  0.98135757
-0.00841713  0.00196838  1.00550079
-0.00641632 -0.00432205  1.01329803
-0.01190376 -0.01146317  0.9954071 
-0.00696373 -0.01000023  1.00341797
-0.01097488 -0.00824928  0.99258041
-0.00937271 -0.00667572  0.99997139
-0.00672722 -0.00501823  1.00817299
-0.00674248 -0.00760269  1.00068283
-0.00611877 -0.00750732  1.00432777
-0.00431061 -0.00621414  0.99860382
-3.71932983e-04 -6.62994385e-03  9.94417191e-01
-0.00533295 -0.00761032  1.00331688
-0.00247192 -0.00229073  1.00385666
-0.00771332 -0.00732803  0.99601936
-0.01013565 -0.00307846  0.99620438
-0.00826263 -0.00781631  1.00158882
-0.00845718 -0.00653839  0.99537849
-0.00905418 -0.00998306  0.9980793 
-0.00422859 -0.00638771  1.00253105
-0.00536346 -0.00373459  1.00243568
-0.01285744 -0.00464439  0.99860954
-0.00485992 -0.00684738  1.00576591
-0.00790787 -0.00915146  1.00037384
-0.00646591 -0.00850677  0.99786377
-0.00731659 -0.00787163  1.00312805
-0.00842094 -0.00537872  0.99930763
-0.00791168 -0.00157547  1.00148392
-0.00917053 -0.00701714  1.00011253
-0.00502014 -0.00956726  0.99706078
-0.00874901 -0.005373    1.00223923
-0.00945663 -0.00584602  1.00193977
-0.00643158 -0.00596809  0.99939346
-0.00574875 -0.00590706  0.99629974
-0.00608826 -0.00554085  1.00409508
-0.0047245  -0.00717354  0.99884605
-0.00424576 -0.00274277  1.00159073
-0.00536537 -0.0028019   1.00064659
-0.01040459 -0.00951385  0.9964695 
-0.00940514 -0.00864029  1.00293732
-0.00885582 -0.00664902  0.99956322
-0.00958824 -0.00559425  1.00084114
-0.00569153 -0.00514984  0.99856567
-0.00453377 -0.00352097  1.00450897
-0.00127792 -0.00437737  1.00520134
-5.08117676e-03 -8.62121582e-04  9.99759674e-01
-0.00624275 -0.00598526  0.99767685
-0.01201439 -0.00506973  0.99945831
-0.00798035 -0.00808716  1.00011253
-0.00888443 -0.00922203  0.9985466 
-0.00689697 -0.00539398  0.99875832
-0.00800514 -0.00880241  1.00314522
-0.0062809  -0.0101757   1.00354195
-0.00683212 -0.00289345  0.99688911
-0.00666428 -0.00617981  0.99982834
-0.00441933 -0.00395775  1.00139236
-0.00543022  0.00101852  1.00073051
-0.00641823 -0.00379753  1.00562859
-0.01099396 -0.00889778  0.99922371
-0.00899506 -0.00462341  1.00088882
-0.00760078 -0.00287056  1.00071144
-0.00687027 -0.00175476  0.99996567
-0.00774384 -0.00647736  1.00154686
-7.97462463e-03  4.97817993e-04  1.00001717e+00
-0.00474548 -0.005373    1.00449753
-0.00627518 -0.00754547  1.0013752 
-0.00888443 -0.00745964  1.00509453
-0.01120758 -0.00326157  0.9944191 
-0.01137543 -0.00961304  1.00632858
-0.01291275 -0.0055275   1.00460815
-0.00725746 -0.00419807  1.00409126
-0.00402069 -0.01021004  1.00029182
-0.00501633 -0.00219345  0.99991226
-0.00438118 -0.00681496  0.99886703
-0.01164818 -0.00805092  1.00178337
-0.00998116 -0.00188828  1.00455093
-0.00753784 -0.0040226   1.00286674
