-0.00021124 -0.00112772  0.00019979
-9.19818878e-04 -1.71756744e-03 -4.95910645e-05
0.00029325 0.00025988 0.0001874 
0.0012517  0.00123072 0.00095272
6.62803650e-05 8.08715820e-04 5.19752502e-04
-0.00133228 -0.00150013 -0.00064516
-0.00035715 -0.00091648 -0.00079632
 0.00127935  0.00152016 -0.00023079
 0.00021696 -0.00045252  0.00024939
-0.00108433 -0.00145054 -0.00026274
-0.00055933 -0.00038242 -0.00013494
-0.00017643  0.00033951 -0.00050974
 9.53674316e-05  5.69343567e-04 -6.71386719e-04
0.00050449 0.00049639 0.00050545
-0.00061655 -0.00029993  0.00053167
-2.09808350e-05 -6.41822815e-04  4.15325165e-04
 6.29425049e-05 -1.63555145e-04 -2.87055969e-04
 9.05990601e-05 -1.99317932e-04 -4.19616699e-05
-0.00021696 -0.00057316 -0.00053787
-0.00019169  0.00015593 -0.0002265 
 3.06606293e-04 -6.24656677e-05 -3.18050385e-04
-3.33309174e-04 -1.68323517e-04  4.38690186e-05
-0.00017643  0.00015545  0.0004673 
-0.00015831 -0.00044203  0.00026083
-6.02245331e-04 -8.10623169e-06  4.68254089e-04
 2.18391418e-04 -2.92778015e-04  7.77244568e-05
8.29696655e-05 3.33786011e-06 8.96453857e-05
 0.00026226 -0.00039291  0.0003767 
-0.0005765  -0.00016737 -0.00028133
 0.00019073  0.00067186 -0.00064039
-7.82012939e-05 -1.22547150e-04 -3.09944153e-05
-2.84671783e-04 -1.08718872e-04 -5.05447388e-05
4.29153442e-05 1.66893005e-05 2.85625458e-04
0.00017786 0.00017118 0.00012684
-1.55448914e-04  2.06470490e-04  6.19888306e-05
-7.86781311e-05  4.57763672e-05  1.61647797e-04
-1.96933746e-04 -7.24792480e-05  1.11579895e-04
-1.69754028e-04  9.63211060e-05  8.14914703e-04
1.50203705e-04 1.90734863e-04 3.14712524e-05
-4.52995300e-05 -3.57627869e-05  1.76906586e-04
 1.09672546e-05  1.54018402e-04 -1.76429749e-05
 0.00044775 -0.00031233  0.00045919
 4.86373901e-05 -5.96046448e-05 -1.29222870e-04
 8.01086426e-05  1.15871429e-04 -1.66416168e-04
 7.05718994e-05 -1.42097473e-04 -5.67436218e-05
-0.0001688  -0.00015926 -0.00015879
 8.20159912e-05  5.31673431e-04 -3.42845917e-04
-1.95503235e-05 -2.04563141e-04 -4.76837158e-07
-0.00028372  0.00037909 -0.00052452
 7.29560852e-05 -1.72615051e-04 -3.06606293e-04
-0.00068712 -0.00021029 -0.00052595
-2.14576721e-05  6.38961792e-05 -6.24656677e-05
-0.00022125 -0.0004077  -0.00021029
-0.00033808 -0.00033426 -0.00016069
-7.29560852e-05 -2.87532806e-04 -2.82764435e-04
 1.85966492e-05 -9.20295715e-05 -1.33991241e-04
-6.91413879e-05  1.82151794e-04  4.55379486e-04
-0.0001092  -0.00010586  0.00015593
-1.07288361e-04  7.96318054e-05  5.12123108e-04
-5.91278076e-05 -9.44137573e-05  2.84194946e-04
-1.37805939e-04 -9.15527344e-05 -3.76701355e-05
 2.16484070e-04 -5.48839569e-04  8.63075256e-05
-1.49726868e-04 -1.29699707e-04 -2.38418579e-06
-2.41279602e-04  1.18732452e-04 -1.28746033e-05
-2.43186951e-05  5.43594360e-05  1.61170959e-04
-4.18186188e-04 -2.92778015e-04 -2.05039978e-05
-1.99317932e-04 -4.38690186e-05 -1.45435333e-04
 5.05447388e-05  2.84194946e-04 -1.00612640e-04
-5.72204590e-06 -1.41143799e-04  7.15255737e-05
-4.18186188e-04 -5.96046448e-05  8.48770142e-05
-0.0004735   0.00032091  0.00013638
2.38418579e-06 2.47478485e-04 3.96728516e-04
 0.00010061 -0.00019979  0.00037956
 0.00039101  0.00025988 -0.00020599
-0.0003252  -0.00045681 -0.00042152
-0.00065899 -0.0005722   0.00024986
-9.67979431e-05  3.92913818e-04  3.39031219e-04
-0.00040817 -0.00033903  0.00048828
-1.90734863e-06  1.62601471e-04  3.05652618e-04
-0.00027609  0.00032997 -0.00014639
-9.77516174e-05  1.98841095e-04 -4.14371490e-04
-0.00014257  0.00034428 -0.00039244
-1.83582306e-04  2.38418579e-05 -2.15530396e-04
