-0.00252676 -0.00783277  1.0013876 
-0.00474334 -0.00355911  0.99893594
-0.006989   -0.00645018  1.00364256
-0.00791264 -0.01087999  1.00298381
-0.00667858 -0.01086736  1.00118232
-0.00318384 -0.01317501  1.00160551
-0.00258017 -0.01644349  1.00126553
-0.00430012 -0.01421142  1.00146103
-0.00110054 -0.01319647  1.00016499
-0.00324535 -0.00733781  1.00875211
-0.00378203 -0.01342654  1.01600385
-0.0081408  -0.01174283  0.99336481
-0.01044774 -0.01470137  0.98706722
-0.00939965 -0.01157022  1.02071333
-0.00692248 -0.00915313  0.99125099
-0.00424147 -0.0063827   0.99715066
-0.00352812 -0.0026083   1.01433635
-0.00571036 -0.00680113  0.99021578
-0.00761199 -0.01299453  0.99960399
-0.00462627 -0.01473832  1.00178003
-9.82761383e-04 -1.52733326e-02  9.98281479e-01
-0.00337362 -0.01472473  1.00438738
-0.00335431 -0.01261425  1.0022614 
-0.00111556 -0.00982165  0.99725437
-0.00379157 -0.01033235  1.00659156
-0.00498033 -0.00779295  0.99941993
-0.00838113 -0.00869966  0.99929047
-0.00501657 -0.01119781  1.00442362
-0.00283241 -0.01204133  1.00115871
-0.00464678 -0.01330733  1.00321317
-5.53846359e-04 -1.26152039e-02  9.98869181e-01
-0.00177908 -0.01057196  0.99948001
-0.00402403 -0.00825095  1.00431943
-0.00745583 -0.01151991  1.00563407
-0.01055741 -0.01118302  0.9991219 
-0.00680375 -0.01190114  1.00317955
-0.00523901 -0.01368833  0.99968004
-0.00202107 -0.01203156  1.00038123
-0.00231433 -0.00928044  0.99879098
