15 28 58 669409 -4.44889069e-04  8.10623169e-06 -2.15053558e-04
15 28 58 673024  2.89440155e-04 -5.72681427e-04  8.91685486e-05
15 28 58 676163  0.00011635 -0.00019169  0.00025034
15 28 58 682456 -0.00022459 -0.00012827 -0.00010777
15 28 58 685168 -1.76429749e-04 -1.81198120e-05  2.24590302e-04
15 28 58 730520 -2.00271606e-05  1.43051147e-04 -5.30242920e-04
15 28 58 732916 -0.00022936  0.00016546 -0.00024319
15 28 58 779062 -0.00042868  0.00035429 -0.00025177
15 28 58 783189 -1.41143799e-04  2.42710114e-04  8.48770142e-05
15 28 58 826107 -3.05652618e-04  3.06606293e-04  8.29696655e-05
15 28 58 843579 -0.00016451  0.0004034  -0.00020695
15 28 58 874104 1.47819519e-05 2.36511230e-04 3.06606293e-04
15 28 58 890435 -2.88486481e-04 -9.15527344e-05 -9.25064087e-05
15 28 58 922787 -7.67707825e-05 -3.06129456e-04  3.33786011e-04
15 28 58 938131  1.71661377e-05  6.24656677e-05 -3.57627869e-05
15 28 58 985774 0.00018692 0.00024223 0.00037146
15 28 58 988031 -5.04970551e-04 -2.38418579e-06 -1.97410583e-04
15 28 59 35831 -2.04086304e-04  3.53336334e-04 -1.09672546e-05
15 28 59 40114 -0.00015116 -0.00022125 -0.00046015
15 28 59 82240  6.67572021e-06 -3.45706940e-04 -3.29494476e-04
15 28 59 85650 -4.43458557e-05 -4.48226929e-04 -1.17301941e-04
15 28 59 133571  0.00015068 -0.00040579 -0.00012255
15 28 59 137128  2.54154205e-04 -6.62803650e-05 -5.91278076e-05
15 28 59 177922 -0.00018644 -0.00043154  0.00025797
15 28 59 180824  4.38690186e-05 -6.77585602e-04  2.92301178e-04
15 28 59 226564 0.00016022 0.00010252 0.00016832
15 28 59 241895 -1.23500824e-04 -9.44137573e-05  3.35693359e-04
15 28 59 273671 -1.08718872e-04 -5.00679016e-05 -4.37736511e-04
15 28 59 276057 -0.00029516 -0.00031471 -0.00027323
15 28 59 339830  6.58035278e-05 -5.42640686e-04 -1.55925751e-04
15 28 59 343236 2.00271606e-05 1.03473663e-04 2.71797180e-04
15 28 59 386996 -0.000278    0.00040722 -0.00017738
15 28 59 389764 -0.00022221  0.00025845 -0.0002594 
15 28 59 436356 -0.00031519 -0.0001893  -0.00013971
15 28 59 439763 -0.00057459  0.00010109 -0.00026131
15 28 59 483298 -4.97817993e-04  3.48091125e-05  2.05039978e-05
15 28 59 486166 -1.87873840e-04  2.57015228e-04 -2.38418579e-05
15 28 59 530835  1.14440918e-05 -3.18527222e-04  3.76701355e-05
15 28 59 535100 -3.76701355e-05  3.29017639e-05 -1.25885010e-04
15 28 59 577686 -0.00028658 -0.00024796 -0.00012445
15 28 59 580314 -4.39167023e-04  2.90870667e-05 -1.68323517e-04
15 28 59 626480 -5.10215759e-05  1.52111053e-04  2.52723694e-05
15 28 59 628540 -1.48773193e-04 -8.20159912e-05 -7.77244568e-05
15 28 59 689640 -1.46389008e-04 -7.15255737e-05  1.15871429e-04
15 28 59 692953 -3.35216522e-04  1.23977661e-04 -3.43322754e-05
15 28 59 737643 -2.94208527e-04 -4.83989716e-04 -7.96318054e-05
15 28 59 741300  1.13964081e-04 -1.94549561e-04  5.53131104e-05
15 28 59 785505 -2.22206116e-04 -4.67300415e-05 -2.43186951e-05
15 28 59 788650 -0.00029516  0.00026083 -0.00017643
15 28 59 835187 -1.30176544e-04 -1.00135803e-05  6.15119934e-05
15 28 59 837980 -2.03132629e-04 -3.54766846e-04  5.48362732e-05
15 28 59 882705  1.41620636e-04 -2.62737274e-04  1.04904175e-05
15 28 59 885959 -3.09944153e-04 -4.76837158e-05  1.08718872e-04
15 28 59 929224 -0.00032806 -0.00026226 -0.00035906
15 28 59 932179  1.09672546e-05 -2.86579132e-04 -5.10215759e-05
15 28 59 979315 -0.00042439 -0.00018835 -0.00016117
15 28 59 983772 -2.03132629e-04  9.29832458e-05  3.05175781e-05
15 29 0 25000 -0.00011969 -0.00013208  0.00024223
15 29 0 27410  9.53674316e-06 -2.01225281e-04  9.05990601e-05
15 29 0 74413 -9.72747803e-05 -7.58171082e-05 -1.20162964e-04
15 29 0 89166  1.85966492e-05 -2.76565552e-04 -2.01225281e-04
15 29 0 137684 -1.81198120e-04 -3.02314758e-04  9.77516174e-05
15 29 0 142651 -2.57015228e-04  1.07765198e-04 -1.33514404e-05
15 29 0 187556 -1.64985657e-04  3.14712524e-05  1.23023987e-04
15 29 0 190109 -2.38418579e-06 -2.49385834e-04  2.78472900e-04
15 29 0 234264 -0.00022125  0.00031185 -0.00017023
15 29 0 279272 3.68118286e-04 1.53064728e-04 8.10623169e-06
15 29 0 327314 9.82284546e-05 4.09126282e-04 1.69277191e-04
15 29 0 375741  8.82148743e-05 -3.18050385e-04 -1.10149384e-04
15 29 0 428936 -0.00043821  0.00026035 -0.00011444
15 29 0 479499 -0.00036144 -0.00025845 -0.00011444
15 29 0 527728  1.48773193e-04  2.68936157e-04 -1.38282776e-05
15 29 0 577565 -3.31401825e-04 -2.86102295e-05  8.10623169e-06
15 29 0 625777 -5.66005707e-04 -8.15391541e-05 -2.10285187e-04
15 29 0 678886 -0.00041199  0.00036526  0.00011492
15 29 0 727640  0.00016499 -0.00023937 -0.00024414
15 29 0 778587 -5.68866730e-04 -2.38418579e-05  1.31130219e-04
15 29 0 826612 -0.00014973  0.00022745 -0.00014925
15 29 0 875748 -3.07559967e-04  4.14848328e-05 -4.94956970e-04
15 29 0 928660 -2.25543976e-04 -1.57356262e-04  3.91006470e-05
15 29 0 979187 -4.47750092e-04  4.43458557e-05 -4.50611115e-04
15 29 1 27458 -0.00032043 -0.00034904 -0.00021744
15 29 1 80900  0.00037527 -0.00010014 -0.00011063
15 29 1 128806 1.35898590e-04 3.48091125e-05 1.89781189e-04
15 29 1 178192  9.01222229e-05  1.06811523e-04 -4.52041626e-04
15 29 1 227368  1.90258026e-04  2.08377838e-04 -8.44001770e-05
15 29 1 280992  0.00031471 -0.0002079  -0.00011396
15 29 1 329860 -0.00022268 -0.00016832 -0.00024509
15 29 1 379541 -1.24931335e-04  8.01086426e-05 -3.16143036e-04
15 29 1 429012 -1.47819519e-05  6.10351562e-05 -2.84671783e-04
15 29 1 479637 -3.96728516e-04  1.67369843e-04  8.96453857e-05
15 29 1 532484  0.00010395 -0.00044489 -0.00014877
15 29 1 580234 -1.64985657e-04  1.76429749e-05  1.70707703e-04
15 29 1 629179 -4.48226929e-05 -3.46183777e-04 -8.10623169e-05
15 29 1 679160 -0.00013113 -0.00025368 -0.00026035
15 29 1 728222 -5.61237335e-04  3.19480896e-05 -3.56197357e-04
15 29 1 782021  0.00028563  0.00014114 -0.00025463
15 29 1 829325 -0.00046253 -0.00011349 -0.00024366
15 29 1 878966 -2.81333923e-04  3.76701355e-05 -1.82628632e-04
15 29 1 927836  8.82148743e-05  5.38825989e-04 -1.39713287e-04
15 29 1 981559 -4.91142273e-05 -2.16484070e-04  1.95503235e-05
15 29 2 30120 -1.37329102e-04  7.62939453e-06 -8.05854797e-05
15 29 2 79999  3.00407410e-05 -1.48296356e-04 -1.15871429e-04
15 29 2 128631 -1.02043152e-04  1.56402588e-04 -9.72747803e-05
15 29 2 181348 -3.61919403e-04  8.39233398e-05  1.67369843e-04
15 29 2 231426 -7.77244568e-05 -3.33786011e-05  7.77244568e-05
15 29 2 281002 -1.09195709e-04 -1.56879425e-04 -1.66893005e-05
15 29 2 329736 -0.00029278  0.00033045 -0.00022221
15 29 2 378317 -4.24385071e-05  1.33514404e-05 -7.10487366e-05
15 29 2 432079 -0.00028563 -0.00022078 -0.00013828
15 29 2 480919 -0.00014782 -0.00042582  0.00018406
15 29 2 530647  0.00027275 -0.00036621 -0.00015163
15 29 2 579369 -3.31878662e-04 -2.47955322e-05  2.88963318e-04
15 29 2 632392 -0.00022888 -0.00016069 -0.00015402
15 29 2 681608  1.51157379e-04 -3.17573547e-04 -4.62532043e-05
15 29 2 731343 -7.10487366e-05 -2.47955322e-05  9.15527344e-05
15 29 2 780031  2.12192535e-04 -7.96318054e-05  1.60694122e-04
15 29 2 834885 -2.34127045e-04 -3.71932983e-05 -1.74522400e-04
15 29 2 882888  2.68936157e-04 -9.34600830e-05  4.48703766e-04
15 29 2 933085 -4.02450562e-04  9.53674316e-05  6.00814819e-05
15 29 2 981182 -0.0002737  -0.00029516  0.00038576
15 29 3 30303 -0.00023413 -0.00059986 -0.00024605
15 29 3 82680 -1.79767609e-04 -3.73363495e-04  4.10079956e-05
15 29 3 132938  3.00407410e-05 -5.05447388e-05 -1.92642212e-04
15 29 3 185096 -7.29560852e-05  3.91006470e-05 -3.56674194e-04
15 29 3 231202 -8.34465027e-05  3.12495232e-02 -1.25000477e-01
15 29 3 283364 -0.00026035 -0.0001564  -0.00033903
15 29 3 332662  7.58171082e-05 -5.69343567e-04 -1.82628632e-04
15 29 3 381702 -0.00010824 -0.0002017  -0.00028229
15 29 3 431345 -3.37600708e-04 -1.85966492e-05  2.67028809e-05
15 29 3 480362  0.00036001 -0.00022078 -0.00032187
15 29 3 534166 -7.62939453e-05  1.84535980e-04 -6.26564026e-04
15 29 3 582511 -2.67028809e-05  1.28269196e-04 -2.23159790e-04
15 29 3 631977 -0.00047302  0.0003643  -0.00012875
15 29 3 682337 -0.00013161  0.0001483   0.00014591
15 29 3 734147 -1.30653381e-04 -8.29696655e-05 -2.68936157e-04
15 29 3 783340 -0.00020981 -0.00013685  0.00013304
15 29 3 832411  4.24385071e-05 -4.01020050e-04 -2.76565552e-05
15 29 3 881877  0.00017023 -0.00051641  0.00026703
15 29 3 931793  5.58853149e-04 -2.32219696e-04 -5.14984131e-05
15 29 3 983741 -0.00011683 -0.00013351  0.00026131
15 29 4 35112 -3.03745270e-04  1.48773193e-04  8.96453857e-05
15 29 4 82471 -0.00040865  0.00052214 -0.00031137
15 29 4 132208 -0.00020504  0.00050545  0.00022316
15 29 4 180904  0.00014257  0.00043535 -0.00018406
15 29 4 236038  0.00022936 -0.00013208  0.00011873
15 29 4 284158 -9.87052917e-05 -1.75952911e-04  1.04427338e-04
15 29 4 333279  3.16143036e-04 -4.76837158e-05 -3.66210938e-04
15 29 4 381040 -9.20295715e-05 -2.18868256e-04 -1.67369843e-04
15 29 4 435456 -7.24792480e-05  3.09467316e-04 -2.05039978e-05
15 29 4 484749 -2.12669373e-04  1.66416168e-04  7.34329224e-05
15 29 4 534587 -6.48498535e-05  6.37531281e-04 -3.90052795e-04
15 29 4 582901 -0.00020695  0.00022411  0.00020552
15 29 4 633178 -0.00027323  0.00018167 -0.00045538
15 29 4 684900 -0.00015354 -0.00042009  0.00020599
15 29 4 735514  3.26633453e-04 -5.89370728e-04 -3.52859497e-05
15 29 4 784572 -2.86102295e-06 -1.47819519e-04 -6.34193420e-05
15 29 4 832991 -0.00047302 -0.00021172 -0.00024223
15 29 4 884989 -0.00019073 -0.00040817 -0.00013733
15 29 4 936683 -2.21252441e-04  5.10215759e-05 -2.66551971e-04
15 29 4 984327 -0.00032759  0.00020552  0.00030661
15 29 5 33824 -2.06470490e-04 -1.52587891e-05  6.86645508e-05
15 29 5 82236 -1.59740448e-04  2.19345093e-04  9.39369202e-05
15 29 5 135915 -8.91685486e-05 -6.21795654e-04 -7.15255737e-05
15 29 5 184834  0.00011444 -0.00038004 -0.00046444
15 29 5 235688 -2.48432159e-04 -1.52587891e-05 -4.78744507e-04
15 29 5 283404  6.43730164e-05  3.14712524e-05 -1.29699707e-04
15 29 5 332626 2.88486481e-04 9.58442688e-05 7.20024109e-05
15 29 5 385887 -0.00019121 -0.00020885 -0.0001955 
15 29 5 436277 -2.04563141e-04  2.42233276e-04 -7.86781311e-05
15 29 5 485734 -3.76224518e-04  2.43186951e-05 -1.85012817e-04
15 29 5 537962 -1.32083893e-04 -1.33514404e-05 -2.68936157e-04
15 29 5 586476  1.07765198e-04  2.90870667e-05 -3.16619873e-04
15 29 5 637401 -3.29494476e-04 -2.86102295e-05  7.62939453e-05
15 29 5 686920 -2.86102295e-06 -4.25338745e-04 -7.39097595e-05
15 29 5 738986  0.00032043 -0.00029421 -0.00015211
15 29 5 787278  3.71932983e-04 -3.24726105e-04 -6.29425049e-05
15 29 5 837745 -4.51564789e-04  5.86509705e-05 -2.36034393e-04
15 29 5 884296 -0.00037432  0.00059557 -0.00010872
15 29 5 934573 -0.00036335  0.0001545  -0.00039434
15 29 5 986675  1.01089478e-04  6.62803650e-05 -1.28746033e-05
15 29 6 36714 -3.76701355e-05  7.05718994e-05  9.39369202e-05
15 29 6 85515  1.22070312e-04 -8.96453857e-05 -3.88145447e-04
15 29 6 136360 -0.00038528 -0.00012112  0.0001502 
15 29 6 188223  5.05447388e-05 -5.33103943e-04  1.04904175e-04
15 29 6 238338  1.07288361e-04 -8.86917114e-05 -9.05990601e-06
15 29 6 286390 -0.00042057  0.0002265   0.0003314 
15 29 6 336453 -2.33650208e-05  3.43799591e-04 -2.05039978e-05
15 29 6 386852 -3.52382660e-04 -1.43051147e-06  4.91142273e-05
15 29 6 435824 -5.38825989e-05 -6.83307648e-04 -2.14576721e-05
15 29 6 487887 2.93254852e-04 1.11103058e-04 9.29832458e-05
15 29 6 538261 -0.0001812  -0.00021648 -0.00019836
15 29 6 587574 -1.17778778e-04 -1.62124634e-05  7.62939453e-06
15 29 6 639558 -0.00017881 -0.00021124 -0.0002327 
15 29 6 690953  3.52859497e-05  5.57899475e-05 -1.70230865e-04
15 29 6 739180 -0.00049448  0.00012732 -0.0004015 
15 29 6 786971 -0.00017929  0.00030231 -0.00029039
15 29 6 836388  2.70843506e-04  4.49657440e-04 -1.71661377e-05
15 29 6 888479 -1.19209290e-05  1.07288361e-04 -2.68459320e-04
15 29 6 939487 1.23977661e-05 3.12495232e-02 1.24999523e-01
15 29 6 987667 -1.07765198e-04  3.11374664e-04  3.91006470e-05
15 29 7 37448  1.09672546e-04 -5.82218170e-04 -7.67707825e-05
15 29 7 90593 -5.29289246e-05 -4.50134277e-04 -2.56061554e-04
15 29 7 140416 -2.94685364e-04  4.14848328e-05 -8.10623169e-06
15 29 7 188133  4.21047211e-04 -2.18391418e-04 -2.81333923e-05
15 29 7 238467  7.15255737e-06  2.19345093e-05 -7.86781311e-05
15 29 7 287839 -2.01225281e-04 -2.21729279e-04 -2.24113464e-05
15 29 7 340578 -2.13146210e-04 -2.09331512e-04  7.05718994e-05
15 29 7 388126  1.22547150e-04 -4.17709351e-04  6.96182251e-05
15 29 7 439671 -3.54766846e-04 -3.29971313e-04 -3.05175781e-05
15 29 7 486956 -2.38418579e-06 -2.95639038e-04 -9.77516174e-05
15 29 7 538124 -5.12123108e-04 -4.95910645e-05 -6.15119934e-05
15 29 7 589102 2.09331512e-04 5.92231750e-04 2.14576721e-05
15 29 7 639442 -3.40938568e-04 -2.92301178e-04  8.01086426e-05
15 29 7 688570  5.62667847e-05  1.84059143e-04 -1.17301941e-04
15 29 7 741134 -3.49998474e-04  4.62532043e-05 -1.95026398e-04
15 29 7 789549 -0.0001483   0.00057316 -0.00027323
15 29 7 839897 4.67300415e-05 4.62532043e-05 2.98023224e-04
15 29 7 888418 -1.11103058e-04 -5.57899475e-05  2.57492065e-05
15 29 7 939124 -8.82148743e-05  1.17301941e-04 -1.28269196e-04
15 29 7 991603 -6.34193420e-05  1.72138214e-04  5.29766083e-04
15 29 8 40836 -3.19480896e-05 -2.28881836e-05  2.07424164e-04
15 29 8 89299 -5.75065613e-04  1.75952911e-04  1.00135803e-05
15 29 8 138104 -0.00011015  0.00013399 -0.00017262
15 29 8 188580 -0.00020838  0.00020123 -0.00017214
15 29 8 241142  7.48634338e-05  4.95910645e-05 -3.20911407e-04
15 29 8 290160  1.94549561e-04  2.14576721e-05 -4.67300415e-05
15 29 8 338992 1.14440918e-05 1.18732452e-04 8.24928284e-05
15 29 8 390069  2.38418579e-05 -6.53266907e-05  3.09944153e-05
15 29 8 437374 2.28881836e-05 9.53674316e-06 1.33514404e-04
15 29 8 489273  0.00017834  0.00049591 -0.00012827
15 29 8 538588 -0.00019026 -0.00026417  0.00022221
15 29 8 587719 -3.79562378e-04  1.50680542e-04 -5.24520874e-05
15 29 8 636905 -2.92301178e-04  8.77380371e-05 -2.39372253e-04
15 29 8 686353 -0.00012445 -0.00050974 -0.00015068
15 29 8 739561 -0.00013924 -0.00042439 -0.00022888
15 29 8 789108 -6.29425049e-05 -1.72615051e-04  1.23977661e-05
15 29 8 837818  8.82148743e-05 -3.43799591e-04 -1.57833099e-04
15 29 8 890433  4.00543213e-05 -3.68118286e-04 -1.67846680e-04
15 29 8 940261 -2.09808350e-05 -2.40802765e-04 -2.80857086e-04
15 29 8 989071 -0.00023746 -0.00016069 -0.00054359
15 29 9 38274 -0.00011969  0.00025845 -0.00031662
15 29 9 87430 -8.72612000e-05 -4.02927399e-04  3.17573547e-04
15 29 9 140720 -8.53538513e-05 -1.33037567e-04  2.14099884e-04
15 29 9 190079 2.52723694e-04 4.19616699e-05 1.62124634e-04
15 29 9 239291 -9.10758972e-05 -4.12940979e-04  1.44481659e-04
15 29 9 288596  3.81469727e-05 -2.75135040e-04 -2.15530396e-04
15 29 9 338559 -1.75476074e-04 -9.29832458e-05  5.81741333e-05
15 29 9 391280 -4.41551208e-04 -9.53674316e-07  4.00543213e-05
15 29 9 441964 -0.00054407  0.00032663  0.00022268
15 29 9 490468 -2.49385834e-04 -3.91006470e-05  4.38690186e-05
15 29 9 539323 -2.12192535e-04 -3.45706940e-04  1.71661377e-05
15 29 9 588056  1.00612640e-04  2.91824341e-04 -4.05311584e-05
15 29 9 642158 -1.58309937e-04  5.43594360e-05  2.36034393e-04
15 29 9 691078 -2.26497650e-04 -2.66075134e-04 -4.76837158e-05
15 29 9 738619  1.48773193e-04 -6.38961792e-05 -1.74999237e-04
15 29 9 789354  5.72204590e-05 -1.12533569e-04 -1.38759613e-04
15 29 9 842750 -0.00011301 -0.00032187  0.00018549
15 29 9 891537  0.00024271 -0.00012255  0.00012541
15 29 9 941620 -6.72340393e-05 -3.02791595e-04 -1.72615051e-04
15 29 9 994044 -4.19616699e-04 -2.40802765e-04 -7.29560852e-05
15 29 10 44621  1.21593475e-04 -9.48905945e-05  1.13487244e-04
15 29 10 91564 -4.24385071e-05 -6.90937042e-04  7.91549683e-05
15 29 10 141064 -3.93867493e-04  2.90870667e-05 -1.09672546e-04
15 29 10 189521 -2.06470490e-04 -1.95503235e-05  1.16348267e-04
15 29 10 243864 -3.81469727e-05 -2.34603882e-04 -1.70707703e-04
15 29 10 292230 2.41279602e-04 4.76837158e-05 9.53674316e-06
15 29 10 342389 -2.68459320e-04 -8.67843628e-05  6.19888306e-06
15 29 10 390458 -3.43322754e-05  2.89916992e-04 -1.26838684e-04
15 29 10 439645 -3.48091125e-05 -6.72340393e-05  3.47614288e-04
15 29 10 493408 -1.68800354e-04  2.00271606e-05  3.16619873e-04
15 29 10 542397 4.76837158e-07 2.54631042e-04 3.16619873e-04
15 29 10 592794  0.00014257 -0.000144    0.0001359 
15 29 10 642284 -4.19616699e-04  0.00000000e+00  1.65624905e+00
15 29 10 692913 -2.59399414e-04 -9.39369202e-05 -3.23295593e-04
15 29 10 742744 -3.76701355e-05  6.34193420e-05 -3.45706940e-04
15 29 10 791326 -1.38282776e-05  1.48773193e-04 -1.50203705e-04
15 29 10 841074 -0.0004859   0.00020647 -0.00035429
15 29 10 889978 -1.08718872e-04  1.54495239e-04  1.76429749e-05
15 29 10 943658 -1.37329102e-04 -8.96453857e-05 -3.44753265e-04
15 29 10 992634 -0.00023222 -0.00018597 -0.00026226
15 29 11 41636 -2.76565552e-05  4.34398651e-04 -1.78813934e-04
15 29 11 90817 -0.00013351 -0.00028276 -0.0002656 
15 29 11 145852 -0.00023508 -0.00051212 -0.00011635
15 29 11 193352 -1.37805939e-04 -3.81469727e-05 -8.24928284e-05
15 29 11 243686 -1.15871429e-04  9.20295715e-05  6.19888306e-06
15 29 11 291380 -2.82764435e-04 -1.09672546e-05 -3.52859497e-05
15 29 11 346066 -3.07559967e-04  2.26974487e-04 -6.96182251e-05
15 29 11 393992 -1.86443329e-04 -2.72274017e-04  4.57763672e-05
15 29 11 443345 -1.25408173e-04 -1.30176544e-04  2.86102295e-05
15 29 11 491558 -3.20434570e-04 -2.24113464e-05  1.33514404e-04
15 29 11 546589  2.73227692e-04 -3.03745270e-04 -8.48770142e-05
15 29 11 594691  0.00021887 -0.00034904 -0.00029707
15 29 11 644250 -2.00748444e-04  4.52995300e-05  1.19209290e-05
15 29 11 692960  0.00025272  0.00023699 -0.00021362
15 29 11 743545 -5.24520874e-05  1.77860260e-04 -3.78608704e-04
15 29 11 794818 -8.24928284e-05  3.71932983e-05 -2.10285187e-04
15 29 11 845125 -2.76088715e-04  9.91821289e-05 -1.19209290e-04
15 29 11 893639 9.01222229e-05 8.34465027e-05 1.32560730e-04
15 29 11 944742  0.00017643 -0.00026655  0.0001235 
15 29 11 991533  3.05175781e-05  1.40190125e-04 -3.00407410e-04
15 29 12 45402 -1.84059143e-04  9.53674316e-06 -5.16891479e-04
15 29 12 93973 -2.71797180e-05 -4.54425812e-04  8.10623169e-06
15 29 12 143092 -1.27792358e-04 -5.72204590e-06 -1.52587891e-04
15 29 12 192850 -0.00015068  0.00019741 -0.00015306
15 29 12 247547  6.86645508e-05  1.43051147e-05 -3.52859497e-05
15 29 12 294671 -0.00011921 -0.00014353  0.00026846
15 29 12 343675 -1.90734863e-06 -3.07083130e-04 -2.97069550e-04
15 29 12 393110  2.35557556e-04 -9.77516174e-05 -3.59058380e-04
15 29 12 447605 5.13553619e-04 2.30789185e-04 9.44137573e-05
15 29 12 495835 -1.59740448e-04  2.99453735e-04 -1.81198120e-05
15 29 12 544471 -1.09672546e-05 -3.96251678e-04 -7.53402710e-05
15 29 12 595650  3.95774841e-05 -9.01222229e-05  2.05993652e-04
15 29 12 645030 -6.58035278e-05  1.19209290e-05  3.33786011e-06
15 29 12 697911 -9.15527344e-05 -3.57151031e-04  7.77244568e-05
15 29 12 746325 -8.96453857e-05  3.85761261e-04 -1.28269196e-04
15 29 12 795285 -1.04427338e-04 -3.36170197e-04  5.48362732e-05
15 29 12 845013  0.00016308 -0.00010729  0.00018644
15 29 12 893899 -0.000453    0.00014877  0.00019503
15 29 12 945790 -8.96453857e-05 -7.62939453e-06 -1.78813934e-04
15 29 12 996911 -6.19888306e-06  5.38825989e-05  8.01086426e-05
15 29 13 47015 -0.00011158  0.00037193 -0.00033092
15 29 13 95200 -9.72747803e-05  3.57627869e-05  5.29289246e-05
15 29 13 144386 -2.52723694e-05  1.15871429e-04  1.85966492e-05
15 29 13 197330 -0.0001874  -0.00034952  0.00029278
15 29 13 246512  6.62803650e-05 -9.48905945e-05 -3.86238098e-04
15 29 13 294945 -1.50203705e-04 -2.45571136e-04  4.05311584e-05
15 29 13 345661 -1.62124634e-05  1.05381012e-04  1.31130219e-04
15 29 13 397862  0.00018978 -0.00010061  0.00010014
15 29 13 448028 -9.10758972e-05  6.67572021e-06  1.88350677e-04
15 29 13 497409 -8.24928284e-05  1.07765198e-04  3.06129456e-04
15 29 13 545731  1.86443329e-04 -2.09808350e-05 -9.29832458e-05
15 29 13 598896 -2.16007233e-04 -3.86238098e-05  1.50680542e-04
15 29 13 648029  5.76972961e-05 -4.90665436e-04  1.09672546e-04
15 29 13 697906 -2.24590302e-04 -7.82012939e-05 -1.24454498e-04
15 29 13 744692  2.38418579e-06 -4.26292419e-04  9.91821289e-05
15 29 13 794621 -0.00028944 -0.00040197 -0.00012064
15 29 13 849070 -4.84943390e-04 -4.36782837e-04 -6.77108765e-05
15 29 13 897653 -7.43865967e-05 -1.17778778e-04 -2.67982483e-04
15 29 13 947324 -0.00015688 -0.00027704  0.00010395
15 29 13 996129  9.10758972e-05  1.38759613e-04 -2.79426575e-04
15 29 14 44118 -0.00024796 -0.00010395 -0.00019121
15 29 14 99299 -3.05175781e-05 -3.79085541e-04 -1.19209290e-05
15 29 14 146336 -0.00031042 -0.00030613 -0.00016451
15 29 14 196550 -3.45230103e-04 -2.38418579e-04  7.10487366e-05
15 29 14 244891  1.33514404e-05 -5.05447388e-05  2.90870667e-04
15 29 14 299785 -0.0003767   0.00033808 -0.00011635
15 29 14 348699 -0.00022459 -0.00013733  0.00037766
15 29 14 397133  9.01222229e-05 -2.16484070e-04  1.92165375e-04
15 29 14 447530 -0.00019312 -0.00018215  0.00028372
15 29 14 499483  9.87052917e-05  2.58445740e-04 -1.28746033e-04
15 29 14 550525  2.68459320e-04 -2.09808350e-05  8.29696655e-05
15 29 14 596866  1.28746033e-05  2.17437744e-04 -3.23295593e-04
15 29 14 647092  4.43458557e-05 -1.81674957e-04 -1.98841095e-04
15 29 14 698903 -3.66687775e-04  7.48634338e-05  2.04086304e-04
15 29 14 748361 -0.00029612 -0.00021887  0.00015783
15 29 14 797349 -0.00039768 -0.0001626   0.00033808
15 29 14 846301 -0.00031042  0.00027943 -0.00017405
15 29 14 897450  1.00135803e-04 -5.54561615e-04 -6.05583191e-05
15 29 14 951428 2.95639038e-05 3.41415405e-04 4.52995300e-05
15 29 14 999666 -0.00027132  0.00015831  0.00038052
15 29 15 50024 -4.38690186e-04 -2.70843506e-04  3.05175781e-05
15 29 15 98441  0.00018549 -0.00016117  0.00021076
15 29 15 147145 -3.03745270e-04 -5.96046448e-05 -2.31266022e-04
15 29 15 200544 -0.00020027  0.00011683 -0.00033951
15 29 15 250133 -2.25543976e-04 -5.53131104e-05 -2.03609467e-04
15 29 15 298764 -0.00025225  0.0001092   0.00022602
15 29 15 349062 -2.13623047e-04 -8.29696655e-05  1.31607056e-04
15 29 15 395705 -0.00018072 -0.00035048 -0.00033092
15 29 15 450989  0.00018501 -0.00023079  0.00029373
15 29 15 499545 -3.86238098e-05 -7.44819641e-04  2.40325928e-04
15 29 15 549040 -4.43458557e-05 -8.72612000e-05  1.00135803e-05
15 29 15 597989 -0.00033951 -0.00035381 -0.00011587
15 29 15 651503 3.91006470e-05 1.70230865e-04 9.05990601e-06
15 29 15 699959 -6.12258911e-04  1.09195709e-04  6.62803650e-05
15 29 15 749412  8.58306885e-06 -1.62124634e-05  1.68323517e-04
15 29 15 802622 -0.00038052  0.00020027  0.00011253
15 29 15 852311  4.10079956e-05 -3.42369080e-04  1.57356262e-05
15 29 15 901100  4.86373901e-05 -2.38418579e-05 -3.12328339e-04
15 29 15 950857  3.29017639e-05 -2.97069550e-04 -5.86509705e-05
15 29 15 999690  1.73091888e-04 -1.08718872e-04 -1.33514404e-05
15 29 16 53046  9.91821289e-05 -2.93254852e-04 -9.72747803e-05
15 29 16 101184 0.00015831 0.00015879 0.00019836
15 29 16 150852  0.00015402 -0.00021458  0.0001111 
15 29 16 200179 -4.26769257e-04 -2.73704529e-04  9.20295715e-05
15 29 16 249745  9.91821289e-05  2.13623047e-04 -3.37600708e-04
15 29 16 302156 -1.28746033e-04 -6.91413879e-05 -2.87532806e-04
15 29 16 351813 -2.38418579e-06 -2.85625458e-04  5.72204590e-06
15 29 16 399206  0.00013638 -0.0003438  -0.00011015
15 29 16 449541 -4.27246094e-04  8.15391541e-05 -2.02655792e-04
15 29 16 501540  1.33037567e-04  6.29425049e-05 -2.08854675e-04
15 29 16 552642 9.77516174e-05 3.27587128e-04 1.45435333e-04
15 29 16 601617  7.29560852e-05 -1.43051147e-05  4.76837158e-05
15 29 16 650828 -3.57151031e-04 -4.00066376e-04 -5.67436218e-05
15 29 16 699988 -2.26497650e-04 -7.96318054e-05 -7.67707825e-05
15 29 16 753223 -5.48362732e-05 -4.73499298e-04  7.24792480e-05
15 29 16 801034  5.96046448e-05  3.98159027e-04 -2.16007233e-04
15 29 16 851348 -2.76088715e-04  1.57833099e-04  5.29289246e-05
15 29 16 899173  1.26838684e-04 -1.56402588e-04  3.95774841e-05
15 29 16 953705 -0.00019026 -0.00013065  0.00039959
15 29 17 1864  1.47819519e-05 -7.82012939e-05  1.59740448e-04
15 29 17 52005 -9.05990601e-05 -2.32219696e-04  1.08718872e-04
15 29 17 100371 -2.67028809e-04 -2.01702118e-04  5.96046448e-05
15 29 17 150600  0.00016069 -0.00016499 -0.00038481
15 29 17 202981 -0.00040054  0.00014257 -0.00029373
15 29 17 252978 -0.00012684  0.00025797  0.00012112
15 29 17 301368  3.19480896e-05 -3.71932983e-05 -1.62601471e-04
15 29 17 352038 -5.57899475e-05 -1.27792358e-04  1.51634216e-04
15 29 17 400068  5.91278076e-05 -2.13623047e-04 -9.53674316e-06
15 29 17 453643  7.96318054e-05  7.15255737e-05 -3.29017639e-05
15 29 17 502215 0.00017262 0.00015688 0.00021887
15 29 17 551752 -2.12669373e-04 -1.85489655e-04 -5.67436218e-05
15 29 17 600186 -0.00011063 -0.00012255 -0.00023365
15 29 17 654481  4.14848328e-05 -2.80380249e-04  1.02996826e-04
15 29 17 702850 -1.34944916e-04 -1.74045563e-04  7.91549683e-05
15 29 17 751608 0.00000000e+00 2.66075134e-04 2.47955322e-05
15 29 17 800839  1.05857849e-04 -7.67707825e-05  4.91142273e-05
15 29 17 848826  1.04904175e-05  2.62737274e-04 -3.38554382e-05
15 29 17 902450 -3.62873077e-04 -1.19686127e-04 -8.91685486e-05
15 29 17 952413  6.58035278e-05 -2.71797180e-05  2.98023224e-04
15 29 18 1344  3.84330750e-04 -3.24249268e-05  5.34057617e-05
15 29 18 49831  1.95026398e-04  3.12490463e-02 -1.93750000e+00
15 29 18 103022  2.19345093e-04 -1.15871429e-04 -3.19480896e-05
15 29 18 152849 -9.20295715e-05 -2.14576721e-05 -3.57627869e-05
15 29 18 201570 -7.86781311e-05 -7.20024109e-05  2.94685364e-04
15 29 18 250555 -2.14099884e-04  3.48091125e-05  4.33921814e-05
15 29 18 299335 -3.16143036e-04 -2.38418579e-04  4.86373901e-05
15 29 18 352749  8.20159912e-05  1.25885010e-04 -6.90460205e-04
15 29 18 402389 -0.00047112  0.00016022 -0.0004015 
15 29 18 450664  0.00014591  0.00043249 -0.00015402
15 29 18 499849 -0.00070143 -0.00022697 -0.00032806
15 29 18 555364 9.10758972e-05 1.57356262e-05 7.53402710e-05
15 29 18 602746 1.15871429e-04 8.10623169e-05 1.65939331e-04
15 29 18 652530  8.58306885e-05 -1.11103058e-04 -1.64508820e-04
15 29 18 702633 2.19345093e-05 4.24385071e-05 3.67164612e-05
15 29 18 755233  2.38418579e-06 -1.35421753e-04 -2.13623047e-04
15 29 18 805056 -2.09808350e-05  2.71797180e-05  4.97817993e-04
15 29 18 854304 -0.00018883  0.00018311  0.00012016
15 29 18 903467 -4.72068787e-05 -2.91824341e-04 -1.16348267e-04
15 29 18 953086 -2.57492065e-05 -1.04427338e-04 -4.64916229e-04
15 29 19 4700 -3.76701355e-04 -2.62260437e-05 -2.23159790e-04
15 29 19 54820  8.20159912e-05 -2.87055969e-04 -5.62667847e-05
15 29 19 103938 -1.71661377e-05 -1.29222870e-04 -2.01225281e-04
15 29 19 152992 -1.94549561e-04  7.62939453e-06  1.10149384e-04
15 29 19 205123 -6.34193420e-05  5.91278076e-05 -1.62124634e-05
15 29 19 254940 -2.81333923e-05  2.33650208e-05  2.71320343e-04
15 29 19 302688 -1.82151794e-04  2.68459320e-04  1.43051147e-05
15 29 19 351866  0.00017071  0.00025511 -0.00050974
15 29 19 405422 -2.90393829e-04 -2.62260437e-05 -2.87055969e-04
15 29 19 454313 -0.00033236 -0.00012589  0.00041008
15 29 19 503474 -6.81877136e-05  1.97887421e-04 -1.31607056e-04
15 29 19 554288 -1.38282776e-04  6.19888306e-06 -4.04357910e-04
15 29 19 602415 -3.10420990e-04  5.91278076e-05 -2.39372253e-04
15 29 19 655120  1.43051147e-06  4.81605530e-05 -1.34468079e-04
15 29 19 704157 -9.82284546e-05 -2.24113464e-05  1.95503235e-05
15 29 19 755443  2.10285187e-04 -1.70230865e-04 -6.38961792e-05
15 29 19 803390 -3.61919403e-04  2.81333923e-05 -1.01566315e-04
15 29 19 854076 -1.09195709e-04 -5.24520874e-06 -1.55925751e-04
15 29 19 906026 7.72476196e-05 7.29560852e-05 1.70230865e-04
15 29 19 955666 -1.68323517e-04  1.81198120e-05  1.54972076e-04
15 29 20 4648 -8.53538513e-05  1.37329102e-04 -1.85966492e-05
15 29 20 54581  3.09944153e-05 -1.03950500e-04 -3.74794006e-04
15 29 20 107076 -3.71456146e-04  5.19752502e-05  2.91824341e-04
15 29 20 156379 -4.30107117e-04 -3.41892242e-04 -7.00950623e-05
15 29 20 205643 -3.81469727e-06  2.00271606e-04  6.38961792e-05
15 29 20 258247 -2.95639038e-04 -1.65462494e-04 -3.33786011e-06
15 29 20 307817  5.38825989e-05  9.53674316e-05 -1.28746033e-04
15 29 20 357590  3.76701355e-05 -3.24249268e-05 -7.82012939e-05
15 29 20 406128 -0.00020838 -0.00016546  0.00026083
15 29 20 455085 -0.00042868  0.00011253 -0.00025082
15 29 20 508346 -3.30924988e-04  1.76906586e-04  6.24656677e-05
15 29 20 558716 -0.00040627 -0.00022507  0.0001421 
15 29 20 606367 -0.00010729 -0.00013876 -0.00018978
15 29 20 656819 -2.17437744e-04 -6.05583191e-05 -1.82151794e-04
15 29 20 704464 -0.00030899 -0.00011921 -0.00016165
15 29 20 759455 -3.09944153e-05 -5.48362732e-05 -1.46865845e-04
15 29 20 807673 -1.06811523e-04  3.95774841e-05  1.30653381e-04
15 29 20 857648 -4.27722931e-04  9.82284546e-05 -3.69548798e-04
15 29 20 906013 -0.00025606 -0.00026751 -0.00022554
15 29 20 954599 -9.53674316e-06 -9.53674316e-06 -1.41143799e-04
15 29 21 8273 -2.88009644e-04 -2.01702118e-04 -8.77380371e-05
15 29 21 58230 4.63962555e-04 2.25543976e-04 2.38418579e-05
15 29 21 105395 -4.14848328e-05 -1.01566315e-04  2.97069550e-04
15 29 21 153707  1.97887421e-04 -3.48091125e-05 -2.11238861e-04
15 29 21 203474 -0.00074911  0.00039673 -0.00018311
15 29 21 256069 -2.69412994e-04  2.49862671e-04  2.67028809e-05
15 29 21 305767  2.67982483e-04 -3.24249268e-05  5.76972961e-05
15 29 21 356612 -2.43663788e-04 -1.90734863e-06 -2.75135040e-04
15 29 21 409999 -0.00011492 -0.0001874  -0.0004425 
15 29 21 459113 -0.00063324 -0.00015879  0.00013781
15 29 21 508379  7.10487366e-05 -5.86509705e-05  4.95910645e-05
15 29 21 557962 -5.40733337e-04  6.72340393e-05 -4.20093536e-04
15 29 21 606611 -3.24249268e-04 -3.49521637e-04 -8.91685486e-05
15 29 21 659894 2.52723694e-05 1.60217285e-04 1.53541565e-04
15 29 21 708255 -7.15255737e-05  1.91688538e-04 -3.28063965e-04
15 29 21 758372 -2.50816345e-04  1.99317932e-04 -9.53674316e-06
15 29 21 807707 -2.09808350e-04  3.12485695e-02  2.53124809e+00
15 29 21 856666  1.04904175e-05  2.57492065e-05 -2.09808350e-05
15 29 21 910122  4.83512878e-04  1.47819519e-04 -7.91549683e-05
15 29 21 959662 -6.58035278e-05 -1.80244446e-04  1.75952911e-04
15 29 22 8302 1.05857849e-04 2.15053558e-04 1.90734863e-05
15 29 22 58081  4.91142273e-05 -1.42574310e-04 -2.67028809e-05
15 29 22 106858 -3.94821167e-04  2.05039978e-05 -2.69412994e-04
15 29 22 159407 -2.37941742e-04 -1.83582306e-04 -6.62803650e-05
15 29 22 208896  1.81198120e-05 -1.03473663e-04  1.15394592e-04
15 29 22 258252  0.00010252 -0.00026894 -0.00013161
15 29 22 307327  3.60965729e-04 -2.58922577e-04 -9.05990601e-05
15 29 22 357213 -1.77860260e-04 -8.58306885e-06 -1.75476074e-04
15 29 22 409450 -0.00023842 -0.00060844  0.00015306
15 29 22 459007 -0.00036001 -0.00019741  0.00010443
15 29 22 508033  3.67164612e-05 -2.64644623e-04 -1.00135803e-05
15 29 22 560721 7.82012939e-05 3.95774841e-05 2.66551971e-04
15 29 22 610182 -3.20434570e-04  6.62803650e-05 -2.42233276e-04
15 29 22 658381 -0.00030804  0.00021315 -0.00038576
15 29 22 708504 -0.00020695 -0.00036812  0.0001235 
15 29 22 758207 -1.16825104e-04 -2.08854675e-04  5.24520874e-06
15 29 22 811642 3.20911407e-04 7.29560852e-05 2.28881836e-05
15 29 22 860473 -0.00012207 -0.00014305  0.00028992
15 29 22 908941 -4.43458557e-05 -1.52587891e-04 -2.43186951e-05
15 29 22 958476 -5.48362732e-05 -1.14917755e-04  1.73091888e-04
15 29 23 12085  1.90734863e-06  2.33173370e-04 -1.45435333e-04
15 29 23 60953 2.71797180e-05 1.51157379e-04 1.56879425e-04
15 29 23 110251 -9.67979431e-05  3.70025635e-04  1.57356262e-04
15 29 23 158995 -2.95639038e-05 -1.01566315e-04  3.76701355e-04
15 29 23 208289 -1.03950500e-04  2.26497650e-04 -3.86238098e-05
15 29 23 261455 -2.56538391e-04  1.09672546e-05  2.19345093e-05
15 29 23 310248  2.86102295e-05 -1.11579895e-04  5.29289246e-05
15 29 23 360351 -0.00037861  0.00015163  0.00015163
15 29 23 409749  2.42710114e-04  2.49385834e-04 -9.67979431e-05
15 29 23 462858 -4.36306000e-04  7.77244568e-05  4.29153442e-06
15 29 23 509806 -3.29494476e-04 -9.15527344e-05  3.84330750e-04
15 29 23 560924 -2.09331512e-04 -1.20162964e-04  9.10758972e-05
15 29 23 609076 -1.56402588e-04 -8.72612000e-05 -4.28676605e-04
15 29 23 662842 -0.00014925 -0.00037527 -0.00011587
15 29 23 711148 -2.01702118e-04 -1.26838684e-04  5.29289246e-05
15 29 23 762020 -0.00025129 -0.00033474  0.00034666
15 29 23 810289 -1.95026398e-04 -8.24928284e-05 -8.20159912e-05
15 29 23 859895 -8.10623169e-05 -2.17437744e-04 -1.56879425e-04
15 29 23 912212  0.          0.00028467 -0.00018597
15 29 23 962817 -0.00013447 -0.00012922 -0.00021839
15 29 24 10212 -6.19888306e-05 -1.21593475e-04 -8.39233398e-05
15 29 24 60016 -0.00032997 -0.00010395 -0.00052452
15 29 24 107791 -3.02314758e-04  4.24385071e-05  1.66416168e-04
15 29 24 162351 -3.93867493e-04  1.15394592e-04 -4.43458557e-05
15 29 24 210931 2.35557556e-04 1.92642212e-04 1.47819519e-05
15 29 24 260765 -0.00037384 -0.00021553  0.00046253
15 29 24 310162 -1.17778778e-04  2.81333923e-05  3.31878662e-04
15 29 24 363556  1.43051147e-06 -2.20775604e-04 -2.10285187e-04
15 29 24 411728 -0.00014973  0.00046206 -0.00011778
15 29 24 462053 -2.50339508e-04 -1.40190125e-04 -7.00950623e-05
15 29 24 510434  7.15255737e-06 -1.05857849e-04 -5.29289246e-05
15 29 24 564014  2.68459320e-04 -7.86781311e-05 -1.54018402e-04
15 29 24 612519 -3.04698944e-04  6.67572021e-06 -1.24454498e-04
15 29 24 660675  9.63211060e-05 -7.39097595e-05  2.81333923e-05
15 29 24 711783 -9.77516174e-05 -2.95639038e-04 -4.06742096e-04
15 29 24 760091 -2.63690948e-04 -2.81333923e-05  1.34468079e-04
15 29 24 814170 -0.00018644 -0.00021315 -0.00011444
15 29 24 862834 -3.15189362e-04 -1.41143799e-04 -1.52587891e-05
15 29 24 912312 -5.96046448e-05  8.24928284e-05 -1.45435333e-04
15 29 24 961362 -8.86917114e-05  2.95162201e-04 -1.03473663e-04
15 29 25 14886  1.12056732e-04  6.04629517e-04 -3.29017639e-05
15 29 25 63435 -0.00023508 -0.00058603 -0.00021219
15 29 25 113182 -1.76429749e-05 -1.95026398e-04 -5.72204590e-06
15 29 25 162108 -1.63078308e-04 -1.49250031e-04 -1.43051147e-05
15 29 25 214960 -0.00011969 -0.00026512 -0.00020742
15 29 25 263713 -6.96182251e-05  1.41620636e-04 -2.04086304e-04
15 29 25 312833 -5.38825989e-05 -8.01086426e-05 -2.64644623e-04
15 29 25 362423 1.24454498e-04 2.49385834e-04 5.05447388e-05
15 29 25 411322  1.23977661e-04  3.12490463e-02 -3.53125095e+00
15 29 25 465399 -1.11579895e-04 -8.82148743e-05 -1.08242035e-04
15 29 25 513252 -3.00884247e-04  2.99930573e-04  9.29832458e-05
15 29 25 561778 -0.00020218  0.00014973 -0.0001483 
15 29 25 612383 -1.81198120e-05  2.54631042e-04 -2.57492065e-04
15 29 25 662397 -8.82148743e-05 -3.03268433e-04 -4.29153442e-05
15 29 25 714246 -0.00021362  0.00038624  0.00012302
15 29 25 764841 -2.96115875e-04  2.50816345e-04 -1.04904175e-05
15 29 25 811567 -6.67572021e-05  5.07354736e-04 -3.00407410e-05
15 29 25 862421  1.95503235e-05  1.51157379e-04 -2.45571136e-04
15 29 25 911306 -1.66893005e-05 -2.52723694e-05 -1.46865845e-04
15 29 25 964852 0.00012398 0.00033188 0.00011969
15 29 26 14163 -9.82284546e-05 -1.65462494e-04  5.72204590e-05
15 29 26 61690  2.81333923e-05  1.71184540e-04 -8.96453857e-05
15 29 26 111236  1.78813934e-04  5.72204590e-06 -2.33650208e-05
15 29 26 163608  1.23500824e-04 -5.34057617e-05 -4.63485718e-04
15 29 26 214647 0.00019264 0.00025606 0.00012922
15 29 26 263553 -4.74929810e-04  3.76701355e-05 -2.28881836e-04
15 29 26 311991 -0.00012684  0.00019836  0.00010395
15 29 26 365640 0.00010061 0.00013494 0.00021887
15 29 26 414446 -0.00026941  0.00048351 -0.00011349
15 29 26 464128  5.00679016e-05 -1.41620636e-04  1.68800354e-04
15 29 26 514358  4.76837158e-07 -4.79698181e-04  5.05447388e-05
15 29 26 562309  0.00016642 -0.00018454  0.00011015
15 29 26 616330  9.72747803e-05 -5.49316406e-04  1.57356262e-05
15 29 26 665100  8.86917114e-05 -1.03950500e-04 -3.95774841e-05
15 29 26 715316 -3.24249268e-05 -5.72204590e-06 -6.07013702e-04
15 29 26 762566 -0.00032949  0.0003705  -0.00027418
15 29 26 812303 -1.09672546e-05  1.62124634e-04  3.18527222e-04
15 29 26 866002 -1.58309937e-04  4.33921814e-05  1.07765198e-04
15 29 26 915711 -3.82900238e-04  1.90734863e-06  6.29425049e-05
15 29 26 964397 -5.53131104e-05  1.90258026e-04 -3.28063965e-04
15 29 27 13403 -3.09467316e-04  1.81198120e-05  1.46389008e-04
15 29 27 65530 -0.00014591 -0.00021172 -0.00026035
15 29 27 116109  5.57899475e-05 -5.15937805e-04  2.54631042e-04
15 29 27 164896  9.96589661e-05  1.94549561e-04 -1.47819519e-05
15 29 27 214285 -2.57492065e-05  1.55448914e-04  1.41620636e-04
15 29 27 267030 -6.15119934e-05 -6.24656677e-05  4.67300415e-05
15 29 27 317029 -4.45365906e-04  2.57492065e-05 -2.53677368e-04
15 29 27 365008 -1.66416168e-04  2.12669373e-04 -2.52723694e-05
15 29 27 414781 -0.00020981 -0.00053072 -0.00023127
15 29 27 467487  3.33786011e-06 -2.46047974e-04  2.20775604e-04
15 29 27 517590 -2.96115875e-04 -8.20159912e-05 -2.98023224e-04
15 29 27 565384 -1.94072723e-04  2.71797180e-05 -2.14099884e-04
15 29 27 615606 -1.66893005e-05 -2.93254852e-04  4.70161438e-04
15 29 27 664540 -3.60012054e-04 -6.29425049e-05  1.40190125e-04
15 29 27 718491 5.62667847e-05 3.13758850e-04 1.39236450e-04
15 29 27 767273 -0.00011921 -0.00017929 -0.0003109 
15 29 27 816234 -3.09944153e-04 -5.14984131e-05 -1.05381012e-04
15 29 27 864992 -2.80857086e-04 -9.77516174e-05 -4.95910645e-05
15 29 27 914917  5.00679016e-05 -4.83512878e-04 -3.59058380e-04
15 29 27 967594 -8.34465027e-05 -1.14440918e-04  2.03132629e-04
15 29 28 17238 -4.15325165e-04  1.71661377e-05  8.10623169e-06
15 29 28 65054 -5.84125519e-04 -2.86102295e-05  2.57968903e-04
15 29 28 115025 -2.76565552e-05  6.10351562e-05 -4.96387482e-04
15 29 28 163848 -0.00030041 -0.00015497 -0.00013685
15 29 28 217964 -5.57899475e-05 -4.38690186e-05 -6.62803650e-05
15 29 28 265645 -3.01837921e-04 -1.96933746e-04 -2.00271606e-05
15 29 28 315518 -0.00029135  0.00030565 -0.00022459
15 29 28 367602 -0.00013494 -0.00020552  0.0001092 
15 29 28 418780  5.00679016e-05  1.52587891e-05 -8.96453857e-05
15 29 28 467089 8.86917114e-05 4.15802002e-04 3.24249268e-05
15 29 28 516382 -0.00030279  0.00034285  0.0002389 
15 29 28 564365 -0.00034094  0.00013065  0.00015497
15 29 28 619039 -0.0003643   0.00012636  0.00028849
15 29 28 667927  9.20295715e-05  1.87397003e-04 -2.69889832e-04
15 29 28 716717 -0.00046539 -0.00040817 -0.00035667
15 29 28 766598 -0.0004406  -0.00036097 -0.00040913
15 29 28 819422 -1.36852264e-04 -4.09603119e-04  8.29696655e-05
15 29 28 868572 -0.00060749 -0.000319   -0.00018692
15 29 28 918028 -0.00016212  0.00010443 -0.00010538
15 29 28 967060 -3.03745270e-04 -4.10079956e-05 -5.10215759e-05
15 29 29 16910 -1.63078308e-04  6.67572021e-06 -5.86509705e-05
15 29 29 69902 -0.00010443 -0.00027847 -0.00030994
15 29 29 119205  2.40325928e-04  3.12495232e-02 -2.62500095e+00
15 29 29 167726  1.71661377e-04  7.86781311e-05 -6.19888306e-06
15 29 29 217638  0.00016499  0.00016594 -0.00014782
15 29 29 269954 -2.75611877e-04 -6.00814819e-05 -4.71115112e-04
15 29 29 319670  3.57627869e-05 -2.14576721e-04 -4.24861908e-04
15 29 29 368028 -4.01973724e-04  2.05039978e-05  4.05311584e-05
15 29 29 418405 -5.38825989e-05  2.54631042e-04  3.49998474e-04
15 29 29 470785 -1.98841095e-04  2.33650208e-05 -1.37329102e-04
15 29 29 520296 -0.00054598  0.00025749  0.00023651
15 29 29 569666 9.77516174e-05 4.35352325e-04 6.38961792e-05
15 29 29 619087 -4.29630280e-04 -4.52995300e-05 -1.06811523e-04
15 29 29 667070 -0.00023556  0.00015831 -0.00012493
15 29 29 720838 0.00021267 0.00028896 0.00043774
15 29 29 768985 -1.62124634e-05 -1.07288361e-04 -1.90734863e-05
15 29 29 818776 -0.00019407  0.00032568  0.00040054
15 29 29 867280 -2.47955322e-05 -1.33514404e-04  5.38825989e-05
15 29 29 916661 2.12192535e-04 2.71797180e-05 1.06334686e-04
15 29 29 970665 -2.47955322e-04  5.38825989e-05  3.71932983e-05
15 29 30 20832  2.67028809e-05 -3.86238098e-05  1.91688538e-04
15 29 30 68299 -3.79562378e-04 -6.62803650e-05  5.91278076e-05
15 29 30 118758 -0.00021362 -0.00012112  0.00030756
15 29 30 167098 -1.27792358e-04 -3.43322754e-05 -1.18255615e-04
15 29 30 220645 -4.05311584e-05 -2.44140625e-04  1.16348267e-04
15 29 30 269319 -6.24656677e-05 -1.29222870e-04 -1.35421753e-04
15 29 30 318729 -0.00014687 -0.00070047  0.00021791
15 29 30 368000 -0.00015068 -0.00034571 -0.0002141 
15 29 30 421283 -2.27928162e-04 -1.18255615e-04  4.10079956e-05
15 29 30 470631 -3.77655029e-04  1.85966492e-05 -4.05311584e-04
15 29 30 519662 -1.05857849e-04 -1.82151794e-04 -5.67436218e-05
15 29 30 568175  0.00031233 -0.00013876 -0.00014496
15 29 30 621942  1.29222870e-04 -1.16348267e-04 -9.53674316e-07
15 29 30 670287 -1.32560730e-04 -1.99317932e-04 -7.24792480e-05
15 29 30 720972  5.86509705e-05 -2.06947327e-04 -1.81198120e-04
15 29 30 769294 -0.00024605 -0.00025606 -0.00019073
15 29 30 818961 -0.00029373 -0.00037146 -0.00022364
15 29 30 871621 -7.71999359e-04  1.36852264e-04 -4.62532043e-05
15 29 30 921500 -7.05718994e-05 -5.24997711e-04 -1.25408173e-04
15 29 30 968930 -2.93254852e-04  4.43458557e-05  3.27110291e-04
15 29 31 18807 -2.52723694e-05 -1.32083893e-04 -3.04222107e-04
15 29 31 66702 -8.48770142e-05  7.39097595e-05 -1.36375427e-04
15 29 31 121929 -0.00017786  0.00027227 -0.00029993
15 29 31 170825 -0.00033045  0.00010633 -0.00013113
15 29 31 220134 -6.62803650e-05  3.31878662e-04  1.33514404e-04
15 29 31 269068 -0.00044823  0.00019217  0.00017118
15 29 31 322377 -0.00016403  0.00028849 -0.00024843
15 29 31 371699 -3.65734100e-04 -1.32083893e-04 -3.24249268e-05
15 29 31 420624 1.40190125e-04 6.86645508e-05 4.76837158e-05
15 29 31 468842 -8.82148743e-05  2.90870667e-04  7.29560852e-05
15 29 31 519153 -0.00052786 -0.00012684  0.00018883
15 29 31 571438 -0.00040627  0.00034857 -0.00017929
15 29 31 621937  7.34329224e-05 -2.39372253e-04  4.68254089e-04
15 29 31 669939  9.34600830e-05 -4.34875488e-04 -1.18732452e-04
15 29 31 721595  4.05788422e-04 -6.91413879e-05  1.09672546e-05
15 29 31 772632  7.62939453e-05 -2.39372253e-04 -1.76429749e-04
15 29 31 822195  0.00027037 -0.00013828  0.00011492
15 29 31 870739  0.00033283 -0.0002284  -0.00044823
15 29 31 920471  3.13758850e-04 -2.90870667e-04 -1.90734863e-05
15 29 31 973531 -4.05311584e-05 -4.09126282e-04  9.25064087e-05
15 29 32 22314 -9.39369202e-05  4.06742096e-04  1.22070312e-04
15 29 32 70745 -6.77108765e-05 -1.56402588e-04 -3.43322754e-05
15 29 32 120688  1.69754028e-04  3.19480896e-05 -5.64098358e-04
15 29 32 173668  3.91006470e-05 -4.05311584e-05  1.91211700e-04
15 29 32 223135 -0.00054407 -0.00040483 -0.00023937
15 29 32 271750 -0.00017214 -0.00030375 -0.00028467
15 29 32 321550  0.00010633 -0.00020695 -0.00032616
15 29 32 370547 9.53674316e-05 4.21047211e-04 1.13964081e-04
15 29 32 424032 -0.00014877  0.00019836 -0.00016117
15 29 32 473358 -9.20295715e-05 -3.07559967e-04 -1.38282776e-04
15 29 32 523173 -4.90188599e-04 -1.13487244e-04 -4.52995300e-05
15 29 32 570565 -0.00052643 -0.0001421  -0.00025272
15 29 32 621082 -6.81400299e-04  7.96318054e-05  2.61306763e-04
15 29 32 674020  1.95503235e-05  2.23636627e-04 -2.40325928e-04
15 29 32 723197 -0.0004406   0.0002656   0.00016308
15 29 32 772094 -0.00060987  0.00077438  0.00020361
15 29 32 821735 -2.27928162e-04  9.53674316e-07  3.09374905e+00
15 29 32 873290 -1.69754028e-04  3.91006470e-04 -4.52995300e-05
15 29 32 924682  3.17096710e-04 -3.32355499e-04  3.86238098e-05
15 29 32 973036 -7.10487366e-05 -5.38825989e-04 -5.98430634e-04
15 29 33 22964 -6.91413879e-05 -1.99794769e-04 -1.95980072e-04
15 29 33 74148  1.12533569e-04 -1.08718872e-04 -3.81469727e-06
15 29 33 124766 -0.000453    0.00010777 -0.00017595
15 29 33 173554 -3.63349915e-04  7.15255737e-05 -2.62737274e-04
15 29 33 223234  1.40190125e-04 -2.46047974e-04 -4.52995300e-05
15 29 33 275643 -4.40597534e-04 -8.58306885e-06 -3.69071960e-04
15 29 33 325497  9.39369202e-05 -1.91688538e-04 -1.41143799e-04
15 29 33 374099 -0.00015879 -0.00015402 -0.00025415
15 29 33 423416 -4.77313995e-04  4.02450562e-04 -1.76429749e-05
15 29 33 472553 -2.90870667e-04  2.39849091e-04 -4.19616699e-05
15 29 33 526414 -0.00024462  0.00017118  0.00018406
15 29 33 575232 -4.62055206e-04 -3.38554382e-05  1.74045563e-04
15 29 33 624229 -0.00060177  0.00042152 -0.00030136
15 29 33 673502  9.01222229e-05  2.75611877e-04 -3.10420990e-04
15 29 33 723186 5.43594360e-05 2.14576721e-04 7.82012939e-05
15 29 33 775768 -3.76701355e-04 -6.10351562e-05  2.50339508e-04
15 29 33 824721 -2.30789185e-04  5.68866730e-04  8.01086426e-05
15 29 33 873282 -6.50405884e-04  9.63211060e-05 -1.85966492e-05
15 29 33 927389 -1.00135803e-05 -1.48296356e-04  1.08718872e-04
15 29 33 976066 -0.00024986  0.00032854 -0.00036383
15 29 34 25098 -2.95639038e-04 -1.33514404e-05  2.62260437e-05
15 29 34 74601  6.77108765e-05 -2.22682953e-04  4.24385071e-05
15 29 34 123704  0.00015974 -0.00018024  0.00029659
15 29 34 176647 -1.62124634e-05 -5.55038452e-04 -3.38554382e-05
15 29 34 227100 -0.00010204  0.00027704 -0.00037098
15 29 34 275607  3.90529633e-04 -6.24656677e-05 -2.36988068e-04
15 29 34 325081 -0.00022173 -0.00024557 -0.00023985
15 29 34 373428 -0.00016212 -0.00040913  0.00022078
15 29 34 426756  0.00014687 -0.00042772 -0.00037432
15 29 34 476125 -1.41620636e-04 -1.04904175e-05  8.24928284e-05
15 29 34 525524  0.00026989 -0.00041151 -0.00018311
15 29 34 574548 3.86238098e-05 8.48770142e-05 2.10285187e-04
15 29 34 624058  2.02178955e-04 -2.54154205e-04 -6.48498535e-05
15 29 34 677008  1.19209290e-05 -1.88350677e-04 -8.63075256e-05
15 29 34 726544 -4.48226929e-05  4.43458557e-05 -1.03950500e-04
15 29 34 774926 -0.00023317  0.00054169  0.00030184
15 29 34 824232 -0.00071383  0.00016546  0.00011587
15 29 34 873633 -3.86714935e-04  1.11579895e-04 -5.19752502e-05
15 29 34 925392 0.00011158 0.0001483  0.00011587
15 29 34 975125 -1.82151794e-04 -2.18391418e-04 -1.85966492e-05
15 29 35 24665 -4.58717346e-04 -3.38554382e-05 -1.69277191e-04
15 29 35 77265 -0.00046587 -0.00013161  0.00024462
15 29 35 127461 -0.00044537 -0.00025606  0.00029278
15 29 35 176629 -0.00043392  0.00011253  0.00011349
15 29 35 226205 -0.00011635 -0.00028849  0.0001111 
15 29 35 274646 -0.00028849  0.00045347  0.00022888
15 29 35 327729  4.67300415e-05  1.32083893e-04 -1.88827515e-04
15 29 35 377077  4.29153442e-06  2.38418579e-06 -1.58309937e-04
15 29 35 425740  9.77516174e-05 -2.94208527e-04 -1.49250031e-04
15 29 35 474810 -2.54154205e-04 -1.04427338e-04  5.67436218e-05
15 29 35 524533  2.0980835e-05 -2.2315979e-04 -1.7118454e-04
15 29 35 577630  2.14576721e-04 -2.37941742e-04 -9.29832458e-05
15 29 35 626285 -1.89304352e-04  7.43865967e-05 -2.29835510e-04
15 29 35 676171 -2.67028809e-05 -1.47342682e-04 -1.51634216e-04
15 29 35 725851 -9.53674316e-05 -2.01225281e-04  2.18868256e-04
15 29 35 773771  0.00016451 -0.00025749  0.00021791
15 29 35 826596  8.53538513e-05 -2.13146210e-04 -2.10762024e-04
15 29 35 876469  5.00679016e-05 -5.43117523e-04 -1.30653381e-04
15 29 35 926044 -9.53674316e-07 -6.96659088e-04 -4.72068787e-05
15 29 35 975599  1.38282776e-05 -3.90529633e-04 -2.53677368e-04
15 29 36 29926 1.85012817e-04 1.95503235e-05 1.99317932e-04
15 29 36 76269 -0.00016451  0.00019646  0.00013971
15 29 36 126184 -7.05718994e-05  3.54766846e-04  6.77108765e-05
15 29 36 180891 -0.00041056 -0.00030851 -0.00019741
15 29 36 229758 -0.00052166 -0.00015688 -0.00015497
15 29 36 278446  9.34600830e-05  1.07288361e-04 -2.82764435e-04
15 29 36 326010 -3.59535217e-04  2.63214111e-04 -6.86645508e-05
15 29 36 378116  0.00024223 -0.00014019 -0.00022364
15 29 36 429875 -2.78949738e-04  3.12490463e-02 -8.12500477e-01
15 29 36 479730  0.00014687  0.00013161 -0.00052023
15 29 36 528399 -6.89029694e-04 -1.44958496e-04 -2.09808350e-05
15 29 36 577549  1.46865845e-04  3.18050385e-04 -9.39369202e-05
15 29 36 626522 -0.00025749 -0.00018644  0.00016737
15 29 36 679186  4.86373901e-05  3.88622284e-04 -4.06742096e-04
15 29 36 728548 -0.00012016  0.00015402 -0.00023079
15 29 36 778932 -1.05381012e-04  4.76837158e-04  7.29560852e-05
15 29 36 825695 -0.00018883  0.00010109 -0.00013494
15 29 36 876338 -1.02043152e-04 -4.48226929e-05  9.20295715e-05
15 29 36 929830  2.98023224e-04 -2.58922577e-04  6.67572021e-05
15 29 36 979383 -0.00041628  0.000175   -0.00016403
15 29 37 27873  1.66893005e-05  2.57492065e-05 -5.10215759e-05
15 29 37 77843 -0.0004487   0.00028038 -0.00017214
15 29 37 130284 -1.04904175e-05 -2.86102295e-04 -4.22000885e-04
15 29 37 180148  1.07765198e-04 -4.91142273e-04 -3.29017639e-05
15 29 37 228554 -0.00034857 -0.00036144  0.0003109 
15 29 37 278122 -0.00010061 -0.00036192 -0.0001297 
15 29 37 328824  0.00013781 -0.00036478 -0.00021601
15 29 37 379167  8.24928284e-05 -2.94685364e-04  6.19888306e-05
15 29 37 429347  1.34468079e-04 -1.34468079e-04  9.72747803e-05
15 29 37 478981  0.00024223 -0.00024748  0.00016975
15 29 37 533369  1.14440918e-04 -8.91685486e-05  3.93867493e-04
15 29 37 581418  9.96589661e-05 -1.09195709e-04  1.87397003e-04
15 29 37 629452  1.58309937e-04  1.70707703e-04 -5.00679016e-05
15 29 37 678945 -0.00013399  0.00012302  0.0001092 
15 29 37 728957  1.70707703e-04  3.09944153e-05 -3.72886658e-04
15 29 37 781997 -0.00017738  0.00033951  0.00015211
15 29 37 829741 -3.81469727e-05  1.79767609e-04  8.34465027e-05
15 29 37 880329 -0.0004096   0.00034666 -0.00036144
15 29 37 927848  6.67572021e-05 -1.97410583e-04 -2.74181366e-04
15 29 37 982553 -0.00012398  0.0001564  -0.00034142
15 29 38 30884 -1.15871429e-04  9.15527344e-05 -4.39643860e-04
15 29 38 80628  8.77380371e-05 -1.04904175e-05 -1.36375427e-04
15 29 38 128385 -5.10215759e-05  2.25067139e-04  1.33514404e-05
15 29 38 177989 -3.37123871e-04  7.53402710e-05  2.03609467e-04
15 29 38 231749 9.53674316e-05 1.77383423e-04 1.87397003e-04
15 29 38 281664 -0.00075388 -0.00045776  0.00035429
15 29 38 329621 -4.33921814e-05  1.90734863e-05  2.95639038e-05
15 29 38 380069 -0.000278    0.00011969  0.00018263
15 29 38 427960 -2.88009644e-04 -3.03745270e-04 -5.43594360e-05
15 29 38 483388 -9.44137573e-05  1.29699707e-04  2.68936157e-04
15 29 38 530880  3.72886658e-04 -9.01222229e-05 -2.81333923e-04
15 29 38 580764 -5.05447388e-05 -3.92913818e-04 -1.33514404e-05
15 29 38 629859  7.43865967e-05 -2.86102295e-05  1.45435333e-04
15 29 38 683054 -3.54766846e-04  2.24113464e-05  3.67164612e-04
15 29 38 731557 -4.32491302e-04 -4.77790833e-04 -8.29696655e-05
15 29 38 781046 -2.09808350e-05  3.56674194e-04 -1.28746033e-04
15 29 38 828705  5.24520874e-05 -5.72204590e-05 -4.57763672e-04
15 29 38 880065 -5.79833984e-04  4.10079956e-05 -4.85420227e-04
15 29 38 931912 -3.28063965e-04  7.48634338e-05 -3.74317169e-04
15 29 38 980450 -0.00023317 -0.00044346 -0.00028181
15 29 39 29661 -0.00016117 -0.00019407 -0.00033665
15 29 39 78550  0.00037718 -0.00056934 -0.00030327
15 29 39 131799 -1.62124634e-05 -2.05039978e-05 -2.65598297e-04
15 29 39 183278  2.76565552e-05 -3.24249268e-05  1.09672546e-05
15 29 39 230044 2.44617462e-04 5.19752502e-05 1.45435333e-04
15 29 39 279539  3.33786011e-06  5.76972961e-05 -5.57899475e-05
15 29 39 330510 -0.00027943 -0.00040007 -0.00026894
15 29 39 383077  0.00011778 -0.00021839 -0.00010681
15 29 39 430956 5.72204590e-05 1.61170959e-04 4.84943390e-04
15 29 39 481781  0.00034332 -0.00054407  0.00024033
15 29 39 530257 -0.00017643 -0.00022745  0.00020504
15 29 39 582122 -0.00055456  0.00017452  0.00020361
15 29 39 633045  6.29425049e-05 -1.41143799e-04  2.01702118e-04
15 29 39 682539 -3.10420990e-04  1.57356262e-04  8.29696655e-05
15 29 39 731722 -3.23772430e-04  6.48498535e-05 -7.62939453e-05
15 29 39 780922 -0.00037479  0.00057268 -0.00010586
15 29 39 831997  1.54972076e-04  3.68118286e-04 -9.82284546e-05
15 29 39 882121  8.15391541e-05 -3.37123871e-04 -1.94072723e-04
15 29 39 932383 -3.02314758e-04  2.91824341e-04  4.48226929e-05
15 29 39 981665  0.00039721  0.0001688  -0.00039864
15 29 40 34375 -4.38690186e-05  2.04086304e-04 -2.17914581e-04
15 29 40 83162 -5.14984131e-05  6.77108765e-05 -3.07083130e-04
15 29 40 133224 -1.59263611e-04  1.92165375e-04 -2.95639038e-05
15 29 40 180509 -4.32014465e-04  9.53674316e-07 -1.62500143e+00
15 29 40 231336 -2.80380249e-04 -1.07765198e-04 -9.67979431e-05
15 29 40 283950  2.25067139e-04 -4.10079956e-04 -8.96453857e-05
15 29 40 332606 -1.78813934e-04 -1.71661377e-05 -3.38554382e-04
15 29 40 383013 -0.00030804 -0.00011778  0.00012159
15 29 40 430746 -0.00011873  0.00027275 -0.00020409
15 29 40 485754 -1.27792358e-04  6.38008118e-04 -2.05039978e-05
15 29 40 534511 -2.90870667e-05 -9.53674316e-07  1.56879425e-04
15 29 40 583162 -2.90870667e-05 -3.21865082e-04  6.00814819e-05
15 29 40 631145  0.00044489 -0.0001421  -0.00011921
15 29 40 681208  5.57899475e-05  1.52587891e-05 -7.72476196e-05
15 29 40 733480  0.00030279 -0.00011444 -0.00023699
15 29 40 784009  7.48634338e-05 -1.85012817e-04 -1.20162964e-04
15 29 40 832225  9.05990601e-05 -3.44753265e-04  1.54495239e-04
15 29 40 886837 -0.00016451  0.00010061  0.00027084
15 29 40 934954 -0.00042248  0.00030422  0.00030231
15 29 40 983801 -2.58922577e-04  1.44958496e-04  6.91413879e-05
15 29 41 32211  8.15391541e-05 -1.09672546e-05  6.41345978e-04
15 29 41 83200 -0.0002346  -0.00014067 -0.0001502 
15 29 41 135716 -3.90529633e-04 -3.14712524e-05 -2.47955322e-05
15 29 41 185962 -0.0001502  -0.00017405  0.00011587
15 29 41 234217  2.98976898e-04  5.72204590e-06 -1.32560730e-04
15 29 41 284773  7.34329224e-05 -1.56402588e-04 -2.28881836e-04
15 29 41 332996  1.92165375e-04 -6.48498535e-05  2.52723694e-05
15 29 41 384840 7.20024109e-05 2.46524811e-04 8.29696655e-05
15 29 41 435507  0.00024509  0.00011683 -0.00045824
15 29 41 485417 -4.74452972e-04  2.96592712e-04  5.72204590e-05
15 29 41 533517 -3.33309174e-04  2.58922577e-04  5.48362732e-05
15 29 41 583784 -5.26428223e-04 -1.07765198e-04 -9.91821289e-05
15 29 41 635440 -0.00011873 -0.00038958 -0.00035572
15 29 41 683903  3.29017639e-05 -5.26428223e-04 -2.37464905e-04
15 29 41 733495  5.21659851e-04 -3.19957733e-04  7.05718994e-05
15 29 41 785963  5.57899475e-05 -6.92367554e-04  4.76837158e-06
15 29 41 835691  9.72747803e-05  1.23023987e-04 -1.73568726e-04
15 29 41 885324  2.65598297e-04 -5.14984131e-05  8.63075256e-05
15 29 41 935146 -1.34468079e-04  1.59263611e-04 -9.15527344e-05
15 29 41 986628 -0.00034237  0.00018167  0.00015593
15 29 42 36441 -0.00053024  0.00038528  0.00021791
15 29 42 85274 -1.02043152e-04  3.58581543e-04  9.39369202e-05
15 29 42 133956 -0.00011158 -0.00046635  0.00042152
15 29 42 184880  0.00022125 -0.00019836  0.0003109 
15 29 42 236454  4.30583954e-04 -9.59873199e-04 -1.28746033e-05
15 29 42 285795 -0.00012922 -0.0005517   0.00022602
15 29 42 334715 -5.91278076e-05  7.86781311e-05  2.03609467e-04
15 29 42 384531 -2.27451324e-04  5.52177429e-04 -1.33514404e-05
15 29 42 433059 -0.0003376   0.00027895  0.00038528
15 29 42 487246 -5.83171844e-04  3.92913818e-04 -2.76565552e-05
15 29 42 535671  8.15391541e-05  3.34262848e-04 -7.13348389e-04
15 29 42 585250  0.00032949 -0.00013256 -0.0004077 
15 29 42 633883 -1.71661377e-05  3.81469727e-06 -4.87804413e-04
15 29 42 682743  4.72068787e-05 -7.25746155e-04  3.33786011e-06
15 29 42 736093 -1.78813934e-04  1.76429749e-05 -3.21388245e-04
15 29 42 785864 -2.61306763e-04 -5.05447388e-05 -4.87804413e-04
15 29 42 834844 -1.43051147e-05  5.10215759e-05 -1.43527985e-04
15 29 42 884275 -4.40120697e-04 -5.57899475e-05 -2.62260437e-05
15 29 42 939074 -0.00033236  0.00020599 -0.00023079
15 29 42 986435 -0.00022125 -0.0004282   0.00028372
15 29 43 35407  0.00061131 -0.00025988  0.00033855
15 29 43 85795  0.00053167 -0.00034285  0.00021553
15 29 43 139075  0.00013924 -0.00041389  0.00012922
15 29 43 188537  0.00030422 -0.00053978  0.00019932
15 29 43 237698  0.00030422 -0.00019264 -0.00029373
15 29 43 285857 -3.91006470e-04  9.53674316e-05  1.12533569e-04
15 29 43 336055 -2.43186951e-04 -5.92231750e-04  1.43051147e-06
15 29 43 388548 -0.00017881 -0.00012493 -0.00022697
15 29 43 438086 -7.53402710e-05 -4.52995300e-04  6.43730164e-05
15 29 43 487352 -0.00026798 -0.00044155 -0.00029993
15 29 43 537101  5.10215759e-05 -4.69684601e-04 -2.92301178e-04
15 29 43 586206 -1.14440918e-05 -1.19209290e-05 -1.83105469e-04
15 29 43 639026 -3.62396240e-05  8.48770142e-05  1.16825104e-04
15 29 43 688794  1.27792358e-04 -9.53674316e-05 -3.09944153e-04
15 29 43 737655 -5.67436218e-05  1.50203705e-04 -3.81469727e-06
15 29 43 785231 -1.35898590e-04  9.72747803e-05 -2.19345093e-05
15 29 43 835388 -9.87052917e-05  0.00000000e+00  2.12500048e+00
15 29 43 888185  8.24928284e-05  2.72750854e-04 -5.00202179e-04
15 29 43 938736 -5.09262085e-04 -3.34262848e-04 -3.05175781e-05
15 29 43 986195  4.38690186e-05  1.32560730e-04 -1.94072723e-04
15 29 44 36930 -2.22682953e-04  3.25202942e-04 -3.62396240e-05
15 29 44 89765 -0.00018692 -0.00056791 -0.00042915
15 29 44 139022 -4.62532043e-05 -4.70161438e-04  3.05175781e-05
15 29 44 187956 -2.33650208e-05 -4.17232513e-04  1.83105469e-04
15 29 44 237203 -0.00010872 -0.00035715  0.00029707
15 29 44 288698  1.11103058e-04 -6.96182251e-05  2.54631042e-04
15 29 44 339025  4.43458557e-05 -2.15530396e-04  5.96046448e-05
15 29 44 388527 -1.49726868e-04 -7.53402710e-05 -3.23295593e-04
15 29 44 438161 -1.51157379e-04 -4.16278839e-04 -3.43322754e-05
15 29 44 487385 -9.15527344e-05  2.64644623e-04 -8.58306885e-06
15 29 44 540262 6.05583191e-05 3.28540802e-04 1.80721283e-04
15 29 44 589089 -0.00027561 -0.00032663 -0.00023651
15 29 44 638682 -6.15119934e-05 -3.26156616e-04 -2.00748444e-04
15 29 44 687335  2.14576721e-05 -7.62939453e-05  2.23159790e-04
15 29 44 740614 -3.82900238e-04  2.65121460e-04  9.82284546e-05
15 29 44 788387 -2.86102295e-05 -3.99589539e-04 -3.57627869e-05
15 29 44 839450 -7.96318054e-05  6.29425049e-05  5.29289246e-05
15 29 44 888358 -0.00038767  0.00047302 -0.00023842
15 29 44 939410 -0.00022507  0.00020075 -0.00018311
15 29 44 990890  0.00024223 -0.0004673  -0.00015783
15 29 45 39835 -0.00020456 -0.00019979 -0.00045109
15 29 45 88979  4.62532043e-05 -1.76906586e-04 -1.76429749e-05
15 29 45 138470  0.00017357 -0.00012493 -0.00035715
15 29 45 191196 -0.00018549 -0.00042057 -0.00063753
15 29 45 240482 -1.04904175e-04 -8.77380371e-05 -2.93731689e-04
15 29 45 289982 -0.0001874   0.0002985  -0.00014496
15 29 45 339249 -3.78608704e-04  3.81469727e-06  3.18050385e-04
15 29 45 391477 -4.43458557e-05  2.29835510e-04 -2.91824341e-04
15 29 45 439704 -0.00013971  0.00022984  0.00011921
15 29 45 491045 -1.55448914e-04  2.23636627e-04 -7.39097595e-05
15 29 45 537927 -0.00017643  0.000247    0.00018215
15 29 45 588743 -6.62803650e-05 -1.23977661e-04 -1.07288361e-04
15 29 45 641570 -5.62667847e-05  5.47885895e-04  3.45706940e-04
15 29 45 689922 -0.00050211  0.00013065  0.00023317
15 29 45 740354 6.05583191e-05 3.00407410e-04 1.02043152e-04
15 29 45 789738 1.71661377e-05 3.21388245e-04 3.29017639e-05
15 29 45 841239 -0.00049734  0.00042963 -0.00024748
15 29 45 892299 -2.08854675e-04  4.52995300e-05 -1.81198120e-05
15 29 45 940178 -1.71661377e-05  1.77860260e-04 -3.11851501e-04
15 29 45 990546  6.15119934e-05 -9.34600830e-05 -8.10623169e-05
15 29 46 38854 0.00023174 0.00024652 0.00012589
15 29 46 91970  0.00025082 -0.00010538 -0.00011826
15 29 46 140543 -0.00032711 -0.0001092  -0.00022316
15 29 46 190538 -1.6784668e-04  8.4400177e-05 -8.7261200e-05
15 29 46 239166 -5.96046448e-05  3.39031219e-04  1.43527985e-04
15 29 46 292227  2.96115875e-04  8.67843628e-05 -1.05381012e-04
15 29 46 341164  0.00027418 -0.00045395 -0.00034046
15 29 46 391672  8.77380371e-05 -2.27928162e-04 -1.97887421e-04
15 29 46 440765 -0.0001297  -0.00025415 -0.00034952
15 29 46 494171  0.00028324 -0.00049448 -0.00047207
15 29 46 542082  0.0001297  -0.00018311 -0.00027943
15 29 46 592240 -6.34193420e-05 -3.40938568e-04 -2.38418579e-06
15 29 46 641097 -2.95639038e-05 -9.34600830e-05 -4.50611115e-04
15 29 46 695388 -1.43051147e-04  3.96251678e-04  9.05990601e-05
15 29 46 743098 -3.26156616e-04 -3.24249268e-05  2.83241272e-04
15 29 46 793388 -6.62803650e-05  3.91006470e-05 -1.42097473e-04
15 29 46 842036 -2.81333923e-04  1.33514404e-05  3.38554382e-05
15 29 46 889553 -0.00017548 -0.00011826  0.0003171 
15 29 46 942552 -5.21183014e-04  1.88350677e-04 -4.76837158e-07
15 29 46 991527 -6.34193420e-04  3.81469727e-05  1.07288361e-04
15 29 47 42142 -0.00020027  0.00028181 -0.00018024
15 29 47 92288 -1.00612640e-04 -8.10623169e-06  1.26838684e-04
15 29 47 141246 -0.00028944  0.00020552 -0.00030279
15 29 47 194347 6.19888306e-05 2.44617462e-04 2.67028809e-05
15 29 47 243472 -9.20295715e-05  1.04904175e-04  2.68459320e-04
15 29 47 293547 -0.00015211  0.00031805  0.00036764
15 29 47 342621 -1.24454498e-04  2.58445740e-04  3.38554382e-05
15 29 47 390470 -0.00059891 -0.00021935  0.00024509
15 29 47 443498 -1.44004822e-04  3.33786011e-04  3.09944153e-05
15 29 47 494415 -1.47342682e-04  3.88145447e-04 -7.15255737e-05
15 29 47 542129 -0.00044155 -0.00021505 -0.00025606
15 29 47 591034 0.00035381 0.00016928 0.00037146
15 29 47 644534 -1.39236450e-04  3.62396240e-04 -7.96318054e-05
15 29 47 693667 -8.53538513e-05 -3.21865082e-04  3.11374664e-04
15 29 47 743337 -2.21729279e-04  2.23636627e-04 -5.14984131e-05
15 29 47 791960 -0.00013018 -0.0003047  -0.000422  
15 29 47 845818 -1.46865845e-04  5.57899475e-05 -3.30924988e-04
15 29 47 895274  4.57763672e-05 -9.53674316e-05  8.96453857e-05
15 29 47 944166  0.00020027 -0.00040674 -0.00013018
15 29 47 993583  3.45230103e-04 -5.19752502e-05 -1.70230865e-04
15 29 48 43221 -0.0003891   0.00035763  0.00023317
15 29 48 95773 -1.23023987e-04 -9.77516174e-05 -2.35080719e-04
15 29 48 144616 -2.03609467e-04  3.50475311e-04 -4.48226929e-05
15 29 48 192717  8.86917114e-05  2.94685364e-04 -4.38690186e-05
15 29 48 241012 2.33173370e-04 2.76565552e-05 1.50203705e-04
15 29 48 290869 -1.25408173e-04  2.04086304e-04 -5.72204590e-06
15 29 48 343565 -1.38759613e-04 -1.33037567e-04 -2.19345093e-05
15 29 48 393240 -0.00031376  0.00029898 -0.00047445
15 29 48 442224 -5.38825989e-05 -2.24113464e-05 -1.80244446e-04
15 29 48 491420 -5.71727753e-04  1.01566315e-04  9.05990601e-05
15 29 48 540541 -3.81469727e-06  1.54018402e-04 -1.25885010e-04
15 29 48 594682 -3.97682190e-04  1.74522400e-04 -5.96046448e-05
15 29 48 644431 -1.13487244e-04 -3.15189362e-04  1.33514404e-05
15 29 48 693078 -0.00011396 -0.00022459 -0.00011492
15 29 48 746393 -3.76701355e-05  1.90734863e-04 -1.93595886e-04
15 29 48 795082 7.20024109e-05 2.09331512e-04 1.91211700e-04
15 29 48 845096 -0.00038624  0.00015163  0.00035429
15 29 48 893851 -3.16143036e-04 -2.56061554e-04 -9.53674316e-07
15 29 48 941584 -0.00033712  0.00025225 -0.0002346 
15 29 48 994926  0.0003109  -0.00048256 -0.0001235 
15 29 49 47059 -4.43458557e-04 -4.86373901e-05 -4.19616699e-04
15 29 49 93109 -4.00543213e-05  3.73840332e-04  5.72204590e-05
15 29 49 144625  1.19209290e-05  4.29153442e-05 -1.10626221e-04
15 29 49 197643 -5.00679016e-05 -7.34329224e-05 -3.97682190e-04
15 29 49 246961 -0.00011063  0.00010777 -0.00053358
15 29 49 295628 -0.00012732 -0.00031567 -0.00042629
15 29 49 344811 2.38418579e-06 1.62124634e-04 2.08377838e-04
15 29 49 394015  4.76837158e-05  1.73091888e-04 -9.10758972e-05
15 29 49 446786  5.24520874e-06 -5.57899475e-05 -1.50680542e-04
15 29 49 496585 -0.00022173 -0.00017262 -0.00020599
15 29 49 545884 -0.00010443  0.00028229 -0.00029945
15 29 49 593125 -8.10623169e-05 -2.09808350e-04 -1.93119049e-04
15 29 49 643476 -9.01222229e-05 -3.71932983e-05  3.57627869e-05
15 29 49 696793 -3.20434570e-04  6.43730164e-05  2.17437744e-04
15 29 49 747237 -1.89304352e-04  5.50746918e-04  8.39233398e-05
15 29 49 793730 -4.38690186e-05 -1.02519989e-04  2.16484070e-04
15 29 49 844637 -6.23226166e-04  1.28746033e-05 -1.60694122e-04
15 29 49 898210 -0.00012398  0.00023985 -0.00011158
15 29 49 944880  5.43594360e-05  1.66416168e-04 -1.00135803e-05
15 29 49 994602 -4.67300415e-05  2.95162201e-04 -9.15527344e-05
15 29 50 44312 6.19888306e-06 1.14440918e-04 3.93390656e-04
15 29 50 96991 -1.09195709e-04  3.48091125e-04 -4.14848328e-05
15 29 50 148056  0.00011349 -0.00014162 -0.00012064
15 29 50 197491 -9.29832458e-05  1.39236450e-04 -9.48905945e-05
15 29 50 246541 -2.53200531e-04  9.25064087e-05 -3.65734100e-04
15 29 50 294781 -9.82284546e-05  3.98635864e-04 -3.01361084e-04
15 29 50 348190  1.19209290e-05  1.44481659e-04 -2.86102295e-04
15 29 50 397255 -6.96182251e-05  4.72068787e-05  2.13623047e-04
15 29 50 445498 -0.00010586 -0.00012636 -0.00019312
15 29 50 493924  0.00020123 -0.00024652 -0.00017214
15 29 50 547762  0.00024796 -0.00026894  0.0001545 
15 29 50 597483 -2.09808350e-05 -3.37600708e-04 -5.29289246e-05
15 29 50 647214 -0.00046349 -0.00029373  0.00018072
15 29 50 696584 0.00010109 0.00013018 0.00012922
15 29 50 750372  0.00012875 -0.0001111   0.00022697
15 29 50 798200  0.0003624  -0.00050545 -0.00011873
15 29 50 847857 0.00034809 0.00010777 0.00022697
15 29 50 896156 -0.00010872 -0.00035238 -0.00011587
15 29 50 945801  0.00019169 -0.00020838  0.00035   
15 29 50 999416 1.06811523e-04 2.43186951e-05 1.95503235e-04
15 29 51 47969 -2.54154205e-04  4.76837158e-07 -1.78125048e+00
15 29 51 97623  6.86645508e-05 -1.49726868e-04  1.70707703e-04
15 29 51 147448 -2.28881836e-04 -1.36852264e-04  3.48091125e-05
15 29 51 199459 -0.00017309 -0.00014591 -0.00012589
15 29 51 249310  7.62939453e-05 -3.60965729e-04  7.15255737e-05
15 29 51 297477 -2.00271606e-04 -4.86373901e-05 -6.48498535e-05
15 29 51 347625 -2.06947327e-04 -7.10487366e-05  2.05039978e-04
15 29 51 395838 -7.72476196e-05 -1.21116638e-04 -5.44071198e-04
15 29 51 448668 -2.40325928e-04 -2.87532806e-04  5.67436218e-05
15 29 51 498313  1.85966492e-05 -6.91413879e-05  8.10623169e-05
15 29 51 548341 -2.09808350e-05 -1.69277191e-04  3.03268433e-04
15 29 51 595922  2.57492065e-05 -1.24931335e-04  5.24520874e-06
15 29 51 651031  1.19209290e-05  0.00000000e+00 -6.19888306e-06
15 29 51 700186 -9.15527344e-05  1.21116638e-04 -2.36511230e-04
15 29 51 749010  5.72204590e-05 -2.15530396e-04 -2.89916992e-04
15 29 51 797078 -5.24520874e-06  3.81469727e-05 -2.48432159e-04
15 29 51 846873 -3.66687775e-04  5.38825989e-05 -1.00612640e-04
15 29 51 900408 -0.00030136  0.00016546  0.0001874 
15 29 51 949905  2.57492065e-05 -9.53674316e-05 -2.38418579e-06
15 29 51 998401 9.34600830e-05 2.38418579e-05 6.19888306e-06
15 29 52 47577  2.45571136e-04  4.24385071e-05 -1.02519989e-04
15 29 52 97794 -0.00072336 -0.00040436  0.00010538
15 29 52 150617 -1.50203705e-04 -3.76701355e-05 -1.97410583e-04
15 29 52 200518 -4.24385071e-05  2.11238861e-04  6.10351562e-05
15 29 52 248204 -0.00023794 -0.00026464 -0.0001812 
15 29 52 297013 -0.00039339 -0.00027418 -0.0001111 
15 29 52 349202 -2.37941742e-04  6.58035278e-05  8.82148743e-05
15 29 52 400391  1.89304352e-04 -3.43322754e-05  1.45435333e-04
15 29 52 449824 -1.76906586e-04 -1.43051147e-05  2.71797180e-05
15 29 52 498728 -0.00031185  0.00014639 -0.00023508
15 29 52 547216  1.91688538e-04 -1.22547150e-04 -8.05854797e-05
15 29 52 599454 -3.49998474e-04 -1.85966492e-05 -1.07288361e-04
15 29 52 650733 -1.51634216e-04 -2.77519226e-04  5.72204590e-05
15 29 52 699069  0.00021076 -0.00013399 -0.00018024
15 29 52 748151 -0.00021887 -0.00010347  0.00030184
15 29 52 801638  2.95162201e-04 -1.53541565e-04 -9.87052917e-05
15 29 52 849953 -0.00048637 -0.00025177 -0.00036049
15 29 52 900466 -0.00036144 -0.00031281  0.00021601
15 29 52 949350  4.10079956e-05  1.42574310e-04 -2.88009644e-04
15 29 52 998324 -3.95774841e-05  1.86920166e-04  1.81674957e-04
15 29 53 50552 -3.32355499e-04  7.67707825e-05  4.10079956e-05
15 29 53 101743 -3.29017639e-04 -1.65462494e-04  2.86102295e-05
15 29 53 150192 -5.43594360e-05 -1.34944916e-04 -1.61170959e-04
15 29 53 199304 -3.48091125e-05 -7.96318054e-05 -9.39369202e-05
15 29 53 247928  1.00135803e-05  1.61647797e-04 -2.23159790e-04
15 29 53 301753 -2.46047974e-04  8.63075256e-05 -1.92642212e-04
15 29 53 348243 -2.02178955e-04  1.01089478e-04 -5.24520874e-06
15 29 53 397872 -4.06742096e-04 -8.44001770e-05 -2.15053558e-04
15 29 53 451532  3.54290009e-04 -2.31266022e-04 -5.91278076e-05
15 29 53 501432 -0.00015497 -0.00018644  0.00017929
15 29 53 550151 -0.00047588 -0.00068235 -0.00030041
15 29 53 599077 -1.91211700e-04 -4.60147858e-04 -5.72204590e-06
15 29 53 652139  4.33921814e-05 -1.13487244e-04  7.53402710e-05
15 29 53 702748  7.96318054e-05 -2.00271606e-04 -7.15255737e-05
15 29 53 752366 -5.53131104e-05  3.71932983e-05 -4.35352325e-04
15 29 53 800682 -4.05311584e-05 -4.72068787e-05 -2.30312347e-04
15 29 53 849270  1.09195709e-04 -4.05311584e-05  1.23023987e-04
15 29 53 901901  1.87397003e-04 -6.43730164e-05 -4.86373901e-05
15 29 53 953167 -0.00015211  0.00035763  0.000422  
15 29 54 2192 -1.90734863e-04 -1.56402588e-04  5.48362732e-05
15 29 54 52143  5.57899475e-05  3.67164612e-05 -2.34127045e-04
15 29 54 99067 -2.74658203e-04 -1.57833099e-04  5.76972961e-05
15 29 54 151839 -1.83582306e-04  4.43458557e-05 -3.19480896e-05
15 29 54 202525 -4.37259674e-04 -3.71932983e-05  1.68800354e-04
15 29 54 251696 -3.09944153e-04 -9.53674316e-07  1.95503235e-05
15 29 54 300714 -3.38554382e-04 -8.24928284e-05 -4.72068787e-04
15 29 54 348605 -0.00010109 -0.00013781 -0.00010681
15 29 54 402230 -3.80516052e-04 -1.19209290e-05 -2.19345093e-05
15 29 54 450890 -2.98500061e-04  5.72204590e-06 -2.48908997e-04
15 29 54 499911 -3.58104706e-04  1.38282776e-05 -1.64985657e-04
15 29 54 553081 -4.10079956e-05  9.63211060e-05  3.81469727e-05
15 29 54 602746 -0.00042677 -0.0002017  -0.00017214
15 29 54 651696 -4.18663025e-04  7.24792480e-05 -8.05854797e-05
15 29 54 701474 -1.49250031e-04 -4.52995300e-05  1.35898590e-04
15 29 54 749422 2.53677368e-04 1.06334686e-04 4.29153442e-06
15 29 54 803119 5.96046448e-05 9.53674316e-07 6.25000000e-01
15 29 54 852671 -2.06947327e-04  1.62124634e-05  4.33921814e-05
15 29 54 901367 0.00036478 0.00012064 0.00012875
15 29 54 950431 -3.65257263e-04  5.29289246e-05 -2.08854675e-04
15 29 55 3827 -0.00068426  0.00041676  0.00015259
15 29 55 53509 -7.12871552e-04  5.96046448e-04 -1.14440918e-05
15 29 55 102921 -9.04083252e-04  5.63621521e-04 -5.48362732e-05
15 29 55 151945 -4.83036041e-04  3.76701355e-04 -7.20024109e-05
15 29 55 200302 -0.00025225  0.0007453   0.00025034
15 29 55 255499 -0.000278    0.00068951  0.00013971
15 29 55 305342 -0.00065327  0.00062513 -0.00013304
15 29 55 353675 -0.00040627  0.00052643 -0.00025892
15 29 55 405067 -3.98635864e-04  5.50746918e-04  1.43051147e-06
15 29 55 451227 -0.00063133  0.00021648 -0.00029945
15 29 55 503642 -0.00070906  0.00022507 -0.00028467
15 29 55 553874 -0.00019789  0.00106096 -0.0001235 
15 29 55 603295 -2.45094299e-04 -9.72747803e-05  1.43051147e-05
15 29 55 655250 0.00033712 0.00025606 0.00026894
15 29 55 703938 -1.23023987e-04 -1.90734863e-05 -6.00814819e-05
15 29 55 753080 -1.49726868e-04  1.29222870e-04  8.82148743e-05
15 29 55 803117 -0.0002203  -0.00025606 -0.00026464
15 29 55 852034 -2.98976898e-04  1.71661377e-04 -8.44001770e-05
15 29 55 906262 -3.94821167e-04 -5.91278076e-05 -2.47955322e-04
15 29 55 955464  0.00020313 -0.00012493  0.00033522
15 29 56 4127  0.00037575 -0.00028324  0.00013971
15 29 56 53130  0.00050926 -0.00043201  0.0003314 
15 29 56 102421  2.52723694e-05 -8.56399536e-04  3.91006470e-05
15 29 56 155135  0.00030136 -0.00015116 -0.00018024
15 29 56 204191  0.00011063 -0.0002985  -0.00015163
15 29 56 253246  4.19616699e-05 -2.79426575e-04 -6.48498535e-05
15 29 56 301732 -3.95774841e-05 -4.03881073e-04 -2.08377838e-04
15 29 56 351129  6.15119934e-05 -2.93254852e-04 -3.94344330e-04
15 29 56 406221 -0.00030899  0.00060987 -0.00034285
15 29 56 453634 -0.00041485 -0.0001545   0.00040722
15 29 56 502645 -7.15255737e-05  1.15394592e-04 -6.08921051e-04
15 29 56 552240  1.51157379e-04 -2.95639038e-04  7.24792480e-05
15 29 56 601356  3.09944153e-05  1.51634216e-04 -6.08444214e-04
15 29 56 655045 -0.00036764  0.00059175 -0.00011778
15 29 56 704690 -5.42640686e-04  2.07424164e-04  9.05990601e-06
15 29 56 752579 -0.00047016  0.0001955   0.00010443
15 29 56 806085 -6.77108765e-04  7.58171082e-05  1.31607056e-04
15 29 56 856023 -0.00033045 -0.00023413  0.00026464
15 29 56 905509 -4.91619110e-04  1.96933746e-04 -3.48091125e-05
15 29 56 954155 -0.00052691 -0.00017452  0.00030899
15 29 57 3053 -8.20159912e-05 -1.14440918e-04  2.86579132e-04
15 29 57 55953 -1.35898590e-04  2.14576721e-04  4.43458557e-05
