11 17 50 13894 -0.04826427 -0.12568641  0.96254516
11 17 50 16201 -0.07565761 -0.19420195  1.00653911
11 17 50 35893 -0.06218243 -0.08601308  1.04030323
11 17 50 38232 -0.04664063 -0.01451659  0.99644566
11 17 50 40496 -0.05412793 -0.06020331  0.92984653
11 17 50 96214 -0.07069016 -0.12582517  0.97288156
11 17 50 144176 -0.08804941 -0.11278033  1.04424381
11 17 50 191177 -0.06366277 -0.02029967  1.05478716
11 17 50 242970 -0.03621984  0.01073885  0.96861935
11 17 50 293616 -0.04446769 -0.08108473  0.94057894
11 17 50 345356 -0.06632495 -0.15898681  0.99756122
11 17 50 394036 -0.06568146 -0.10879874  1.04219699
11 17 50 446990 -0.04933143 -0.04367399  1.0142889 
11 17 50 494498 -0.05013585 -0.04977798  0.93721652
11 17 50 544455 -0.05904627 -0.09508872  0.95933366
11 17 50 594774 -0.08323598 -0.12702703  1.03046155
11 17 50 645580 -0.07436347 -0.06303215  1.05632472
11 17 50 696541 -0.03918004  0.03034878  1.00167394
11 17 50 744589 -0.02806568 -0.02548456  0.93913198
11 17 50 793570 -0.06063533 -0.15359902  0.97161508
11 17 50 844083 -0.07661176 -0.15340495  1.0419116 
11 17 50 893226 -0.05366373 -0.04892349  1.05234885
11 17 50 945369 -0.04452205 -0.03200579  0.96848631
11 17 50 994820 -0.06202173 -0.0794239   0.92610049
11 17 51 54688 -0.08334994 -0.12923503  0.99983072
11 17 51 90975 -0.08711791 -0.08205819  1.05998254
11 17 51 142536 -0.0420208   0.02298546  1.04176378
11 17 51 194542 -0.02684498 -0.00261474  0.93814135
11 17 51 244689 -0.05558062 -0.13619804  0.93364167
11 17 51 298448 -0.07857919 -0.16957927  1.02237773
11 17 51 353178 -0.05655956 -0.06696701  1.06620979
11 17 51 392904 -0.03992724 -0.03112459  1.01796055
11 17 51 444191 -0.05326486 -0.07570481  0.90696526
11 17 51 495579 -0.08374763 -0.12079549  0.96857285
11 17 51 544882 -0.09060359 -0.09429049  1.05446601
11 17 51 594466 -0.04825926 -0.01629639  1.06188893
11 17 51 645394 -0.0369761  -0.03898358  0.96809411
11 17 51 694600 -0.05523014 -0.09443116  0.92760563
11 17 51 743715 -0.07191634 -0.11621308  1.01914144
11 17 51 795946 -0.0619278  -0.08225775  1.05495381
11 17 51 844547 -0.04732466 -0.05673695  1.02186608
11 17 51 898814 -0.04936957 -0.05868077  0.93336391
11 17 51 944605 -0.06923556 -0.0898664   0.95784616
11 17 51 993005 -0.08662152 -0.1166575   1.03085375
11 17 52 54707 -0.06532574 -0.039325    1.05661845
11 17 52 90889 -0.02987552  0.0270133   1.00536728
11 17 52 142825 -0.04208016 -0.06204009  0.93629885
11 17 52 193591 -0.07143998 -0.15979505  0.97179627
11 17 52 244907 -0.0765934  -0.11948299  1.04192543
11 17 52 295156 -0.05112839 -0.04068804  1.05427861
11 17 52 344925 -0.0496664  -0.05445266  0.96068835
11 17 52 394437 -0.06686187 -0.09176517  0.93462205
11 17 52 443952 -0.08628345 -0.12097216  1.0037334 
11 17 52 496504 -0.07866454 -0.06903028  1.05838561
11 17 52 545953 -0.0399456   0.01978183  1.03472281
11 17 52 592472 -0.03479719 -0.02024245  0.95679712
11 17 52 643656 -0.05808496 -0.13885045  0.95998979
11 17 52 693952 -0.07937121 -0.15850973  1.02675557
11 17 52 744793 -0.05928087 -0.06623697  1.05318594
11 17 52 793579 -0.04673529 -0.03416467  0.99682164
11 17 52 844808 -0.05776477 -0.07513595  0.9394443 
11 17 52 896109 -0.08034539 -0.12161207  0.98571682
11 17 52 943959 -0.08848691 -0.09392238  1.04345322
11 17 52 995073 -0.05583262  0.00209522  1.0467906 
11 17 53 46949 -0.02966976  0.01484537  0.97965884
11 17 53 96165 -0.04985523 -0.11336017  0.95178771
11 17 53 144558 -0.07841444 -0.18432927  1.00401711
11 17 53 191530 -0.06372523 -0.08889961  1.04779196
11 17 53 243337 -0.04231215 -0.02385378  1.02109122
11 17 53 292804 -0.05121517 -0.06279469  0.93723679
11 17 53 344077 -0.07402563 -0.12067342  0.96475291
11 17 53 393005 -0.0876894  -0.10236454  1.03566957
11 17 53 445125 -0.06332159 -0.01674366  1.05351806
11 17 53 495961 -0.03877211 -0.01025796  0.98592687
11 17 53 542916 -0.04393649 -0.08495736  0.9557004 
11 17 53 596083 -0.07121992 -0.1355257   1.01259542
11 17 53 644431 -0.0656476  -0.09593034  1.04779434
11 17 53 697539 -0.05609703 -0.05197287  1.01484489
11 17 53 750938 -0.05231929 -0.06235051  0.95193481
11 17 53 828917 -0.06429958 -0.09441638  0.96996355
11 17 53 871303 -0.08726072 -0.11800838  1.02172232
11 17 53 909116 -0.07453561 -0.04401207  1.04596519
11 17 53 955712 -0.03522635  0.04442573  1.01742697
11 17 54 14588 -0.03072    -0.04012728  0.95632124
11 17 54 75079 -0.06900215 -0.18100572  0.96806908
11 17 54 115804 -0.07799911 -0.14999437  1.03496575
11 17 54 165227 -0.05430126 -0.03700042  1.05718875
11 17 54 213656 -0.04759908 -0.03745532  0.97286606
11 17 54 260712 -0.06258345 -0.0894134   0.92735457
11 17 54 311123 -0.08591676 -0.13146162  0.99740386
11 17 54 344472 -0.08359885 -0.06484747  1.0627768 
11 17 54 392180 -0.04232335  0.01843524  1.03924441
11 17 54 444147 -0.03348255 -0.03073263  0.9429853 
11 17 54 494485 -0.06047416 -0.14107704  0.95578599
11 17 54 544166 -0.08035731 -0.15795732  1.02817416
11 17 54 593771 -0.05748534 -0.06622863  1.05315852
11 17 54 645827 -0.04541087 -0.04318905  0.99121523
11 17 54 694968 -0.056247   -0.07533622  0.92259932
11 17 54 744027 -0.08158445 -0.11902952  0.98385382
11 17 54 798555 -0.08769441 -0.08597827  1.0531373 
11 17 54 844350 -0.04888368  0.00512409  1.0439446 
11 17 54 895237 -0.03223562 -0.01237488  0.95992446
11 17 54 944878 -0.05334496 -0.12109137  0.94769812
11 17 54 992337 -0.07927108 -0.15889454  1.01910567
11 17 55 51841 -0.06366563 -0.07631326  1.05172396
11 17 55 92609 -0.04484677 -0.04078126  1.00777173
11 17 55 143539 -0.05454373 -0.06852698  0.92789292
11 17 55 193316 -0.0751102  -0.11165261  0.96428418
11 17 55 244820 -0.08844328 -0.0923667   1.03624678
11 17 55 294681 -0.05253911 -0.00978088  1.04814029
11 17 55 343449 -0.02947593 -0.01039338  0.97682238
11 17 55 395113 -0.04925728 -0.09979033  0.94718719
11 17 55 446212 -0.0731914  -0.1474371   1.01193929
11 17 55 495766 -0.06839299 -0.09324932  1.04750299
11 17 55 545055 -0.04911447 -0.05192804  1.01178026
11 17 55 592484 -0.05209303 -0.06471395  0.94035316
11 17 55 643917 -0.06970644 -0.09616613  0.96371055
11 17 55 693936 -0.09241652 -0.10875916  1.02126217
11 17 55 745207 -0.06616783 -0.01951885  1.0527463 
11 17 55 793252 -0.02605176  0.04045415  1.00453091
11 17 55 845817 -0.04060745 -0.07733297  0.94289732
11 17 55 896394 -0.07524705 -0.1894412   0.97668624
11 17 55 943028 -0.07419944 -0.12203836  1.03916216
11 17 55 994921 -0.04400802 -0.0295217   1.04605842
11 17 56 47845 -0.04952836 -0.05454183  0.95326304
11 17 56 96311 -0.06347156 -0.10412359  0.93210053
11 17 56 144561 -0.08891988 -0.11237884  1.00674963
11 17 56 192045 -0.0717504  -0.03657818  1.05669475
11 17 56 247640 -0.04683685  0.99975777 -0.38694286
11 17 56 294348 -0.06366706 -0.14929771  0.97889042
11 17 56 344255  0.0153451  -0.01610947  1.22280931
11 17 56 393656 -0.05099869 -0.05310059  1.39466429
11 17 56 445041 -0.04638863 -0.05116439  0.96228075
11 17 56 494659 -0.00090647  0.02626395  0.0155859 
11 17 56 544716 -0.07399082 -0.07415652  0.94853783
11 17 56 596267 -0.04970741 -0.08784604  0.99890637
11 17 56 644644 -0.01326227 -0.12180972  1.01726151
11 17 56 695678 -0.02573657 -0.10885811  1.03809619
11 17 56 744718 -0.03685784 -0.03510118  1.01027226
11 17 56 791776 -0.06185532 -0.05953407  0.95190454
11 17 56 843212 -0.07400846 -0.08875203  0.9808929 
11 17 56 892684 -0.02350378 -0.10414934  1.0039928 
11 17 56 944037 -0.01762128 -0.12072825  1.02979279
11 17 56 993373 -0.04024553 -0.04956055  1.02938366
11 17 57 53996 -0.04824281 -0.03354764  0.96687603
11 17 57 90375 -0.07850909 -0.09682298  0.96005988
11 17 57 142226 -0.04460526 -0.10505724  1.00094032
11 17 57 194711 -0.01700163 -0.11137962  1.02508259
11 17 57 245714 -0.02887917 -0.07201314  1.04152441
11 17 57 295769 -0.03740788 -0.03278923  0.99287677
11 17 57 345072 -0.06978369 -0.08324003  0.94682479
11 17 57 392266 -0.06108236 -0.08595514  0.98833227
11 17 57 442986 -0.01379085 -0.10100436  1.0064857 
11 17 57 494472 -0.02785301 -0.11154628  1.03450513
11 17 57 544378 -0.0397377  -0.04094386  1.02199221
11 17 57 593412 -0.05903268 -0.05530047  0.95950937
11 17 57 645242 -0.07768512 -0.09215951  0.96862483
11 17 57 694902 -0.03153205 -0.09133792  1.00027609
11 17 57 742709 -0.02006507 -0.12149835  1.02049828
11 17 57 795482 -0.04039478 -0.07715511  1.03276348
11 17 57 844365 -0.04447269 -0.02867937  0.98905587
11 17 57 895809 -0.07632375 -0.07428169  0.94649863
11 17 57 944564 -0.04744625 -0.07012463  0.98443818
11 17 57 991310 -0.01785159 -0.12194204  1.01174307
11 17 58 54654 -0.03284001 -0.11239958  1.04552364
11 17 58 89494 -0.0447216  -0.03163457  1.0193243 
11 17 58 142983 -0.06120634 -0.05873799  0.93480039
11 17 58 196729 -0.07077599 -0.08659387  0.964499  
11 17 58 245455 -0.02784443 -0.10183811  1.00369453
11 17 58 297677 -0.02224803 -0.11871052  1.03703427
11 17 58 344400 -0.03914976 -0.05686808  1.03653574
11 17 58 396058 -0.0466671  -0.03605556  0.95906377
11 17 58 445073 -0.08614254 -0.08553791  0.94194007
11 17 58 496644 -0.04497194 -0.09074306  0.99582791
11 17 58 546165 -0.01764774 -0.12746525  1.02342725
11 17 58 592017 -0.0294528  -0.08875751  1.04977012
11 17 58 643351 -0.03829956 -0.01945591  0.99679923
11 17 58 692537 -0.07098413 -0.0633769   0.92994118
11 17 58 744202 -0.06015897 -0.07511187  0.98205495
11 17 58 793195 -0.01972342 -0.10899425  1.015136  
11 17 58 845138 -0.0232532  -0.11566734  1.04576087
11 17 58 894513 -0.04206467 -0.03928781  1.02354455
11 17 58 943364 -0.05796719 -0.04440212  0.94707155
11 17 58 995599 -0.08159995 -0.09133458  0.95892167
11 17 59 47805 -0.03668189 -0.10065246  1.0055294 
11 17 59 95915 -0.02092147 -0.11785269  1.03565717
11 17 59 143944 -0.03697681 -0.06160378  1.0443325 
11 17 59 192486 -0.04762745 -0.02337313  0.97681379
11 17 59 243478 -0.08011603 -0.08243585  0.93790317
11 17 59 295037 -0.05829048 -0.09896779  0.99489999
11 17 59 344416 -0.01656914 -0.10464621  1.02702665
11 17 59 394980 -0.02392769 -0.08631015  1.04402304
11 17 59 445520 -0.04140925 -0.03398085  1.00011039
11 17 59 494377 -0.06404614 -0.06003571  0.94637251
11 17 59 544007 -0.06989264 -0.07095551  0.98382187
11 17 59 595859 -0.02136302 -0.07970786  1.01043725
11 17 59 646001 -0.0213685  -0.13286042  1.02933383
11 17 59 696603 -0.04879451 -0.06698251  1.01953697
11 17 59 745378 -0.04877019 -0.01816726  0.98054528
11 17 59 791828 -0.08205247 -0.08780837  0.95843625
11 17 59 844229 -0.05289268 -0.09263873  0.99400544
11 17 59 896112 -0.02205396 -0.10651016  1.0226593 
11 17 59 944098 -0.0358572  -0.09254074  1.04234385
11 17 59 998580 -0.04126453 -0.03357196  1.00405121
11 18 0 56002 -0.06573987 -0.06492019  0.95276999
11 18 0 92267 -0.06472898 -0.06769204  0.98270011
11 18 0 142926 -0.01694274 -0.09450436  1.01009846
11 18 0 225472 -0.02950025 -0.14270711  1.03509641
11 18 0 243985 -0.04675198 -0.06103039  1.02802753
11 18 0 296629 -0.04852915 -0.02489376  0.96853542
11 18 0 345052 -0.07410645 -0.08246303  0.96042609
11 18 0 392179 -0.033288   -0.08121467  0.99914145
11 18 0 443479 -0.02419353 -0.13530445  1.02389884
11 18 0 492708 -0.04096413 -0.09231305  1.03830075
11 18 0 544191 -0.04091239 -0.01521659  0.99473   
11 18 0 594776 -0.07259631 -0.06844187  0.94384861
11 18 0 645346 -0.06054688 -0.09303498  0.98446465
11 18 0 694372 -0.01996684 -0.12024593  1.01395988
11 18 0 744042 -0.02021146 -0.10005641  1.05293393
11 18 0 795221 -0.03858829 -0.03237295  1.03132606
11 18 0 844190 -0.06036949 -0.05319977  0.93819618
11 18 0 896627 -0.07594585 -0.09044194  0.96293139
11 18 0 948023 -0.03118706 -0.10464764  1.01204467
11 18 0 992636 -0.01489949 -0.11196733  1.04713488
11 18 1 56379 -0.03465152 -0.04889822  1.04367495
11 18 1 90594 -0.05072713 -0.02815604  0.96043587
11 18 1 143449 -0.08234596 -0.0823319   0.95343161
11 18 1 195093 -0.04831886 -0.09548736  1.00107002
11 18 1 245766 -0.01645875 -0.11646223  1.03027415
11 18 1 295323 -0.03124642 -0.07563829  1.04708624
11 18 1 345902 -0.04636645 -0.020123    0.99778557
11 18 1 395372 -0.07175636 -0.07063007  0.94291711
11 18 1 444815 -0.06651258 -0.09064341  0.98166895
11 18 1 496050 -0.02175212 -0.09711742  1.01476526
11 18 1 544562 -0.02549148 -0.1020472   1.03802681
11 18 1 592501 -0.04364228 -0.03966546  1.02219868
11 18 1 643554 -0.06014967 -0.04930043  0.96384001
11 18 1 694415 -0.07369208 -0.0755415   0.97037625
11 18 1 744237 -0.02852416 -0.07709169  1.00280714
11 18 1 793712 -0.0214107  -0.13710618  1.0308845 
11 18 1 845283 -0.04765821 -0.0893333   1.03629613
11 18 1 895292 -0.04541945 -0.01929665  0.99839115
11 18 1 943777 -0.07626534 -0.07607007  0.94724727
11 18 1 994485 -0.05992889 -0.10308719  0.98490977
11 18 2 48299 -0.02880764 -0.11246777  1.02054191
11 18 2 95630 -0.0240767  -0.08173776  1.04926634
11 18 2 144235 -0.03819346 -0.03160977  1.01836133
11 18 2 194616 -0.06566691 -0.06055284  0.93905926
11 18 2 244624 -0.03121018 -0.34407377  0.44141769
11 18 2 293837 -0.02343249 -0.13816404  1.04435039
11 18 2 345663 0.01544785 0.62475944 0.51967716
11 18 2 396420 -0.04891205 -0.0133667  -0.68370104
11 18 2 445523 -0.08060145 -0.071558    0.94939327
11 18 2 495600 0.00762415 0.00693369 0.01558733
11 18 2 544481 -0.03925729 -0.15600181  0.9574666 
11 18 2 595336  0.01527452 -0.13631535  0.96420646
11 18 2 644217 0.01591396 0.08456421 1.03792238
11 18 2 697036 -0.01878977  0.08182335  1.06050372
11 18 2 745559 -0.02743626 -0.1702106   0.92654443
11 18 2 792449  0.01428151 -0.12001181  0.97139812
11 18 2 843564 0.0037818  0.09535813 1.04909086
11 18 2 893214 -0.02446485  0.03487992  1.05904198
11 18 2 945278 -0.03659773 -0.19335532  0.93164182
11 18 2 994501  0.00481462 -0.08473444  0.98157597
11 18 3 54567 -0.00504875  0.12733603  1.05661845
11 18 3 94192 -0.04051137  0.00723076  1.05382228
11 18 3 147952 -0.04097104 -0.20348883  0.91883731
11 18 3 196708 -6.71148300e-04 -6.89179897e-02  9.96488333e-01
11 18 3 246437 -0.004915    0.13819265  1.06095481
11 18 3 299127 -3.48360538e-02  3.51905823e-04  1.05615759e+00
11 18 3 346028 -0.03199029 -0.20492387  0.90456247
11 18 3 392111  0.00250769 -0.06446266  0.97559786
11 18 3 443841 -0.03696752  0.12880087  1.05606246
11 18 3 492972 -0.08520913 -0.03897882  1.03325605
11 18 3 544408 -0.0553329  -0.20943832  0.93422484
11 18 3 594275  2.35795975e-04 -3.06878090e-02  1.02171445e+00
11 18 3 645728 0.00246263 0.15202999 1.04855776
11 18 3 694434 -0.07429266 -0.06067252  1.0134871 
11 18 3 743437 -0.13495016 -0.26860762  0.89387655
11 18 3 794529 -0.06170416 -0.05110741  1.00805426
11 18 3 843895 0.00486016 0.16900229 1.07382512
11 18 3 895134 -0.02072453  0.0148077   1.04748225
11 18 3 945807 -0.11853981 -0.24406242  0.9210465 
11 18 3 992490 -0.07425237 -0.11316586  0.97109818
11 18 4 53407 -0.01972699  0.14579201  1.0913291 
11 18 4 89098 -0.01447749  0.10458326  1.04435992
11 18 4 143183 -0.12114072 -0.18534184  0.92172337
11 18 4 193534 -0.11468387 -0.20051551  0.92723298
11 18 4 245894 -0.02721596  0.05728149  1.09465528
11 18 4 294738 0.0112412  0.14359641 1.07995009
11 18 4 343721 -0.05625463 -0.01792216  1.0397222 
11 18 4 395657 -0.17132211 -0.22570443  0.8487606 
11 18 4 445267 -0.10555673 -0.10417962  0.99996758
11 18 4 496030 -0.05097961  0.07574034  1.08028436
11 18 4 546077 -0.01223779  0.07475352  1.06725144
11 18 4 591347 -0.10045314 -0.0579617   0.97868395
11 18 4 643114 -0.14199471 -0.14822102  0.92891312
11 18 4 692077 -0.08384824 -0.0894165   1.00507522
11 18 4 744283 -0.033849   -0.01081777  1.04582787
11 18 4 794142 -0.03823447  0.02461648  1.03453827
11 18 4 844308 -0.07437968 -0.00105906  0.97210407
11 18 4 894836 -0.10926104 -0.04795575  0.98599172
11 18 4 943404 -0.10313487 -0.11580825  1.03965235
11 18 5 8464 -0.07671452 -0.09459496  0.98986101
11 18 5 61802 -0.06890392 -0.02304745  0.96115947
11 18 5 119048 -0.0688448   0.0393877   1.01602006
11 18 5 162724 -0.06291318 -0.00319481  1.06334114
11 18 5 214237 -0.08834362 -0.06914568  1.01228166
11 18 5 257669 -0.0921824  -0.05822015  0.95815921
11 18 5 320163 -0.07080317 -0.04837203  0.98134327
11 18 5 361843 -0.06924152 -0.08707261  1.04869604
11 18 5 393789 -0.0750072  -0.04911494  1.05806208
11 18 5 444971 -0.05660129  0.04288101  1.00286508
11 18 5 493746 -0.04634476  0.02660704  0.94915104
11 18 5 543235 -0.09060764 -0.08551788  0.97532082
11 18 5 595378 -0.0988028  -0.1002264   1.03962135
