-0.0564785  -0.0044136   0.99602699
-0.05963516 -0.00435829  0.99517441
-0.0524807  -0.00210762  0.99468613
-0.05157471 -0.00473976  0.99645805
-0.04953575 -0.00272369  1.00066757
-0.05127716 -0.00556946  0.99786377
-0.04877853 -0.00712585  0.99526405
-0.04955101 -0.00967026  1.00008011
-0.05461311  0.00329399  0.99740791
-0.05226326 -0.00329018  1.00031662
-0.05686188 -0.00299072  1.00036621
-0.05600548 -0.00505066  1.00073242
-0.05688858 -0.00710297  0.99927139
-0.05235672 -0.0098381   0.99616051
-0.05027771 -0.00931931  0.99743271
-0.05309105 -0.01002502  1.00078392
-0.04965591 -0.00551033  0.99824333
-0.05610466 -0.00867653  0.99951935
-0.0549202  -0.01046944  0.99787712
-0.05257416 -0.00313187  0.99612427
-0.04919052 -0.00534248  0.99736214
-0.05278778 -0.00261688  0.99604988
-0.05421638 -0.00401306  0.99803734
-0.05194092 -0.00702286  0.99396896
-0.05207634 -0.00488853  0.99938393
-0.05310249 -0.00225449  0.99764633
-0.05005074 -0.00293541  0.99801064
-0.05290031  0.0018425   0.99685097
-0.05217552 -0.0011692   0.99998665
-0.05229759 -0.00573158  0.99557114
-0.05517769 -0.00626183  1.00217628
-0.05593109 -0.00568008  0.99727821
-0.05549812 -0.00401497  0.98181152
-0.05304337 -0.0072937   0.98299217
-0.04926491 -0.00326538  0.99728012
-5.47409058e-02 -6.54220581e-04  1.01304817e+00
-0.05133438 -0.00750542  0.99732971
-0.05107117 -0.00600433  0.99617386
-0.05150414 -0.00370026  0.99591827
-5.06496429e-02 -8.85009766e-04  1.00338745e+00
-0.05730247 -0.00702095  0.99491119
-5.20381927e-02  3.62396240e-05  9.99780655e-01
-0.05137634 -0.01002884  0.9981575 
-0.05318451 -0.00526237  0.99631691
-0.05527115 -0.00655746  1.00191498
-0.05393028 -0.00441551  1.00014305
-0.04842758 -0.0015583   1.00334549
-0.053545   -0.00346375  1.00110817
-0.04907608 -0.01792336  0.99163818
-0.05101585 -0.00512886  1.00179863
-0.05270004 -0.00735092  0.99895859
-0.05535507 -0.006464    0.99867058
-0.05505943 -0.00533485  1.00018311
-0.05809975 -0.00870705  0.99919319
-0.05902672 -0.0077877   1.00048256
-0.05409241 -0.00284195  0.99852371
-0.04764175 -0.009161    0.99728775
-0.04535103 -0.00302887  0.99881554
-0.05073547 -0.00492859  0.99970627
-0.05409622  0.00140953  0.99381828
-0.0545063  -0.00247002  0.99964333
-0.0561161  -0.00437546  0.99798965
-0.05906105 -0.00431824  0.99793053
-0.05791283 -0.007864    1.00154686
-0.05853271 -0.0062542   0.99480247
-0.05504417 -0.00818634  0.9988842 
-0.05366325 -0.00880623  0.99711037
-0.04907799 -0.00498962  0.99681664
-0.05014801 -0.00376511  0.99824333
-0.0497036  -0.00623894  1.00029564
-0.05412865 -0.00497055  0.99777794
-0.05955887 -0.00906563  0.99837303
-0.05715752 -0.00302505  0.99929428
-0.0566597  -0.00321007  1.00004959
-0.05317497 -0.00598907  1.00101471
-0.05316544 -0.00482368  0.99956894
-0.04859924 -0.00598335  1.00095749
-0.04499817 -0.00654602  0.99917221
