 6.53266907e-05  3.42369080e-04 -9.05990601e-06
-0.00028944  0.00010967 -0.00062656
-0.00033283  0.00014448 -0.00037193
-4.38690186e-05 -3.08990479e-04 -5.10215759e-05
-1.21593475e-04  6.96182251e-05  1.87397003e-04
-5.21183014e-04  5.67436218e-05  1.13487244e-04
-1.08718872e-04  2.69889832e-04  2.81333923e-05
 4.76837158e-05  1.12533569e-04 -4.47750092e-04
 4.14848328e-05 -1.42097473e-04  7.15255737e-06
0.00012255 0.00017738 0.000103  
-4.55379486e-04  4.54425812e-04  4.43458557e-05
-1.79767609e-04  6.58035278e-05 -3.11851501e-04
 0.00015306 -0.00018549 -0.00028849
 0.0002737  -0.00022268 -0.00015306
-6.13689423e-04  1.45912170e-04  2.43186951e-05
3.44276428e-04 2.77996063e-04 2.95639038e-05
-0.00037813 -0.00036097  0.00017834
-1.19209290e-05  1.27792358e-04  4.02927399e-04
6.72340393e-05 1.93119049e-04 3.42369080e-04
-5.29766083e-04 -5.24520874e-06 -3.12328339e-04
 2.98500061e-04 -3.83853912e-04  8.77380371e-05
-1.13010406e-04 -3.56674194e-04 -1.28746033e-05
-5.24520874e-05 -3.77178192e-04 -3.02314758e-04
 4.29153442e-06  7.15255737e-05 -2.69412994e-04
-6.34193420e-05 -4.33921814e-05 -1.91211700e-04
 0.00026608 -0.00025654  0.00019169
 0.00031853 -0.0004487   0.00030422
 8.01086426e-05 -1.33037567e-04 -4.24861908e-04
 0.00022459 -0.00036716  0.00056314
-1.01089478e-04  9.25064087e-05  1.78337097e-04
4.57763672e-05 1.09195709e-04 2.57015228e-04
-0.00038385  0.00049591 -0.00016642
-8.77380371e-05  3.51905823e-04 -3.06129456e-04
-0.00036287 -0.00032616 -0.0002079 
0.00040531 0.00031996 0.00022507
-0.00011396 -0.00026035  0.00030375
-2.65121460e-04 -1.74045563e-04 -6.67572021e-06
-4.95910645e-05 -2.04086304e-04 -3.68595123e-04
-4.46319580e-04 -4.48226929e-05 -1.63555145e-04
 6.34193420e-05 -6.32286072e-04 -1.81674957e-04
 5.34057617e-05  1.47342682e-04 -9.10758972e-05
-0.0003314   0.00061941  0.00022364
-0.00015593  0.00012732  0.00033283
 7.15255737e-06 -4.67300415e-05 -1.36375427e-04
 4.14848328e-05 -1.83582306e-04 -4.59194183e-04
-1.96456909e-04  2.88009644e-04  8.67843628e-05
-0.00033188 -0.00011253 -0.00033426
 0.00032902 -0.00071573 -0.00010824
 0.00147486 -0.00121832  0.00075912
-0.00100088  0.00062323  0.00068378
-8.91685486e-05 -4.49180603e-04  1.68800354e-04
 1.42574310e-04 -6.10351562e-05 -1.38759613e-04
-8.56399536e-04  5.24520874e-04 -3.09944153e-05
 0.00023413  0.00013161 -0.00073862
-1.00135803e-04  6.48498535e-05 -4.31060791e-04
 0.00040436 -0.00022793 -0.00072765
-1.84535980e-04 -4.57763672e-04  2.52723694e-05
 3.29017639e-05  1.74522400e-04 -5.01632690e-04
-0.00018883 -0.00028467 -0.00024176
-3.74794006e-04 -3.26633453e-04 -5.14984131e-05
-2.57492065e-05  5.48362732e-05  2.75135040e-04
 0.00018215 -0.00010824  0.00047731
-0.00063896  0.00039291  0.00046539
-0.00026655 -0.00043631 -0.00021172
-2.89916992e-04  8.67843628e-05 -2.40802765e-04
 0.00012493 -0.00016928 -0.00047731
-0.00018597 -0.00038576 -0.00040722
-0.0002265  -0.00029469 -0.00040293
-8.58306885e-05  3.41892242e-04 -1.38282776e-04
-0.00062466 -0.00010872 -0.00054836
-0.00015688 -0.00011969 -0.00029325
-0.00037003  0.0004611  -0.00036144
-0.00051737 -0.00020742 -0.00076485
 0.00031853 -0.00128174 -0.00043154
 1.44004822e-04 -4.86373901e-04 -6.24656677e-05
-7.20977783e-04  6.29425049e-05  2.47478485e-04
 4.67300415e-05 -1.45435333e-04 -7.58171082e-05
-0.0003438  -0.00014353 -0.00052261
