14 2 54 787002 
14 2 54 810785 0 37016
14 2 54 816192 0 37066
14 2 54 857003 
14 2 54 862010 0 36415
14 2 54 907050 0 36465
14 2 54 912595 0 36515
14 2 54 956835 0 36566
14 2 54 960910 0 36616
14 2 55 4306 0 36666
14 2 55 8973 0 36716
14 2 55 64304 0 36766
14 2 55 68256 0 36816
14 2 55 105024 0 36866
14 2 55 110380 0 36916
14 2 55 158851 0 36966
14 2 55 162834 0 37016
14 2 57 680924 0 37066
14 2 57 727941 0 1999
14 2 57 774583 0 2049
14 2 57 829140 0 2099
14 2 57 880782 0 2149
14 2 57 931069 0 2199
14 2 57 978867 0 2249
14 2 58 26774 0 2299
14 2 58 83193 0 2349
14 2 58 129403 0 2399
14 2 58 178641 0 2449
14 2 58 227578 0 2499
14 2 58 280922 0 2549
14 2 58 329571 0 2599
14 2 58 380996 0 2649
14 2 58 430222 0 2699
14 2 58 478311 0 2749
14 2 58 530611 0 2799
14 2 58 581050 0 2849
14 2 58 629465 0 2899
14 2 58 678575 0 2949
14 2 58 728708 0 2999
14 2 58 782840 0 3049
14 2 58 830004 0 3099
14 2 58 880643 0 3149
14 2 58 931546 0 3200
14 2 58 984635 0 3250
14 2 59 29529 0 3300
14 2 59 81472 0 3350
14 2 59 133540 0 3400
14 2 59 182113 0 3450
14 2 59 230303 0 3500
14 2 59 282222 0 3550
14 2 59 327912 0 3600
14 2 59 383643 0 3650
14 2 59 432084 0 3700
14 2 59 483248 0 3750
14 2 59 529471 0 3800
14 2 59 580469 0 3850
14 2 59 631734 0 3900
14 2 59 682652 0 3950
14 2 59 732178 0 4000
14 2 59 780633 0 4050
14 2 59 829501 0 4100
14 2 59 884089 0 4150
14 2 59 933428 0 4200
14 2 59 983014 0 4250
14 3 0 32803 0 4300
14 3 0 84622 0 4350
14 3 0 130812 0 4400
14 3 0 180845 0 4450
14 3 0 230581 0 4500
14 3 0 285551 0 4550
14 3 0 332365 0 4600
14 3 0 384118 0 4651
14 3 0 431255 0 4701
14 3 0 485728 0 4751
14 3 0 531602 0 4801
14 3 0 582917 0 4851
14 3 0 631872 0 4901
14 3 0 683007 0 4951
14 3 0 735183 0 5001
14 3 0 785065 0 5051
14 3 0 833236 0 5101
14 3 0 881877 0 5151
14 3 0 931179 0 5201
14 3 0 984284 0 5251
14 3 1 32615 0 5301
14 3 1 83438 0 5351
14 3 1 132115 0 5401
14 3 1 186332 0 5451
14 3 1 234758 0 5501
14 3 1 283590 0 5551
14 3 1 333181 0 5601
14 3 1 386195 0 5651
14 3 1 435911 0 5701
14 3 1 486369 0 5751
14 3 1 534836 0 5801
14 3 1 583382 0 5851
14 3 1 637327 0 5901
14 3 1 684711 0 5951
14 3 1 734102 0 6001
14 3 1 782556 0 6051
14 3 1 838089 0 6102
14 3 1 886413 0 6152
14 3 1 936189 0 6202
14 3 1 984115 0 6252
14 3 2 38294 0 6302
14 3 2 86010 0 6352
14 3 2 135341 0 6402
14 3 2 185468 0 6452
14 3 2 235538 0 6502
14 3 2 287137 0 6552
14 3 2 335688 0 6602
14 3 2 385324 0 6652
14 3 2 435572 0 6702
14 3 2 488311 0 6752
14 3 2 536551 0 6802
14 3 2 586988 0 6852
14 3 2 635076 0 6902
14 3 2 684946 0 6952
14 3 2 740228 0 7002
14 3 2 785991 0 7052
14 3 2 835205 0 7102
14 3 2 884637 0 7152
14 3 2 938833 0 7202
14 3 2 987192 0 7252
14 3 3 38370 0 7302
14 3 3 86456 0 7352
14 3 3 135258 0 7402
14 3 3 188682 0 7452
14 3 3 237119 0 7502
14 3 3 285075 0 7552
14 3 3 333049 0 7602
14 3 3 384766 0 7652
14 3 3 438208 0 7702
14 3 3 485872 0 7752
14 3 3 537220 0 7802
14 3 3 587435 0 7852
14 3 3 640417 0 7902
14 3 3 685815 0 7952
14 3 3 735520 0 8002
14 3 3 786418 0 8052
14 3 3 832633 0 8102
14 3 3 886228 0 8152
14 3 3 935421 0 8202
14 3 3 985196 0 8252
14 3 4 35551 0 8302
14 3 4 87222 0 8352
14 3 4 137992 0 8402
14 3 4 187773 0 8452
14 3 4 238068 0 8502
14 3 4 284485 0 8552
14 3 4 340646 0 8602
14 3 4 387082 0 8652
14 3 4 436360 0 8702
14 3 4 485027 0 8752
14 3 4 536579 0 8802
14 3 4 590939 0 8852
14 3 4 637409 0 8902
14 3 4 686925 0 8952
14 3 4 740440 0 9003
14 3 4 787489 0 9053
14 3 4 837723 0 9103
14 3 4 886815 0 9153
14 3 4 941528 0 9203
14 3 4 988108 0 9253
14 3 5 39770 0 9303
14 3 5 86412 0 9353
14 3 5 138039 0 9403
14 3 5 190596 0 9453
14 3 5 241698 0 9503
14 3 5 289829 0 9553
14 3 5 339634 0 9603
14 3 5 387576 0 9653
14 3 5 443414 0 9703
14 3 5 489275 0 9753
14 3 5 540211 0 9803
14 3 5 585797 0 9853
14 3 5 638388 0 9903
14 3 5 690943 0 9953
14 3 5 741337 0 10003
14 3 5 786077 0 10053
14 3 5 844015 0 10103
14 3 5 889735 0 10153
14 3 5 940409 0 10203
14 3 5 986291 0 10253
14 3 6 40436 0 10303
14 3 6 91949 0 10353
14 3 6 139162 0 10403
14 3 6 189961 0 10454
14 3 6 236874 0 10504
14 3 6 292937 0 10554
14 3 6 340123 0 10604
14 3 6 389579 0 10654
14 3 6 440058 0 10704
14 3 6 490722 0 10754
14 3 6 542409 0 10804
14 3 6 592778 0 10854
14 3 6 639041 0 10904
14 3 6 688024 0 10954
14 3 6 737797 0 11004
14 3 6 793293 0 11054
14 3 6 839340 0 11104
14 3 6 889999 0 11154
14 3 6 941774 0 11204
14 3 6 994759 0 11254
14 3 7 42004 0 11304
14 3 7 92532 0 11354
14 3 7 138014 0 11404
14 3 7 193366 0 11454
14 3 7 242569 0 11504
14 3 7 291659 0 11554
14 3 7 339431 0 11604
14 3 7 390008 0 11654
14 3 7 442506 0 11704
14 3 7 490962 0 11754
14 3 7 542599 0 11804
14 3 7 590400 0 11854
14 3 7 641052 0 11904
14 3 7 691266 0 11954
14 3 7 743776 0 12004
14 3 7 791410 0 12054
14 3 7 841381 0 12104
14 3 7 888587 0 12154
14 3 7 944008 0 12204
14 3 7 990541 0 12254
14 3 8 43858 0 12304
14 3 8 95159 0 12354
14 3 8 143090 0 12404
14 3 8 194515 0 12454
14 3 8 241671 0 12504
14 3 8 292203 0 12554
14 3 8 342844 0 12604
14 3 8 393094 0 12654
14 3 8 443031 0 12704
14 3 8 492331 0 12754
14 3 8 540245 0 12804
14 3 8 593252 0 12854
14 3 8 644750 0 12904
14 3 8 693004 0 12954
14 3 8 740841 0 13004
14 3 8 791606 0 13054
14 3 8 843178 0 13104
14 3 8 894523 0 13154
14 3 8 941057 0 13204
14 3 8 991607 0 13254
14 3 9 44839 0 13304
14 3 9 94109 0 13355
14 3 9 143823 0 13405
14 3 9 197469 0 13455
14 3 9 244548 0 13505
14 3 9 295457 0 13555
14 3 9 344017 0 13605
14 3 9 393587 0 13655
14 3 9 446760 0 13705
14 3 9 495237 0 13755
14 3 9 546780 0 13805
14 3 9 592332 0 13855
14 3 9 644013 0 13905
14 3 9 694876 0 13955
14 3 9 747333 0 14005
14 3 9 791820 0 14055
14 3 9 842659 0 14105
14 3 9 896671 0 14155
14 3 9 948314 0 14205
14 3 9 995155 0 14255
14 3 10 45224 0 14305
14 3 10 92323 0 14355
14 3 10 147458 0 14405
14 3 10 195668 0 14455
14 3 10 245867 0 14505
14 3 10 293174 0 14555
14 3 10 349575 0 14605
14 3 10 395289 0 14655
14 3 10 446711 0 14705
14 3 10 494670 0 14755
14 3 10 549375 0 14806
14 3 10 598295 0 14856
14 3 10 645568 0 14906
14 3 10 694315 0 14956
14 3 10 751081 0 15006
14 3 10 797366 0 15056
14 3 10 848088 0 15106
14 3 10 894770 0 15156
14 3 10 947090 0 15206
14 3 10 999781 0 15256
14 3 11 49894 0 15306
14 3 11 96459 0 15356
14 3 11 147094 0 15406
14 3 11 193554 0 15456
14 3 11 249876 0 15506
14 3 11 296458 0 15556
14 3 11 348367 0 15606
14 3 11 395515 0 15656
14 3 11 446828 0 15706
14 3 11 498183 0 15756
14 3 11 547007 0 15806
14 3 11 595831 0 15856
14 3 11 649861 0 15906
14 3 11 699624 0 15956
14 3 11 749313 0 16006
14 3 11 794175 0 16056
14 3 11 845449 0 16106
14 3 11 900097 0 16156
14 3 11 947938 0 16206
14 3 12 13 0 16256
14 3 12 47551 0 16306
14 3 12 97669 0 16356
14 3 12 148993 0 16406
14 3 12 196696 0 16456
14 3 12 246298 0 16506
14 3 12 299434 0 16556
14 3 12 346057 0 16606
14 3 12 399314 0 16656
14 3 12 450610 0 16706
14 3 12 497361 0 16756
14 3 12 545039 0 16806
14 3 12 598022 0 16856
14 3 12 647448 0 16906
14 3 12 699535 0 16956
14 3 12 745106 0 17006
14 3 12 800863 0 17056
14 3 12 847171 0 17106
14 3 12 900025 0 17156
14 3 12 948074 0 17206
14 3 12 998701 0 17256
14 3 13 52178 0 17306
14 3 13 100578 0 17356
14 3 13 151358 0 17406
14 3 13 199608 0 17456
14 3 13 248303 0 17506
14 3 13 298147 0 17556
14 3 13 347787 0 17606
14 3 13 396844 0 17656
14 3 13 449095 0 17707
14 3 13 503535 0 17757
14 3 13 549490 0 17807
14 3 13 600409 0 17857
14 3 13 649352 0 17907
14 3 13 696519 0 17957
14 3 13 750832 0 18007
14 3 13 803262 0 18057
14 3 13 851459 0 18107
14 3 13 902582 0 18157
14 3 13 950858 0 18207
14 3 14 1380 0 18257
14 3 14 48727 0 18307
14 3 14 96989 0 18357
14 3 14 152600 0 18407
14 3 14 201970 0 18457
14 3 14 250831 0 18507
14 3 14 300414 0 18557
14 3 14 348620 0 18607
14 3 14 405219 0 18657
14 3 14 451412 0 18707
14 3 14 501918 0 18757
14 3 14 551699 0 18807
14 3 14 600164 0 18857
14 3 14 652196 0 18907
14 3 14 703243 0 18957
14 3 14 751595 0 19007
14 3 14 798966 0 19057
14 3 14 854574 0 19107
14 3 14 901801 0 19158
14 3 14 951312 0 19208
14 3 15 2314 0 19258
14 3 15 55983 0 19308
14 3 15 102479 0 19358
14 3 15 152087 0 19408
14 3 15 202027 0 19458
14 3 15 253752 0 19508
14 3 15 301017 0 19558
14 3 15 354130 0 19608
14 3 15 405205 0 19658
14 3 15 450021 0 19708
14 3 15 504974 0 19758
14 3 15 551727 0 19808
14 3 15 604015 0 19858
14 3 15 649814 0 19908
14 3 15 706284 0 19958
14 3 15 752897 0 20008
14 3 15 802746 0 20058
14 3 15 851711 0 20108
14 3 15 903969 0 20158
14 3 15 954752 0 20208
14 3 16 3011 0 20258
14 3 16 53834 0 20308
14 3 16 104610 0 20358
14 3 16 152540 0 20408
14 3 16 204865 0 20458
14 3 16 254064 0 20508
14 3 16 304872 0 20558
14 3 16 352832 0 20608
14 3 16 404717 0 20658
14 3 16 455113 0 20708
14 3 16 503082 0 20758
14 3 16 550289 0 20808
14 3 16 601430 0 20858
14 3 16 652936 0 20908
14 3 16 702236 0 20958
14 3 16 751758 0 21008
14 3 16 801287 0 21058
14 3 16 854472 0 21108
14 3 16 904702 0 21158
14 3 16 952092 0 21208
14 3 17 1646 0 21258
14 3 17 53111 0 21308
14 3 17 108123 0 21358
14 3 17 156942 0 21408
14 3 17 205084 0 21458
14 3 17 253583 0 21508
14 3 17 307903 0 21558
14 3 17 357517 0 21608
14 3 17 405831 0 21658
14 3 17 455193 0 21708
14 3 17 503571 0 21758
14 3 17 557400 0 21808
14 3 17 603901 0 21858
14 3 17 653059 0 21908
14 3 17 703524 0 21958
14 3 17 756228 0 22008
14 3 17 804562 0 22059
14 3 17 856951 0 22109
14 3 17 903608 0 22159
14 3 17 959356 0 22209
14 3 18 7433 0 22259
14 3 18 56573 0 22309
14 3 18 104558 0 22359
14 3 18 154318 0 22409
14 3 18 208159 0 22459
14 3 18 257378 0 22509
14 3 18 306411 0 22559
14 3 18 356481 0 22609
14 3 18 405026 0 22659
14 3 18 455616 0 22709
14 3 18 504781 0 22759
14 3 18 555329 0 22809
14 3 18 608465 0 22859
14 3 18 656581 0 22909
14 3 18 706983 0 22959
14 3 18 756749 0 23009
14 3 18 803215 0 23059
14 3 18 858664 0 23109
14 3 18 905831 0 23159
14 3 18 956399 0 23209
14 3 19 4164 0 23259
14 3 19 54298 0 23309
14 3 19 107271 0 23359
14 3 19 157027 0 23409
14 3 19 204524 0 23459
14 3 19 258524 0 23510
14 3 19 308787 0 23560
14 3 19 357768 0 23610
14 3 19 406866 0 23660
14 3 19 456253 0 23710
14 3 19 504174 0 23760
14 3 19 560387 0 23810
14 3 19 608659 0 23860
14 3 19 655903 0 23910
14 3 19 710400 0 23960
14 3 19 761091 0 24010
14 3 19 806943 0 24060
14 3 19 858867 0 24110
14 3 19 907140 0 24160
14 3 19 959848 0 24210
14 3 20 8421 0 24260
14 3 20 58136 0 24310
14 3 20 108754 0 24360
14 3 20 159494 0 24410
14 3 20 211631 0 24460
14 3 20 261213 0 24510
14 3 20 309927 0 24560
14 3 20 357977 0 24610
14 3 20 407850 0 24660
14 3 20 460885 0 24710
14 3 20 509235 0 24760
14 3 20 560056 0 24810
14 3 20 606464 0 24860
14 3 20 656394 0 24910
14 3 20 710800 0 24960
14 3 20 760367 0 25010
14 3 20 809847 0 25060
14 3 20 862037 0 25110
14 3 20 910390 0 25160
14 3 20 962621 0 25210
14 3 21 9988 0 25260
14 3 21 57886 0 25310
14 3 21 109909 0 25360
14 3 21 160150 0 25410
14 3 21 208747 0 25460
14 3 21 257279 0 25510
14 3 21 306425 0 25560
14 3 21 361820 0 25610
14 3 21 410092 0 25660
14 3 21 461678 0 25710
14 3 21 509573 0 25760
14 3 21 558474 0 25810
14 3 21 613691 0 25860
14 3 21 662289 0 25910
14 3 21 710544 0 25960
14 3 21 758817 0 26010
14 3 21 811662 0 26060
14 3 21 861575 0 26110
14 3 21 910531 0 26160
14 3 21 962069 0 26210
14 3 22 13087 0 26260
14 3 22 61729 0 26310
14 3 22 112546 0 26360
14 3 22 160895 0 26411
14 3 22 213957 0 26461
14 3 22 264627 0 26511
14 3 22 312751 0 26561
14 3 22 360926 0 26611
14 3 22 411001 0 26661
14 3 22 463795 0 26711
14 3 22 513051 0 26761
14 3 22 563825 0 26811
14 3 22 610541 0 26861
14 3 22 664887 0 26911
14 3 22 712843 0 26961
14 3 22 763875 0 27011
14 3 22 813802 0 27061
14 3 22 861937 0 27111
14 3 22 913143 0 27161
14 3 22 964591 0 27211
14 3 23 12182 0 27261
14 3 23 61874 0 27311
14 3 23 116862 0 27361
14 3 23 164645 0 27411
14 3 23 213931 0 27461
14 3 23 261419 0 27511
14 3 23 312061 0 27561
14 3 23 363587 0 27611
14 3 23 415181 0 27661
14 3 23 461703 0 27711
14 3 23 510248 0 27761
14 3 23 564022 0 27811
14 3 23 612693 0 27862
14 3 23 662361 0 27912
14 3 23 710286 0 27962
14 3 23 771744 0 28012
14 3 23 812528 0 28062
14 3 23 863963 0 28112
14 3 23 912948 0 28162
14 3 23 961705 0 28212
14 3 24 13411 0 28262
14 3 24 66251 0 28312
14 3 24 114745 0 28362
14 3 24 161070 0 28412
14 3 24 212687 0 28462
14 3 24 266101 0 28512
14 3 24 314534 0 28562
14 3 24 365650 0 28612
14 3 24 418909 0 28662
14 3 24 467282 0 28712
14 3 24 515593 0 28762
14 3 24 565838 0 28812
14 3 24 614834 0 28862
14 3 24 664595 0 28912
14 3 24 717867 0 28962
14 3 24 767550 0 29012
14 3 24 815816 0 29062
14 3 24 866305 0 29112
14 3 24 916712 0 29162
14 3 24 967267 0 29212
14 3 25 15567 0 29262
14 3 25 65995 0 29312
14 3 25 114751 0 29362
14 3 25 169633 0 29412
14 3 25 214600 0 29462
14 3 25 262659 0 29512
14 3 25 311521 0 29562
14 3 25 372116 0 29612
14 3 25 416975 0 29662
14 3 25 465246 0 29712
14 3 25 512585 0 29762
14 3 25 565548 0 29812
14 3 25 617758 0 29862
14 3 25 668475 0 29912
14 3 25 713791 0 29962
14 3 25 765056 0 30012
14 3 25 816210 0 30062
14 3 25 870178 0 30112
14 3 25 914144 0 30162
14 3 25 965388 0 30212
14 3 26 17960 0 30262
14 3 26 66338 0 30312
14 3 26 114305 0 30362
14 3 26 165539 0 30412
14 3 26 216133 0 30462
14 3 26 265307 0 30512
14 3 26 318926 0 30562
14 3 26 365702 0 30612
14 3 26 417192 0 30662
14 3 26 466351 0 30712
14 3 26 518846 0 30763
14 3 26 567886 0 30813
14 3 26 613751 0 30863
14 3 26 669822 0 30913
14 3 26 721709 0 30963
14 3 26 767907 0 31013
14 3 26 818525 0 31063
14 3 26 864415 0 31113
14 3 26 917979 0 31163
14 3 26 969147 0 31213
14 3 27 19804 0 31263
14 3 27 67478 0 31313
14 3 27 114404 0 31363
14 3 27 170100 0 31413
14 3 27 218210 0 31463
14 3 27 267801 0 31513
14 3 27 317541 0 31563
14 3 27 367909 0 31613
14 3 27 419385 0 31663
14 3 27 471223 0 31713
14 3 27 518261 0 31763
14 3 27 568136 0 31813
14 3 27 619357 0 31863
14 3 27 670652 0 31913
14 3 27 717727 0 31963
14 3 27 767963 0 32013
14 3 27 820707 0 32063
14 3 27 867666 0 32113
14 3 27 917791 0 32163
14 3 27 968150 0 32214
14 3 28 20805 0 32264
14 3 28 70189 0 32314
14 3 28 118814 0 32364
14 3 28 170187 0 32414
14 3 28 217818 0 32464
14 3 28 272801 0 32514
14 3 28 319903 0 32564
14 3 28 369041 0 32614
14 3 28 418985 0 32664
14 3 28 472905 0 32714
14 3 28 520444 0 32764
14 3 28 570967 0 32814
14 3 28 617088 0 32864
14 3 28 670493 0 32914
14 3 28 720404 0 32964
14 3 28 772623 0 33014
14 3 28 819806 0 33064
14 3 28 870061 0 33114
14 3 28 924203 0 33164
14 3 28 972046 0 33214
14 3 29 21047 0 33264
14 3 29 70667 0 33314
14 3 29 120301 0 33364
14 3 29 170520 0 33414
14 3 29 220949 0 33464
14 3 29 269172 0 33514
14 3 29 320885 0 33564
14 3 29 366994 0 33614
14 3 29 423411 0 33664
14 3 29 471492 0 33714
14 3 29 520311 0 33764
14 3 29 568898 0 33814
14 3 29 621234 0 33864
14 3 29 672368 0 33914
14 3 29 721474 0 33964
14 3 29 769427 0 34014
14 3 29 820350 0 34064
14 3 29 873129 0 34114
14 3 29 921813 0 34164
14 3 29 970698 0 34214
14 3 30 19273 0 34264
14 3 30 68630 0 34314
14 3 30 120251 0 34364
14 3 30 173848 0 34414
14 3 30 219695 0 34464
14 3 30 269209 0 34514
14 3 30 321875 0 34564
14 3 30 369825 0 34614
14 3 30 419279 0 34664
14 3 30 471601 0 34714
14 3 30 523449 0 34764
14 3 30 572687 0 34814
14 3 30 619651 0 34864
14 3 30 674623 0 34914
14 3 30 718161 0 34964
14 3 30 776046 0 35014
14 3 30 820686 0 35064
14 3 30 870059 0 35115
14 3 30 918675 0 35165
14 3 30 972776 0 35215
14 3 31 20950 0 35265
14 3 31 71436 0 35315
14 3 31 119145 0 35365
14 3 31 172320 0 35415
14 3 31 224369 0 35465
14 3 31 274933 0 35515
14 3 31 322476 0 35565
14 3 31 375407 0 35615
14 3 31 424608 0 35665
14 3 31 475202 0 35715
14 3 31 521222 0 35765
14 3 31 571214 0 35815
14 3 31 623571 0 35865
14 3 31 675447 0 35915
14 3 31 724415 0 35965
14 3 31 774480 0 36015
14 3 31 820443 0 36065
14 3 31 873045 0 36115
14 3 31 924556 0 36165
14 3 31 975267 0 36215
14 3 32 22041 0 36265
14 3 32 74320 0 36315
14 3 32 123532 0 36365
14 3 32 174047 0 36415
14 3 32 224177 0 36465
14 3 32 273071 0 36515
14 3 32 326047 0 36566
14 3 32 374021 0 36616
14 3 32 422842 0 36666
14 3 32 478450 0 36716
14 3 32 526064 0 36766
14 3 32 576735 0 36816
14 3 32 622726 0 36866
14 3 32 674530 0 36916
14 3 32 726644 0 36966
14 3 32 776796 0 37016
14 3 32 826395 0 37066
14 3 32 875065 0 37116
14 3 32 922946 0 37166
14 3 32 977771 0 37216
14 3 33 27239 0 37266
14 3 33 77507 0 37316
14 3 33 122141 0 37366
14 3 33 172962 0 37416
14 3 33 226580 0 37466
14 3 33 276378 0 37516
14 3 33 324383 0 37566
14 3 33 371944 0 37616
14 3 33 428640 0 37666
14 3 33 476340 0 37716
14 3 33 525104 0 37766
14 3 33 576276 0 37816
14 3 33 628171 0 37866
14 3 33 677536 0 37916
14 3 33 728127 0 37966
14 3 33 776808 0 38016
14 3 33 824879 0 38066
14 3 33 880013 0 38116
14 3 33 926230 0 38166
14 3 33 977194 0 38216
14 3 34 24222 0 38266
14 3 34 76344 0 38316
14 3 34 127291 0 38366
14 3 34 176445 0 38416
14 3 34 224896 0 38466
14 3 34 275235 0 38516
14 3 34 324035 0 38566
14 3 34 376309 0 38616
14 3 34 426553 0 38666
14 3 34 478157 0 38716
14 3 34 523729 0 38766
14 3 34 577841 0 38816
14 3 34 626985 0 38866
14 3 34 677121 0 38916
14 3 34 726958 0 38966
14 3 34 779796 0 39016
14 3 34 827474 0 39066
14 3 34 875298 0 39116
14 3 34 926612 0 39166
14 3 34 977559 0 39216
14 3 35 27677 0 39266
14 3 35 76435 0 39316
14 3 35 125058 0 39366
14 3 35 173352 0 39416
14 3 35 227447 0 39467
14 3 35 276475 0 39517
14 3 35 324492 0 39567
14 3 35 375033 0 39617
14 3 35 427802 0 39667
14 3 35 478649 0 39717
14 3 35 527094 0 39767
14 3 35 578797 0 39817
14 3 35 625965 0 39867
14 3 35 678058 0 39917
14 3 35 729898 0 39967
14 3 35 778272 0 40017
14 3 35 825220 0 40067
14 3 35 876543 0 40117
14 3 35 929837 0 40167
14 3 35 977403 0 40217
14 3 36 26560 0 40267
14 3 36 76278 0 40317
14 3 36 129980 0 40367
14 3 36 180389 0 40417
14 3 36 226924 0 40467
14 3 36 277166 0 40517
14 3 36 329865 0 40567
14 3 36 378757 0 40617
14 3 36 428838 0 40667
14 3 36 478349 0 40717
14 3 36 525421 0 40767
14 3 36 579783 0 40817
14 3 36 629518 0 40867
14 3 36 678262 0 40918
14 3 36 729039 0 40968
14 3 36 778673 0 41018
14 3 36 828011 0 41068
14 3 36 879179 0 41118
14 3 36 925937 0 41168
14 3 36 976663 0 41218
14 3 37 32172 0 41268
14 3 37 81446 0 41318
14 3 37 128342 0 41368
14 3 37 184129 0 41418
