14 27 39 755163  0.07390118 -0.01564956  0.997931  
14 27 39 776200  0.07520008 -0.01516485  1.00367165
14 27 39 799725  0.07851219 -0.01578188  1.0036118 
14 27 39 812996  0.07586336 -0.01569414  0.99707437
14 27 39 874634  0.07795334 -0.01477766  0.99601316
14 27 39 890219  0.07616687 -0.0128901   1.00043511
14 27 39 902784  0.07475781 -0.01340318  1.00273037
14 27 39 919477  0.0792706  -0.01663518  0.99855924
14 27 39 935287  0.07658339 -0.01664376  0.9993391 
14 27 39 947202  0.07668042 -0.01622272  1.00144029
14 27 39 980982  0.0761106  -0.01720858  0.99853802
14 27 39 992873  0.07522488 -0.01621342  0.99968791
14 27 42 638106  0.07523704 -0.0160327   1.0012033 
14 27 42 689234  0.07360935 -0.01817632  0.99831915
14 27 42 727438  0.07559896 -0.01285005  0.9966805 
14 27 42 776322  0.07643723 -0.0166471   1.00136113
14 27 42 829610  0.07645822 -0.01346397  0.99998641
14 27 42 878788  0.07501721 -0.02134848  0.99993348
14 27 42 928030  0.08041072 -0.01856136  1.00057435
14 27 42 976811  0.07641578 -0.01470804  0.99915409
14 27 43 33990  0.07325721 -0.01333165  0.99808478
14 27 43 84725  0.07515693 -0.01299644  0.99834442
14 27 43 139381  0.07803941 -0.01669502  0.99829865
14 27 43 188896  0.07698298 -0.01677799  0.99952483
14 27 43 234505  0.0788722  -0.01661706  1.00187016
14 27 43 284232  0.07818866 -0.01358795  1.00395632
14 27 43 325574  0.07733488 -0.01607752  0.99811673
14 27 43 378311  0.07531977 -0.01217151  0.99974847
14 27 43 435917  0.07715154 -0.0158236   0.99938321
14 27 43 476818  0.07765555 -0.01200962  0.99881029
14 27 43 526114  0.07580018 -0.01463985  1.00016785
14 27 43 575589  0.0776825  -0.01213098  0.99898577
14 27 43 628427  0.07589412 -0.01460576  0.99871588
14 27 43 677357  0.07826424 -0.01420307  0.99692369
14 27 43 735182  0.07724261 -0.0143373   0.99939847
14 27 43 783996  0.07745981 -0.01496339  0.99956369
14 27 43 829086  0.07570982 -0.01642942  0.99918008
14 27 43 878882  0.07497644 -0.01403737  0.99623203
14 27 43 927353  0.07568383 -0.0174334   0.99516964
14 27 43 976383  0.07768726 -0.01650119  0.99954629
14 27 44 25805  0.07704782 -0.01834774  0.99604845
14 27 44 79210  0.07420278 -0.01827812  0.99930406
14 27 44 128281  0.07749009 -0.01469755  0.99885654
14 27 44 176923  0.08002186 -0.01758742  0.99792552
14 27 44 226481  0.07743073 -0.01390862  1.00090933
14 27 44 275461  0.07855344 -0.01619625  0.99603605
14 27 44 328893  0.07812858 -0.01676631  0.99772167
14 27 44 378524  0.07605577 -0.01560903  0.9963572 
14 27 44 427279  0.07481003 -0.0184648   1.0010581 
14 27 44 476067  0.07436442 -0.01975298  0.99919224
14 27 44 525662  0.07616806 -0.0156095   0.99849343
14 27 44 578783  0.07748818 -0.01597285  0.99972701
14 27 44 627918  0.07728291 -0.01677155  0.99767828
14 27 44 676736  0.07862139 -0.01435709  0.9965806 
14 27 44 733878  0.07573724 -0.01244783  1.0003438 
14 27 44 775236  0.07343078 -0.01669264  0.99739861
14 27 44 828385  0.07588911 -0.01481676  0.99827552
14 27 44 877800  0.07992887 -0.01533794  0.99798203
14 27 44 926866  0.07731414 -0.01459789  0.99717951
14 27 44 975959  0.07857561 -0.01671982  0.99896693
14 27 45 24973  0.07781529 -0.01530099  0.99832463
14 27 45 74182  0.07822895 -0.01676631  0.99833941
14 27 45 138232  0.07339811 -0.01112914  0.99809361
14 27 45 184368  0.0777216  -0.01468778  0.99708343
14 27 45 239142  0.06254745  0.43743205 -1.777349  
14 27 45 282679  3.04937363e-04  1.98431325e+00 -7.14838743e-01
14 27 45 340091  0.07916379 -0.01723599  1.00080824
14 27 45 385487  0.0805223  -0.01036668  0.99943662
14 27 45 438605  0.07899761 -0.01552463  0.99893022
14 27 45 483135  0.07191038 -0.01383972  1.00101542
14 27 45 529236  0.07534361 -0.01532269  1.00042033
14 27 45 577779  0.07706094 -0.01225901  0.99915266
14 27 45 627236  0.07652998 -0.01477599  1.00154161
14 27 45 676179  0.07693481 -0.01816106  0.99624586
14 27 45 725969  0.07472444 -0.01735783  0.99921393
14 27 45 778399  0.07689333 -0.0184865   0.99957657
14 27 45 827809  0.07747507 -0.01867485  0.998806  
14 27 45 876948  0.07641506 -0.01387572  1.00034237
14 27 45 926286  0.07880878 -0.01616788  0.9969995 
14 27 45 982543  0.07677865 -0.018116    1.00237989
14 27 46 36702  0.07743359 -0.02087331  1.00275612
14 27 46 85476  0.07657313 -0.01905084  1.00047421
14 27 46 138059  0.07508945 -0.02061987  0.99948287
14 27 46 183729  0.07877755 -0.01985621  0.99930811
14 27 46 225412  0.07725573 -0.02108145  1.00153255
14 27 46 274096  0.07758522 -0.01966596  1.00367594
14 27 46 328338  0.07817936 -0.01650739  0.99895477
14 27 46 376578  0.07535148 -0.01796198  0.99989414
14 27 46 425802  0.07274175 -0.01613045  0.99793863
14 27 46 475117  0.07457304 -0.01454401  0.99598217
14 27 46 524238  0.07613397 -0.01337862  1.0016048 
14 27 46 577199  0.07607365 -0.01074338  1.00155616
14 27 46 626318  0.07642102 -0.0114634   0.99544215
14 27 46 675421  0.07455349 -0.01207113  0.99958682
14 27 46 725347  0.07728529 -0.00997877  0.99715543
14 27 46 777777  0.07684398 -0.01549387  0.99841905
14 27 46 827041  0.07435942 -0.01083255  0.99821186
14 27 46 876270  0.0752368  -0.01226306  0.9945066 
14 27 46 926100  0.07861757 -0.01646256  0.99837613
14 27 46 975032  0.07841897 -0.01541781  0.99776769
14 27 47 23894  0.07622385 -0.01136231  0.99522233
14 27 47 77051  0.07775378 -0.01558757  0.99891305
14 27 47 127007  0.07616782 -0.01082778  0.99751544
14 27 47 175363  0.07623482 -0.01629829  0.99796844
14 27 47 224407  0.07993698 -0.01597309  1.00191784
