14 47 0 606335  0.04958344 -0.28201103  0.95633316
14 47 0 617971  0.05012703 -0.28250122  0.95676804
14 47 0 621732  0.05309105 -0.28709221  0.95635986
14 47 0 659868  0.04932022 -0.27723694  0.95510864
14 47 0 665719  0.0534153  -0.28316498  0.95336151
14 47 0 708689  0.04672813 -0.28117943  0.95951653
14 47 0 711892  0.05013847 -0.2818203   0.95672798
14 47 0 757399  0.04841805 -0.28343964  0.95408821
14 47 0 760610  0.05175591 -0.28360748  0.95727348
14 47 0 809656  0.04845047 -0.28260231  0.95880318
14 47 3 488552  0.04766273 -0.27971077  0.95778084
14 47 3 538421  0.05073166 -0.27941704  0.95428085
14 47 3 586528  0.04862785 -0.28553963  0.9544487 
14 47 3 636174  0.05103111 -0.28320122  0.95998192
14 47 3 684749  0.04934692 -0.28265381  0.95681   
14 47 3 738392  0.04884148 -0.2860775   0.9512558 
14 47 3 787258  0.05157661 -0.28593445  0.95690155
14 47 3 837561  0.05022621 -0.28259087  0.9554882 
14 47 3 885421  0.05056953 -0.28836823  0.95865631
14 47 3 934980  0.04881859 -0.28609467  0.95588875
14 47 3 987838  0.04948044 -0.28740501  0.95568657
14 47 4 37406  0.05014229 -0.28729248  0.95581436
14 47 4 86244  0.05158424 -0.2794075   0.95502281
14 47 4 135731  0.04927063 -0.28168869  0.9554615 
14 47 4 184502  0.04666328 -0.28014374  0.95464325
14 47 4 247934  0.05125999 -0.27897644  0.95548058
14 47 4 288032  0.04892731 -0.28248024  0.957304  
14 47 4 348467  0.05249214 -0.27876854  0.95769882
14 47 4 392638  0.04922676 -0.28094101  0.95728874
14 47 4 434795  0.04819489 -0.28153229  0.95347595
14 47 4 487669  0.04842758 -0.28141975  0.95745087
14 47 4 537350  0.05002403 -0.28061485  0.95474052
14 47 4 585766  0.05149651 -0.28212547  0.95760918
14 47 4 650071  0.04947281 -0.28783035  0.95437241
14 47 4 696422  0.04838753 -0.28494644  0.95199585
14 47 4 737862  0.0494194  -0.28347206  0.95653152
14 47 4 787035  0.04797173 -0.28110695  0.95850945
14 47 4 840526  0.04794121 -0.28309059  0.95548439
14 47 4 889088  0.04896736 -0.28338432  0.95817375
14 47 4 939150  0.04549026 -0.28587914  0.95990181
14 47 4 987261  0.05097008 -0.28155327  0.95893097
