11 16 48 397301 -0.09250832 -0.15443802  0.96328545
11 16 48 399555 -0.09704399 -0.05322266  1.11184883
11 16 48 461252 -0.03229141  0.0506134   1.08321571
11 16 48 519392 -0.02075005 -0.02296257  0.91186333
11 16 48 565193 -0.06088448 -0.14228821  0.89489746
11 16 48 616324 -0.08065414 -0.13575745  1.06188774
11 16 48 665706 -0.05663681 -0.04797935  1.09425545
11 16 48 712597 -0.03217125 -0.04813385  0.97941971
11 16 48 773837 -0.05917168 -0.06742859  0.88820076
11 16 48 815383 -0.07589722 -0.08677483  0.96264458
11 16 48 866303 -0.10283279 -0.12996292  1.06670189
11 16 48 916055 -0.05270386  0.01684761  1.07850647
11 16 48 966687 -0.00702858  0.11894035  0.99905205
11 16 49 18989 -0.04195976 -0.10297775  0.86473274
11 16 49 88009 -0.09770966 -0.27963066  0.96831512
11 16 49 138776 -0.0714016  -0.10150909  1.08684349
11 16 49 190531 -0.01607895  0.0283432   1.09662628
11 16 49 199946 -0.04860878 -0.07938194  0.89959717
11 16 49 244488 -0.07738495 -0.1227169   0.83476448
11 16 49 293706 -0.09585381 -0.1314373   1.05203819
11 16 49 343601 -0.06960678  0.0020237   1.1235981 
11 16 49 395081 -0.00859833  0.06330681  1.03646851
11 16 49 444594 -0.03441811 -0.09032059  0.84089279
11 16 49 495755 -0.07019234 -0.17801666  0.93968582
11 16 49 544563 -0.07727814 -0.12405777  1.09554291
11 16 49 592470 -0.04080009 -0.02269745  1.07088089
11 16 49 642957 -0.04877281 -0.05201912  0.93025208
11 16 49 695820 -0.07084465 -0.07982826  0.85778999
11 16 49 744515 -0.09449387 -0.12164307  1.02937698
11 16 49 794072 -0.08312988 -0.07501411  1.09263992
11 16 49 846225 -0.02352524  0.10518456  1.0669899 
11 16 49 894068 -0.00971031  0.01768684  0.90091896
11 16 49 942775 -0.08598137 -0.23612595  0.89183617
11 16 49 995084 -0.09898186 -0.21283913  1.04814529
11 16 50 46803 -0.04700089  0.01107407  1.08907318
11 16 50 95723 -0.01224327 -0.0036602   1.02576256
11 16 50 143622 -0.07200241 -0.11907196  0.7991581 
11 16 50 191541 -0.11357498 -0.15153694  0.96969795
11 16 50 242994 -0.08065414 -0.04550171  1.10919571
11 16 50 292558 -0.01600266  0.05473328  1.06872368
11 16 50 343967 -0.01365662 -0.03984833  0.92334366
11 16 50 408999 -0.06646729 -0.16622543  0.8692627 
11 16 50 458931 -0.09424973 -0.14222717  1.04943848
11 16 50 524725 -0.04335785 -0.03151894  1.10407257
11 16 50 573799 -0.02821159 -0.04124451  0.98511696
11 16 50 611929 -0.06319618 -0.08980942  0.86725426
11 16 50 643655 -0.09806633 -0.10867882  0.95315361
11 16 50 697240 -0.09636116 -0.06798553  1.08725357
11 16 50 745064 -0.0208931   0.06165886  1.06785583
11 16 50 791786 -0.01352501 -0.01391602  0.94147301
11 16 50 843039 -0.06752014 -0.19447517  0.86820602
11 16 50 892666 -0.09961891 -0.17129135  1.03070068
11 16 50 944413 -0.05933952 -0.00889778  1.10464287
11 16 50 994136 -0.02929115 -0.02842903  1.00663376
11 16 51 53924 -0.06047821 -0.1114769   0.8947506 
11 16 51 91712 -0.0941124  -0.12351418  0.94019699
11 16 51 143508 -0.09468079 -0.05472565  1.08395767
11 16 51 194762 -0.02585983  0.05442047  1.07118988
11 16 51 243648 -0.01051521 -0.02777481  0.95311737
11 16 51 295931 -0.06236076 -0.17739296  0.897089  
11 16 51 344460 -0.0919838  -0.15084457  1.02942085
11 16 51 391514 -0.05792809 -0.03152466  1.09318542
11 16 51 443897 -0.03411484 -0.03666115  1.00418472
11 16 51 492498 -0.0538559  -0.10024261  0.91204071
11 16 51 544891 -0.08639526 -0.10956001  0.94771767
11 16 51 594198 -0.10331154 -0.06634712  1.06725121
11 16 51 645214 -0.04090118  0.04841423  1.06175613
11 16 51 694590 -0.02331924 -0.01747131  0.96794128
11 16 51 743527 -0.0524044  -0.14731407  0.91723824
11 16 51 795243 -0.08556747 -0.14616203  1.0092907 
11 16 51 844034 -0.06882286 -0.04453468  1.0796566 
11 16 51 895769 -0.0381794  -0.03482437  1.00417519
11 16 51 944712 -0.04706383 -0.07221222  0.93317032
11 16 51 991625 -0.07513809 -0.09984398  0.95294571
11 16 52 53728 -0.09728622 -0.12431526  1.04018974
11 16 52 89368 -0.06233597  0.01376534  1.06882668
11 16 52 142482 -0.01625252  0.07689285  1.01293564
11 16 52 193557 -0.03997421 -0.09617805  0.93033791
11 16 52 245028 -0.07866669 -0.22815132  0.9841423 
11 16 52 295227 -0.08215141 -0.11654854  1.05536079
11 16 52 344431 -0.05015373  0.00139236  1.06519508
11 16 52 395775 -0.04622459 -0.05724716  0.92450142
11 16 52 445567 -0.05951881 -0.11230087  0.89913177
11 16 52 496482 -0.09836197 -0.1204586   1.02210808
11 16 52 545725 -0.08567047 -0.04700279  1.08630562
11 16 52 592121 -0.03288651  0.08398628  1.02202988
11 16 52 644043 -0.02350044  0.00161362  0.9424305 
11 16 52 693751 -0.06433105 -0.19670105  0.93706322
11 16 52 745296 -0.09395981 -0.18966484  1.03490067
11 16 52 794633 -0.05720139 -0.01321602  1.08182144
11 16 52 846159 -0.03839493 -0.00591469  0.97713089
11 16 52 894439 -0.06633186 -0.08652496  0.8934803 
11 16 52 946984 -0.06694603 -0.14234161  1.00351906
11 16 52 996018 -0.10036469 -0.0961113   1.0749073 
11 16 53 48517 -0.06056023  0.03307533  1.06013298
11 16 53 97148 -0.02189827  0.07162857  0.95259285
11 16 53 144687 -0.04349327 -0.10838318  0.92628288
11 16 53 194781 -0.07845116 -0.23090553  1.00640106
11 16 53 243934 -0.07043266 -0.09372139  1.07138062
11 16 53 292585 -0.04411507  0.00650024  1.02913284
11 16 53 344965 -0.0654068  -0.04312134  0.90224457
11 16 53 393781 -0.06590462 -0.10831833  0.95648766
11 16 53 444699 -0.09409523 -0.14518929  1.04908943
11 16 53 494218 -0.08955956 -0.03110504  1.09323883
11 16 53 543306 -0.03304863  0.10329628  1.00084496
11 16 53 599013 -0.03617096 -0.01508904  0.90325737
11 16 53 644252 -0.07253647 -0.21458244  0.95710182
11 16 53 696056 -0.092062   -0.18398476  1.06563568
11 16 53 745271 -0.04606819 -0.01367569  1.06640625
11 16 53 792326 -0.04976845 -0.01708603  0.93362045
11 16 53 843363 -0.07500648 -0.0855217   0.89105988
11 16 53 892862 -0.0798645  -0.1410923   1.03281593
11 16 53 944925 -0.09148598 -0.10188484  1.08628273
11 16 53 993869 -0.0432663   0.051754    1.06120682
11 16 54 55841 -0.03082657  0.02961731  0.90768814
11 16 54 91233 -0.06576538 -0.12251854  0.91857529
11 16 54 142269 -0.07064819 -0.17385101  1.04033661
11 16 54 194269 -0.06295204 -0.07223701  1.07915878
11 16 54 244154 -0.039505   -0.0128746   1.01330757
11 16 54 295980 -0.06089973 -0.0340519   0.87429428
11 16 54 346200 -0.06930923 -0.09275818  0.96244049
11 16 54 391739 -0.09070206 -0.1627903   1.05357552
11 16 54 444294 -0.07745552 -0.07061195  1.06793594
11 16 54 494486 -0.02876854  0.11193657  1.00489426
11 16 54 544901 -0.02952003  0.03718758  0.91380692
11 16 54 596182 -0.09184456 -0.24991226  1.0334301 
11 16 54 646469 -0.05017281 -0.02384186  1.06668663
11 16 54 694598 -0.05958939  0.02298355  0.99266052
11 16 54 743759 -0.06015396 -0.07962036  0.84272766
11 16 54 796006 -0.06247139 -0.14380455  1.01075554
11 16 54 846009 -0.08969307 -0.12050056  6.87236595
11 16 54 896090 -0.01964188  0.11359596  0.99424934
11 16 54 946038 -0.04435921 -0.12328911  0.89608383
11 16 54 993101 -0.09287262 -0.26825523  0.92757416
11 16 55 53537 -0.09188652 -0.0880127   1.0980854 
11 16 55 89630 -0.02893639  0.05546761  1.08691597
11 16 55 142482 -0.04450798 -0.07670784  0.87665367
11 16 55 193960 -0.08375549 -0.1548748   0.87223434
11 16 55 246186 -0.10038567 -0.10822678  1.02874756
11 16 55 294886 -0.07491684  0.03579903  1.13049507
11 16 55 343447 -0.01202202  0.01346397  1.01203918
11 16 55 395667 -0.04343414 -0.09785843  0.87334824
11 16 55 443608 -0.09178162 -0.11867142  0.9613018 
11 16 55 495951 -0.07906723 -0.04824829  1.06642723
11 16 55 544878 -0.04502869 -0.02966499  1.04709053
11 16 55 591571 -0.03291321 -0.05629349  0.94817543
11 16 55 643315 -0.08197021 -0.08057404  0.91893196
11 16 55 692450 -0.11125565 -0.11595535  0.9738369 
11 16 55 744087 -0.08171463 -0.00780106  1.08050156
11 16 55 794153 -0.02291489  0.0795002   1.05176735
11 16 55 844916 -0.03822136 -0.06613541  0.92965126
11 16 55 894563 -0.09557533 -0.18474007  0.91363335
11 16 55 943165 -0.06487274 -0.10556793  1.04041481
11 16 55 994978 -0.05001259  0.00963593  1.08903313
11 16 56 47281 -0.04814339 -0.04113007  0.97974968
11 16 56 96298 -0.07507706 -0.10154533  0.88306999
11 16 56 144147 -0.09684753 -0.10728836  0.96546936
