11 49 45 973537 -0.04738188 -0.07755518  0.98801947
11 49 45 975953 -0.03049898 -0.03314137  1.02106905
11 49 46 54181 -0.03254199 -0.10830855  1.01417017
11 49 46 90310 -0.05433965 -0.16215658  0.97942591
11 49 46 144820 -0.06288433 -0.10271168  0.98101139
11 49 46 194313 -0.03891206 -0.01892114  1.0071609 
11 49 46 245380 -0.02427149 -0.06755805  1.02030993
11 49 46 294880 -0.03792596 -0.1476965   1.0049994 
11 49 46 343288 -0.05374646 -0.1214509   0.99386549
11 49 46 395626 -0.04651999 -0.06032681  1.00564265
11 49 46 444344 -0.03353477 -0.06312227  1.01738262
11 49 46 496529 -0.03961539 -0.11174226  1.00181842
11 49 46 547543 -0.05488133 -0.1393311   0.98133206
11 49 46 591783 -0.06327605 -0.10463214  0.99608302
11 49 46 644183 -3.51588726e-02 -2.18629837e-04  1.02536345e+00
11 49 46 693588 -0.01741028 -0.02152681  1.01455069
11 49 46 744354 -0.04038787 -0.18079543  0.99299645
11 49 46 793583 -0.05869579 -0.19779158  0.9849174 
11 49 46 845025 -0.04756999 -0.07089472  1.00290275
11 49 46 895239 -0.03400803 -0.0333848   1.01696754
11 49 46 943414 -0.03966427 -0.119596    1.00292993
11 49 46 998215 -0.05873013 -0.16888285  0.97024703
11 49 47 47588 -0.06197572 -0.08694673  0.98900819
11 49 47 97980 -0.03256249 -0.00498819  1.01752186
11 49 47 145074 -0.01898146 -0.06953883  1.01755619
11 49 47 192389 -0.03746343 -0.15723133  0.99625587
11 49 47 243378 -0.05080152 -0.12650776  0.99034047
11 49 47 292894 -0.04444861 -0.0618701   1.01546454
11 49 47 344701 -0.03523445 -0.07273173  1.01793337
11 49 47 393459 -0.03807807 -0.11700344  0.98687911
11 49 47 444977 -0.0571394  -0.13365817  0.97105598
11 49 47 494558 -0.06124473 -0.09055138  1.0018332 
11 49 47 543248 -0.03874183 -0.0053854   1.02962542
11 49 47 595729 -0.01595521 -0.05084515  1.00915837
11 49 47 653292 -0.04155302 -0.17890143  0.98065853
11 49 47 697427 -0.06335711 -0.17088127  0.98542905
11 49 47 745505 -0.05533004 -0.06966639  1.01106834
11 49 47 791928 -0.03539777 -0.05309415  1.01265502
11 49 47 843543 -0.03981352 -0.12362576  0.98521423
11 49 47 892906 -0.06199479 -0.15789843  0.96301913
11 49 47 944470 -0.06128049 -0.08502722  0.99317837
11 49 47 993979 -0.03201318 -0.01916575  1.02088833
11 49 48 53612 -0.01674032 -0.08042049  1.01197433
11 49 48 95001 -0.03567314 -0.1579845   0.98640537
11 49 48 142421 -0.05580616 -0.13514781  0.98389864
11 49 48 195175 -0.04686093 -0.07521987  1.01177764
11 49 48 244867 -0.03280735 -0.07795691  1.01332736
11 49 48 296215 -0.0388186  -0.11864161  0.98387957
11 49 48 345197 -0.05784512 -0.13886881  0.96538973
11 49 48 392361 -0.0654552  -0.08818269  0.9962132 
11 49 48 443750 -0.03151035  0.00970459  1.03106093
11 49 48 493007 -0.01483941 -0.04992247  1.01065469
11 49 48 544428 -0.04472685 -0.19963408  0.98190832
11 49 48 593979 -0.06459928 -0.17628884  0.97646022
11 49 48 645056 -0.05152965 -0.06390667  1.00440741
11 49 48 694414 -0.03197527 -0.04702497  1.0157702 
11 49 48 743569 -0.0364852  -0.1317811   0.99062562
11 49 48 795071 -0.05909538 -0.16038275  0.96937847
11 49 48 844383 -0.05926156 -0.0672698   0.99508071
11 49 48 896164 -0.0300014  -0.02232695  1.01890492
11 49 48 945672 -0.02020526 -0.09620023  1.01362491
11 49 48 992832 -0.03899837 -0.15465212  0.99213839
11 49 49 53782 -0.05361223 -0.11990881  0.98350191
11 49 49 89540 -0.04356933 -0.06933355  1.0100646 
11 49 49 142516 -0.03177667 -0.07925105  1.00978708
11 49 49 195488 -0.03647423 -0.11873055  0.98121142
11 49 49 244968 -0.0603807  -0.13858438  0.97347593
11 49 49 294641 -0.05700254 -0.06871367  1.00403214
11 49 49 343709 -0.02784729  0.01656628  1.02813435
11 49 49 395219 -0.01751161 -0.07578468  1.00309253
11 49 49 444284 -0.04755616 -0.21572351  0.97798729
11 49 49 495832 -0.06089497 -0.16331577  0.98608828
11 49 49 544839 -0.0433383  -0.04862881  1.01023316
11 49 49 599482 -0.03125954 -0.0566628   1.01590991
11 49 49 655169 -0.03876758 -0.14544725  0.98344588
11 49 49 711142 -0.06222963 -0.15468669  0.96710515
11 49 49 759545 -0.05269432 -0.04625845  0.99999571
11 49 49 813702 -0.02472854 -0.02001023  1.02283549
11 49 49 855065 -0.02284908 -0.11526561  1.00999832
11 49 49 913321 -0.0393939  -0.1671896   0.98302341
11 49 49 959519 -0.04830527 -0.10818386  0.99157977
11 49 50 13480 -0.03356433 -0.06246114  1.02123499
11 49 50 66637 -0.0323391  -0.09072948  1.01703835
11 49 50 121180 -0.04449034 -0.13324952  0.97308922
11 49 50 161239 -0.06255841 -0.12393308  0.96972919
11 49 50 214538 -0.05531025 -0.0387876   1.01555872
11 49 50 260678 -0.02682042 -0.00218964  1.03053069
11 49 50 313298 -0.02891064 -0.12213778  0.99424672
11 49 50 357658 -0.05814099 -0.20319867  0.97656131
11 49 50 413508 -0.05886102 -0.11662412  0.9927032 
11 49 50 459325 -0.04303336 -0.04215789  1.02328348
11 49 50 527328 -0.03609014 -0.08996248  1.01570559
11 49 50 573536 -0.05332279 -0.15579057  0.97311783
11 49 50 613180 -0.06712389 -0.11669612  0.97264338
11 49 50 665885 -0.04890561 -0.01653266  1.01290798
11 49 50 713425 -0.02269363 -0.0313971   1.02388978
11 49 50 759889 -0.02631664 -0.14492416  0.99931026
11 49 50 812685 -0.05214787 -0.16733074  0.98185825
11 49 50 856358 -0.05058861 -0.08300161  1.0012629 
11 49 50 913662 -0.03542471 -0.0614357   1.02636266
11 49 50 955645 -0.03736591 -0.11071205  1.00584841
11 49 51 8671 -0.05457449 -0.14459133  0.97091699
11 49 51 78147 -0.0677762  -0.08950496  0.9831636 
11 49 51 117147 -4.42347527e-02  2.36272812e-04  1.02010846e+00
11 49 51 160419 -0.02170134 -0.03699875  1.01475668
11 49 51 212122 -0.03718472 -0.16929579  0.98638177
11 49 51 261739 -0.06077433 -0.17262626  0.97954464
11 49 51 315532 -0.0532527  -0.07156157  1.0025301 
11 49 51 365495 -0.03506494 -0.05015779  1.01680779
11 49 51 418683 -0.04098272 -0.11694694  0.99539948
11 49 51 467612 -0.05803823 -0.15101242  0.96758866
11 49 51 510868 -0.05813527 -0.0742209   0.9893384 
11 49 51 554412 -0.03468919 -0.02174854  1.01016283
11 49 51 593384 -0.0210228  -0.08671236  1.01026154
11 49 51 645002 -0.0372355  -0.14547157  0.99785686
11 49 51 694594 -0.04980087 -0.12014055  0.9940927 
11 49 51 743425 -0.04015923 -0.07458472  1.00889015
11 49 51 794550 -0.03273559 -0.08006954  1.01197338
11 49 51 843659 -0.03586102 -0.11052775  0.98512888
11 49 51 896376 -0.05319858 -0.13393879  0.96908212
11 49 51 944864 -0.05706882 -0.08987403  0.99062896
11 49 51 991612 -0.02948809  0.01257038  1.01817226
11 49 52 53567 -0.01497173 -0.04052281  1.00305414
11 49 52 89670 -0.04017138 -0.19813585  0.98257327
11 49 52 143065 -0.05496049 -0.19132614  0.98525429
11 49 52 192843 -0.04773903 -0.06583762  1.00470042
11 49 52 246347 -0.03268242 -0.0447998   1.01484752
11 49 52 294462 -0.03875089 -0.12627292  0.98565149
11 49 52 342770  0.01540208  1.35874987 -1.94935608
11 49 52 394834 -0.05830956 -0.07318115  1.78509974
11 49 52 444125 -0.03422594 -0.00979996  1.00606346
11 49 52 497248  0.0155344   0.57778215 -0.37106299
11 49 52 544677 -0.03505373 -0.14825439  0.99217272
11 49 52 592836 -0.04840827 -0.11983657  0.98881316
11 49 52 643633 -1.68752122  1.48438454  1.87498093
11 49 52 693726 -0.0222888  -0.08089733  1.00387073
11 49 52 744512 -0.04883766 -0.20210576  0.99054003
11 49 52 794735 -0.06305051 -0.17099428  0.99304247
11 49 52 846312 -0.04775739 -0.07235169  1.00911498
11 49 52 894380 -0.03407288 -0.06753016  1.00783014
11 49 52 943412 -0.04249811 -0.14375949  0.98710108
11 49 52 995518 -0.06561804 -0.17202091  0.97467947
11 49 53 47610 -0.06303215 -0.08279371  0.99956942
11 49 53 98963 -0.03136539 -0.01070714  1.02357388
11 49 53 146660 -0.02320981 -0.08291888  1.0168972 
11 49 53 191261 -0.04368472 -0.17700148  0.99914193
11 49 53 242767 -0.05800438 -0.15870047  0.99212599
11 49 53 293173 -0.0461545  -0.0854187   1.00972652
11 49 53 350624 -0.03505063 -0.08232307  1.0132513 
11 49 53 394154 -0.04018569 -0.13252234  0.98825979
11 49 53 445434 -0.06497002 -0.15757585  0.97639799
11 49 53 494588 -0.0679276 -0.0982995  1.0006969
11 49 53 543995 -0.03852916  0.00256324  1.02787519
11 49 53 595025 -0.02202964 -0.05155492  1.01248026
11 49 53 644543 -0.04521227 -0.19962478  0.98828983
11 49 53 695251 -0.06210518 -0.18802452  0.98901129
11 49 53 744934 -0.0456295  -0.07849455  1.00896859
11 49 53 791145 -0.03031683 -0.06368399  1.01913571
11 49 53 842749 -0.04045463 -0.14025331  0.99611473
11 49 53 895034 -0.0618062  -0.17129469  0.975528  
11 49 53 944590 -0.06078148 -0.08728027  0.99723339
11 49 53 993084 -0.03495836 -0.03403449  1.02279592
11 49 54 53827 -0.02814627 -0.10641813  1.01844025
11 49 54 90832 -0.04080582 -0.15305734  0.99678874
11 49 54 143789 -0.05010104 -0.12017965  0.99504614
11 49 54 194661 -0.04828334 -0.08535743  1.01623774
11 49 54 244429 -0.04121637 -0.09787846  1.02000427
11 49 54 296873 -0.04094529 -0.11936283  0.98446226
11 49 54 347056 -0.05486727 -0.13664913  0.97492337
11 49 54 393592 -0.06319022 -0.11936545  0.99839067
11 49 54 443901 -0.04152727 -0.02967954  1.03209901
11 49 54 492549 -0.02366877 -0.03236175  1.02060509
11 49 54 544009 -0.03837085 -0.14874458  0.99668145
11 49 54 593963 -0.05657911 -0.19398499  0.98331404
11 49 54 646240 -0.05646539 -0.11004233  1.00679636
11 49 54 693888 -0.03983951 -0.05843282  1.02411509
11 49 54 742429 -0.03648829 -0.10502124  1.00196743
11 49 54 794952 -0.049577   -0.15802193  0.9720664 
11 49 54 844346 -0.06846833 -0.1374402   0.97507596
11 49 54 897291 -0.05486345 -0.0537343   1.01724792
11 49 54 945306 -0.02645683 -0.03084111  1.02660322
11 49 54 993755 -0.02650547 -0.11857557  0.99923086
11 49 55 53337 -0.0480957  -0.18089199  0.98264098
11 49 55 90862 -0.05299091 -0.13295698  0.99686265
11 49 55 147558 -0.04337502 -0.07636285  1.01631713
11 49 55 194044 -0.03871393 -0.10057878  1.0101068 
11 49 55 244607 -0.04224491 -0.14439082  0.97370505
11 49 55 294164 -0.06007957 -0.14595652  0.96833539
11 49 55 342876 -0.05952573 -0.07722044  1.00542545
11 49 55 394840 -0.03050566  0.00515556  1.03178692
11 49 55 444578 -0.01911783 -0.06849146  1.00709915
11 49 55 495630 -0.04043818 -0.20581961  0.97823429
11 49 55 545270 -0.05787897 -0.17952085  0.98270869
11 49 55 591576 -0.0452733  -0.07005072  1.00710559
11 49 55 643626 -0.03195238 -0.06835175  1.01222777
11 49 55 693866 -0.03917336 -0.14902854  0.98365474
11 49 55 743916 -0.05841923 -0.17081499  0.96512914
11 49 55 793630 -0.05785275 -0.09174967  0.99390912
11 49 55 845003 -0.0287385  -0.03611064  1.01949024
11 49 55 897441 -0.02558494 -0.10311985  1.0073719 
11 49 55 942965 -0.03901076 -0.16164684  0.98518324
11 49 55 994902 -0.04738975 -0.13540959  0.98232388
11 49 56 52914 -0.04461169 -0.08805037  1.00624323
11 49 56 103527 -0.0348599  -0.08341479  1.00273156
11 49 56 145889 -0.03412032 -0.11911297  0.97191691
11 49 56 191558 -0.04968405 -0.14907122  0.9632349 
11 49 56 243167 -0.06211519 -0.12925482  0.98900366
11 49 56 293365 -0.03792596 -0.0282464   1.02363896
11 49 56 344915 -0.0130527  -0.00527906  1.00804496
11 49 56 394811 -0.02864671 -0.15518975  0.97591662
11 49 56 446035 -0.05344963 -0.22352552  0.97526455
11 49 56 495441 -0.05168176 -0.11827517  0.9924612 
11 49 56 544624 -0.03594899 -0.0494473   1.00155449
11 49 56 594932 -0.03374863 -0.11365366  0.98625851
11 49 56 644989 -0.04930997 -0.17362046  0.95553827
11 49 56 695811 -0.06425786 -0.13785052  0.97713447
11 49 56 744844 -0.04237008 -0.04540682  1.00911856
11 49 56 791770 -0.02033591 -0.06086612  1.00612354
11 49 56 844541 -0.03267932 -0.13851976  0.98611355
11 49 56 893011 -0.04581833 -0.14720893  0.97873497
11 49 56 944197 -0.04317069 -0.09888196  0.99589658
11 49 56 993773 -0.03332639 -0.08134365  1.00283837
11 49 57 54116 -0.03361702 -0.09888554  0.97910547
11 49 57 90305 -0.04558802 -0.12839913  0.9577415 
11 49 57 147259 -0.06157088 -0.14651537  0.97583151
11 49 57 194711 -0.04911613 -0.08094049  1.0093317 
11 49 57 243713 -0.02307248  0.02092028  1.01517248
11 49 57 295846 -0.02075815 -0.07099056  0.98811603
11 49 57 347171 -0.05039477 -0.22026992  0.9757483 
11 49 57 391596 -0.06058931 -0.17976809  0.98495078
11 49 57 443714 -0.0461874  -0.06565762  0.9926877 
11 49 57 493011 -0.03325558 -0.06264043  0.99537826
11 49 57 544000 -0.04050732 -0.14671183  0.97523832
11 49 57 593678 -0.06446171 -0.16401029  0.96438837
11 49 57 644873 -0.05687499 -0.08105803  0.99170542
11 49 57 695212 -0.0278914  -0.02447963  1.01659131
11 49 57 743250 -0.02160573 -0.08229804  1.00461745
11 49 57 795516 -0.04291868 -0.15415859  0.98091531
11 49 57 843760 -0.05544782 -0.1339922   0.98255324
11 49 57 895776 -0.04347563 -0.07776642  0.9985795 
11 49 57 945892 -0.03227878 -0.07974482  1.00047183
11 49 57 992045 -0.04361987 -0.12031388  0.9733417 
11 49 58 54607 -0.06173706 -0.14995289  0.96833658
11 49 58 90834 -0.06746626 -0.10352278  0.9946897 
11 49 58 142733 -0.03626132  0.00281262  1.02381158
11 49 58 194045 -0.02023673 -0.03660512  1.00832081
11 49 58 244836 -0.04508376 -0.18718529  0.98263669
11 49 58 294168 -0.07106423 -0.19382787  0.97603512
11 49 58 343082 -0.05439067 -0.07667184  0.99629688
11 49 58 396198 -0.04686284  1.40573573 -1.90237665
11 49 58 444203 -0.06471872 -0.16786909  0.96387339
11 49 58 495860 0.01535797 0.46839452 0.58198261
11 49 58 545108 -0.04016256 -0.02880859 -0.23039794
11 49 58 594669 -0.02812886 -0.08875847  1.01531291
11 49 58 645821 -0.00900459  0.04275537  0.01561189
11 49 58 693257  0.00959611 -0.17328095  1.0410614 
11 49 58 743902  0.05215383 -0.002244    1.01924753
11 49 58 793409  0.01196408 -0.05267787  0.96318054
11 49 58 844749  0.00936913 -0.18145108  1.03890252
11 49 58 894535  0.05210376 -0.00861883  1.0069418 
11 49 58 942896  0.01176119 -0.06832123  0.96123862
11 49 58 995692  0.01169062 -0.17380452  1.04359031
11 49 59 53230 5.12444973e-02 4.94480133e-04 1.00593472e+00
11 49 59 98090  0.00644112 -0.0732367   0.96346569
11 49 59 145345  0.00404787 -0.17373753  1.04075003
11 49 59 196634  0.03889799 -0.00527358  1.0020659 
11 49 59 243932 -0.00475883 -0.0966289   0.96467423
11 49 59 293513  0.00207186 -0.15975499  1.04654336
11 49 59 344184 0.04449606 0.01995826 1.00193405
11 49 59 394721  0.00113583 -0.07536721  0.9750433 
11 49 59 444861  0.00175428 -0.17092156  1.04918075
11 49 59 495375 0.03474736 0.00440693 1.00090265
11 49 59 544032  2.09808350e-05 -1.00142241e-01  9.72369909e-01
11 49 59 597156  0.01095772 -0.1472671   1.05680919
11 49 59 646430 0.03882718 0.02988195 1.00889349
11 49 59 696439  0.00717235 -0.08947372  0.97559524
11 49 59 756102  0.01056075 -0.15298653  1.05674481
11 49 59 792378 0.02919602 0.01632142 0.99214339
11 49 59 843141 -0.00558758 -0.11086106  0.97072244
11 49 59 894768  0.01548648 -0.13166618  1.05571818
11 49 59 945164 0.04296231 0.0397532  0.99712062
11 49 59 993884  0.00261497 -0.09012961  0.97183585
11 50 0 55162  0.01334286 -0.14417434  1.0558846 
11 50 0 90608 0.03223348 0.01625347 0.98320794
11 50 0 145514 -0.00792956 -0.11698294  0.96987152
11 50 0 195000  0.01646638 -0.12015986  1.04978681
11 50 0 243905 0.04192901 0.04542327 0.98186612
11 50 0 298148  0.00105762 -0.09097028  0.96228337
11 50 0 344986  0.01142263 -0.13560534  1.05101275
11 50 0 391616 0.03411555 0.01990962 0.98068476
11 50 0 443676 -0.00113487 -0.1175859   0.96596217
11 50 0 492604  0.0201633  -0.11347818  1.05287123
11 50 0 545093 0.03729367 0.04048562 0.98936415
11 50 0 594053 -2.17914581e-04 -1.07280970e-01  9.72873449e-01
11 50 0 644794  0.01728725 -0.12456322  1.0534761 
11 50 0 694066 0.02995586 0.02174449 0.9733777 
11 50 0 742966 -0.01080894 -0.13252425  0.97036076
11 50 0 795573  0.01856637 -0.10563302  1.05316496
11 50 0 844152 0.02404928 0.0217638  0.97352958
11 50 0 895914 -0.01535797 -0.14020944  0.98063278
11 50 0 945037  0.02142525 -0.10069561  1.0515058 
11 50 0 991592 0.02346659 0.01512337 0.96343708
11 50 1 53897 -0.02730727 -0.1488328   0.98316693
11 50 1 88763  0.01832962 -0.0875051   1.05792069
11 50 1 142202 0.03444934 0.04354906 0.9677093 
11 50 1 193991 -0.00915146 -0.12990427  0.98447418
11 50 1 246150  0.01726532 -0.10061884  1.05379844
11 50 1 295941 0.01687908 0.01299667 0.96405411
11 50 1 343326 -0.02064085 -0.14740801  0.98342824
11 50 1 397134  0.02292895 -0.0822227   1.05600214
11 50 1 444454 0.02287722 0.0276382  0.96400452
11 50 1 498101 -0.01613855 -0.13973331  0.9792428 
11 50 1 546785  0.02382231 -0.08793521  1.05569887
11 50 1 592656 0.02089024 0.02031422 0.9569726 
11 50 1 643401 -0.01428175 -0.15114331  0.97937298
11 50 1 693690  0.02181935 -0.08358574  1.05406594
11 50 1 744682 0.02281952 0.01935434 0.95631766
11 50 1 793621 -0.01621342 -0.15019679  0.98613477
11 50 1 847393  0.0243504  -0.08672833  1.0505228 
11 50 1 895290 0.02534723 0.02421927 0.95006204
11 50 1 943505 -0.01004171 -0.15679598  0.97764874
11 50 1 995641  0.02437449 -0.09240818  1.04469728
11 50 2 53662 0.02239752 0.01055002 0.94071603
11 50 2 99503 -0.01245236 -0.15941167  0.98361325
11 50 2 145017  0.02738094 -0.0801096   1.04595113
11 50 2 194209 0.02402163 0.00538874 0.94862604
11 50 2 243794 -0.01087761 -0.17344499  0.98385835
11 50 2 293714  0.0339427  -0.07357311  1.04102588
11 50 2 344431 0.02292228 0.01857758 0.94590974
11 50 2 393689 -0.00691891 -0.16328573  0.99691033
11 50 2 445207  0.03611064 -0.06969023  1.04305243
11 50 2 495143  0.01813483 -0.01183772  0.94718504
11 50 2 546424 -0.01691127 -0.17275548  0.99059629
11 50 2 595609  0.03134179 -0.04566312  1.03682089
11 50 2 644127 0.03232574 0.02775407 0.93648624
11 50 2 696219 -0.00570321 -0.16789079  1.00317836
11 50 2 745157  0.02941585 -0.06608391  1.04339504
11 50 2 792099  0.01587462 -0.00985241  0.94102931
11 50 2 844985 -0.01684117 -0.16428113  0.99808264
11 50 2 892794  0.03887415 -0.03587842  1.04375267
11 50 2 945148 0.02346969 0.00482798 0.94430733
11 50 2 994628 -0.01525807 -0.16624951  1.00107479
11 50 3 53800  0.03192353 -0.04411936  1.03573823
11 50 3 90211  0.01601028 -0.00516295  0.94192243
11 50 3 143048 -0.01318216 -0.17350483  1.00665402
11 50 3 194608  0.0349021  -0.0403049   1.03145218
11 50 3 244088  0.01602578 -0.00908351  0.93566418
11 50 3 298774 -0.01156902 -0.17090321  1.00795317
11 50 3 346393  0.04240298 -0.03122282  1.03114247
11 50 3 395736  0.01912665 -0.00554609  0.93783975
11 50 3 444325 -0.01226568 -0.17258859  1.01402688
11 50 3 495265  0.04161143 -0.03131938  1.03160048
11 50 3 544180 0.02835631 0.00330806 0.93782163
11 50 3 595397 -0.01108837 -0.17157507  1.01704025
11 50 3 645192  0.03346157 -0.04262567  1.03520942
11 50 3 694655  0.01699018 -0.01346564  0.93911672
11 50 3 743715 -0.00818849 -0.16602755  1.00807381
11 50 3 795531  0.03646493 -0.01680207  1.03609085
11 50 3 843848  0.01447368 -0.00424671  0.94547009
11 50 3 901876 -0.01088452 -0.16694307  1.02450943
11 50 3 965569  0.03939939 -0.01353693  1.03601384
11 50 4 13233  0.0094583  -0.00554991  0.94766879
11 50 4 76046 -0.01184535 -0.16458702  1.02205491
11 50 4 118427  0.04085779 -0.01033354  1.03768468
11 50 4 162538  0.01531959 -0.00496626  0.95000625
11 50 4 215597 -0.00865722 -0.15832567  1.0320673 
11 50 4 258432  0.0461998  -0.00699711  1.03346324
11 50 4 312664 0.01921916 0.01057673 0.95154357
11 50 4 365874 -0.01234031 -0.15798736  1.03158855
11 50 4 422763  0.0156343  -1.0937624  -0.02755189
11 50 4 455939 -0.00942636 -0.15815067  1.03044868
11 50 4 495746 1.37329102e-04 5.46832085e-01 1.22279954e+00
11 50 4 545163  0.0084672  -0.02545166  0.45685077
11 50 4 593549 -0.00879931 -0.15569687  1.03668952
11 50 4 645923 -0.00566602 -0.00023198  0.01561856
11 50 4 697185 -4.57763672e-05 -1.30290508e-01  1.03768897e+00
11 50 4 744319 0.02328849 0.03202963 0.98837376
11 50 4 795212 -0.01863647 -0.11905122  0.96012259
11 50 4 845877  0.00636697 -0.13573337  1.04367471
11 50 4 895151 0.01267481 0.00733924 0.98813701
11 50 4 943521 -0.0217135  -0.13671923  0.96120572
11 50 4 995537  0.01157522 -0.10510278  1.04584527
11 50 5 47776 0.01095247 0.02194381 0.97610021
11 50 5 98740 -0.022403   -0.14561272  0.96707439
11 50 5 146275  0.01440597 -0.11387134  1.04330993
11 50 5 194893 0.00527787 0.00778008 0.97140813
11 50 5 244316 -0.02317238 -0.15415311  0.96449614
11 50 5 294313  0.01610875 -0.09762311  1.04651928
11 50 5 352444 0.00436401 0.00488138 0.96573353
11 50 5 420711 -0.02266741 -0.16250324  0.96490145
11 50 5 456251  0.02177477 -0.08602166  1.04159832
11 50 5 515581  0.00591564 -0.00828314  0.95525718
11 50 5 562383 -0.01568365 -0.18023801  0.97181129
11 50 5 621817  0.02611089 -0.06738591  1.04891133
11 50 5 666283  0.00389838 -0.00414181  0.95847034
11 50 5 696282 -0.0123992  -0.18227816  0.98803926
11 50 5 744202  0.0290761  -0.05903387  1.04486156
11 50 5 801512 -0.00381565 -0.03175855  0.94733381
11 50 5 843447 -0.01383781 -0.18204546  0.98080587
11 50 5 894082  0.03547502 -0.02278304  1.04629707
11 50 5 945150  0.00488639 -0.00124764  0.94817185
11 50 5 995273 -0.01036596 -0.19250321  0.99377704
11 50 6 54393  0.03110766 -0.04191446  1.03700995
11 50 6 103017 -0.01155257 -0.05418491  0.94259119
11 50 6 165198 -0.00358462 -0.16989279  1.00275183
11 50 6 214587 0.03741956 0.00294995 1.04192686
11 50 6 269031 -0.00999761 -0.04791355  0.94788265
11 50 6 317960 -0.00661206 -0.19459581  1.01842427
11 50 6 362800  0.03069282 -0.00889492  1.03144145
11 50 6 406703 -0.0130806  -0.05304813  0.94772983
11 50 6 453938 -0.0047574  -0.17785025  1.02697802
11 50 6 516668 2.66294479e-02 3.35693359e-04 1.03330660e+00
11 50 6 551826 -0.01134825 -0.08169532  0.94092584
11 50 6 616914  3.65972519e-04 -1.70235157e-01  1.02757955e+00
11 50 6 661262 2.32369900e-02 3.07559967e-05 1.02147365e+00
11 50 6 711713 -0.01836181 -0.10168242  0.9483335 
11 50 6 767905  0.00898218 -0.15451336  1.03919816
11 50 6 817213 0.03061128 0.02603531 1.02045155
11 50 6 867820 -0.01249719 -0.10663676  0.95563364
11 50 6 914613  0.01257133 -0.1528461   1.03900242
11 50 6 964265 0.02321172 0.00570989 1.00323129
11 50 7 10251 -0.01499367 -0.13773632  0.95983434
11 50 7 70672  0.01767564 -0.11895704  1.04745793
11 50 7 103936 0.01387787 0.01614881 0.99451756
11 50 7 165453 -0.02373624 -0.14996409  0.96886468
11 50 7 216010  0.01001239 -0.11642003  1.04534054
11 50 7 257694 -0.0061717  -0.01708484  0.9717977 
11 50 7 307384 -0.02631378 -0.18044186  0.96826005
11 50 7 367195  0.02147031 -0.0705688   1.05371833
11 50 7 411395 0.00748205 0.01722765 0.97585225
11 50 7 462400 -0.01277304 -0.18392205  0.98855948
11 50 7 518488  0.02284575 -0.0829463   1.05233407
11 50 7 563874 -0.00622058 -0.03325391  0.95978451
11 50 7 614633 -0.01309848 -0.18714738  0.99392605
11 50 7 654431  0.02822208 -0.04220414  1.06137037
11 50 7 715764 -0.01194334 -0.03547263  0.95994878
11 50 7 756657 -0.01240635 -0.19771194  1.0028367 
11 50 7 815964  0.03267121 -0.03827596  1.04546714
11 50 7 844787 -0.01301455 -0.0579052   0.95392585
11 50 7 895946 -0.00945807 -0.18910098  1.01822948
11 50 7 942927  0.03685403 -0.00860333  1.04892349
11 50 7 995585 -0.0079689  -0.05329919  0.95739079
11 50 8 52859 -0.00568414 -0.19101286  1.03593159
11 50 8 98835  0.02538562 -0.02197242  1.0377717 
11 50 8 144396 -0.02465105 -0.10437107  0.95285082
11 50 8 192481 -0.00225425 -0.16950202  1.03729963
11 50 8 243615 0.02497792 0.00930381 1.03038478
11 50 8 292893 -0.01991153 -0.09921312  0.96076894
11 50 8 344624  0.00208163 -0.16874146  1.04433417
11 50 8 393214  0.01683474 -0.01024842  1.00767851
11 50 8 447433 -0.03286219 -0.13897657  0.96258879
11 50 8 494788  0.00200987 -0.14050651  1.04863644
11 50 8 543707 0.01603961 0.01688075 1.00380993
11 50 8 601364 -0.02667999 -0.13883138  0.96689725
11 50 8 664868  0.00338984 -0.14136076  1.04822874
11 50 8 714186  0.00505257 -0.00936174  0.9782536 
11 50 8 763091 -0.03288078 -0.16762114  0.95948434
11 50 8 809783  0.00808835 -0.11384463  1.04520035
11 50 8 860693 0.00590229 0.00120997 0.97995734
11 50 8 900873 -0.0240078  -0.17793727  0.97003198
11 50 8 944849  0.01067781 -0.11992979  1.04641676
11 50 8 993878 -0.00115633 -0.02427983  0.96421719
11 50 9 54095 -0.02093911 -0.19051051  0.96310234
11 50 9 90809  0.02241778 -0.09380031  1.04759169
11 50 9 142267 -0.00321746 -0.01446319  0.96224904
11 50 9 193184 -0.01972151 -0.18808675  0.97463059
11 50 9 244497  0.02804947 -0.08348441  1.04349709
11 50 9 296386 -0.00882363 -0.03139782  0.9490099 
11 50 9 345090 -0.01408362 -0.19456291  0.97339463
11 50 9 391807  0.02441621 -0.05366421  1.04644942
11 50 9 444019 -0.00912547 -0.02243066  0.95608854
11 50 9 493585 -0.00869846 -0.1875546   0.98973012
11 50 9 544643  0.02708626 -0.04188156  1.04412293
11 50 9 622192 -0.01399422 -0.05744076  0.95327139
11 50 9 661772 -0.01116753 -0.18603134  1.00756645
11 50 9 695272  0.03273439 -0.011971    1.04820991
11 50 9 742787 -0.01215124 -0.04784513  0.95022535
11 50 9 814559 -0.00487614 -0.18347287  1.01727724
11 50 9 867175  0.02969456 -0.01485848  1.03200197
11 50 9 896871 -0.01893234 -0.08008695  0.95524597
11 50 9 946556 -0.00250196 -0.16983986  1.02677131
11 50 9 991858 0.02419472 0.01054525 1.02767825
11 50 10 54681 -0.0205667  -0.08524585  0.95428419
11 50 10 89499 -0.00147486 -0.17024755  1.03860879
11 50 10 142634 0.02545023 0.00113344 1.01257896
11 50 10 193530 -0.02187371 -0.10484934  0.95228982
11 50 10 244906  8.15868378e-04 -1.58177614e-01  1.03646994e+00
11 50 10 294520 0.02517128 0.02377319 1.0061543 
11 50 10 344177 -0.01588154 -0.10148907  0.95294213
11 50 10 397010  5.34057617e-05 -1.89062548e+00  1.41014814e+00
11 50 10 444262 -0.02228522 -0.13449883  0.94874573
11 50 10 499934  2.86102295e-05 -6.56782866e-01  9.78045464e-02
11 50 10 545448  0.01312065  0.01965332 -0.68362594
11 50 10 592844 -0.01797414 -0.13288546  0.95744872
11 50 10 644587 -7.30252266e-03  1.41952038e-02  2.07424164e-05
11 50 10 693615 0.02482486 0.01981354 1.00187826
11 50 10 744212 -0.02086878 -0.11910105  0.95897555
11 50 10 793697  0.00456762 -0.13058925  1.03719759
11 50 10 857318 0.02435136 0.0268507  0.99054074
11 50 10 927194 -0.01470685 -0.13539863  0.96101832
11 50 10 963229  0.01445007 -0.11670136  1.04129982
11 50 10 998335 0.00792503 0.00985718 0.97901845
11 50 11 47680 -0.01821446 -0.16460061  0.96135497
11 50 11 99686  0.01537085 -0.07753158  1.03634357
11 50 11 144417 0.00198674 0.01120377 0.96126413
11 50 11 191531 -0.01791358 -0.17412996  0.97645879
11 50 11 243389  0.01870108 -0.05969691  1.04711723
11 50 11 294002 -0.00886154 -0.02053666  0.95369458
11 50 11 344984 -0.0213635  -0.18195462  0.9859221 
11 50 11 393505  0.02067637 -0.0246408   1.04767704
11 50 11 444718 -0.01250958 -0.01931906  0.95887065
11 50 11 494112 -0.02152562 -0.18358779  1.00485134
11 50 11 543545  0.02417183 -0.01234341  1.04554057
11 50 11 599686 -0.01724982 -0.03840208  0.95244551
11 50 11 643618 -0.01507735 -0.17437315  1.01481819
11 50 11 695826 0.02250767 0.00679016 1.03482223
11 50 11 745360 -0.01979399 -0.05028105  0.95713353
11 50 11 791420 -0.00800562 -0.16029429  1.02529621
11 50 11 844127 0.02275348 0.0144341  1.02907348
11 50 11 893571 -0.02632236 -0.08604765  0.9636066 
11 50 11 959636 -0.01009774 -0.15054679  1.03434873
11 50 12 9710 0.02158999 0.04201746 1.01534128
11 50 12 73513 -0.02160764 -0.0730629   0.96249604
11 50 12 109701 -0.00371957 -0.15166593  1.04398727
11 50 12 162135 0.01479578 0.02438021 1.00961924
11 50 12 215470 -0.02314258 -0.10091567  0.95978951
11 50 12 273188  0.00169778 -0.13437581  1.04140544
11 50 12 321790 0.01103878 0.02678013 0.99333668
11 50 12 366276 -0.02647471 -0.11915565  0.957901  
11 50 12 411075  0.00218868 -0.11437106  1.04742551
11 50 12 462876 0.00437522 0.02252388 0.98437142
11 50 12 514698 -0.03293037 -0.13836503  0.95867229
11 50 12 544045  0.006917   -0.08594537  1.0394845 
11 50 12 593556 0.00591326 0.0452292  0.97398758
11 50 12 645243 -0.0239017  -0.14469814  0.96608758
11 50 12 694450  0.01482439 -0.09907436  1.04446316
11 50 12 743134 -0.00377536  0.01134753  0.96876574
11 50 12 795191 -0.01970577 -0.15935659  0.95898175
11 50 12 844108  0.01101279 -0.08734345  1.05445385
11 50 12 896916 -6.17527962e-03 -2.38418579e-05  9.66261625e-01
11 50 12 944573 -0.02098083 -0.1724472   0.96670127
11 50 12 994099  0.01899648 -0.06697989  1.04900765
11 50 13 53390 -0.01431489 -0.01904511  0.9552443 
11 50 13 95366 -0.02105999 -0.18267226  0.96286893
11 50 13 144005  0.02072358 -0.03891516  1.05004549
11 50 13 193749 -0.01914787 -0.02261043  0.9496026 
11 50 13 244980 -0.02384758 -0.17789626  0.98484635
11 50 13 301510  0.02287364 -0.01372361  1.04639173
11 50 13 361406 -0.00992918 -0.00725222  0.94936991
11 50 13 413126 -0.01461291 -0.17873335  0.99784207
11 50 13 463083  0.02201056 -0.0294354   1.04110694
11 50 13 521304 -0.01304674 -0.04553318  0.94415879
11 50 13 561352 -0.00889611 -0.18426299  1.00713754
11 50 13 613892  0.02504659 -0.02093911  1.03646016
11 50 13 662934 -0.02801704 -0.06497812  0.9496882 
11 50 13 710995 -0.01292109 -0.17023516  1.01623344
11 50 13 744428 0.02395344 0.01742625 1.03624916
11 50 13 795111 -0.01498675 -0.05167723  0.94902253
11 50 13 845116 -0.00838709 -0.18254161  1.03301501
11 50 13 894662  0.01632929 -0.01203489  1.01860762
11 50 13 942987 -0.03343558 -0.0964036   0.95183301
11 50 13 995664 -0.00915956 -0.1592648   1.03364491
11 50 14 51880 0.01441216 0.01348639 1.01715517
11 50 14 98422 -0.01982784 -0.09493327  0.95207453
11 50 14 145709 -0.00282407 -0.16787386  1.04220486
11 50 14 192644  1.11010075e-02 -6.19888306e-05  1.00599766e+00
11 50 14 243560 -0.02931952 -0.10940504  0.9579668 
11 50 14 292875 -0.00489569 -0.14711571  1.05074525
11 50 14 345113 0.01184797 0.0103786  1.003757  
11 50 14 394322 -0.02548218 -0.12617326  0.94942856
11 50 14 445764 -9.28878784e-04 -1.47671223e-01  1.04137540e+00
11 50 14 495060 -2.51531601e-04  8.24022293e-03  9.91895437e-01
11 50 14 543290 -0.0365572  -0.1327374   0.96026826
11 50 14 595377 -0.0046699  -0.12244105  1.04705429
11 50 14 645700 8.38041306e-04 2.06079483e-02 9.83456612e-01
11 50 14 696174 -0.03005028 -0.14232922  0.96194959
11 50 14 746052 -6.35385513e-04 -1.19758606e-01  1.05066919e+00
11 50 14 793302 -0.0039649   0.01535392  0.97438693
11 50 14 848139 -0.0287416  -0.15406299  0.96530104
11 50 14 894515  0.0081625  -0.10302138  1.05996394
11 50 14 957832 -0.00421977  0.00628543  0.97350955
11 50 15 15332 -0.03114676 -0.16650105  0.96852112
11 50 15 54424  0.00804257 -0.09143972  1.05395865
11 50 15 91162 -0.00780702 -0.00529456  0.96605849
11 50 15 143613 -0.03158522 -0.18015337  0.98185849
11 50 15 195500  0.01234961 -0.07095075  1.0646441 
11 50 15 247595 -0.01536322 -0.00653768  0.96543574
11 50 15 296180 -0.03151941 -0.1849823   0.98704743
11 50 15 345580  0.00971079 -0.06916571  1.05887699
11 50 15 392093 -0.01570463 -0.02703023  0.95739603
11 50 15 443792 -0.02685285 -0.18710947  0.99617243
11 50 15 493345  0.01987529 -0.0335989   1.06661677
11 50 15 544970 -0.01272273 -0.02590799  0.95664144
11 50 15 593914 -0.02241135 -0.1939466   1.01113605
11 50 15 645902  0.02207398 -0.03599191  1.05542111
11 50 15 694737 -0.01834345 -0.04840875  0.95629406
11 50 15 746291 -0.01323271 -0.18855262  1.01963735
11 50 15 796021  0.0203352  -0.01366019  1.05354738
11 50 15 844612 -0.02128005 -0.0645833   0.95886135
11 50 15 897621 -0.01414704 -0.18823218  1.03290415
11 50 15 945336  0.01687217 -0.01110196  1.03354144
11 50 15 993846 -0.03976655 -0.09970212  0.95739079
11 50 16 54353 -0.01623726 -0.17309237  1.04350686
11 50 16 90788 0.02470613 0.01561999 1.03551817
11 50 16 143264 -0.02385664 -0.08903527  0.96576858
11 50 16 194107 -0.00983047 -0.1794703   1.04889059
11 50 16 246526  0.01203442 -0.00714469  1.01149988
11 50 16 295902 -0.03682923 -0.13328052  0.96009827
11 50 16 344968 -0.00785303 -0.15051198  1.04882169
11 50 16 398642 -0.04683328  1.31199861  1.34749579
11 50 16 447439 -0.00717616 -0.15457225  1.04439259
11 50 16 496294  9.53674316e-06 -1.17187452e+00 -1.35550046e+00
11 50 16 544161 -0.03758049 -0.15374756  1.15999913
11 50 16 594512 -0.0035553  -0.13268733  1.04845929
11 50 16 643448 -9.40251350e-03  1.03960037e-02  9.53674316e-06
11 50 16 693092  0.01336479 -0.10529184  1.02862763
11 50 16 746025 -0.01026249 -0.02057338  0.95946383
11 50 16 793745 -0.02431202 -0.19112158  0.94698644
11 50 16 845150  0.01644945 -0.07258391  1.0278585 
11 50 16 894603 -0.0075314  -0.02033019  0.9564209 
11 50 16 943654 -0.02331781 -0.20261073  0.97774315
11 50 16 995180  0.02358484 -0.05433965  1.03157115
11 50 17 54299 -0.00951695 -0.04436564  0.9461813 
11 50 17 108811 -0.01611924 -0.19642353  0.98453856
11 50 17 165119  0.02671623 -0.02346969  1.03404808
11 50 17 210033 -0.01092625 -0.05920887  0.95296407
11 50 17 248510 -0.00945163 -0.19134307  1.00900269
11 50 17 294110  0.02543163 -0.01018023  1.02224088
11 50 17 345259 -0.01878715 -0.08723855  0.95190859
11 50 17 393741 -0.0156889  -0.18304873  1.02295113
11 50 17 445188 0.027668   0.00951004 1.01778674
11 50 17 494886 -0.02123737 -0.09379053  0.96040845
11 50 17 543627 -0.0061326  -0.16122293  1.0323391 
11 50 17 595363  0.01100278 -0.00357223  1.00513601
11 50 17 644114 -0.03534555 -0.14509034  0.96080017
11 50 17 697407 -0.00272202 -0.12027645  1.03820825
11 50 17 745554 0.017869   0.03852105 0.99947786
11 50 17 792212 -0.02644086 -0.13693881  0.9687922 
11 50 17 843486  0.00761843 -0.11737943  1.03737092
11 50 17 907486 0.00423217 0.02120996 0.97801232
11 50 17 959510 -0.0248816  -0.15378428  0.96132588
11 50 18 17728  0.01559067 -0.09718513  1.04154325
11 50 18 74669 -0.00199389 -0.00189281  0.97509217
11 50 18 112146 -0.0344069  -0.18043113  0.96705389
11 50 18 166610  0.01514339 -0.05579638  1.04595375
11 50 18 213110 -1.95503235e-04  2.17947960e-02  9.66500998e-01
11 50 18 263261 -0.0246079  -0.18129468  0.96541882
11 50 18 316422  0.01207614 -0.06688762  1.04598904
11 50 18 364273 -0.01057982 -0.00876546  0.95395446
11 50 18 406950 -0.02752399 -0.17880368  0.97938681
11 50 18 443991  0.01505494 -0.03938985  1.04697514
11 50 18 493144 -0.01813126 -0.03808379  0.95219994
11 50 18 544903 -0.02168059 -0.18449736  0.99388218
11 50 18 593234  0.02211666 -0.0047667   1.04329586
11 50 18 645003 -0.01969337 -0.0350821   0.95290947
11 50 18 695549 -0.01927638 -0.17421031  1.02058482
11 50 18 742424  0.01727653 -0.00185394  1.03746915
11 50 18 795078 -0.02443004 -0.0783391   0.95992374
11 50 18 843788 -0.01211596 -0.15655708  1.03209376
11 50 18 895534 0.02349544 0.03618836 1.0297637 
11 50 18 952908 -0.01745224 -0.07522559  0.96230674
11 50 19 10022 -0.00488257 -0.15376544  1.04954863
11 50 19 70808 0.01276016 0.0189805  1.01090527
11 50 19 111240 -0.03209424 -0.11910605  0.9630096 
11 50 19 161685 -0.00449824 -0.12747335  1.03714395
11 50 19 211256 0.00695491 0.01934743 0.99835968
11 50 19 261193 -0.03354764 -0.15012956  0.96203184
11 50 19 314777 -0.0013144  -0.11586022  1.03527594
11 50 19 365030 3.03268433e-04 1.66127682e-02 9.84353304e-01
11 50 19 414057 -0.03919625 -0.172683    0.96679807
11 50 19 464558  0.00479007 -0.105968    1.04160285
11 50 19 524163 -0.00415468  0.00144148  0.97414207
11 50 19 544346 -0.02797341 -0.1893847   0.96748757
11 50 19 591965  0.01158738 -0.0881815   1.04554939
11 50 19 643166 -0.00779581 -0.02089977  0.96414638
11 50 19 693218 -0.02554464 -0.19693017  0.97888064
11 50 19 744718  0.0120914  -0.0488174   1.05695987
11 50 19 795173 -0.01341248 -0.03048158  0.96766949
11 50 19 844863 -0.01748371 -0.18701577  1.00247145
11 50 19 894585  0.01917815 -0.02665925  1.05074167
11 50 19 942675 -0.01698303 -0.06820393  0.96024513
11 50 19 995297 -0.00874186 -0.1780405   1.01446652
11 50 20 53044 0.02998257 0.01548314 1.03303576
11 50 20 99182 -0.014889   -0.06511855  0.95912409
11 50 20 144841 -0.00770164 -0.17117119  1.03811407
11 50 20 193332 0.01893234 0.0117352  1.02241635
11 50 20 243127 -0.02425361 -0.11175585  0.96425962
11 50 20 292553 -0.00258923 -0.13212085  1.0454669 
11 50 20 344383 0.01729703 0.03158522 1.00431514
11 50 20 393174 -0.02176714 -0.13528681  0.96770024
11 50 20 445360  0.0010879  -0.12016273  1.04389024
11 50 20 494372 0.00263643 0.00932813 0.98128819
11 50 20 542906 -0.02566552 -0.16180205  0.96953321
11 50 20 594868  0.00986743 -0.08207083  1.04748583
11 50 20 663052 0.0040102  0.01391602 0.96982288
11 50 20 714186 -0.02281332 -0.18243837  0.98175406
11 50 20 744847  0.01809573 -0.06721783  1.04806161
11 50 20 791688 -0.00932002 -0.02987385  0.95915651
11 50 20 843989 -0.02282143 -0.1894362   0.99855518
11 50 20 892394  0.02280807 -0.01631165  1.05366945
11 50 20 945004 -0.01328182 -0.03657198  0.95881796
11 50 20 994028 -0.01819706 -0.19076705  1.01515412
11 50 21 54859  0.02490401 -0.00375605  1.04239297
11 50 21 90244 -0.01199818 -0.05508041  0.96010709
11 50 21 142455 -0.0088954  -0.18267941  1.03078008
11 50 21 193329 0.02500749 0.00311947 1.03806305
11 50 21 244563 -0.01625156 -0.08747435  0.96078086
11 50 21 295864 -0.00232649 -0.15301156  1.0456388 
11 50 21 349325 0.0166049  0.01230597 1.01913595
11 50 21 392204 -0.02979302 -0.1283021   0.96854353
11 50 21 444219  2.54392624e-04 -1.28057718e-01  1.04809308e+00
11 50 21 492589 0.0236938  0.03187466 0.99375629
11 50 21 544356 -0.02293706 -0.14282537  0.97175336
11 50 21 607280  0.00422263 -0.12586665  1.04080582
11 50 21 659869  0.00387049 -0.0055387   0.97258878
11 50 21 694913 -0.03049231 -0.18126464  0.97247219
11 50 21 743275  0.01340532 -0.08478522  1.03995228
11 50 21 795144  0.00146437 -0.00371671  0.96317601
11 50 21 847214 -0.02656555 -0.19202089  0.97647548
11 50 21 897137  0.01850057 -0.07627511  1.04056215
11 50 21 945430 -0.00905728 -0.02961016  0.95341539
11 50 22 14027 -0.02691293 -0.18961453  0.97480059
11 50 22 77110  0.01983356 -0.0383594   1.03865385
11 50 22 118534 -0.01409674 -0.03635979  0.94848299
11 50 22 169629 -0.0184238  -0.20152593  0.9970963 
11 50 22 222122  0.02103209 -0.02955294  1.03215623
11 50 22 247564 -0.02281237 -0.06788659  0.94945288
11 50 22 294466 -0.01283813 -0.17972326  1.00380182
11 50 22 344963  0.02239347 -0.00206566  1.02779961
11 50 22 397015 -0.01558304  1.96807766  1.09772992
11 50 22 444706 0.01986265 0.00712562 1.00657225
11 50 22 497379  0.01552653 -0.57858777 -1.62129521
11 50 22 545536  1.71852112e-03 -1.46850586e-01 -1.83972907e+00
11 50 22 592686 0.02155876 0.0198009  0.99640608
11 50 22 643986 -2.61807442e-03  9.71746445e-03  1.00135803e-05
11 50 22 694983 0.02426386 0.0171361  0.98572659
11 50 22 744769 -0.0164237  -0.15135479  0.97691369
11 50 22 793934  0.01067543 -0.11290717  1.02802944
11 50 22 845372 1.53849125e-02 7.59840012e-04 9.72996712e-01
11 50 22 894334 -0.0231719  -0.19082451  0.98676586
11 50 22 943648  0.01899576 -0.06846881  1.02740955
11 50 22 995249  0.00174546 -0.0389266   0.96174383
11 50 23 48222 -0.02009892 -0.1948998   1.00708103
11 50 23 98788  0.02680516 -0.00692248  1.03454709
11 50 23 146850 -0.00205636 -0.06309843  0.97618556
11 50 23 214709 -0.00908422 -0.18354607  1.03483582
11 50 23 244233 0.02548265 0.00177884 1.01161385
11 50 23 298275 -0.02262521 -0.12738872  0.98051524
11 50 23 344581 -0.00414777 -0.1380415   1.03813338
11 50 23 393680 0.02580428 0.02428508 0.98849297
11 50 23 445034 -0.01725173 -0.16181469  0.99960923
11 50 23 494498  0.00743413 -0.11092329  1.03971338
11 50 23 543712  0.00852704 -0.01713467  0.97238111
11 50 23 595000 -0.0224576  -0.19725633  1.00942588
11 50 23 644170  0.01519442 -0.04969239  1.04613924
11 50 23 697286  1.95264816e-04 -4.10435200e-02  9.76341486e-01
11 50 23 745095 -0.01361156 -0.20306325  1.02998734
11 50 23 792837  0.02769566 -0.01944637  1.03451157
11 50 23 843605 -0.01354742 -0.098912    0.97223568
11 50 23 892974 -0.01166344 -0.1831851   1.03992033
11 50 23 944101 0.03121328 0.0052681  1.01126647
11 50 23 998906 -0.01553082 -0.14554954  0.98865485
11 50 24 56313 -0.00462365 -0.16220164  1.03761697
11 50 24 91494  0.01293397 -0.02795911  0.97990251
11 50 24 143002 -0.03216338 -0.206177    0.99394178
11 50 24 194429  0.00483704 -0.1086688   1.03777337
11 50 24 244517  0.00391841 -0.03350425  0.96954513
11 50 24 296905 -0.02402472 -0.2165978   1.01224494
11 50 24 345439  0.01846361 -0.05944681  1.03975272
11 50 24 394371 -0.00193   -0.0784328  0.9646852
11 50 24 443496 -0.01109362 -0.20593572  1.03361344
11 50 24 493112  0.0293026  -0.02038455  1.02559209
11 50 24 544810 -0.01415634 -0.12268806  0.98392987
11 50 24 593880 -0.00558281 -0.170506    1.04270196
11 50 24 648127  0.02471995 -0.00472426  0.99592662
11 50 24 696700 -0.02009344 -0.1725626   0.99455833
11 50 24 745714  0.00338626 -0.13670111  1.03552437
11 50 24 797182  0.01496863 -0.00826097  0.97779894
11 50 24 845391 -0.02343035 -0.19195533  1.01303077
11 50 24 896312  0.01142359 -0.08330846  1.0522368 
11 50 24 945681 -0.00320196 -0.05789971  0.97305059
11 50 24 992759 -0.02406001 -0.20528603  1.02422071
11 50 25 53170  0.02495861 -0.021034    1.04536462
11 50 25 89092 -0.00711632 -0.07298279  0.98360682
11 50 25 144342 -0.01089191 -0.17969131  1.04828405
11 50 25 194436 0.02744532 0.00673246 1.02165866
11 50 25 245840 -0.01265383 -0.11582303  0.98844337
11 50 25 295661 -0.00299454 -0.1494453   1.0466094 
11 50 25 344639 0.01905775 0.00111675 0.99349308
11 50 25 396948 -0.02291179 -0.16860104  1.00088525
11 50 25 446143  0.00605488 -0.10466576  1.04299569
11 50 25 497501  0.01003337 -0.01045871  0.97349   
11 50 25 547084 -0.02270269 -0.19107294  1.00225997
11 50 25 595188  0.01671243 -0.05181146  1.04550147
11 50 25 644932  0.00611424 -0.02758646  0.96253562
11 50 25 696117 -0.01458669 -0.19365954  1.02860951
11 50 25 744495  0.02433538 -0.02436781  1.03635406
11 50 25 793832 -0.01764727 -0.08852053  0.97190762
11 50 25 845342 -0.01097512 -0.16301799  1.0337975 
11 50 25 895197 0.03223085 0.02159166 1.00461864
11 50 25 943355 -0.01378012 -0.11598587  0.98412657
11 50 25 995605 -0.00171065 -0.14176822  1.02685308
11 50 26 48454 0.02107048 0.01227641 0.98345709
11 50 26 98404 -0.01890278 -0.16182017  0.99509573
11 50 26 146524  0.00916743 -0.10180569  1.03028727
11 50 26 193686  0.00697899 -0.02001572  0.9686079 
11 50 26 244591 -0.0209198  -0.18930197  1.00221205
11 50 26 293703  0.02627373 -0.03966832  1.0391171 
11 50 26 344355  0.00172448 -0.03864622  0.96466517
11 50 26 394808 -0.00842261 -0.19172549  1.0156827 
11 50 26 445717  0.03049922 -0.00904655  1.02216172
11 50 26 494715 -0.00858378 -0.09067106  0.96531916
11 50 26 543408  0.00147247 -0.15904784  1.02949691
11 50 26 596590 0.02901816 0.00782156 0.99292016
11 50 26 644695 -0.01881027 -0.14449215  0.96937537
11 50 26 696258  0.00663447 -0.127882    1.01591086
11 50 26 745275 0.01725984 0.00311232 0.96260715
11 50 26 792372 -0.02082944 -0.17806411  0.97826457
11 50 26 845325  0.0145607  -0.08481574  1.01900792
11 50 26 893442  0.01542521 -0.01305008  0.94295788
11 50 26 944758 -0.01293325 -0.19446445  0.98831105
11 50 26 994073  0.0280292  -0.04161525  1.01424623
11 50 27 54932  0.00511527 -0.04605365  0.93903565
11 50 27 111567 -0.00612426 -0.17765594  1.00600791
11 50 27 164196 0.03654885 0.01085377 1.00029874
11 50 27 197332 -0.0044086  -0.08446097  0.95328593
11 50 27 247763  0.00190592 -0.15465379  1.01088548
11 50 27 297037 0.03318071 0.02645993 0.97396779
11 50 27 345593 -0.00639248 -0.1196568   0.97036529
11 50 27 392311  0.0095799  -0.12261105  1.01006913
11 50 27 443874 0.02301979 0.01249981 0.95372152
11 50 27 493699 -0.01795053 -0.16715455  0.97145534
11 50 27 544552  0.01861835 -0.06656051  1.01036835
11 50 27 595406  0.01354218 -0.00232196  0.94672823
11 50 27 645263 -0.01125145 -0.18840241  0.98762774
11 50 27 694911  0.02411842 -0.0345037   1.00530958
11 50 27 744672 -0.00205755 -0.05746388  0.94376349
11 50 27 797596 -0.0042088  -0.17764068  1.00175762
11 50 27 844508 0.03342891 0.00807834 0.99694395
11 50 27 897548 -0.00487614 -0.09975958  0.95110917
11 50 27 947055 -6.16312027e-04 -1.58094168e-01  1.00953484e+00
11 50 27 993952 0.0234015  0.01024032 0.96626401
11 50 28 53907 -0.01720834 -0.15770483  0.96015573
11 50 28 90345  0.00711703 -0.1206665   1.0041182 
11 50 28 174857  0.01057029 -0.02481675  0.95349288
11 50 28 211210 -0.02604818 -0.20281911  0.97403622
11 50 28 245253  0.01749992 -0.06406736  1.01225424
11 50 28 294890  0.01421595 -0.01620674  0.947505  
11 50 28 343499 -0.01219225 -0.20206952  0.99162054
11 50 28 395075 9.82284546e-05 1.03113103e+00 1.22269583e+00
11 50 28 444506  1.75023079e-03  1.53691769e-02 -1.77756023e+00
11 50 28 496870 -0.00470877 -0.18100095  1.00297189
11 50 28 546443 1.27077103e-04 4.21858072e-01 1.19136906e+00
11 50 28 592926 -0.01327181 -0.12361622  0.93755984
11 50 28 644056 -0.00263691 -0.15410757  1.01209664
11 50 28 692578 -0.36218262  0.91217041  0.32696533
11 50 28 745036  0.00225782 -0.03897786  0.95072865
11 50 28 793963 -0.00465798 -0.18847561  0.99852252
11 50 28 845881  3.54573727e-02 -5.17606735e-04  1.00672913e+00
11 50 28 894593 -0.00657248 -0.09781599  0.95407224
11 50 28 944428 -5.79595566e-04 -1.64193392e-01  1.01681495e+00
11 50 28 995313 0.03193021 0.01869082 0.99070048
11 50 29 47847 -0.01589394 -0.14438295  0.97179484
11 50 29 98263  0.00839972 -0.13798404  1.0219996 
11 50 29 146615  0.01738644 -0.00578403  0.97584033
11 50 29 195226 -0.02248907 -0.18902159  0.9835968 
11 50 29 243666  0.01682353 -0.08749056  1.03378654
11 50 29 295491  0.01884699 -0.00180745  0.96571136
11 50 29 344897 -0.00854325 -0.19529629  1.00094295
11 50 29 393628  0.02569342 -0.05246806  1.03617787
11 50 29 444949  6.50882721e-04 -5.90903759e-02  9.62769747e-01
11 50 29 494610 -0.01051855 -0.19036698  1.01536059
11 50 29 543293 0.03420067 0.0038383  1.03621173
11 50 29 595669 -0.00885558 -0.08101439  0.97119021
11 50 29 644870 -0.00633383 -0.17451978  1.03297353
11 50 29 698763 0.02785683 0.01103115 1.00672793
11 50 29 746605 -0.02024865 -0.12720966  0.97198939
11 50 29 792685 -0.00725031 -0.15779805  1.03451753
11 50 29 843774 0.01015592 0.00814319 0.99111199
11 50 29 893116 -0.02516174 -0.16742873  0.98372436
11 50 29 944569  0.00327659 -0.12811589  1.036731  
11 50 29 994405 -5.75780869e-04 -2.45735645e-02  9.75354671e-01
11 50 30 55413 -0.02919388 -0.20273423  0.98365188
11 50 30 90666  0.00950909 -0.06879592  1.03796673
11 50 30 143656 -0.00531936 -0.03348708  0.96303558
11 50 30 195150 -0.02348232 -0.20360303  1.00024271
11 50 30 244618  0.01937723 -0.03176045  1.02933741
11 50 30 295934 -0.02155638 -0.09427285  0.96892667
11 50 30 345677 -0.01706553 -0.1896956   1.02042198
11 50 30 396694 0.03186584 0.00794029 1.01995635
11 50 30 444123 -0.0120976  -0.11749434  0.9857347 
11 50 30 493223 -0.0088203  -0.18295956  1.03452754
11 50 30 544754  0.02097034 -0.02095056  1.00037217
11 50 30 594103 -0.03052449 -0.19112396  0.9880209 
11 50 30 645654  0.00241494 -0.14067149  1.03159428
11 50 30 695030  0.00920439 -0.03216958  0.98451543
11 50 30 743827 -0.02768874 -0.22455978  0.9982276 
11 50 30 795980  0.01204014 -0.09836721  1.03498435
11 50 30 845403 -0.00487208 -0.06926775  0.96729207
11 50 30 897233 -0.0200448  -0.22515202  1.00444102
11 50 30 945845  0.02611923 -0.04949355  1.032336  
11 50 30 996496 -0.01327205 -0.10029697  0.98162556
11 50 31 54462 -0.01069927 -0.20356131  1.0279634 
11 50 31 90487  0.03164363 -0.01358438  1.01445723
11 50 31 144458 -0.01813531 -0.13489938  0.98363733
11 50 31 194153 -7.91788101e-04 -1.79016352e-01  1.03017187e+00
11 50 31 245891 0.03269219 0.0108099  1.00218034
11 50 31 296394 -0.01544714 -0.15635133  0.98854065
11 50 31 346007  0.0050621  -0.15330267  1.02528024
11 50 31 395608  0.01112628 -0.01967931  0.97729516
11 50 31 445091 -0.02377677 -0.20666671  0.97845387
11 50 31 496744  0.01983213 -0.10353041  1.02437401
11 50 31 547050  0.00453186 -0.03796983  0.96983457
11 50 31 594567 -0.01996708 -0.21569848  0.99223161
11 50 31 644029  0.02789855 -0.05533743  1.03192902
11 50 31 694584 -0.00914383 -0.08026218  0.9702673 
11 50 31 744682 -0.01096916 -0.21281147  1.00855207
11 50 31 795278  0.03754115 -0.01306295  1.02137065
11 50 31 846004 -0.00146675 -0.09300041  0.9755125 
11 50 31 895129  0.00482607 -0.20164871  1.02539945
11 50 31 944164  0.03342557 -0.01699543  1.00703335
11 50 31 996353 -0.01502275 -0.15670037  0.98273134
11 50 32 53956  0.00871015 -0.16094446  1.0282588 
11 50 32 99875  0.02466989 -0.00424004  0.99304938
11 50 32 145427 -0.01987553 -0.18814945  0.98670816
11 50 32 193149  0.00913596 -0.13543296  1.02386236
11 50 32 243765 -0.00175452 -0.03269935  0.97602558
11 50 32 297186 -0.03355026 -0.22179699  0.98385715
11 50 32 344620  0.00941682 -0.08722186  1.03073335
11 50 32 394016 -0.01793456 -0.06186628  0.96690011
11 50 32 447683 -0.0366044  -0.21834826  0.99359179
11 50 32 495854  0.01452184 -0.03661585  1.03808546
11 50 32 543620 -0.03098106 -0.09437275  0.97829294
11 50 32 595574 -0.01408195 -0.21065474  1.01603246
11 50 32 645949  0.02832341 -0.02059245  1.01698065
11 50 32 696959 -0.02801895 -0.13981199  0.98485613
11 50 32 745697 -0.00788379 -0.182477    1.02611661
11 50 32 792890  0.0091908  -0.01902461  0.99068475
11 50 32 843784 -0.03453302 -0.18606091  0.97926259
11 50 32 894275  0.00370121 -0.13658881  1.0245297 
11 50 32 945280  0.01034451 -0.02716947  0.98163867
11 50 32 994067 -0.02565336 -0.21332312  0.99935365
11 50 33 58567  0.0201149  -0.08816266  1.03090382
11 50 33 90781  0.00257301 -0.06442237  0.9701817 
11 50 33 143820 -0.01765633 -0.22696424  1.00107336
11 50 33 196154  0.03213429 -0.03969407  1.03191948
11 50 33 244072 -0.01022553 -0.0913713   0.97828317
11 50 33 296010 -0.0158751  -0.20278025  1.02364302
11 50 33 347113  0.02821374 -0.00847101  1.01743889
11 50 33 393798 -0.02018189 -0.13066959  0.9848299 
11 50 33 445517  0.00134134 -0.17590714  1.03030229
11 50 33 494519  0.02939844 -0.01310301  1.00400901
11 50 33 544800 -0.02155447 -0.18826127  0.9996295 
11 50 33 595017  0.01156759 -0.14378238  1.03795815
11 50 33 647411  0.01751447 -0.02294302  0.98871398
11 50 33 697000 -0.02562189 -0.21310568  0.99585557
11 50 33 745121  0.01901388 -0.0939827   1.03299546
11 50 33 794730  0.01589179 -0.02382684  0.96644759
11 50 33 844580 -0.00385547 -0.20472193  1.00598812
11 50 33 899148  0.04538488 -0.04551935  1.04109669
11 50 33 945250  0.00659037 -0.06478786  0.9719758 
11 50 33 991841 -0.00236511 -0.20790958  1.01816344
11 50 34 54303  0.0321815  -0.02993584  1.02778912
11 50 34 89560 -0.02615643 -0.12391782  0.97148299
11 50 34 142455 -0.01124287 -0.19803047  1.03050566
11 50 34 193275  0.01652336 -0.01399636  1.01018763
11 50 34 245103 -0.02487421 -0.15739727  0.98821688
11 50 34 294188  0.00667906 -0.16597795  1.0347693 
11 50 34 345318  0.02685237 -0.00814724  0.98856664
11 50 34 395921 -0.01618862 -0.19170904  0.9883666 
11 50 34 446873 3.67164612e-05 1.31231332e+00 1.11319947e+00
11 50 34 502370 -0.01876259 -0.21478271  0.99967909
11 50 34 565821  8.63075256e-05  1.49968004e+00 -4.02156591e-01
11 50 34 611936 -0.00579643 -0.05895996  1.37880707
11 50 34 658051 -0.02067137 -0.22209096  1.00297117
11 50 34 718268 4.35352325e-03 4.43458557e-05 1.56013966e-02
11 50 34 763590 -0.01296091 -0.20598674  1.01865864
11 50 34 810556  0.02823162 -0.01532793  1.03719568
11 50 34 858650 -0.0046277  -0.11355543  0.97855544
11 50 34 918778 -0.00575733 -0.17456126  1.03959966
11 50 34 966064  0.03052568 -0.00618196  1.00684285
11 50 35 19774 -0.02081084 -0.17214727  0.99287748
11 50 35 77164 -0.00365138 -0.13939548  1.04008961
11 50 35 115681  0.01789856 -0.02172112  0.98750663
11 50 35 165173 -0.02699161 -0.21914077  1.00302982
11 50 35 211469  0.01158595 -0.09525299  1.05222416
11 50 35 255152  0.00136018 -0.06479549  0.97811484
11 50 35 315303 -0.02258515 -0.22153139  1.02090168
11 50 35 362927  0.03137422 -0.03620052  1.05630136
11 50 35 415097 -0.0032506  -0.10541677  0.98945165
11 50 35 459633 -0.00518394 -0.20080137  1.04177094
11 50 35 521936  0.03163671 -0.01606154  1.02126384
11 50 35 567100 -0.01690507 -0.16324544  0.99575782
11 50 35 613428 -0.00352478 -0.1635983   1.04436278
11 50 35 661128  0.01615834 -0.0196178   0.99761033
11 50 35 717833 -0.0272913  -0.19989133  1.00300336
11 50 35 766426  0.00765777 -0.11143303  1.04316449
11 50 35 808830  0.00893164 -0.04539323  0.98301053
11 50 35 860014 -0.03022838 -0.2180028   1.01530051
11 50 35 902917  0.02443695 -0.05464506  1.05772161
11 50 35 945739  9.22679901e-04 -6.88948631e-02  9.81871367e-01
11 50 35 993462 -0.0151732  -0.21408534  1.03252745
11 50 36 55055  0.03115726 -0.03035903  1.04487014
11 50 36 90433 -0.01280403 -0.12341142  0.98467636
11 50 36 144666 -0.00681376 -0.18461037  1.0448215 
11 50 36 196915  0.02523065 -0.00410199  1.02078438
11 50 36 244309 -0.01636839 -0.15885115  0.99398804
11 50 36 296818 -0.00384808 -0.15084004  1.04233408
11 50 36 345771  0.01380372 -0.01950169  0.98592615
11 50 36 424940 -0.02567363 -0.20053983  0.99937463
11 50 36 465695  0.01370215 -0.09689665  1.05181503
11 50 36 510456  0.00558019 -0.05052805  0.97453952
11 50 36 566396 -0.01961613 -0.21896744  1.01639247
11 50 36 614853  0.02646112 -0.05784678  1.04549217
11 50 36 645262 -0.00839019 -0.10283136  0.97130823
11 50 36 694687 -0.0118618  -0.20000005  1.03302622
11 50 36 744184  0.03244567 -0.01754117  1.02607608
11 50 36 795942 -0.01484704 -0.14068747  0.99091911
11 50 36 846346 -5.58614731e-04 -1.67220592e-01  1.03737187e+00
11 50 36 898158  0.0278244  -0.00784111  0.9955852 
11 50 36 946491 -0.02241158 -0.18182945  0.99244547
11 50 36 992524  0.00329018 -0.12230039  1.03218126
11 50 37 53773  0.01953888 -0.01944256  0.97335982
11 50 37 91314 -0.02149844 -0.20934153  0.99912095
11 50 37 143783  0.01424003 -0.07876325  1.03495955
11 50 37 196408  0.00383401 -0.06865549  0.95757246
11 50 37 245104 -0.01066589 -0.19559455  1.00667453
11 50 37 296538  0.02990866 -0.0104661   1.0271585 
11 50 37 343625 -0.00880861 -0.10288715  0.97014832
11 50 37 395781 -0.00248075 -0.16490126  1.02444744
11 50 37 446088 0.0365274  0.01623583 0.99356127
11 50 37 499291 -0.00763392 -0.13646317  0.97608876
11 50 37 546329  6.44683838e-04 -1.34536266e-01  1.02391863e+00
11 50 37 592436 0.01400542 0.0072794  0.96492219
11 50 37 643538 -0.02030301 -0.17500496  0.98619699
11 50 37 694951  0.00604582 -0.07893848  1.02455378
11 50 37 744456  0.00270939 -0.04199624  0.95014596
11 50 37 793979 -0.02179742 -0.20029879  0.99353909
11 50 37 847395  0.02290559 -0.01824594  1.02326274
11 50 37 894474  9.77516174e-06 -6.80291653e-02  9.64878082e-01
11 50 37 944117 -0.01139808 -0.17930555  1.0206635 
11 50 37 995554 0.02908468 0.00906038 1.00507712
11 50 38 52997 -0.01189065 -0.12311769  0.98182774
11 50 38 100651 -0.00113273 -0.14421988  1.02488089
11 50 38 145252 0.01719618 0.00371099 0.97924542
11 50 38 194245 -0.02322316 -0.17473388  0.98676467
11 50 38 243502  0.00240636 -0.09159303  1.01586771
11 50 38 292862  8.84532928e-04 -2.51455307e-02  9.54696417e-01
11 50 38 344171 -0.02768874 -0.20331025  0.98079038
11 50 38 393761  0.0210712  -0.03471804  1.01674914
11 50 38 445184  0.00172281 -0.05242658  0.95732737
11 50 38 495087 -0.01165485 -0.19390249  1.01227665
11 50 38 546366  0.03055286 -0.00895715  1.00339341
11 50 38 595584 -0.01175475 -0.11921787  0.96781945
11 50 38 645185 -0.00475049 -0.15944791  1.01166391
11 50 38 695918 0.03029203 0.01852655 0.98111892
11 50 38 745400 -0.01806641 -0.15850663  0.97751236
11 50 38 792584 -0.00367522 -0.13034797  1.01098061
11 50 38 843663  0.00748754 -0.02098346  0.96133304
11 50 38 892800 -0.02941608 -0.1975081   0.97590137
11 50 38 944365  0.00445795 -0.06749797  1.02072001
11 50 38 994028 -0.0035367  -0.0479784   0.94883227
11 50 39 55110 -0.02369452 -0.20348382  0.99362969
11 50 39 105101  0.01661921 -0.02055645  1.01902938
11 50 39 165103 -0.01166058 -0.09622765  0.94986534
11 50 39 221906 -0.01242638 -0.18804812  1.00894165
11 50 39 263884  0.02142453 -0.01013207  0.99034119
11 50 39 315913 -0.03053713 -0.15365314  0.97093034
11 50 39 365749 -0.00611758 -0.15038776  1.01044416
11 50 39 413601  0.01840711 -0.00544357  0.96894097
11 50 39 458481 -0.03024721 -0.19111633  0.98004293
11 50 39 517756  0.00116491 -0.10591888  1.01944685
11 50 39 562525  0.00375724 -0.03048158  0.95734239
11 50 39 617735 -0.02753901 -0.21069026  0.97980213
11 50 39 662295  0.01892376 -0.05561566  1.02792811
11 50 39 716191  5.24759293e-04 -7.00170994e-02  9.44399834e-01
11 50 39 754292 -0.01771784 -0.21692562  0.99468756
11 50 39 796051  0.02330232 -0.02381301  1.00405288
11 50 39 843964 -0.01202178 -0.11890554  0.95174885
11 50 39 897177 -0.00662613 -0.18650723  1.00698256
11 50 39 945990 0.02599645 0.00244713 0.99363494
11 50 39 993184 -0.02475142 -0.15257406  0.96743822
11 50 40 54654 -0.00783253 -0.15830827  1.01648617
11 50 40 92077  0.01147318 -0.0100534   0.97335172
11 50 40 142745 -0.02614975 -0.19133425  0.97185564
11 50 40 193915  0.00420547 -0.11030126  1.0146091 
11 50 40 247324  0.00466919 -0.0299294   0.95517492
11 50 40 295588 -0.02357888 -0.21119189  0.97368813
11 50 40 346800  0.01170254 -0.05524182  1.02115607
11 50 40 395717 -0.00745583 -0.05235624  0.95046711
11 50 40 446349 0.01563716 1.10927081 1.2070868 
11 50 40 496529 -0.02380848 -0.11777663  0.96659946
11 50 40 547333  0.01558232  1.139956   -0.82416654
11 50 40 592717  0.02650309  0.01446533 -1.93362498
11 50 40 644283 -0.02813959 -0.15010023  0.9730134 
11 50 40 695067 -0.00937653  0.00019026  0.01559615
11 50 40 745819 -0.00744414 -0.18121004  1.03495049
11 50 40 793928  0.01102161 -0.02654076  0.98621631
11 50 40 844973 -0.03873539 -0.18978     0.99917054
11 50 40 894527 -0.00148678 -0.10721922  1.03283978
11 50 40 943087  0.0124445  -0.02518106  0.97491932
11 50 40 996468 -0.0294168  -0.22547412  1.0029614 
11 50 41 51534  0.00826144 -0.07729125  1.03422356
11 50 41 99143 -0.00103116 -0.06574607  0.95479655
11 50 41 144775 -0.02226615 -0.20464802  1.01815629
11 50 41 191806  0.02627826 -0.01827383  1.02676368
11 50 41 244295 -0.00871038 -0.10454798  0.97035527
11 50 41 293167 -0.00894332 -0.18223929  1.02482438
11 50 41 344504  0.02737093 -0.00551939  0.98934317
11 50 41 394225 -0.01706481 -0.15331316  0.97463965
11 50 41 445117 -0.00586557 -0.14171386  1.02433681
11 50 41 494652  0.00924301 -0.02489591  0.96257973
11 50 41 543773 -0.03118157 -0.19901037  0.98182058
11 50 41 596314  0.0041337  -0.07817698  1.02205133
11 50 41 644353  0.00620937 -0.03455615  0.94919181
11 50 41 697292 -0.02782464 -0.20547676  0.99886727
11 50 41 745116  0.01710129 -0.02615714  1.020818  
11 50 41 791958  0.00177956 -0.0593853   0.94805813
11 50 41 862396 -0.01602483 -0.18226457  1.01905942
11 50 41 906840  0.01984048 -0.01249146  0.98735142
11 50 41 944379 -0.01595163 -0.14266825  0.95287061
11 50 41 994631 -0.00267029 -0.14488411  1.00492239
11 50 42 54434 0.01836991 0.00362229 0.96317339
11 50 42 90795 -0.02442741 -0.18285084  0.97386765
11 50 42 142495 -4.09364700e-04 -9.92836952e-02  1.00717330e+00
11 50 42 194098  0.01448178 -0.02221584  0.93376637
11 50 42 244651 -0.02072001 -0.1960969   0.98261833
11 50 42 296148  0.01569295 -0.03739071  1.0109241 
11 50 42 347813  0.00500321 -0.06371355  0.93619847
11 50 42 392006 -0.01378202 -0.18324161  1.00982785
11 50 42 444006  0.02457643 -0.00595117  0.9825561 
11 50 42 493221 -0.0121212  -0.12903285  0.950243  
11 50 42 544273 -0.00743604 -0.1505127   1.00593925
11 50 42 594870 0.02933002 0.01397896 0.9580214 
11 50 42 645108 -0.01356244 -0.16975617  0.97672749
11 50 42 697341  0.0027113  -0.12767482  1.00820684
11 50 42 743786  0.01465583 -0.04013276  0.93191147
11 50 42 795271 -0.02166963 -0.20460486  0.97719145
11 50 42 845855  0.01718926 -0.04640532  1.00702119
11 50 42 897267  0.0120728  -0.0595181   0.93473315
11 50 42 945886 -0.01342797 -0.20055747  1.00359249
11 50 42 992978  0.0276866  -0.017802    0.98850155
11 50 43 53808 -0.00274968 -0.11400938  0.94520044
11 50 43 89993 -0.00354671 -0.16561818  1.01143813
11 50 43 147223  2.52633095e-02 -4.23669815e-04  9.62369919e-01
11 50 43 206464 -0.00980473 -0.16847944  0.97535849
11 50 43 268056  0.0012424  -0.12070227  1.00548625
11 50 43 322244  0.01395488 -0.02974701  0.93910885
11 50 43 374531 -0.01659799 -0.20369506  0.98051834
11 50 43 420329  0.01519799 -0.05308914  1.01101708
11 50 43 457382  0.01920199 -0.04971766  0.94259214
11 50 43 498313 -0.01254916 -0.19055533  1.01110029
11 50 43 546371  0.02509832 -0.01628375  0.99554515
11 50 43 591874 -0.00555897 -0.119663    0.95399165
11 50 43 645387 -0.0026598  -0.15537333  1.00900149
11 50 43 692583 0.02638698 0.00650024 0.96335673
11 50 43 745701 -0.01504874 -0.16243744  0.97720313
11 50 43 794924 -0.00186825 -0.10555577  1.00912738
11 50 43 845012  0.01353717 -0.00971174  0.94903803
11 50 43 894517 -0.02424932 -0.20287347  0.9926908 
11 50 43 945271  0.0144062  -0.06326318  1.00974536
11 50 43 995789  0.00459099 -0.05026174  0.9424758 
11 50 44 47827 -0.01997852 -0.18320489  1.01750064
11 50 44 99812 0.02546573 0.00322556 1.0085144 
11 50 44 146606 -0.003443   -0.09790468  0.96590519
11 50 44 192102 -0.01503706 -0.16856503  1.02323437
11 50 44 243754 0.03294921 0.02755046 0.97700119
11 50 44 297989 -0.00375605 -0.13257885  0.98877811
11 50 44 344867 -0.00693226 -0.14039326  1.0241735 
11 50 44 395420  0.01482511 -0.02433825  0.95185184
11 50 44 446268 -0.02147579 -0.20173955  0.98822045
11 50 44 495810  0.00790024 -0.07596302  1.02166605
11 50 44 543977  0.00507307 -0.04232001  0.95348287
11 50 44 597988 -0.02162218 -0.20626569  1.00747371
11 50 44 644307  0.01594353 -0.03164363  1.01339889
11 50 44 697944 -0.00773811 -0.08851504  0.95796061
11 50 44 748180 -0.01507568 -0.17834401  1.02052236
11 50 44 792794 0.0272069  0.01092148 0.98629045
11 50 44 843786 -0.01079702 -0.13024879  0.9762013 
11 50 44 894515 -0.00926685 -0.15674329  1.02138066
11 50 44 944623  0.01578951 -0.00591493  0.96579719
11 50 44 994199 -0.02203655 -0.18194842  0.98950744
11 50 45 55779  0.00543737 -0.09722495  1.02182293
11 50 45 91839  0.00801182 -0.0319407   0.95299935
11 50 45 147765 -0.02372456 -0.20046139  1.00583887
11 50 45 196662  0.01575041 -0.02895212  1.02653742
11 50 45 245574  0.00134254 -0.05529404  0.95845938
11 50 45 296672 -0.01906466 -0.18628359  1.02543068
11 50 45 347261 2.73704529e-02 7.62462616e-04 1.00970435e+00
11 50 45 392166 -0.00745344 -0.10225916  0.98197412
11 50 45 444538 -0.00901151 -0.16465402  1.03680634
11 50 45 494071  0.01803756 -0.00770617  0.97721195
11 50 45 545185 -0.02755189 -0.17573833  0.99293995
11 50 45 596031  0.00136256 -0.11100769  1.02300215
11 50 45 646404  0.01692915 -0.01298475  0.96104145
11 50 45 698032 -0.02449918 -0.20605135  1.00588989
11 50 45 745754  0.00975537 -0.06917238  1.03211093
11 50 45 795494  0.00529695 -0.05865693  0.9628942 
11 50 45 846581 -0.02182913 -0.20037985  1.0233078 
11 50 45 898335  0.02225232 -0.02564907  1.01578426
11 50 45 946973 -0.02177358 -0.12534881  0.97771883
11 50 45 993783 -0.01622438 -0.16625261  1.02685094
11 50 46 54680 0.02795076 0.01938605 0.98811197
11 50 46 89813 -0.01905918 -0.14013386  0.99571252
11 50 46 164813 -0.00338101 -0.14390659  1.02504396
11 50 46 213386  0.01875663 -0.00601602  0.96402383
11 50 46 258752 -0.0221014  -0.18908024  1.00195026
11 50 46 320671  0.00644016 -0.09350681  1.03698564
11 50 46 367112  0.00751519 -0.04307532  0.95863557
11 50 46 399833 -0.01692438 -0.20224762  1.01076317
11 50 46 448108  0.02221537 -0.02782035  1.03495574
11 50 46 497302 -0.00863457 -0.08357978  0.9652226 
11 50 46 546557  0.01567483 -1.46875572 -0.54292965
11 50 46 593074 -0.0136919  -0.11905813  0.98600531
11 50 46 643739  0.01560211 -0.51623845  0.7540555 
11 50 46 693260 0.0247016  0.00482178 1.25385213
11 50 46 745561 -0.02052641 -0.16688585  0.9981482 
11 50 46 794742 3.98421288e-03 5.79476357e-03 4.26769257e-05
11 50 46 846602  0.00684524 -0.07017303  0.95254469
11 50 46 896043 -0.01979351 -0.21015835  1.0127635 
11 50 46 944108  0.02598691 -0.01696205  1.03000569
11 50 46 998918  0.00442362 -0.08239555  0.96704006
11 50 47 48362 -0.00881934 -0.19183922  1.03068042
11 50 47 99340  0.0231483  -0.02012157  0.99221516
11 50 47 145725 -0.0216496  -0.1642983   0.97359681
11 50 47 193299 -0.00405192 -0.14086056  1.02616763
11 50 47 246073  0.02619481 -0.00403643  0.97152901
11 50 47 293874 -0.0196321  -0.20104074  0.99632716
11 50 47 345551  0.00856352 -0.10844922  1.02731586
11 50 47 395726  0.01329446 -0.05617833  0.95349979
11 50 47 445486 -0.01968622 -0.21179938  1.00785851
11 50 47 495665  0.02574682 -0.04291415  1.03075051
11 50 47 543758  0.0048995  -0.09696317  0.96652293
11 50 47 597178 -0.00813866 -0.18924284  1.0262711 
11 50 47 644661  0.02718663 -0.02777433  0.99587035
11 50 47 698923 -0.02546334 -0.17822003  0.98053241
11 50 47 746557 -0.0091033  -0.14305878  1.02043366
11 50 47 792583 0.03010106 0.00335002 0.97147918
11 50 47 846365 -0.0205791  -0.18848348  1.00304461
11 50 47 893393  0.00449872 -0.10312223  1.03172803
11 50 47 944245  0.02198696 -0.0234127   0.94943666
11 50 47 998357 -0.01403165 -0.21624088  1.00362802
11 50 48 54284  0.01659083 -0.06787491  1.03550816
11 50 48 118771  0.00563025 -0.07512832  0.96173406
11 50 48 172529 -0.01193357 -0.20247316  1.02006054
11 50 48 227888  0.02825999 -0.02091646  1.02230501
11 50 48 264609 -0.01412296 -0.13646579  0.96813726
11 50 48 323547 -0.00715947 -0.1776464   1.01583767
11 50 48 374566  0.02846479 -0.00705552  0.98723626
11 50 48 410207 -0.02682519 -0.17760301  0.98638725
11 50 48 454012  3.09228897e-04 -1.45771265e-01  1.02180552e+00
11 50 48 505410  0.02376699 -0.02057576  0.95907545
11 50 48 544825 -0.02804995 -0.21720195  0.98835039
11 50 48 593983  0.01352954 -0.11254358  1.0288198 
11 50 48 645639  0.0111506  -0.05361724  0.95492244
11 50 48 696167 -0.02183867 -0.21815729  0.9968307 
11 50 48 746020  0.02644587 -0.04693794  1.03332543
11 50 48 798304  0.00501084 -0.09223485  0.95176077
11 50 48 844566 -0.01047301 -0.21232367  1.00869179
11 50 48 896488  0.03573799 -0.01158023  1.0103333 
11 50 48 947135 -0.00611138 -0.12356663  0.95791078
11 50 48 994295 -0.00514531 -0.18776608  1.0245688 
11 50 49 62959  0.02590537 -0.02103591  0.98384356
11 50 49 125027 -0.01881123 -0.18257666  0.96821547
11 50 49 179593  0.00577974 -0.13542509  1.01946259
11 50 49 214333  0.01834083 -0.02237964  0.9567709 
11 50 49 258895 -0.02009177 -0.21113276  0.97762179
11 50 49 315982  0.01480126 -0.09459281  1.02130151
11 50 49 365910  0.01595044 -0.04778934  0.93794537
11 50 49 394844 -0.0100534  -0.21103668  0.99390697
11 50 49 443847  0.02707005 -0.03909755  1.02088666
11 50 49 497259  0.00427055 -0.09396601  0.94899011
11 50 49 545655 -0.00556636 -0.19002318  1.01714516
11 50 49 592451  0.03012729 -0.01022744  1.0004952 
11 50 49 644463 -0.01307416 -0.14142632  0.96344662
11 50 49 695158 -0.00195575 -0.15246773  1.02455425
11 50 49 745563  2.51874924e-02 -7.08818436e-04  9.72635508e-01
11 50 49 795911 -0.01416063 -0.17866969  0.97720313
11 50 49 845542  0.00604153 -0.10919952  1.0238378 
11 50 49 895622  0.01035786 -0.03390527  0.94195294
11 50 49 944910 -0.01154137 -0.2088604   0.98149347
11 50 49 996185  0.01824021 -0.0503037   1.03073311
11 50 50 53593  0.00108957 -0.07272363  0.94696045
11 50 50 99325 -0.01145959 -0.1910708   1.0143857 
11 50 50 149254 0.03005815 0.00437522 1.01963639
11 50 50 193371  0.00107265 -0.1038363   0.95890164
11 50 50 243896 -0.00450826 -0.17410135  1.02290916
11 50 50 295127  0.0242219  -0.00274873  0.97812986
11 50 50 346163 -0.01032925 -0.15905023  0.96732688
11 50 50 394621  0.00656509 -0.11459541  1.01757979
11 50 50 446192  0.0152669  -0.02205205  0.95272565
11 50 50 496040 -0.01767755 -0.19988656  0.97173071
11 50 50 543408  0.01633    -0.06016111  1.01317096
11 50 50 595820  0.01754141 -0.04226947  0.93337131
11 50 50 650892 -0.00584531 -0.2019794   1.00310898
11 50 50 696996  0.02867198 -0.02659917  1.00724816
11 50 50 746178  0.00982285 -0.10718799  0.94999003
11 50 50 792453  0.00651026 -0.1740489   1.01669097
11 50 50 843588  3.35988998e-02 -1.93834305e-04  9.74843740e-01
11 50 50 895153 -0.00800753 -0.1614697   0.96211004
11 50 50 945325  0.00147676 -0.13725996  1.00639033
11 50 50 993902  0.02303076 -0.01847172  0.94981098
11 50 51 55293 -0.01548624 -0.19532728  0.97414494
11 50 51 91000  0.01453996 -0.07855797  1.01348114
11 50 51 143596  0.00595045 -0.06863236  0.94713926
11 50 51 195251 -0.0124445  -0.20027661  0.99695134
11 50 51 244751  0.03715682 -0.00616932  1.00975108
11 50 51 296536  0.00996113 -0.09750438  0.95370555
11 50 51 346736 -0.00230336 -0.16629887  1.01522875
11 50 51 393031 0.03909039 0.00209975 0.97837305
11 50 51 444250 -0.00365543 -0.16404963  0.97199512
11 50 51 494589  0.00521421 -0.12170696  1.01440406
11 50 51 545882  0.02275014 -0.03037238  0.95241618
11 50 51 594411 -0.0225215  -0.20042229  0.98632264
11 50 51 645016  0.0201211  -0.05058551  1.01639986
11 50 51 694394  0.01289582 -0.05791545  0.94620657
11 50 51 744990 -0.01781368 -0.19335103  1.00794649
11 50 51 795428  0.03060079 -0.00736237  1.00440025
11 50 51 845111 -2.84910202e-04 -1.11440182e-01  9.65633392e-01
11 50 51 895970 -0.01106477 -0.17015314  1.02662253
11 50 51 947146  0.02414036 -0.01936889  0.97782922
11 50 51 991825 -0.02223706 -0.18717289  0.97765446
11 50 52 54766 -0.00646091 -0.11757636  1.02196264
11 50 52 90525  0.02152371 -0.01746988  0.95591116
11 50 52 144261 -0.02244353 -0.20430779  0.99405575
11 50 52 194718  0.00501323 -0.06367922  1.02881408
11 50 52 245699  0.00623202 -0.06728315  0.94477463
11 50 52 295193 -0.01455259 -0.20365381  1.01910758
11 50 52 343909  0.02697086 -0.01756096  1.02513313
11 50 52 395863 -0.00690222 -0.12154055  0.96552515
11 50 52 445050 -0.00589633 -0.17736554  1.03619218
11 50 52 496567  0.02272463 -0.02272964  0.99330926
11 50 52 546827 -0.00551224 -0.13237977  1.03142905
11 50 52 592988  0.01935959 -0.03422451  0.97012973
11 50 52 643523 -0.02702975 -0.22003436  1.00480294
11 50 52 695545  0.00855088 -0.07655382  1.04378533
11 50 52 744757  0.00612068 -0.07240415  0.96241736
11 50 52 793939  1.00587368  0.01178002 -0.06341147
11 50 52 845265 -0.03450632 -0.03486824  0.99977112
11 50 52 895398 -0.07274437 -0.13329411  0.99097824
11 50 52 943850 -0.09079242 -0.0932374   0.98902035
11 50 52 995962 -0.06487799 -0.00968528  0.99994826
11 50 53 47903 -0.04874015 -0.02274728  1.01182628
11 50 53 99470 -0.07446456 -0.09975624  0.99636412
11 50 53 146750 -0.11039329 -0.11115623  0.98595619
11 50 53 192436 -0.08149242 -0.00955939  1.00295377
11 50 53 243826 -0.03910589  0.01545525  1.01471663
11 50 53 295058 -0.05640531 -0.09400868  1.00670528
11 50 53 346690 -0.09667659 -0.13084698  0.99148273
11 50 53 395987 -0.08590126 -0.04302621  0.99038911
11 50 53 445718 -0.05035353  0.00298309  1.0018518 
11 50 53 496882 -0.0465076  -0.05429244  1.00944591
11 50 53 545102 -0.08550072 -0.11651635  0.98467016
11 50 53 596424 -0.09639525 -0.06208324  0.99367905
11 50 53 644406 -0.04626107  0.02953243  1.01188731
11 50 53 696853 -0.02379513 -0.03120661  1.02324033
11 50 53 744830 -0.06625462 -0.14079714  1.00735021
11 50 53 795270 -0.09155703 -0.09522486  0.99417281
11 50 53 844750 -6.67757988e-02 -2.42233276e-04  1.01042891e+00
11 50 53 894794 -0.04060292 -0.01239038  1.02511024
11 50 53 946599 -0.0636816  -0.09077883  1.00692582
11 50 53 993162 -0.10512567 -0.09316564  0.99682617
11 50 54 55823 -7.97295570e-02 -1.14440918e-05  1.00926328e+00
11 50 54 92667 -0.03381467  0.01252985  1.02383351
11 50 54 142796 -0.03679347 -0.0734241   1.0243206 
11 50 54 197788 -0.08057547 -0.09801602  1.01373577
11 50 54 243938 -0.08501029 -0.01594353  1.01454139
11 50 54 295255 -0.04702044  0.00731325  1.02293944
11 50 54 346173 -0.03318119 -0.04620361  1.02342939
11 50 54 397119 -0.0758369  -0.09360361  1.00595045
11 50 54 443183 -0.09373212 -0.0330236   1.01520967
11 50 54 493626 -0.05026746  0.04600906  1.02353406
11 50 54 544715 -0.02511525 -0.0287168   1.01743937
11 50 54 594292 -0.06601334 -0.13442206  1.00805569
11 50 54 644855 -0.09723282 -0.07927346  1.00464821
11 50 54 695568 -0.07284784  0.01315093  1.01580763
11 50 54 747763 -0.04575491 -0.00905585  1.02205133
11 50 54 796473 -0.06723428 -0.09859562  1.00487995
11 50 54 844318 -0.10645747 -0.09535074  0.99994278
11 50 54 896045 -0.07789397  0.00811458  1.00877237
11 50 54 945278 -0.03250694  0.00974035  1.0193553 
11 50 54 993649 -0.03843474 -0.10538197  1.01474786
11 50 55 54060 -0.08041692 -0.11732936  1.00730968
11 50 55 89743 -0.07664847 -0.01464868  1.01251173
11 50 55 142988 -0.04406929  0.01694894  1.01546884
11 50 55 193928 -0.04371667 -0.06763744  1.0152235 
11 50 55 245173 -0.08271575 -0.11731029  0.99710488
11 50 55 294624 -0.08896565 -0.02315378  1.00566745
11 50 55 343585 -0.05254793  0.0311377   1.01127315
11 50 55 395250 -0.04013515 -0.05851936  1.01465797
11 50 55 443900 -0.06583667 -0.11284137  1.00285649
11 50 55 497168 -0.07977676 -0.03350258  0.99942231
11 50 55 545132 -0.06727338  0.0230248   1.01009345
11 50 55 592156 -0.05467653 -0.03099132  1.00663257
11 50 55 643482 -0.07162428 -0.10389638  0.98618984
11 50 55 693921 -0.09171462 -0.05462718  0.98808384
11 50 55 746708 -0.06375432  0.04142857  1.0080297 
11 50 55 794435 -0.03966594 -0.00594711  1.0118227 
11 50 55 845478 -0.05187154 -0.12299228  0.98997116
11 50 55 894860 -0.0731051  -0.09533668  0.97927451
11 50 55 944374 -0.07031846  0.00367284  0.99328828
11 50 55 999539 -0.05134535 -0.00171876  1.00322628
11 50 56 52998 -0.05252814 -0.10005784  0.98770094
11 50 56 98525 -0.07514644 -0.11635995  0.97449899
11 50 56 146232 -0.07399678 -0.001369    0.98505783
11 50 56 192036 -0.04941988  0.0204525   1.00428796
11 50 56 244250 -0.04532766 -0.09447932  0.98909521
11 50 56 292717 -0.05836368 -0.1322484   0.96765399
11 50 56 346400 -0.06438398 -0.03371859  0.97095203
11 50 56 395229 -0.06052828  0.01858044  0.99095821
11 50 56 445979 -0.05731845 -0.05531812  0.98997879
11 50 56 497324 -0.07055497 -0.12750411  0.96479988
11 50 56 546287 -0.07407689 -0.05323911  0.96764588
11 50 56 596969 -0.05368114  0.05329347  0.99264121
