10 25 10 480860 0.02384233 0.11130643 0.9964478 
10 25 10 483511 0.02136111 0.11363077 0.99061084
10 25 10 486068 0.0212934  0.11535358 0.99019718
10 25 10 488423 0.02379513 0.11506891 0.99575639
10 25 10 490799 0.02139616 0.10993886 0.99957156
10 25 10 493256 0.01967478 0.1155448  0.99979973
10 25 10 496198 0.02070522 0.11120272 0.99498963
10 25 10 498872 0.01985335 0.11538124 0.99470019
10 25 10 501103 0.02171946 0.1128819  0.99280739
10 25 10 503246 0.02447534 0.11508322 0.99383473
10 25 10 505277 0.02495718 0.11310172 0.99467611
10 25 10 507294 0.02679324 0.11546683 0.99715042
10 25 10 509671 0.02255797 0.11451221 0.9967947 
10 25 10 512643 0.02122593 0.11405849 0.99809432
10 25 10 515377 0.02099967 0.11123919 0.99745393
10 25 10 517587 0.02148962 0.11068058 0.99680591
10 25 10 520133 0.02153134 0.10886121 0.99752307
10 25 10 522119 0.02195215 0.11126828 0.99860764
10 25 10 524072 0.02297592 0.10997081 0.9935658 
10 25 10 526372 0.02198839 0.11197257 0.992419  
10 25 10 528430 0.0227859  0.11137104 0.99756336
10 25 11 482432 0.02010536 0.11050987 1.00338745
10 25 11 486162 0.02263188 0.10910273 1.00333667
10 25 11 535320 0.02513909 0.11258173 0.99497676
10 25 11 584720 0.02296472 0.10991931 0.99467325
10 25 11 633932 0.01732683 0.11352825 0.99499822
10 25 11 683317 0.01704144 0.11085701 0.99255896
10 25 11 736895 0.02271557 0.10842872 0.99614859
10 25 11 785471 0.02254581 0.11138439 0.99508786
10 25 11 834672 0.02251196 0.11443782 0.99660778
10 25 11 892371 0.02321553 0.11119723 0.99408746
10 25 11 942612 0.02286553 0.11153436 0.99542022
10 25 11 986253 0.0247674  0.11217856 0.99679589
10 25 12 35126 0.02498579 0.11564374 0.99425888
10 25 12 84488 0.02352715 0.1158762  0.99345589
10 25 12 137394 0.02443767 0.11262345 0.99185753
10 25 12 186844 0.02433443 0.11374784 0.99095845
10 25 12 235755 0.02436185 0.11306691 0.99329686
10 25 12 285731 0.02140832 0.10984945 0.99676085
10 25 12 334450 0.02127099 0.11507893 0.9993403 
10 25 12 387272 0.02273798 0.11228323 0.9959383 
10 25 12 436814 0.0206213  0.11072326 0.99796867
10 25 12 485763 0.0210228  0.11143231 0.98944354
10 25 12 534783 0.0214541  0.11364102 0.9933641 
10 25 12 588003 0.02295756 0.11218476 0.99413371
10 25 12 639127 0.01932764 0.10843587 0.99424601
10 25 12 686599 0.02340603 0.11176848 0.99955606
10 25 12 735773 0.0223279  0.11029792 0.99870634
10 25 12 784674 0.02307892 0.11235952 1.00165224
10 25 12 838012 0.02135634 0.11267495 0.99440694
10 25 12 887212 0.0232718  0.11169767 0.99487066
10 25 12 938063 0.02288222 0.11231089 0.99208379
10 25 12 985539 0.02353144 0.11302495 0.99517202
10 25 13 38349 0.02366018 0.11343646 0.99043059
10 25 13 88118  0.01566052  0.87543941 -1.65237188
10 25 13 137042  8.98838043e-05 -1.96830201e+00 -1.57423735e+00
10 25 13 186406 0.0239954  0.11560702 0.99823594
10 25 13 239473 0.02229261 0.11454248 0.984833  
10 25 13 288650 0.02329373 0.11219931 0.98663235
10 25 13 337648 0.02464104 0.11119199 0.99095416
10 25 13 387043 0.02440286 0.11054039 0.99272466
10 25 13 440097 0.02478576 0.11174917 0.99884295
10 25 13 489289 0.02457595 0.10513616 1.00152135
10 25 13 538452 0.02068257 0.11107135 1.00486135
10 25 13 587534 0.01817584 0.1122942  1.00130486
10 25 13 636846 0.02160668 0.11578202 0.99473429
10 25 13 690090 0.02276802 0.11670494 0.99222946
10 25 13 738937 0.01829648 0.11420751 0.98636746
10 25 13 788283 0.01491261 0.1145153  0.99366808
10 25 13 844237 0.02093673 0.11418319 1.00047469
10 25 13 893033 0.02220988 0.11008835 1.00358391
10 25 13 945678 0.02273107 0.11080766 1.00399184
10 25 13 988832 0.02397943 0.10685253 0.99944973
10 25 14 38227 0.02530932 0.10815978 0.99621058
10 25 14 87267 0.02487779 0.10827112 0.99280834
10 25 14 140497 0.02242041 0.10797954 0.99302649
10 25 14 195916 0.02514315 0.11167073 0.99144197
10 25 14 248725 0.02560019 0.11471748 0.99212408
10 25 14 294324 0.02431297 0.11390471 0.99699283
10 25 14 341012 0.02406597 0.11562085 1.00032854
10 25 14 390491 0.023211   0.11521864 0.99839568
10 25 14 439373 0.02379513 0.1150279  0.99973893
10 25 14 488668 0.02382398 0.11645079 0.9958179 
10 25 14 537818 0.02099133 0.11323619 0.98800755
10 25 14 590967 0.02423072 0.11777663 0.98513651
10 25 14 640411 0.0228672  0.11749506 0.99470448
10 25 14 689363 0.018332   0.11373258 0.99846768
10 25 14 746764 0.02034593 0.11499381 0.99970245
10 25 14 791651 0.02362919 0.11417556 1.00085354
10 25 14 840879 0.02281642 0.11225939 0.9988904 
10 25 14 890048 0.02164054 0.10952163 0.99567509
10 25 14 939349 0.0210855  0.10808516 0.9895494 
10 25 14 988329 0.02289152 0.11207986 0.98868775
10 25 15 41463 0.02273059 0.11250377 0.99085927
10 25 15 91189 0.02158713 0.11215615 0.98946071
10 25 15 140011 0.02251196 0.11119509 1.00052261
10 25 15 189157 0.02350163 0.11085367 1.00540996
10 25 15 247478 0.0235548  0.11383438 1.00367546
10 25 15 297192 0.02242947 0.11583996 0.99913263
10 25 15 340766 0.02152753 0.11428118 0.99805999
10 25 15 390137 0.02226186 0.11773682 1.00014067
10 25 15 443030 0.02102518 0.11101365 0.99724984
10 25 15 492161 0.02261543 0.11080956 0.99295378
10 25 15 540992 0.02394462 0.11106634 0.99173307
10 25 15 590427 0.02227879 0.10920811 0.99370289
10 25 15 639990 0.02138042 0.10538554 1.00121474
10 25 15 700082 0.02256989 0.10518956 1.00264645
10 25 15 742455 0.0234015  0.10660529 1.00362277
10 25 15 791656 0.02164721 0.10923147 1.00163984
10 25 15 840157 0.02310061 0.11388206 0.99284577
10 25 15 889483 0.01966166 0.1136682  0.99098492
10 25 15 942468 0.02031898 0.11280179 0.9863255 
10 25 15 991966 0.02429485 0.11715293 0.98765445
10 25 16 41104 0.02104449 0.11717653 0.99835062
10 25 16 90250 0.02165794 0.11403561 1.00141692
10 25 16 145046 0.02212882 0.11296535 1.00142026
10 25 16 198367 0.02152705 0.11556005 1.00044703
10 25 16 246543 0.02360749 0.11603403 0.99876785
10 25 16 291607 0.02296448 0.11754823 0.99135709
10 25 16 340128 0.02112627 0.11690998 0.99165845
10 25 16 392969 0.0225389  0.12363505 1.00072384
10 25 16 442490 0.02411342 0.10468268 0.99825215
10 25 16 500871 0.02390909 0.10520649 1.0019896 
10 25 16 549450 0.02242041 0.11379218 0.99051714
10 25 16 594155 0.02246165 0.11142993 0.99998975
10 25 16 643218 0.0226171  0.1125195  1.00487447
10 25 16 692223 0.02448273 0.10821366 1.00766134
10 25 16 742140 0.01935196 0.11275029 1.00108075
10 25 16 790527 0.0226438  0.1151824  0.98592615
10 25 16 843661 0.01964116 0.11664534 0.98210001
10 25 16 893122 0.02206373 0.11184001 0.98023629
10 25 16 947584  7.48634338e-05  4.69188690e-01 -1.87113571e+00
10 25 16 998337 0.0212214  0.11576772 0.99781656
10 25 17 48577 0.02733731 0.11078334 0.99730754
10 25 17 99840 0.0241518  0.10831547 1.00812006
10 25 17 147347 0.02918434 0.10018253 1.0017662 
10 25 17 200409 0.03195643 0.10218549 1.00512362
10 25 17 240988 0.02780199 0.09395742 1.00449491
10 25 17 289820 0.02743053 0.0946157  1.00591302
10 25 17 343218 0.029217   0.10183859 0.9926455 
10 25 17 392981 0.02851129 0.10450649 0.99531555
10 25 17 442366 0.02746487 0.1076231  1.00354314
10 25 17 494674 0.0237546  0.11033845 1.00071979
10 25 17 544388 0.02294064 0.10876632 0.99430227
10 25 17 593666 0.02275014 0.11301136 0.98493576
10 25 17 642626 0.02553177 0.12306166 0.98964286
10 25 17 696405 0.0232513  0.12005162 0.99899459
10 25 17 745306 0.02385902 0.12272143 1.0075767 
10 25 17 794118 0.02292418 0.12361121 1.01149702
10 25 17 843529 0.02309322 0.10946774 1.00852442
10 25 17 892451 0.02300119 0.10267949 0.96827483
10 25 17 945498 0.02733159 0.12311172 0.98097563
10 25 17 994725 0.02533031 0.11697102 1.01167607
10 25 18 44072 0.02630043 0.10389924 1.01608634
10 25 18 93482 0.02530074 0.11253834 0.99300814
10 25 18 142409 0.02581811 0.11813545 0.97931504
10 25 18 196014 0.023839   0.1164012  0.97519398
10 25 18 250531 0.02572942 0.12642002 0.97665572
10 25 18 293812 0.02310038 0.11504841 0.99029708
10 25 18 342784 0.02077818 0.11304426 0.9911778 
10 25 18 396379 0.02210402 0.11813521 0.99492025
10 25 18 445305 0.02312517 0.11582851 0.99292088
10 25 18 494588 0.0208509  0.11439443 0.99453831
10 25 18 543836 0.02327681 0.11507344 1.00612426
10 25 18 592766 0.02530479 0.10424805 1.00480294
10 25 18 646176 0.02252555 0.10466886 1.00684166
10 25 18 695305 0.02582479 0.10126472 1.00734448
10 25 18 744348 0.02384996 0.09739494 1.00422072
10 25 18 793453 0.02201748 0.10346913 0.99504161
10 25 18 846548 0.02515006 0.10451174 0.99523282
10 25 18 895996 0.02602768 0.1100769  0.99821043
10 25 18 953436 0.02327943 0.10975528 1.00620222
10 25 19 2569 0.02462482 0.11034918 1.00372767
10 25 19 47520 0.02031469 0.10883331 0.99145651
10 25 19 96789 0.02491522 0.11256146 0.99431419
10 25 19 145978 0.02387333 0.11492562 0.99491239
10 25 19 195097 0.02338409 0.11537099 0.9920032 
10 25 19 247925 0.02053261 0.12347388 0.98552561
10 25 19 297118 0.02482104 0.12182808 0.98368812
10 25 19 346439 0.02453423 0.11005235 0.99908042
10 25 19 402295 0.02236843 0.10424733 1.00901723
10 25 19 452163 0.02120137 0.11008859 1.00089288
10 25 19 503466 0.02134442 0.11003685 0.99336863
10 25 19 547552 0.02404094 0.11613274 0.9904356 
10 25 19 596307 0.02165818 0.12086368 0.9901998 
10 25 19 651859 0.02362061 0.11873627 0.9890759 
10 25 19 707001 0.02170062 0.11178851 0.9876554 
10 25 19 748553 0.02047038 0.12090397 0.99121428
10 25 19 797223 0.02206302 0.11822844 0.98914409
10 25 19 852588 0.02646732 0.11766577 0.9952147 
10 25 19 902718 0.02318025 0.11876583 1.00235438
10 25 19 948332 0.02512264 0.11306286 1.0076468 
10 25 19 997783 0.02559161 0.11335969 0.99200988
10 25 20 46964 0.02398014 0.11092782 0.9867022 
10 25 20 96797 0.02530622 0.10715818 0.99064088
10 25 20 149310 0.02477264 0.10538554 0.99843431
10 25 20 198258 0.02494168 0.10290432 1.00573111
10 25 20 247583 0.02316117 0.1019299  1.00414205
10 25 20 296666 0.02345514 0.10166311 1.00109625
10 25 20 345912 0.02452159 0.104954   0.99860382
10 25 20 399085 0.02124381 0.10400796 1.00472379
10 25 20 453918 0.02189112 0.10397458 1.00405693
10 25 20 497697 0.02183199 0.1086936  0.99894929
10 25 20 546471 0.01904321 0.11539173 0.99331164
10 25 20 595765 0.02303147 0.1162796  0.98857665
10 25 20 654394 0.02010059 0.10940981 1.59762955
10 25 20 700841 9.46521759e-05 1.87545514e+00 1.30077791e+00
10 25 20 748154 0.02371502 0.11727977 1.00005269
10 25 20 796867 0.02496386 0.10457253 1.00394845
10 25 20 845808 0.02288294 0.10677719 1.00044441
10 25 20 899024 0.02915025 0.11085916 0.99558449
10 25 20 948060 0.02588511 0.11391425 0.98976517
10 25 20 997153 0.02436304 0.11081338 0.9970088 
10 25 21 46410 0.02294922 0.10702109 1.01194549
10 25 21 105468 0.02206278 0.10564065 1.01853395
10 25 21 148766 0.01798701 0.10700727 1.01917505
10 25 21 198046 0.02212381 0.1145947  0.99618173
10 25 21 247583 0.0244565  0.1096518  0.97054839
10 25 21 306293 0.02820635 0.12490273 0.97733784
10 25 21 349148 0.02203894 0.10782337 0.99530339
10 25 21 398880 0.02572417 0.10690713 1.00533748
10 25 21 447658 0.03303885 0.10427523 0.993402  
10 25 21 496813 0.02475333 0.11229515 1.00633097
10 25 21 550420 0.01997185 0.10958219 1.00176501
10 25 21 599346 0.02189398 0.11111093 0.99614573
10 25 21 648243 0.02697515 0.11264014 0.99735069
10 25 21 697842 0.02400184 0.1128757  0.9910121 
10 25 21 746962 0.02061296 0.11923456 0.97910166
10 25 21 799936 0.02182317 0.12273002 0.97872925
10 25 21 849184 0.02567554 0.11968255 0.99069142
10 25 21 898264 0.02441454 0.11277032 0.99916744
10 25 21 947568 0.02199578 0.1149447  1.00514388
10 25 22 740 0.01897073 0.11830401 1.01173139
10 25 22 55992 0.02052236 0.10961127 0.98688769
10 25 22 100371 0.02291417 0.11133361 0.97724128
10 25 22 148293 0.02503824 0.11519337 0.98897886
10 25 22 197733 0.02030349 0.11362958 1.00034094
10 25 22 250633 0.02151752 0.11396384 0.9969523 
10 25 22 300110 0.02875924 0.11693668 0.99558187
10 25 22 348653 0.02328777 0.11405468 0.99550843
10 25 22 401761 0.02151775 0.11440897 1.0058856 
10 25 22 451082 0.02657771 0.11422491 1.00466537
10 25 22 500538 0.0251236  0.10959458 1.00361466
10 25 22 549534 0.02467752 0.11418295 0.99951744
10 25 22 598501 0.02557349 0.11752844 0.97973919
10 25 22 651705 0.02262664 0.11438799 0.97898197
10 25 22 706932 0.022264   0.11222911 1.00214982
10 25 22 759868 0.02409935 0.10782313 1.01842833
10 25 22 807891 0.02237844 0.10401154 1.02297568
10 25 22 856885 0.02011919 0.1030612  1.01405931
10 25 22 901816 0.01772809 0.10741591 0.99835253
10 25 22 950874 0.02314544 0.11364603 0.98308778
10 25 23 16 0.02166176 0.11498141 0.97809434
10 25 23 49719 0.01987529 0.11450267 0.97771454
10 25 23 98288 0.01758456 0.11465287 0.98207998
10 25 23 151469 0.02107716 0.11533165 0.99085569
10 25 23 200731 0.02368736 0.11569881 0.99757576
10 25 23 250634 0.02497244 0.11436343 1.00290275
10 25 23 299279 0.02509475 0.11318493 1.00757575
10 25 23 359455 0.02217293 0.11308169 0.99796963
10 25 23 402612 0.02560401 0.11883616 0.98864317
10 25 23 450643 0.02435827 0.12377477 0.98099303
10 25 23 503945 0.02170753 0.12279415 0.97952747
10 25 23 553202 0.02266026 0.12127805 0.98840499
10 25 23 602600 0.02262998 0.11526322 0.99874568
10 25 23 651279 0.02268553 0.11713123 1.00596189
10 25 23 700574 0.01837921 0.11278343 1.00511694
10 25 23 753344 0.02212381 0.10972118 1.00669289
10 25 23 803049 0.02042246 0.11206293 1.00195289
10 25 23 852116 0.01976967 0.11966968 0.98383975
10 25 23 907611 0.01868057 0.12223339 0.97355008
10 25 23 959988 0.01944518 0.12188935 0.97464275
10 25 24 3845 0.02068996 0.11378932 0.99112868
10 25 24 52739 0.02331686 0.10517287 1.0122385 
10 25 24 102016 0.02696466 0.1061511  1.01413631
10 25 24 151382 0.0249114  0.10704112 1.01128125
10 25 24 204317 0.02371764 0.10892725 1.01207709
10 25 24 253867  0.01566958 -1.32769537  1.34766293
10 25 24 302708  8.60691071e-05  7.97302723e-01 -1.15238142e+00
10 25 24 357925 0.02199364 0.11132455 0.97818804
10 25 24 401096 0.02357507 0.11546254 0.9899087 
10 25 24 454122 0.01999688 0.10991526 0.99338055
10 25 24 503536 0.024575   0.12240648 0.99729681
10 25 24 552422 0.02294278 0.11692572 0.99549627
10 25 24 601889 0.02268744 0.11682773 0.99459887
10 25 24 654533 0.02485204 0.11663127 0.98709917
10 25 24 704167 0.0252564  0.10681224 0.99187541
10 25 24 753335 0.02519655 0.11038923 1.00329757
10 25 24 802459 0.02205396 0.10591817 1.00385714
10 25 24 851574 0.02480268 0.11597848 1.00280309
10 25 24 904040 0.02582431 0.11519527 0.99001241
10 25 24 953829 0.0274148  0.11534858 0.98079205
10 25 25 3370 0.02470303 0.11821389 0.9912107 
10 25 25 52195 0.01902103 0.10906315 0.9980197 
10 25 25 108779 0.02559566 0.11055946 1.00797248
10 25 25 154408 0.02535248 0.10298061 1.00247002
10 25 25 203807 0.02468681 0.10722327 1.00227094
10 25 25 259815 0.01741886 0.11168599 0.99768806
10 25 25 308619 0.02018642 0.1155057  1.00220966
10 25 25 355309 0.0168786  0.10354805 1.0057416 
10 25 25 404244 0.0263617  0.11508751 0.98862505
10 25 25 453597 0.02709723 0.10539818 0.98528981
10 25 25 502993 0.02145672 0.10939455 0.99509668
10 25 25 551896 0.01939607 0.10131907 1.00749636
10 25 25 605235 0.02190399 0.1036489  1.01806784
10 25 25 654392 0.02815127 0.10947394 0.9969337 
10 25 25 703564 0.02931118 0.11874485 0.98581576
10 25 25 752707 0.02064657 0.12011814 0.98672652
10 25 25 802357 0.01958299 0.11667013 0.99597788
10 25 25 854761 0.02651405 0.11331654 0.99375749
10 25 25 910954 0.02364135 0.11147809 0.99070621
10 25 25 958766 0.02202368 0.12015271 0.99235296
10 25 26 2559 0.02012944 0.11476541 0.9897716 
10 25 26 62203 0.02223253 0.11438584 1.00190544
10 25 26 110091 0.02826643 0.11437345 0.99982643
10 25 26 159977 0.0250802  0.11710715 0.99975967
10 25 26 204908 0.02074528 0.11562395 0.99398541
10 25 26 256225 0.02396321 0.11669874 0.99160552
10 25 26 305545 0.02030778 0.11221075 0.9881928 
10 25 26 354650 0.02501988 0.11465859 0.99292254
10 25 26 410617 0.01911473 0.10723138 0.99787021
10 25 26 462085 0.01994348 0.10503793 1.00212336
10 25 26 511544 0.02233195 0.10296488 1.00007415
10 25 26 562138 0.02492094 0.11530447 1.00328779
10 25 26 604842 0.02129841 0.11523342 1.00042391
10 25 26 653689 0.02127576 0.11520791 1.0000639 
10 25 26 706861 0.01796579 0.11177683 0.99798679
10 25 26 756071 0.02347159 0.11059284 0.99284291
10 25 26 805365 0.02564836 0.11082602 0.9921875 
10 25 26 854260 0.02201104 0.1062758  0.9967823 
10 25 26 903731 0.01897645 0.10894871 1.0055263 
10 25 26 956721 0.02403903 0.10966778 1.00480986
10 25 27 6126 0.0302074  0.11319208 1.00027871
10 25 27 54621 0.02429605 0.11493087 0.99627447
10 25 27 104226 0.02373219 0.11177158 0.98977304
10 25 27 153201 0.02652979 0.11217451 0.9864006 
10 25 27 206814 0.02490664 0.10861611 0.98841834
10 25 27 255686 0.02584267 0.11249614 1.00286603
10 25 27 304819 0.02331758 0.11205149 1.0033412 
10 25 27 357821 0.02065325 0.11509728 0.99926257
10 25 27 407303 0.02471828 0.11459994 0.99194574
10 25 27 456523 0.02156997 0.11156273 0.99371719
10 25 27 505832 0.02094841 0.11068225 0.99854159
10 25 27 554782 0.01834679 0.10522199 1.00084448
10 25 27 607662 0.01946402 0.10954475 0.99009085
10 25 27 656925 0.02443719 0.11555815 0.98463798
10 25 27 706440 0.02515435 0.12017488 0.98820543
10 25 27 755271 0.02377319 0.11417699 1.00128174
10 25 27 808559 0.02205205 0.10960412 1.00293374
10 25 27 857902 0.02319026 0.10052419 1.00282121
10 25 27 913377 0.0242362  0.10376716 0.99921155
10 25 27 956181 0.02232909 0.11123872 0.99657154
10 25 28 5470  0.01565623  0.98480868 -1.85548258
10 25 28 58309 1.02519989e-04 4.06669855e-01 5.50771713e-01
10 25 28 107793 0.02538538 0.10987806 0.99841928
10 25 28 156889 0.0265789  0.11475611 0.99806595
10 25 28 206126 0.02422309 0.11329508 1.0093081 
10 25 28 259539 0.02478075 0.11164641 1.00584555
10 25 28 313981 0.02526116 0.11068845 0.99336219
10 25 28 365947 0.02177644 0.10940576 0.98025537
10 25 28 412469 0.02213836 0.1172173  0.99142098
10 25 28 464128 0.02497411 0.11311221 0.99793911
10 25 28 515073 0.01905441 0.11019349 1.0030911 
10 25 28 558100 0.02123213 0.1114738  0.99774146
10 25 28 607622 0.02369285 0.11353016 0.99663758
10 25 28 656617 0.02266574 0.1125977  0.9987154 
10 25 28 709728 0.02321243 0.10685205 1.001616  
10 25 28 759453 0.02305269 0.10977435 0.99887681
10 25 28 808352 0.02057886 0.1132164  0.99384928
10 25 28 857127 0.02358651 0.11106682 0.99100876
10 25 28 906454 -0.00310373  0.11618757  0.99404359
10 25 28 959829 0.04217958 0.16826439 0.92171907
10 25 29 9028 0.04832792 0.07898688 0.93620181
10 25 29 57984 0.00374937 0.05942869 1.12565732
10 25 29 107275 0.01595998 0.15863228 1.0856266 
10 25 29 156293 0.03300953 0.08632421 0.94552183
10 25 29 209649 0.01383758 0.08264375 1.01079297
10 25 29 258612 0.02476454 0.1629734  0.98685718
10 25 29 308095 0.01905346 0.12023115 0.97852707
10 25 29 357169 0.02543998 0.10089827 0.96900773
10 25 29 410674 0.01367784 0.12183332 0.9495244 
10 25 29 459339 0.02244091 0.11768341 0.99875546
10 25 29 508674 0.02665496 0.09044576 1.00534654
10 25 29 557825 0.02462173 0.11873031 1.05104685
10 25 29 607460 0.02512312 0.10755444 1.02347589
10 25 29 660097 0.02390075 0.09191132 1.00556993
10 25 29 709168 0.0258491  0.11861229 0.98217964
10 25 29 758400 0.02522564 0.11730075 0.95546007
10 25 29 807522 0.02496266 0.11507034 0.98925209
10 25 29 860404 0.01991367 0.11499977 0.98707676
10 25 29 909937 0.02175665 0.10279942 1.00145149
10 25 29 959040 0.02468443 0.10644627 1.0059166 
10 25 30 8098 0.02114129 0.11892176 1.01372099
10 25 30 57380 0.02258253 0.1062541  1.02085066
10 25 30 110520 0.02980375 0.10431027 1.01121354
10 25 30 160162 0.02432132 0.11903667 0.99512172
10 25 30 208997 0.02066827 0.12420273 0.96867418
10 25 30 258162 0.01733184 0.12304449 0.96051335
10 25 30 318165 0.0197041  0.11929941 0.97484875
10 25 30 360369 0.0213809  0.11429024 1.0026474 
10 25 30 409633 0.02523232 0.1096561  1.00599456
10 25 30 459192 0.02749085 0.102777   1.01759362
10 25 30 508049 0.02354479 0.10580134 1.01636052
10 25 30 560939 0.02526355 0.11000466 1.00559092
10 25 30 610352 0.02336907 0.11231685 0.99472594
10 25 30 659292 0.02022362 0.12041426 0.97609067
10 25 30 708914 0.02436519 0.12698722 0.96726346
10 25 30 762101 0.02006102 0.11583543 0.97100544
10 25 30 811239 0.02313662 0.11331964 0.97996449
10 25 30 860242 0.02371788 0.11398005 1.0059154 
10 25 30 909277 0.0235467  0.10537291 1.02828479
10 25 30 962319 0.02481318 0.10164976 1.02595878
10 25 31 11660 0.02566981 0.10802984 1.0113132 
10 25 31 61214 0.02240944 0.11583304 0.99839854
10 25 31 110154 0.0191679  0.11530542 0.99099302
10 25 31 163081 0.02065969 0.11494756 0.98144794
10 25 31 212359 0.02406907 0.11650038 0.97786188
10 25 31 261899 0.02590084 0.11348391 0.98663592
10 25 31 310957 0.02145767 0.1074636  1.00086093
10 25 31 359920 0.02413988 0.1066792  1.0096302 
10 25 31 418254 0.02240133 0.10992861 1.01236868
10 25 31 462452 0.02706075 0.11047721 1.0057435 
10 25 31 511390 0.02593899 0.11429667 0.99647403
10 25 31 560610 0.02197576 0.11612892 0.99338961
10 25 31 609884  8.86917114e-05 -1.99955463e+00  1.53508449e+00
10 25 31 663560 0.02086592 0.11543822 0.9755609 
10 25 31 712149 0.02211714 0.11775327 0.98452544
10 25 31 761188 -1.328125    0.15625     0.54034424
10 25 31 810838 0.0234046  0.11912274 0.9932909 
10 25 31 859985 0.0251348  0.11354423 0.99659228
