11 15 16 378109 -0.06402349 -0.0135715   1.04710364
11 15 16 390846 -0.03473449  0.0146718   0.97844815
11 15 16 419998 -0.03980327 -0.07119179  0.94991922
11 15 16 463387 -0.06200671 -0.15658832  1.00469995
11 15 16 512429 -0.07371974 -0.11958003  1.0408659 
11 15 16 564510 -0.05847096 -0.05194473  1.01024055
11 15 16 612593 -0.05112386 -0.05716038  0.95625424
11 15 16 655487 -0.06197214 -0.09207106  0.96733475
11 15 16 711254 -0.08537149 -0.12284303  1.01978636
11 15 16 761588 -0.08644509 -0.06509995  1.03511953
11 15 16 818979 -0.0484581   0.05628443  1.01776171
11 15 16 864679 -0.02153206  0.01404834  0.95764256
11 15 16 911233 -0.06244326 -0.18557715  0.94882154
11 15 16 969035 -0.08578444 -0.21441817  1.00832224
11 15 17 12387 -0.06815052 -0.07513285  1.04896069
11 15 17 61850 -0.04659009 -0.02897954  0.99862766
11 15 17 113923 -0.05634212 -0.08537674  0.91846251
11 15 17 171262 -0.07837033 -0.13723326  0.98125029
11 15 17 209100 -0.08560729 -0.08188844  1.05642319
11 15 17 254610 -5.61239719e-02  6.01530075e-04  1.04744411e+00
11 15 17 316232 -0.03957891 -0.04221177  0.93152857
11 15 17 357089 -0.05430532 -0.11919904  0.93714881
11 15 17 411948 -0.06749082 -0.11910748  1.03320384
11 15 17 456488 -0.05639195 -0.06884575  1.05267859
11 15 17 517343 -0.05442595 -0.05372596  0.9896276 
11 15 17 567719 -0.05546904 -0.04510832  0.94081306
11 15 17 622942 -0.06385422 -0.06979156  0.98710465
11 15 17 668552 -0.08120799 -0.12652946  1.03091884
11 15 17 697808 -0.08379793 -0.0787766   1.02300596
11 15 17 745035 -0.04417992  0.05219245  1.00708389
11 15 17 792727 -0.02345157  0.03113532  0.96372819
11 15 17 843627 -0.06131363 -0.16718292  0.9633007 
11 15 17 894330 -0.08476162 -0.22406363  1.00637054
11 15 17 944315 -0.06437349 -0.0879066   1.0407033 
11 15 17 993353 -0.05418253 -0.02589154  0.9945004 
11 15 18 54925 -0.06400371 -0.08321381  0.92214584
11 15 18 92985 -0.06741786 -0.14483166  0.97966051
11 15 18 152322 -0.07933354 -0.11548948  1.03742003
11 15 18 211789 -0.06105113 -0.02220345  1.0467093 
11 15 18 262515 -0.03117561  0.03135252  0.96742225
11 15 18 319560 -0.03466535 -0.05835819  0.94018865
11 15 18 373444 -0.05981779 -0.1819005   0.99939227
11 15 18 412110 -0.06825018 -0.14455914  1.03718257
11 15 18 462186 -0.0504818 -0.0400548  1.0070684
11 15 18 516700 -0.05149293 -0.03229785  0.94279361
11 15 18 560184 -0.05767155 -0.09386849  0.96846771
11 15 18 594098 -0.08315778 -0.13749099  1.03303432
11 15 18 646183 -0.0804863  -0.05814815  1.03870678
11 15 18 694337 -0.04377937  0.03915453  0.99383569
11 15 18 742825 -0.02981377 -0.01070356  0.94148612
11 15 18 795733 -0.05580878 -0.16343021  0.96994543
11 15 18 846263 -0.07849884 -0.16873741  1.03586531
11 15 18 897474 -0.05996013 -0.04936457  1.03872156
11 15 18 945971 -0.04532456 -0.0218451   0.96735978
11 15 18 993687 -0.05875754 -0.07574439  0.93388605
11 15 19 54359 -0.07860184 -0.14632106  1.00526404
11 15 19 89293 -0.08191895 -0.09017539  1.06135988
11 15 19 141945 -0.05071187  0.01234198  1.03407311
11 15 19 193500 -0.02584887 -0.00403833  0.93457961
11 15 19 245083 -0.0467627  -0.12588239  0.94026613
11 15 19 294195 -0.07591343 -0.17713213  1.04038763
11 15 19 343312 -0.06848526 -0.09230304  1.05686855
11 15 19 395099 -0.04676819 -0.04074168  0.98337913
11 15 19 443970 -0.0554595  -0.06035447  0.92271256
11 15 19 495688 -0.07716441 -0.10606933  0.97951484
11 15 19 544461 -0.08812714 -0.11525297  1.05910873
11 15 19 592706 -0.06541657 -0.00872874  1.0545485 
11 15 19 643974 -0.02809501  0.03475451  0.97376108
11 15 19 692416 -0.04547954 -0.09082818  0.91474676
11 15 19 744956 -0.07666659 -0.18912244  0.99488258
11 15 19 793373 -0.07260871 -0.10888767  1.05834198
11 15 19 844627 -0.04631901 -0.03017473  1.04211807
11 15 19 894138 -0.04757762 -0.06135511  0.94032764
11 15 19 944178 -0.07332182 -0.1068778   0.94214511
11 15 19 995553 -0.09197259 -0.11294913  1.0279789 
11 15 20 46833 -0.06617308 -0.03273988  1.07227898
11 15 20 95597 -0.03432131 -0.01335263  1.00331402
11 15 20 144264 -0.04546404 -0.08381152  0.92095399
11 15 20 191471 -0.07001352 -0.11887312  0.98051071
11 15 20 243380 -0.06925344 -0.10287142  1.05171156
11 15 20 292825 -0.05588222 -0.06941438  1.03997254
11 15 20 344115 -0.051579   -0.06185555  0.95983481
11 15 20 394574 -0.06308365 -0.07334018  0.94547343
11 15 20 444973 -0.08747435 -0.11145043  1.00328183
11 15 20 495083 -0.08395338 -0.07795858  1.05054259
11 15 20 543328 -0.04335093  0.04705429  1.04241204
11 15 20 596248 -0.02367568  0.00171471  0.95884633
11 15 20 644043 -0.06361008 -0.17893887  0.93042493
11 15 20 696459 -0.08965945 -0.19288921  1.01739025
11 15 20 745126 -0.06308222 -0.06126094  1.06622863
11 15 20 792050 -0.04769135 -0.04317307  1.00870419
11 15 20 843259 -0.06091022 -0.09496856  0.92084479
11 15 20 893117 -0.08409286 -0.12636685  0.97237659
11 15 20 944841 -0.08524489 -0.06920314  1.05769563
11 15 20 993808 -0.0486505  -0.00215983  1.05778503
11 15 21 55014 -0.03157568 -0.03254056  0.96512628
11 15 21 90711 -0.05028224 -0.10308027  0.94857311
11 15 21 142669 -0.07279754 -0.11674237  1.0242033 
11 15 21 195141 -0.06201148 -0.07847357  1.04821467
11 15 21 243783 -0.05017781 -0.0512135   1.00618148
11 15 21 296638 -0.04646015 -0.06351447  0.9543438 
11 15 21 345350 -0.06892395 -0.09717035  0.98167944
11 15 21 392184 -0.09346151 -0.10473371  1.03465962
11 15 21 444610 -0.06698155  0.00203109  1.05091143
11 15 21 492680 -0.02026391  0.05803132  1.00727582
11 15 21 545627 -0.03526497 -0.10787916  0.93234921
11 15 21 594760 -0.08482146 -0.22590041  0.97272348
11 15 21 645630 -0.07787156 -0.12110448  1.0510664 
11 15 21 695199 -0.05027223 -0.02303886  1.05344224
11 15 21 744194 -0.05109739 -0.07271695  0.94695163
11 15 21 796885 -0.07149577 -0.12956142  0.92984033
11 15 21 845977 -0.08806682 -0.10586834  1.02539659
11 15 21 896352 -0.06162691 -0.00793219  1.08237767
11 15 21 945137 -0.02898121 -0.00730801  1.00446916
11 15 21 993500 -0.03466654 -0.09294653  0.93027091
11 15 22 55630 -0.06147027 -0.1303823   0.99043298
11 15 22 89616 -0.06707001 -0.088974    1.0603323 
11 15 22 143488 -0.04843426 -0.05276799  1.03637695
11 15 22 193492 -0.04257202 -0.06527591  0.95512271
11 15 22 246073 -0.06407881 -0.09269428  0.9450767 
11 15 22 294596 -0.08941603 -0.10692048  1.02635694
11 15 22 343398 -0.07469702 -0.02697301  1.06808233
11 15 22 395186 -0.03699231  0.03369641  1.01996136
11 15 22 445153 -0.03371429 -0.07462811  0.93222094
11 15 22 496034 -0.0715034  -0.18532753  0.96249318
11 15 22 544846 0.01532173 1.89014959 1.44159412
11 15 22 594042 -0.05389404  1.18736339  1.94163203
11 15 22 645843 -0.04639149 -0.0652678   0.96390676
11 15 22 692836 0.01536083 0.37457252 1.72235584
11 15 22 744144 -0.09098625 -0.11556578  0.00394011
11 15 22 793310 -0.07073736 -0.03323102  1.07560706
11 15 22 844943  0.10937238 -1.90611815 -0.1093142 
11 15 22 894868  0.02766085 -0.1349113   0.99671984
11 15 22 943488  0.02850914 -0.03218818  1.01766515
11 15 22 995167  0.02150583 -0.04468155  0.96595359
11 15 23 46839  0.02972555 -0.10801578  1.01230192
11 15 23 95908  0.02059984 -0.00240207  0.99761438
11 15 23 143788  0.03234601 -0.11337709  0.99084091
11 15 23 191524  0.02510333 -0.05216193  1.01976871
11 15 23 243406  0.01759601 -0.04376388  0.96037602
11 15 23 292531  0.02711105 -0.12628984  1.01080704
11 15 23 344185  0.01607561 -0.00602841  1.01003146
11 15 23 393496  0.02851725 -0.1121459   0.97966671
11 15 23 445962  0.02595973 -0.07249999  1.01456714
11 15 23 494431  0.01306224 -0.0434792   0.96718264
11 15 23 543559  0.02262115 -0.12967944  1.00428534
11 15 23 595804  0.02035546 -0.00305915  1.01236272
11 15 23 643904  0.02604842 -0.09358478  0.98313928
11 15 23 696336  0.02985787 -0.08925891  1.01766109
11 15 23 745116  0.00137401 -0.04257178  0.97610211
11 15 23 792181  0.01846862 -0.13234377  0.99982882
11 15 23 844193 0.02752233 0.00198817 1.01068091
11 15 23 894428  0.01891661 -0.0647366   0.97995567
11 15 23 944127  0.02357006 -0.10390759  1.02815008
11 15 23 993711  0.01726508 -0.00199008  0.99385476
11 15 24 54343  0.03925276 -0.11601472  0.99247098
11 15 24 90934  0.0203371  -0.03621578  1.01389861
