15 33 0 82704  0.02251983 -0.05215192  1.00051546
15 33 1 785685  0.02233148 -0.05115676  1.00161147
15 33 3 488019  0.02138829 -0.05235744  1.0009706 
15 33 5 190193  0.02206087 -0.0506835   0.99958444
15 33 6 892745  0.01909471 -0.05093217  0.99878669
15 33 8 595692  0.02248788 -0.04985762  1.00126863
15 33 10 297979  0.0251298  -0.04923177  1.00137353
15 33 12 1516  0.02333522 -0.04935884  1.00033903
15 33 13 704812  0.02304792 -0.05192876  1.00120854
15 33 15 407879  0.02543378 -0.04970646  1.00246   
15 33 17 111242  0.02358675 -0.05059838  1.00519872
15 33 18 814624  0.02307177 -0.05040622  1.00053358
