17 27 24 139472  0.04757118 -0.0482254   0.99152756
17 27 24 148616  0.04189301 -0.0531311   0.99483109
17 27 24 167053  0.04482269 -0.05040169  0.99773216
17 27 24 202055  0.04763412 -0.04951859  1.00290108
17 27 24 252960  0.04030991 -0.05094528  0.99630928
17 27 24 302735  0.04510307 -0.05046272  1.0056591 
17 27 24 353841  0.04451561 -0.05069351  1.00409126
17 27 24 403386  0.04624176 -0.0484581   1.00242424
17 27 24 454375  0.04522324 -0.04916954  1.00466537
17 27 24 506194  0.04293442 -0.04719162  1.00062943
17 27 24 555414  0.03622627 -0.04453087  0.99468803
17 27 24 605670  0.04179192 -0.05122185  0.99493599
17 27 24 661043  0.03913307 -0.04767609  0.99115753
17 27 24 700813  0.03964233 -0.05066109  0.99433327
17 27 24 752721  0.03877449 -0.05319595  0.99411774
17 27 24 802357  0.03950119 -0.05200195  1.00023079
17 27 24 853259  0.04364967 -0.05159187  0.99471664
17 27 24 906903  0.04190445 -0.05551147  0.99887657
17 27 24 954281  0.04125404 -0.05346107  0.99944878
17 27 25 3948  0.04726982 -0.05217743  0.99895096
17 27 25 60891  0.04409409 -0.05506897  1.00592804
17 27 25 105858  0.04461479 -0.05760193  1.00204468
17 27 25 151936  0.045578   -0.05673218  1.00180054
17 27 25 204258  0.04470825 -0.05331993  1.00304985
17 27 25 253004  0.04530525 -0.05259895  1.00510979
17 27 25 308638  0.03985405 -0.05343437  1.00115776
17 27 25 352372  0.04685211 -0.05265617  1.00118256
17 27 25 402023  0.04397011 -0.04798317  0.99804497
17 27 25 455403  0.0457592  -0.05256462  0.99856949
17 27 25 502943  0.04396057 -0.05093002  1.00014496
17 27 25 555266  0.03914642 -0.0578804   1.00880051
17 27 25 605500  0.04128456 -0.0561657   1.01099586
17 27 25 652168  0.04590034 -0.05273628  1.00754166
17 27 25 703956  0.04395676 -0.05841827  1.00705528
17 27 25 752094  0.04209137 -0.05671501  1.00445938
17 27 25 804327  0.03841019 -0.05805779  1.00637245
17 27 25 854147  0.0394783  -0.05737305  1.01072884
17 27 25 900697  0.03534889 -0.06209373  1.01246643
17 27 25 952186  0.03056526 -0.05874634  1.00584221
17 27 26 2497  0.03169632 -0.05983925  1.0016613 
17 27 26 64475  0.03076935 -0.06194305  0.99602699
17 27 26 101724  0.0347271  -0.0580101   1.00288963
17 27 26 153512  0.03378105 -0.06175423  1.00608635
17 27 26 202601  0.02729797 -0.06323051  1.0021019 
17 27 26 254212  0.03001213 -0.05776596  0.99783134
17 27 26 304912  0.02840614 -0.06079865  0.98888588
17 27 26 353369  0.02091217 -0.06207657  0.99007034
17 27 26 405675  0.02493858 -0.06327629  0.98872566
17 27 26 453632  0.02507782 -0.0630455   0.98415756
17 27 26 501692  0.02552605 -0.06131172  0.98273468
17 27 26 552425  0.02108955 -0.0601635   0.98013496
17 27 26 600894  0.01861572 -0.0620079   0.98521233
17 27 26 652518  0.0240345  -0.06308937  0.99035263
17 27 26 703217  0.02483559 -0.06098557  0.99677849
17 27 26 754597  0.02038765 -0.05598831  0.9914875 
17 27 26 804007  0.02176476 -0.05004692  0.97919846
17 27 26 852722  0.02393532 -0.04821777  0.9958744 
17 27 26 906290  0.02037811 -0.05109978  1.00445938
17 27 26 952164  0.01753998 -0.04439354  1.00849533
17 27 27 5541  0.02017784 -0.04959297  1.0080204 
17 27 27 55999  0.02110291 -0.04102325  1.00931549
17 27 27 102916  0.02160454 -0.04717827  1.01158333
17 27 27 153958  0.02104378 -0.04918289  1.00264931
17 27 27 203091  0.01977921 -0.05605698  1.01597595
17 27 27 252773  0.0183773  -0.04972649  1.01267242
17 27 27 305652  0.02492523 -0.0494442   1.01080704
17 27 27 353955  0.0190506  -0.05460358  1.00151062
17 27 27 405483  0.01993752 -0.0502758   1.00356865
17 27 27 453614  0.0253067  -0.05456734  0.9947567 
17 27 27 506235  0.02360535 -0.05765533  0.99949646
17 27 27 555087  0.02806282 -0.05716133  0.99331474
17 27 27 608096  0.02841568 -0.05281448  0.9938736 
17 27 27 653423  0.0266571  -0.05553627  0.99486351
17 27 27 700509  0.029356   -0.05005455  0.99064827
17 27 27 751642  0.02733231 -0.05223274  0.99505615
17 27 27 801622  0.02586746 -0.05096626  0.99638748
17 27 27 856527  0.02589035 -0.05589867  0.99324989
17 27 27 901735  0.02506638 -0.04620552  0.981287  
17 27 27 953805  0.03278351 -0.0440712   0.98052216
17 27 28 2566  0.03138161 -0.04792213  0.9811573 
17 27 28 59950  0.02536964 -0.0453167   0.99216652
17 27 28 105608  0.02662086 -0.04580307  0.98822784
17 27 28 152353  0.02386856 -0.04668999  0.98428917
17 27 28 205829  0.0288868  -0.04035568  0.97445869
17 27 28 253943  0.03180122 -0.035532    0.9745636 
17 27 28 300584  0.02631569 -0.04620361  0.98558235
17 27 28 351572  0.03388596 -0.0527401   0.9922657 
17 27 28 400681  0.02947807 -0.05180931  0.98379326
17 27 28 452578  0.02951622 -0.05424309  0.9793396 
17 27 28 501890  0.03115082 -0.05294228  0.98380661
17 27 28 553617  0.03435135 -0.05277824  0.99596214
17 27 28 603609  0.03310013 -0.0544529   1.00529671
17 27 28 657639  0.03909874 -0.05734634  1.00159836
17 27 28 704043  0.03838348 -0.05688095  0.99018478
17 27 28 751787  0.03530502 -0.05314636  0.99668884
17 27 28 804899  0.03702164 -0.05912209  1.00842857
17 27 28 853544  0.03421593 -0.0548954   1.01634216
17 27 28 912932  0.03918076 -0.05155563  1.01361084
17 27 28 952145  0.04018402 -0.05432892  1.01034546
17 27 29 2547  0.03310966 -0.0589962   1.0073452 
17 27 29 70929  0.0378952  -0.05864143  1.0038414 
17 27 29 105508  0.03736877 -0.06989479  1.01098061
17 27 29 155974  0.03563499 -0.07186317  1.00428581
17 27 29 202321  0.03892326 -0.07097816  1.00593567
17 27 29 250874  0.03847694 -0.06726456  1.00705338
17 27 29 303357  0.04227829 -0.07961082  1.00184631
17 27 29 352403  0.04546356 -0.06975555  1.0031395 
17 27 29 404006  0.04391289 -0.07685471  1.00157738
17 27 29 452989  0.05010796 -0.07409286  0.99880981
17 27 29 500805  0.05050468 -0.07248306  0.99221611
17 27 29 551275  0.05071068 -0.06350517  0.99336052
17 27 29 600648  0.04779053 -0.0696373   0.99054146
17 27 29 653836  0.05291557 -0.05485153  0.98404503
17 27 29 701354  0.05016899 -0.06151772  0.98210526
17 27 29 753311  0.05121994 -0.06373215  0.97848892
17 27 29 802793  0.05381203 -0.05812263  0.98303604
17 27 29 851437  0.05861473 -0.05777359  0.984272  
17 27 29 906557  0.05446625 -0.06064796  0.98728752
17 27 29 951803  0.05434608 -0.05962753  0.98496437
17 27 30 18773  0.0520401  -0.06090927  0.991745  
17 27 30 56062  0.05261993 -0.05355453  0.99637032
17 27 30 101816  0.05576515 -0.05706787  0.99634552
17 27 30 154030  0.05840683 -0.05120277  0.9936161 
17 27 30 202560  0.05943871 -0.04808617  1.00068474
17 27 30 252487  0.06097412 -0.04389     0.99801445
17 27 30 301616  0.05729866 -0.03086853  0.999403  
17 27 30 354202  0.06303406 -0.04499435  0.99530602
17 27 30 403000  0.06184006 -0.05103302  1.00702286
17 27 30 457228  0.0688076  -0.05779839  1.0151825 
17 27 30 503732  0.07338715 -0.04596901  1.00452805
17 27 30 552015  0.06931877 -0.05727196  1.00736618
17 27 30 606262  0.07778549 -0.05303764  1.00477219
17 27 30 653063  0.07628441 -0.0644989   1.01667786
17 27 30 714527  0.07478333 -0.06869698  1.02262306
17 27 30 752786  0.06911087 -0.0629673   1.01900101
17 27 30 800739  0.06926918 -0.04856491  1.00634193
17 27 30 861209  2.57492065e-04 -1.18751736e+01 -1.07460728e+01
17 27 30 920104  0.06790924 -0.04596519  1.01169777
17 27 30 969749  0.06788635 -0.04741478  1.02601624
17 27 31 10118  2.53677368e-04  1.21248341e+01 -7.49603844e+00
17 27 31 60097  0.07418633 -0.03234673  1.00644112
17 27 31 105350  0.07309341 -0.02327728  0.99245453
17 27 31 159169  0.07172966 -0.03669548  1.00737   
17 27 31 226427  0.08790016 -0.02497101  0.99166107
17 27 31 272223  0.08979416 -0.02253342  0.94807243
17 27 31 321012  0.08139992 -0.04165077  0.96573639
17 27 31 360925  0.08842468 -0.04264069  0.94932175
17 27 31 401159  0.08432961 -0.04252243  0.95437431
17 27 31 452836  0.07710266 -0.0459938   0.94589806
17 27 31 501512  0.07686996 -0.03320503  0.93866539
17 27 31 553365  0.07831192 -0.0517025   0.93938637
17 27 31 603402  0.0802803  -0.05414581  0.95638275
17 27 31 651945  0.0880661  -0.05814934  0.97723198
17 27 31 703985  0.09950066 -0.04990005  0.96611023
17 27 31 755271  0.09393692 -0.06542969  0.99090576
17 27 31 809626  0.09519196 -0.0577774   0.9987278 
17 27 31 872452  0.08882141 -0.06646156  0.98535919
17 27 31 918514  0.0920639  -0.05469131  0.9915638 
17 27 31 953255  0.09645081 -0.06518936  1.00094795
17 27 32 2165  0.09656334 -0.05730629  1.01273918
17 27 32 77865  0.09294891 -0.05648422  1.02170563
17 27 32 117803  0.10018349 -0.05064011  1.01296234
17 27 32 169103  0.09742928 -0.06249046  1.01597786
17 27 32 212648  0.09664726 -0.06247902  1.00772095
17 27 32 251240  0.09445572 -0.07842636  1.02989006
17 27 32 301747  0.0931263  -0.06299973  1.03063011
17 27 32 352093  0.0983429  -0.07136726  1.01118088
17 27 32 405970  0.09581947 -0.07361412  1.0056839 
17 27 32 452927  0.08760834 -0.06830978  1.01823425
17 27 32 505523  0.0838871  -0.07716942  1.00729752
17 27 32 567515  0.08165169 -0.07253265  1.01116943
17 27 32 600890  0.08465958 -0.07236862  0.99334717
17 27 32 652501  0.08345985 -0.0606308   0.98414993
17 27 32 705258  0.08114815 -0.05784988  0.98974609
17 27 32 753245  0.07787514 -0.05538368  0.98884773
17 27 32 803701  0.08141518 -0.05072784  0.98409081
17 27 32 853347  0.07868958 -0.04852676  0.9715023 
17 27 32 903385  0.0784111  -0.04732704  0.97862053
17 27 32 952804  0.07621384 -0.04729462  0.97743988
17 27 33 4492  0.07745934 -0.05200386  0.9916935 
17 27 33 55843  0.08493996 -0.05156898  0.98532867
17 27 33 102046  0.08802223 -0.04860497  0.99109077
17 27 33 153709  0.0860405  -0.0513134   0.99410057
17 27 33 201025  0.09036636 -0.05757713  0.99743271
17 27 33 252043  0.0866127  -0.05716515  1.0011158 
17 27 33 301770  0.08725739 -0.05059624  0.98915291
17 27 33 353885  0.08894348 -0.05505562  0.99456024
17 27 33 403505  0.08877563 -0.05835533  1.00429535
17 27 33 451196  0.08899689 -0.05783463  0.98877335
17 27 33 503469  0.08348846 -0.06195259  0.98908043
17 27 33 552534  0.08714676 -0.05311012  0.98325157
17 27 33 603938  0.08409309 -0.05272102  0.99409103
17 27 33 654089  0.08660316 -0.0589962   1.00712395
17 27 33 700615  0.09209061 -0.05801392  1.00623131
17 27 33 766119  0.09923553 -0.05605507  1.01741791
17 27 33 803488  0.10065651 -0.05368042  1.02713013
17 27 33 852485  0.10441017 -0.05346107  1.02743912
17 27 33 902864  0.1068058  -0.04571342  1.02594185
17 27 33 953310  0.10785294 -0.05243683  1.02101135
17 27 34 3456  0.11130142 -0.04527092  1.01901627
17 27 34 55330  0.09912682 -0.04263687  0.99653435
17 27 34 105142  0.0878334  -0.04116821  0.98971176
17 27 34 153444  0.08785629 -0.03676033  0.98655319
17 27 34 204388  0.08870125 -0.030159    0.98388863
17 27 34 252141  0.08771133 -0.03660202  0.96890259
17 27 34 313331  0.08474731 -0.03049469  0.97357368
17 27 34 365762  0.07509232 -0.02995682  0.96528816
17 27 34 419165  0.0782814  -0.02645302  0.97525978
17 27 34 452652  0.08156967 -0.02835846  0.98417282
17 27 34 501969  0.08270264 -0.02845192  0.9667511 
17 27 34 553507  0.08614731 -0.03548813  0.97999954
17 27 34 602744  0.08746147 -0.03745651  0.98358536
17 27 34 651551  0.08942986 -0.0420475   0.98316574
17 27 34 703430  0.09461594 -0.04022408  0.9902668 
17 27 34 752241  0.09317207 -0.03847122  0.98553658
17 27 34 804392  0.09962273 -0.04514122  0.9899559 
17 27 34 872765  0.09382248 -0.05083847  0.99224854
17 27 34 899827  0.09549713 -0.04753494  1.00725937
17 27 34 951852  0.09555244 -0.05081558  1.01043701
17 27 35 838  0.09297562 -0.04309082  0.99916649
17 27 35 82470  0.09395409 -0.05272102  1.00254822
17 27 35 121003  0.09235001 -0.06105995  1.02017975
17 27 35 173860  0.09486198 -0.05190277  1.02827263
17 27 35 220036  0.09664917 -0.05871773  1.03258324
17 27 35 267510  0.08832169 -0.05603218  1.02217865
17 27 35 324050  0.08984375 -0.05204201  1.00319672
17 27 35 370517  0.08180046 -0.06938744  1.01740456
17 27 35 404078  0.07956696 -0.06135368  1.0112381 
17 27 35 473778  0.08617592 -0.05688667  1.00696182
17 27 35 510125  0.08562851 -0.06189919  0.99509239
17 27 35 568227  0.08518982 -0.06365776  1.00066757
17 27 35 623915  0.08794975 -0.07103348  0.99707985
17 27 35 668048  0.08681488 -0.05613518  1.00419235
17 27 35 703587  0.07729912 -0.0658989   0.99382591
17 27 35 753716  0.08175468 -0.06064606  0.98557091
17 27 35 804556  0.07880211 -0.06161499  0.99053001
17 27 35 851551  0.07863045 -0.05944061  0.98801613
17 27 35 904271  0.08274269 -0.05770302  0.99968338
17 27 35 952360  0.07974434 -0.05002022  0.98144722
17 27 36 4903  0.08044624 -0.04625511  0.98666   
17 27 36 56132  0.07863808 -0.05068398  0.97748375
17 27 36 104171  0.08288193 -0.0534687   0.98421288
17 27 36 153240  0.0749054  -0.05603218  0.98491096
17 27 36 201150  0.08348274 -0.04941177  0.99334145
17 27 36 252153  0.07914543 -0.0480423   0.98459244
17 27 36 301865  0.07926369 -0.05274582  0.98324966
17 27 36 353591  0.08423424 -0.05597496  0.98471832
17 27 36 403435  0.08541489 -0.06225395  0.99546432
17 27 36 457715  0.08958817 -0.05994225  1.00583839
17 27 36 524164  0.09168816 -0.06240654  1.00092506
17 27 36 571447  0.08683586 -0.06204987  0.99055481
17 27 36 625797  0.08360481 -0.06289673  0.9920311 
17 27 36 670108  0.09187508 -0.06548119  1.00737   
17 27 36 717788  0.09602356 -0.06552696  1.02113342
17 27 36 765090  0.09700394 -0.05706215  1.01675034
17 27 36 819946  0.08593941 -0.05908585  1.01982117
17 27 36 855949  0.08447838 -0.05380249  0.99921799
17 27 36 902840  0.07380867 -0.0519619   0.99318314
17 27 36 953807  0.0710659  -0.04963303  0.99873734
17 27 37 4581  2.68936157e-04  1.87479210e+00 -1.59961643e+01
17 27 37 55478  0.0636692  -0.0582695   0.98857689
17 27 37 106032  0.06470871 -0.04957008  0.95667458
17 27 37 154475   0.06136322  -0.05076218 -13.50003052
17 27 37 204040  0.1298542  -0.05190086  0.99295235
17 27 37 253552  0.13862038 -0.05572319  0.98327065
17 27 37 300495  0.13388062 -0.05250359  0.99715424
17 27 37 352317  0.12569237 -0.05544662  0.99895287
17 27 37 407867  0.12935829 -0.06044006  0.99068451
17 27 37 456770  0.13326836 -0.05893326  0.98378563
17 27 37 504040  0.12631798 -0.05200195  0.98669624
17 27 37 553357  0.12659073 -0.05412674  0.99675941
17 27 37 604088  0.13427162 -0.06217003  0.99386406
17 27 37 653204  0.13171577 -0.05552292  0.98427391
17 27 37 702484  0.12340355 -0.05534935  0.98674965
17 27 37 773634  0.11531067 -0.06380081  1.00045013
17 27 37 821527  0.11436081 -0.05651474  0.98869896
17 27 37 870926  0.1238575  -0.05729294  0.99529076
17 27 37 921222  0.11751175 -0.05558205  1.00609398
17 27 37 969859  0.11417961 -0.05956841  0.99529648
17 27 38 18576  0.11547852 -0.05828094  0.98823166
17 27 38 82027  0.11742592 -0.06466484  0.99221611
17 27 38 121241  0.10987663 -0.05600739  1.0060997 
17 27 38 165267  0.11132812 -0.05169296  1.00968552
17 27 38 211745  0.10942459 -0.05615425  1.00319672
17 27 38 268303  0.11564255 -0.05908012  0.99578094
17 27 38 310117  0.11280441 -0.05600357  0.99744415
17 27 38 352959  0.10042953 -0.06022263  1.00908661
17 27 38 403994  0.10207176 -0.05704498  1.00548935
17 27 38 453321  0.10846138 -0.05541992  0.99303627
17 27 38 500353  0.11236954 -0.05981636  0.98962021
17 27 38 557233  0.10717964 -0.05735016  0.99575043
17 27 38 603558  0.0998497  -0.05895233  1.00079155
17 27 38 653499  0.10696793 -0.05483818  0.99542999
17 27 38 702051  0.1138401  -0.05515289  0.99314117
17 27 38 753432  0.11184883 -0.05171585  0.9888401 
17 27 38 804337  0.10578156 -0.06099701  0.99955368
17 27 38 851630  0.10095215 -0.05535507  1.00658989
17 27 38 905016  0.11449432 -0.05074883  1.00631332
17 27 38 952389  0.12310219 -0.04922485  0.99736786
17 27 39 3392  0.1180439  -0.04961777  0.99163437
17 27 39 55780  0.11203384 -0.0544014   0.99474907
17 27 39 103254  0.11007881 -0.05271149  0.99252319
17 27 39 154299  0.11730194 -0.05233192  0.98721695
17 27 39 201398  0.12018967 -0.04825783  0.9863472 
17 27 39 251569  0.11137199 -0.04495049  0.99225044
17 27 39 300898  0.11965942 -0.04460335  0.97735405
17 27 39 353072  0.11637115 -0.03739738  0.97852898
17 27 39 402014  0.11398697 -0.04668999  0.9834156 
17 27 39 452214  0.11271667 -0.0399704   0.98021126
17 27 39 503314  0.11635017 -0.03864098  0.98179054
17 27 39 551403  0.1218605  -0.03930473  0.98482704
17 27 39 604932  0.12092209 -0.03070259  0.97422218
17 27 39 653320  0.11743355 -0.02980995  0.96484566
17 27 39 700643  0.11720657 -0.02939796  0.95912933
17 27 39 751733  0.11772728 -0.0357132   0.95143127
17 27 39 800422  0.12093163 -0.03023338  0.95623779
17 27 39 851995  0.1121273  -0.04138947  0.9682827 
17 27 39 901153  0.11401176 -0.03443336  0.97797012
17 27 39 952847  0.10825539 -0.03479767  0.97943115
17 27 40 1925  0.11007881 -0.0371151   0.99114418
17 27 40 60491  0.11309052 -0.04030418  0.9908886 
17 27 40 104831  0.12816048 -0.03045654  1.00201797
17 27 40 160540  0.12186813 -0.0340538   1.0095253 
17 27 40 222211  0.12099648 -0.03181267  1.01802254
17 27 40 257734  0.11304855 -0.03409576  1.01267815
17 27 40 302580  0.11785698 -0.03691101  1.01337814
17 27 40 351593  0.12160873 -0.04150963  1.01949501
17 27 40 400642  0.12308693 -0.03377724  1.00975037
17 27 40 452062  0.1180954  -0.03234291  1.00051689
17 27 40 516330  0.1160183  -0.04058838  1.00819206
17 27 40 569176  0.11339378 -0.05221939  1.01189804
17 27 40 617034  0.10573959 -0.05554962  1.00226593
17 27 40 670908  0.11710167 -0.04987717  1.00961494
17 27 40 702267  0.12065315 -0.04868126  1.00019073
17 27 40 751242  0.11081123 -0.05534172  0.99497604
17 27 40 804054  0.11243248 -0.04933167  0.99530792
17 27 40 852774  0.10709953 -0.06152153  0.99438286
17 27 40 900572  0.09550285 -0.06065369  0.98976517
17 27 40 952236  0.09420395 -0.05818748  0.98698616
17 27 41 744  0.10094452 -0.05138969  0.98914146
17 27 41 61933  0.10607529 -0.04579163  0.99587822
17 27 41 103856  0.10702896 -0.0451889   0.99498558
17 27 41 154532  0.10178947 -0.04557037  0.99171638
17 27 41 201736  0.09933662 -0.04519653  0.98752594
17 27 41 262304  0.10369873 -0.04432487  0.98386574
17 27 41 319181  0.10235977 -0.04829597  0.99330521
17 27 41 383156  0.10409164 -0.05245399  0.98613358
17 27 41 426083  0.11130714 -0.04843521  0.98995018
17 27 41 470012  0.11833572 -0.06470871  0.98505211
17 27 41 517494  0.11384964 -0.0728302   0.98945236
17 27 41 562847  0.11123466 -0.06878662  0.97181702
17 27 41 616540  0.1192627  -0.07532883  0.97456932
17 27 41 652053  0.1280632  -0.07020569  0.97520828
17 27 41 702526  0.1257534  -0.06794739  0.98450279
17 27 41 753124  0.12448883 -0.07718277  0.98436928
17 27 41 801563  0.12081718 -0.08415222  0.99031639
17 27 41 850525  0.1125927  -0.08172417  0.98096085
17 27 41 902860  0.12202072 -0.07588577  0.97377396
17 27 41 951748  0.12071609 -0.07481194  0.98711777
17 27 42 3642  0.12301064 -0.06664276  0.98986053
17 27 42 56068  0.11763    -0.07416534  0.99256134
17 27 42 101438  0.11336327 -0.07000542  1.000597  
17 27 42 154161  0.11177635 -0.06772614  0.99015617
17 27 42 201044  0.1145649  -0.05371666  1.00476837
17 27 42 251681  0.11473846 -0.0549202   1.01391983
17 27 42 310971  0.11809349 -0.05286217  1.00972748
17 27 42 360399  0.11300659 -0.05364227  1.00263214
17 27 42 403931  0.11340332 -0.0540657   0.99800682
17 27 42 450848  0.10780907 -0.05282211  1.00322914
17 27 42 503875  0.11120796 -0.05000877  1.01159668
17 27 42 551995  0.11435127 -0.05250168  0.99807167
17 27 42 604443  0.11276436 -0.05270576  0.99700356
17 27 42 652373  0.11367989 -0.04962349  0.99014854
17 27 42 700252  0.11015129 -0.05461502  0.99911118
17 27 42 751002  0.11125183 -0.04351425  1.00223351
17 27 42 800546  0.11394501 -0.04234505  1.00243378
17 27 42 851702  0.1129818  -0.04012871  0.99658775
17 27 42 902569  0.11020088 -0.04122543  0.9825325 
17 27 42 952402  0.10501671 -0.04305077  0.98854256
17 27 43 2496  0.10817909 -0.03255272  0.98701859
17 27 43 59745  0.10896873 -0.02785683  0.9827919 
17 27 43 111567  4.15802002e-04 -1.31251049e+01 -1.06211929e+01
17 27 43 151791  0.10238647 -0.02999496  0.97154427
17 27 43 205294  0.10508728 -0.03164673  0.97417259
17 27 43 251292   0.10871124  -0.03513718 -13.50002289
17 27 43 300032  0.08136559 -0.04813385  0.99316788
17 27 43 350992  0.08303261 -0.05373192  0.9975071 
17 27 43 400349  0.09146881 -0.06364632  1.01068306
17 27 43 451930  0.09297943 -0.05109215  1.01708603
17 27 43 501499  0.09257126 -0.03978348  1.00284195
17 27 43 552742  0.09565163 -0.03796387  1.00709724
17 27 43 602565  0.10388565 -0.04302025  1.00149155
17 27 43 659535  0.09844017 -0.06097412  1.00157166
17 27 43 723143  0.10614586 -0.05489159  1.0006218 
17 27 43 753371  0.10056686 -0.04711914  1.0078125 
17 27 43 804080  0.09887123 -0.04909897  1.01773834
17 27 43 852412  0.10033035 -0.04943848  0.9926815 
17 27 43 907928  0.10404205 -0.06096268  0.99234009
17 27 43 951809  0.10438156 -0.05436134  0.98940468
17 27 44 159  0.10085678 -0.04509926  1.00473785
17 27 44 63026  0.09299469 -0.05391693  0.99509239
17 27 44 104011  0.09677505 -0.0511055   0.99332237
17 27 44 155475  0.0945034  -0.05200195  0.98812866
17 27 44 202091  0.10720634 -0.04888344  0.9817028 
17 27 44 272122  0.10318756 -0.05675507  0.97558594
17 27 44 322770  0.11367607 -0.02989006  0.97265816
17 27 44 357438  0.10092545 -0.04796219  0.9939537 
17 27 44 404210  0.10974121 -0.03944969  0.98224831
17 27 44 452477  0.09531975 -0.04936409  0.96167374
17 27 44 499200  0.08843422 -0.03362465  0.95305824
17 27 44 551390  0.09412193 -0.04497337  0.96528053
17 27 44 600195  0.09978867 -0.04291725  0.97308159
17 27 44 652123  0.09315872 -0.03974533  0.95523643
17 27 44 701387  0.0909977  -0.04294395  0.94294167
17 27 44 752620  0.08057022 -0.05052757  0.959589  
17 27 44 801898  0.08310318 -0.05391884  0.972332  
17 27 44 852369  0.08008957 -0.05608749  0.99049187
17 27 44 903111  0.07880211 -0.05574226  1.00037575
17 27 44 951534  0.0761776  -0.05055046  0.98297882
17 27 45 23518  0.08696365 -0.05505371  0.98321533
17 27 45 70001  0.08627319 -0.06143379  1.0008316 
17 27 45 116856  0.08229828 -0.05652237  1.01247978
17 27 45 174452  0.07987404 -0.06005859  1.01629257
17 27 45 221671  0.08085251 -0.07111549  1.02745628
17 27 45 252088  0.08719063 -0.06232071  1.0362854 
17 27 45 302052  0.0868988  -0.04990005  1.03087997
17 27 45 352783  0.08511162 -0.06048584  1.02897263
17 27 45 403177  0.09022903 -0.06022263  1.03298759
17 27 45 451181  0.09052849 -0.04346466  1.04524803
17 27 45 504070  0.08757019 -0.06846619  1.06981659
17 27 45 552632  0.08408928 -0.05753517  1.03068352
17 27 45 617257  0.08850479 -0.0517292   1.02303314
17 27 45 654115  0.08818054 -0.06243324  1.03128242
17 27 45 699268  0.09178352 -0.06497002  1.05344772
17 27 45 751841  0.09153938 -0.05913162  1.00530815
17 27 45 801203  0.08829498 -0.06561661  1.01703835
17 27 45 852853  0.08493996 -0.06152344  1.02478981
17 27 45 901476  0.09518242 -0.05179405  1.00072861
17 27 45 952884  0.08197975 -0.06032181  0.99217987
17 27 46 2783  0.08940315 -0.06010437  1.00314331
17 27 46 59986  0.0921154  -0.04727936  0.98684883
17 27 46 105060  0.08570099 -0.04764557  0.97475052
17 27 46 152532  0.08454323 -0.05734444  0.97957039
17 27 46 203054  0.08535957 -0.04676437  0.96606445
17 27 46 251557  0.09291267 -0.0450573   0.95307922
17 27 46 299781  0.0897007  -0.05155373  0.97456932
17 27 46 354491  0.0921917  -0.05047035  0.97199059
17 27 46 404704  0.09821892 -0.04810333  0.97075462
17 27 46 452085  0.09353638 -0.04960632  0.96839333
17 27 46 502890  0.102808   -0.05668259  0.96261597
17 27 46 553746  0.09955215 -0.05366135  0.95858765
17 27 46 610064  0.09639359 -0.05992126  0.97746277
17 27 46 651905  0.10166359 -0.05178833  0.97929192
17 27 46 702727  0.09666443 -0.06125259  0.96567345
17 27 46 751821  0.08939552 -0.05573273  0.9713726 
17 27 46 803470  0.08945656 -0.05404663  0.9677906 
17 27 46 851717  0.09005356 -0.05425644  0.9790287 
17 27 46 901607  0.08691788 -0.06588173  0.97830009
17 27 46 951895  0.09136391 -0.05340385  0.99957466
17 27 47 778  0.08916283 -0.0429554   0.98739433
17 27 47 63153  0.09404373 -0.04789162  0.99470329
17 27 47 124586  0.096241   -0.05453491  1.00834846
17 27 47 152024  0.10079002 -0.04766846  1.02373695
17 27 47 210546  0.09772873 -0.04516983  1.02858353
17 27 47 269925  0.08603859 -0.0498085   1.03954887
17 27 47 320754  0.07893372 -0.05424881  1.02872276
17 27 47 368099  0.08419609 -0.0718956   1.01347351
17 27 47 423778  0.07069206 -0.05524826  1.01392746
17 27 47 484305  0.0707798  -0.0248127   1.02812958
17 27 47 518778  0.06605339 -0.04057884  1.02666855
17 27 47 560129  0.06202126 -0.06169128  1.00668907
17 27 47 600940  0.05978775 -0.05657196  0.98014069
17 27 47 651801  0.06096458 -0.06561852  0.99347878
17 27 47 701216  0.05712128 -0.05805969  1.01539612
17 27 47 752448  0.05468559 -0.05306816  1.02289963
17 27 47 801959  0.06157875 -0.05880928  1.03880692
17 27 47 859156  0.06575966 -0.06252289  1.03404999
17 27 47 903271  0.07892799 -0.04767799  1.00290298
17 27 47 953015  0.07142067 -0.04905701  0.98987579
17 27 48 7905  0.07834435 -0.0493412   1.02229691
17 27 48 68143  0.07534218 -0.0335083   0.98922539
17 27 48 112611  0.08096313 -0.04430389  0.97400665
17 27 48 152880  0.09353828 -0.04026222  0.93750572
17 27 48 204984  0.11521149 -0.04915237  0.95479965
17 27 48 253391  0.09696198 -0.0558815   0.95816612
17 27 48 301676  0.09252167 -0.02552223  0.9895401 
17 27 48 352747  0.08271217 -0.0244236   0.98498344
17 27 48 401595  0.08459663 -0.03672981  0.96402168
17 27 48 450142  0.10932732 -0.03030777  0.90354729
17 27 48 503602  0.10569954 -0.04019356  0.92148781
17 27 48 551320  0.11635208 -0.05618668  0.94446373
17 27 48 605285  0.08493423 -0.06318855  0.96039772
17 27 48 652630  0.08909798 -0.05053711  0.97456169
17 27 48 701195  0.07686615 -0.04728127  0.94635963
17 27 48 752796  0.07592392 -0.05991936  0.93886375
17 27 48 800648  0.09183502 -0.03714752  0.92741585
17 27 48 852107  0.10087395 -0.04266548  1.00895119
17 27 48 901414  0.10077286 -0.03812599  0.98487091
17 27 48 952958  0.09318542 -0.05178833  0.97967911
17 27 49 1056  0.08017731 -0.04989433  0.9670372 
17 27 49 59712  0.07541084 -0.05084419  1.00447845
17 27 49 104479  0.07819939 -0.04947853  1.03283882
17 27 49 151164  0.0870266  -0.04777336  1.05723381
17 27 49 204256  0.09848213 -0.04773521  1.03380966
17 27 49 252132  0.08290672 -0.07085609  1.04191208
17 27 49 298744  3.14712524e-04  4.87485886e+00 -6.12100029e+00
17 27 49 351369  0.08217621 -0.04221916  1.0293541 
17 27 49 400347  0.08209991 -0.04804993  1.05443764
17 27 49 451396  2.95639038e-04  6.12473679e+00 -2.49577904e+00
17 27 49 500983  0.08153152 -0.05314255  1.06056404
17 27 49 552016  0.07264328 -0.08098412  1.04353523
17 27 49 601469  0.07030296 -0.05937004  1.03061676
17 27 49 650978  0.08019257 -0.06080818  1.03697777
17 27 49 703119  0.08253098 -0.08265114  1.02542305
17 27 49 750987  0.09303665 -0.07577324  1.03391075
17 27 49 805966  0.09594727 -0.07201576  1.04735374
17 27 49 851776  0.10102272 -0.06968307  1.02349472
17 27 49 900301  0.09348297 -0.08479691  1.04471397
17 27 49 951470  0.09139633 -0.08443642  1.00380325
17 27 50 9281  0.08585739 -0.09423447  0.99297333
17 27 50 68632  0.09666061 -0.08587837  1.01078415
17 27 50 121243  0.10271263 -0.1014061   1.01698875
17 27 50 164980  0.09205437 -0.09382629  1.00276566
17 27 50 201794  0.084589   -0.10238838  0.98317146
17 27 50 249449  0.09019089 -0.08988571  0.99234009
17 27 50 301944  0.09049416 -0.09726906  0.98262215
17 27 50 351247  0.09113121 -0.088274    0.97123718
17 27 50 402875  0.10394478 -0.10243416  0.98923683
17 27 50 452100  0.09726715 -0.08638191  0.96822357
17 27 50 498802  0.0844574  -0.11008453  0.96816826
17 27 50 550888  0.09248734 -0.09078598  0.95851326
17 27 50 599647  0.08440971 -0.08202744  0.99085999
17 27 50 653208  0.08374023 -0.07547951  0.96415329
17 27 50 700481  0.10121536 -0.07653046  0.99460411
17 27 50 752371  0.11937904 -0.07657433  0.98670197
17 27 50 803885  0.09785652 -0.08334923  0.98120308
17 27 50 851191  0.10262871 -0.07080269  0.97664261
17 27 50 903579  0.10214996 -0.07705116  0.98071861
17 27 50 951161  0.09552765 -0.0794735   0.99167824
17 27 51 2970  0.10434914 -0.07368469  0.98075294
17 27 51 55049  0.10339355 -0.08568764  0.98866844
17 27 51 101914  0.08967972 -0.06871223  0.99307823
17 27 51 152698  0.09053612 -0.07333565  0.96846008
17 27 51 201260  0.09420586 -0.09794235  0.9619751 
17 27 51 251387  0.08878326 -0.07217598  0.98858452
17 27 51 300580  0.08563423 -0.10865211  1.00520515
17 27 51 353184  0.09129143 -0.08889961  1.00171661
17 27 51 403422  0.0967083  -0.06935692  0.97743034
17 27 51 452402  0.09007645 -0.08748436  0.99839211
17 27 51 502480  0.08172226 -0.09916687  1.00652885
17 27 51 552007  0.08863449 -0.0774765   0.98574829
17 27 51 603320  0.08485603 -0.09380913  0.99228859
17 27 51 651922  0.08298111 -0.07405472  1.02414513
17 27 51 699096  0.0912075  -0.06853485  1.00704956
17 27 51 750487  0.08605385 -0.07085991  0.98475075
17 27 51 806041  0.0819912  -0.09621239  1.01841545
17 27 51 861966  0.07817841 -0.06440926  0.99106979
17 27 51 920322  0.08346176 -0.07158089  1.00103569
17 27 51 956285  0.07888412 -0.07997513  0.98792648
17 27 52 1308  0.08806992 -0.0606575   0.99213028
17 27 52 75332  0.08067322 -0.0657444   0.99277306
17 27 52 118922  0.07626915 -0.08668709  1.02240372
17 27 52 166771  0.07436371 -0.07689095  0.99505997
17 27 52 222118  0.07803345 -0.04563332  0.98665428
17 27 52 267467  0.07257462 -0.07964706  1.00955582
17 27 52 318375  0.08633614 -0.04589462  0.98788834
17 27 52 350863  0.09441376 -0.05490303  0.97062111
17 27 52 401652  0.08119392 -0.06302834  0.99715233
17 27 52 451292  0.08695793 -0.05599022  1.01610756
17 27 52 502492  0.0792408  -0.03103447  0.97093201
17 27 52 553074  0.07823563 -0.05989838  1.00567055
17 27 52 606905  0.08587074 -0.03463745  0.97628593
17 27 52 651206  0.08531952 -0.05145454  0.99796295
17 27 52 703320  0.08687019 -0.04633331  0.98001671
17 27 52 761297  0.08084297 -0.04258156  1.00231552
17 27 52 821025  0.07378197 -0.03753853  0.97659492
17 27 52 871197  0.06703377 -0.0506134   0.9868927 
17 27 52 906291  0.07566452 -0.05733871  0.99231911
17 27 52 959698  0.08126068 -0.0486393   0.99373245
17 27 53 14240  0.08032799 -0.04706192  1.00304794
17 27 53 62597  0.08270836 -0.05621719  0.99758911
17 27 53 98842  0.07369232 -0.05201149  0.99907684
17 27 53 151556  0.07945061 -0.07030106  0.98688316
17 27 53 201569  0.07862663 -0.06085587  1.01490021
17 27 53 249095  0.08381462 -0.05233765  0.99163437
17 27 53 301057  0.08933067 -0.06154633  1.00157356
17 27 53 352006  0.0856514  -0.07651138  1.00534058
17 27 53 404055  0.08898163 -0.05176353  0.98881531
17 27 53 453437  0.08398056 -0.07753563  1.00514412
17 27 53 499235  0.08558273 -0.06210136  1.01473808
17 27 53 552141  0.08607483 -0.06232643  1.00003433
17 27 53 601609  0.09103584 -0.07204819  0.98617935
17 27 53 651208  0.09104729 -0.06554794  0.99214363
17 27 53 700750  0.10288811 -0.06679153  0.98311996
17 27 53 752132  0.09507942 -0.070261    0.9871788 
17 27 53 802792  0.09214211 -0.07012749  0.98056412
17 27 53 852373  0.08998108 -0.06557655  0.98279572
17 27 53 903513  0.09490967 -0.05911827  0.96475983
17 27 53 950861  0.09198189 -0.08591652  0.96226692
17 27 54 4121  0.09454918 -0.07892609  0.97680092
17 27 54 55278  0.07732582 -0.0678997   0.97614098
17 27 54 100861  0.08510017 -0.06843185  0.98082733
17 27 54 153104  0.08303261 -0.06214333  0.95341682
17 27 54 217751  0.08370209 -0.06973076  0.94864273
17 27 54 266266  0.08952522 -0.08732986  0.95020676
17 27 54 301374  0.0906868  -0.07605171  0.97663307
17 27 54 352251  0.08885002 -0.08053398  0.96926498
17 27 54 401678  0.08376884 -0.08476257  0.97734451
17 27 54 451643  0.08701706 -0.09316444  0.97786331
17 27 54 502340  0.08288193 -0.08609962  0.98478889
17 27 54 554505  0.09065247 -0.09430885  0.97270203
17 27 54 603778  0.08634949 -0.09816742  0.97693443
17 27 54 652915  0.08785057 -0.09404182  0.96524811
17 27 54 699223  0.08506584 -0.09533882  0.9887886 
17 27 54 753315  0.08514404 -0.10470963  0.99168587
17 27 54 812747  0.08117676 -0.10378075  1.01057625
17 27 54 858056  0.07580376 -0.10433197  1.00362015
17 27 54 904257  0.07976341 -0.09642982  1.00917625
17 27 54 954323  0.08195114 -0.10969543  1.01491737
17 27 55 3498  0.07276535 -0.1066227   1.01370811
17 27 55 59752  0.07128525 -0.10695267  1.01317787
17 27 55 112074  0.06463814 -0.07528687  1.02575493
17 27 55 167880  0.06715775 -0.08722496  1.0371418 
17 27 55 221160  0.07742119 -0.09279442  1.02881432
17 27 55 263473  0.07529259 -0.09279823  1.03778458
17 27 55 299276  0.07998085 -0.08834076  1.05418968
17 27 55 351244  0.07473755 -0.08935356  1.06175613
17 27 55 400727  0.07422066 -0.06649208  1.05893707
17 27 55 452574  0.0705986  -0.07899094  1.0333004 
17 27 55 501566  0.08107185 -0.06865883  1.02848625
17 27 55 554202  0.08569908 -0.07004356  1.02258301
17 27 55 601654  0.08418083 -0.07576561  1.03866959
17 27 55 651779  0.07747078 -0.06546402  1.01685143
17 27 55 725083  0.08209038 -0.05857658  1.03680801
17 27 55 753162  0.07247353 -0.06776428  1.02394104
17 27 55 812077  2.82287598e-04 -1.20002823e+01 -9.87112045e+00
17 27 55 873531  0.08569145 -0.07765388  0.98146057
17 27 55 914060  0.0759182  -0.06546593  1.0127697 
17 27 55 950911  0.078125   -0.06137276  0.98318863
17 27 56 879  0.07547569 -0.06075096  0.97757721
17 27 56 61818  0.0730381  -0.07308197  0.97491837
17 27 56 98122  0.0738945  -0.06449699  0.95681381
17 27 56 160521  0.0887394  -0.03779984  1.00375175
17 27 56 210261  0.07858849 -0.04863739  1.02226639
17 27 56 267802  0.08734703 -0.02557755  1.00902367
17 27 56 321033  0.0866375  -0.02609062  1.01392937
17 27 56 372566  0.08346939 -0.03525734  1.02610397
17 27 56 420584  0.08536148 -0.04043007  1.01929092
17 27 56 471133  0.08358383 -0.03763008  1.0110302 
17 27 56 519448  0.08341217 -0.03913689  1.01931953
17 27 56 568068  0.08236504 -0.04358101  1.01614189
17 27 56 618233  0.07898521 -0.05015182  1.00272369
17 27 56 654987  0.08758354 -0.05923462  1.01585007
17 27 56 701160  0.07362938 -0.06208229  1.02356911
17 27 56 752655  0.08073044 -0.05559731  1.00980949
17 27 56 800692  0.0752449  -0.0549202   1.00000191
17 27 56 850348  0.07647514 -0.06579208  1.00621414
17 27 56 902204  0.07805634 -0.05134201  1.00174332
17 27 56 953104  0.07906723 -0.05932999  1.0054245 
17 27 57 3427  0.07551956 -0.05904961  1.01906586
17 27 57 54848  0.08215904 -0.05694008  1.00082016
17 27 57 102025  0.08116341 -0.05391502  0.99896812
17 27 57 170262  0.07805824 -0.0577755   1.00570869
17 27 57 217724  0.08410835 -0.06562042  1.00401878
17 27 57 254985  0.08366394 -0.06289673  0.9882946 
17 27 57 301383  0.08699608 -0.0719986   1.00222015
17 27 57 359951  0.08738899 -0.05625153  0.99386215
17 27 57 421777  0.08982468 -0.06102753  0.98674965
17 27 57 473498  0.08526802 -0.06434441  0.99914932
17 27 57 515133  0.08441162 -0.06545067  0.99695778
17 27 57 550888  0.08684731 -0.06479454  0.99072075
17 27 57 603758  0.08727837 -0.06203651  0.98276138
17 27 57 651360  0.08623695 -0.06077194  0.99003029
17 27 57 701138  0.08193588 -0.04863739  0.98317909
17 27 57 751637  0.07801628 -0.04893684  0.99098778
17 27 57 800327  0.09079552 -0.04395103  0.97835541
17 27 57 852940  0.08513069 -0.03921509  0.99942398
17 27 57 901895  0.08512115 -0.03380966  1.00608826
17 27 57 953979  0.09300041 -0.0429287   1.02693367
17 27 58 1329  0.11293602 -0.03368187  0.99201775
17 27 58 58323  0.0951767  -0.04338455  1.02644157
17 27 58 108967  0.08883858 -0.03688812  1.01221848
17 27 58 150358  0.09141159 -0.03458786  1.00637245
17 27 58 203136  0.09161186 -0.02898407  0.97571945
17 27 58 251633  0.08708191 -0.03214264  0.98368263
17 27 58 299510  0.08248901 -0.03988266  0.97507668
17 27 58 351624  0.07983208 -0.05495453  0.98036766
17 27 58 399496  0.07554436 -0.05507278  0.9682045 
17 27 58 450761  0.06160927 -0.04810524  0.97547913
17 27 58 499803  0.06878471 -0.05853653  0.9751606 
17 27 58 552189  0.07917595 -0.0559864   0.97293854
17 27 58 600707  0.08674622 -0.06451988  0.98919296
17 27 58 676432  0.0853157  -0.05783272  1.00237083
17 27 58 721508  0.08123207 -0.05734253  0.99367523
17 27 58 771031  0.07968712 -0.04530334  0.99915123
17 27 58 803158  0.08136559 -0.03965187  0.99287987
17 27 58 851474  0.08435822 -0.03712845  0.98806381
17 27 58 900465  0.0773735  -0.03645134  0.99580383
17 27 58 950935  0.07981873 -0.0265522   0.99292564
17 27 58 999549  0.07682228 -0.03403091  1.00409508
17 27 59 62004  0.07378387 -0.03046799  0.9840889 
17 27 59 98663  0.07359314 -0.04121208  0.98091698
17 27 59 151211  0.06575012 -0.049263    1.00017929
17 27 59 203482  0.07164574 -0.05292892  1.00006294
17 27 59 250394  0.07287407 -0.04568863  1.00572395
17 27 59 310916  0.0687809  -0.05614471  0.9954052 
17 27 59 351143  0.0668087  -0.0473175   0.99494171
17 27 59 403571  0.06093025 -0.05301857  1.00225258
17 27 59 451556  0.06213188 -0.05595207  1.01089668
17 27 59 498454  0.06191635 -0.04589653  1.03090668
17 27 59 559816  0.06280708 -0.03601837  1.01016045
17 27 59 599806  0.06894875 -0.03016663  1.01018143
17 27 59 650808  0.07209396 -0.02300644  0.99448776
17 27 59 699843  0.07262993 -0.02422905  0.99956131
17 27 59 771049  0.0812149  -0.02265549  1.01571465
17 27 59 819215  0.07329559 -0.02976799  1.02131081
17 27 59 873454  0.06660652 -0.03442764  1.02093506
17 27 59 921813  0.06856346 -0.03785896  1.00503922
17 27 59 970948  0.06497765 -0.0474987   1.00578499
17 28 0 24947  0.06274033 -0.05014038  0.99820137
17 28 0 66217  0.06653976 -0.0519352   0.99578094
17 28 0 119092  0.06473923 -0.05100822  0.99362564
17 28 0 166740  0.05855179 -0.05841064  0.98116302
17 28 0 216664  0.06118584 -0.06062508  0.97047806
17 28 0 275893  0.06018257 -0.06039429  0.97354889
17 28 0 321841  0.06591415 -0.06200218  0.98186874
17 28 0 364899  0.06744766 -0.06215096  0.98999596
17 28 0 420189  0.0638485  -0.05491066  0.9893837 
17 28 0 468944  0.0620079  -0.05319595  0.98579788
17 28 0 524490  0.067873   -0.05197716  0.98314095
17 28 0 566111  0.06384659 -0.04691696  0.98496056
17 28 0 623194  0.06707001 -0.04970741  1.00307274
17 28 0 674211  0.06403923 -0.04951668  1.00344467
17 28 0 718702  0.0648613  -0.0496254   1.00548363
17 28 0 755809  0.07097816 -0.04414368  1.00000572
17 28 0 799750  0.06702995 -0.0459938   1.00143623
17 28 0 851090  0.0676403  -0.0468998   1.00498772
17 28 0 900433  0.06771088 -0.04152298  0.99861908
17 28 0 952663  0.06781387 -0.04503441  1.00298691
17 28 1 4637  0.06321526 -0.04236221  0.99059677
17 28 1 58575  0.05236053 -0.04892921  0.99291039
17 28 1 104625  0.05549812 -0.05095291  0.99220085
17 28 1 150376  0.06030273 -0.04818344  1.00203896
17 28 1 202647  0.05930901 -0.04510689  0.99937248
17 28 1 251571  0.06169128 -0.04335403  0.9921627 
17 28 1 299190  0.06098366 -0.04076576  0.99000359
17 28 1 352913  0.0562706  -0.04602432  0.99293137
17 28 1 400779  0.054245   -0.05245018  1.00353813
17 28 1 451247  0.05373764 -0.04700089  1.0034523 
17 28 1 500182  0.05535507 -0.04012108  0.99908257
17 28 1 551776  0.05571747 -0.0382328   0.99821281
17 28 1 600696  0.05047798 -0.04476738  0.99561691
17 28 1 650137  0.05122375 -0.03487015  0.99368286
17 28 1 704121  0.05434799 -0.03939056  1.00678253
17 28 1 750680  0.05139351 -0.04200935  1.00314331
17 28 1 803614  0.0519619  -0.0434227   0.99539566
17 28 1 851435  0.05309677 -0.03756523  0.99740982
17 28 1 898357  2.26974487e-04  1.39998169e+01 -1.57461262e+01
17 28 1 950029  0.05604362 -0.05204964  0.99810028
17 28 1 999301  0.05028534 -0.05027962  1.00561523
17 28 2 62781   0.04829979  -0.04832077 -13.50002098
17 28 2 99792 -0.08186531 -0.04854012  0.99980164
17 28 2 150924 -0.08515549 -0.05001259  0.99272728
17 28 2 200778 -0.08461952 -0.04534149  0.99952698
17 28 2 249758 -0.08263588 -0.04960823  0.9944973 
17 28 2 305331 -0.08396149 -0.04946136  1.00640869
17 28 2 378722 -0.08208275 -0.05349922  1.0046463 
17 28 2 402293 -0.07855034 -0.05518723  0.99795151
17 28 2 452683 -0.07507515 -0.05023956  1.00229263
17 28 2 498907 -0.07349586 -0.05603027  1.00942802
17 28 2 549996 -0.0758934  -0.05080605  1.00822258
17 28 2 599194 -0.07546806 -0.05493355  1.00741005
17 28 2 663520 -0.07780075 -0.05779076  1.00383759
17 28 2 727392 -0.07517052 -0.06126976  1.00340843
17 28 2 772238 -0.07668877 -0.0608902   1.0012989 
17 28 2 818442 -0.07868958 -0.06049347  1.00247192
17 28 2 850407 -0.08303261 -0.06099129  1.00047874
17 28 2 902286 -0.06941795 -0.05889893  0.98545647
17 28 2 950368 -0.07541275 -0.06129074  0.99941063
17 28 3 2748 -0.0693779  -0.06532288  0.98317909
17 28 3 72330 -0.07704353 -0.06159401  0.99355125
17 28 3 118831 -0.07819557 -0.054245    0.98938179
17 28 3 172650 -0.07967949 -0.05573273  0.9790535 
17 28 3 220562 -0.08446884 -0.05114365  0.98513603
17 28 3 263718 -0.08616447 -0.05324173  0.98904037
17 28 3 300834 -0.07788277 -0.04712296  0.99169922
