17 27 24 139472  0.00159597 -0.00417805  0.00197935
17 27 24 148616  0.00190353 -0.00461864  0.00189686
17 27 24 167053  0.00203323 -0.0045476   0.00241995
17 27 24 202055  0.0014863  -0.00431442  0.00239849
17 27 24 252960  0.00166941 -0.00455427  0.00268698
17 27 24 302735  0.00191784 -0.0047183   0.00252199
17 27 24 353841  0.00180626 -0.00449419  0.00267124
17 27 24 403386  0.00185394 -0.00455666  0.00250626
17 27 24 454375  0.00170612 -0.00446987  0.00319529
17 27 24 506194  0.00180769 -0.00437832  0.00341606
17 27 24 555414  0.0010047  -0.00401211  0.00297928
17 27 24 605670  0.0005455  -0.0040555   0.00294685
17 27 24 661043 -4.52995300e-05 -3.54671478e-03  3.27539444e-03
17 27 24 700813 -0.00047779 -0.00393009  0.00324774
17 27 24 752721 -0.00074768 -0.00360823  0.00289726
17 27 24 802357 -0.00068712 -0.00347137  0.00297117
17 27 24 853259 -0.00132799 -0.00354195  0.0027442 
17 27 24 906903 -0.00099182 -0.00358486  0.00217056
17 27 24 954281 -0.00106668 -0.00408649  0.00265884
17 27 25 3948 -0.00184059 -0.0039711   0.00197744
17 27 25 60891 -0.00186872 -0.00374031  0.00174522
17 27 25 105858 -0.00242949 -0.0031271   0.00156832
17 27 25 151936 -0.00236654 -0.00286674  0.00089598
17 27 25 204258 -0.00178146 -0.00268078  0.00078678
17 27 25 253004 -0.00154495 -0.00251102  0.00075054
17 27 25 308638 -0.00161886 -0.0017128   0.00017548
17 27 25 352372 -0.00146675 -0.00106573 -0.00013161
17 27 25 402023 -0.00146723 -0.00154781 -0.00100279
17 27 25 455403 -0.00179482 -0.00061607 -0.00161505
17 27 25 502943 -0.00186682 -0.00011873 -0.00234318
17 27 25 555266 -0.00183773  0.00061417 -0.00312614
17 27 25 605500 -0.00178528  0.00152493 -0.00340843
17 27 25 652168 -0.00158167  0.00213194 -0.0038743 
17 27 25 703956 -0.00172186  0.00350475 -0.00494289
17 27 25 752094 -0.0013485   0.00427151 -0.0054245 
17 27 25 804327 -0.00179911  0.00554132 -0.00607395
17 27 25 854147 -0.00152922  0.00616503 -0.00651121
17 27 25 900697 -0.00129318  0.00688601 -0.00643015
17 27 25 952186 -0.00071764  0.008255   -0.00664139
17 27 26 2497 -0.00028133  0.00891018 -0.00664091
17 27 26 64475  5.38825989e-05  9.08327103e-03 -7.04002380e-03
17 27 26 101724 -0.00013685  0.01046515 -0.00741291
17 27 26 153512  0.00056171  0.01140118 -0.00785446
17 27 26 202601  0.00066137  0.01159382 -0.00804949
17 27 26 254212  0.00115681  0.01301432 -0.00772572
17 27 26 304912  0.00166655  0.01409245 -0.00809813
17 27 26 353369  0.00146532  0.01495886 -0.00793314
17 27 26 405675  0.00118637  0.01546097 -0.00758505
17 27 26 453632  0.00048733  0.01631689 -0.00766659
17 27 26 501692  0.00038338  0.01669884 -0.0074172 
17 27 26 552425  2.09808350e-05  1.65729523e-02 -7.82155991e-03
17 27 26 600894 -0.00043678  0.01686525 -0.00778246
17 27 26 652518 -0.00025749  0.01688623 -0.00716448
17 27 26 703217  0.00035191  0.01784182 -0.00702763
17 27 26 754597  0.00025749  0.01847935 -0.0068059 
17 27 26 804007 -0.00054836  0.01851082 -0.00677061
17 27 26 852722 -0.00037146  0.01859045 -0.00649261
17 27 26 906290  4.33921814e-05  1.89132690e-02 -6.80685043e-03
17 27 26 952164  3.57627869e-05  1.91035271e-02 -6.30617142e-03
17 27 27 5541  0.00028276  0.01845932 -0.00661135
17 27 27 55999  0.00049353  0.01778698 -0.006145  
17 27 27 102916  0.00127077  0.01729965 -0.00598669
17 27 27 153958  0.00189066  0.01662445 -0.00639629
17 27 27 203091  0.00189447  0.01579762 -0.00642395
17 27 27 252773  0.00246096  0.01637173 -0.00719452
17 27 27 305652  0.00105715  0.01642466 -0.00716686
17 27 27 353955  0.00067425  0.01522207 -0.0068388 
17 27 27 405483  0.00049019  0.01502562 -0.00788593
17 27 27 453614 -9.77516174e-05  1.42846107e-02 -8.24260712e-03
17 27 27 506235 -0.000525    0.01362324 -0.00894976
17 27 27 555087 -0.00148821  0.01224089 -0.00977087
17 27 27 608096 -0.00234747  0.01112032 -0.01041937
17 27 27 653423 -0.00252676  0.00942516 -0.01111698
17 27 27 700509 -0.0020566   0.00803947 -0.01148319
17 27 27 751642 -0.00268507  0.00700521 -0.01136017
17 27 27 801622 -0.00281477  0.00549173 -0.01202488
17 27 27 856527 -0.00249338  0.00449133 -0.01144266
17 27 27 901735 -0.00269842  0.00271368 -0.01099634
17 27 27 953805 -0.0029006   0.00079966 -0.01069927
17 27 28 2566 -0.00280952 -0.00067806 -0.01076365
17 27 28 59950 -0.00106907 -0.00278473 -0.01046276
17 27 28 105608 -0.00013399 -0.00381851 -0.0097537 
17 27 28 152353 -4.05311584e-05 -5.13505936e-03 -9.20581818e-03
17 27 28 205829 -0.00071907 -0.00659132 -0.00831747
17 27 28 253943 -0.00135899 -0.00805616 -0.00825119
17 27 28 300584 -0.00267887 -0.00892258 -0.0075264 
17 27 28 351572 -0.00249958 -0.01029301 -0.00723505
17 27 28 400681 -0.00441027 -0.01027679 -0.00630808
17 27 28 452578 -0.00585127 -0.01208162 -0.00538063
17 27 28 501890 -0.00613451 -0.01350117 -0.0046339 
17 27 28 553617 -0.00589085 -0.01491261 -0.00376368
17 27 28 603609 -0.00536156 -0.01576328 -0.00318956
17 27 28 657639 -0.00644779 -0.01625109 -0.00303793
17 27 28 704043 -0.00875139 -0.01699686 -0.00257015
17 27 28 751787 -0.00887346 -0.01818323 -0.00229502
17 27 28 804899 -0.00652409 -0.01905584 -0.00149393
17 27 28 853544 -0.00493956 -0.01957703 -0.00083971
17 27 28 912932 -0.00386715 -0.0201869  -0.00033808
17 27 28 952145 -0.00405598 -0.02025795 -0.00029135
17 27 29 2547 -0.00363636 -0.02071667 -0.00025606
17 27 29 70929 -0.0012846 -0.0217824 -0.0008769
17 27 29 105508  0.00032473 -0.0217948  -0.00045061
17 27 29 155974  0.00190496 -0.02231455  0.0001955 
17 27 29 202321  0.0016427  -0.02317619  0.00070095
17 27 29 250874  0.00123549 -0.02398539  0.00155973
17 27 29 303357  0.0018115  -0.02517462  0.00158691
17 27 29 352403  0.0023737  -0.02639723  0.00228024
17 27 29 404006  0.00160122 -0.02706957  0.00279236
17 27 29 452989  0.00141811 -0.02797365  0.00311279
17 27 29 500805  0.00083447 -0.02794409  0.00326347
17 27 29 551275  0.00048256 -0.02822638  0.00282907
17 27 29 600648  0.00101709 -0.02864933  0.00253439
17 27 29 653836  0.00089455 -0.02806568  0.00224495
17 27 29 701354 -0.00020361 -0.02777004  0.00118399
17 27 29 753311 -5.11646271e-04 -2.84266472e-02  9.77516174e-05
17 27 29 802793 -0.00086546 -0.02765274 -0.00063992
17 27 29 851437 -0.00121498 -0.02729845 -0.00202894
17 27 29 906557 -0.00059414 -0.02706528 -0.00274849
17 27 29 951803  0.0010376  -0.02641916 -0.00339842
17 27 30 18773  0.00218391 -0.02598476 -0.0037632 
17 27 30 56062  0.00415897 -0.02483892 -0.00443125
17 27 30 101816  0.00544882 -0.02347946 -0.0051012 
17 27 30 154030  0.00785685 -0.02257013 -0.00536919
17 27 30 202560  0.00858402 -0.0211339  -0.00617599
17 27 30 252487  0.01035643 -0.02080679 -0.00694275
17 27 30 301616  0.01065779 -0.01970148 -0.00744772
17 27 30 354202  0.00981474 -0.0199275  -0.00886917
17 27 30 403000  0.00986147 -0.01887417 -0.00905752
17 27 30 457228  0.00993633 -0.0181303  -0.01009274
17 27 30 503732  0.00790071 -0.0165925  -0.01032972
17 27 30 552015  0.00674486 -0.0159359  -0.01046848
17 27 30 606262  0.00477266 -0.01501513 -0.0104475 
17 27 30 653063  0.00263929 -0.01404333 -0.01033545
17 27 30 714527  0.00234222 -0.01281691 -0.00948048
17 27 30 752786  0.0022974  -0.01134253 -0.00852346
17 27 30 800739  0.00103664 -0.00990677 -0.00757694
17 27 30 861209 -1.72138214e-04 -3.11665535e-02 -3.81252813e+00
17 27 30 920104 -0.00113916 -0.00962925 -0.00669098
17 27 30 969749 -0.00132275 -0.00821781 -0.00601864
17 27 31 10118 -0.00098085 -0.00715113 -0.00500488
17 27 31 60097 -0.00172615 -0.00617695 -0.00452375
17 27 31 105350 -0.00294209 -0.00524569 -0.00409937
17 27 31 159169 -0.0026741  -0.00488138 -0.00340748
17 27 31 226427 -0.00400209 -0.00350475 -0.01884937
17 27 31 272223 -0.00525761 -0.00295258 -0.0185132 
17 27 31 321012 -0.00455666 -0.00324869 -0.01790714
17 27 31 360925 -0.00420618 -0.00330782 -0.01784801
17 27 31 401159 -0.0047617  -0.00347757 -0.01711464
17 27 31 452836 -0.00619221 -0.0028553  -0.01663923
17 27 31 501512 -0.00664377 -0.00257015 -0.01542473
17 27 31 553365 -0.00671196 -0.005373   -0.01612139
17 27 31 603402 -0.00747633 -0.00415945 -0.01577854
17 27 31 651945 -0.00836706 -0.00371408 -0.0154562 
17 27 31 703985 -0.00941753 -0.00308037 -0.01448774
17 27 31 755271 -0.01025152 -0.00235844 -0.01431322
17 27 31 809626 -0.00952768 -0.00217342 -0.01381588
17 27 31 872452 -0.00946808 -0.0021081  -0.01270437
17 27 31 918514 -0.00784111 -0.00205326 -0.01205587
17 27 31 953255 -0.00733137 -0.00345898 -0.01235723
17 27 32 2165 -0.00459862 -0.00412989 -0.01191807
17 27 32 77865 -0.00283861 -0.0047965  -0.01184177
17 27 32 117803 -0.00215149 -0.00536489 -0.01149988
17 27 32 169103 -0.00142717 -0.00519466 -0.01112032
17 27 32 212648 -0.00154877 -0.00610542 -0.01130962
17 27 32 251240 -0.00127029 -0.00697374 -0.011693  
17 27 32 301747 -0.00162029 -0.00528383 -0.01103878
17 27 32 352093 -0.00271082 -0.00447798 -0.01029682
17 27 32 405970 -0.00129604 -0.00592279 -0.00982857
17 27 32 452927 -0.00225115 -0.00571775 -0.00917768
17 27 32 505523 -0.00276852 -0.0056777  -0.00870085
17 27 32 567515 -0.00133467 -0.00604773 -0.0082612 
17 27 32 600890 -0.0018959  -0.00463915 -0.00786304
17 27 32 652501 -0.00223064 -0.00439215 -0.00760126
17 27 32 705258 -0.00191021 -0.00420332 -0.00732374
17 27 32 753245 -0.00251484 -0.00172377 -0.00703096
17 27 32 803701 -0.00210333 -0.00021124 -0.00690508
17 27 32 853347 -0.00137186  0.00110483 -0.00692368
17 27 32 903385 -0.00154734  0.00207567 -0.00714016
17 27 32 952804 -0.00135851  0.00239086 -0.00798655
17 27 33 4492 -0.00077009  0.00335169 -0.00802279
17 27 33 55843  0.00074291  0.00400543 -0.00819016
17 27 33 102046  0.0021615   0.00432348 -0.00779867
17 27 33 153709  0.00255728  0.00458193 -0.00792837
17 27 33 201025  0.00405407  0.00625706 -0.00799274
17 27 33 252043  0.00638962  0.00670528 -0.00781727
17 27 33 301770  0.00606203  0.00779104 -0.00769281
17 27 33 353885  0.00625372  0.00791454 -0.00869751
17 27 33 403505  0.00637436  0.00890398 -0.00764275
17 27 33 451196  0.00566339  0.00920296 -0.00799084
17 27 33 503469  0.00629473  0.00898027 -0.00782347
17 27 33 552534  0.0056715   0.00788832 -0.00804186
17 27 33 603938  0.00306082  0.00778532 -0.00822449
17 27 33 654089  0.00142193  0.00592089 -0.00785494
17 27 33 700615  0.0005846   0.00566339 -0.00807381
17 27 33 766119  0.00143623  0.00362825 -0.00909472
17 27 33 803488  0.00139856  0.00239515 -0.00888872
17 27 33 852485 -0.00069046  0.0009675  -0.0096817 
17 27 33 902864 -0.00091696 -0.00118446 -0.00951624
17 27 33 953310 -0.00090837 -0.00234699 -0.01005983
17 27 34 3456  0.00078392 -0.00261784 -0.011199  
17 27 34 55330  0.00089025 -0.00305128 -0.01116562
17 27 34 105142 -0.00080729 -0.00259876 -0.01180935
17 27 34 153444 -0.00095081 -0.00416231 -0.01209927
17 27 34 204388  0.00019073 -0.00375557 -0.01254225
17 27 34 252141  0.00050926 -0.0035882  -0.01324368
17 27 34 313331  0.00141287 -0.00256062 -0.01405191
17 27 34 365762 -0.00052452 -0.00351381 -0.01433325
17 27 34 419165 -0.00115061 -0.00349522 -0.01457691
17 27 34 452652 -0.00123358 -0.00300789 -0.01480484
17 27 34 501969 -0.0005064  -0.0025816  -0.01539135
17 27 34 553507 -0.00082588 -0.00250816 -0.01572084
17 27 34 602744 -0.00154114 -0.0022645  -0.01565933
17 27 34 651551 -0.00459957 -0.00148344 -0.01647663
17 27 34 703430 -0.00495195 -0.00182247 -0.01647758
17 27 34 752241 -0.00606441 -0.00151825 -0.01727104
17 27 34 804392 -0.00594378 -0.00162935 -0.01800203
17 27 34 872765 -0.00612307 -0.00197744 -0.01795721
17 27 34 899827 -0.0074935  -0.00175571 -0.01854372
17 27 34 951852 -0.00796986 -0.00055885 -0.01929474
17 27 35 838 -0.00725365 -0.0004878  -0.01971054
17 27 35 82470 -0.0077076  -0.00030375 -0.02110147
17 27 35 121003 -0.00704479  0.00028229 -0.02109385
17 27 35 173860 -0.00600624  0.00023365 -0.021276  
17 27 35 220036 -0.0058732   0.00068855 -0.02195263
17 27 35 267510 -0.00430012  0.00131607 -0.0219698 
17 27 35 324050 -0.00402164  0.00054455 -0.02254391
17 27 35 370517 -0.00408411  0.00087547 -0.02296495
17 27 35 404078 -0.00352001  0.00047207 -0.02271652
17 27 35 473778 -0.00464392  0.00057936 -0.02352524
17 27 35 510125 -4.87852097e-03  6.67572021e-06 -2.35157013e-02
17 27 35 568227 -0.00480556  0.00116587 -0.02361584
17 27 35 623915 -0.00563717  0.00153399 -0.02425623
17 27 35 668048 -0.00447798  0.00297451 -0.02400923
17 27 35 703587 -0.00465679  0.00418854 -0.02473259
17 27 35 753716 -0.00513887  0.00522852 -0.02460384
17 27 35 804556 -0.00391483  0.00611734 -0.02542877
17 27 35 851551 -0.00304413  0.00707245 -0.02580595
17 27 35 904271 -0.00193548  0.0090704  -0.02569389
17 27 35 952360 -0.002244    0.01006651 -0.02543592
17 27 36 4903 -0.00180912  0.01036024 -0.02544928
17 27 36 56132 -0.00096369  0.01157093 -0.02563238
17 27 36 104171  0.00034571  0.01185989 -0.02618265
17 27 36 153240  0.00079823  0.01203775 -0.02603865
17 27 36 201150  0.00104666  0.01239157 -0.02597761
17 27 36 252153 -0.00052738  0.0124011  -0.02617216
17 27 36 301865 -0.00027084  0.01294088 -0.0263195 
17 27 36 353591  0.0014863   0.01228237 -0.02631903
17 27 36 403435  0.00241375  0.01258135 -0.02691126
17 27 36 457715  0.00226688  0.01242495 -0.02688551
17 27 36 524164  0.00110102  0.01285267 -0.02719402
17 27 36 571447  0.00041676  0.01202726 -0.02711868
17 27 36 625797  0.00325584  0.00939226 -0.02744913
17 27 36 670108  0.0034194   0.00862551 -0.02706814
17 27 36 717788  0.0051074   0.00768709 -0.02644634
17 27 36 765090  0.0044179   0.00704479 -0.02584124
17 27 36 819946  0.0038929   0.00739002 -0.02527237
17 27 36 855949  0.0035882   0.00778151 -0.02486372
17 27 36 902840  0.00722599  0.00696468 -0.02363825
17 27 36 953807  0.00559282  0.0074687  -0.02327967
17 27 37 4581 3.10039520e-03 3.14712524e-05 6.87411785e-01
17 27 37 55478  0.00313044  0.00864077 -0.02196074
17 27 37 106032  0.00316286  0.00857162 -0.0211544 
17 27 37 154475  0.00419569  0.00739336 -0.02098322
17 27 37 204040 -0.00228882 -0.00927734 -0.00944138
17 27 37 253552 -0.00185204 -0.00848818 -0.00979853
17 27 37 300495 -0.00125885 -0.00889444 -0.00967741
17 27 37 352317 -0.00071955 -0.00923729 -0.0097127 
17 27 37 407867 -0.00071907 -0.00818729 -0.00917959
17 27 37 456770 -0.00107718 -0.00828743 -0.00922537
17 27 37 504040 -0.00222683 -0.00854254 -0.00912714
17 27 37 553357 -0.00184107 -0.00775576 -0.00943613
17 27 37 604088 -0.00212669 -0.00752687 -0.00933599
17 27 37 653204 -0.00224066 -0.00663948 -0.00905275
17 27 37 702484 -0.00160551 -0.00649309 -0.00863886
17 27 37 773634 -0.00124121 -0.00569963 -0.00851393
17 27 37 821527 -0.00052547 -0.00576162 -0.00819016
17 27 37 870926  0.00085831 -0.00547266 -0.00803804
17 27 37 921222  0.00172472 -0.00451422 -0.00797319
17 27 37 969859  0.00170565 -0.00388479 -0.00763321
17 27 38 18576  0.00158453 -0.00368118 -0.0071373 
17 27 38 82027  0.00164175 -0.00345039 -0.00693417
17 27 38 121241  0.00228691 -0.00224829 -0.00646544
17 27 38 165267  0.00201941 -0.00195551 -0.00587606
17 27 38 211745  0.00181961 -0.00192595 -0.00557518
17 27 38 268303  0.00226355 -0.00102949 -0.00497055
17 27 38 310117  0.00274897 -0.001019   -0.00484324
17 27 38 352959  0.00306225 -0.00043058 -0.00460291
17 27 38 403994  0.00473547  0.00030518 -0.00409269
17 27 38 453321  0.00385618  0.00148058 -0.00385523
17 27 38 500353  0.00391436  0.00168228 -0.00314188
17 27 38 557233  0.00409317  0.00280809 -0.00302267
17 27 38 603558  0.00357246  0.00372505 -0.0021677 
17 27 38 653499  0.00321817  0.00440025 -0.00177526
17 27 38 702051  0.00289774  0.00489998 -0.00080299
17 27 38 753432 3.25107574e-03 4.91619110e-03 6.67572021e-06
17 27 38 804337 0.00341749 0.00463104 0.0007062 
17 27 38 851630 0.00431108 0.00462818 0.0012517 
17 27 38 905016 0.00419807 0.00525761 0.00180149
17 27 38 952389 0.00432682 0.00551748 0.00242949
17 27 39 3392 0.00480652 0.00598907 0.00235176
17 27 39 55780 0.00429106 0.00585175 0.00278997
17 27 39 103254 0.00445223 0.00578642 0.00326061
17 27 39 154299 0.00513792 0.0063076  0.00316811
17 27 39 201398 0.00520658 0.0062685  0.00467682
17 27 39 251569 0.00607538 0.0061202  0.00528479
17 27 39 300898 0.00610495 0.00519562 0.00613022
17 27 39 353072 0.00494814 0.00459623 0.00671387
17 27 39 402014 0.00406742 0.00454378 0.00689697
17 27 39 452214 0.00283003 0.00452614 0.00785732
17 27 39 503314 0.0024457  0.00417089 0.00840139
17 27 39 551403 0.00251389 0.00489473 0.00916672
17 27 39 604932 0.00232315 0.00525999 0.00997829
17 27 39 653320 0.00100565 0.00546217 0.00995111
17 27 39 700643 0.00057173 0.00588274 0.01068211
17 27 39 751733 -0.00089407  0.00618076  0.00990057
17 27 39 800422 -0.00153065  0.00683403  0.01060772
17 27 39 851995 -0.00182772  0.00715923  0.01035595
17 27 39 901153 -0.00243664  0.00696611  0.0110817 
17 27 39 952847 -0.00387478  0.00658894  0.01200247
17 27 40 1925 -0.00424147  0.00675154  0.01219749
17 27 40 60491 -0.0043087   0.00733042  0.01205635
17 27 40 104831 -0.00425386  0.00751495  0.01260233
17 27 40 160540 -0.00529861  0.00741243  0.01195192
17 27 40 222211 -0.00537348  0.00815248  0.01317406
17 27 40 257734 -0.00553322  0.00879383  0.01296091
17 27 40 302580 -0.00437212  0.00745726  0.01283884
17 27 40 351593 -0.00270891  0.00809765  0.01297665
17 27 40 400642 -0.00305367  0.00945568  0.01294184
17 27 40 452062 -0.0046711   0.00845671  0.01335001
17 27 40 516330 -0.00556421  0.00861549  0.01260424
17 27 40 569176 -0.00594759  0.00922537  0.01308298
17 27 40 617034 -0.00602865  0.00942421  0.0130558 
17 27 40 670908 -0.00678921  0.00887346  0.01313019
17 27 40 702267 -0.00714159  0.00909948  0.0135951 
17 27 40 751242 -0.00898647  0.00982904  0.01439142
17 27 40 804054 -0.01064396  0.0099225   0.01365042
17 27 40 852774 -0.01183987  0.00966358  0.01369333
17 27 40 900572 -0.01311159  0.01027632  0.01327324
17 27 40 952236 -0.01390076  0.010324    0.01293564
17 27 41 744 -0.01297998  0.00996017  0.01356983
17 27 41 61933 -0.01211405  0.01099682  0.01332951
17 27 41 103856 -0.01103306  0.01199675  0.01374722
17 27 41 154532 -0.01078558  0.01238298  0.01319742
17 27 41 201736 -0.01016092  0.01303577  0.0131979 
17 27 41 262304 -0.00932169  0.01324701  0.01241159
17 27 41 319181 -0.00636768  0.01346684  0.01218462
17 27 41 383156 -0.00392151  0.01279354  0.01241255
17 27 41 426083 -0.00322819  0.01267433  0.012321  
17 27 41 470012 -0.00268841  0.01222706  0.01182985
17 27 41 517494 -0.00072145  0.01214933  0.01204062
17 27 41 562847 0.00071239 0.01131916 0.01151991
17 27 41 616540 0.00141001 0.01026678 0.01180172
17 27 41 652053 0.00245571 0.00974226 0.01202822
17 27 41 702526 0.00091887 0.00929499 0.01187706
17 27 41 753124 0.00074959 0.00839043 0.01187658
17 27 41 801563 0.00207996 0.00732851 0.01134443
17 27 41 850525 0.00120401 0.00734615 0.01095486
17 27 41 902860 0.00035238 0.00615454 0.0108242 
17 27 41 951748 0.00239706 0.00551987 0.01049566
17 27 42 3642 0.0030427  0.00499916 0.01069164
17 27 42 56068 0.00286102 0.00472784 0.010355  
17 27 42 101438 0.00415134 0.0046854  0.01023579
17 27 42 154161 0.00292873 0.00504065 0.00985384
17 27 42 201044 0.00406408 0.00371456 0.00910234
17 27 42 251681 0.00466871 0.00292253 0.00849056
17 27 42 310971 0.0056262  0.00391769 0.00827646
17 27 42 360399 0.00757456 0.00334263 0.00762272
17 27 42 403931 0.01027822 0.00301456 0.00682926
17 27 42 450848 0.01238108 0.00217485 0.00615883
17 27 42 503875 0.01294756 0.00200462 0.00504541
17 27 42 551995 0.01315308 0.00069237 0.00409842
17 27 42 604443 0.01273441 0.00054073 0.00351477
17 27 42 652373  0.01249886 -0.00050306  0.00314569
17 27 42 700252  0.01376724 -0.00106668  0.00295353
17 27 42 751002  0.01276588 -0.00141907  0.00283957
17 27 42 800546  0.01214886 -0.00232983  0.00210381
17 27 42 851702  0.01090193 -0.00267315  0.00206709
17 27 42 902569  0.01091099 -0.00313854  0.00131702
17 27 42 952402  0.01037264 -0.00536251  0.00140429
17 27 43 2496  0.0093503  -0.00509262  0.00091362
17 27 43 59745  0.00947571 -0.00574541  0.0009799 
17 27 43 111567  0.00789165  0.03122711 -2.18749762
17 27 43 151791  0.00566435 -0.00654221  0.00012684
17 27 43 205294  0.00314951 -0.00713158  0.00021839
17 27 43 251292  0.00165176 -0.0074687  -0.00082159
17 27 43 300032  0.00096893 -0.00258255 -0.00345755
17 27 43 350992  0.00040722 -0.00207472 -0.00381994
17 27 43 400349  0.00225306 -0.00215483 -0.00343895
17 27 43 451930  0.00200796 -0.00037861 -0.00327396
17 27 43 501499 -1.81198120e-04  5.86509705e-05 -2.98976898e-03
17 27 43 552742  0.00012255 -0.00101137 -0.00366354
17 27 43 602565  0.00020552 -0.00031185 -0.00425148
17 27 43 659535 -0.0010047   0.00090504 -0.00435829
17 27 43 723143 -0.00042725  0.00097847 -0.0043087 
17 27 43 753371 -0.00171995  0.00094938 -0.00461769
17 27 43 804080 -0.00149822  0.00158358 -0.00411701
17 27 43 852412 -0.00236273  0.0012908  -0.00488186
17 27 43 907928 -0.00122929  0.0002656  -0.00477123
17 27 43 951809 -1.33514404e-05 -7.66754150e-04 -4.47082520e-03
17 27 44 159  0.00047064 -0.00082779 -0.00398636
17 27 44 63026 -0.00186586 -0.00239134 -0.00450468
17 27 44 104011  0.00079775 -0.00431538 -0.00333118
17 27 44 155475  0.00144291 -0.00645208 -0.00265789
17 27 44 202091  0.00107431 -0.00741816 -0.00199604
17 27 44 272122  0.00119877 -0.00897264 -0.00125551
17 27 44 322770 -0.0001502  -0.01001263 -0.00076962
17 27 44 357438 -9.87052917e-05 -1.21083260e-02 -2.24590302e-04
17 27 44 404210  0.00084877 -0.01218271  0.00025225
17 27 44 452477 -0.00102234 -0.01243114  0.00092793
17 27 44 499200 -0.00166035 -0.01384497  0.0012207 
17 27 44 551390 -0.00067234 -0.01514387  0.00022888
17 27 44 600195 -0.00052929 -0.0144105   0.0006423 
17 27 44 652123 -0.00270271 -0.01343966  0.00037432
17 27 44 701387 -5.88464737e-03 -1.36747360e-02  7.82012939e-05
17 27 44 752620 -0.00530195 -0.01399899  0.00015736
17 27 44 801898 -0.00592232 -0.01352406  0.00081062
17 27 44 852369 -0.00481319 -0.01279783  0.00047398
17 27 44 903111 -0.00472546 -0.01079702  0.00182533
17 27 44 951534 -0.00480127 -0.00948286  0.00185823
17 27 45 23518 -0.00403023 -0.00902271  0.00187778
17 27 45 70001 -0.00271845 -0.00765896  0.00157452
17 27 45 116856 -0.00246954 -0.00554705  0.00173998
17 27 45 174452 -0.00240421 -0.00462437  0.00149393
17 27 45 221671 -0.00143623 -0.00422382  0.00227356
17 27 45 252088  2.90870667e-05 -2.32839584e-03  2.64549255e-03
17 27 45 302052 -0.00044584 -0.00038242  0.00340033
17 27 45 352783 -0.00052643  0.00085688  0.00290823
17 27 45 403177 0.00030613 0.00245667 0.00311804
17 27 45 451181 -0.00052166  0.00282574  0.00266457
17 27 45 504070 -0.00178051  0.00545835  0.00265741
17 27 45 552632 -0.00199509  0.0079546   0.00351095
17 27 45 617257 -0.00273323  0.00709391  0.00413752
17 27 45 654115 -0.00228262  0.00674105  0.00392628
17 27 45 699268 -0.00235319  0.00944376  0.00462818
17 27 45 751841 -0.00449467  0.01038504  0.00503111
17 27 45 801203 -0.00659323  0.01016426  0.00500584
17 27 45 852853 -0.00546217  0.01013947  0.00536108
17 27 45 901476 -0.0064249   0.01211739  0.00625563
17 27 45 952884 -0.0054121   0.01118183  0.0057044 
17 27 46 2783 -0.00282669  0.0116415   0.00648785
17 27 46 59986 -0.00369215  0.01325798  0.00678396
17 27 46 105060 -0.00552511  0.0132823   0.00602388
17 27 46 152532 -0.00290203  0.01202774  0.00626993
17 27 46 203054 -0.0018239   0.01360035  0.00690269
17 27 46 251557 -0.00094175  0.0119915   0.00578213
17 27 46 299781 0.001894   0.00985909 0.00613308
17 27 46 354491 0.00283527 0.01053524 0.00638437
17 27 46 404704 0.00189972 0.0084095  0.00576496
17 27 46 452085 0.00366211 0.00656748 0.00589657
17 27 46 502890 0.00370407 0.0053339  0.00589705
17 27 46 553746 0.00230122 0.00427055 0.00529623
17 27 46 610064 0.00241232 0.0024538  0.00469303
17 27 46 651905 0.00201035 0.00239134 0.00432777
17 27 46 702727 0.00022507 0.00281286 0.00425482
17 27 46 751821 0.00137711 0.00064707 0.00444412
17 27 46 803470  0.0016551  -0.00015831  0.00352526
17 27 46 851717  0.00051689 -0.00110817  0.00335646
17 27 46 901607 -0.00074291 -0.00367785  0.00189304
17 27 46 951895  0.00061655 -0.00464344  0.00234747
17 27 47 778 -0.00071764 -0.00545931  0.00141954
17 27 47 63153 -0.00065756 -0.00724363  0.00158548
17 27 47 124586  0.00149298 -0.00947762  0.00139904
17 27 47 152024  0.00299025 -0.00940704  0.00223589
17 27 47 210546  0.00297928 -0.00939035  0.00186396
17 27 47 269925  0.0037775  -0.01003981  0.00159407
17 27 47 320754  0.00492048 -0.00938129  0.00161839
17 27 47 368099  0.00671768 -0.00867128  0.00120306
17 27 47 423778  0.00891352 -0.00864553  0.00195932
17 27 47 484305  0.00673866 -0.00832796  0.00134277
17 27 47 518778  0.00357723 -0.00632429  0.00055552
17 27 47 560129  0.00413227 -0.00405264 -0.00013351
17 27 47 600940  0.00282431 -0.00374889 -0.00095701
17 27 47 651801 -0.00098658 -0.00178576 -0.0014863 
17 27 47 701216 -0.00045443  0.00060034  0.00016117
17 27 47 752448 0.00157833 0.00155067 0.00025225
17 27 47 801959 0.0039115  0.00246191 0.00043154
17 27 47 859156 0.00538683 0.00532627 0.00087118
17 27 47 903271 0.00291586 0.00714636 0.0005703 
17 27 47 953015 -0.00260639  0.00714588 -0.0004015 
17 27 48 7905 -0.00568724  0.00717926 -0.0001092 
17 27 48 68143 -0.00749969  0.00873137 -0.0001092 
17 27 48 112611 -0.0072341   0.00942278 -0.00011778
17 27 48 152880 -3.68452072e-03  9.17720795e-03  2.67028809e-05
17 27 48 204984 -1.14345551e-03  9.56535339e-03 -3.57627869e-05
17 27 48 253391 -0.00133228  0.01037169  0.000494  
17 27 48 301676  0.00262737  0.01042414 -0.00035906
17 27 48 352747  0.00357389  0.00875092 -0.0011673 
17 27 48 401595  0.00341463  0.00973177 -0.00157547
17 27 48 450142  0.0031538   0.00695992 -0.00176382
17 27 48 503602 -0.00073624  0.00486898 -0.00192785
17 27 48 551320 -0.00490665  0.00262022 -0.00210953
17 27 48 605285 -0.00583172  0.00232363 -0.00150156
17 27 48 652630 -0.00377893  0.00117493 -0.00086641
17 27 48 701195 -0.00293684  0.001513   -0.00022507
17 27 48 752796  3.67164612e-05 -9.94682312e-04  2.96115875e-04
17 27 48 800648  0.00377178 -0.00498581  0.00037479
17 27 48 852107  6.81400299e-04 -5.34200668e-03  9.05990601e-05
17 27 48 901414 -0.00446558 -0.00349188  0.00063944
17 27 48 952958 -0.00717115 -0.0051589   0.00062227
17 27 49 1056 -0.00677586 -0.00720882  0.00093031
17 27 49 59712 -0.0056448  -0.00844765  0.00152016
17 27 49 104479 -0.00745392 -0.00847483  0.0025053 
17 27 49 151164 -0.00684071 -0.00797796  0.00412846
17 27 49 204256 -0.00676441 -0.00815487  0.00459433
17 27 49 252132 -0.00418282 -0.00626326  0.0047822 
17 27 49 298744 -2.37274170e-03 -6.04534149e-03  1.81198120e-05
17 27 49 351369 -0.00603151 -0.00644636  0.00437641
17 27 49 400347 -0.00760174 -0.00660372  0.00445747
17 27 49 451396 -0.00832033 -0.00539827  0.00549555
17 27 49 500983 -0.0071826  -0.00585413  0.00568819
17 27 49 552016 -0.00621414 -0.00505972  0.00565434
17 27 49 601469 -0.00489521 -0.00331068  0.00671959
17 27 49 650978 -0.01361752  0.00181246 -0.07122612
17 27 49 703119 -0.01412964  0.00323486 -0.07136679
17 27 49 750987 -0.01133776  0.00610971 -0.07045364
17 27 49 805966 -0.01080704  0.0094986  -0.07058191
17 27 49 851776 -0.01098204  0.01173258 -0.0715766 
17 27 49 900301 -0.00814199  0.01488113 -0.07162714
17 27 49 951470 -0.00814342  0.0176425  -0.07226181
17 27 50 9281 -0.00862837  0.01787663 -0.07269144
17 27 50 68632 -0.00938988  0.01933956 -0.07280207
17 27 50 121243 -0.01016092  0.0214777  -0.07269907
17 27 50 164980 -0.00972128  0.02314901 -0.07210541
17 27 50 201794 -0.00987482  0.02388859 -0.07262611
17 27 50 249449 -0.00807428  0.0246563  -0.07182693
17 27 50 301944 -0.0112381   0.02640724 -0.07124758
17 27 50 351247 -0.01098585  0.02665424 -0.07113838
17 27 50 402875 -0.00827646  0.02737665 -0.06990528
17 27 50 452100 -0.00717878  0.03002977 -0.06929255
17 27 50 498802 -0.00915289  0.02824879 -0.0686121 
17 27 50 550888 -0.00773716  0.02786255 -0.06736946
17 27 50 599647 -0.00676203  0.02936602 -0.06559992
17 27 50 653208 -0.00702     0.02704763 -0.06567907
17 27 50 700481 -0.00369549  0.02516317 -0.06508636
17 27 50 752371 -0.00462866  0.02499914 -0.06425714
17 27 50 803885 -0.00559425  0.02507925 -0.06343126
17 27 50 851191 -0.00456619  0.02380419 -0.0630517 
17 27 50 903579 -0.00207186  0.02162647 -0.0624733 
17 27 50 951161 -0.00254345  0.02237797 -0.06288385
17 27 51 2970 -0.00312519  0.02109528 -0.06314278
17 27 51 55049 -0.00203753  0.01839018 -0.06303978
17 27 51 101914 -0.00419521  0.02030802 -0.06310701
17 27 51 152698 -0.0043931   0.01762342 -0.06336546
17 27 51 201260 -0.00138664  0.0157423  -0.06283712
17 27 51 251387  0.00096703  0.01439476 -0.06204462
17 27 51 300580 -0.00107861  0.01275778 -0.06246567
17 27 51 353184  0.00183964  0.01384354 -0.06046581
17 27 51 403422  0.001513    0.01231575 -0.06005144
17 27 51 452402  0.00188732  0.01118088 -0.06040525
17 27 51 502480  0.00396633  0.01315117 -0.05972481
17 27 51 552007  0.00303078  0.01283836 -0.05994844
17 27 51 603320  0.00355387  0.00969267 -0.0602541 
17 27 51 651922  0.00563145  0.0112586  -0.05966234
17 27 51 699096  0.00292969  0.01233101 -0.06022978
17 27 51 750487  0.004426    0.01106548 -0.0606451 
17 27 51 806041  0.0074439   0.01006079 -0.06112051
17 27 51 861966  0.00473022  0.01200104 -0.06093836
17 27 51 920322  0.00162172  0.01232433 -0.06176853
17 27 51 956285  0.00239706  0.01190281 -0.06098223
17 27 52 1308  0.00277519  0.01348448 -0.0606513 
17 27 52 75332  0.00182152  0.0118618  -0.06180096
17 27 52 118922  0.00330162  0.01350689 -0.06065607
17 27 52 166771  0.00179863  0.01429558 -0.05945349
17 27 52 222118 -5.19752502e-05  1.18880272e-02 -6.09898567e-02
17 27 52 267467  0.00030088  0.01031637 -0.06048822
17 27 52 318375  0.00206518  0.01260328 -0.06023645
17 27 52 350863 -0.00158072  0.01167011 -0.06139708
17 27 52 401652 -6.58035278e-05  1.10812187e-02 -6.14552498e-02
17 27 52 451292 -0.00061321  0.01254606 -0.06122732
17 27 52 502492 -0.00362206  0.01337862 -0.06258774
17 27 52 553074 -0.0029707   0.01144123 -0.06316853
17 27 52 606905  0.00036049  0.01191807 -0.06332302
17 27 52 651206 -0.00327206  0.01297998 -0.06445885
17 27 52 703320 -0.00343084  0.01117277 -0.06524467
17 27 52 761297 -0.00507927  0.01274347 -0.06483841
17 27 52 821025 -0.00782394  0.01231337 -0.06569958
17 27 52 871197 -0.00551319  0.01089525 -0.066751  
17 27 52 906291 -0.00537539  0.00908184 -0.06773806
17 27 52 959698 -0.00771284  0.01066351 -0.06738186
17 27 53 14240 -0.00941801  0.00957108 -0.06855822
17 27 53 62597 -0.00926495  0.00975227 -0.06920528
17 27 53 98842 -0.00869513  0.00980473 -0.06958771
17 27 53 151556 -0.01046276  0.00746679 -0.07133675
17 27 53 201569 -0.0100255   0.00847054 -0.07137537
17 27 53 249095 -0.01362038  0.00738192 -0.0727911 
17 27 53 301057 -0.01482677  0.00609684 -0.07313251
17 27 53 352006 -0.01307106  0.00589132 -0.07347727
17 27 53 404055 -0.01334763  0.00532866 -0.07383442
17 27 53 453437 -0.01413059  0.00218058 -0.07466555
17 27 53 499235 -0.01209068  0.00145388 -0.07355452
17 27 53 552141 -0.01356077  0.00097227 -0.07436085
17 27 53 601609 -0.01257133 -0.00155497 -0.07415771
17 27 53 651208 -0.00843096 -0.00530434 -0.07381344
17 27 53 700750 -0.01178503 -0.00597382 -0.0741725 
17 27 53 752132 -0.01432467 -0.00681925 -0.07432938
17 27 53 802792 -0.01421547 -0.01006269 -0.0747757 
17 27 53 852373 -0.01513672 -0.01149321 -0.07615948
17 27 53 903513 -0.01809311 -0.01186562 -0.07719755
17 27 53 950861 -0.01637125 -0.01529169 -0.07816362
17 27 54 4121 -0.01725578 -0.01480627 -0.07772827
17 27 54 55278 -0.01729631 -0.01731539 -0.07876539
17 27 54 100861 -0.01655483 -0.01930428 -0.07880545
17 27 54 153104 -0.01535511 -0.01828051 -0.07851219
17 27 54 217751 -0.01509476 -0.02032757 -0.07968187
17 27 54 266266 -0.01358843 -0.02209806 -0.08001041
17 27 54 301374 -0.01112556 -0.02211571 -0.07994843
17 27 54 352251 -0.01182032 -0.02212667 -0.08030319
17 27 54 401678 -0.00885773 -0.02318192 -0.07965708
17 27 54 451643 -0.00452328 -0.02417755 -0.07927465
17 27 54 502340 -0.00234222 -0.02337694 -0.07880116
17 27 54 554505 -0.00191641 -0.02472496 -0.07972336
17 27 54 603778 -0.00278044 -0.02395439 -0.07941246
17 27 54 652915 -0.0053997  -0.02317047 -0.08012342
17 27 54 699223 -0.00493908 -0.02264786 -0.08048773
17 27 54 753315 -0.00458813 -0.0216732  -0.08142281
17 27 54 812747 -0.00420189 -0.01938915 -0.08087206
17 27 54 858056 -0.00517416 -0.0187912  -0.0808053 
17 27 54 904257 -0.00386477 -0.01806641 -0.08138323
17 27 54 954323 -0.00340605 -0.01455736 -0.08080053
17 27 55 3498 -0.00207329 -0.01274681 -0.08078098
17 27 55 59752 -0.0033226  -0.01152515 -0.08095646
17 27 55 112074 -0.00275183 -0.00947952 -0.07985735
17 27 55 167880 -0.00540161 -0.00683355 -0.08008575
17 27 55 221160 -0.00416327 -0.00444508 -0.079916  
17 27 55 263473 -0.00173283 -0.00215864 -0.08009386
17 27 55 299276 -0.00122547  0.00022554 -0.08007193
17 27 55 351244 -0.00017834  0.00294209 -0.08003092
17 27 55 400727  0.00037575  0.00581598 -0.08022356
17 27 55 452574  0.00033474  0.00802803 -0.08029699
17 27 55 501566  0.00232649  0.00982475 -0.0801878 
17 27 55 554202  0.00255728  0.01092196 -0.08111763
17 27 55 601654 -0.00237513  0.01552534 -0.08098841
17 27 55 651779 -0.00355959  0.01586676 -0.08118105
17 27 55 725083 -0.00192261  0.01637602 -0.08102274
17 27 55 753162 -0.00213432  0.01964426 -0.08155155
17 27 55 812077 -0.00318384  0.02120066 -0.0814209 
17 27 55 873531 -0.00198841  0.01912498 -0.08136463
17 27 55 914060 -0.00349379  0.02234888 -0.0809617 
17 27 55 950911 -0.00670624  0.02268124 -0.08105469
17 27 56 879 -0.00680208  0.02260399 -0.08016109
17 27 56 61818 -0.00639105  0.02275562 -0.07981443
17 27 56 98122 -0.00738382  0.02306032 -0.07884455
17 27 56 160521 -0.00869179 -0.01878977 -0.0794816 
17 27 56 210261 -0.00835037 -0.01747656 -0.07882309
17 27 56 267802 -0.00943851 -0.01664686 -0.07885218
17 27 56 321033 -0.00944853 -0.01711988 -0.07919931
17 27 56 372566 -0.00711727 -0.01566029 -0.07926035
17 27 56 420584 -0.00597143 -0.01394463 -0.0792532 
17 27 56 471133 -0.00657082 -0.01334238 -0.07992458
17 27 56 519448 -0.00679016 -0.01326704 -0.08006954
17 27 56 568068 -0.0078373  -0.01131773 -0.08092308
17 27 56 618233 -0.00754166 -0.0102706  -0.08166695
17 27 56 654987 -0.00684118 -0.01039362 -0.08171988
17 27 56 701160 -0.00707388 -0.00825071 -0.08187294
17 27 56 752655 -0.01060295 -0.00560713 -0.08217907
17 27 56 800692 -0.01182842 -0.00466681 -0.08210564
17 27 56 850348 -0.01087379 -0.00325775 -0.08159256
17 27 56 902204 -0.01038885 -0.00066566 -0.08199549
17 27 56 953104 -0.01054525  0.00106144 -0.08206177
17 27 57 3427 -0.00957394  0.00299549 -0.08173132
17 27 57 54848 -0.00885677  0.00581646 -0.08132935
17 27 57 102025 -0.00650215  0.00651598 -0.08076   
17 27 57 170262 -0.00364256  0.00700283 -0.08089209
17 27 57 217724 -0.00284195  0.01014948 -0.08113003
17 27 57 254985 -0.00389338  0.01134586 -0.081038  
17 27 57 301383 -0.00399542  0.01130629 -0.08031797
17 27 57 359951 -0.00505161  0.01343012 -0.07946301
17 27 57 421777 -0.00583267  0.0140748  -0.07920027
17 27 57 473498 -0.00456524  0.01352072 -0.07966328
17 27 57 515133 -0.00475645  0.0153594  -0.07909346
17 27 57 550888 -0.00711155  0.01630306 -0.07879496
17 27 57 603758 -0.00657845  0.01567507 -0.07869482
17 27 57 651360 -0.00593376  0.01733208 -0.07823038
17 27 57 701138 -0.00502634  0.01760292 -0.07831192
17 27 57 751637 -0.00507832  0.01707172 -0.0775094 
17 27 57 800327 -0.00446081  0.01602745 -0.0775733 
17 27 57 852940 -0.00399637  0.01458025 -0.07719898
17 27 57 901895 -0.00386286  0.01219082 -0.07663536
17 27 57 953979 -0.00230122  0.01055717 -0.07560539
17 27 58 1329 -0.0020256   0.01014233 -0.07433176
17 27 58 58323  7.53402710e-05  7.54070282e-03 -7.24625587e-02
17 27 58 108967 -0.00035906  0.00846195 -0.07136106
17 27 58 150358  0.00013494  0.00863457 -0.07045174
17 27 58 203136 -0.00085735  0.00806665 -0.0701561 
17 27 58 251633  0.0005722   0.00790787 -0.06981134
17 27 58 299510 -0.00083494  0.0073514  -0.07013655
17 27 58 351624 -0.00235176  0.00823545 -0.06950855
17 27 58 399496 -0.00292349  0.007936   -0.06869555
17 27 58 450761 -0.00143623  0.00640774 -0.06787968
17 27 58 499803 -0.00222206  0.00503159 -0.06701088
17 27 58 552189 -0.0029707   0.00397158 -0.06608915
17 27 58 600707 -0.00380373  0.00269365 -0.0651145 
17 27 58 676432 -0.00542784  0.00286961 -0.06321859
17 27 58 721508 -0.00682068  0.00211334 -0.06176567
17 27 58 771031 -0.00439501  0.00166178 -0.05976582
17 27 58 803158 -0.00418758  0.00227547 -0.05857515
17 27 58 851474 -0.00343275  0.00214434 -0.05704641
17 27 58 900465 -0.00322008  0.00191498 -0.05703259
17 27 58 950935 -0.00240421  0.0017271  -0.05605078
17 27 58 999549 -0.00165462  0.00244856 -0.0558672 
17 27 59 62004 -0.00040102  0.00319481 -0.05528498
17 27 59 98663  0.00038433  0.00339794 -0.05445433
17 27 59 151211 -0.00032949  0.00355911 -0.05319738
17 27 59 203482 -0.00188255  0.00469351 -0.05217409
17 27 59 250394 -0.00425816  0.0056138  -0.05105782
17 27 59 310916 -0.00512648  0.00626135 -0.05005264
17 27 59 351143 -0.00656891  0.00704956 -0.04844856
17 27 59 403571 -0.00793934  0.00672722 -0.04795551
17 27 59 451556 -0.00851107  0.00662231 -0.0462904 
17 27 59 498454 -0.00885344  0.00816679 -0.04540682
17 27 59 559816 -0.00993013  0.00787306 -0.04455137
17 27 59 599806 -0.00928068  0.00753212 -0.04369593
17 27 59 650808 -0.0093832   0.00854969 -0.04314089
17 27 59 699843 -0.00955915  0.00936127 -0.04285336
17 27 59 771049 -0.00844336  0.00941372 -0.04269171
17 27 59 819215 -0.00816154  0.01157379 -0.04197121
17 27 59 873454 -0.0071578   0.01310444 -0.04070377
17 27 59 921813 -0.00481653  0.01303864 -0.03946877
17 27 59 970948 -0.0029273   0.01339579 -0.03854322
17 28 0 24947 -0.00213242  0.01461124 -0.03705311
17 28 0 66217 -0.00150537  0.01442194 -0.03587151
17 28 0 119092 -0.0021019   0.01430559 -0.03519297
17 28 0 166740 -0.00439167  0.01498365 -0.03415585
17 28 0 216664 -0.00601006  0.01439238 -0.03326464
17 28 0 275893 -0.00568724  0.01464033 -0.03228712
17 28 0 321841 -0.00579453  0.01499081 -0.03101158
17 28 0 364899 -0.0061121   0.01607752 -0.02985239
17 28 0 420189 -0.0073719   0.01620436 -0.02878523
17 28 0 468944 -0.00719643  0.01704264 -0.02785349
17 28 0 524490 -0.00801563  0.01707649 -0.02733564
17 28 0 566111 -0.00679111  0.01638126 -0.02630711
17 28 0 623194 -0.00561047  0.01558971 -0.02507782
17 28 0 674211 -0.00626659  0.0155468  -0.02425957
17 28 0 718702 -0.00622034  0.01481915 -0.02191925
17 28 0 755809 -0.00388575  0.01457644 -0.02069139
17 28 0 799750 -0.00156307  0.01392794 -0.01938486
17 28 0 851090 -0.00080299  0.0133872  -0.01872015
17 28 0 900433 -0.00044489  0.01430559 -0.01697683
17 28 0 952663 -0.00055981  0.01308155 -0.01678801
17 28 1 4637 -0.00056267  0.01292467 -0.01563931
17 28 1 58575 -0.00034523  0.01234865 -0.01489782
17 28 1 104625  0.00061178  0.01114416 -0.01391745
17 28 1 150376  0.00174522  0.01156235 -0.01314497
17 28 1 202647  0.00059175  0.01105595 -0.01263285
17 28 1 251571 -0.00079966  0.01139975 -0.01192236
17 28 1 299190 -0.00181532  0.01063681 -0.01108313
17 28 1 352913 -0.00213194  0.00986767 -0.01022816
17 28 1 400779 -0.00197363  0.00990534 -0.00946617
17 28 1 451247 -0.00201511  0.00993776 -0.00807667
17 28 1 500182 -0.00314474  0.00936317 -0.00732994
17 28 1 551776 -0.00235319  0.00896406 -0.00662518
17 28 1 600696 -0.00176096  0.00876379 -0.00570297
17 28 1 650137  0.00030184  0.00844193 -0.00473452
17 28 1 704121  0.00244665  0.00792456 -0.00392771
17 28 1 750680  0.00326014  0.00807285 -0.00335836
17 28 1 803614  0.00382519  0.00803804 -0.00141716
17 28 1 851435  0.00487709  0.00809717 -0.00075388
17 28 1 898357 4.06408310e-03 3.14712524e-05 3.43753815e-01
17 28 1 950029 0.00315189 0.00754929 0.00165129
17 28 1 999301 0.00382519 0.00697279 0.00294447
17 28 2 62781 0.002913   0.00714302 0.00470161
17 28 2 99792 -0.00142479  0.00054264 -0.00047255
17 28 2 150924 -0.00120068  0.00093508 -0.00041294
17 28 2 200778 -0.00087166  0.00101089 -0.0002265 
17 28 2 249758 -0.00095081  0.00119495  0.00016832
17 28 2 305331 -9.56058502e-04  9.62257385e-04 -1.81198120e-05
17 28 2 378722 -0.00084782  0.0017643   0.0007267 
17 28 2 402293 -0.00084162  0.00135183  0.00110579
17 28 2 452683 -0.00012827  0.00097609  0.00084591
17 28 2 498907 -0.00014782  0.00122356  0.00077772
17 28 2 549996 0.00107908 0.00109339 0.00105524
17 28 2 599194 0.00216436 0.00061274 0.00111532
17 28 2 663520  0.00339079 -0.00051069  0.00099611
17 28 2 727392  0.00376844 -0.00022793  0.00129366
17 28 2 772238  0.00421286 -0.00035     0.00078583
17 28 2 818442  5.02586365e-03 -7.25269318e-04 -8.86917114e-05
17 28 2 850407  0.00622416 -0.00123549  0.00016165
17 28 2 902286  0.00562096 -0.00219345 -0.00090122
17 28 2 950368  0.00544882 -0.00099564 -0.000844  
17 28 3 2748  0.00538254 -0.0010972  -0.00072813
17 28 3 72330  0.00708294 -0.00172329 -0.00163651
17 28 3 118831  0.00554466 -0.0007062  -0.00244093
17 28 3 172650  0.00505733 -0.00012827 -0.0022316 
17 28 3 220562  0.00673962 -0.0004096  -0.00240326
17 28 3 263718  0.00802612 -0.00022364 -0.00280619
