17 27 24 139472  0.05347204 -0.05719376  1.00339723
17 27 24 148616  0.05133438 -0.05443788  1.00121713
17 27 24 167053  0.05038118 -0.0539701   0.99728632
17 27 24 202055  0.04536605 -0.05469394  1.00247717
17 27 24 252960  0.04327631 -0.05443883  1.00479388
17 27 24 302735  0.04560804 -0.05319214  1.00447607
17 27 24 353841  0.04403305 -0.05769873  1.00475335
17 27 24 403386  0.04270697 -0.05770326  1.00476408
17 27 24 454375  0.04682684 -0.05404735  1.00401735
17 27 24 506194  0.04597783 -0.05558705  0.99987674
17 27 24 555414  0.04522252 -0.05713224  1.00287008
17 27 24 605670  0.04270101 -0.0556922   0.9986546 
17 27 24 661043  0.04201841 -0.05501795  0.99636221
17 27 24 700813  0.04248357 -0.05315161  0.9936738 
17 27 24 752721  0.04301214 -0.05749035  0.99468756
17 27 24 802357  0.04112387 -0.05745387  0.99394965
17 27 24 853259  0.04236126 -0.05821085  0.9984324 
17 27 24 906903  0.03979564 -0.05671883  0.99861932
17 27 24 954281  0.04199672 -0.05426669  0.99615288
17 27 25 3948  0.04492664 -0.0576272   0.99844837
17 27 25 60891  0.04404283 -0.05716562  0.9985888 
17 27 25 105858  0.046978   -0.05561757  1.00486398
17 27 25 151936  0.04540396 -0.05703092  1.00212812
17 27 25 204258  0.04673433 -0.05646539  1.00091529
17 27 25 253004  0.04626346 -0.05829549  1.00262904
17 27 25 308638  0.04619074 -0.05932426  1.00453424
17 27 25 352372  0.04691839 -0.05537367  1.00193262
17 27 25 402023  0.04588151 -0.05584121  0.99984837
17 27 25 455403  0.04250383 -0.05645227  0.99983549
17 27 25 502943  0.04539967 -0.05741119  1.00123739
17 27 25 555266  0.04710531 -0.0564816   1.00436544
17 27 25 605500  0.0454061  -0.05618405  1.00665641
17 27 25 652168  0.04178476 -0.05632353  1.011204  
17 27 25 703956  0.04200244 -0.0600543   1.01176715
17 27 25 752094  0.04424953 -0.05962062  1.01113939
17 27 25 804327  0.04485559 -0.06250215  1.00736022
17 27 25 854147  0.04224586 -0.06340361  1.00501204
17 27 25 900697  0.04024458 -0.06625295  1.00930095
17 27 25 952186  0.03900433 -0.06409407  1.00992656
17 27 26 2497  0.03590655 -0.06701708  1.00764585
17 27 26 64475  0.03457713 -0.06615973  1.00322318
17 27 26 101724  0.03530693 -0.0656507   1.00091195
17 27 26 153512  0.03447413 -0.06434679  1.00340724
17 27 26 202601  0.03399968 -0.0661552   1.00281858
17 27 26 254212  0.03223872 -0.06832337  1.00043511
17 27 26 304912  0.03201056 -0.06629705  0.99340987
17 27 26 353369  0.02950668 -0.06569982  0.99239302
17 27 26 405675  0.0313983  -0.06803465  0.99465013
17 27 26 453632  0.02800488 -0.06934166  0.99264359
17 27 26 501692  0.02556896 -0.06864858  0.98582482
17 27 26 552425  0.02425289 -0.06606102  0.98109007
17 27 26 600894  0.0224936  -0.06489754  0.9819665 
17 27 26 652518  0.02422762 -0.06677032  0.98583722
17 27 26 703217  0.0268836  -0.06548977  0.99180841
17 27 26 754597  0.02642894 -0.0670054   0.99132943
17 27 26 804007  0.02567244 -0.06092334  0.98928809
17 27 26 852722  0.02450633 -0.05443478  0.98902106
17 27 26 906290  0.02233696 -0.0542171   0.99282002
17 27 26 952164  0.02034616 -0.05411482  1.00254202
17 27 27 5541  0.02059436 -0.05446362  1.00211477
17 27 27 55999  0.02229357 -0.05240798  1.00549126
17 27 27 102916  0.0211966  -0.04961777  1.00702095
17 27 27 153958  0.02221465 -0.04871202  1.00835466
17 27 27 203091  0.02259779 -0.05447149  1.01095986
17 27 27 252773  0.0240376  -0.05497932  1.01762295
17 27 27 305652  0.02400708 -0.05568933  1.01872683
17 27 27 353955  0.02439165 -0.0555706   1.01267529
17 27 27 405483  0.02349472 -0.05775738  1.00824809
17 27 27 453614  0.02411628 -0.0592227   1.00478482
17 27 27 506235  0.02645802 -0.06011391  1.00397396
17 27 27 555087  0.0280683  -0.06279564  1.00145078
17 27 27 608096  0.02855086 -0.05915236  0.99961758
17 27 27 653423  0.02905893 -0.0592947   0.99467397
17 27 27 700509  0.03154922 -0.05843019  0.9961133 
17 27 27 751642  0.03599787 -0.05796766  0.99277759
17 27 27 801622  0.03323913 -0.05780244  0.99377513
17 27 27 856527  0.02764535 -0.05943155  0.99230504
17 27 27 901735  0.02624059 -0.05672097  0.99211073
17 27 27 953805  0.0322926  -0.05103874  0.98490167
17 27 28 2566  0.03046751 -0.04860592  0.98407412
17 27 28 59950  0.0310874  -0.04580903  0.98707795
17 27 28 105608  0.02791357 -0.04905629  0.99427319
17 27 28 152353  0.03095436 -0.04993129  0.98793769
17 27 28 205829  0.02979445 -0.04909801  0.98181772
17 27 28 253943  0.02937937 -0.04830694  0.98222804
17 27 28 300584  0.03219819 -0.04746222  0.98201489
17 27 28 351572  0.03079009 -0.05126333  0.98814774
17 27 28 400681  0.03244686 -0.05851173  0.99005985
17 27 28 452578  0.0325222  -0.05857515  0.98764348
17 27 28 501890  0.03296065 -0.05906177  0.98336625
17 27 28 553617  0.03462076 -0.05889463  0.99071741
17 27 28 603609  0.03407693 -0.05929422  0.99692225
17 27 28 657639  0.03532505 -0.0621767   1.00397778
17 27 28 704043  0.03753877 -0.06253409  0.99710488
17 27 28 751787  0.03778243 -0.0591023   0.99679971
17 27 28 804899  0.03696847 -0.06271195  1.002074  
17 27 28 853544  0.03670096 -0.06189656  1.01004958
17 27 28 912932  0.03881574 -0.05847287  1.01534009
17 27 28 952145  0.03946686 -0.06001329  1.01435447
17 27 29 2547  0.0396843  -0.05749607  1.01083589
17 27 29 70929  0.03767443 -0.06151175  1.0082624 
17 27 29 105508  0.03715372 -0.06174183  1.00598264
17 27 29 155974  0.03902292 -0.06925392  1.00768471
17 27 29 202321  0.0395155  -0.07452178  1.00846958
17 27 29 250874  0.04025316 -0.07495689  1.00924635
17 27 29 303357  0.04168558 -0.0774889   1.00615287
17 27 29 352403  0.04543352 -0.07812476  1.00600934
17 27 29 404006  0.04633379 -0.08146405  1.00255156
17 27 29 452989  0.04710269 -0.08056068  1.00182033
17 27 29 500805  0.04610944 -0.08028793  1.00074148
17 27 29 551275  0.04861426 -0.07562804  1.00002575
17 27 29 600648  0.05040789 -0.07380271  0.99672437
17 27 29 653836  0.05214453 -0.06870604  0.99631834
17 27 29 701354  0.054322   -0.06706405  0.98704243
17 27 29 753311  0.0549891  -0.06982803  0.98279619
17 27 29 802793  0.05572271 -0.06993556  0.98178244
17 27 29 851437  0.05821609 -0.06736851  0.98428273
17 27 29 906557  0.05699348 -0.06656694  0.98812747
17 27 29 951803  0.05669761 -0.06251001  0.99111557
17 27 30 18773  0.05714965 -0.0646565   0.99343967
17 27 30 56062  0.05559134 -0.063833    0.99527025
17 27 30 101816  0.05569315 -0.05999255  0.99682212
17 27 30 154030  0.05901122 -0.05849004  0.99854636
17 27 30 202560  0.05855894 -0.05336094  0.99859262
17 27 30 252487  0.05828094 -0.05027509  1.00288272
17 27 30 301616  0.06151485 -0.05086565  1.00006628
17 27 30 354202  0.06237769 -0.0451839   0.99737239
17 27 30 403000  0.064785   -0.05026817  0.99762082
17 27 30 457228  0.06797457 -0.05679584  1.00584769
17 27 30 503732  0.07128525 -0.05951238  1.0103991 
17 27 30 552015  0.07485008 -0.06039834  1.00967693
17 27 30 606262  0.07558274 -0.05932045  1.00639462
17 27 30 653063  0.07597136 -0.05991697  1.00925279
17 27 30 714527  0.07576489 -0.06712127  1.01656199
17 27 30 752786  0.07397485 -0.06775093  1.02231312
17 27 30 800739  0.07430243 -0.06616521  1.02096844
17 27 30 861209  2.78472900e-04 -9.53342438e-01 -6.99177265e-01
17 27 30 920104  0.07275152 -0.05227017  0.00394559
17 27 30 969749  0.07126117 -0.04886746  1.01333284
17 27 31 10118 2.76803970e-04 1.09355807e+00 6.91480875e-01
17 27 31 60097  0.06966114 -0.04497766  1.01484323
17 27 31 105350  0.07254529 -0.03949237  1.0037322 
17 27 31 159169  0.16528296 -0.4608767  -0.32574487
17 27 31 226427  0.10477662 -0.03531432  1.00082278
17 27 31 272223  0.09641242 -0.0320344   0.98554564
17 27 31 321012  0.09199381 -0.03908777  0.96839309
17 27 31 360925  0.08721709 -0.04521418  0.96129775
17 27 31 401159  0.0910995  -0.04907942  0.95500231
17 27 31 452836  0.08769107 -0.04499292  0.95072651
17 27 31 501512  0.08385277 -0.04471087  0.94878507
17 27 31 553365  0.07803082 -0.04254794  0.93914342
17 27 31 603402  0.07811785 -0.05579495  0.94838977
17 27 31 651945  0.08628654 -0.05493045  0.95601034
17 27 31 703985  0.08843374 -0.06232238  0.96813178
17 27 31 755271  0.09438396 -0.06016541  0.97756791
17 27 31 809626  0.09795237 -0.06181407  0.98824072
17 27 31 872452  0.09638786 -0.06644964  0.99649882
17 27 31 918514  0.09136558 -0.06755638  0.99840593
17 27 31 953255  0.09530687 -0.06400323  0.99293208
17 27 32 2165  0.09719515 -0.07018352  1.00672913
17 27 32 77865  0.09658885 -0.06676435  1.01586938
17 27 32 117803  0.09727097 -0.0601356   1.01800275
17 27 32 169103  0.09910512 -0.05949092  1.01203156
17 27 32 212648  0.10114169 -0.06428623  1.01148534
17 27 32 251240  0.09886479 -0.07260537  1.01664734
17 27 32 301747  0.09866142 -0.07296395  1.02720976
17 27 32 352093  0.09707713 -0.07476664  1.02856398
17 27 32 405970  0.09681296 -0.07228851  1.01371145
17 27 32 452927  0.09668183 -0.07167888  1.01063418
17 27 32 505523  0.09087682 -0.07723904  1.01105666
17 27 32 567515  0.08379388 -0.07878971  1.00937009
17 27 32 600890  0.08337069 -0.07813478  1.00797558
17 27 32 652501  0.08110952 -0.07651758  0.99931622
17 27 32 705258  0.0808351  -0.07060051  0.99448419
17 27 32 753245  0.0804975  -0.06813097  0.99178219
17 27 32 803701  0.08240628 -0.05909348  0.98764372
17 27 32 853347  0.0825069  -0.05991054  0.98266649
17 27 32 903385  0.082196   -0.05692744  0.97383857
17 27 32 952804  0.08060241 -0.05524993  0.97640586
17 27 33 4492  0.08441329 -0.05331731  0.98059654
17 27 33 55843  0.08583283 -0.0542562   0.98442388
17 27 33 102046  0.08649206 -0.05944824  0.99270368
17 27 33 153709  0.09049487 -0.05401111  0.99304104
17 27 33 201025  0.08700252 -0.05978966  0.99636054
17 27 33 252043  0.08519721 -0.06246877  0.9985497 
17 27 33 301770  0.08889389 -0.06245279  0.9960053 
17 27 33 353885  0.08687305 -0.05965948  0.9965291 
17 27 33 403505  0.09062219 -0.06045079  0.99901891
17 27 33 451196  0.08567882 -0.06127667  0.99973369
17 27 33 503469  0.08982015 -0.06514168  0.99143672
17 27 33 552534  0.08818793 -0.0626533   0.98725033
17 27 33 603938  0.09194946 -0.06097651  0.98851752
17 27 33 654089  0.08821583 -0.06180573  0.99885154
17 27 33 700615  0.08826518 -0.06206846  1.00637627
17 27 33 766119  0.09375215 -0.06121016  1.01025629
17 27 33 803488  0.09977937 -0.0612278   1.01710105
17 27 33 852485  0.10378313 -0.05792046  1.02449942
17 27 33 902864  0.10548353 -0.05651402  1.02468252
17 27 33 953310  0.10308957 -0.05179191  1.02688026
17 27 34 3456  0.10833836 -0.05360532  1.02232742
17 27 34 55330  0.10695672 -0.05136847  1.01367903
17 27 34 105142  0.09951448 -0.04629517  1.00660515
17 27 34 153444  0.09433389 -0.04422665  0.99830556
17 27 34 204388  0.09122157 -0.03980279  0.99201179
17 27 34 252141  0.0904417  -0.03421378  0.98120856
17 27 34 313331  0.09171438 -0.03869724  0.97335362
17 27 34 365762  0.08556914 -0.03971672  0.96858954
17 27 34 419165  0.08555961 -0.03476715  0.97276664
17 27 34 452652  0.08239722 -0.03588843  0.97567225
17 27 34 501969  0.08660316 -0.03609109  0.98011351
17 27 34 553507  0.08698988 -0.03766704  0.97388339
17 27 34 602744  0.08717108 -0.04171443  0.98018694
17 27 34 651551  0.08719254 -0.04154277  0.98332143
17 27 34 703430  0.0913806  -0.04375362  0.98407125
17 27 34 752241  0.09028316 -0.04153562  0.98517179
17 27 34 804392  0.09378624 -0.04702973  0.98802161
17 27 34 872765  0.09819818 -0.04650807  0.98811531
17 27 34 899827  0.09841847 -0.05121326  0.99697948
17 27 34 951852  0.09619975 -0.05393457  1.00323176
17 27 35 838  0.09607029 -0.05231738  1.00710225
17 27 35 82470  0.09961033 -0.04757643  1.003124  
17 27 35 121003  0.09601045 -0.05591726  1.00888085
17 27 35 173860  0.09530663 -0.05635118  1.01791573
17 27 35 220036  0.09663343 -0.05498409  1.02459598
17 27 35 267510  0.09465766 -0.06105638  1.02276516
17 27 35 324050  0.09206295 -0.05847478  1.02006745
17 27 35 370517  0.08884716 -0.06390452  1.01068211
17 27 35 404078  0.09139705 -0.06872916  1.01679564
17 27 35 473778  0.0855341  -0.06462693  1.01388407
17 27 35 510125  0.08830547 -0.06429076  1.00856686
17 27 35 568227  0.08736229 -0.06618261  1.00310159
17 27 35 623915  0.08919668 -0.06500864  0.99984312
17 27 35 668048  0.0887754  -0.07299829  1.00188661
17 27 35 703587  0.08873296 -0.06760383  1.00053   
17 27 35 753716  0.0820322  -0.06880212  0.99667311
17 27 35 804556  0.08363557 -0.06646299  0.99037981
17 27 35 851551  0.08499217 -0.06697392  0.98895764
17 27 35 904271  0.08425593 -0.06668663  0.99623561
17 27 35 952360  0.08128786 -0.06037855  0.99400616
17 27 36 4903  0.08269358 -0.05809355  0.99068284
17 27 36 56132  0.08270359 -0.05806947  0.98826647
17 27 36 104171  0.07876348 -0.0564158   0.98510551
17 27 36 153240  0.07996488 -0.05658102  0.98510981
17 27 36 201150  0.07675004 -0.05666971  0.99173617
17 27 36 252153  0.07956052 -0.05321622  0.99023342
17 27 36 301865  0.08176804 -0.05876708  0.98910689
17 27 36 353591  0.08483791 -0.06185842  0.98731709
17 27 36 403435  0.08573985 -0.0646925   0.99121189
17 27 36 457715  0.08869481 -0.06956267  0.99770761
17 27 36 524164  0.09065533 -0.06843853  1.00165868
17 27 36 571447  0.09082842 -0.06659508  1.00228071
17 27 36 625797  0.09072256 -0.06577563  0.99697876
17 27 36 670108  0.0920577 -0.067276   0.9994781
17 27 36 717788  0.09495044 -0.06607819  1.00837255
17 27 36 765090  0.09311986 -0.06317854  1.01806712
17 27 36 819946  0.0945425  -0.06210828  1.02261233
17 27 36 855949  0.09115481 -0.06104827  1.02001214
17 27 36 902840  0.0781548  -0.75023675  0.14450431
17 27 36 953807  0.07915115 -0.06160903  0.99446535
17 27 37 4581  3.00884247e-04 -1.12522626e+00 -1.74611378e+00
17 27 37 55478  0.0737257  -0.05541992  0.33198977
17 27 37 106032  0.0696187  -0.05496192  0.97997189
17 27 37 154475 -5.15437126e-03 -4.79483604e-03  6.05583191e-05
17 27 37 204040  0.13349986 -0.05368519  0.99599576
17 27 37 253552  0.13248062 -0.05496097  0.99210095
17 27 37 300495  0.13252521 -0.05400634  0.99001694
17 27 37 352317  0.13302994 -0.05705738  0.99374866
17 27 37 407867  0.12837291 -0.05938435  0.99736428
17 27 37 456770  0.12783074 -0.06130242  0.99439573
17 27 37 504040  0.13022685 -0.06010389  0.99395609
17 27 37 553357  0.13179302 -0.05855393  0.98761582
17 27 37 604088  0.12767863 -0.0622704   0.98941278
17 27 37 653204  0.12975049 -0.06194711  0.99092174
17 27 37 702484  0.12989402 -0.06305122  0.98673868
17 27 37 773634  0.12780619 -0.06673837  0.9863708 
17 27 37 821527  0.12130761 -0.06608129  0.99450827
17 27 37 870926  0.12148499 -0.06507516  0.99564552
17 27 37 921222  0.12336564 -0.0635345   0.9973371 
17 27 37 969859  0.12121987 -0.06481719  0.99992466
17 27 38 18576  0.12149692 -0.06203008  0.9949429 
17 27 38 82027  0.11860585 -0.0640626   0.99358344
17 27 38 121241  0.11397266 -0.0645833   1.00331807
17 27 38 165267  0.11321092 -0.06414723  1.00490284
17 27 38 211745  0.11283565 -0.06199813  1.00458622
17 27 38 268303  0.11293173 -0.0670979   1.00321078
17 27 38 310117  0.11339927 -0.06311679  1.00160718
17 27 38 352959  0.10976577 -0.06323195  0.99947405
17 27 38 403994  0.10529876 -0.06701732  1.00375366
17 27 38 453321  0.1065793  -0.06391001  1.00315833
17 27 38 500353  0.11007118 -0.06466055  0.9956162 
17 27 38 557233  0.11107588 -0.06477737  0.99792814
17 27 38 603558  0.11048365 -0.06312084  0.99378085
17 27 38 653499  0.10992527 -0.06312752  0.99884486
17 27 38 702051  0.10941601 -0.06023598  0.99960828
17 27 38 753432  0.10779524 -0.06038547  0.99916005
17 27 38 804337  0.10971212 -0.05968738  0.99939418
17 27 38 851630  0.10577083 -0.05892515  0.99821877
17 27 38 905016  0.10826111 -0.0571928   1.0014677 
17 27 38 952389  0.11207485 -0.05401945  1.00452685
17 27 39 3392  0.11395359 -0.05504298  0.99745774
17 27 39 55780  0.11560965 -0.05311465  0.99474406
17 27 39 103254  0.11575413 -0.05796766  0.99509931
17 27 39 154299  0.11521173 -0.05945301  0.99535799
17 27 39 201398  0.11569262 -0.05630302  0.99622607
17 27 39 251569  0.11740303 -0.05435109  0.99061203
17 27 39 300898  0.11636233 -0.05706453  0.98706818
17 27 39 353072  0.11486459 -0.05542278  0.98372364
17 27 39 402014  0.11644006 -0.05119634  0.98300719
17 27 39 452214  0.11811566 -0.05065036  0.98546672
17 27 39 503314  0.11587214 -0.04754424  0.98428631
17 27 39 551403  0.11821508 -0.04589367  0.98132515
17 27 39 604932  0.12012529 -0.04435301  0.97988176
17 27 39 653320  0.11976576 -0.04173326  0.97408509
17 27 39 700643  0.12086058 -0.03857517  0.96440434
17 27 39 751733  0.12086844 -0.03708124  0.96391559
17 27 39 800422  0.12179899 -0.03751183  0.95810223
17 27 39 851995  0.12138319 -0.03915048  0.95548987
17 27 39 901153  0.11876893 -0.04170728  0.96477413
17 27 39 952847  0.11484051 -0.0412488   0.97665524
17 27 40 1925  0.11594987 -0.03838515  0.98462582
17 27 40 60491  0.11802745 -0.03663492  0.98990917
17 27 40 104831  0.11976743 -0.039428    0.99460268
17 27 40 160540  0.12599421 -0.0364213   1.00027466
17 27 40 222211  0.12244511 -0.04012179  1.01081443
17 27 40 257734  0.12140441 -0.03596711  1.01766419
17 27 40 302580  0.11795855 -0.03601718  1.01791263
17 27 40 351593  0.11626458 -0.03933835  1.01884699
17 27 40 400642  0.11917019 -0.0443213   1.01643634
17 27 40 452062  0.12148833 -0.04473639  1.01362014
17 27 40 516330  0.11989856 -0.04286528  1.01253128
17 27 40 569176  0.11658955 -0.04684353  1.0140667 
17 27 40 617034  0.11256409 -0.05188537  1.0123589 
17 27 40 670908  0.10938311 -0.05566812  1.00591111
17 27 40 702267  0.11178827 -0.05786729  1.00543308
17 27 40 751242  0.1150198  -0.0589335   1.00692964
17 27 40 804054  0.11530733 -0.05852199  0.99871397
17 27 40 852774  0.11464119 -0.0599401   0.99713302
17 27 40 900572  0.10783362 -0.06337118  0.99242163
17 27 40 952236  0.10487556 -0.06018257  0.9891777 
17 27 41 744  0.10460019 -0.06024337  0.98909974
17 27 41 61933  0.10367513 -0.06151938  0.99361563
17 27 41 103856  0.10665131 -0.05387235  0.99487257
17 27 41 154532  0.10765648 -0.05108857  0.99239516
17 27 41 201736  0.10605335 -0.05076885  0.98749304
17 27 41 262304  0.10438704 -0.04855132  0.98526406
17 27 41 319181  0.10483027 -0.04970407  0.98477793
17 27 41 383156  0.10187626 -0.05362487  0.98931813
17 27 41 426083  0.10789084 -0.05300903  0.98796153
17 27 41 470012  0.11158609 -0.05584288  0.98681974
17 27 41 517494  0.11308885 -0.06782246  0.985461  
17 27 41 562847  0.11454654 -0.07124877  0.98590136
17 27 41 616540  0.11774921 -0.07267976  0.98282266
17 27 41 652053  0.12352014 -0.07816148  0.97801805
17 27 41 702526  0.12430191 -0.0727067   0.98383784
17 27 41 753124  0.12674594 -0.07192063  0.98236322
17 27 41 801563  0.12540174 -0.07712388  0.98654246
17 27 41 850525  0.12318015 -0.08019352  0.98972964
17 27 41 902860  0.12516451 -0.07979965  0.98404288
17 27 41 951748  0.12537289 -0.07880068  0.98122668
17 27 42 3642  0.12335229 -0.07882285  0.9920876 
17 27 42 56068  0.12385178 -0.07782412  0.99499702
17 27 42 101438  0.12335134 -0.07684231  0.99781942
17 27 42 154161  0.12077379 -0.07193208  0.99831772
17 27 42 201044  0.11870241 -0.06906104  0.99720907
17 27 42 251681  0.11520314 -0.06773853  1.00576997
17 27 42 310971  0.11282277 -0.06413794  1.01528406
17 27 42 360399  0.11844325 -0.06302166  1.01057482
17 27 42 403931  0.11638355 -0.06208754  1.00360489
17 27 42 450848  0.11268187 -0.05913806  1.00490689
17 27 42 503875  0.11264515 -0.05676126  1.00623488
17 27 42 551995  0.11318922 -0.05611086  1.00206399
17 27 42 604443  0.11259794 -0.05839324  1.00133848
17 27 42 652373  0.11445808 -0.05999541  0.99595237
17 27 42 700252  0.11733007 -0.05793142  0.99019051
17 27 42 751002  0.11456609 -0.05436754  0.99745846
17 27 42 800546  0.1148963  -0.0530901   0.99889207
17 27 42 851702  0.1127851  -0.04667759  0.99760342
17 27 42 902569  0.11283183 -0.04832244  0.99821782
17 27 42 952402  0.11387682 -0.0412817   0.98873258
17 27 43 2496  0.10938454 -0.7345469   1.62887406
17 27 43 59745  0.11572766 -0.04178095  0.98932695
17 27 43 111567 4.37021255e-04 1.42174625e+00 1.17572141e+00
17 27 43 151791  0.11045384 -0.03430176 -1.37117457
17 27 43 205294  0.1106751  -0.03185511  0.97433138
17 27 43 251292 -1.41143799e-03 -2.12979317e-03  4.31537628e-05
17 27 43 300032  0.0876925  -0.05551052  1.00066614
17 27 43 350992  0.08538222 -0.05170751  0.99896622
17 27 43 400349  0.08891535 -0.05591679  1.00387764
17 27 43 451930  0.09080005 -0.05784345  1.0126009 
17 27 43 501499  0.0927341  -0.053931    1.00707293
17 27 43 552742  0.09680533 -0.04968667  1.0052371 
17 27 43 602565  0.09664106 -0.04649234  1.00631213
17 27 43 659535  0.10261321 -0.04904795  1.00189137
17 27 43 723143  0.10133743 -0.05899882  1.00278878
17 27 43 753371  0.1022563  -0.05533552  1.00256443
17 27 43 804080  0.09779763 -0.05461097  1.01219678
17 27 43 852412  0.09767818 -0.0510726   1.00970507
17 27 43 907928  0.10420394 -0.054533    0.99739265
17 27 43 951809  0.103266   -0.06010985  0.99487329
17 27 44 159  0.10188484 -0.06237197  0.99960279
17 27 44 63026  0.10085201 -0.05456138  1.00167871
17 27 44 104011  0.09904838 -0.05975509  0.99964738
17 27 44 155475  0.09754944 -0.05659962  0.99596548
17 27 44 202091  0.10013175 -0.05843115  0.99119925
17 27 44 272122  0.10777807 -0.05505061  0.98235941
17 27 44 322770  0.1089313  -0.05396581  0.97966838
17 27 44 357438  0.11034799 -0.05070734  0.97702098
17 27 44 404210  0.10900545 -0.04941845  0.9874146 
17 27 44 452477  0.10572577 -0.04902983  0.98225713
17 27 44 499200  0.10652494 -0.04785085  0.9665277 
17 27 44 551390  0.10155797 -0.04372668  0.96316791
17 27 44 600195  0.09866333 -0.04650664  0.97036934
17 27 44 652123  0.09839249 -0.04470253  0.9711659 
17 27 44 701387  0.09994936 -0.04651666  0.95877528
17 27 44 752620  0.09574676 -0.05064702  0.95204353
17 27 44 801898  0.0906384  -0.05471826  0.95870996
17 27 44 852369  0.08643389 -0.05721545  0.96972251
17 27 44 903111  0.07957888 -0.05880523  0.9841888 
17 27 44 951534  0.08303332 -0.0564394   0.98836994
17 27 45 23518  0.08258247 -0.05678678  0.98356962
17 27 45 70001  0.08548856 -0.06107521  0.98949909
17 27 45 116856  0.0816803  -0.05899668  0.99984264
17 27 45 174452  0.08180141 -0.0596137   1.00963545
17 27 45 221671  0.08156705 -0.06582904  1.01551151
17 27 45 252088  0.08021069 -0.06832647  1.02868581
17 27 45 302052  0.08523178 -0.06575751  1.03435397
17 27 45 352783  0.09019685 -0.0569582   1.03413057
17 27 45 403177  0.09008884 -0.06481838  1.02912116
17 27 45 451181  0.09162354 -0.06104946  1.0396781 
17 27 45 504070  0.0915761  -0.05701494  1.05115938
17 27 45 552632  0.08707261 -0.06355309  1.0574615 
17 27 45 617257  0.08698654 -0.06062841  1.03985119
17 27 45 654115  0.09072089 -0.05668807  1.02815747
17 27 45 699268  0.08803678 -0.06580925  1.04184818
17 27 45 751841  0.09132624 -0.06419444  1.03896093
17 27 45 801203  0.08890247 -0.06512594  1.02176976
17 27 45 852853  0.08589864 -0.06697702  1.0190711 
17 27 45 901476  0.08581066 -0.0658505   1.01542044
17 27 45 952884  0.08944726 -0.05840659  1.00271344
17 27 46 2783  0.08615494 -0.0638876   1.00212979
17 27 46 59986  0.08761144 -0.0584569   1.00061154
17 27 46 105060  0.09459329 -0.05851388  0.98497963
17 27 46 152532  0.08996964 -0.05811834  0.98292518
17 27 46 203054  0.09003329 -0.0621767   0.98002267
17 27 46 251557  0.08999085 -0.05456448  0.96814585
17 27 46 299781  0.09705305 -0.0565629   0.96349621
17 27 46 354491  0.0953784  -0.05778456  0.97526097
17 27 46 404704  0.09843349 -0.0541594   0.97384071
17 27 46 452085  0.09736705 -0.05526733  0.97300744
17 27 46 502890  0.09648538 -0.05618882  0.97229147
17 27 46 553746  0.10038638 -0.06017256  0.96694326
17 27 46 610064  0.10002017 -0.0608623   0.96847081
17 27 46 651905  0.1030364  -0.06427383  0.97410893
17 27 46 702727  0.10253358 -0.06139255  0.97914696
17 27 46 751821  0.10115814 -0.06132245  0.97222376
17 27 46 803470  0.0977757  -0.05944538  0.9734478 
17 27 46 851717  0.09414744 -0.0592072   0.9736073 
17 27 46 901607  0.09609461 -0.05906439  0.97256374
17 27 46 951895  0.09396601 -0.0630703   0.98083639
17 27 47 778  0.09190607 -0.05193138  0.99312282
17 27 47 63153  0.0966363  -0.05043387  0.98990297
17 27 47 124586  0.09925723 -0.05129886  0.99423313
17 27 47 152024  0.09847236 -0.05822062  1.01076078
17 27 47 210546  0.1010797  -0.05237246  1.02047181
17 27 47 269925  0.09700203 -0.04862881  1.02723861
17 27 47 320754  0.08743644 -0.052876    1.03607678
17 27 47 368099  0.08355069 -0.06222486  1.0287478 
17 27 47 423778  0.08003902 -0.07055283  1.01817441
17 27 47 484305  0.07461643 -0.05266571  1.01884937
17 27 47 518778  0.07055259 -0.03864884  1.02801204
17 27 47 560129  0.063627   -0.04825473  1.0228107 
17 27 47 600940  0.06601977 -0.06046987  1.00034547
17 27 47 651801  0.06386256 -0.07100606  0.98833704
17 27 47 701216  0.0589385  -0.07124662  0.99756742
17 27 47 752448  0.05743885 -0.06287909  1.01021791
17 27 47 801959  0.05642653 -0.05788827  1.02235818
17 27 47 859156  0.06008506 -0.06240845  1.03877735
17 27 47 903271  0.06900287 -0.06401443  1.02847528
17 27 47 953015  0.07793903 -0.0569346   1.00728846
17 27 48 7905  0.078197   -0.05677152  1.00379467
17 27 48 68143  0.07809901 -0.04569411  1.01205802
17 27 48 112611  0.07727194 -0.04490542  0.99342299
17 27 48 152880  0.08686471 -0.04604173  0.97280073
17 27 48 204984  0.10086775 -0.05303431  0.95304298
17 27 48 253391  0.10901952 -0.05014515  0.95330858
17 27 48 301676  0.10510993 -0.04948044  0.9699235 
17 27 48 352747  0.10077047 -0.03440833  0.97840548
17 27 48 401595  0.09056044 -0.04131699  0.98160243
17 27 48 450142  0.09064221 -0.04139256  0.95138717
17 27 48 503602  0.10790706 -0.04403448  0.92859459
17 27 48 551320  0.12307549 -0.0436759   0.91639161
17 27 48 605285  0.11479735 -0.05618739  0.94979191
17 27 48 652630  0.10503864 -0.06051064  0.95621276
17 27 48 701195  0.08762217 -0.06212926  0.96508718
17 27 48 752796  0.08146167 -0.0612607   0.944561  
17 27 48 800648  0.08992147 -0.05751443  0.94236708
17 27 48 852107  0.09255004 -0.04895663  0.96092224
17 27 48 901414  0.0976553  -0.0518868   0.98741865
17 27 48 952958  0.09814811 -0.04737782  0.98960686
17 27 49 1056  0.09487867 -0.05342221  0.97827029
17 27 49 59712  0.08290887 -0.05884385  0.98411798
17 27 49 104479  0.08080006 -0.05253053  1.00588727
17 27 49 151164  0.07569265 -0.05301929  1.03290772
17 27 49 204256  0.0876646  -0.05135202  1.04683328
17 27 49 252132  0.08894634 -0.05686307  1.04305053
17 27 49 298744  3.15904617e-04 -4.37741280e-01 -8.86576176e-01
17 27 49 351369  0.07795691 -0.05210209  1.02612305
17 27 49 400347  0.08045173 -0.04941678  1.03281212
17 27 49 451396 2.96831131e-04 1.53104186e+00 1.34787178e+00
17 27 49 500983  0.07266593 -0.05809593  1.07075596
17 27 49 552016  0.07493544 -0.0594182   1.05963588
17 27 49 601469  0.07458735 -1.68753028  1.7968719 
17 27 49 650978  0.08118248 -0.0743959   1.03986049
17 27 49 703119  0.08239508 -0.07364941  1.03817773
17 27 49 750987  0.08726954 -0.08281398  1.03875113
17 27 49 805966  0.08877397 -0.08165669  1.04394507
17 27 49 851776  0.09058928 -0.0760839   1.03892875
17 27 49 900301  0.09472561 -0.07765365  1.03746247
17 27 49 951470  0.09413767 -0.08105326  1.03131342
17 27 50 9281  0.09642458 -0.08297873  1.01595306
17 27 50 68632  0.0938344  -0.08598995  1.01118636
17 27 50 121243  0.09247923 -0.09674525  1.01453686
17 27 50 164980  0.0990386  -0.09805703  1.01247501
17 27 50 201794  0.09875154 -0.09692049  1.00267267
17 27 50 249449  0.09463787 -0.10143971  0.99585414
17 27 50 301944  0.09021592 -0.10441136  0.98897529
17 27 50 351247  0.09164143 -0.09663844  0.98182893
17 27 50 402875  0.09484005 -0.09860587  0.98102188
17 27 50 452100  0.10021591 -0.10169959  0.98344302
17 27 50 498802  0.09891748 -0.09592175  0.97264099
17 27 50 550888  0.08918309 -0.09858274  0.97207403
17 27 50 599647  0.08725595 -0.09407496  0.97814369
17 27 50 653208  0.09213758 -0.08754659  0.97165537
17 27 50 700481  0.09959054 -0.08768916  0.97698832
17 27 50 752371  0.10112166 -0.08213449  0.98255801
17 27 50 803885  0.10694766 -0.0836041   0.99377799
17 27 50 851191  0.10653663 -0.07902479  0.98179603
17 27 50 903579  0.10552573 -0.0787251   0.98443866
17 27 50 951161  0.103158   -0.07837248  0.98770237
17 27 51 2970  0.10088682 -0.0818541   0.98518848
17 27 51 55049  0.10591698 -0.08287811  0.98233962
17 27 51 101914  0.10583758 -0.08300638  0.98983693
17 27 51 152698  0.09717155 -0.07575035  0.99071383
17 27 51 201260  0.09727263 -0.08581758  0.97741532
17 27 51 251387  0.09422326 -0.09045887  0.97967792
17 27 51 300580  0.09424138 -0.08949089  0.98866415
17 27 51 353184  0.09072399 -0.10346341  1.00511527
17 27 51 403422  0.08893132 -0.0933857   0.99502754
17 27 51 452402  0.09373021 -0.08257961  0.98650312
17 27 51 502480  0.0910337  -0.09169602  0.99853778
17 27 51 552007  0.09175825 -0.09237814  0.9949224 
17 27 51 603320  0.08904815 -0.09130311  0.98551154
17 27 51 651922  0.08855724 -0.09020972  1.00566173
17 27 51 699096  0.08992767 -0.08212256  1.00913143
17 27 51 750487  0.0897305  -0.07562327  1.00116086
17 27 51 806041  0.08943725 -0.08469892  0.99632096
17 27 51 861966  0.08297205 -0.08471036  1.00792527
17 27 51 920322  0.08109164 -0.07754898  0.99752665
17 27 51 956285  0.08450437 -0.07677865  0.99104381
17 27 52 1308  0.0844481  -0.07892251  0.9924705 
17 27 52 75332  0.08679962 -0.06757498  0.99327135
17 27 52 118922  0.08495355 -0.0746634   0.99948716
17 27 52 166771  0.07906079 -0.08653498  1.00123692
17 27 52 222118  0.08022022 -0.07258153  0.99636292
17 27 52 267467  0.08171463 -0.0685885   0.98796916
17 27 52 318375  0.07704496 -0.06997085  1.00480819
17 27 52 350863  0.08537173 -0.05957556  0.98571825
17 27 52 401652  0.08753419 -0.06517768  0.98425531
17 27 52 451292  0.08755636 -0.06213617  0.99600887
17 27 52 502492  0.08437395 -0.05272675  1.00083256
17 27 52 553074  0.08386374 -0.0528698   0.98693943
17 27 52 606905  0.08499885 -0.04719925  0.99731064
17 27 52 651206  0.08386254 -0.05168653  0.98804474
17 27 52 703320  0.08634329 -0.05043745  0.98422074
17 27 52 761297  0.08610177 -0.05097556  0.99214458
17 27 52 821025  0.08063817 -0.04577184  0.98937535
17 27 52 871197  0.07632446 -0.0475142   0.98480034
17 27 52 906291  0.07916999 -0.05275321  0.98025823
17 27 52 959698  0.07727408 -0.05677414  0.99279547
17 27 53 14240  0.08211493 -0.05258346  0.99562979
17 27 53 62597  0.08141613 -0.05700731  1.00160074
17 27 53 98842  0.08068037 -0.05927873  0.99728751
17 27 53 151556  0.08121777 -0.05606389  0.99754953
17 27 53 201569  0.08043289 -0.06886768  0.99722314
17 27 53 249095  0.08200145 -0.06406283  0.99953055
17 27 53 301057  0.08685851 -0.06104541  1.00009847
17 27 53 352006  0.08893847 -0.0682857   1.00288582
17 27 53 404055  0.08803463 -0.06834459  1.00277829
17 27 53 453437  0.09037089 -0.07030964  0.99607325
17 27 53 499235  0.08986163 -0.07647586  1.00971794
17 27 53 552141  0.08895445 -0.06697559  1.01258636
17 27 53 601609  0.0888896  -0.07142353  1.00032687
17 27 53 651208  0.09414959 -0.07407308  0.99140549
17 27 53 700750  0.09620643 -0.07108927  0.99548101
17 27 53 752132  0.10130286 -0.07289648  0.98904443
17 27 53 802792  0.09654784 -0.07611561  0.98502874
17 27 53 852373  0.0954926  -0.07488179  0.9818573 
17 27 53 903513  0.09486771 -0.06826878  0.97735548
17 27 53 950861  0.09772325 -0.07520652  0.97545695
17 27 54 4121  0.0935452  -0.0855267   0.97032309
17 27 54 55278  0.09166431 -0.08431339  0.97587013
17 27 54 100861  0.08764458 -0.0736382   0.97591686
17 27 54 153104  0.08596921 -0.07385039  0.97545576
17 27 54 217751  0.08974576 -0.07329369  0.96111131
17 27 54 266266  0.08863115 -0.07703567  0.95506239
17 27 54 301374  0.09440851 -0.08501816  0.96505427
17 27 54 352251  0.09346223 -0.08145809  0.97021389
17 27 54 401678  0.0938704  -0.08290625  0.97652483
17 27 54 451643  0.09044266 -0.08996987  0.97686839
17 27 54 502340  0.08633757 -0.08980918  0.9802084 
17 27 54 554505  0.08835435 -0.09142876  0.9804852 
17 27 54 603778  0.08904815 -0.09352398  0.97923589
17 27 54 652915  0.09037304 -0.1009922   0.97485542
17 27 54 699223  0.09255052 -0.09816933  0.97226548
17 27 54 753315  0.09006143 -0.09716272  0.98440886
17 27 54 812747  0.08635449 -0.10905647  0.99908042
17 27 54 858056  0.08116674 -0.10842752  0.99874258
17 27 54 904257  0.08050466 -0.10992813  1.00367594
17 27 54 954323  0.08439565 -0.10627604  1.00840735
17 27 55 3498  0.08358192 -0.10927582  1.01472378
17 27 55 59752  0.07297444 -0.11138964  1.01397181
17 27 55 112074  0.07248473 -0.10551691  1.01975179
17 27 55 167880  0.06889439 -0.0888648   1.02848792
17 27 55 221160  0.06838775 -0.09278584  1.03262639
17 27 55 263473  0.07173109 -0.09426379  1.03208232
17 27 55 299276  0.07252717 -0.09614611  1.04238677
17 27 55 351244  0.06927443 -0.09397936  1.05300117
17 27 55 400727  0.0724895  -0.08496284  1.06027317
17 27 55 452574  0.06892419 -0.07563591  1.05409169
17 27 55 501566  0.07419395 -0.07992387  1.03832507
17 27 55 554202  0.08301902 -0.07193208  1.02976823
17 27 55 601654  0.08068085 -0.07633281  1.0332191 
17 27 55 651779  0.08114195 -0.07391477  1.03093028
17 27 55 725083  0.07933044 -0.0706284   1.02881432
17 27 55 753162  0.07902622 -0.06619334  1.03494215
17 27 55 812077  2.99215317e-04 -1.70340967e+00  3.79015923e-01
17 27 55 873531  0.07800984 -0.07774305  1.00169849
17 27 55 914060  0.07656026 -0.08030009  1.003227  
17 27 55 950911  0.07818866 -0.07169104  1.0000639 
17 27 56 879  0.07944965 -0.06928444  0.99555087
17 27 56 61818  0.07776499 -0.07028985  0.98191833
17 27 56 98122  0.076334   -0.0774796  -0.00506282
17 27 56 160521  0.09332919 -0.03899217  1.00403523
17 27 56 210261  0.08770037 -0.03979588  1.01295996
17 27 56 267802  0.08520937 -0.04061031  1.01492596
17 27 56 321033  0.08511901 -0.03369403  1.01161981
17 27 56 372566  0.08925748 -0.03365993  1.01723742
17 27 56 420584  0.08171368 -0.03761816  1.02071476
17 27 56 471133  0.08463049 -0.04401851  1.01625729
17 27 56 519448  0.08698392 -0.04242802  1.01712108
17 27 56 568068  0.08338761 -0.04475141  1.01821232
17 27 56 618233  0.08126998 -0.0468905   1.01422787
17 27 56 654987  0.08200192 -0.05474567  1.01126266
17 27 56 701160  0.08130693 -0.05795217  1.01887059
17 27 56 752655  0.08040237 -0.06398416  1.01786423
17 27 56 800692  0.07950306 -0.0580709   1.0104115 
17 27 56 850348  0.07834244 -0.06017256  1.00775242
17 27 56 902204  0.07953501 -0.0629251   1.00568104
17 27 56 953104  0.08101201 -0.06113648  1.00605774
17 27 57 3427  0.08190942 -0.06389999  1.00927114
17 27 57 54848  0.07860756 -0.06032157  1.01388907
17 27 57 102025  0.08112359 -0.05999589  1.00369334
17 27 57 170262  0.0789845  -0.05792737  1.00032234
17 27 57 217724  0.08265162 -0.06516171  1.00762725
17 27 57 254985  0.08529806 -0.0640173   0.99871373
17 27 57 301383  0.08811522 -0.06726241  0.99849296
17 27 57 359951  0.08839035 -0.06872821  0.99883223
17 27 57 421777  0.0890739  -0.06652093  0.99583912
17 27 57 473498  0.09044099 -0.06955481  0.98900557
17 27 57 515133  0.08989978 -0.06952477  0.99634218
17 27 57 550888  0.08606648 -0.07132125  0.99563456
17 27 57 603758  0.08940625 -0.06753564  0.99493337
17 27 57 651360  0.08700776 -0.06571579  0.99617577
17 27 57 701138  0.08873272 -0.0628438   0.99157214
17 27 57 751637  0.08829069 -0.05684805  0.98868704
17 27 57 800327  0.08368182 -0.05402946  0.99144769
17 27 57 852940  0.08730865 -0.04973888  0.99274039
17 27 57 901895  0.08903384 -0.04857159  1.00076795
17 27 57 953979  0.09207511 -0.04218841  1.01164937
17 27 58 1329  0.09409165 -0.04288244  1.01613235
17 27 58 58323  0.10052586 -0.04147243  1.01105642
17 27 58 108967  0.0971241  -0.04611897  1.01456761
17 27 58 150358  0.09869671 -0.04165769  1.01299429
17 27 58 203136  0.09731507 -0.03761935  1.00215316
17 27 58 251633  0.09539747 -0.03458309  0.98793364
17 27 58 299510  0.09120989 -0.03778744  0.98225522
17 27 58 351624  0.08808756 -0.04820943  0.98214841
17 27 58 399496  0.08083797 -0.05815506  0.97582912
17 27 58 450761  0.07672811 -0.06074262  0.97675228
17 27 58 499803  0.07629681 -0.06133342  0.97332978
17 27 58 552189  0.07647586 -0.06009459  0.97832584
17 27 58 600707  0.08221364 -0.06521249  0.97928762
17 27 58 676432  0.08146048 -0.07104516  0.98919082
17 27 58 721508  0.08404827 -0.06523538  0.99279594
17 27 58 771031  0.0812614  -0.06118178  1.00129628
17 27 58 803158  0.07987046 -0.04957128  1.00075173
17 27 58 851474  0.08372688 -0.04410887  0.99576902
17 27 58 900465  0.08331394 -0.04118681  0.9960506 
17 27 58 950935  0.08490086 -0.04103947  0.99976063
17 27 58 999549  0.07985854 -0.03655148  0.99679852
17 27 59 62004  0.07415819 -0.03569627  0.99940896
17 27 59 98663  0.07500768 -0.03391504  0.99378395
17 27 59 151211  0.07184768 -0.04491878  0.98857117
17 27 59 203482  0.07551694 -0.05263519  0.99241543
17 27 59 250394  0.07315707 -0.05748296  1.00300479
17 27 59 310916  0.07446074 -0.0541811   1.00643444
17 27 59 351143  0.07194161 -0.05604386  1.00285411
17 27 59 403571  0.07019401 -0.05562854  0.99242449
17 27 59 451556  0.0660491  -0.05812788  1.00239587
17 27 59 498454  0.06462002 -0.05772805  1.01777315
17 27 59 559816  0.06517386 -0.04950309  1.02006292
17 27 59 599806  0.07018518 -0.04410386  1.01437807
17 27 59 650808  0.07074308 -0.03470874  1.0064857 
17 27 59 699843  0.07088614 -0.03323269  1.00453997
17 27 59 771049  0.07337928 -0.0290451   1.00435019
17 27 59 819215  0.07496524 -0.02695537  1.01565003
17 27 59 873454  0.07139897 -0.03455043  1.0239625 
17 27 59 921813  0.06908464 -0.03963256  1.01774716
17 27 59 970948  0.06831622 -0.04197717  1.01087332
17 28 0 24947  0.06756282 -0.04873037  1.00782228
17 28 0 66217  0.06776619 -0.05356622  1.00171924
17 28 0 119092  0.0673151  -0.05715132  0.99587727
17 28 0 166740  0.06691551 -0.06185055  0.99367261
17 28 0 216664  0.06149125 -0.06217217  0.9817729 
17 28 0 275893  0.06365156 -0.06136417  0.97654629
17 28 0 321841  0.0655694  -0.06696486  0.97706056
17 28 0 364899  0.06332111 -0.06617332  0.98454475
17 28 0 420189  0.07007933 -0.06446981  0.99044943
17 28 0 468944  0.06822062 -0.06410289  0.98899055
17 28 0 524490  0.06888628 -0.06223583  0.99014926
17 28 0 566111  0.06511903 -0.05724072  0.98553801
17 28 0 623194  0.06720591 -0.05238771  0.9897151 
17 28 0 674211  0.06601834 -0.05127239  0.99890924
17 28 0 718702  0.06699038 -0.05165172  1.00566339
17 28 0 755809  0.06493926 -0.04873514  1.00512671
17 28 0 799750  0.06816697 -0.05146718  1.00572085
17 28 0 851090  0.0676949  -0.05326366  1.00149274
17 28 0 900433  0.06465006 -0.051929    1.00764632
17 28 0 952663  0.067168   -0.04722524  1.00187087
17 28 1 4637  0.06637502 -0.04984498  1.00354266
17 28 1 58575  0.06165624 -0.04876828  0.99705267
17 28 1 104625  0.059654   -0.05197787  0.99386692
17 28 1 150376  0.06046057 -0.05483842  0.99734163
17 28 1 202647  0.06007481 -0.05067849  0.99989343
17 28 1 251571  0.06009412 -0.05130935  1.00012922
17 28 1 299190  0.06383443 -0.04811788  0.99393249
17 28 1 352913  0.05989909 -0.05046272  0.99666882
17 28 1 400779  0.05456328 -0.05298018  0.99994707
17 28 1 451247  0.05486441 -0.05334854  1.00250769
17 28 1 500182  0.05682445 -0.05229688  1.00178361
17 28 1 551776  0.05742311 -0.04487681  1.00315881
17 28 1 600696  0.05773449 -0.04354262  1.00080776
17 28 1 650137  0.05527544 -0.04452157  1.00072718
17 28 1 704121  0.05072355 -0.04269481  0.9984014 
17 28 1 750680  0.05240536 -0.04631567  1.0021069 
17 28 1 803614 0.04691458 1.20293403 0.78517056
17 28 1 851435  0.05540156 -0.05046344  1.00161409
17 28 1 898357  2.05993652e-04  7.81045914e-01 -1.83984041e+00
17 28 1 950029  0.05430746 -0.05072021  0.61326075
17 28 1 999301  0.05506229 -0.05662107  0.99825978
17 28 2 62781 -0.00013661 -0.00029492  0.01558733
17 28 2 99792 -0.07987404 -0.05210805  0.99800467
17 28 2 150924 -0.07906055 -0.05228639  0.99717712
17 28 2 200778 -0.08150911 -0.05266047  0.99786329
17 28 2 249758 -0.08264565 -0.05232072  0.99785089
17 28 2 305331 -0.08094335 -0.05110049  0.99972796
17 28 2 378722 -0.08283067 -0.05536079  1.00163937
17 28 2 402293 -0.08317566 -0.05408692  1.00677657
17 28 2 452683 -0.07806015 -0.0563941   1.0028224 
17 28 2 498907 -0.0769124  -0.0578537   1.00683498
17 28 2 549996 -0.07688522 -0.05922794  1.00719166
17 28 2 599194 -0.07395959 -0.06226277  1.00431395
17 28 2 663520 -0.07526016 -0.06107283  1.00549531
17 28 2 727392 -0.07626963 -0.06275582  1.00381136
17 28 2 772238 -0.07521319 -0.06295681  1.00799322
17 28 2 818442 -0.07782912 -0.06633115  1.00526428
17 28 2 850407 -0.07692242 -0.06517887  1.00050592
17 28 2 902286 -0.0776422  -0.06530213  1.00295162
17 28 2 950368 -0.07181978 -0.06770301  0.9995575 
17 28 3 2748 -0.07221055 -0.06863403  0.99306512
17 28 3 72330 -0.07069993 -0.06626964  0.99255228
17 28 3 118831 -0.07460713 -0.06138873  0.99384952
17 28 3 172650 -0.07594299 -0.0612278   0.99356699
17 28 3 220562 -0.07512331 -0.0625515   0.98590446
17 28 3 263718 -0.08089828 -0.05844092  0.98474407
17 28 3 300834 -0.08117509 -0.05619788  0.99059987
