8 51 36 55816 -0.02887344 -0.0864563   0.99982643
8 51 36 90938 -0.03193474 -0.08596802  0.99694443
8 51 36 140117 -0.03058052 -0.08461189  0.99935913
8 51 36 193672 -0.03094482 -0.08151436  0.99371147
8 51 36 259045 -0.02226067 -0.0846138   0.99879456
8 51 36 321489 -0.01927185 -0.08364296  1.00331116
8 51 36 368113 -0.02375031 -0.08043289  0.99778366
8 51 36 410978 -0.02771187 -0.08029366  0.99608994
8 51 36 459068 -0.02831268 -0.08036613  0.99323654
8 51 36 510872 -0.02734947 -0.08001518  0.99702835
8 51 36 558623 -0.03033829 -0.07976532  0.99768257
8 51 36 620378 -0.03314209 -0.08059883  0.995224  
8 51 36 661341 -0.02703667 -0.08413124  0.99664116
8 51 36 715389 -0.02749443 -0.08120537  0.99598694
8 51 36 765174 -0.01933861 -0.07977867  0.99833679
8 51 36 814687 -0.01620102 -0.07847595  1.00083351
8 51 36 866127 -0.02526665 -0.08501053  0.99762154
8 51 36 919036 -0.03107262 -0.08586884  0.99414444
8 51 36 966382 -0.03263283 -0.08802223  0.99370766
8 51 37 12141 -0.02927971 -0.08584785  0.99768257
8 51 37 69519 -0.0320816  -0.09066963  0.99398041
8 51 37 111094 -0.03339195 -0.08549881  0.99766922
8 51 37 143817 -0.03115654 -0.08678055  0.99870682
8 51 37 191349 -0.02270317 -0.08615303  0.99282646
8 51 37 242743 -0.02467346 -0.08553886  0.99131393
8 51 37 292611 -0.02471733 -0.08711433  1.00222206
8 51 37 343790 -0.03079605 -0.08478928  0.99272346
8 51 37 393591 -0.03588295 -0.08070755  0.99646187
8 51 37 442769 -0.03132057 -0.08468056  0.99189949
8 51 37 494986 -0.03333473 -0.08096886  0.99461555
8 51 37 542559 -0.02866745 -0.08138657  0.99738503
8 51 37 590281 -0.02919197 -0.08379555  0.99318314
8 51 37 641739 -0.0292244  -0.08664322  0.99660492
8 51 37 690952 -0.02635765 -0.07603836  0.99059868
8 51 37 744796 -0.02625847 -0.07930756  1.00027657
8 51 37 792372 -0.02722359 -0.08065224  0.99456215
8 51 37 842983 -0.02962685 -0.07945824  0.99194145
8 51 37 892185 -0.03242302 -0.07692337  0.99290466
8 51 37 942306 -0.03152275 -0.08024025  0.99104309
8 51 37 996803 -0.0291748  -0.07993126  0.99287796
8 51 38 45362 -0.02903366 -0.0807724   0.99675179
8 51 38 93787 -0.03168297 -0.08343697  0.99233627
8 51 38 142523 -0.02768707 -0.08047867  0.99166679
8 51 38 191581 -0.01860809 -0.07825851  0.99839973
8 51 38 241042 -0.01786232 -0.08041382  0.99639511
8 51 38 290925 -0.02457047 -0.07928276  0.99406242
8 51 38 342551 -0.02941704 -0.08374405  0.99399376
8 51 38 391951 -0.02863884 -0.08008575  0.99013901
8 51 38 443467 -0.02887726 -0.08052063  1.00296783
8 51 38 504093 -0.03170013 -0.08066368  1.00055122
8 51 38 577384 -0.03251076 -0.08153343  0.997509  
8 51 38 593787 -0.02646446 -0.08943748  1.00214958
8 51 38 643142 -0.02471161 -0.0856781   0.99591446
8 51 38 693160 -0.02374268 -0.08205605  1.00166893
8 51 38 744158 -0.02105904 -0.08329201  0.99874115
8 51 38 790246 -0.02622795 -0.08292198  0.99795341
8 51 38 841363 -0.03033066 -0.08669281  0.99550819
8 51 38 890220 -0.0298233  -0.08314133  0.99887466
8 51 38 944978 -0.02872086 -0.08137512  0.99605751
8 51 38 992265 -0.03240967 -0.08231544  0.99723434
8 51 39 52433 -0.03218842 -0.08863068  0.9961319 
8 51 39 88116 -0.03059769 -0.08166313  0.99551773
8 51 39 140689 -0.02440071 -0.08094025  0.99588776
8 51 39 194154 -0.02271843 -0.08242607  0.99648285
8 51 39 241789 -0.02203369 -0.07962799  0.99731445
8 51 39 294167 -0.03401947 -0.08463287  0.99381638
8 51 39 343049 -0.03163719 -0.07989311  0.99231911
8 51 39 389558 -0.03019524 -0.0825901   0.99364662
8 51 39 441724 -0.0328598  -0.07728004  0.99917603
8 51 39 491884 -0.03528404 -0.08017731  0.99290466
8 51 39 542504 -0.03229904 -0.08374405  0.99228287
8 51 39 590998 -0.03131294 -0.07996178  0.99311829
8 51 39 643428 -0.02447891 -0.08169365  0.99422264
8 51 39 691938 -0.02219009 -0.08252525  0.99766922
8 51 39 741213 -0.02560616 -0.08143616  0.99328232
8 51 39 793655 -0.02983284 -0.0818367   0.99442863
8 51 39 842686 -0.02982712 -0.08382225  0.99459648
8 51 39 893524 -0.02769279 -0.08406639  0.99494362
8 51 39 943395 -0.02997398 -0.08764839  0.99784088
8 51 39 989852 -0.03158379 -0.08309364  1.00193787
8 51 40 49262 -0.03041649 -0.08167648  0.99656677
8 51 40 91220 -0.02614021 -0.08119774  0.99433327
8 51 40 143259 -0.02044487 -0.08086967  0.9973278 
8 51 40 192438 -0.02074814 -0.08511353  1.00280952
8 51 40 242660 -0.0261364  -0.08289337  0.9981823 
8 51 40 292152 -0.02625847 -0.08394814  0.99641609
8 51 40 341263 -0.02601814 -0.08197403  1.00011063
8 51 40 394328 -0.03209877 -0.08553696  0.99801064
8 51 40 444369 -0.03428268 -0.08530235  0.99931335
8 51 40 495185 -0.02967644 -0.08890343  0.99854469
8 51 40 542555 -0.02677727 -0.08161354  0.99193954
8 51 40 590514 -0.02226639 -0.07829094  0.99487686
8 51 40 641187 -0.02511597 -0.08015251  0.9985714 
8 51 40 691392 -0.027565   -0.07923698  0.99752808
8 51 40 742189 -0.03261566 -0.0815239   1.0008297 
8 51 40 794416 -0.02894402 -0.07889557  0.99542809
8 51 40 843251 -0.03203201 -0.08420563  0.99714851
8 51 40 892500 -0.02855682 -0.08626938  0.99446869
8 51 40 943702 -0.03263664 -0.0819416   1.00092697
8 51 40 994471 -0.02933693 -0.08386993  0.99430847
8 51 41 46266 -0.02742386 -0.08212471  0.99463844
8 51 41 112876 -0.0275135  -0.08425903  0.9936657 
8 51 41 157335 -0.02289581 -0.07791519  0.99895668
8 51 41 191043 -0.0288105  -0.07949257  0.99706078
8 51 41 241311 -0.03079224 -0.08323669  0.99855042
8 51 41 292496 -0.03229523 -0.08202362  0.99969482
8 51 41 342525 -0.02811623 -0.07935333  0.99879456
8 51 41 393194 -0.02870369 -0.08150482  1.0002594 
8 51 41 443027 -0.02751923 -0.08028984  0.99530029
8 51 41 493496 -0.03171921 -0.07964134  0.9978981 
8 51 41 541605 -0.02703285 -0.07978439  0.9942646 
8 51 41 593325 -0.02300453 -0.08218193  1.00014496
8 51 41 642400 -0.02096748 -0.0825901   0.99799156
8 51 41 694094 -0.03471375 -0.08328056  0.99945831
8 51 41 743807 -0.03501511 -0.0871048   0.99468994
8 51 41 790163 -0.02927208 -0.08493233  0.99285316
8 51 41 841532 -0.0275135 -0.0855999  0.9991951
8 51 41 893632 -0.02800369 -0.0875988   0.9998188 
8 51 41 942657 -0.03154564 -0.09018707  0.99835014
8 51 41 991705 -0.02696228 -0.08556557  0.99607086
8 51 42 53539 -0.0252552  -0.08467102  0.99442673
8 51 42 89529 -0.02249146 -0.08224106  0.99520874
8 51 42 141140 -0.02704811 -0.08044434  1.0020237 
8 51 42 193230 -0.03205109 -0.08345032  0.993536  
8 51 42 242224 -0.03178978 -0.08248901  0.99332428
8 51 42 297509 -0.02798462 -0.08381844  0.9975872 
8 51 42 344963 -0.03356552 -0.08077431  0.9983139 
8 51 42 389746   0.12488365   9.12468147 -13.24612427
8 51 42 442504 -0.03135109 -0.0773716   0.99663162
8 51 42 490887 -0.02013016 -0.0795269   0.9936676 
8 51 42 542994  -0.02221107  -0.08347702 -13.50024796
8 51 42 592641 -0.02922821 -0.09802628  0.98552322
8 51 42 642649 -0.02968407 -0.10334778  0.99388885
8 51 42 693471 -0.02549553 -0.09633446  0.99413109
8 51 42 742318 -0.02513695 -0.10062981  0.99228096
8 51 42 817193 -0.03136826 -0.10003662  0.99576378
8 51 42 841504 -0.03395271 -0.10409737  0.98964119
8 51 42 893457 -0.02805328 -0.10578728  0.99455452
8 51 42 945389 -0.02897453 -0.11235619  0.9909153 
8 51 42 990044 -0.0242672  -0.10644531  0.99077606
8 51 43 48590 -0.02398109 -0.10931206  0.99464417
8 51 43 89889 -0.031353   -0.098526    0.99906349
8 51 43 141325 -0.02516556 -0.10164642  0.9900856 
8 51 43 191065 -0.02541733 -0.11143303  0.99336433
8 51 43 242408 -0.02810287 -0.11077881  0.98535919
8 51 43 291885 -0.02903366 -0.10994911  0.97924423
8 51 43 341315 -0.03801155 -0.1086483   0.98290825
8 51 43 392639 -0.03787804 -0.11374283  1.00170326
8 51 43 449154 -0.03753853 -0.1098671   1.00184631
8 51 43 493968 -0.03812027 -0.10514832  0.99861908
8 51 43 543702 -0.03646088 -0.11076164  0.99616623
8 51 43 589343 -0.03487396 -0.11320305  1.01036835
8 51 43 640959 -0.03770065 -0.1068306   1.01333618
8 51 43 691607 -0.03995132 -0.10425949  1.01686478
8 51 43 741762 -0.03738213 -0.1025238   1.02059174
8 51 43 791256 -0.0344944  -0.101614    1.02299881
8 51 43 843690 -0.03417015 -0.09702492  1.02686501
8 51 43 893095 -0.03803253 -0.08645439  1.02231979
8 51 43 940635 -0.0370369  -0.0905571   1.02184296
8 51 43 995425 -0.03731537 -0.09194374  1.02568626
