8 51 36 55816 -0.00052691 -0.00023031  0.0002799 
8 51 36 90938 -9.42707062e-04  3.62396240e-05  1.22070312e-04
8 51 36 140117 -0.00078869 -0.00034523  0.00038195
8 51 36 193672 -0.00115395 -0.00037098  0.00040197
8 51 36 259045 -1.12915039e-03 -3.98635864e-04  4.14848328e-05
8 51 36 321489 -0.00124836 -0.00074291  0.00071144
8 51 36 368113 -0.00149202 -0.00034904  0.00058413
8 51 36 410978 -0.00138378 -0.00019646  0.00044727
8 51 36 459068 -0.00088358 -0.00039911  0.00021887
8 51 36 510872 -0.00064468 -0.00077248  0.00012302
8 51 36 558623 -3.25202942e-04 -7.40051270e-04  5.00679016e-05
8 51 36 620378 -0.00111532 -0.00022507 -0.00031757
8 51 36 661341 -0.00062037 -0.00031996 -0.00010204
8 51 36 715389  9.39369202e-05 -2.05993652e-04  2.01225281e-04
8 51 36 765174 -2.14576721e-05 -4.08649445e-04 -4.19616699e-05
8 51 36 814687 -0.00014639 -0.0002141  -0.00028515
8 51 36 866127 -0.00015116  0.00047016 -0.00042582
8 51 36 919036  8.01086426e-05  5.19275665e-04 -6.36577606e-04
8 51 36 966382  0.00026274  0.0001812  -0.00073814
8 51 37 12141  0.00015068  0.00084448 -0.00097418
8 51 37 69519 -0.00019121  0.00033665 -0.00056601
8 51 37 111094 -0.00034094  0.00031042 -0.00119734
8 51 37 143817 -0.0001421   0.00038624 -0.00090218
8 51 37 191349 -0.00059414 -0.00029325 -0.0008893 
8 51 37 242743  0.00029707  0.00018549 -0.00094271
8 51 37 292611 -0.00022888  0.00049877 -0.00061417
8 51 37 343790 -0.00020123  0.00045919 -0.00035524
8 51 37 393591 -0.00013208  0.00035143 -0.00064182
8 51 37 442769  0.00032568  0.00020361 -0.0004158 
8 51 37 494986  4.95910645e-04 -1.89304352e-04 -3.91006470e-05
8 51 37 542559 -0.00014257 -0.00014973 -0.00016594
8 51 37 590281 2.95639038e-05 1.47342682e-04 1.95503235e-04
8 51 37 641739  0.00045729 -0.00058126  0.0004878 
8 51 37 690952  0.00088882 -0.00061798  0.00016832
8 51 37 744796  0.00056553 -0.00070429  0.00062752
8 51 37 792372 1.15871429e-04 1.47819519e-05 5.39302826e-04
8 51 37 842983  0.00011301 -0.00011587  0.0007906 
8 51 37 892185  0.00038671 -0.00060797  0.00081444
8 51 37 942306 -0.000103   -0.00068426  0.00098419
8 51 37 996803 -0.00025558 -0.00019693  0.00101995
8 51 38 45362 -0.00051546 -0.00028992  0.00070333
8 51 38 93787 -0.00043344 -0.00054836  0.00077486
8 51 38 142523 -0.00069046 -0.00088501  0.0004406 
8 51 38 191581 -0.0006175  -0.00051165  0.00081205
8 51 38 241042 -0.00080585 -0.00041151  0.00106907
8 51 38 290925 -1.25408173e-03  1.04904175e-05  4.26769257e-04
8 51 38 342551 -0.00097227 -0.000278    0.00056648
8 51 38 391951 1.44481659e-04 1.43051147e-05 5.13553619e-04
8 51 38 443467 2.47955322e-05 1.00135803e-05 9.39369202e-05
8 51 38 504093 -3.43799591e-04  1.88350677e-04 -1.28746033e-05
8 51 38 577384 -0.00056505  0.00014353 -0.00015259
8 51 38 593787 -0.00019836  0.00016594 -0.00055885
8 51 38 643142  0.00050211 -0.0002408  -0.00033474
8 51 38 693160  0.0003686  -0.00037527 -0.00044918
8 51 38 744158 -0.00011587  0.00013685 -0.00054789
8 51 38 790246  4.72068787e-05  4.48226929e-05 -8.34941864e-04
8 51 38 841363  0.00056982  0.00030947 -0.00089073
8 51 38 890220  0.00064802 -0.00015783 -0.0008707 
8 51 38 944978  9.01222229e-05  3.33786011e-06 -1.02043152e-03
8 51 38 992265 -3.89575958e-04  7.10487366e-05 -7.78675079e-04
8 51 39 52433 -5.33103943e-04  9.58442688e-05 -5.38349152e-04
8 51 39 88116  6.29425049e-05 -1.03473663e-04 -6.57558441e-04
8 51 39 140689 -0.00026512 -0.0005312  -0.00131035
8 51 39 194154 -0.00049877  0.00033283 -0.00058699
8 51 39 241789 -0.00078678  0.00029135 -0.00073338
8 51 39 294167 -0.00076294  0.00021696 -0.00056124
8 51 39 343049 -6.19888306e-05 -3.52859497e-05 -9.36031342e-04
8 51 39 389558  4.29153442e-06 -3.57627869e-05 -8.07285309e-04
8 51 39 441724 -0.00049877  0.00021791 -0.00039625
8 51 39 491884 -0.00043058 -0.00038052 -0.00036764
8 51 39 542504 -0.00049114 -0.00029182 -0.00016499
8 51 39 590998  6.77108765e-05 -5.47885895e-04 -1.64508820e-04
8 51 39 643428  0.00029278 -0.00068569  0.00018787
8 51 39 691938 -2.43186951e-04 -2.59876251e-04  7.05718994e-05
8 51 39 741213 3.00407410e-05 1.90734863e-05 2.76088715e-04
8 51 39 793655  0.00010967 -0.000597    0.00016451
8 51 39 842686  0.00021124 -0.00043917  0.00034237
8 51 39 893524  0.00024414 -0.00037146  0.00027466
8 51 39 943395 -0.00020361 -0.00056171  0.00020742
8 51 39 989852 -0.00050545 -0.00056076  0.00043631
8 51 40 49262 -6.15119934e-05 -4.33444977e-04  5.53131104e-04
8 51 40 91220 -0.00025845 -0.00077248  0.00041056
8 51 40 143259 -0.00040388 -0.00073862  0.00055265
8 51 40 192438 -0.00081444 -0.00047159  0.00056267
8 51 40 242660 -0.00099325 -0.00043154  0.00044441
8 51 40 292152 -0.00016737 -0.00030041  0.00091219
8 51 40 341263  0.00037432 -0.00034666  0.00036383
8 51 40 394328  0.00029612 -0.00057268  0.00050354
8 51 40 444369  1.38282776e-05 -2.19345093e-05  2.74658203e-04
8 51 40 495185 0.0001421  0.00044584 0.00020933
8 51 40 542555  2.29835510e-04 -5.96046448e-05  3.97682190e-04
8 51 40 590514  0.00065327 -0.00042486  0.00031185
8 51 40 641187  8.69274139e-04 -6.91413879e-05  1.02043152e-04
8 51 40 691392 0.00042868 0.00035858 0.0006032 
8 51 40 742189 0.00026035 0.00078487 0.        
8 51 40 794416 0.00075769 0.00024939 0.00011539
8 51 40 843251 1.14774704e-03 9.77516174e-05 2.37464905e-04
8 51 40 892500  5.42163849e-04 -2.52723694e-05 -2.73704529e-04
8 51 40 943702  0.00013494  0.00021839 -0.00041103
8 51 40 994471 5.24520874e-06 8.81671906e-04 7.15255737e-06
8 51 41 46266 -0.00013685  0.00050688 -0.00025749
8 51 41 112876  0.00011778 -0.00028515 -0.0004344 
8 51 41 157335 -0.00044203 -0.00012255 -0.00056171
8 51 41 191043 -0.00092411  0.00058365 -0.00069571
8 51 41 241311 -0.00023746  0.00021887 -0.00031471
8 51 41 292496  0.00013924 -0.00032187 -0.00037336
8 51 41 342525 -6.43730164e-05 -5.98907471e-04 -6.29901886e-04
8 51 41 393194  1.19686127e-04 -1.23977661e-05 -7.23361969e-04
8 51 41 443027 -5.84125519e-04 -1.62124634e-05 -6.35147095e-04
8 51 41 493496 -2.38418579e-05 -4.92572784e-04 -4.07695770e-04
8 51 41 541605  0.00014353 -0.00045967 -0.00080633
8 51 41 593325  0.00040293 -0.00059748 -0.00068808
8 51 41 642400 -0.00042343 -0.00030088 -0.00010777
8 51 41 694094 -0.0004282  -0.00045347 -0.00034046
8 51 41 743807 -9.01222229e-05  2.72274017e-04 -2.57015228e-04
8 51 41 790163  0.00013971 -0.00034189 -0.00038433
8 51 41 841532  6.62803650e-05 -3.98635864e-04 -2.05993652e-04
8 51 41 893632 -7.71522522e-04 -3.57627869e-05  1.43051147e-04
8 51 41 942657 -7.94410706e-04 -2.00271606e-05  8.91685486e-05
8 51 41 991705 -0.00078821 -0.00072956  0.00018358
8 51 42 53539 -0.00076103 -0.00038624  0.00019741
8 51 42 89529 -0.00083351 -0.00026369 -0.00032997
8 51 42 141140 -0.00112534 -0.00018215  0.00019693
8 51 42 193230 -0.00127411  0.00049686  0.00064754
8 51 42 242224 -0.00114965 -0.00010872  0.00046635
8 51 42 297509 -0.00097609  0.00011635  0.00020027
8 51 42 344963 -0.00064039 -0.00014687  0.00050402
8 51 42 389746 -2.58445740e-04  3.12495232e-02 -9.99999523e-01
8 51 42 442504 -0.0001111   0.00012445  0.00021935
8 51 42 490887 -0.00019455 -0.00025892  0.0003233 
8 51 42 542994 -0.00013256 -0.00017118  0.00071096
8 51 42 592641 -0.01515532 -0.00122213  0.01365423
8 51 42 642649 -0.01302147 -0.00064135  0.01333714
8 51 42 693471 -0.01202631 -0.0002799   0.01288891
8 51 42 742318 -0.01048517  0.00025225  0.012918  
8 51 42 817193 -0.00830936  0.00046921  0.01287842
8 51 42 841504 -0.00682259  0.0015111   0.01302528
8 51 42 893457 -0.00519705  0.00123262  0.01281261
8 51 42 945389 -0.00366449  0.00170183  0.01276302
8 51 42 990044 -0.00138426  0.00082827  0.01295519
8 51 43 48590 0.00069046 0.001297   0.01361704
8 51 43 89889 0.00175953 0.00122309 0.01363993
8 51 43 141325  0.00158405 -0.00063467  0.01370716
8 51 43 191065  0.00290966 -0.0009985   0.01410532
8 51 43 242408  0.00582123 -0.00153971  0.01436043
8 51 43 291885  0.00671625 -0.00216722  0.0152173 
8 51 43 341315  0.00647831 -0.00264311  0.01529169
8 51 43 392639  0.00842619 -0.00328875  0.01566887
8 51 43 449154  0.00989866 -0.0019145   0.01680946
8 51 43 493968  0.01078987 -0.00244856  0.01798773
8 51 43 543702  0.01179266 -0.00233269  0.01897526
8 51 43 589343  0.01359224 -0.00214195  0.01956272
