8 51 36 55816 -0.02711177 -0.08795214  0.99433351
8 51 36 90938 -0.02636909 -0.08630991  0.99510479
8 51 36 140117 -0.02642465 -0.08590126  0.99789739
8 51 36 193672 -0.0291276  -0.0875051   0.99733043
8 51 36 259045 -0.02551174 -0.09278083  0.99413776
8 51 36 321489 -0.02229381 -0.08568144  0.99657035
8 51 36 368113 -0.0201261  -0.08470249  0.99960375
8 51 36 410978 -0.02066731 -0.08598638  1.00152373
8 51 36 459068 -0.02279472 -0.08835173  0.99978161
8 51 36 510872 -0.02431297 -0.08691788  0.99773192
8 51 36 558623 -0.02629423 -0.08336473  0.99965334
8 51 36 620378 -0.02722216 -0.08486104  0.99831557
8 51 36 661341 -0.0280838  -0.08454919  1.00041962
8 51 36 715389 -0.02672887 -0.08645105  0.99940085
8 51 36 765174 -0.02354383 -0.08631492  0.99604583
8 51 36 814687 -0.02079606 -0.08596373  0.99840665
8 51 36 866127 -0.02265167 -0.08819342  0.99679327
8 51 36 919036 -0.02186847 -0.08970284  0.99764919
8 51 36 966382 -0.02870178 -0.09017825  0.99652553
8 51 37 12141 -0.02788281 -0.08889675  0.99749947
8 51 37 69519 -0.02703738 -0.08841586  0.9945941 
8 51 37 111094 -0.02758741 -0.08890176  0.99716735
8 51 37 143817 -0.02963734 -0.09093857  0.99688029
8 51 37 191349 -0.02776265 -0.09131813  0.99602818
8 51 37 242743 -0.02422285 -0.09161472  0.99627829
8 51 37 292611 -0.02173281 -0.08883429  0.99894547
8 51 37 343790 -0.02123308 -0.08784246  1.00121021
8 51 37 393591 -0.02510214 -0.09071159  0.9988246 
8 51 37 442769 -0.03175163 -0.0898788   0.99617338
8 51 37 494986 -0.02656054 -0.08611321  0.99714661
8 51 37 542559 -0.02639961 -0.08607364  0.99627995
8 51 37 590281 -0.02942252 -0.08530903  0.99532676
8 51 37 641739 -0.02967906 -0.08739233  0.99922061
8 51 37 690952 -0.02497101 -0.0872612   0.99641061
8 51 37 744796 -0.0234375  -0.08782697  0.9946754 
8 51 37 792372 -0.02266455 -0.08742332  0.99852419
8 51 37 842983 -0.02837086 -0.08599997  0.9988656 
8 51 37 892185 -0.02906394 -0.08607936  0.99575853
8 51 37 942306 -0.02774572 -0.08597016  0.99485874
8 51 37 996803 -0.02765632 -0.08653569  0.99526978
8 51 38 45362 -0.02528501 -0.08419824  0.99417257
8 51 38 93787 -0.02599406 -0.08523822  0.99397063
8 51 38 142523 -0.02789974 -0.09021592  0.99279404
8 51 38 191581 -0.02245593 -0.08452511  0.99483562
8 51 38 241042 -0.01799178 -0.0834384   0.9950099 
8 51 38 290925 -0.01939011 -0.08406115  0.99891496
8 51 38 342551 -0.02230644 -0.08424258  0.99822903
8 51 38 391951 -0.02645993 -0.0842886   0.99533224
8 51 38 443467 -0.02596188 -0.08555102  0.99459124
8 51 38 504093 -0.02667212 -0.08588338  0.99753165
8 51 38 577384 -0.02833557 -0.08740187  0.99914837
8 51 38 593787 -0.03138375 -0.08718777  1.00042486
8 51 38 643142 -0.02719235 -0.08696294  0.99905872
8 51 38 693160 -0.02275515 -0.08766437  0.99953103
8 51 38 744158 -0.0194273  -0.0863905   1.00366926
8 51 38 790246 -0.02274418 -0.08731031  1.00002384
8 51 38 841363 -0.02427626 -0.0904758   1.00071764
8 51 38 890220 -0.02476025 -0.08748507  0.99712563
8 51 38 944978 -0.0275023  -0.08887458  0.99736047
8 51 38 992265 -0.02596545 -0.08713651  0.998353  
8 51 39 52433 -0.02950978 -0.08969378  0.99971437
8 51 39 88116 -0.03021288 -0.09183431  0.9975872 
8 51 39 140689 -0.0243268  -0.08948016  0.99677229
8 51 39 194154 -0.02269983 -0.08846974  0.99810505
8 51 39 241789 -0.02210855 -0.08708429  0.99701262
8 51 39 294167 -0.02247429 -0.08893943  0.99715304
8 51 39 343049 -0.02687716 -0.08633876  0.99532485
8 51 39 389558 -0.02952147 -0.08680201  0.99524474
8 51 39 441724 -0.02886081 -0.08406687  0.99697661
8 51 39 491884 -0.03013444 -0.08349776  0.99658918
8 51 39 542504 -0.03124452 -0.08242893  0.99544334
8 51 39 590998 -0.02949238 -0.08453774  0.99758315
8 51 39 643428 -0.02770829 -0.08457518  0.99472427
8 51 39 691938 -0.02429938 -0.08491135  0.99597883
8 51 39 741213 -0.02365112 -0.08741283  0.99787712
8 51 39 793655 -0.02441525 -0.0870316   0.99522281
8 51 39 842686 -0.02817321 -0.09030509  0.9955318 
8 51 39 893524 -0.02603126 -0.08894062  0.99513793
8 51 39 943395 -0.0259974  -0.08774304  0.99920726
8 51 39 989852 -0.02931952 -0.08926535  0.99960899
8 51 40 49262 -0.02515602 -0.08993244  0.99673939
8 51 40 91220 -0.02790117 -0.09112072  0.99561453
8 51 40 143259 -0.0216279  -0.09139681  0.99715972
8 51 40 192438 -0.01775002 -0.08846116  0.99913549
8 51 40 242660 -0.01786661 -0.08741927  1.00171351
8 51 40 292152 -0.02213645 -0.0899024   1.00219178
8 51 40 341263 -0.02508259 -0.0881741   0.99873662
8 51 40 394328 -0.02419877 -0.09073329  0.99873161
8 51 40 444369 -0.02609563 -0.08878994  1.00458026
8 51 40 495185 -0.02519393 -0.08499241  1.00142503
8 51 40 542555 -0.02601957 -0.08681774  0.99987912
8 51 40 590514 -0.02484679 -0.08513665  0.99835324
8 51 40 641187 -0.02264404 -0.08680153  0.99871421
8 51 40 691392 -0.01848292 -0.08823586  0.9982059 
8 51 40 742189 -0.02428389 -0.08856797  0.99885988
8 51 40 794416 -0.02858925 -0.08898878  0.9945941 
8 51 40 843251 -0.02530336 -0.08926749  0.99451256
8 51 40 892500 -0.02672553 -0.08572483  0.99576712
8 51 40 943702 -0.02792835 -0.08621049  0.99743724
8 51 40 994471 -0.02714324 -0.08502102  0.9962244 
8 51 41 46266 -0.02401781 -0.08570266  0.99325228
8 51 41 112876 -0.02460456 -0.08608675  0.99533987
8 51 41 157335 -0.0232656  -0.08475494  0.99589252
8 51 41 191043 -0.0253408  -0.08430457  0.99415421
8 51 41 241311 -0.02632284 -0.08402205  0.99637723
8 51 41 292496 -0.02859712 -0.08594656  0.99501061
8 51 41 342525 -0.02794027 -0.08175731  0.99558473
8 51 41 393194 -0.02356601 -0.08326387  0.99779582
8 51 41 443027 -0.02717829 -0.08383083  0.99520516
8 51 41 493496 -0.02939939 -0.0864532   0.9929471 
8 51 41 541605 -0.02381754 -0.08484864  0.99598908
8 51 41 593325 -0.02470374 -0.08792639  0.99613571
8 51 41 642400 -0.01793003 -0.085711    0.99761415
8 51 41 694094 -0.0246377  -0.08856487  1.00159812
8 51 41 743807 -0.02945232 -0.08810163  0.99930191
8 51 41 790163 -0.02825713 -0.08874846  0.99578285
8 51 41 841532 -0.02575707 -0.08751774  0.99707508
8 51 41 893632 -0.02507257 -0.09007525  0.99911284
8 51 41 942657 -0.02807307 -0.08800077  0.99842262
8 51 41 991705 -0.02615666 -0.08927035  0.99711061
8 51 42 53539 -0.02230191 -0.08805442  0.99584031
8 51 42 89529 -0.02397776 -0.08975816  0.9982729 
8 51 42 141140 -0.02292991 -0.08785009  0.99779916
8 51 42 193230 -0.02094746 -0.08702135  0.99975753
8 51 42 242224 -0.02631688 -0.08588314  0.99806857
8 51 42 297509 -0.03122854 -0.28157878  0.61326361
8 51 42 344963 -0.02478886 -0.08485985  1.000247  
8 51 42 389746  0.01551008 -0.8753345  -1.88671017
8 51 42 442504 -0.0270617  -0.08630371 -0.2773509 
8 51 42 490887 -0.02591515 -0.08519936  0.99530458
8 51 42 542994 -0.00095415  0.00678134  0.01561475
8 51 42 592641 -0.02374625 -0.09669805  0.99111652
8 51 42 642649 -0.02466059 -0.10418248  0.98823237
8 51 42 693471 -0.02236509 -0.10323524  0.99385333
8 51 42 742318 -0.02554178 -0.10227871  0.99441338
8 51 42 817193 -0.02526331 -0.10387182  0.99755216
8 51 42 841504 -0.02761912 -0.10498238  0.99472928
8 51 42 893457 -0.02799392 -0.10677767  0.99531293
8 51 42 945389 -0.02700639 -0.109339    0.99430084
8 51 42 990044 -0.02444673 -0.11245418  0.99133396
8 51 43 48590 -0.02139258 -0.11301327  0.99822783
8 51 43 89889 -0.02272558 -0.10971737  0.99532533
8 51 43 141325 -0.0219655  -0.10496879  0.99698257
8 51 43 191065 -0.02681088 -0.11128426  0.99367905
8 51 43 242408 -0.02797198 -0.11628795  0.99366593
8 51 43 291885 -0.02971029 -0.11641693  0.98737955
8 51 43 341315 -0.02764201 -0.1108923   0.98656273
8 51 43 392639 -0.0301497  -0.11334562  0.98708105
8 51 43 449154 -0.03340364 -0.11782718  0.99699044
8 51 43 493968 -0.03537655 -0.116292    1.00133085
8 51 43 543702 -0.03395844 -0.11513019  1.00319242
8 51 43 589343 -0.03630948 -0.11551142  1.00288534
8 51 43 640959 -0.03482389 -0.11216092  1.00959992
8 51 43 691607 -0.03534913 -0.1143086   1.01362181
8 51 43 741762 -0.0374763  -0.10982752  1.01672816
8 51 43 791256 -0.0358541  -0.10831213  1.02175379
8 51 43 843690 -0.03421164 -0.10574055  1.02130032
8 51 43 893095 -0.03375888 -0.09793639  1.02383399
8 51 43 940635 -0.03437376 -0.09706259  1.02508235
8 51 43 995425 -0.03800035 -0.0973556   1.02418208
