10 47 32 464097 -0.06773806 -0.06870055  1.02795219
10 47 32 466513 -0.05435324 -0.06039762  0.99411678
10 47 32 496648 -0.04708815 -0.0635891   0.96226239
10 47 32 544109 -0.05516124 -0.08269811  0.97259998
10 47 32 595703 -0.07699418 -0.11166668  1.01404333
10 47 32 644502 -0.07476711 -0.03558159  1.0388782 
10 47 32 697943 -0.04807782  0.02621841  1.01887512
10 47 32 745978 -0.04043674 -0.07255054  0.97672629
10 47 32 792851 -0.06597304 -0.16738248  0.98719692
10 47 32 844005 -0.0792315  -0.10947418  1.02713251
10 47 32 894104 -0.05561233 -0.04415679  1.01880169
10 47 32 945350 -0.04510117 -0.06685829  0.9722023 
10 47 32 997647 -0.05707049 -0.11096931  0.96237016
10 47 33 57257 -0.07666969 -0.12236047  0.99893475
10 47 33 94933 -0.07356    -0.04920888  1.04188895
10 47 33 143739 -0.04687524 -0.00240254  1.01526785
10 47 33 195969 -0.04062057 -0.07077289  0.97606421
10 47 33 244685 -0.06236553 -0.12871146  0.98966813
10 47 33 298250 -0.07160687 -0.10161114  1.02579451
10 47 33 346489 -0.05751944 -0.05507874  1.02053738
10 47 33 392832 -0.04942513 -0.06741476  0.97426867
10 47 33 444290 -0.05113578 -0.09477043  0.96562147
10 47 33 494140 -0.07247043 -0.10738468  1.0045588 
10 47 33 545212 -0.07801604 -0.04824853  1.0424037 
10 47 33 593444 -0.05122447 -0.00164914  1.02064943
10 47 33 645650 -0.0375514  -0.06468844  0.98598504
10 47 33 695771 -0.06285906 -0.12526202  0.98930407
10 47 33 744708 -0.07394433 -0.10152292  1.0217607 
10 47 33 795493 -0.06190586 -0.05142379  1.02094412
10 47 33 844493 -0.04486871 -0.05429101  0.97958302
10 47 33 898441 -0.05068254 -0.08946538  0.96589947
10 47 33 945969 -0.0720911  -0.11426163  0.99406004
10 47 33 992326 -0.07534146 -0.05070043  1.03624034
10 47 34 63912 -0.04971194  0.0025661   1.02388191
10 47 34 90228 -0.04047823 -0.06793523  0.98391724
10 47 34 142572 -0.0583446  -0.12604308  0.98523164
10 47 34 197871 -0.07269859 -0.10826278  1.02556157
10 47 34 246609 -0.06132841 -0.06033134  1.02466416
10 47 34 294320 -0.04715419 -0.06402636  0.98085284
10 47 34 343605 -0.05179214 -0.08868766  0.96582127
10 47 34 396300 -0.06795883 -0.11662579  0.99284315
10 47 34 444292 -0.07603765 -0.05919886  1.03651881
10 47 34 497043 -0.05289197  0.00168538  1.02228212
10 47 34 545524 -0.04005098 -0.06150603  0.98757339
10 47 34 591911 -0.05768609 -0.11959958  0.98580551
10 47 34 644106 -0.07233047 -0.09980297  1.0198102 
10 47 34 693709 -0.0597353  -0.05821991  1.02271175
10 47 34 745621 -0.04745293 -0.06083941  0.97923684
10 47 34 794486 -0.04894066 -0.08103085  0.96413541
10 47 34 845501 -0.06668472 -0.11097407  0.98647714
10 47 34 894718 -0.08051634 -0.07270074  1.02781391
10 47 34 943419 -0.05776644  0.0061686   1.03034711
10 47 34 995973 -0.03976941 -0.03216577  0.999259  
10 47 35 47472 -0.05298328 -0.12871695  0.98338318
10 47 35 96304 -0.07379174 -0.13140702  1.01600766
10 47 35 144281 -0.06507564 -0.06585026  1.02588201
10 47 35 202809 -0.04724765 -0.05227184  0.98851991
10 47 35 244985 -0.04805422 -0.08414531  0.96592259
10 47 35 294102 -0.06645942 -0.11567259  0.98526025
10 47 35 344992 -0.07621884 -0.08221793  1.0231595 
10 47 35 394482 -0.06307101  0.00286555  1.03012633
10 47 35 447200 -0.04122138 -0.0241828   0.99566674
10 47 35 497499 -0.0517199  -0.11950111  0.97730899
10 47 35 544313 -0.07258272 -0.13627481  1.00216866
10 47 35 596241 -0.06684256 -0.07026601  1.02044749
10 47 35 645290 -0.05167627 -0.05106425  0.9898355 
10 47 35 696143 -0.04778099 -0.07920361  0.96333051
10 47 35 745168 -0.06494021 -0.11194277  0.97971249
10 47 35 793192 -0.07728577 -0.08784699  1.02569413
10 47 35 845175 -0.06790018 -0.01682878  1.02724457
10 47 35 893273 -0.04348707 -0.05105305  0.99365091
10 47 35 944516 -0.05123138 -0.10245967  0.99303031
10 47 35 993628 -0.06657195 -0.09595895  1.01346827
10 47 36 56598 -0.06364751 -0.06885839  1.01893401
10 47 36 91438 -0.05657411 -0.06053758  0.99015236
10 47 36 143815 -0.05233455 -0.06235099  0.96899247
10 47 36 195890 -0.05438995 -0.08562207  0.9783721 
10 47 36 244200 -0.07316732 -0.11770868  1.00336862
10 47 36 296292 -0.07004881 -0.05047226  1.02411914
10 47 36 345034 -0.0495131   0.02263522  1.02207422
10 47 36 392029 -0.04141998 -0.05004907  0.9887135 
10 47 36 443756 -0.06277537 -0.14920783  0.98708081
10 47 36 494559 -0.0732224  -0.12285662  1.01220655
10 47 36 545897 -0.06174135 -0.05240488  1.00664043
10 47 36 593970 -0.05082369 -0.05629182  0.97767353
10 47 36 645378 -0.05460715 -0.09617591  0.9703095 
10 47 36 694726 -0.06631422 -0.11944675  0.99340487
10 47 36 743642 -0.07433629 -0.09768653  1.01780915
10 47 36 794795 -0.0612967   0.00887346  1.03435874
10 47 36 844471 -0.03957582  0.01568723  1.0029819 
10 47 36 896429 -0.04802299 -0.11801481  0.97412229
10 47 36 945302 -0.07717133 -0.16813445  0.98949933
10 47 36 992816 -0.07145095 -0.08534646  1.01076651
10 47 37 52323 -0.05213284 -0.04275584  0.99173212
10 47 37 94916 -0.0488472  -0.07670069  0.96935034
10 47 37 145867 -0.06055522 -0.11372757  0.98555064
10 47 37 194175 -0.07654548 -0.09894824  1.02129745
10 47 37 245555 -0.0679307  -0.01610613  1.03359699
10 47 37 294746 -0.04243636  0.01116633  1.00442457
10 47 37 343810 -0.0433743  -0.08939624  0.97603464
10 47 37 396143 -0.07005906 -0.14704728  0.99130797
10 47 37 444600 -0.07229805 -0.08989143  1.01998734
10 47 37 497513 -0.05196309 -0.03445053  1.0004158 
10 47 37 546892 -0.04545498 -0.06168365  0.96554685
10 47 37 593465 -0.05620742 -0.11049962  0.97831106
10 47 37 644084 -0.07611275 -0.10866094  1.03014874
10 47 37 693193 -0.07035637 -0.02783322  1.04032373
10 47 37 744775 -0.04639983 -0.01996732  0.99459291
10 47 37 794672 -0.04641461 -0.08622122  0.97458148
10 47 37 845619 -0.06530428 -0.11283398  1.00510073
10 47 37 895037 -0.07381892 -0.08612251  1.02576089
10 47 37 950341 -0.05726361 -0.05879545  0.99401593
10 47 37 996193 -0.04277682 -0.05589986  0.95968199
10 47 38 48523 -0.05596948 -0.08933902  0.96758485
10 47 38 96678 -0.07721281 -0.12145829  1.00898457
10 47 38 144902 -0.07423854 -0.04819655  1.03917885
10 47 38 192489 -0.04421234  0.03319192  1.01665068
10 47 38 244062 -0.03611565 -0.06165314  0.97074914
10 47 38 293440 -0.06287503 -0.16343379  0.97798753
10 47 38 345278 -0.07725501 -0.1227932   1.02533746
10 47 38 394549 -0.05687594 -0.04531002  1.01792765
10 47 38 445916 -0.04726553 -0.05692053  0.97023988
10 47 38 495356 -0.056499   -0.09997177  0.96039653
10 47 38 543797 -0.07586789 -0.11553431  0.99736881
10 47 38 594886 -0.07710958 -0.05471373  1.0410378 
10 47 38 646025 -0.05047035 -0.01069999  1.0152452 
10 47 38 695746 -0.04063845 -0.06400943  0.97581983
10 47 38 746035 -0.06168294 -0.103508    0.98678231
10 47 38 793564 -0.0702529  -0.08883405  1.01924515
10 47 38 844193 -0.05727983 -0.05964279  1.01620436
10 47 38 894127 -0.04843163 -0.06395698  0.97352648
10 47 38 945304 -0.04741192 -0.07463408  0.96273732
10 47 38 993570 -0.0654645  -0.10730553  0.98734665
10 47 39 54143 -0.07899117 -0.07784128  1.02941322
10 47 39 91139 -0.05484915  0.01606727  1.03301835
10 47 39 143386 -0.03499913 -0.01521945  0.99385929
10 47 39 195226 -0.05075574 -0.13659978  0.97165012
10 47 39 244201  0.01531172 -0.60993767  1.76953983
10 47 39 296188 -0.06340265 -0.05904055  1.02077937
10 47 39 345106 -0.046839   -0.04784608  0.98496556
10 47 39 392064 0.01542926 1.06214452 1.70687342
10 47 39 443695 -0.06814027 -0.12073421  0.98090672
10 47 39 493636 -0.07820797 -0.07611179  1.02539659
10 47 39 546327 -0.05430102 -0.0060401  -1.70310688
10 47 39 594575 -0.05362177 -0.10004449  1.00277328
10 47 39 645533 -0.07459903 -0.08764529  0.98524618
10 47 39 694677 -0.07083464 -0.04049516  0.9935019 
10 47 39 743806 -0.02636361  0.01715469  1.02315068
10 47 39 795602 -0.01212311 -0.05105448  1.0110209 
10 47 39 844383 -0.04826522 -0.15558338  0.98303771
10 47 39 896524 -0.07337189 -0.12212563  0.98537493
10 47 39 946917 -0.05851173 -0.05828667  0.99699163
10 47 39 992688 -0.0334754  -0.08704114  1.00157666
10 47 40 54480 -0.04230046 -0.1258812   0.99881768
10 47 40 90209 -0.06692338 -0.10832834  1.00321054
10 47 40 143190 -0.07471681 -0.06313848  0.99640775
10 47 40 194126 -0.04713011 -0.01475906  0.99614811
