10 20 8 647585  0.00027037  0.00107241 -0.00045776
10 20 8 652712 -0.00040627 -0.00085306 -0.00061798
10 20 8 655483 -0.00018215 -0.00160027 -0.00010967
10 20 8 658070 -0.00043678 -0.00127983 -0.0001812 
10 20 8 660248 -0.00049925 -0.00088644 -0.0002408 
10 20 8 662309 -2.39849091e-04 -1.19209290e-05  2.76565552e-05
10 20 8 664738  7.62939453e-05 -5.36918640e-04  1.88827515e-04
10 20 8 667060  0.00123692 -0.00035477  0.00025797
10 20 8 669442 0.00169134 0.00015116 0.00029898
10 20 8 671879  1.33037567e-03 -2.11715698e-04 -4.86373901e-05
10 20 8 674012  9.70363617e-04  7.20024109e-05 -1.33037567e-04
10 20 8 676037  3.63349915e-04 -2.78472900e-04 -2.38418579e-05
10 20 8 678117 0.00042057 0.00016308 0.00012112
10 20 8 680297  0.00080919 -0.00028992 -0.00052547
10 20 8 682171  1.00803375e-03  2.28881836e-05 -2.51293182e-04
10 20 8 684120  0.00059652 -0.00022078 -0.00028563
10 20 8 685975 0.00015688 0.00042439 0.00019646
10 20 8 687882 -0.00047684  0.0002656  -0.00021744
10 20 8 689753 -0.00023031  0.00011301 -0.00062227
10 20 8 691686 -0.00062275 -0.00015259 -0.00045729
10 20 8 693835 -0.00077486 -0.00060177 -0.00029755
10 20 8 695963 -0.00090361 -0.00030708 -0.00026989
10 20 8 698130 -9.98497009e-04 -5.38825989e-05 -5.47409058e-04
10 20 8 700846 -1.82294846e-03 -5.62667847e-05 -4.59671021e-04
10 20 8 702959 -2.07614899e-03 -3.86238098e-05 -3.30448151e-04
10 20 8 704999 -1.66845322e-03  9.58442688e-05  7.91549683e-05
10 20 8 707633 -0.00130033 -0.0009222  -0.00026846
10 20 8 709819  2.14576721e-05 -6.32286072e-04 -3.14712524e-05
10 20 8 712282  9.96589661e-05 -1.31130219e-04 -1.27792358e-04
10 20 8 714365 -9.63211060e-05  8.32557678e-04  2.20298767e-04
10 20 8 716473 0.0004425  0.00118113 0.00056362
10 20 8 719206 -5.86509705e-05  5.61714172e-04  7.77721405e-04
10 20 8 721772 -0.0002346   0.00023413  0.00047493
10 20 8 724181 -0.00047684 -0.0007019   0.00035429
10 20 8 726293 -0.00123978 -0.00111628  0.00055647
10 20 8 728554 -0.00097799 -0.00104809  0.00014639
10 20 8 730600 -0.00093555 -0.00081158  0.00014114
10 20 8 733088  1.90734863e-05 -3.12328339e-04  1.58786774e-04
10 20 8 735079  1.41143799e-03  6.72340393e-05 -6.67572021e-04
10 20 8 737006  0.00096655  0.00082827 -0.00060749
10 20 8 739497  0.00025272  0.00098133 -0.00045919
10 20 8 741608 -0.00069475  0.00125408 -0.00048685
10 20 8 743598  0.00020218 -0.0001483  -0.00050116
10 20 8 745584 -0.00021887 -0.00068855 -0.00024652
10 20 8 747880 -0.0001564  -0.00127506 -0.00066233
10 20 8 750703  1.18255615e-04 -8.98838043e-04 -3.43322754e-05
10 20 8 753013  6.48498535e-05 -3.35693359e-04  1.62601471e-04
10 20 8 755361  7.00950623e-05  1.15060806e-03 -2.15530396e-04
10 20 8 757571 9.15527344e-05 1.28555298e-03 5.88417053e-04
10 20 8 759724 -0.000772    0.00095081  0.00052786
10 20 8 761983 -0.0010519   0.00011301  0.00073957
10 20 8 764438 -0.00076103 -0.00094032  0.00055027
10 20 8 766411 -0.00057364 -0.0018177   0.00020838
10 20 8 768391 -0.00071287 -0.0013833   0.00055504
10 20 8 788309 -3.90529633e-04  1.66893005e-05  1.87397003e-04
10 20 8 798423 2.36511230e-04 4.29153442e-06 2.46875048e+00
10 20 8 809247 0.0006361  0.00149059 0.00018215
10 20 8 811877  0.00010633  0.0004096  -0.00032711
10 20 8 813794 -0.00011158 -0.00013256 -0.00047159
10 20 8 831676 -0.00036621 -0.00037622  0.00011492
10 20 8 854525 -0.00041389 -0.00048971 -0.0002861 
10 20 8 857391 -0.00042391 -0.00051308  0.00018501
10 20 8 878758 -6.81877136e-05  2.05516815e-04 -1.40666962e-04
10 20 8 902587 0.00023365 0.0007019  0.00027466
10 20 8 904923 6.77108765e-05 2.94685364e-04 6.08921051e-04
10 20 8 927001 -0.0002265  -0.00014877  0.00039244
10 20 8 951805 -6.81877136e-05 -6.16073608e-04 -1.47819519e-05
10 20 8 954744  9.15527344e-05  5.53131104e-05 -1.78337097e-04
10 20 8 974787 -1.94549561e-04 -2.60353088e-04  3.67164612e-05
10 20 8 998278 -6.05583191e-05  4.65393066e-04 -2.43663788e-04
10 20 9 552 -5.67436218e-05  8.02516937e-04 -2.41279602e-04
10 20 9 23570 -0.00016594  0.00050545 -0.00036097
10 20 9 46257 -4.15325165e-04 -1.00135803e-05 -4.15325165e-04
10 20 9 48709  7.15255737e-05 -4.40597534e-04 -6.38961792e-05
10 20 9 71104 -3.67164612e-05 -6.58035278e-04  3.71932983e-05
10 20 9 94219 -0.00042677 -0.00075722  0.00016975
10 20 9 96707 -4.33444977e-04 -8.86917114e-05  1.67846680e-04
10 20 9 118578 1.38759613e-04 6.16073608e-04 6.58035278e-05
10 20 9 142329 -5.24044037e-04  4.22477722e-04  5.05447388e-05
10 20 9 145029 -5.99384308e-04  1.00612640e-04  6.53266907e-05
10 20 9 166572 -7.14778900e-04 -2.34603882e-04  3.00407410e-05
10 20 9 190008 -0.00045681 -0.00073624  0.0002389 
10 20 9 192516 -0.00094748 -0.00059795  0.00017357
10 20 9 214455  2.67028809e-05 -4.41551208e-04 -4.81605530e-05
10 20 9 237924 -2.85625458e-04  6.17027283e-04  1.00135803e-05
10 20 9 240288 0.00012016 0.00070381 0.00017452
10 20 9 262706 -0.00025749  0.00092936  0.00057173
10 20 9 286348 -0.00032902  0.00015783 -0.00031805
10 20 9 288867 -0.00054073 -0.00038958 -0.00016165
10 20 9 310580 -0.00026846 -0.00065804 -0.00028944
10 20 9 333863 -0.00030708 -0.0003252  -0.00018454
10 20 9 336341 -0.00029659 -0.00082731  0.00029135
10 20 9 364834 -0.00020218  0.00011826 -0.00049782
10 20 9 381781  2.57015228e-04  1.90258026e-04 -1.81198120e-05
10 20 9 384025 4.60147858e-04 4.37259674e-04 7.20024109e-05
10 20 9 406573  0.00027514  0.00050449 -0.00019455
10 20 9 502703  0.00029898  0.00020552 -0.00037527
10 20 9 505077  2.83718109e-04  2.08854675e-04 -5.24520874e-05
10 20 9 507264  6.67572021e-05 -3.49998474e-04 -2.82287598e-04
10 20 9 509470 -4.05311584e-05  4.81605530e-05 -2.64644623e-04
10 20 9 511665  1.44958496e-04 -2.00271606e-05 -3.35693359e-04
10 20 9 513801  2.87532806e-04  8.29696655e-05 -4.57763672e-04
10 20 9 527356  0.00048018  0.00024652 -0.00020599
10 20 9 529977 0.0002265  0.00023031 0.00014591
10 20 9 550872 -0.00013733  0.0003686   0.0003829 
10 20 9 576727 -1.27792358e-04 -4.24385071e-05  4.31060791e-04
10 20 9 579268 -0.00032043 -0.00040579  0.00052023
10 20 9 598933 -0.00023031 -0.00053072  0.000319  
10 20 9 622510 -6.70909882e-04 -6.56604767e-04  8.01086426e-05
10 20 9 624649 -0.00018358 -0.00026941  0.00027466
10 20 9 647192 -2.76565552e-05 -2.74181366e-04  7.67707825e-05
10 20 9 670494 -5.82218170e-04  7.67707825e-05  1.60694122e-04
10 20 9 672880 -0.00085831  0.00078297 -0.00011349
10 20 9 695333 -0.00015354  0.00057554 -0.00050497
10 20 9 718430 -2.47001648e-04  9.15527344e-05 -4.83036041e-04
10 20 9 720866  0.0003171   0.00021362 -0.00037622
10 20 9 743011  0.00073004  0.00043058 -0.0006938 
10 20 9 745032  0.0001359  -0.00011683 -0.00071907
10 20 9 766770 -0.00020599  0.00030375 -0.0003705 
10 20 9 790469 -1.92642212e-04 -1.12533569e-04 -9.44137573e-05
10 20 9 792924  1.90734863e-05 -1.61170959e-04 -1.47819519e-04
10 20 9 814779  0.00038195 -0.00032997  0.00029612
10 20 9 838422  7.38620758e-04 -5.62667847e-05  5.08785248e-04
10 20 9 840928  0.00025034 -0.00039053  0.00034666
10 20 9 862806  0.00031662 -0.00055695  0.0001111 
10 20 9 886185 -1.19209290e-05 -1.09195709e-04  1.13964081e-04
10 20 9 888490 -9.01222229e-05  8.86917114e-05 -5.72204590e-05
10 20 9 910748  9.67979431e-05  4.49180603e-04 -1.11579895e-04
10 20 9 934061  0.00030708 -0.00017452 -0.00042629
10 20 9 936375  4.00543213e-04  7.67707825e-05 -5.11646271e-04
10 20 9 958603  8.48770142e-05  2.86102295e-05 -4.78744507e-04
10 20 9 982014  0.00019646  0.00043678 -0.00041342
10 20 9 984118  0.00064421  0.00074244 -0.00022888
10 20 10 7526 7.20024109e-05 2.97546387e-04 1.30653381e-04
10 20 10 36224 -6.79492950e-04  4.20570374e-04  5.81741333e-05
10 20 10 47361 -0.00056982 -0.00043678 -0.00029182
10 20 10 54184 -5.48362732e-04 -6.13212585e-04  7.10487366e-05
10 20 10 77941 -0.00069571 -0.000741    0.0002327 
10 20 10 80025 -4.49657440e-04 -1.95503235e-05  2.80380249e-04
10 20 10 102465 -2.05039978e-05  3.94821167e-04  2.57492065e-05
10 20 10 125932 -4.94956970e-04  2.49862671e-04  7.86781311e-05
10 20 10 128516 -0.00032997  0.00022411  0.00029993
10 20 10 155362 0.00025415 0.00025225 0.00071287
10 20 10 173893  5.05447388e-05 -5.67913055e-04  4.21524048e-04
10 20 10 176299 -0.0005517  0.0002861  0.0004878
10 20 10 198498 -0.00097847 -0.00090361  0.00048542
10 20 10 294719 -0.00053453 -0.00077057 -0.00020266
10 20 10 297432 -2.86102295e-05 -2.28881836e-04  9.15527344e-05
10 20 10 299827 -7.48634338e-05  1.38282776e-04 -1.24454498e-04
10 20 10 302111  1.74999237e-04  2.06470490e-04 -3.29017639e-05
10 20 10 304103 -4.05311584e-05  3.46183777e-04 -4.30107117e-04
10 20 10 306040  0.0003171   0.0004673  -0.00037003
10 20 10 318478  0.00062132 -0.00050879 -0.00043821
10 20 10 320223  0.00074387 -0.00019979 -0.00049639
10 20 10 343511  0.00032616 -0.00021648 -0.00020456
10 20 10 345906  0.00039053 -0.00036526 -0.00065899
10 20 10 366785 1.07288361e-04 1.04904175e-05 1.84535980e-04
10 20 10 391172  0.00014257 -0.00033903 -0.00016546
10 20 10 393137  5.20229340e-04 -6.10351562e-05 -3.55243683e-04
10 20 10 414985  0.00052214  0.00044203 -0.00018311
10 20 10 438239  3.81946564e-04 -7.00950623e-05 -3.77178192e-04
10 20 10 441129 4.80175018e-04 2.03609467e-04 3.81469727e-06
10 20 10 462707 2.22206116e-04 4.67300415e-05 3.30448151e-04
10 20 10 486197 -2.31742859e-04  6.97612762e-04 -1.00135803e-05
10 20 10 488602 0.00031519 0.00107574 0.00051785
10 20 10 510992 -0.00021935  0.00091743  0.00056458
10 20 10 534628 -4.99248505e-04 -1.90734863e-05  2.49862671e-04
10 20 10 537352 -0.00027704 -0.00130081  0.00040483
10 20 10 558475 -0.00105619 -0.00166178  0.00042868
10 20 10 584745 -0.0009737  -0.00129175  0.00010157
10 20 10 596311 -0.00084829 -0.00073004 -0.00036383
10 20 10 606602 -0.00021172  0.000844   -0.00052357
10 20 10 630065  0.00021219  0.00180054 -0.00010967
10 20 10 632208 -1.83582306e-04  2.19821930e-03 -2.19345093e-05
10 20 10 654439 -0.00046015  0.00067568 -0.00012684
10 20 10 677856 -0.00124311 -0.00045776 -0.00036478
10 20 10 680164 -1.10435486e-03 -2.19726562e-03 -2.67028809e-05
10 20 10 701830 -1.52969360e-03 -2.58064270e-03  9.77516174e-05
10 20 10 704210 -1.90258026e-04 -1.79529190e-03 -1.95503235e-05
10 20 10 736032  6.19888306e-05 -6.82353973e-04  1.13487244e-04
10 20 10 798702 0.00057268 0.00125122 0.00027847
10 20 10 800836 6.03199005e-04 2.31218338e-03 2.81333923e-05
10 20 10 802712 0.00079155 0.00216484 0.00051355
10 20 10 832216  2.58445740e-04  8.39710236e-04 -5.81741333e-05
10 20 10 835109 -0.00038052 -0.0013485   0.00071478
10 20 10 886559 -0.00051785 -0.00178862 -0.00018883
10 20 10 894824  7.15255737e-05 -2.30932236e-03 -2.09808350e-04
10 20 10 935511  0.00041962 -0.00099754 -0.00027037
10 20 10 947099 6.85214996e-04 9.49859619e-04 9.10758972e-05
10 20 10 975926 4.78267670e-04 1.89590454e-03 8.53538513e-05
10 20 10 978224  4.69684601e-04  1.80625916e-03 -5.05447388e-05
10 20 11 23828  0.00023079  0.00066328 -0.0001688 
10 20 11 26438 -0.00031471 -0.00054979 -0.0002141 
10 20 11 71634 -0.00089645 -0.00133085 -0.00016117
10 20 11 87554 -0.00052023 -0.00140858 -0.00063848
10 20 11 120230 -0.00083065 -0.00037527 -0.00073338
10 20 11 135420 -6.17980957e-04 -1.02996826e-04  2.86102295e-06
10 20 11 183560  4.45365906e-04  1.40619278e-03 -1.33514404e-05
10 20 11 185746 -0.00017214  0.00160885 -0.00011158
10 20 11 231562 0.00023222 0.00065184 0.00020742
10 20 11 233838 -4.30583954e-04 -9.29832458e-05  5.12599945e-04
10 20 11 279479 -0.00110865 -0.00144625  0.00049448
10 20 11 281761 -0.00057411 -0.00112534  0.00042629
10 20 11 327459 -0.00035477 -0.00071144  0.00016403
10 20 11 329627  0.00013065 -0.00021267  0.0001235 
10 20 11 375847 0.00051165 0.0009594  0.00030375
10 20 11 377920  0.001019    0.00127077 -0.00021648
10 20 11 423217 2.33411789e-03 8.67366791e-04 5.43594360e-05
10 20 11 425145  2.16770172e-03 -8.20159912e-05 -4.28676605e-04
10 20 11 477313  1.94978714e-03 -9.53674316e-07 -3.89575958e-04
10 20 11 492448  0.00153828  0.00017118 -0.00036144
10 20 11 535020  0.00073147  0.0001626  -0.00043249
10 20 11 537036  0.00051117 -0.0006609  -0.00051355
10 20 11 583433  0.00100422 -0.00133276 -0.00032377
10 20 11 586326  0.00273848 -0.00039577 -0.0008049 
10 20 11 632338  0.00295877 -0.00119829 -0.00073004
10 20 11 634726  0.00284624  0.00075054 -0.00077438
10 20 11 678816  0.00097799  0.00017357 -0.00026321
10 20 11 680801 -3.22818756e-04  1.30558014e-03  4.76837158e-05
10 20 11 727049  0.00024414  0.00028038 -0.00011873
10 20 11 729400  1.49631500e-03 -5.35964966e-04  6.77108765e-05
10 20 11 780629  0.00145292 -0.00106001 -0.00076532
10 20 11 795301  0.00200605 -0.0012908  -0.00013161
10 20 11 829052  0.00243425 -0.00113964  0.00042439
10 20 11 839010  1.90401077e-03  1.36375427e-04 -2.57492065e-05
10 20 11 878385  1.95550919e-03 -2.03609467e-04  7.00950623e-05
10 20 11 887498 0.00192785 0.00115108 0.00027084
10 20 11 940378  0.00347233  0.00154305 -0.00055504
10 20 11 948580  0.00120687  0.00071526 -0.00016594
10 20 11 982588 -0.00086117 -0.00058079  0.0002594 
10 20 11 984712 -0.00213957 -0.00057745 -0.0003891 
10 20 12 30453 -1.91974640e-03 -1.14583969e-03  5.10215759e-05
10 20 12 32500 -0.00234222 -0.00071526  0.0002737 
10 20 12 78497 -1.18637085e-03  7.62939453e-05  8.10623169e-05
10 20 12 81333 9.58442688e-05 3.24249268e-04 1.59263611e-04
10 20 12 126218 -0.00103951  0.00049543  0.00048828
10 20 12 128317  0.00128031  0.00071096 -0.00044823
10 20 12 174545  0.00152349 -0.00065136 -0.00035906
10 20 12 177285 -1.57356262e-04 -5.09262085e-04 -9.20295715e-05
10 20 12 222359 -1.36280060e-03  1.91211700e-04  1.57356262e-05
10 20 12 224556 -0.00186157  0.00016022  0.00046301
10 20 12 286151 -0.0012536  -0.00038576  0.00053501
10 20 12 288463 -0.00058937  0.0002532   0.0001936 
10 20 12 334875 9.65595245e-04 5.46932220e-04 1.85966492e-05
10 20 12 336667  4.52518463e-04 -4.73499298e-04  9.44137573e-05
10 20 12 382095 0.0009079  0.00068569 0.00025606
10 20 12 383777  0.0012722   0.00061035 -0.0001483 
10 20 12 430095  0.00107908  0.00010204 -0.00011206
10 20 12 432366  0.00042057 -0.0005908  -0.00022697
10 20 12 478451 -0.0008297  -0.00016594  0.00013828
10 20 12 481134 -5.53607941e-04 -1.74999237e-04 -3.43322754e-05
10 20 12 526242 -1.78337097e-04 -5.53131104e-05 -1.65462494e-04
10 20 12 528732 -0.00061703 -0.00043297 -0.00019169
10 20 12 573994 -7.43865967e-05  1.66416168e-04 -3.14235687e-04
10 20 12 576246  0.00059748 -0.00041103 -0.00033712
10 20 12 627259  0.00091743  0.00111437 -0.00010586
10 20 12 637586  5.43594360e-05 -2.26020813e-04 -2.54631042e-04
10 20 12 669583 -2.83718109e-04  1.13630295e-03  6.86645508e-05
10 20 12 685707 -0.00068998  0.00019836  0.00012445
10 20 12 733743 -0.00096941 -0.00030518 -0.0001421 
10 20 12 735975 -0.00129318 -0.00118732  0.0004034 
10 20 12 781622 -1.90925598e-03 -1.07145309e-03  8.91685486e-05
10 20 12 783727 -0.00197601 -0.0012064   0.0004921 
10 20 12 829706 -0.00131559 -0.00085306  0.00085545
10 20 12 832199 -0.00085115  0.00067091  0.0004425 
10 20 12 877677 0.00019026 0.0009656  0.0002408 
10 20 12 880324 -0.00138283  0.00226164  0.00028849
10 20 12 925556 -0.00173235  0.00079536  0.00042725
10 20 12 927835 -0.00079107 -0.00075197  0.00045776
10 20 12 973313 -0.00293255 -0.00168657  0.00039482
10 20 12 989498  0.00040865 -0.00081825 -0.00017834
10 20 13 21118 -0.0002408  -0.00093174  0.00054026
10 20 13 37217 0.0005784  0.00030661 0.00044346
10 20 13 68887 0.00036001 0.00051022 0.00110006
10 20 13 85110 0.0007205  0.00129175 0.00079441
10 20 13 132272 0.00234556 0.00150061 0.00135279
10 20 13 134234 0.00256824 0.00215054 0.00111294
10 20 13 181042 0.00227451 0.00144053 0.00134516
10 20 13 183500 0.00349855 0.00140238 0.00149918
10 20 13 228796 0.00497103 0.00044537 0.00198603
10 20 13 231711 0.00350952 0.00011253 0.00213814
10 20 13 276899  0.00240421 -0.00100327  0.00232172
10 20 13 279464  0.00033569 -0.00063705  0.00268555
10 20 13 324490  0.00145531 -0.00054836  0.0022707 
10 20 13 326671  0.00170803 -0.00040388  0.00150585
10 20 13 372507 0.00117016 0.0001502  0.00171804
10 20 13 388185 -5.72204590e-06 -3.19480896e-05  1.22499466e-03
10 20 13 420111 -0.00018072  0.00071621  0.00043297
10 20 13 422102 -0.00068045 -0.00068998 -0.00013447
10 20 13 484130 -5.74111938e-04 -3.05175781e-05 -3.15189362e-04
10 20 13 486513 -0.00086403 -0.00045443 -0.00067329
10 20 13 532387 -0.00111628 -0.0010457  -0.00098944
10 20 13 535290 -0.0012846  -0.00035858 -0.00071001
10 20 13 580398 -1.32608414e-03 -2.09808350e-05 -1.23834610e-03
10 20 13 583069 -0.0017705   0.00012493 -0.00129509
10 20 13 628224 -0.00233984  0.00073242 -0.00146675
10 20 13 630702 -0.00350094  0.000278   -0.00122595
10 20 13 675898 -0.00292397 -0.00048304 -0.00108862
10 20 13 678493 -0.00309753 -0.00026655 -0.0009346 
10 20 13 723546 -0.00243616 -0.00030994 -0.00074387
10 20 13 726202 -0.00282478 -0.00011396 -0.00094318
10 20 13 771418 -0.00319481 -0.00032997 -0.00034237
10 20 13 787256 -0.00252295 -0.00014639  0.00018835
10 20 13 835290 -0.00262594 -0.00037718  0.00032568
10 20 13 837601 -0.00191402 -0.00106287  0.00062799
10 20 13 883128 -0.00195694 -0.00104761  0.00026274
10 20 13 885357 -0.00135946 -0.0008688   0.00031757
10 20 13 931062 -0.00064421 -0.00017929  0.00028706
10 20 13 933243 -2.74181366e-04 -5.72204590e-05 -2.14099884e-04
10 20 13 978817  0.00040579  0.00028753 -0.00034571
10 20 13 981052  0.00074577  0.00038862 -0.00073862
10 20 14 26352  0.00052118  0.00047779 -0.00092649
10 20 14 28800  0.00029039  0.00011063 -0.00089693
10 20 14 80204  0.0006547  -0.00049829 -0.00116587
10 20 14 90430  0.00206757 -0.00043154 -0.00116301
10 20 14 129116  1.69515610e-03  3.38554382e-05 -1.54113770e-03
10 20 14 141081  1.26600266e-03 -9.05990601e-06 -9.70840454e-04
10 20 14 186443  0.00154638  0.0008297  -0.00052643
10 20 14 188723  0.0012579   0.00093079 -0.00035381
10 20 14 234197 0.00074482 0.00075769 0.00030184
10 20 14 237298 -0.00053835  0.03124809 -0.09374905
10 20 14 282397 -0.00047207 -0.00124645  0.00098133
10 20 14 284940  0.00096321 -0.00056362  0.00020599
10 20 14 330307  1.47485733e-03 -1.44958496e-04 -2.62260437e-05
10 20 14 332552  2.56538391e-03 -1.64031982e-04 -7.34329224e-05
10 20 14 378137  0.00358105  0.00015163 -0.00022554
10 20 14 380904 0.00481129 0.00149918 0.00028467
10 20 14 426056 0.00545406 0.00221491 0.00065184
10 20 14 428280 0.00426292 0.003232   0.0011735 
10 20 14 474038 0.00238991 0.00127792 0.00137854
10 20 14 476298  0.00201941 -0.00025558  0.0010438 
10 20 14 537616  0.00159979 -0.00363255  0.00080824
10 20 14 539828  0.00258064 -0.00412607 -0.00013924
10 20 14 586051  0.00284338 -0.00306845  0.00049686
10 20 14 588414 3.74078751e-03 9.82284546e-05 5.78403473e-04
10 20 14 633505 0.00433493 0.00354528 0.0002284 
10 20 14 635829 0.00318146 0.00548506 0.00033855
10 20 14 681986  1.09100342e-03  3.91101837e-03 -1.52587891e-05
10 20 14 684300 -0.00037479  0.0004611  -0.00070143
10 20 14 729541 -0.00122595 -0.00276184 -0.00134468
10 20 14 731526 -0.00204802 -0.00506115 -0.00167227
10 20 14 786133 -0.0030098  -0.00439167 -0.00130653
10 20 14 794592 -0.00319862 -0.00260115 -0.0013957 
10 20 14 832197 -0.00189924  0.00086355 -0.0018034 
10 20 14 840137 -0.0005312   0.00286961 -0.00131559
10 20 14 880593 -0.00052738  0.00338888 -0.00089931
10 20 14 888946 -0.00221205  0.0017662  -0.00070953
10 20 14 928480 -0.00437212  0.00046253 -0.00052309
10 20 14 942340 -0.00621223 -0.00328779 -0.00106859
10 20 14 969496 -0.00493431 -0.0051837  -0.00120354
10 20 14 985196 -0.00328398 -0.00403547 -0.00137568
10 20 15 33360 -0.00173903 -0.00331402 -0.00132036
10 20 15 35790 -0.00103569  0.00124025 -0.00031424
10 20 15 89276  0.00019741  0.00378084 -0.00067186
10 20 15 98956 6.13212585e-04 4.84943390e-03 2.62260437e-05
10 20 15 137085 -0.00055504  0.00297976 -0.00059748
10 20 15 145674 -0.00243616 -0.00024271 -0.00062466
10 20 15 177012 -0.00339794 -0.0030899  -0.00087881
10 20 15 179118 -0.00304508 -0.00486517 -0.00083494
10 20 15 224911 -0.00070047 -0.00459146 -0.00066948
10 20 15 226869  0.00190496 -0.00184107 -0.00022936
10 20 15 288809  0.00141335  0.00124598 -0.00013924
10 20 15 290986 0.00115204 0.00409269 0.00013161
10 20 15 320868 0.00076914 0.00385618 0.00012541
10 20 15 323759  2.07281113e-03  2.74562836e-03 -3.95774841e-05
10 20 15 384852  0.00109816 -0.00099182 -0.00036716
10 20 15 386933 -0.00027132 -0.00323009 -0.00039673
10 20 15 432636  0.00034046 -0.00362873 -0.00052738
10 20 15 435213  0.00150156 -0.00186825 -0.00099277
10 20 15 480663  1.67083740e-03  5.67913055e-04 -9.05990601e-06
10 20 15 482889  1.66177750e-03  3.22151184e-03 -1.09672546e-05
10 20 15 530274 0.00076818 0.00350904 0.00069523
10 20 15 532326 0.00069952 0.00237846 0.00029945
10 20 15 576556 -0.00072002  0.00030184  0.00024843
10 20 15 579517 -0.00216961 -0.00237751  0.00035143
10 20 15 624574 -0.00193691 -0.00303555  0.00038719
10 20 15 626816 -0.00163603 -0.0023737   0.00038862
10 20 15 672390 -0.00156021 -0.00124979  0.00044918
10 20 15 674529 -0.00096369  0.00067997 -0.00017071
10 20 15 736103 -0.00021219  0.00172234 -0.00010967
10 20 15 738068  0.00121546  0.00136709 -0.00018167
10 20 15 784291  4.43458557e-05  7.61032104e-04 -5.42163849e-04
10 20 15 787026  2.19345093e-05 -3.00884247e-04 -7.84397125e-04
10 20 15 832715 -0.00143099 -0.00036001 -0.00042534
10 20 15 835779 -0.00149727 -0.00092649 -0.00017738
10 20 15 881983 -8.04424286e-04  3.19480896e-05 -3.60012054e-04
10 20 15 883985  0.00054932 -0.00088644 -0.00043201
10 20 15 927923  0.00109053 -0.00013828 -0.00027895
10 20 15 930097  0.0009141   0.00040817 -0.00016642
10 20 15 978454  1.02853775e-03 -9.34600830e-05  3.14235687e-04
10 20 15 980848 0.00148773 0.00061893 0.00044632
10 20 16 23828  0.00193262  0.00027418 -0.00024557
10 20 16 25962  1.48773193e-03 -9.53674316e-05  3.93867493e-04
10 20 16 77379  9.20772552e-04 -4.69207764e-04 -1.66893005e-05
10 20 16 85957  0.00093555 -0.00143051 -0.00011396
10 20 16 139820  0.00116396 -0.00170612 -0.00021029
10 20 16 150448  7.59124756e-04 -1.37996674e-03 -4.29153442e-05
10 20 16 183754  9.19818878e-04  3.33786011e-06 -3.20434570e-04
10 20 16 186365  0.00157118  0.00087309 -0.00038242
10 20 16 231478  0.00172234  0.00163078 -0.00017738
10 20 16 233735  0.00146437  0.00275469 -0.00027561
10 20 16 279593  9.48905945e-05  1.50156021e-03 -1.11579895e-04
10 20 16 281945 -0.00112009  0.00020933 -0.00043344
10 20 16 327770 -0.00089359 -0.00097561 -0.00019932
10 20 16 329897 -0.00076771 -0.00174284 -0.00075245
10 20 16 375175 -0.00086641 -0.00152445 -0.00014257
10 20 16 377452 -4.86373901e-04 -1.44481659e-04 -5.00679016e-05
10 20 16 423473 -0.00086975  0.00121355  0.00010157
10 20 16 425776 -0.00086355  0.00159073  0.00068188
10 20 16 491217 -0.00098419  0.00161362 -0.00012541
10 20 16 500114 -1.35326385e-03 -7.96318054e-05  1.90734863e-04
10 20 16 527517 -1.28126144e-03 -1.43957138e-03  1.66893005e-05
10 20 16 538991 -0.00056362 -0.00220013 -0.00021029
10 20 16 582952 -0.00079298 -0.00135422  0.00028038
10 20 16 585239 -6.91413879e-05 -9.53674316e-06  2.53200531e-04
10 20 16 630805 3.91960144e-04 6.84261322e-04 1.76429749e-05
10 20 16 634010 -0.00011778  0.00191784  0.00033665
10 20 16 679194 9.87052917e-05 1.15776062e-03 3.25679779e-04
10 20 16 682373  1.67179108e-03 -1.85966492e-05 -2.71797180e-05
10 20 16 731942  0.00168371 -0.00106192  0.00048494
10 20 16 742314  0.00143194 -0.00189352 -0.00025511
10 20 16 780833  0.00183964 -0.00111866 -0.00033331
10 20 16 791869  0.0021596  -0.00056648 -0.00040913
10 20 16 837885 2.16960907e-03 7.22885132e-04 6.67572021e-06
10 20 16 840243  0.00322866  0.00158978 -0.00035524
10 20 16 870291  0.00383711  0.00061846 -0.00020599
10 20 16 886142 4.59623337e-03 2.57968903e-04 1.71661377e-05
10 20 16 939337  0.00552273 -0.00022888 -0.00045061
10 20 16 947649  4.15754318e-03 -9.44137573e-05 -3.63349915e-04
10 20 16 982020 -0.00014257  0.00118542  0.0007534 
10 20 16 984668 -1.24454498e-04  9.01222229e-05 -8.72612000e-05
10 20 17 29812 6.66618347e-04 8.66413116e-04 4.19616699e-05
10 20 17 32297  0.00081491 -0.00226355  0.00010777
10 20 17 77452 0.00071335 0.00081539 0.00057507
10 20 17 79480 -0.00077534 -0.00165558  0.00075006
10 20 17 125609 -0.00046158  0.00192833  0.00082588
10 20 17 128045 0.00034904 0.00141811 0.00044727
10 20 17 173162 -0.00079584  0.00160599  0.00081348
10 20 17 189236 -0.00171757  0.00052547  0.00035238
10 20 17 221232 -0.00108051 -0.00164223  0.00029516
10 20 17 237556 -3.81469727e-05 -8.00132751e-04 -5.48362732e-04
10 20 17 284517 -0.00098419 -0.00103712 -0.00044012
10 20 17 286583 -0.00282192 -0.00070763  0.00022459
10 20 17 333264 -1.77955627e-03  1.00135803e-05  1.76429749e-04
10 20 17 335545 -0.00122404  0.00031471 -0.00018978
10 20 17 381304 -0.00139523  0.00109673 -0.00011396
10 20 17 383922 -0.00215626  0.00077772  0.00020838
10 20 17 428633 -3.02648544e-03  1.45196915e-03  2.57492065e-05
10 20 17 430692 -0.00962925  0.00094891  0.00075054
10 20 17 476784 -8.61740112e-03 -4.88281250e-03  5.86509705e-05
10 20 17 478882 -0.00247812 -0.00025558 -0.0003705 
10 20 17 524708 -0.00126362 -0.00401163  0.00019312
10 20 17 558963 0.00105    0.00444269 0.00026703
10 20 17 572648 -3.03792953e-03  2.38418579e-06  1.46874666e+00
10 20 17 588370 -0.00141001  0.00319433  0.0001297 
10 20 17 620666 -0.00051785  0.00198412 -0.00040483
10 20 17 623037 -1.95407867e-03 -1.14345551e-03 -1.85966492e-05
10 20 17 684465 -0.00239325 -0.00264168 -0.00054502
10 20 17 686759 -0.00266695 -0.00298119 -0.00013494
10 20 17 731720 -0.00233173 -0.00321198 -0.00028896
10 20 17 733766 -0.00100708 -0.00138426 -0.00020218
10 20 17 779814 -0.00017357  0.00022411 -0.00015259
10 20 17 782042 0.00105953 0.0017457  0.00013924
10 20 17 828442 0.00185633 0.00310278 0.00019693
10 20 17 830605 0.00157881 0.00261354 0.00035715
10 20 17 876025 0.000947   0.0014472  0.00011396
10 20 17 878216 -0.00020361 -0.00216722  0.00033474
10 20 17 924089 -0.00069189 -0.00165462 -0.00010204
10 20 17 926352 -0.00166893 -0.00327396 -0.00042963
10 20 17 972164 -0.00099516 -0.00080681 -0.00045586
10 20 17 974359  5.86509705e-05  4.88281250e-04 -1.96456909e-04
10 20 18 35665  1.12438202e-03  1.54924393e-03 -9.05990601e-05
10 20 18 37198  0.00191879  0.00209856 -0.00027561
10 20 18 83707  0.00214243  0.00168943 -0.00020218
10 20 18 85901  0.00176144  0.00139093 -0.00043344
10 20 18 131753  0.00106001 -0.00025988 -0.00016689
10 20 18 133961 -0.00031376 -0.00147724  0.0001173 
10 20 18 179566 -8.40187073e-04 -1.92642212e-03 -6.19888306e-05
10 20 18 181700 -0.00065088 -0.00105906 -0.00046968
10 20 18 227860 -0.00026226 -0.00052786 -0.00016785
10 20 18 230276  3.95774841e-04 -6.34193420e-05 -4.56809998e-04
10 20 18 275408  0.00151777  0.00117254 -0.00017357
10 20 18 291775 0.00030661 0.00143671 0.00015974
10 20 18 323451 0.00026321 0.0010972  0.00025892
10 20 18 325853 0.00095701 0.00034523 0.00026798
10 20 18 387154 -0.00045967 -0.00073767  0.00028753
10 20 18 389510 -0.00059986 -0.00088596  0.00013781
10 20 18 434896 -0.00031757 -0.00034571  0.00010824
10 20 18 437396  0.00081873 -0.00022888 -0.00020313
10 20 18 482997 0.00107002 0.00065613 0.00010395
10 20 18 485264 0.00134611 0.00101662 0.00013828
10 20 18 531644  0.001894    0.00144005 -0.00020647
10 20 18 534292 0.00207806 0.00034666 0.00034571
10 20 18 578970  0.00301933 -0.00025702  0.00027466
10 20 18 580940  0.00532436 -0.0007      0.0001893 
10 20 18 627130  0.00399446 -0.00144672  0.00012684
10 20 18 629527  3.06129456e-03 -1.58691406e-03  8.63075256e-05
10 20 18 674815 1.22070312e-03 7.15255737e-06 1.25885010e-04
10 20 18 676755  0.00078487  0.00069427 -0.00016737
10 20 18 723032  0.00033236  0.0004077  -0.0004282 
10 20 18 738829  9.48429108e-04  7.13825226e-04 -5.19752502e-05
10 20 18 786622  0.00166607 -0.00014305 -0.00060177
10 20 18 788966  1.40714645e-03 -2.47955322e-05 -3.97205353e-04
10 20 18 834567  0.00059271 -0.00116444 -0.0003767 
10 20 18 836995  0.00017691 -0.00029135 -0.00052977
10 20 18 882571  4.18186188e-04  2.01225281e-04 -3.48091125e-05
10 20 18 885357  3.19957733e-04  9.33647156e-04 -1.33514404e-05
10 20 18 930563  0.00052261  0.00135517 -0.0001421 
10 20 18 932797 0.00063753 0.00161648 0.00042105
10 20 18 979579 0.00040817 0.00080633 0.00047779
10 20 18 981769 -0.00113249 -0.00053167  0.000422  
10 20 19 26897 -0.00249052 -0.00201559  0.00089407
10 20 19 29416 -2.78425217e-03 -2.09426880e-03  2.28881836e-05
10 20 19 74592 -0.00263214 -0.00121212  0.00010729
10 20 19 76931 -0.00210619  0.00039291  0.00024033
10 20 19 122644 -0.00088358  0.00152636  0.0005188 
10 20 19 137950  0.00061321  0.00189972 -0.00014257
10 20 19 170192 -0.00031281  0.00145245 -0.00017166
10 20 19 192564 -0.00072002 -0.00022316  0.00017691
10 20 19 234771 -0.00094271 -0.00122023 -0.00028038
10 20 19 236995 -0.00159979 -0.00153875 -0.00028467
10 20 19 282192 -0.00287294 -0.00112629 -0.00063944
10 20 19 284540 -0.00164652  0.00054026  0.00012589
10 20 19 330025 -0.00222158  0.00115204  0.00020695
10 20 19 332071 -3.47614288e-03  1.58596039e-03  4.43458557e-05
10 20 19 378082 -0.00495243  0.00015545  0.00016165
10 20 19 380242 -3.54194641e-03 -2.03800201e-03  6.81877136e-05
10 20 19 427925 -0.00229549 -0.0029192  -0.00054407
10 20 19 430153 -0.00169659 -0.00308752  0.0001483 
10 20 19 473775 -0.00072622 -0.00128078 -0.00097799
10 20 19 475615  0.00044155  0.00104713 -0.0002265 
10 20 19 522151  0.00039721  0.00310373 -0.00029135
10 20 19 524620 -0.00043917  0.00271702 -0.0003438 
10 20 19 591730 -0.00132179  0.0011692   0.00027561
10 20 19 600047 -0.0011754  -0.00175095 -0.00010395
10 20 19 638274 -0.00080681 -0.00267792 -0.00034237
10 20 19 649143 -0.00021267 -0.00274181 -0.00033045
10 20 19 686405  1.26409531e-03 -9.87529755e-04  3.48091125e-05
10 20 19 694250 0.00141716 0.00169086 0.00030994
10 20 19 729416 0.00070047 0.00268269 0.00070953
10 20 19 731933 0.00045109 0.00250864 0.00032187
10 20 19 776961 -0.00013638  0.00153923  0.0001421 
10 20 19 781019 -6.55174255e-04 -9.10282135e-04 -5.38825989e-05
10 20 19 825551 -9.96112823e-04 -2.42567062e-03  6.53266907e-05
10 20 19 827938 -0.00147629 -0.00261211 -0.00035763
10 20 19 873167 -0.00165081 -0.00190592 -0.00029373
10 20 19 875634 -0.00068617 -0.00013447 -0.00047493
10 20 19 936660  0.00051737  0.00160551 -0.00025272
10 20 19 938788  0.00066471  0.00230742 -0.00030899
10 20 19 984502 1.17778778e-04 1.80053711e-03 2.38418579e-06
10 20 19 987164  0.00051403  0.00044727 -0.00050974
10 20 20 32325 -0.00097847 -0.00030994  0.00034857
10 20 20 34492 -0.00109673 -0.00176239  0.00016165
10 20 20 80565 -0.00158072 -0.00140667  0.00019217
10 20 20 82813 -9.68456268e-04 -8.59737396e-04  2.00271606e-05
10 20 20 128216 -0.00075197  0.00037718  0.00024128
10 20 20 130161 -2.43186951e-04  1.00326538e-03  7.34329224e-05
10 20 20 176430 -0.00014782  0.00112963  0.00021267
10 20 20 178642 0.00018167 0.00053072 0.00028419
10 20 20 224118 -0.00015974 -0.00020933  0.00012445
10 20 20 226017 -0.00058079 -0.0011549  -0.0003376 
10 20 20 272463 -1.95503235e-05 -9.99450684e-04  1.78813934e-04
10 20 20 287985  0.00024605 -0.00083208 -0.00014734
10 20 20 335845  0.00076771  0.00016546 -0.00027847
10 20 20 338402  0.00026608  0.00076866 -0.00012684
10 20 20 383799  0.00030327  0.00117731 -0.00045967
10 20 20 385652  0.00067139  0.00098515 -0.00031996
10 20 20 439593 0.00041533 0.00046301 0.00018835
10 20 20 449508  0.00054264 -0.00041628 -0.00017738
10 20 20 482315  0.0004015  -0.00092077 -0.00033617
10 20 20 484581  3.29494476e-04 -9.65595245e-04  9.87052917e-05
10 20 20 527524 -0.00038004 -0.00062847  0.00021696
10 20 20 529824 -4.76837158e-05  5.02109528e-04  9.91821289e-05
10 20 20 575337 2.16484070e-04 7.33375549e-04 3.91006470e-05
10 20 20 577421  0.00016069  0.00016785 -0.00020981
10 20 20 623213 -0.00020456  0.00028229  0.00017548
10 20 20 625888 -5.53131104e-05 -1.22547150e-04 -2.71797180e-04
10 20 20 686767 -0.00010729 -0.00031662  0.00011349
10 20 20 689192 -0.00024366 -0.00084257 -0.00012732
10 20 20 719028 -4.96864319e-04  6.34193420e-05 -7.67707825e-05
10 20 20 734868 -2.14576721e-05  5.15460968e-04  1.04427338e-04
10 20 20 782870 -0.00016403  0.00097466 -0.00013065
10 20 20 785253 -0.00023508  0.00063658  0.00015545
10 20 20 838314 -1.91688538e-04  2.16960907e-04 -8.67843628e-05
10 20 20 883489 -0.00045681 -0.00054073 -0.00019217
10 20 20 892430 -2.43186951e-04  3.12471390e-02  3.56249905e+00
10 20 20 903787  6.67572021e-06 -2.47478485e-04  2.05516815e-04
10 20 20 927189 -0.00075912 -0.00026751 -0.00017118
10 20 20 931088 -0.00081635 -0.00052643 -0.00035238
10 20 20 974727 -7.12871552e-04 -6.62803650e-05 -4.57286835e-04
10 20 20 977207 -7.77721405e-04 -1.19209290e-05  1.48296356e-04
10 20 21 22419 -8.61167908e-04  1.57356262e-05  1.60694122e-04
10 20 21 38217 -7.58171082e-05 -6.00814819e-05 -4.01496887e-04
10 20 21 70324  4.63008881e-04  7.20024109e-05 -2.54631042e-04
10 20 21 86269 0.00028324 0.00031281 0.00032473
10 20 21 134558 -0.00069046  0.00011444  0.00013256
10 20 21 137410 -0.00039768  0.00020647  0.00030136
10 20 21 182137 -4.25815582e-04 -3.70979309e-04 -9.77516174e-05
10 20 21 184283 -4.70638275e-04 -6.08921051e-04 -5.53131104e-05
10 20 21 231445 -0.00033045 -0.00045824 -0.00015736
10 20 21 233609 -0.00071478 -0.00077343  0.00026083
10 20 21 278147 -2.60353088e-04 -3.67641449e-04 -2.00271606e-05
10 20 21 293900 -1.33514404e-04  1.27315521e-04  6.34193420e-05
10 20 21 326102  6.12258911e-04  1.00231171e-03 -8.20159912e-05
10 20 21 328925 3.19957733e-04 9.67979431e-05 1.33037567e-04
10 20 21 373789  3.19957733e-04 -2.38418579e-06  2.67028809e-05
10 20 21 389734  4.84466553e-04  1.63078308e-04 -7.67707825e-05
10 20 21 421784 -9.05990601e-05 -7.32898712e-04  2.88486481e-04
10 20 21 423722  7.96318054e-05 -4.10556793e-04 -3.48567963e-04
10 20 21 469774 -3.37600708e-04 -3.80992889e-04 -7.62939453e-06
10 20 21 485662 2.22206116e-04 3.25202942e-04 2.38418579e-05
10 20 21 533967  0.00012159  0.00080109 -0.00042772
10 20 21 536300  0.0001688   0.00043821 -0.00045633
10 20 21 581795  0.00040388 -0.00017643 -0.00034523
10 20 21 584062  1.57356262e-04 -2.08854675e-04 -6.29425049e-05
10 20 21 629533 -0.00030422 -0.00060797 -0.00019217
10 20 21 631625 -0.00022173 -0.00018454  0.00019217
10 20 21 677495  0.00055027  0.0004468  -0.00027609
10 20 21 679957 -5.04493713e-04  4.76837158e-05  9.25064087e-05
10 20 21 725034 -9.31262970e-04  3.47614288e-04  7.86781311e-05
10 20 21 727367 -0.00064611  0.00026894  0.00025034
10 20 21 773340 -0.00013113 -0.00019026 -0.00014067
10 20 21 789410 -1.41620636e-04 -4.95910645e-04  8.05854797e-05
10 20 21 821243 -3.64780426e-04 -1.09195709e-04  6.96182251e-05
10 20 21 836861 -4.22477722e-04  1.54495239e-04  9.39369202e-05
10 20 21 885110 -0.0003581   0.00034475  0.00020933
10 20 21 887178 -3.62396240e-04  3.37123871e-04  6.00814819e-05
10 20 21 933163 -4.46319580e-04  3.19957733e-04 -8.67843628e-05
10 20 21 935630 -3.72886658e-04 -3.00407410e-04  2.24113464e-05
10 20 21 981534 -0.00020075 -0.00041342 -0.00036478
10 20 21 984547  0.00057459 -0.00039673 -0.00020075
10 20 22 29286  0.000772   -0.00040102 -0.00037432
10 20 22 31703  5.98430634e-04  4.05311584e-05 -4.76360321e-04
10 20 22 77027  0.00041151  0.00020647 -0.00011158
10 20 22 79347  0.00056696  0.00016832 -0.00017452
10 20 22 124853  5.48839569e-04 -2.95639038e-05  5.72204590e-05
10 20 22 127676  0.00052643 -0.00024509 -0.00031281
10 20 22 172938  3.21865082e-04 -3.61919403e-04 -4.00543213e-05
10 20 22 175171  0.00062609 -0.00013161  0.00017786
10 20 22 236456  3.13758850e-04 -1.71661377e-05 -2.71797180e-04
10 20 22 238764 -4.33921814e-05  3.74794006e-04  6.67572021e-06
10 20 22 284670  1.61170959e-04 -6.38961792e-05 -1.92642212e-04
10 20 22 286677 0.00030756 0.00045586 0.00017357
10 20 22 332758 -0.00043678 -0.00035715 -0.00013924
10 20 22 335110 -0.00027084 -0.00062418  0.00014019
10 20 22 380917 -3.94821167e-04 -4.70638275e-04  6.86645508e-05
10 20 22 382915 -0.00031042 -0.00010586 -0.00016928
10 20 22 433700 -0.00012636  0.00030708 -0.0001235 
10 20 22 441592 -0.00052118  0.00028467  0.00024509
10 20 22 484079 -0.00070763  0.00013924  0.00033283
10 20 22 492227 -2.34603882e-04  3.39508057e-04  9.10758972e-05
10 20 22 525138 -1.02901459e-03  5.96046448e-05 -2.64644623e-04
10 20 22 528157 -0.00012732 -0.00088835 -0.00028658
10 20 22 572397 -6.53266907e-05 -2.38895416e-04 -2.91824341e-04
10 20 22 594439 -0.00026035 -0.00024414 -0.000103  
10 20 22 625000 1.85966492e-05 4.77790833e-04 8.91685486e-05
10 20 22 641921  3.95298004e-04  1.71661377e-04 -9.58442688e-05
10 20 22 675252 -0.00114679  0.00052595  0.00018597
10 20 22 688827  0.000494   -0.00052643 -0.00016785
10 20 22 739852 -1.42097473e-04  7.98225403e-04  8.63075256e-05
10 20 22 750455 -0.00074816 -0.00182962 -0.00035095
10 20 22 780304  0.00099182  0.00063229 -0.00026178
10 20 22 782655 -0.00038862 -0.00057364  0.00018215
10 20 22 828219 8.18729401e-04 6.70909882e-04 4.29153442e-05
10 20 22 830811  6.34193420e-04  2.24590302e-04 -6.86645508e-05
10 20 22 876128 7.39097595e-04 9.50336456e-04 3.33786011e-06
10 20 22 878693  0.00021553  0.00071669 -0.00017023
10 20 22 923499  0.00041723 -0.00014019  0.00052738
10 20 22 939742 -0.00010014 -0.00037003  0.0003829 
10 20 22 972012 -4.62532043e-05 -3.12328339e-04 -2.79426575e-04
10 20 22 987454 -2.49385834e-04 -5.12123108e-04 -1.04904175e-05
10 20 23 19692  0.00026989  0.00021029 -0.00017023
10 20 23 35591 -8.82148743e-05 -1.72138214e-04  1.47819519e-04
10 20 23 84165 4.46319580e-04 7.62462616e-04 3.81469727e-05
10 20 23 86542  5.28812408e-04  5.41210175e-04 -1.23977661e-05
10 20 23 131837  2.41279602e-04 -8.72612000e-05 -2.02655792e-04
10 20 23 134453 -1.54018402e-04  3.96251678e-04  1.38282776e-05
10 20 23 179523 -0.00050831 -0.00066233  0.00013113
10 20 23 182212 -7.51018524e-04 -3.17573547e-04  6.43730164e-05
10 20 23 227220 -0.00027561 -0.00076103 -0.00018263
10 20 23 229320 -0.00056124  0.00028086 -0.00016356
10 20 23 275080 -3.49998474e-04 -4.38690186e-05  5.76019287e-04
10 20 23 277259 0.00023031 0.00104094 0.00020981
10 20 23 322928 -0.00032949  0.00073481  0.0004344 
10 20 23 325212 -2.50816345e-04  2.52723694e-05 -3.48091125e-05
10 20 23 370959 -1.71661377e-04 -6.88076019e-04 -9.34600830e-05
10 20 23 386568 -1.82151794e-04 -4.27722931e-04  2.28881836e-05
10 20 23 434830 -0.0004015  -0.00011969  0.00012207
10 20 23 437253 5.50270081e-04 5.72204590e-06 2.38418579e-06
10 20 23 482927  1.33514404e-04  7.29560852e-05 -3.13758850e-04
10 20 23 485672 0.00018406 0.00091171 0.00017118
10 20 23 530810 3.43322754e-05 4.34875488e-04 1.56879425e-04
10 20 23 533204 -0.00011826  0.00051594 -0.00021935
10 20 23 578469 -1.24931335e-04  2.00271606e-05 -1.09672546e-05
10 20 23 580899 -0.000278   -0.00063562 -0.00065136
10 20 23 626147  9.05990601e-06 -5.66005707e-04  4.62532043e-05
10 20 23 628868  0.00034142 -0.00011683 -0.00035048
10 20 23 673985 0.00010014 0.00035143 0.0001955 
10 20 23 676288  0.00019217  0.00087166 -0.00035954
10 20 23 722263  9.39369202e-05  4.12464142e-04 -5.00679016e-05
10 20 23 724543 -2.53677368e-04  1.33037567e-04  3.81469727e-06
10 20 23 785893 -1.04904175e-05 -3.84807587e-04  2.78949738e-04
10 20 23 788166 -7.17163086e-04 -4.48703766e-04  1.90734863e-05
10 20 23 833574 -1.65939331e-04 -7.90119171e-04 -2.33650208e-05
10 20 23 836019  4.29153442e-06 -7.00473785e-04 -8.10623169e-06
10 20 23 881509  0.00021267  0.00017929 -0.00019407
10 20 23 883514 -1.66416168e-04  6.67095184e-04  8.01086426e-05
10 20 23 929404 -3.74317169e-04  7.18593597e-04  1.66893005e-05
10 20 23 931751 6.19888306e-06 4.34875488e-04 2.62260437e-05
10 20 23 977341 -0.00031281 -0.00012922  0.00013494
10 20 23 979591 -7.34329224e-04 -6.86168671e-04 -3.86238098e-05
10 20 24 25258 -4.01973724e-04 -9.98497009e-04 -5.43594360e-05
10 20 24 27487 -6.18934631e-04 -6.37054443e-04  1.62124634e-05
10 20 24 72680 -5.62667847e-04 -1.39713287e-04  9.53674316e-05
10 20 24 75417 -0.00029325  0.00016499 -0.00021029
10 20 24 136788  2.20298767e-04  9.48429108e-04 -2.71797180e-05
10 20 24 139234 -6.67572021e-06  4.89711761e-04  7.34329224e-05
10 20 24 184695 -4.54902649e-04 -1.09672546e-05  2.02178955e-04
10 20 24 186742 -4.98294830e-04 -1.33991241e-04 -4.10079956e-05
10 20 24 232516 -5.45978546e-04 -7.19547272e-04  3.33786011e-06
10 20 24 234682 -0.00024748 -0.00091362 -0.00010633
10 20 24 281336 -0.00037718 -0.00022602 -0.00036716
10 20 24 283987 -2.30312347e-04  3.12485695e-02 -2.81250095e+00
10 20 24 335245  1.15394592e-04  1.58786774e-04 -9.53674316e-07
10 20 24 345239 -1.33037567e-04 -2.94208527e-04  2.24113464e-05
10 20 24 379297 -0.00034142 -0.00010967 -0.00017214
10 20 24 381487 -0.00037813 -0.00029945  0.00027561
10 20 24 424586 0.0001812  0.00018167 0.00030327
10 20 24 426855  0.00017691 -0.00012302 -0.00013781
10 20 24 472400 -8.34465027e-05  3.46660614e-04 -7.86781311e-05
10 20 24 474599 7.86781311e-05 2.59399414e-04 3.19480896e-04
10 20 24 540588 -5.11646271e-04 -1.76429749e-05 -1.91688538e-04
10 20 24 549075 -0.00049639  0.00031948 -0.00017214
10 20 24 590912  0.00080395 -0.00039148 -0.00011444
10 20 24 599942 -0.00097561  0.00019026 -0.00015354
10 20 24 632273  0.00073242 -0.00129557  0.00015736
10 20 24 635105  5.23090363e-04  1.35850906e-03 -8.34465027e-05
10 20 24 680103 -5.17845154e-04 -4.48226929e-05 -1.64031982e-04
10 20 24 682157 -6.77108765e-05  1.14488602e-03  1.19209290e-05
10 20 24 728173  0.00014353 -0.00034904 -0.00036955
10 20 24 730554  7.96318054e-05 -2.05039978e-04 -7.91549683e-05
10 20 24 775908 -9.63211060e-05 -9.18865204e-04  2.31266022e-04
10 20 24 778125 -8.77380371e-05 -6.10351562e-05 -3.44753265e-04
10 20 24 824140 0.00038767 0.00014257 0.00030899
10 20 24 826449  8.10623169e-06  4.17709351e-04 -8.86917114e-05
10 20 24 872061 -0.00029087  0.0003376   0.00037909
10 20 24 887792 -2.81810760e-04  1.43051147e-06 -1.81674957e-04
10 20 24 920057 -0.00029659 -0.00027847 -0.00020456
10 20 24 936214 -8.96453857e-05 -3.34739685e-04  1.85966492e-04
10 20 24 983653  1.32560730e-04 -5.57899475e-04 -1.09672546e-05
10 20 24 985669  4.38690186e-05 -7.53402710e-05  1.50203705e-04
10 20 25 31931 -3.52859497e-05 -3.50475311e-04 -1.63555145e-04
10 20 25 34395 -7.22885132e-04  2.35080719e-04 -9.63211060e-05
10 20 25 79699 -2.48908997e-04  3.08513641e-04  1.28746033e-05
10 20 25 81886 -4.88758087e-04 -8.44001770e-05 -1.08718872e-04
10 20 25 127449 -3.99589539e-04 -9.05990601e-06 -1.00135803e-04
10 20 25 129525 -0.00033283 -0.00036001  0.00033617
10 20 25 183696 -1.01566315e-04 -5.42163849e-04  6.34193420e-05
10 20 25 191939  3.26156616e-04 -2.65598297e-04  3.24249268e-05
10 20 25 232446  3.17096710e-04  1.20162964e-04 -9.53674316e-05
10 20 25 245889 0.00022173 0.00104809 0.00025654
10 20 25 294634 9.20295715e-05 3.93867493e-04 2.14576721e-04
10 20 25 306085 -1.55448914e-04  5.37872314e-04 -1.85966492e-05
10 20 25 335540 -6.20841980e-04 -4.36306000e-04  5.05447388e-05
10 20 25 337943 -6.30855560e-04 -9.25064087e-04  4.95910645e-05
10 20 25 391002 -3.86238098e-05 -6.62803650e-04 -2.69889832e-04
10 20 25 402803 -2.93254852e-04 -3.68595123e-04 -1.57356262e-05
10 20 25 437441 2.29358673e-04 3.13282013e-04 4.00543213e-05
10 20 25 453922 -9.44137573e-05  6.15596771e-04  3.98635864e-04
10 20 25 479527 0.00063086 0.0009017  0.00031281
10 20 25 481908 -9.91821289e-05  8.17298889e-04  1.09195709e-04
10 20 25 527329 -3.12328339e-04 -2.40802765e-04 -4.10079956e-05
10 20 25 529682 -0.00045681 -0.00068665 -0.00015068
10 20 25 575031 -0.00092793 -0.00103474 -0.00027609
10 20 25 577305 -7.50064850e-04 -5.68866730e-04 -7.00950623e-05
10 20 25 622649 -5.36441803e-04 -4.06742096e-04 -2.90870667e-05
10 20 25 625312 -0.00049829  0.00026226 -0.0002389 
10 20 25 670755 2.38418579e-05 8.05854797e-04 1.10149384e-04
10 20 25 672602  0.00011063  0.00065565 -0.00015163
10 20 25 734666  8.20159912e-05  4.48226929e-04 -1.79767609e-04
10 20 25 737002 -0.00038481 -0.00010538 -0.0001421 
10 20 25 789997  3.24249268e-05 -5.06401062e-04  1.73091888e-04
10 20 25 798264 -0.00032854 -0.00052261 -0.0003767 
10 20 25 835994 -0.00101471 -0.00068903  0.00015211
10 20 25 847005 -6.20841980e-04  3.41892242e-04 -8.34465027e-05
10 20 25 878925 -0.00014544  0.00011635 -0.00023508
10 20 25 881516 -8.24928284e-05  2.48908997e-04  3.75270844e-04
10 20 25 928185 0.00052977 0.00039291 0.00023174
10 20 25 930562 -6.67572021e-06  1.78337097e-04  2.06947327e-04
10 20 25 974405 1.71661377e-05 1.28746033e-05 1.66893005e-04
10 20 25 976555 -1.94549561e-04  4.19616699e-05 -4.62532043e-05
10 20 26 22678 -2.56538391e-04  5.72204590e-06 -9.53674316e-07
10 20 26 25272 -7.67707825e-05 -9.58442688e-05  2.47001648e-04
10 20 26 86113 -0.00034714 -0.00036621  0.00012875
10 20 26 88548  5.19752502e-05 -2.86102295e-04 -4.52518463e-04
10 20 26 133866 -6.96182251e-05 -1.06811523e-04  9.67979431e-05
10 20 26 135878 -2.55584717e-04 -8.91685486e-05  1.00612640e-04
10 20 26 182314 -6.19888306e-05  3.14235687e-04  1.36375427e-04
10 20 26 184578 -0.00039911  0.00044632 -0.0003624 
10 20 26 230065 4.05311584e-05 1.44004822e-04 2.05039978e-05
10 20 26 232243  1.97887421e-04  3.81469727e-05 -4.49180603e-04
10 20 26 278162 -2.41756439e-04  2.95639038e-05  8.58306885e-05
10 20 26 280510 -7.39574432e-04  8.58306885e-05  5.57899475e-05
10 20 26 332947  1.14917755e-04 -5.38825989e-05  1.39236450e-04
10 20 26 341285 -0.0006299  -0.00030565  0.00024986
10 20 26 374190 -6.19888306e-05 -2.03132629e-04  2.90870667e-05
10 20 26 376615 -3.14235687e-04  4.85897064e-04 -5.34057617e-05
10 20 26 421777 -2.96115875e-04 -2.95639038e-05  3.07083130e-04
10 20 26 437497 -0.00072002  0.00060844 -0.00019503
10 20 26 485147 -7.77244568e-05 -6.75201416e-04  9.72747803e-05
10 20 26 487187 -1.85966492e-04 -6.15119934e-05  6.10351562e-05
10 20 26 532999 -3.35693359e-04 -5.00679016e-04  5.19752502e-05
10 20 26 535405 -5.84602356e-04 -2.92301178e-04 -8.72612000e-05
10 20 26 581171  1.79767609e-04  6.53266907e-05 -2.19345093e-04
10 20 26 583175 -0.00050402 -0.00027609 -0.00032377
10 20 26 629340  0.00020933  0.00045681 -0.00010061
10 20 26 631721 -1.60217285e-04  1.70230865e-04  2.38418579e-06
10 20 26 677091 2.47955322e-05 1.38282776e-04 9.87052917e-05
10 20 26 679394 -0.00018167 -0.0002737  -0.00021935
10 20 26 724565 -3.29494476e-04 -8.15391541e-05 -1.61647797e-04
10 20 26 726904 -0.00043774 -0.00022602 -0.00011396
10 20 26 788743 -0.00021553 -0.00016069  0.00011873
10 20 26 791035  0.00026941 -0.0003376  -0.00011778
10 20 26 821226  1.62124634e-04 -2.09808350e-05 -1.22547150e-04
10 20 26 836703  0.00023031  0.00036287 -0.00013065
10 20 26 869094 0.0001502  0.00050497 0.00029707
10 20 26 884524  1.02519989e-04 -6.24656677e-05 -5.67436218e-04
10 20 26 932474 -1.43051147e-06 -8.63075256e-05 -3.62396240e-05
10 20 26 934476 -0.0003953  -0.00021696 -0.00044966
10 20 26 980724 -2.53200531e-04 -4.72068787e-04 -5.72204590e-06
10 20 26 983096 -0.00046539 -0.00028038 -0.000319  
10 20 27 28438 -0.00058937  0.00025988 -0.00019836
10 20 27 30722 -0.00011206  0.00039577  0.0001626 
10 20 27 76134 5.67436218e-05 2.05516815e-04 3.14712524e-05
10 20 27 79180 -7.77244568e-05  1.90734863e-06 -2.57015228e-04
10 20 27 124755 -0.00053692 -0.00013399  0.00013161
10 20 27 139641 -0.00027847  0.00014687 -0.00041437
10 20 27 171685 -0.00045013 -0.00039148 -0.00012493
10 20 27 187513 -6.33716583e-04 -3.17573547e-04 -7.15255737e-05
10 20 27 220072 -0.0002737  -0.0002656  -0.00032282
10 20 27 235494 -1.28269196e-04  3.49044800e-04 -2.76565552e-05
10 20 27 283542 -2.86102295e-06  5.47409058e-04  1.75952911e-04
10 20 27 285533 -0.00011683  0.00050926 -0.00014448
10 20 27 331634 -0.00023746  0.00031948 -0.0003581 
10 20 27 333914 -2.48432159e-04 -5.96046448e-05 -4.43458557e-05
10 20 27 379346 -7.42912292e-04 -2.97069550e-04 -4.29153442e-06
10 20 27 381722 -0.00012255 -0.00058651 -0.00013113
10 20 27 427257 -2.61783600e-04 -2.66075134e-04  1.43051147e-06
10 20 27 430600 -5.48362732e-04  1.70707703e-04  6.29425049e-05
10 20 27 475227 -0.00041866  0.00011826  0.0001235 
10 20 27 477718 -4.48703766e-04  1.24931335e-04 -3.00407410e-05
10 20 27 522913 -3.21865082e-04 -1.04904175e-04  5.72204590e-06
10 20 27 525051 -5.06401062e-04 -9.29832458e-05 -2.73227692e-04
10 20 27 570835 -0.00040007 -0.00046301  0.00021219
10 20 27 586693  9.53674316e-06 -1.07288361e-04 -2.37941742e-04
10 20 27 642158 -7.53402710e-05 -3.69548798e-04 -3.46183777e-04
10 20 27 651642  6.22749329e-04  9.53674316e-07 -3.12500954e-01
10 20 27 690122 5.53131104e-05 3.89575958e-04 2.71797180e-05
10 20 27 701994  1.01566315e-04  1.10578537e-03 -9.29832458e-05
10 20 27 737430  1.64031982e-04 -1.04904175e-05  1.29222870e-04
10 20 27 748246 -0.00026131 -0.00134373  0.00026178
10 20 27 785090 -0.00050592 -0.00064802 -0.00032949
10 20 27 796190 -0.00034428 -0.00062084 -0.00021029
10 20 27 827152 -2.12669373e-04 -6.34193420e-05 -7.29560852e-05
10 20 27 829775  0.0001111   0.00051308 -0.00019884
10 20 27 874136 -0.00011015  0.00080776  0.00019741
10 20 27 876575 0.00010061 0.00099277 0.0003171 
10 20 27 922426 0.00029755 0.00059032 0.0002141 
10 20 27 924612 -5.53131104e-05 -1.47819519e-05 -1.96933746e-04
10 20 27 986262 -6.19888306e-06 -3.25679779e-04 -2.85148621e-04
10 20 27 988427 -0.00057697 -0.00054884 -0.00032997
10 20 28 34461 -5.02586365e-04 -1.13964081e-04 -1.33514404e-05
10 20 28 37471 -2.66075134e-04  1.49726868e-04  2.28881836e-05
10 20 28 82709 -0.00072718  0.00043821 -0.00028896
10 20 28 85855 -0.00028658  0.00090933 -0.00028181
10 20 28 130209 -2.05993652e-04  0.00000000e+00 -2.47955322e-05
10 20 28 132345  3.81469727e-06 -2.95162201e-04 -1.65939331e-04
10 20 28 178557 -4.86373901e-05 -6.63280487e-04 -1.71661377e-04
10 20 28 181664  8.29696655e-05 -3.71456146e-04  1.44958496e-04
10 20 28 231315 -2.72274017e-04 -9.15527344e-05 -5.35488129e-04
10 20 28 249076 -9.84191895e-04  3.48091125e-05  3.83377075e-04
10 20 28 273660 -9.25540924e-04  3.92436981e-04 -4.10079956e-05
10 20 28 289742 -6.69002533e-04 -2.09331512e-04  4.67300415e-05
10 20 28 337666  0.00011826 -0.00038433  0.00034904
10 20 28 339926 -0.00010681 -0.00036669  0.00038624
10 20 28 385816 2.08377838e-04 9.87052917e-05 3.76701355e-04
10 20 28 388796  0.00043201 -0.00022697  0.00010633
10 20 28 433620 -0.00011873 -0.00011539  0.00011158
10 20 28 435955 -3.57627869e-05  3.22341919e-04  3.13282013e-04
10 20 28 481658 -2.64167786e-04 -6.91413879e-05  3.57627869e-05
10 20 28 483674 -7.62939453e-06 -1.10149384e-04 -9.10758972e-05
10 20 28 529688 -0.00017166 -0.00085115  0.00016546
10 20 28 531935  1.52587891e-05  6.67572021e-05 -2.95639038e-05
10 20 28 578603  0.00016832 -0.00047493 -0.000103  
10 20 28 581330  0.00039101  0.00023365 -0.00026131
10 20 28 625654  0.00072765  0.00036144 -0.00016022
10 20 28 628058 4.42028046e-04 9.05036926e-04 7.29560852e-05
10 20 28 673450  4.31537628e-04  4.54902649e-04 -5.38825989e-05
10 20 28 676098 -2.82764435e-04  3.03745270e-04  7.10487366e-05
10 20 28 721334 -0.00048113 -0.00086021  0.00012302
10 20 28 737225 -0.00046778 -0.00053501 -0.00011826
10 20 28 785134 -0.00062275 -0.00096035 -0.00024986
10 20 28 787300 -2.67505646e-04 -3.05652618e-04 -6.86645508e-05
10 20 28 833113  2.97546387e-04  1.86920166e-04 -5.81741333e-05
10 20 28 835219 0.00028515 0.00023127 0.00025129
10 20 28 881229 -9.77516174e-05  4.92095947e-04  3.71932983e-04
10 20 28 883529 -2.14576721e-05  1.18255615e-04 -4.19616699e-05
10 20 28 928950 -0.00024033 -0.00033522  0.00045872
10 20 28 931037 -0.00014114 -0.00030565 -0.00017405
10 20 28 977226 -0.00060606 -0.00038147 -0.00025606
10 20 28 979464 -0.00046253 -0.00044394  0.0001359 
10 20 29 32283  0.00030279 -0.00014257 -0.00057411
10 20 29 41175 2.39372253e-04 7.04288483e-04 4.57763672e-05
10 20 29 73344 6.61373138e-04 6.12258911e-04 5.57899475e-05
10 20 29 88683  0.00016594  0.00119019 -0.00027418
10 20 29 120844 -2.60353088e-04 -4.46796417e-04 -2.90870667e-05
10 20 29 136403 -0.00020838 -0.00044298 -0.00012016
10 20 29 184831 -0.0002737  -0.00097561 -0.00035334
10 20 29 187426 -3.52859497e-05 -8.48770142e-05 -3.64780426e-04
10 20 29 232695  0.00014639 -0.00040245 -0.00042248
10 20 29 235170 -0.00028133  0.00031042  0.00056219
10 20 29 280167 7.72476196e-05 5.32627106e-04 2.58445740e-04
10 20 29 282419 -0.00018072  0.00026083 -0.00028896
10 20 29 328717  0.00028276  0.00044727 -0.00026989
10 20 29 331087 -6.53266907e-05  3.10420990e-04 -1.47342682e-04
10 20 29 376548 -3.02791595e-04 -4.54425812e-04  2.09808350e-05
10 20 29 379040 -0.00061035 -0.00089359 -0.00032854
10 20 29 424325 -0.00060844 -0.00088453  0.00037289
10 20 29 426404  0.0001812  -0.0010457   0.00015736
10 20 29 472308  5.48362732e-05  2.29835510e-04 -7.62939453e-06
10 20 29 474549 5.37872314e-04 2.13146210e-04 8.39233398e-05
10 20 29 535870 -0.0001111   0.00090933  0.00019979
10 20 29 537941 -0.00040436  0.00027037  0.00038767
10 20 29 584540  1.37329102e-04 -1.06811523e-04  6.58035278e-05
10 20 29 586791 -0.0005846  -0.00024414 -0.00050688
10 20 29 632144 -0.00021362 -0.00063801 -0.00031519
10 20 29 634529 -0.00079679 -0.0002737   0.00014639
10 20 29 679876 -0.001194    0.00034142  0.00029945
10 20 29 682321 -0.00118303  0.00022078 -0.00015259
10 20 29 727920 -0.00035477  0.00042534  0.00062513
10 20 29 730144  0.00105286  0.0004549  -0.00013924
10 20 29 775657  1.67083740e-03 -6.48498535e-05  3.00407410e-05
10 20 29 791360  0.00022936 -0.00050211  0.00012684
10 20 29 831019  0.00099897 -0.00015593 -0.00055695
10 20 29 841747 2.63214111e-04 6.73294067e-04 5.72204590e-05
10 20 29 877557 0.00018835 0.00021696 0.00017691
10 20 29 886132  0.00046015  0.00132084 -0.00023746
10 20 29 935121 -0.00010347 -0.00066233  0.00038385
10 20 29 937639 0.00019979 0.00025415 0.000247  
10 20 29 983230 -6.43253326e-04 -1.26266479e-03 -2.90870667e-05
10 20 29 985308  0.00048208 -0.00065184  0.00015593
10 20 30 31007  0.00058126 -0.00051975 -0.00037909
10 20 30 32975  4.25815582e-04 -9.53674316e-05 -1.80721283e-04
10 20 30 78887  8.07285309e-04  8.34941864e-04 -7.67707825e-05
10 20 30 80984 5.97476959e-04 9.98020172e-04 6.43730164e-05
10 20 30 126635 -2.43663788e-04  1.50203705e-04  8.91685486e-05
10 20 30 128711 -0.00072527 -0.0004344  -0.00026321
10 20 30 174718 -0.00064898 -0.00047922 -0.00014544
10 20 30 177465 -5.29289246e-05 -9.16957855e-04  1.16348267e-04
10 20 30 223285 -0.000175   -0.00022364 -0.00041437
10 20 30 225519 -3.62396240e-05  4.09603119e-04  4.21524048e-04
10 20 30 286131 0.00010109 0.00065994 0.00019312
10 20 30 288540  1.47342682e-04  5.80310822e-04 -7.82012939e-05
10 20 30 334064  3.79085541e-04 -8.58306885e-06  3.84330750e-04
10 20 30 336307 -1.71661377e-05  8.20159912e-05 -8.29696655e-05
10 20 30 382482 -0.0004468  -0.00072813 -0.00045109
10 20 30 384910 -4.04357910e-04 -1.10149384e-03  2.62260437e-05
10 20 30 430037 -0.00030613 -0.00088215 -0.00018454
10 20 30 432350  1.90734863e-05  2.26974487e-04 -3.28063965e-04
10 20 30 478123  0.00058842  0.00062513 -0.00028896
10 20 30 480450  0.00027657  0.00094795 -0.00029945
10 20 30 526270 1.51157379e-04 5.06877899e-04 3.81469727e-05
10 20 30 529258 -1.38282776e-05  9.24587250e-04 -3.56197357e-04
10 20 30 579615 -2.47955322e-05 -6.15119934e-05 -2.39372253e-04
10 20 30 588720 -7.10010529e-04 -7.95364380e-04 -3.62396240e-05
10 20 30 628287 -0.0004158  -0.00083208 -0.00045061
10 20 30 646192 -8.77380371e-05  4.19616699e-05  1.54495239e-04
10 20 30 692920 -0.0004921  -0.00027466 -0.00011396
10 20 30 703902 -0.00030899  0.00035572  0.00031614
10 20 30 741602 0.00031614 0.00060272 0.00013447
10 20 30 755000  0.00016069  0.0003705  -0.00012541
10 20 30 786341 -0.00075006  0.00013399  0.00023413
10 20 30 798508 -0.00100613 -0.00059271  0.00013161
10 20 30 829942 -8.33034515e-04 -8.72612000e-04 -7.72476196e-05
10 20 30 832861 -0.00059938 -0.00048542 -0.00025082
10 20 30 876874 -0.00016975 -0.00030804  0.00032377
10 20 30 879036 -0.00022936  0.00036335 -0.00023365
10 20 30 931313  0.00023985  0.00041866 -0.00017118
10 20 30 939589  0.00047493 -0.00014019  0.00041485
10 20 30 974093  1.43051147e-06 -6.87500477e-01  1.15624952e+00
10 20 30 988851 5.48362732e-05 1.34944916e-04 2.04563141e-04
10 20 31 21055 -0.00029373 -0.00048399  0.00014162
10 20 31 36076 -0.00071764  0.00012827  0.00035095
10 20 31 68843 -0.00030422  0.00029564  0.00016451
10 20 31 84725 -3.52859497e-05 -1.18255615e-04  1.99317932e-04
10 20 31 132516  2.43186951e-05 -2.89916992e-04  9.87052917e-05
10 20 31 134598 -0.00030661 -0.000772    0.0003953 
10 20 31 180591 -2.14576721e-05 -2.85148621e-04  3.52382660e-04
10 20 31 182626 -2.94208527e-04  1.70230865e-04  3.71932983e-05
10 20 31 236221 -3.38077545e-04  2.45571136e-04  5.14984131e-05
10 20 31 244175 -0.00053978  0.00050688  0.00048971
10 20 31 284578 -0.00086689 -0.00021601  0.00036764
10 20 31 296604 -2.25543976e-04 -5.57899475e-05  3.05652618e-04
10 20 31 332398 -3.42369080e-04 -8.13961029e-04 -6.24656677e-05
10 20 31 341993 -6.09874725e-04 -6.29901886e-04  6.19888306e-06
10 20 31 380119  0.00030851 -0.00027037 -0.00031471
10 20 31 394626  8.63075256e-05  8.07285309e-04 -6.32762909e-04
10 20 31 428170 -0.00100946  0.00091267 -0.00043154
10 20 31 438832 -0.00043249  0.00047302 -0.00040865
10 20 31 484200 -3.70502472e-04 -4.14848328e-05 -2.09331512e-04
10 20 31 486546 -0.00083447 -0.00062084 -0.0002284 
10 20 31 532009 -1.12056732e-03 -4.96387482e-04 -5.14984131e-05
10 20 31 534305 -1.51491165e-03 -1.19400024e-03  7.82012939e-05
10 20 31 580260 -1.40047073e-03  4.52995300e-05 -1.91211700e-04
10 20 31 583209 -0.00069952  0.00038242 -0.00015068
10 20 31 628215 -0.00029373  0.00016689  0.00039291
10 20 31 630372 -0.00040674  0.00063992 -0.00052071
10 20 31 675972 -0.00014544  0.00063515  0.00021315
10 20 31 678262 -0.00023985  0.00014162  0.00021553
10 20 31 723818 -0.00013256 -0.0006566   0.00010824
10 20 31 725828 -0.00030088 -0.00132799 -0.0001936 
10 20 31 771915 -1.81198120e-05 -7.04765320e-04 -1.12056732e-04
10 20 31 787687 -0.00045156 -0.00019598  0.00010538
10 20 31 835672 -5.55038452e-04  2.40325928e-04 -2.47955322e-05
10 20 31 837685 1.27315521e-04 6.57081604e-04 6.34193420e-05
10 20 31 883704 3.39508057e-04 4.28199768e-04 4.57763672e-05
10 20 31 886309  7.34329224e-05 -1.40190125e-04 -1.25885010e-04
10 20 31 931841 -0.00049114 -0.0003829  -0.00013971
10 20 31 934115 -0.00016499 -0.00049543 -0.00028753
10 20 31 979988  2.81333923e-04 -2.72274017e-04 -3.38554382e-05
10 20 31 982185  0.0003233  -0.0002389  -0.00037861
10 20 32 27394  1.14440918e-05  6.95228577e-04 -4.01496887e-04
10 20 32 29490 -6.91413879e-05  7.40051270e-04 -3.09467316e-04
10 20 32 75536  6.74247742e-04  1.79290771e-04 -2.62260437e-05
10 20 32 78735  0.0001049   0.00026894 -0.00018358
10 20 32 123477 5.43594360e-05 2.47955322e-05 1.54495239e-04
10 20 32 125727 -0.00023794 -0.00039673  0.00038767
10 20 32 187201 -0.00013638 -0.00036621  0.00021219
10 20 32 189952  2.62260437e-05 -3.84330750e-04  4.15325165e-04
10 20 32 235067 -1.34944916e-04  7.15255737e-06  3.33309174e-04
10 20 32 237183 3.81469727e-06 1.07765198e-04 2.47955322e-04
10 20 32 283129 0.00054979 0.00015116 0.00046206
10 20 32 285192 -0.00015497  0.00016546  0.00020266
10 20 32 331046  0.00014114 -0.00014925  0.00034475
10 20 32 332651 -0.00028229  0.00010586 -0.00015163
10 20 32 384949 -0.0004859  -0.00034475 -0.00019789
10 20 32 393955 -0.00020504 -0.00071955 -0.00022554
10 20 32 426972 -1.83105469e-04 -7.35282898e-04  1.52587891e-05
10 20 32 429146  0.00047016 -0.000175   -0.00018072
10 20 32 475046  5.32150269e-04  4.76837158e-06 -4.33921814e-05
10 20 32 477637  0.00055552  0.00068188 -0.00041533
10 20 32 522752  0.0006876   0.00100851 -0.0001421 
10 20 32 538725  0.00033951  0.00061369 -0.00062561
10 20 32 570732 -8.10623169e-06 -3.05175781e-05 -1.04427338e-04
10 20 32 586638 -1.19209290e-05  1.18255615e-04 -1.64985657e-04
10 20 32 618899 -1.06239319e-03 -9.42230225e-04 -8.44001770e-05
10 20 32 634444 -9.70363617e-04 -6.90937042e-04 -2.28881836e-05
10 20 32 682757 -0.00052261 -0.00066805  0.00012207
10 20 32 685213  0.00014067  0.00028658 -0.00053644
10 20 32 730825 -5.38825989e-05  3.92436981e-04 -1.85489655e-04
10 20 32 733287 -0.00028753  0.00080395  0.00021267
10 20 32 779014 -0.00050879  0.00043154  0.00019264
10 20 32 781143 -4.81605530e-04  5.00679016e-05  1.49250031e-04
10 20 32 826532 -0.00039101 -0.0006032   0.00011921
10 20 32 828759 -3.00407410e-05 -7.19547272e-04  2.29358673e-04
10 20 32 874185 -0.00015354 -0.00090694 -0.00023127
10 20 32 877150  0.0003686   0.00032187 -0.00020123
10 20 32 922248  1.09672546e-05  1.07908249e-03 -8.34465027e-05
10 20 32 937913  0.00027943  0.00080013 -0.00038004
10 20 32 970156  0.00058603  0.0011735  -0.00041151
10 20 32 985994  0.00030231  0.00012445 -0.00016928
10 20 33 33883  0.0002923  -0.00024319 -0.00019073
10 20 33 35949  0.00017643 -0.00082874 -0.0004487 
10 20 33 82097 -0.00020838 -0.00033092 -0.00013542
10 20 33 84420  4.01020050e-04 -5.97000122e-04  2.38418579e-06
10 20 33 132155  9.40799713e-04 -3.81469727e-06 -3.15666199e-04
10 20 33 134351  1.13058090e-03  2.73227692e-04 -4.76837158e-07
10 20 33 177763 0.00094604 0.00025845 0.00014019
10 20 33 180017 0.00047255 0.00059366 0.00058508
10 20 33 225611 0.00040674 0.00020075 0.00012207
10 20 33 228235 -8.44001770e-05 -5.77926636e-04 -3.67164612e-05
10 20 33 289578  3.09944153e-05 -1.02233887e-03  2.16960907e-04
10 20 33 291936 -0.00011301 -0.00039434  0.00062323
10 20 33 321727 -0.00056887 -0.00015163 -0.00026035
10 20 33 324632 0.00024939 0.00018692 0.00060797
10 20 33 385295  1.85012817e-04 -9.53674316e-06  1.59740448e-04
10 20 33 387717  0.00066566  0.00012684 -0.00021172
10 20 33 433078 0.00016642 0.00107193 0.0001483 
10 20 33 435176 -6.93321228e-04  7.15255737e-05  8.34465027e-05
10 20 33 489586 -5.58853149e-04  1.14440918e-04 -7.00950623e-05
10 20 33 498203 -0.00051022 -0.00043058 -0.00024605
10 20 33 529078 -0.00059986 -0.00050831 -0.00041342
10 20 33 531561 -0.00023985 -0.00049019 -0.00028801
10 20 33 578896 -5.17368317e-04  5.48362732e-05 -2.83718109e-04
10 20 33 580905  1.50203705e-04  8.58306885e-06 -2.90870667e-05
10 20 33 624884  5.20706177e-04 -3.62396240e-05  8.29696655e-05
10 20 33 627329  0.00103521  0.00056171 -0.00022745
10 20 33 672779  2.12669373e-04  8.58306885e-05 -8.77380371e-05
10 20 33 675261 -3.71932983e-05 -2.31742859e-04 -1.86920166e-04
10 20 33 736266  6.91413879e-05 -7.65323639e-04 -6.53266907e-05
10 20 33 738598  1.17301941e-04 -7.11441040e-04  8.29696655e-05
10 20 33 784255 0.00045538 0.00020313 0.00029707
10 20 33 786605  0.00079966  0.00051022 -0.00018406
10 20 33 832171 -0.01122141 -0.00161886  0.0041647 
10 20 33 834521  0.00048923 -0.00949812  0.0030303 
10 20 33 880119  0.00307274 -0.00035381 -0.00016832
10 20 33 882345 -0.00322819 -0.008358   -0.00181484
10 20 33 928124 -0.00239944  0.00508595 -0.0004921 
10 20 33 930585  0.00456381  0.0033083  -0.00088692
10 20 33 975879 0.00984621 0.00684786 0.00020933
10 20 33 978104 0.0012846  0.00744009 0.000597  
10 20 34 23928 -0.00416613  0.00159073  0.00059557
10 20 34 26332 -0.00277281 -0.00157595 -0.0001421 
10 20 34 71347 -0.00141764 -0.00922012 -0.00075483
10 20 34 74321 -0.00430012 -0.00806475 -0.00015259
10 20 34 135166 -0.00316238 -0.00611067 -0.0008316 
10 20 34 137566 -0.00183249 -0.00149965 -0.00088835
10 20 34 183022 0.00241947 0.00553226 0.0003643 
10 20 34 184980 0.00368929 0.00644016 0.00027037
10 20 34 231444 0.00329685 0.00705862 0.00067043
10 20 34 233848 0.00056076 0.00243521 0.00020266
10 20 34 279229 -3.80516052e-04  3.12414169e-02  3.50000143e+00
10 20 34 282290 -0.001297   -0.00583887  0.00018692
10 20 34 327485 -5.30242920e-04 -6.41345978e-04  5.24520874e-06
10 20 34 329953  4.38690186e-05 -9.53674316e-06  1.26361847e-04
10 20 34 375053 -4.43458557e-05  2.24590302e-04 -2.33650208e-05
10 20 34 378093 -0.00039673  0.00059557 -0.00013685
10 20 34 428604 -0.00041914  0.00017452  0.00011158
10 20 34 436435  7.62939453e-05 -9.20295715e-04 -2.91347504e-04
10 20 34 491539 -1.14917755e-04 -1.40810013e-03 -4.48226929e-05
10 20 34 499656  0.00022984 -0.00132847 -0.00010824
10 20 34 538726 -0.00022411 -0.00010109  0.00041628
10 20 34 549294 -0.00099325  0.00041199  0.00010824
10 20 34 588821 -7.48634338e-05  7.31945038e-04 -1.54972076e-04
10 20 34 599819  7.39097595e-05  8.08238983e-04 -2.72750854e-04
10 20 34 639897 -4.65393066e-04  4.07695770e-04 -2.38418579e-05
10 20 34 649562 -0.01529789 -0.00468493  0.00475454
10 20 34 683471  0.00260162 -0.00365448 -0.00043201
10 20 34 692574  0.00106335 -0.0059514   0.0003953 
10 20 34 732961 -0.00762987  0.00095367  0.00167418
10 20 34 743785 0.00592041 0.0040803  0.00019693
10 20 34 781763 0.00143147 0.00346375 0.00073671
10 20 34 792032 3.99589539e-04 5.68294525e-03 2.57492065e-05
10 20 34 838119 -0.00268555  0.00149632 -0.0004015 
10 20 34 840569  0.00014067 -0.00047779 -0.00109577
10 20 34 870334  0.00019741 -0.00290632 -0.00059271
10 20 34 886315 -0.00275326 -0.00305557 -0.00038147
10 20 34 934259 -0.00279713 -0.00180721 -0.00025177
10 20 34 936407 -0.00131702 -0.00058031 -0.00040865
10 20 34 982217 1.41620636e-03 9.53674316e-04 3.33786011e-06
10 20 34 984863 0.00200891 0.00246334 0.0004282 
10 20 35 30097 0.00193787 0.00215578 0.00086212
10 20 35 32578 -0.00120687  0.00104284  0.00124073
10 20 35 78384 -0.00337267 -0.00078058  0.00128603
10 20 35 80823 -0.00462103 -0.0038681   0.00081921
10 20 35 126062 -0.0025878  -0.00420761  0.00056505
10 20 35 128365 -0.00143814 -0.00466156  0.00036764
10 20 35 173822 -0.00040483 -0.00250244  0.00073814
10 20 35 189577  0.00028515 -0.00022507  0.00081873
10 20 35 221958 0.00194836 0.00102043 0.00079536
10 20 35 237311 0.00304985 0.00177288 0.000144  
10 20 35 285620  2.27069855e-03  2.16674805e-03 -1.76429749e-05
10 20 35 287600  0.00101423  0.00171757 -0.00010633
10 20 35 333836  1.13201141e-03  1.08718872e-04 -5.29289246e-05
10 20 35 336744  0.00037622 -0.00177002 -0.00013256
10 20 35 381476 -0.00154924 -0.00145435 -0.00031853
10 20 35 383718 -0.00286484 -0.00089359 -0.00013065
10 20 35 435201 -0.00123215  0.00048876 -0.00073671
10 20 35 448228  0.00073528  0.00145483 -0.00041771
10 20 35 483521  0.00256348  0.00022364 -0.00055122
10 20 35 493777  0.00289869  0.00132132 -0.00056648
10 20 35 525314  0.00094128  0.00103331 -0.00017071
10 20 35 527640 -9.44614410e-04  1.20162964e-03  3.48091125e-05
10 20 35 573471 -0.00218105  0.00039387  0.00028992
10 20 35 575933 -0.00172043 -0.00103903  0.00011921
10 20 35 621643 -0.00077486 -0.00167465 -0.00033712
10 20 35 624727 -0.00017357 -0.00286484  0.00017166
10 20 35 685275 -0.00022173 -0.00098133  0.00037956
10 20 35 687695 -0.00102949 -0.00026512  0.00050879
10 20 35 732978 -0.00117588  0.0015645   0.00086403
10 20 35 735379 -0.00103998  0.00090885  0.00055599
10 20 35 781268 0.00087547 0.00045347 0.00024843
10 20 35 783554  0.00079584 -0.00048685  0.00017405
10 20 35 837746  0.00035667 -0.00140047  0.0001893 
10 20 35 847142  0.00035763 -0.00069046 -0.000103  
10 20 35 884428  0.00033283  0.00012445 -0.00032949
10 20 35 892761  0.00037384  0.00197697 -0.00053596
10 20 35 932310 -0.00032282  0.0021863  -0.00039816
10 20 35 941506 -8.72135162e-04  1.64651871e-03 -3.57627869e-05
10 20 35 973159 -0.00147295  0.00089121 -0.00037718
10 20 35 975794 -0.00187683 -0.00133896 -0.00066662
10 20 36 36562 -0.00166845 -0.00274611 -0.00072813
10 20 36 38985 -7.67707825e-05 -1.70135498e-03 -6.57081604e-04
10 20 36 84399  0.00111103 -0.00051308 -0.00045347
10 20 36 86504  0.00152826  0.00165939 -0.00039768
10 20 36 132809  0.00085831  0.00205278 -0.00027418
10 20 36 135086 0.001266   0.00208998 0.00044298
10 20 36 180919 0.00158596 0.00041103 0.00059748
10 20 36 183649  0.00109577 -0.00045061  0.00045538
10 20 36 228419  0.00012112 -0.0007472   0.00047922
10 20 36 230487 -0.00063229 -0.00087833  0.00069809
10 20 36 276492  0.00019693 -0.00046444  0.00033092
10 20 36 292221 0.00062656 0.00044537 0.00038004
10 20 36 324417 0.00093651 0.00159883 0.00020218
10 20 36 326568 5.96523285e-04 6.55651093e-04 9.44137573e-05
10 20 36 387854  0.00097179  0.00104523 -0.00033665
10 20 36 390174  0.00020027 -0.00076485 -0.00077915
10 20 36 419935 -0.00013685 -0.00043631 -0.00032043
10 20 36 435951 -0.00021076 -0.00111675 -0.0006361 
10 20 36 483439 -0.00012112 -0.00051975 -0.00093555
10 20 36 485369  0.00088501  0.00050449 -0.00069857
10 20 36 531550  0.00117159  0.00102615 -0.00069618
10 20 36 533867  0.00090599  0.00095272 -0.000525  
10 20 36 579885  0.00069141  0.00082016 -0.0002389 
10 20 36 582767  5.98907471e-04 -2.91824341e-04  7.62939453e-06
10 20 36 632754  1.67846680e-04 -5.54084778e-04 -6.05583191e-05
10 20 36 641378 -9.91821289e-04 -1.54018402e-04  4.38690186e-05
10 20 36 675632 -0.00137663  0.00041056  0.00033092
10 20 36 678256 -0.00067234  0.00095177  0.0006752 
10 20 36 723130  0.00176287  0.00017262 -0.00010204
10 20 36 739039  0.00238228 -0.00062752 -0.00022268
10 20 36 787645  0.00309181 -0.00043869 -0.00020981
10 20 36 790315  0.00334406 -0.00026131  0.00023985
10 20 36 834746  0.00437212  0.00166321 -0.00025129
10 20 36 837118  0.00284815  0.00190592 -0.00032043
10 20 36 882699 -8.34465027e-05  2.90632248e-03  2.21729279e-04
10 20 36 884718 0.00077152 0.0006628  0.00010633
10 20 36 930791 -0.00076056 -0.00113821 -0.00037241
10 20 36 933083 -0.0020771  -0.00333643 -0.0002799 
10 20 36 987243 -1.50918961e-03 -2.58445740e-03 -2.52723694e-05
10 20 36 996542  5.48362732e-05 -1.74903870e-03 -2.87055969e-04
10 20 37 34670  0.00046778  0.00172091 -0.00044918
10 20 37 44017 -2.00271606e-05  1.67322159e-03  5.00679016e-05
10 20 37 74652 1.03998184e-03 3.19004059e-03 6.67572021e-06
10 20 37 77168  4.10079956e-05  1.16777420e-03 -6.50405884e-04
10 20 37 122513 -0.00675201 -0.00319958  0.00101185
10 20 37 137771 -0.00401783 -0.00397062  0.00085449
10 20 37 169980  0.00104046 -0.00785637 -0.00027037
10 20 37 185886 -0.00312853 -0.00345755  0.00042391
10 20 37 234195 -2.57015228e-04 -3.33786011e-06  1.89304352e-04
10 20 37 236573 0.00466013 0.00441313 0.00027418
10 20 37 281981 0.00576591 0.00810575 0.00030375
10 20 37 283989 0.00398731 0.00726461 0.00021791
10 20 37 329821 0.00181055 0.00327253 0.00017357
10 20 37 332120  0.00099802 -0.00144768 -0.00028086
10 20 37 384678 -1.22165680e-03 -4.99010086e-03  1.95503235e-05
10 20 37 394445 -0.00383091 -0.00596428 -0.00013256
10 20 37 432343 -0.00369787 -0.00432634 -0.00068283
10 20 37 443788 -0.0013113  -0.00100565 -0.00068092
10 20 37 474308  0.00268412  0.00354195 -0.00038433
10 20 37 489175  2.58445740e-03  1.85966492e-05 -1.43750286e+00
10 20 37 521357  0.00176001  0.00364923 -0.00043964
10 20 37 524420 7.38620758e-04 1.87397003e-04 2.00271606e-05
10 20 37 585325  0.00093603 -0.000247   -0.00030851
10 20 37 587554  6.02245331e-04 -4.59194183e-04  8.10623169e-06
10 20 37 633240  3.19004059e-04 -1.16348267e-04 -4.72068787e-05
10 20 37 635461 0.001297   0.00018978 0.00060463
10 20 37 681327  0.00100136  0.00051546 -0.00016975
10 20 37 683836  1.33085251e-03  8.84532928e-04 -7.77244568e-05
10 20 37 735904  0.00108385  0.00029945 -0.0001235 
10 20 37 743969  0.00229073  0.00038433 -0.00012636
10 20 37 784062  0.00213432  0.00044537 -0.00016546
10 20 37 794404  0.00182152  0.00086451 -0.00034952
10 20 37 825406  0.00128651  0.00200081 -0.00064611
10 20 37 840617 -0.00108337  0.00123119  0.0005393 
10 20 37 872740  0.00092316  0.00173855 -0.00051355
10 20 37 874752  0.00022364 -0.00087118  0.00015593
10 20 37 936689 -1.37186050e-03 -1.04284286e-03  9.20295715e-05
10 20 37 938953  0.00014448 -0.00191116 -0.00032091
10 20 37 984807  0.00033712 -0.00034761 -0.00010014
10 20 37 987116  0.00010157 -0.00058508  0.00029945
10 20 38 32605 0.00121641 0.00120544 0.00047684
10 20 38 34968 0.00103426 0.00062799 0.00048351
10 20 38 80865 0.00121975 0.00195217 0.00026989
10 20 38 83219 -2.96115875e-04 -2.00271606e-05  4.46319580e-04
10 20 38 128705  5.29289246e-05 -1.22547150e-04  4.16278839e-04
10 20 38 130924  7.10487366e-05 -1.77145004e-03 -2.19345093e-05
10 20 38 176620  7.20024109e-05 -1.39379501e-03 -4.56333160e-04
10 20 38 178980 -7.45773315e-04  5.19752502e-05  6.00814819e-05
10 20 38 224634 -0.00081444  0.00100183  0.0001626 
10 20 38 226994 -2.41756439e-04  8.92639160e-04 -2.81333923e-05
10 20 38 273067  0.00041676  0.00084448 -0.00036621
10 20 38 288307 -1.32369995e-03 -6.00337982e-04  4.43458557e-05
10 20 38 335886 -0.00059986 -0.00061512 -0.0004878 
10 20 38 338420 -6.19888306e-05 -1.15394592e-03 -4.37259674e-04
10 20 38 384504  0.00018787 -0.00100565 -0.00031614
10 20 38 387021 -1.53064728e-04 -7.82012939e-05 -3.49044800e-04
10 20 38 432002 0.0002389  0.00138617 0.00044918
10 20 38 434324 2.00271606e-04 9.36985016e-04 9.96589661e-05
10 20 38 480072  0.00027084  0.00100899 -0.00012445
10 20 38 482236 -0.00057745 -0.00044394  0.00013161
10 20 38 528228 -0.00028658 -0.00034189 -0.00019836
10 20 38 531002 -0.00039244 -0.00093412  0.00074816
10 20 38 576376  0.00038481 -0.00020218  0.0006361 
10 20 38 579243 2.99453735e-04 5.57899475e-05 1.48773193e-04
10 20 38 623983 -1.85966492e-05  7.69615173e-04  3.20434570e-04
10 20 38 626467 7.11441040e-04 4.59671021e-04 8.20159912e-05
10 20 38 671974 0.0002799  0.00080538 0.00010443
10 20 38 687803 -0.00012875 -0.00040579  0.00015974
10 20 38 719675  0.00015736 -0.00094509 -0.0002327 
10 20 38 735702 -0.00035906 -0.00105524 -0.00046921
10 20 38 783811 -1.71184540e-04 -2.69889832e-04 -9.29832458e-05
10 20 38 786583  0.00028563  0.00099468 -0.00044632
10 20 38 831699  0.00140476  0.00079346 -0.00065517
10 20 38 834011  1.68848038e-03  1.13487244e-03 -5.10215759e-05
10 20 38 879916  0.00058413  0.00068045 -0.00064421
10 20 38 882228  2.52723694e-05  3.98159027e-04 -5.35011292e-04
10 20 38 927694 -0.00108337 -0.00049639 -0.00013399
10 20 38 930125 -0.00195265 -0.00133419 -0.00037622
10 20 38 975513 -2.26020813e-04 -1.12390518e-03  9.53674316e-07
10 20 38 977693 -8.58306885e-06 -1.03616714e-03 -2.94685364e-04
10 20 39 23542 -0.00020599  0.0002389   0.00021791
10 20 39 39425 -0.00013304  0.0008235  -0.00017643
10 20 39 71427 -0.00026083  0.00116158 -0.00015926
10 20 39 87111  2.77042389e-04  1.17540359e-03 -9.48905945e-05
10 20 39 141197 -0.00012255  0.000319   -0.00011396
10 20 39 150023 -0.00066233 -0.00050449  0.00054884
10 20 39 188913 -1.01518631e-03 -1.17969513e-03  7.91549683e-05
10 20 39 200042 -0.00137091 -0.00057936  0.0002141 
10 20 39 231336 -8.80718231e-04 -3.05175781e-04  2.14576721e-05
10 20 39 233706 -2.56538391e-04 -4.33921814e-05 -2.44617462e-04
10 20 39 279363  1.62124634e-04  3.51428986e-04 -4.19616699e-05
10 20 39 282271 0.00018167 0.00028753 0.00026274
10 20 39 327372 -2.94685364e-04  2.38418579e-05 -3.42369080e-04
10 20 39 329855 -0.00017929 -0.00012112 -0.00026512
10 20 39 375214 -0.00047112 -0.00043821 -0.00040102
10 20 39 391006 -0.00027037 -0.00091362 -0.0002718 
10 20 39 423032 -0.0001955  -0.00027132 -0.00054789
10 20 39 438593 -0.00024271 -0.00027847  0.00019169
10 20 39 470909 -2.85625458e-04  1.56879425e-04 -7.10487366e-05
10 20 39 473055 -5.86509705e-05  2.53200531e-04 -3.07083130e-04
10 20 39 534746  5.26905060e-04  3.54766846e-04 -7.15255737e-06
10 20 39 537117 0.00071812 0.00017738 0.00050688
10 20 39 582613 -1.23977661e-05 -6.00814819e-05  2.81333923e-04
10 20 39 585656 -0.00048876 -0.00020218  0.0002737 
10 20 39 630575 -0.00025749 -0.00050211 -0.00022984
10 20 39 632995 -0.00055408 -0.00059509 -0.00028753
10 20 39 684912 -1.60217285e-04 -1.00135803e-05  2.42233276e-04
10 20 39 692127 0.00021553 0.00011349 0.0002141 
10 20 39 728903 3.33786011e-06 3.67641449e-04 3.96251678e-04
10 20 39 731133 -1.90734863e-05 -1.71661377e-04  8.77380371e-05
10 20 39 774136  2.27928162e-04 -1.14440918e-04  7.62939453e-05
10 20 39 790063 -0.00012922  0.00026178 -0.00013781
10 20 39 822277 -0.00026655 -0.00083017 -0.00028753
10 20 39 825119  0.00027084 -0.00089359 -0.00047493
10 20 39 885801  0.00142717  0.00019884 -0.00120115
10 20 39 888034  0.00133371  0.00058222 -0.00017834
10 20 39 933482  0.00117111  0.00319386 -0.00017786
10 20 39 935492 1.51395798e-03 2.88200378e-03 2.90870667e-05
10 20 39 987853 -0.00028658  0.00047112  0.00020552
10 20 39 996342 -0.00063372 -0.00065804  0.00039482
10 20 40 32739 -8.33511353e-04 -3.23247910e-03 -2.28881836e-05
10 20 40 34760 -0.00028133 -0.00217581  0.00015116
10 20 40 77445 -0.00054169 -0.00089788  0.00016069
10 20 40 79674 -0.00048637  0.00027704  0.00048065
10 20 40 125287 0.00073385 0.00179672 0.00013399
10 20 40 127480 0.00075245 0.00167131 0.00041676
10 20 40 173176 0.00086164 0.0013237  0.00017929
10 20 40 175510  0.00089169 -0.00162697 -0.00087261
10 20 40 236712  0.0004034  -0.00111771 -0.00036669
10 20 40 239383 -0.00071335 -0.00129509 -0.00041103
10 20 40 284953 -0.00097942  0.00015163 -0.00031233
10 20 40 286962  8.58306885e-06  5.74111938e-04 -2.93731689e-04
10 20 40 339330  0.00086832  0.00128794 -0.00052166
10 20 40 347615  0.00097752  0.00127316 -0.00044918
10 20 40 380755  7.82966614e-04  7.26699829e-04 -7.10487366e-05
10 20 40 382791 -0.00047398 -0.00049496 -0.00025606
10 20 40 428621 -7.06672668e-04 -1.06573105e-03  3.86238098e-05
10 20 40 430988 -1.53207779e-03 -1.64365768e-03  2.00271606e-05
10 20 40 476398 -1.62315369e-03 -9.93251801e-04  8.72612000e-05
10 20 40 478423 -0.00098038 -0.00026464  0.00010824
10 20 40 524788 -0.00026941  0.00033331  0.00016069
10 20 40 527442 8.44001770e-05 1.16157532e-03 2.32219696e-04
10 20 40 588051 -0.00031137  0.0008707   0.00041914
10 20 40 590453 -4.45842743e-04  9.96589661e-05  8.03470612e-04
10 20 40 620256  2.00271606e-05 -4.87327576e-04 -7.34329224e-05
10 20 40 635781 -0.00020742 -0.00062752  0.00041533
10 20 40 683631  6.67572021e-06 -7.47680664e-04  4.15802002e-04
10 20 40 685782 -0.00076294 -0.00010204  0.00018883
10 20 40 731972  0.00061941  0.00017786 -0.00012398
10 20 40 734699  2.84671783e-04 -5.96046448e-05  1.65462494e-04
10 20 40 779842 0.00011396 0.00033808 0.00012589
10 20 40 782198  1.42574310e-04 -1.03473663e-04 -8.96453857e-05
10 20 40 827708  0.00158215 -0.00013971 -0.00064945
10 20 40 829819  0.00042582  0.00028896 -0.00080633
10 20 40 876037 -2.71797180e-04  6.38008118e-04  6.91413879e-05
10 20 40 878396 -0.00069618 -0.00034666  0.00042915
10 20 40 923509 -3.61442566e-04  6.74247742e-04  6.53266907e-05
10 20 40 939401 -0.00031471  0.00020504  0.0003438 
10 20 40 971541 -0.00053406 -0.00024796  0.00018597
10 20 40 987225 -1.60694122e-04  4.32014465e-04 -2.81333923e-05
10 20 41 19917 -4.28676605e-04 -4.78267670e-04  5.81741333e-05
10 20 41 35152 -1.76429749e-04 -2.57492065e-05 -3.40938568e-04
10 20 41 83231 -0.0001049  -0.00027037 -0.00023842
10 20 41 85178 -0.00037146 -0.00021744 -0.00033617
10 20 41 131457 -4.05311584e-05 -4.62532043e-05  1.62124634e-05
10 20 41 134319 -1.44004822e-04  1.05857849e-04  1.47819519e-05
10 20 41 179616  0.00030422  0.00017691 -0.00037766
10 20 41 181670 0.00028896 0.00026703 0.00026417
10 20 41 227087 -1.10626221e-04  1.70230865e-04  1.85966492e-05
10 20 41 229173  1.58786774e-04  1.95026398e-04 -3.05175781e-05
10 20 41 275236 -6.34193420e-05 -3.03745270e-04  3.52859497e-05
10 20 41 290897  0.00026751 -0.00022888 -0.00014353
10 20 41 330791 0.00016212 0.00023508 0.00023842
10 20 41 340258 3.00407410e-05 5.86509705e-05 3.31401825e-04
10 20 41 378469 1.45435333e-04 8.05854797e-05 2.92301178e-04
10 20 41 389770 8.86917114e-05 1.95980072e-04 3.72409821e-04
10 20 41 442239 -4.43458557e-04  5.46932220e-04  9.05990601e-06
10 20 41 452069 -2.42710114e-04 -9.20295715e-05  2.88963318e-04
10 20 41 487343 -3.77178192e-04 -3.14712524e-05 -1.36852264e-04
10 20 41 498698 -1.20162964e-04 -4.71115112e-04 -6.19888306e-06
10 20 41 531085 -2.88009644e-04 -2.72274017e-04  9.25064087e-05
10 20 41 534024 -2.03609467e-04 -1.19209290e-05 -1.43527985e-04
10 20 41 584148 -0.00045204  0.00018454 -0.00026226
10 20 41 596595 -3.04222107e-04 -1.97410583e-04 -8.86917114e-05
10 20 41 632264  0.00015831 -0.00020313 -0.00018597
10 20 41 641327 -2.47955322e-05  1.03950500e-04 -9.48905945e-05
