8 48 21 444895 -0.02610207 -0.07907486  0.99544907
8 48 21 493473 -0.0272522  -0.07975197  0.99757767
8 48 21 544837 -0.03141022 -0.08533287  0.99281502
8 48 21 595054 -0.02865219 -0.07933235  0.99907112
8 48 21 650668 -0.03025055 -0.0780735   0.99332428
8 48 21 695110 -0.02558327 -0.07839966  0.99811745
8 48 21 744279 -0.02391052 -0.08253479  0.99787712
8 48 21 797329 -0.02666283 -0.08242798  0.99720192
8 48 21 845464 -0.02469635 -0.08036995  0.99739265
8 48 21 896695 -0.02885056 -0.08275414  0.99298096
8 48 21 946174 -0.02722359 -0.08643341  0.9902401 
8 48 21 993229 -0.02541161 -0.08330917  0.997015  
8 48 22 51762 -0.03099442 -0.08024406  0.99290085
8 48 22 93541 -0.02914047 -0.08050919  0.99912453
8 48 22 150203 -0.0241394  -0.08446503  0.99515152
8 48 22 193133 -0.02657127 -0.08312416  0.9974041 
8 48 22 244951 -0.02610779 -0.08424568  0.99946404
8 48 22 295488 -0.02277184 -0.08485222  1.00076294
8 48 22 343417 -0.02727509 -0.07997513  1.00154686
8 48 22 395194 -0.03029823 -0.07945442  0.99973297
8 48 22 444056 -0.02571297 -0.07912064  0.99708366
8 48 22 496011 -0.02863312 -0.08293152  0.99783897
8 48 22 544867 -0.02454376 -0.07870865  0.99716568
8 48 22 591990 -0.02515984 -0.07935524  0.99877167
8 48 22 643254 -0.02693367 -0.08063316  0.99584007
8 48 22 692807 -0.02655983 -0.08022881  0.99876213
8 48 22 744880 -0.02951813 -0.08147621  0.99804306
8 48 22 797263 -0.02630806 -0.07974243  0.99781036
8 48 22 845513 -0.02915573 -0.07759476  0.99947357
8 48 22 895276 -0.02437019 -0.08085251  0.9967823 
8 48 22 944937 -0.02403641 -0.08308983  1.00175858
8 48 22 995433 -0.0297451  -0.07972145  1.00072289
8 48 23 47216 -0.02596283 -0.08050346  0.99784279
8 48 23 96099 -0.02431107 -0.08311462  0.9963913 
8 48 23 145003 -0.02699852 -0.07953453  0.9947319 
8 48 23 193710 -0.02581024 -0.08277512  0.99581909
8 48 23 243391 -0.02559471 -0.08373642  0.99394417
8 48 23 293958 -0.02478027 -0.08128738  1.00054932
8 48 23 344361 -0.0265522  -0.07803345  0.99666214
8 48 23 400545 -0.02499962 -0.08330917  0.99881172
8 48 23 459132 -0.0274334  -0.0807476   1.00198936
8 48 23 515240 -0.02841568 -0.08088493  1.00085831
8 48 23 561820 -0.02690315 -0.08433914  0.99974632
8 48 23 613142 -0.02988815 -0.07919884  0.99951363
8 48 23 653990 -0.02594948 -0.08058548  0.99640274
8 48 23 696430 -0.02876663 -0.08102608  0.99571609
8 48 23 745749 -0.02605247 -0.08244324  0.99697876
8 48 23 792172 -0.02516174 -0.07925034  0.99816132
8 48 23 843782 -0.02539635 -0.0808773   0.99864388
8 48 23 892716 -0.02946091 -0.07416916  0.997015  
8 48 23 944518 -0.02450562 -0.08194923  0.99694633
8 48 23 995224 -0.02802658 -0.07721519  1.00130081
8 48 24 55861 -0.028759   -0.07825851  0.99828911
8 48 24 91891 -0.02761841 -0.07383919  0.99169922
8 48 24 142503 -0.02659035 -0.07529068  0.99841309
8 48 24 195487 -0.02767181 -0.07674026  0.99385071
8 48 24 244950 -0.02780914 -0.07267189  0.99547577
8 48 24 296604 -0.02759743 -0.07870483  0.99831009
8 48 24 345271 -0.02557755 -0.07522011  0.99485016
8 48 24 393407 -0.02420044 -0.07881927  0.99203491
8 48 24 446856 -0.02312088 -0.08580017  0.99272346
8 48 24 492698 -0.02216911 -0.08401871  0.99701881
8 48 24 544516 -0.02759552 -0.08317375  0.99860764
8 48 24 593890 -0.02596664 -0.08128357  0.99638939
8 48 24 645045 -0.02656937 -0.08190346  0.99742126
8 48 24 694236 -0.02832222 -0.08517838  0.99708176
8 48 24 743922 -0.02418518 -0.07904243  0.99262047
8 48 24 795877 -0.02602768 -0.0821743   0.99680901
8 48 24 869816 -0.02601242 -0.08028221  0.99863243
8 48 24 915845 -0.0279808  -0.08251381  0.99932861
8 48 24 963292 -0.02554512 -0.07842255  1.00009918
8 48 25 13736 -0.03178215 -0.07948494  0.99712181
8 48 25 85204 -0.02476692 -0.08343887  0.9997673 
8 48 25 128983 -0.02832985 -0.08142853  0.99908066
8 48 25 166960 -0.02756119 -0.0805912   0.997118  
8 48 25 217052 -0.02620697 -0.08429527  0.99822998
8 48 25 261706 -0.02351189 -0.08293343  1.00022697
8 48 25 329082 -0.02546501 -0.08031654  0.99993515
8 48 25 371409 -0.02543831 -0.08213997  0.99619293
8 48 25 398630 -0.02422905 -0.07871246  0.99790573
8 48 25 444541 -0.02734566 -0.07924271  0.99713326
8 48 25 509789 -0.03117371 -0.0796814   0.99616241
8 48 25 545885 -0.02475929 -0.0786972   0.99682617
8 48 25 592157 -0.02644348 -0.08013344  0.99488831
8 48 25 643746 -0.02372932 -0.08088112  0.99761009
8 48 25 692612 -0.02824402 -0.0802002   0.99749374
8 48 25 744480 -0.0268364  -0.07738304  0.99158859
8 48 25 794221 -0.02694321 -0.07697678  0.99419403
8 48 25 845357 -0.02536392 -0.08164024  0.99599457
8 48 25 894346 -0.02527237 -0.07929039  0.99593353
8 48 25 943314 -0.02853966 -0.08134079  0.99502373
8 48 25 995481 -0.02234268 -0.0820446   0.99480247
8 48 26 47498 -0.02809525 -0.08289146  0.99601173
8 48 26 96464 -0.0281601  -0.08202171  0.99372292
8 48 26 145007 -0.03015709 -0.08239746  0.99605179
8 48 26 192927 -0.02815247 -0.08327866  0.99521637
8 48 26 246742 -0.02872276 -0.07772255  0.99112892
8 48 26 295023 -0.02818298 -0.0810051   1.00004196
8 48 26 358610 -0.02712059 -0.08456421  0.99611664
8 48 26 402725 -0.03005409 -0.07824707  0.99966049
8 48 26 445378 -0.02811432 -0.08045197  1.00046158
8 48 26 495343 -0.02817535 -0.07542038  0.99866486
8 48 26 550904 -0.02783203 -0.0798893   1.00062561
8 48 26 609826 -0.02820587 -0.07476234  0.99938965
8 48 26 674637 -0.02589226 -0.08080673  0.99582481
8 48 26 716545 -0.02555275 -0.07991982  0.99909592
8 48 26 762102 -0.03186798 -0.07712173  1.00145721
8 48 26 811305 -0.02775574 -0.07983017  1.00303078
8 48 26 859592 -0.02874756 -0.07696342  1.0001297 
8 48 26 904982 -0.02852249 -0.08390808  0.99934196
8 48 26 944499 -0.02821541 -0.08453751  0.99474144
8 48 26 993313 -0.02789497 -0.07790565  1.00113297
8 48 27 55505 -0.02869987 -0.0777607   0.99587059
8 48 27 91468 -0.02629852 -0.08389854  0.99444962
8 48 27 144021 -0.0243206  -0.08099747  0.99352455
8 48 27 195522 -0.02364922 -0.08263206  0.99357796
8 48 27 245163 -0.03123283 -0.08102036  0.9930706 
8 48 27 295712 -0.02167892 -0.08304024  0.98970985
8 48 27 344781 -0.02643967 -0.08315277  0.9922905 
8 48 27 392659 -0.02923203 -0.07862854  0.99532509
8 48 27 444001 -0.02466583 -0.0822258   0.99488831
8 48 27 493321 -0.02801895 -0.08242416  0.99419212
8 48 27 545082 -0.02368736 -0.08251953  0.99173164
8 48 27 594233 -0.02733994 -0.08140182  1.00106239
8 48 27 645359 -0.02711105 -0.08111954  0.99648476
8 48 27 693925   0.12489319 -13.25032425   6.00389099
8 48 27 744060 -0.02897453 -0.0839386   0.99923325
8 48 27 815592 -0.028862   -0.07818985  0.99899864
8 48 27 862203  0.12488174  9.24969673 13.75391579
8 48 27 914600 -0.02326012 -0.07606888  1.00671577
8 48 27 957499 -0.02713966 -0.07610703  1.00361633
8 48 27 992991 -0.02435303 -0.07580948  1.32226372
8 48 28 52217 -0.02597618 -0.08196068  0.99881935
8 48 28 98573 -0.03016472 -0.08010674  0.99393463
8 48 28 157624 -0.02996445 -0.07831383  0.99969101
8 48 28 216109 -0.02405167 -0.08303261  0.99728394
8 48 28 260549 -0.0271759  -0.08204651  0.99851608
8 48 28 314755 -0.02563095 -0.08203506  0.99798775
8 48 28 370956 -0.02911377 -0.08314323  0.99732971
8 48 28 426134 -0.02884102 -0.07893372  1.00024796
8 48 28 446534 -0.02699471 -0.08371353  0.99468613
8 48 28 496063 -0.02907562 -0.08557701  0.99911118
8 48 28 545722 -0.02440071 -0.08549881  0.99610138
8 48 28 592406 -0.0238533  -0.08139801  0.99752426
8 48 28 643423 -0.02625847 -0.0859108   0.99804497
8 48 28 693116 -0.02866364 -0.08325768  0.99668884
8 48 28 744785 -0.02955055 -0.08388519  0.9967804 
8 48 28 793821 -0.02299309 -0.08422089  0.99469376
8 48 28 845696 -0.02633286 -0.08541679  0.99357986
8 48 28 895036 -0.02935219 -0.0842495   0.99513245
8 48 28 943130 -0.03151512 -0.08568382  0.99675941
8 48 28 995629 -0.02944374 -0.08365822  0.9924984 
8 48 29 47836 -0.02623177 -0.0850563   0.99244499
8 48 29 95842 -0.02910614 -0.08799553  0.99624634
8 48 29 144423 -0.02787209 -0.08473778  0.997118  
8 48 29 191277 -0.02992249 -0.07728004  0.99868584
8 48 29 243309 -0.02762604 -0.08165741  0.99545288
8 48 29 293102 -0.02697754 -0.08464622  0.99320221
8 48 29 359932 -0.02741623 -0.08216286  0.99318123
8 48 29 415624 -0.03100204 -0.08136368  0.99897575
8 48 29 462587 -0.0255127  -0.08067703  0.99532509
8 48 29 495096 -0.02378464 -0.08099365  1.00186539
8 48 29 544133 -0.02680969 -0.08033371  0.99629402
8 48 29 595115 -0.02390671 -0.07440376  0.99845695
8 48 29 645385 -0.02737999 -0.07883644  0.99941254
8 48 29 696514 -0.02639771 -0.08115005  0.99558258
8 48 29 744115 -0.02615738 -0.07838249  0.99790001
8 48 29 793022 -0.02740288 -0.08243942  0.99878311
8 48 29 843706 -0.02257156 -0.08703423  0.99944878
8 48 29 893088 -0.02539825 -0.08267021  0.99413872
8 48 29 944320 -0.0256443  -0.0848999   0.99774742
8 48 29 993071 -0.02752113 -0.08810997  0.99701881
8 48 30 55862 -0.03153419 -0.08952904  1.00098038
8 48 30 122932 -0.0229187  -0.09069061  1.00319481
8 48 30 143015 -0.02577591 -0.08571243  0.99948692
8 48 30 197254 -0.02635002 -0.08443069  0.99772072
8 48 30 243809 -0.02645302 -0.08414459  0.99973488
8 48 30 296221 -0.02457428 -0.08346748  1.00106621
8 48 30 345990 -0.0294323  -0.08332062  0.99718475
8 48 30 392777 -0.02684593 -0.08213234  0.99652481
8 48 30 443022 -0.02833748 -0.08317375  0.99899673
8 48 30 492247 -0.02532578 -0.08047676  0.99786568
8 48 30 544115 -0.02981186 -0.08509636  0.99438095
8 48 30 593114 -0.02601624 -0.08764648  0.99536514
8 48 30 644605 -0.02365875 -0.08421707  0.9972477 
8 48 30 693845 -0.02552032 -0.07944679  0.99716949
8 48 30 742727 -0.02825737 -0.08063316  0.99598885
8 48 30 795406 -0.02876091 -0.07863617  0.99404335
8 48 30 843566 -0.02820587 -0.07444763  0.99384308
8 48 30 896165 -0.02630615 -0.07979774  0.99084282
8 48 30 944436 -0.02853966 -0.07806778  0.99041367
8 48 30 992242 -0.0234623  -0.08033371  0.99179459
8 48 31 50610 -0.02854538 -0.07895088  0.99141502
8 48 31 92490 -0.02688789 -0.07892799  0.99871445
8 48 31 143628 -0.02868271 -0.07925606  0.99279404
8 48 31 193175 -0.02851295 -0.08340263  0.99747086
8 48 31 244830 -0.02603531 -0.08479118  0.99252129
8 48 31 294859 -0.02901459 -0.08386421  0.99721909
8 48 31 342654 -0.0256424  -0.08857727  0.99612236
8 48 31 394973 -0.02913475 -0.0831356   0.99112129
8 48 31 444312 -0.02867317 -0.08352089  0.99814034
8 48 31 496013 -0.02452278 -0.08166504  0.99832916
8 48 31 561955 -0.02635193 -0.08343506  0.99784851
8 48 31 611482 -0.02819061 -0.08699226  1.00356483
8 48 31 659916 -0.03004837 -0.08675766  0.9996357 
8 48 31 722615 -0.03127098 -0.08577728  1.00663948
8 48 31 765961 -0.0286026  -0.08515739  0.99772835
8 48 31 802886 -0.02733994 -0.08535576  0.99806786
8 48 31 845592 -0.02579117 -0.08491707  0.99716759
8 48 31 894219 -0.02589035 -0.09196281  0.99972725
8 48 31 949358 -0.02718735 -0.08866119  0.99876213
8 48 31 994982 -0.02682114 -0.08818626  0.99247169
8 48 32 47363 -0.02550125 -0.08405495  0.99607658
8 48 32 96524 -0.02298546 -0.07912636  0.99693108
8 48 32 144687 -0.0283699  -0.0851326   0.99417686
8 48 32 195751 -0.02688217 -0.080513    0.99501991
8 48 32 243744 -0.02597427 -0.08118057  0.9954834 
8 48 32 294001 -0.02541351 -0.08236504  0.99212646
8 48 32 344512 -0.02354622 -0.08042145  0.9941082 
8 48 32 394108 -0.02381897 -0.07925797  0.99230003
8 48 32 445520 -0.03207207 -0.07853317  0.99724007
8 48 32 494424 -0.0290451  -0.07835388  0.99374199
8 48 32 543544 -0.02394676 -0.08121872  0.99433899
8 48 32 595548 -0.0274868  -0.07911682  0.998806  
8 48 32 645318 -0.02588272 -0.08371735  0.99510193
8 48 32 695619 -0.032938   -0.08083344  0.99592209
8 48 32 745237 -0.02895737 -0.07645226  0.99694824
8 48 32 792716 -0.02757263 -0.08280754  0.99554825
8 48 32 843736 -0.02646065 -0.08626175  0.99529076
8 48 32 893077 -0.02549553 -0.08341408  0.99505997
8 48 32 943944 -0.02511215 -0.08075333  0.99484825
8 48 32 993914 -0.02261162 -0.08469772  0.99754524
8 48 33 62195 -0.02572823 -0.08206367  0.99844933
8 48 33 113363 -0.0316391  -0.08370209  1.00249672
8 48 33 164620 -0.0263958  -0.08094597  0.99870872
8 48 33 217697 -0.02584457 -0.08462715  1.00076866
8 48 33 244064 -0.03126144 -0.08251762  0.99987602
8 48 33 297243 -0.02841377 -0.08035278  0.99507332
8 48 33 345407 -0.02832794 -0.0783596   0.99693871
8 48 33 393338 -0.02394485 -0.08148575  0.99866295
8 48 33 444757 -0.0306015  -0.08306122  0.99430084
8 48 33 493339 -0.02612495 -0.07770348  0.99949646
8 48 33 544972 -0.02977753 -0.07779884  0.99936867
8 48 33 595343 -0.02900314 -0.08130836  1.0006485 
8 48 33 645584 -0.02596092 -0.07773399  0.99605942
8 48 33 695950 -0.02845383 -0.07880783  1.00048828
8 48 33 744098 -0.02798271 -0.0755806   0.99410057
8 48 33 794356  0.12488174 -1.62529945 11.62888527
8 48 33 843965 -0.02517891 -0.0849514   0.99510956
8 48 33 895744 -0.02818298 -0.08274078  0.99795914
8 48 33 944602  -0.02688789  -0.08054733 -13.500103  
8 48 33 992434 -0.02919579 -0.10836983  0.99918747
8 48 34 50725 -0.0283699  -0.10222435  1.00787544
8 48 34 115332 -0.03032684 -0.1005249   1.00335693
8 48 34 160055 -0.02767944 -0.10807991  1.00267792
8 48 34 210806 -0.02531052 -0.11169434  1.00273323
8 48 34 260100 -0.02007866 -0.10433006  0.99776077
8 48 34 315704 -0.02342224 -0.10256958  0.99600601
8 48 34 362128 -0.01640129 -0.10173416  0.99723053
8 48 34 395696 -0.02273369 -0.1067009   1.00192642
8 48 34 444071 -0.02643585 -0.1072731   1.00517654
8 48 34 496622 -0.02801323 -0.11046219  1.00375748
8 48 34 544631 -0.02640915 -0.1108551   1.00061417
8 48 34 593195 -0.02964973 -0.11020279  0.99951553
8 48 34 643014 -0.0304718  -0.10962105  0.99687195
8 48 34 696160 -0.02807426 -0.10433578  0.99888802
8 48 34 744686 -0.02710533 -0.10145569  0.99696922
8 48 34 793539 -0.02438927 -0.10074043  0.99825668
8 48 34 844842 -0.02335739 -0.09664917  0.99557495
8 48 34 893865 -0.02306557 -0.0948925   0.99506569
8 48 34 943967 -0.01967239 -0.08905792  0.99709129
8 48 34 995022 -0.02577209 -0.08070564  0.99698639
8 48 35 47298 -0.02676582 -0.08306313  0.99646759
8 48 35 97701 -0.02604294 -0.08316612  1.00122643
8 48 35 145516 -0.03142166 -0.07914925  0.99725914
8 48 35 192074 -0.02766991 -0.08023071  0.99775314
8 48 35 243200 -0.03270912 -0.078125    0.99692345
8 48 35 293461 -0.03351402 -0.07850647  0.99775505
8 48 35 345476 -0.03306198 -0.06875038  1.00217819
8 48 35 394460 -0.02700996 -0.07108498  0.99401855
8 48 35 445099 -0.02900314 -0.06810951  0.99325752
8 48 35 494622 -0.02789497 -0.06825066  0.99111366
8 48 35 544140 -0.02727127 -0.06829262  0.99041748
8 48 35 595174 -0.02703285 -0.06345367  0.99226379
8 48 35 644157 -0.0247612  -0.06511688  0.99277878
8 48 35 697247 -0.02662849 -0.07039642  0.99181938
8 48 35 764698 -0.0277195  -0.0683403   0.99559402
8 48 35 792514 -0.02704811 -0.0637989   0.98954582
8 48 35 844187 -0.02937889 -0.06491089  0.99458694
8 48 35 892800 -0.03281975 -0.06741905  0.99160767
8 48 35 944161 -0.02760315 -0.06770897  0.99041176
8 48 35 994168 -0.02807045 -0.06468391  0.99128532
8 48 36 54976 -0.03018761 -0.06155014  0.9923172 
8 48 36 109940 -0.02834511 -0.07337952  0.9944458 
8 48 36 163610 -0.02493095 -0.06684303  0.99474525
8 48 36 195735 -0.02842712 -0.06946564  0.99538422
8 48 36 253665 -0.02370834 -0.0645504   0.99660873
8 48 36 316285 -0.02455711 -0.06849098  0.99578476
8 48 36 364483 -0.02468109 -0.06843185  0.99654961
8 48 36 394260 -0.02500343 -0.0651226   1.00180626
8 48 36 447536 -0.02962303 -0.06764603  0.99544907
8 48 36 494027 -0.02734375 -0.06609344  0.99259758
8 48 36 544092 -0.02770805 -0.06614876  0.98873138
8 48 36 593682 -0.02632904 -0.06748772  0.99333763
8 48 36 644904 -0.02334023 -0.06720352  0.99036026
8 48 36 695095 -0.02763176 -0.07215691  0.99575615
8 48 36 743429 -0.02301407 -0.07259178  0.99609756
8 48 36 795047 -0.02337265 -0.07299423  0.99269485
8 48 36 844090 -0.02605247 -0.07195091  0.99526215
8 48 36 896964 -0.02639008 -0.0851078   0.9936142 
8 48 36 945050 -0.02817154 -0.09148216  0.99371147
8 48 36 993229 -0.02663994 -0.08956909  0.99570847
8 48 37 51977 -0.02455711 -0.09188652  0.99736595
8 48 37 93312 -0.03089142 -0.09222603  0.99775887
8 48 37 145747 -0.02592659 -0.09665871  0.99839973
8 48 37 192657 -0.02802849 -0.09469414  0.9975853 
8 48 37 244499 -0.02731323 -0.0978508   1.00271225
8 48 37 294449 -0.02697372 -0.09942055  0.99939346
8 48 37 343183 -0.02559662 -0.10125351  1.00008011
8 48 37 395938 -0.02762604 -0.09807205  1.00051308
