8 48 21 444895 -0.00058508 -0.00028563 -0.00031996
8 48 21 493473 -0.00045538 -0.00044155 -0.00062323
8 48 21 544837 -0.0006938  -0.00044107 -0.00028563
8 48 21 595054 -4.08172607e-04  5.34057617e-05 -2.57492065e-04
8 48 21 650668 -2.28881836e-05  1.14440918e-05 -5.29289246e-04
8 48 21 695110 -0.00025368 -0.00018215 -0.0002737 
8 48 21 744279 -0.00058651 -0.00043392 -0.00038624
8 48 21 797329 -2.35557556e-04  3.95774841e-05 -3.77655029e-04
8 48 21 845464 -0.00051308  0.00024223 -0.00046492
8 48 21 896695 -0.00039816 -0.00013208 -0.00024509
8 48 21 946174 -4.17232513e-04  2.28881836e-05 -9.91821289e-05
8 48 21 993229 -4.73976135e-04 -3.52859497e-05 -2.81333923e-05
8 48 22 51762 -1.19209290e-04 -1.63555145e-04  3.76701355e-05
8 48 22 93541 -0.000278   -0.00029421 -0.00019026
8 48 22 150203 -6.58988953e-04 -9.48905945e-05 -3.42369080e-04
8 48 22 193133 -5.80787659e-04 -2.14576721e-04  3.81469727e-05
8 48 22 244951 -0.0003643  -0.00047922  0.00011587
8 48 22 295488 -0.0003953   0.00028372 -0.00014162
8 48 22 343417 -2.58445740e-04 -8.96453857e-05 -6.53266907e-05
8 48 22 395194 -3.13282013e-04  1.81198120e-04  3.91006470e-05
8 48 22 444056 -3.25202942e-04 -1.01566315e-04  2.09808350e-05
8 48 22 496011 -4.10079956e-05 -3.23295593e-04  2.32219696e-04
8 48 22 544867  1.95026398e-04 -9.53674316e-07  1.62601471e-04
8 48 22 591990  0.00012255 -0.00014639  0.00014734
8 48 22 643254  0.00031185 -0.00025654 -0.00014734
8 48 22 692807 -7.05718994e-05  4.95910645e-05  1.89304352e-04
8 48 22 744880  0.00010014 -0.00025034  0.00018263
8 48 22 797263 -2.95639038e-05 -1.81198120e-04 -7.10487366e-05
8 48 22 845513  4.98294830e-04 -8.58306885e-06 -9.91821289e-05
8 48 22 895276 2.26974487e-04 6.19888306e-06 2.70366669e-04
8 48 22 944937  0.00030756  0.00014067 -0.00010061
8 48 22 995433  1.57356262e-05 -3.14712524e-05 -2.67982483e-04
8 48 23 47216  3.30924988e-04  7.34329224e-05 -1.31130219e-04
8 48 23 96099  5.24520874e-06  4.61101532e-04 -2.00271606e-05
8 48 23 145003 -0.00014162  0.00027847  0.00044537
8 48 23 193710  0.00044537 -0.00034857  0.00014639
8 48 23 243391  1.67846680e-04 -2.43186951e-05  1.83582306e-04
8 48 23 293958  0.00013304 -0.00063896  0.00024271
8 48 23 344361  1.72615051e-04 -2.28881836e-05  3.29017639e-05
8 48 23 400545 4.99725342e-04 3.67641449e-04 1.90734863e-05
8 48 23 459132 0.00031042 0.00035715 0.00030994
8 48 23 515240 0.00042152 0.00018883 0.00046778
8 48 23 561820 0.00026226 0.00023413 0.00012064
8 48 23 613142 0.00041914 0.00011158 0.00022078
8 48 23 653990 1.53541565e-04 3.14712524e-05 1.23977661e-04
8 48 23 696430  1.55925751e-04 -4.94003296e-04  6.67572021e-05
8 48 23 745749 -3.00407410e-05 -7.43865967e-05 -5.91278076e-05
8 48 23 792172 0.00044155 0.00019503 0.00038958
8 48 23 843782  7.20024109e-05 -3.64303589e-04 -2.26020813e-04
8 48 23 892716 -5.10215759e-05  5.14984131e-05  9.25064087e-05
8 48 23 944518 -0.00023603  0.00027275  0.00016165
8 48 23 995224 -2.00271606e-05 -1.27315521e-04  2.28881836e-04
8 48 24 55861 -1.64985657e-04  1.33037567e-04  5.43594360e-05
8 48 24 91891 3.71932983e-05 5.72204590e-06 9.25064087e-05
8 48 24 142503 -2.72750854e-04  2.76565552e-04 -8.29696655e-05
8 48 24 195487  4.29153442e-05  2.13623047e-04 -2.62737274e-04
8 48 24 244950  1.56879425e-04 -2.43663788e-04 -2.86102295e-06
8 48 24 296604 -1.37805939e-04 -5.43594360e-05 -2.74181366e-04
8 48 24 345271 -0.00013113 -0.00048065  0.00014067
8 48 24 393407  1.57356262e-04 -3.57627869e-05 -3.42845917e-04
8 48 24 446856 -2.95639038e-05 -6.86645508e-05 -2.18391418e-04
8 48 24 492698  0.00015783 -0.00036335 -0.00027418
8 48 24 544516 -2.91347504e-04 -2.75135040e-04  5.62667847e-05
8 48 24 593890  8.44001770e-05 -3.94344330e-04 -1.43051147e-04
8 48 24 645045 -1.33514404e-04 -4.72068787e-05 -3.71932983e-04
8 48 24 694236 -3.29971313e-04 -8.96453857e-05 -3.49521637e-04
8 48 24 743922 -7.05718994e-05 -2.94685364e-04 -1.37805939e-04
8 48 24 795877 -1.55448914e-04  3.33786011e-05  2.14576721e-04
8 48 24 869816 -1.12056732e-04 -9.29832458e-05  1.92642212e-04
8 48 24 915845 -0.00011587  0.00031805  0.00011683
8 48 24 963292 -3.90529633e-04 -2.78472900e-04  2.24113464e-05
8 48 25 13736 -2.12192535e-04 -1.00612640e-04 -9.87052917e-05
8 48 25 85204 -0.00010633 -0.0003233   0.00019646
8 48 25 128983 -2.19345093e-04 -1.26361847e-04  4.57763672e-05
8 48 25 166960 -1.38282776e-04  3.75270844e-04 -1.38282776e-05
8 48 25 217052 -0.00031137 -0.00015354 -0.00011921
8 48 25 261706 -0.00042248  0.00013971  0.00012636
8 48 25 329082 -0.00049496  0.00029707  0.00020123
8 48 25 371409 -0.0004611   0.00018311 -0.00019598
8 48 25 398630 -1.97887421e-04  5.43594360e-05  1.88350677e-04
8 48 25 444541 -0.0006671  -0.00015926  0.00020933
8 48 25 509789 -0.00032139  0.00074005 -0.00024366
8 48 25 545885 -5.72204590e-04  5.47885895e-04  3.38554382e-05
8 48 25 592157 -4.86373901e-05 -1.56402588e-04  2.20298767e-04
8 48 25 643746 -3.19957733e-04 -3.78131866e-04  3.24249268e-05
8 48 25 692612 -0.00028181  0.00040293 -0.00013208
8 48 25 744480  1.12533569e-04 -3.71932983e-05  3.33786011e-04
8 48 25 794221 2.37464905e-04 9.53674316e-06 9.82284546e-05
8 48 25 845357 -4.81605530e-05 -3.60012054e-04 -5.72204590e-05
8 48 25 894346  3.36170197e-04 -6.38961792e-05  4.76837158e-07
8 48 25 943314 1.67369843e-04 1.03473663e-04 6.43730164e-05
8 48 25 995481  0.00022984  0.00037241 -0.00023842
8 48 26 47498  0.00059223 -0.00019789 -0.00035763
8 48 26 96464  9.67979431e-05  1.16825104e-04 -2.55584717e-04
8 48 26 145007  0.0002737  -0.00020123  0.00011635
8 48 26 192927 -1.68323517e-04  4.81128693e-04 -1.81198120e-05
8 48 26 246742 -4.48226929e-05  4.29153442e-05 -1.01089478e-04
8 48 26 295023 -4.18186188e-04  2.85625458e-04  5.67436218e-05
8 48 26 358610 -6.22749329e-04 -4.45365906e-04 -9.72747803e-05
8 48 26 402725 -0.00049591 -0.00034046 -0.00029039
8 48 26 445378 -4.90188599e-04  7.05718994e-05  6.38961792e-05
8 48 26 495343 -9.34600830e-04  6.67572021e-05  3.81469727e-06
8 48 26 550904 -0.00059605  0.00013208  0.00038719
8 48 26 609826 -0.00029182 -0.00045347 -0.00033474
8 48 26 674637 -6.22749329e-04 -4.38690186e-05  4.82082367e-04
8 48 26 716545 -2.56061554e-04 -4.38690186e-05  4.00543213e-05
8 48 26 762102 -6.71863556e-04 -2.00271606e-04 -4.76837158e-05
8 48 26 811305 -8.19206238e-04 -2.86102295e-05  3.76701355e-05
8 48 26 859592 -0.00053358 -0.00016022  0.00023317
8 48 26 904982 -0.00051355 -0.00020266  0.00024223
8 48 26 944499 -0.0005002  -0.00025272  0.00012255
8 48 26 993313  1.66893005e-05 -1.50680542e-04  1.19686127e-04
8 48 27 55505 2.23159790e-04 3.16619873e-04 1.04904175e-05
8 48 27 91468  1.52587891e-05 -6.43730164e-05 -3.62873077e-04
8 48 27 144021 0.00017738 0.000494   0.00031376
8 48 27 195522 3.14712524e-05 2.90870667e-04 1.12533569e-04
8 48 27 245163 -4.38690186e-05 -1.78337097e-04 -1.59263611e-04
8 48 27 295712 -1.42097473e-04 -2.43186951e-05 -1.23500824e-04
8 48 27 344781 -0.00052166  0.00012922 -0.00040865
8 48 27 392659 -0.00027752 -0.0004921  -0.00045109
8 48 27 444001 -0.00046539 -0.0004096  -0.00010395
8 48 27 493321 -0.00048161 -0.0002594  -0.00046206
8 48 27 545082 -1.02138519e-03  6.67572021e-05 -4.39167023e-04
8 48 27 594233 -0.00087833 -0.00010443 -0.00049305
8 48 27 645359 -0.00077581 -0.00022459 -0.00042295
8 48 27 693925  0.03124523  2.24999762 -0.12500095
8 48 27 744060 -0.00137568  0.00043154 -0.00025177
8 48 27 815592 -1.45435333e-03 -6.86645508e-05 -3.41892242e-04
8 48 27 862203 -9.57965851e-04  4.76837158e-07 -3.21875143e+00
8 48 27 914600 -0.00084209  0.00017929 -0.00030613
8 48 27 957499 -0.00118637  0.000144   -0.00039864
8 48 27 992991 -0.00082636  0.00061464 -0.0001235 
8 48 28 52217 -0.00079107 -0.00027752 -0.00038576
8 48 28 98573 -0.0003047   0.00051069 -0.00026846
8 48 28 157624 -2.82287598e-04 -8.86917114e-05 -6.89983368e-04
8 48 28 216109 -3.40938568e-04  6.10351562e-05 -5.64098358e-04
8 48 28 260549 -0.00035763  0.00015974 -0.00063705
8 48 28 314755 -0.00050211  0.00037432 -0.00058603
8 48 28 370956 -6.03199005e-04 -2.95639038e-05 -7.11917877e-04
8 48 28 426134 -0.00027132  0.0002737  -0.00097561
8 48 28 446534 -1.69754028e-04 -8.63075256e-05 -7.77244568e-04
8 48 28 496063 -7.93457031e-04  9.77516174e-05 -6.50882721e-04
8 48 28 545722 -4.59671021e-04 -8.63075256e-05 -8.84056091e-04
8 48 28 592406 -0.00021791 -0.00017309 -0.00049162
8 48 28 643423 -0.00054979 -0.00017262 -0.00073957
8 48 28 693116 -5.66005707e-04 -1.57356262e-05 -7.19547272e-04
8 48 28 744785 -0.00025749 -0.00065899 -0.00018311
8 48 28 793821 -0.00038004 -0.00022697 -0.00013638
8 48 28 845696 -0.00068569 -0.00014353 -0.00015879
8 48 28 895036 -6.40869141e-04 -3.34739685e-04 -7.15255737e-06
8 48 28 943130 -0.0004096  -0.0002737  -0.00019169
8 48 28 995629 -0.00054789 -0.00050163  0.00019598
8 48 29 47836 -4.54425812e-04 -4.88758087e-04  1.43051147e-05
8 48 29 95842 -9.48905945e-05 -4.21524048e-04 -2.42233276e-04
8 48 29 144423 -9.39369202e-05 -6.94751740e-04  2.06470490e-04
8 48 29 191277  0.00041103 -0.00025082  0.00037622
8 48 29 243309  5.96046448e-05 -6.10351562e-05  4.77313995e-04
8 48 29 293102  1.90734863e-06 -5.57899475e-05  3.66687775e-04
8 48 29 359932 1.16348267e-04 3.52859497e-05 3.81946564e-04
8 48 29 415624 -0.00019169 -0.00016451  0.00028133
8 48 29 462587 -1.80244446e-04  3.52859497e-05  3.33309174e-04
8 48 29 495096 3.14235687e-04 2.71797180e-05 3.47137451e-04
8 48 29 544133  7.53879547e-04  3.01837921e-04 -5.43594360e-05
8 48 29 595115  0.00057125 -0.00028849  0.00011253
8 48 29 645385 4.36306000e-04 1.09672546e-04 3.57627869e-05
8 48 29 696514  0.00064707 -0.00031614 -0.00036955
8 48 29 744115  0.00074005 -0.00013208 -0.00026464
8 48 29 793022  5.24520874e-05  1.22547150e-04 -1.72615051e-04
8 48 29 843706  7.32421875e-04 -9.05990601e-06 -5.07354736e-04
8 48 29 893088 -0.00081825 -0.00016737 -0.00041485
8 48 29 944320 -0.0003562  -0.00019884 -0.00036764
8 48 29 993071 -0.00042057 -0.00062895 -0.00026655
8 48 30 55862 -0.00094843 -0.00052452 -0.00037813
8 48 30 122932 -5.15460968e-04  1.38282776e-05 -1.63078308e-04
8 48 30 143015 -6.14166260e-04  8.34465027e-05 -5.16414642e-04
8 48 30 197254 -0.00010443 -0.00011826 -0.0004549 
8 48 30 243809 -0.0004859  -0.00013638 -0.00038671
8 48 30 296221 -0.0004611  -0.00014257 -0.00029278
8 48 30 345990 -0.00022793  0.00041103 -0.0004468 
8 48 30 392777 -0.00052404  0.00028801 -0.00027943
8 48 30 443022 -0.00034952  0.00030041 -0.00047684
8 48 30 492247 -0.00020885  0.00057268  0.00033712
8 48 30 544115 -6.64710999e-04  1.28746033e-04 -3.00407410e-05
8 48 30 593114 -3.57151031e-04 -9.82284546e-05  3.67164612e-05
8 48 30 644605 -3.10897827e-04  1.74999237e-04 -5.76972961e-05
8 48 30 693845 -6.26564026e-04  4.01973724e-04  2.67028809e-05
8 48 30 742727 -0.00021458  0.00034142  0.00029135
8 48 30 795406 -7.36236572e-04  3.05652618e-04 -2.38418579e-05
8 48 30 843566  7.29560852e-05 -1.17301941e-04  3.05175781e-05
8 48 30 896165 -0.00048447 -0.00031233  0.00012016
8 48 30 944436 -0.00045729 -0.00023317  0.00020361
8 48 30 992242 -0.00015354  0.00022078 -0.00013447
8 48 31 50610 -2.49862671e-04 -6.15119934e-05 -2.19821930e-04
8 48 31 92490 -0.00057125 -0.00028753 -0.00025558
8 48 31 143628 -0.00051737  0.00010347 -0.00010538
8 48 31 193175 -4.55856323e-04 -9.20295715e-05 -5.34057617e-05
8 48 31 244830 -0.00062132  0.00036526 -0.00030279
8 48 31 294859 -0.00117731 -0.00035048  0.00011683
8 48 31 342654 -0.00113583 -0.0006485   0.0001502 
8 48 31 394973 -9.09805298e-04 -3.81946564e-04  2.09808350e-05
8 48 31 444312 -0.0010066  -0.00047159  0.00044537
8 48 31 496013 -1.08957291e-03 -3.24249268e-05 -1.00135803e-04
8 48 31 561955 -9.83715057e-04 -1.43051147e-05  1.62601471e-04
8 48 31 611482 -0.00079584 -0.00039053  0.00032759
8 48 31 659916 -0.00049877 -0.0004735   0.00010204
8 48 31 722615 -0.00015402 -0.00060081  0.00044203
8 48 31 765961 -2.70366669e-04 -1.04904175e-05  4.01020050e-04
8 48 31 802886 -4.76837158e-06 -4.52041626e-04  3.67641449e-04
8 48 31 845592  5.10215759e-05 -2.57015228e-04  4.82082367e-04
8 48 31 894219 4.05311584e-05 2.15053558e-04 1.86920166e-04
8 48 31 949358 -0.00043344  0.00029135  0.00034428
8 48 31 994982 -5.62667847e-05  1.09195709e-04  1.82151794e-04
8 48 32 47363 -0.00062943  0.00024414  0.00041628
8 48 32 96524 -0.00057554  0.00024605  0.00033426
8 48 32 144687 -0.00070143  0.000494    0.00033236
8 48 32 195751 -0.00014687  0.00038815  0.00044012
8 48 32 243744 -1.14440918e-05  7.70568848e-04 -9.44137573e-05
8 48 32 294001 -0.00031471  0.00031328  0.00011826
8 48 32 344512 -7.24792480e-05  3.19957733e-04  2.33650208e-05
8 48 32 394108 2.00271606e-04 9.15527344e-05 3.19957733e-04
8 48 32 445520  1.85966492e-05  2.34127045e-04 -2.36988068e-04
8 48 32 494424 1.59740448e-04 2.52723694e-04 5.62667847e-05
8 48 32 543544  0.00030899  0.00028706 -0.00013304
8 48 32 595548 0.00059319 0.00031662 0.00030136
8 48 32 645318 0.00101042 0.00055742 0.00026655
8 48 32 695619 0.00060463 0.00044012 0.00036907
8 48 32 745237  1.19304657e-03 -6.48498535e-05  1.54972076e-04
8 48 32 792716  8.24451447e-04 -4.76837158e-07  2.84194946e-04
8 48 32 843736  1.30271912e-03 -7.53402710e-05  1.25885010e-04
8 48 32 893077  1.36232376e-03 -5.49793243e-04  4.86373901e-05
8 48 32 943944  9.29355621e-04 -9.39369202e-05  2.85625458e-04
8 48 32 993914 0.00059748 0.00015306 0.00021791
8 48 33 62195 0.0010705  0.00018263 0.00020504
8 48 33 113363  0.00050163 -0.00012589  0.00032711
8 48 33 164620 5.06401062e-04 5.81741333e-05 5.49316406e-04
8 48 33 217697  0.00037003 -0.00013447  0.00071192
8 48 33 244064  0.00028133 -0.00020647  0.00042963
8 48 33 297243  0.00015831 -0.00055981  0.00023842
8 48 33 345407  0.00028563 -0.00050831  0.00087786
8 48 33 393338 -0.00027609 -0.00025034  0.00058746
8 48 33 444757  0.00011492 -0.0001502   0.00012016
8 48 33 493339  0.0004425  -0.00028372  0.00073528
8 48 33 544972  2.15053558e-04 -4.38690186e-05  3.94344330e-04
8 48 33 595343  0.00027847 -0.00021648  0.00037479
8 48 33 645584 0.00089216 0.00022459 0.00048923
8 48 33 695950  0.00035477 -0.00014353  0.00017118
8 48 33 744098 8.20159912e-05 3.36647034e-04 1.14917755e-04
8 48 33 794356 1.18732452e-04 9.53674316e-07 7.18750477e-01
8 48 33 843965  4.72068787e-05  2.26974487e-04 -1.64508820e-04
8 48 33 895744 -0.00018454  0.00018549 -0.00012255
8 48 33 944602 -0.00031996  0.00015306  0.00011253
8 48 33 992434 -0.00578117  0.00014067 -0.00141525
8 48 34 50725 -0.00494146  0.00027466 -0.00056124
8 48 34 115332 -0.00521088 -0.000144   -0.00046158
8 48 34 160055 -0.00404453 -0.00036716 -0.00018692
8 48 34 210806 -2.03895569e-03 -3.38554382e-05  2.57492065e-05
8 48 34 260100 -0.00046968 -0.00011444  0.00041771
8 48 34 315704 1.79290771e-04 1.90734863e-06 1.15871429e-04
8 48 34 362128  0.00086021 -0.00037622  0.00058699
8 48 34 395696 0.00230598 0.00022984 0.00090027
8 48 34 444071 0.00295877 0.00025463 0.00141764
8 48 34 496622 0.00421619 0.00073099 0.00146866
8 48 34 544631 0.005126   0.0008626  0.00139952
8 48 34 593195 0.0061059  0.00109863 0.00226974
8 48 34 643014 0.0067544  0.00134325 0.002882  
8 48 34 696160 0.00716925 0.00087929 0.00247002
8 48 34 744686 0.00788736 0.00112629 0.00279474
8 48 34 793539 0.00757837 0.00098181 0.00326681
8 48 34 844842 0.00751877 0.00071239 0.00323057
8 48 34 893865 0.00768471 0.00078726 0.00361395
8 48 34 943967 0.00753975 0.0003233  0.0034523 
8 48 34 995022 0.00780582 0.00017405 0.00375032
8 48 35 47298 0.00830984 0.0006671  0.00340033
8 48 35 97701 0.00839901 0.00034857 0.0036068 
8 48 35 145516  8.44097137e-03 -6.05583191e-05  3.50427628e-03
8 48 35 192074 0.00867939 0.00093031 0.0035758 
8 48 35 243200 0.00927973 0.00043488 0.00364208
8 48 35 293461 0.00912762 0.00021076 0.00396299
8 48 35 345476 0.00903511 0.00083542 0.00362492
8 48 35 394460 0.0077858  0.00033665 0.00363016
8 48 35 445099 0.00762272 0.00068521 0.00373745
8 48 35 494622 0.00691891 0.00075531 0.00353622
8 48 35 544140 0.00653172 0.00049162 0.00305128
8 48 35 595174 0.00628567 0.00045729 0.00325155
8 48 35 644157  0.00565577 -0.0002346   0.00305176
8 48 35 697247 0.00486994 0.00016785 0.00305128
8 48 35 764698 4.25577164e-03 3.29017639e-05 2.53677368e-03
8 48 35 792514 0.00355196 0.0003233  0.00223827
8 48 35 844187  0.00266266 -0.0003953   0.00174379
8 48 35 892800 0.00140429 0.00030899 0.001441  
8 48 35 944161 2.67505646e-04 5.14984131e-05 1.47485733e-03
8 48 35 994168 -6.34670258e-04  8.44001770e-05  8.58783722e-04
