3.96728516e-04 3.57627869e-05 1.85966492e-04
 0.00032902  0.00043726 -0.0003314 
-0.00054789 -0.00024986  0.00029945
-1.85489655e-04 -7.77721405e-04 -1.76429749e-05
-0.00012016 -0.00026989 -0.00025988
-0.00040483 -0.00028419 -0.00010586
-1.33991241e-04  2.57492065e-05 -4.03404236e-04
-2.65121460e-04  1.04904175e-05 -4.57763672e-05
 1.28746033e-05 -3.46660614e-04 -1.73091888e-04
-6.96182251e-05 -5.14984131e-04  3.74317169e-04
 4.10079956e-05 -1.83105469e-04 -7.62939453e-06
 7.62939453e-06 -8.02993774e-04 -2.23159790e-04
 0.00015831 -0.0003829  -0.00023985
-0.00011539 -0.00035381 -0.00037098
-2.24113464e-05 -7.62939453e-06 -5.34534454e-04
 0.00015116  0.00042295 -0.00020409
-2.51770020e-04 -3.44276428e-04  5.62667847e-05
 0.00012875 -0.00035048  0.00016069
-0.00062084  0.00037384  0.00012255
-4.18663025e-04  8.77380371e-05  9.05990601e-05
-0.00013542 -0.00019264 -0.00020647
