-0.00607324 -0.00415683  1.00068188
-0.00617552 -0.0040803   1.00477529
-0.00380945 -0.00197339  1.00124359
-0.00658846 -0.00264955  1.00293326
-0.01128316 -0.0050261   1.00605083
-3.89456749e-03  9.74655151e-04  1.00222683e+00
-6.39772415e-03 -9.80377197e-04  1.00165772e+00
-0.00683928  0.00122452  1.00153375
-0.00899267 -0.00255847  1.00064898
-0.00946021 -0.00267172  1.00688362
-7.79390335e-03 -7.92503357e-04  1.00246906e+00
-0.00775456 -0.00422359  1.00408244
-0.00753975 -0.00174999  1.00122428
-0.0059433  -0.00160408  1.00345135
-0.00451446 -0.0023129   1.00236607
-0.00527596 -0.0054903   1.00068808
-0.0060935  -0.00583029  1.00181079
-0.00468087 -0.00268722  1.00081444
-0.00643921 -0.00259304  1.00151587
-0.00526357 -0.00336981  1.00359821
-0.00834608 -0.00194454  1.0051291 
