8 57 1 15054 -0.00223446  0.00107813 -0.00127029
8 57 1 63932 -0.00272512  0.00481558 -0.00149632
8 57 1 67651 -0.0016427  -0.00034046 -0.00038624
8 57 1 107066 -1.43241882e-03 -6.67572021e-05  1.47819519e-04
8 57 1 111875 -0.0003829  -0.00256968  0.00095081
8 57 1 158363  0.00011969 -0.00121641  0.00149012
8 57 1 162821  1.62124634e-05 -4.99248505e-04  1.65510178e-03
8 57 1 207293  0.00157022 -0.00180769  0.00237083
8 57 1 212381  1.41334534e-03 -6.96182251e-05  2.39229202e-03
8 57 1 258001  0.00294161 -0.0025034   0.00219154
8 57 1 262152 0.00192785 0.00183821 0.00188732
8 57 1 309155 0.00258207 0.00144625 0.00143671
8 57 1 313313 0.00224352 0.00075579 0.00101614
8 57 1 359009 0.00233793 0.00145102 0.00095987
8 57 1 361898  2.98118591e-03 -1.60694122e-03 -2.28881836e-05
8 57 1 410374  0.00139141  0.00222301 -0.00041199
8 57 1 415455  0.00147438 -0.00014496 -0.00096846
8 57 1 456989  0.00118923  0.00082064 -0.00141191
8 57 1 461867  0.00094843 -0.00046778 -0.00150156
8 57 3 905944  0.00089264 -0.00137949 -0.00136471
8 57 3 951912  0.00025892  0.00123835 -0.00148201
8 57 4 4405 -0.00052357  0.00145006 -0.0012188 
8 57 4 50443 -4.35352325e-04 -7.96318054e-05 -1.56402588e-03
8 57 4 101249 -8.60691071e-04  2.95639038e-05 -7.97748566e-04
8 57 4 153753 -0.00091314 -0.00223446 -0.00046396
8 57 4 203492 -0.00148153  0.00117302  0.00041342
8 57 4 252044 -1.47485733e-03  6.34193420e-05  6.77108765e-04
8 57 4 303410 -0.00194311  0.00050688  0.00118303
8 57 4 349756 -0.00156927 -0.00090313  0.00131416
8 57 4 404462 -0.00142241 -0.00156736  0.00208473
8 57 4 452015 -0.00231504  0.00215864  0.00162411
8 57 4 504144 -0.00119114 -0.00060987  0.00168705
8 57 4 550561 -0.00157356  0.00092983  0.00162029
8 57 4 602136 -0.00076675  0.00031567  0.00160933
8 57 4 652987 -0.00126028  0.0006218   0.00113153
8 57 4 704120 -0.00091696  0.0007987   0.00111961
8 57 4 751318 -0.0006609   0.00033855  0.00053644
8 57 4 803994 -0.00091648  0.00133085 -0.00013256
8 57 4 849969  0.00036764 -0.00159645 -0.00024176
8 57 4 904790  8.53538513e-05  6.96182251e-04 -9.26017761e-04
8 57 4 951334  0.00099564 -0.00126076 -0.0010767 
8 57 5 721  0.00091124 -0.00062323 -0.00115061
8 57 5 50626  0.00035477  0.00030565 -0.00152969
8 57 5 105866  0.0023036  -0.00228834 -0.00068235
8 57 5 152737  0.00172567  0.00033569 -0.00084448
8 57 5 202566  0.0015769  -0.00064087 -0.00093842
8 57 5 255740  0.00169897  0.00070524 -0.000453  
8 57 5 307294  0.0011878   0.00056648 -0.00031233
8 57 5 354505  0.00223923 -0.00084925  0.00044632
8 57 5 404693 1.02424622e-03 1.86872482e-03 8.05854797e-05
8 57 5 451802 0.00047159 0.00040722 0.00016212
8 57 5 506731 0.00095367 0.00066423 0.0002594 
8 57 5 555123  0.00111008 -0.00151873  0.00035095
8 57 5 605403  0.00029612 -0.00018406  0.0002346 
8 57 5 652853 -0.00119066  0.00137234 -0.00020218
8 57 5 705063 -0.00144339  0.00106907 -0.00029993
8 57 5 755320 -0.00095367 -0.00070095  0.00016928
8 57 5 807539 -0.00059986 -0.00430584  0.00014782
8 57 5 855246 -0.00221348  0.00104475  0.00030231
8 57 5 905117 -0.00159359  0.00110102  0.00029993
8 57 5 955981 -0.00091791 -0.00097036  0.00067186
8 57 6 7622 -0.00077486 -0.00152588  0.00069475
8 57 6 54747  0.00037241 -0.00217009  0.00048685
8 57 6 105698 -4.00066376e-04  1.14393234e-03  9.44137573e-05
8 57 6 152531 -0.00077105  0.00342226 -0.00060987
8 57 6 208022 -0.00045395  0.00263548 -0.00111675
8 57 6 256656  0.00122452  0.00098133 -0.0018754 
8 57 6 306063  0.00141239  0.00138807 -0.0028677 
8 57 6 353026  0.00011778  0.00500011 -0.00386238
8 57 6 405358  0.0012908   0.00540733 -0.00491381
8 57 6 455753  0.00204659  0.00439882 -0.00601816
8 57 6 506586  0.00426149  0.00074673 -0.0065279 
8 57 6 554649  0.00390625 -1.68749237 -2.15627384
8 57 6 608336  0.00368977  0.00266361 -0.0062542 
8 57 6 657132 0.00458145 0.00153923 0.0312252 
8 57 6 707490  0.00449371  0.00239849 -0.00533676
8 57 6 756979 -0.00034714 -0.00165749  0.00194502
8 57 6 809160 -0.00287247  0.00103426  0.00154352
8 57 6 856625 -0.00163841 -0.0038085   0.00238752
8 57 6 909511 -0.00068521 -0.00157118  0.00214052
8 57 6 955403 -0.00227022 -0.00055838  0.00156927
8 57 7 5282 -0.00089169 -0.00308132  0.00137234
8 57 7 59048 -0.00147533 -0.00165701  0.00085926
8 57 7 107241 -9.88960266e-04  4.01973724e-04 -6.34193420e-05
8 57 7 156247  0.00324917 -0.00508213 -0.0010767 
8 57 7 207537  0.00072956 -0.0012908  -0.00179005
8 57 7 254679  0.00059175 -0.00235081 -0.00247812
8 57 7 310010  0.00170422 -0.00499392 -0.00306559
8 57 7 357662 -0.00093174 -0.00037146 -0.00367785
8 57 7 406636  0.00268555 -0.00437975 -0.00409508
8 57 7 458107  0.00183868 -0.00346994 -0.00378275
8 57 7 505361  0.00089645 -0.0017705  -0.00395393
8 57 7 559256  0.00395346 -0.00306559 -0.00412798
8 57 7 608111  0.0032115  -0.00050831 -0.00389767
8 57 7 658110  0.00393486 -0.00036812 -0.00355721
8 57 7 706787  0.00520515 -0.00167847 -0.00312281
8 57 7 757364  0.0032115   0.00028896 -0.00240755
8 57 7 808453  0.00380659  0.00017357 -0.0021348 
8 57 7 857984  0.00398111 -0.00026798 -0.00201225
8 57 7 907282  0.00212765  0.00153685 -0.0015564 
8 57 7 961554  0.00405073 -0.00119019 -0.00099373
8 57 8 8932  0.00219107 -0.00059557 -0.00022078
8 57 8 58599  0.00192595 -0.00179195 -0.00075483
8 57 8 108439  0.00394535 -0.00379562 -0.00068665
8 57 8 160735  0.00064278  0.00070238 -0.00056744
8 57 8 210355  0.00120592 -0.0024333  -0.00080204
8 57 8 258638  0.00220585 -0.00308037 -0.00027084
8 57 8 308158 -0.00044727  0.00024128 -0.00061893
8 57 8 359964  0.00112391 -0.00393438 -0.00077724
8 57 8 411099  0.00032759  0.00138426 -0.00089025
8 57 8 460249 -0.00097275  0.00104284 -0.00112247
8 57 8 509346  0.00136662 -0.00306273 -0.00133991
8 57 8 559435  0.00020742  0.00196457 -0.00142145
8 57 8 607800  0.00026178 -0.00103569 -0.00211287
8 57 8 661025  0.00253439 -0.00272369 -0.00162268
8 57 8 709793 -0.0024457   0.00373077 -0.00228357
8 57 8 758121 -8.48770142e-05 -2.40993500e-03 -2.77185440e-03
8 57 8 806845  0.00216961 -0.00205517 -0.00291491
8 57 8 861281 -0.00037622  0.00121069 -0.00349426
8 57 8 911170  0.00276375 -0.00320482 -0.00377083
8 57 8 959556  0.00187635  0.00024319 -0.00361919
8 57 9 9683  0.00092983 -0.00057697 -0.00357962
8 57 9 56970  0.00450134 -0.00318241 -0.00302792
8 57 9 111570  1.79910660e-03  3.38554382e-05 -3.07559967e-03
8 57 9 162335  0.0025177  -0.00192785 -0.00283289
8 57 9 208510  0.00329161 -0.00132132 -0.00157261
8 57 9 257827 -4.29153442e-05  1.78337097e-03 -1.66511536e-03
8 57 9 312631  0.00343323 -0.001719   -0.00148869
8 57 9 362292  0.00314093 -0.00013018 -0.00033188
8 57 9 410297 -0.00023794  0.00153923 -0.00044775
8 57 9 459588  0.00361109 -0.00161743 -0.00019503
8 57 9 509300  0.00106096  0.00334072 -0.00018167
8 57 9 561954 -0.00082779  0.00058603 -0.00059986
8 57 9 611282  0.00217438 -0.00186062 -0.00088644
8 57 9 660030 -0.00025272  0.00193787 -0.00143242
8 57 9 710117  3.33786011e-05 -3.11660767e-03 -2.27308273e-03
8 57 9 758007 -0.00022411  0.0010457  -0.00206709
8 57 9 811599 -0.00272369  0.00263548 -0.00302982
8 57 9 860592  0.00065184 -0.00435829 -0.00273323
8 57 9 910238 -0.00145721 -0.00036907 -0.00275183
8 57 9 959438 -0.00398684  0.00042963 -0.00332928
8 57 10 13403 -0.00155926 -0.00404406 -0.00388241
8 57 10 60630 -0.00395775  0.00086021 -0.00366306
8 57 10 111484 -0.00359964 -0.00135469 -0.00367451
8 57 10 159351 -0.00320673 -0.00179195 -0.003232  
8 57 10 208903 -0.00374842  0.00186443 -0.00389194
8 57 10 263040 -0.00246572 -0.00116825 -0.00284481
8 57 10 312022 -4.63771820e-03  1.28746033e-05  9.37395096e-02
8 57 10 363022 -0.00166464 -0.00194311 -0.00226402
8 57 10 410129 -2.10857391e-03  2.62403488e-03  4.05311584e-05
8 57 10 464112  0.00065947 -0.00230598  0.00029135
8 57 10 512463 -2.88152695e-03  2.81143188e-03  1.95503235e-05
8 57 10 560898 -3.53956223e-03  9.22203064e-04  2.28881836e-05
8 57 10 611552 -0.0003643  -0.00259876  0.0001812 
8 57 10 659012 -3.82280350e-03  3.06081772e-03  5.62667847e-05
8 57 10 712373 -0.00138283 -0.00176954 -0.00044107
8 57 10 761611 -7.58171082e-04 -5.78403473e-04  7.00950623e-05
8 57 10 811673 -0.00502157  0.00417089 -0.00050306
8 57 10 859827 -1.55639648e-03 -1.84822083e-03  9.72747803e-05
8 57 10 914358 -0.0012331   0.00047255  0.00038195
8 57 10 962735 -0.00305367  0.00171089 -0.00023031
8 57 11 11247  0.0008626  -0.00294065  0.00029135
8 57 11 60622 -1.04808807e-03  2.22492218e-03 -9.05990601e-06
8 57 11 115248 -0.00119686  0.00112295 -0.00011301
8 57 11 162012  0.00271559 -0.00269175  0.00026989
8 57 11 212285  8.29696655e-05  1.56831741e-03 -1.01089478e-04
8 57 11 260949  0.00203466 -0.00120449 -0.00036144
8 57 11 311862  0.00349188 -0.00206947 -0.00037813
8 57 11 364981 -0.00048685  0.00310564 -0.00072384
8 57 11 414003  0.00300074 -0.00124836 -0.00063658
8 57 11 461232  0.0040431  -0.00030088 -0.00033808
8 57 11 512377  0.00134182  0.00324583 -0.00070286
8 57 11 560611  0.00548792 -0.00129604 -0.00070095
8 57 11 614036  0.00306273  0.00248766 -0.00061464
8 57 11 662164  0.00129557  0.00418806 -0.00112009
8 57 11 712564  0.00449085 -0.00101089 -0.00031424
8 57 11 759907  0.00146389  0.00264931 -0.00044441
8 57 11 811047  0.00132179  0.00073051 -0.00059843
8 57 11 864655  3.48329544e-03 -1.62076950e-03 -8.58306885e-05
8 57 11 913497 -0.00071144  0.00324917 -0.00056553
8 57 11 960536  0.00106096 -0.00104427 -0.00067234
8 57 12 16079  0.00283289 -0.00190735 -0.0004611 
8 57 12 63428 -4.91142273e-05  2.12383270e-03 -7.43389130e-04
8 57 12 112495  0.00203419 -0.00309515 -0.00076151
8 57 12 160755 -3.67164612e-05  4.43458557e-05 -6.33716583e-04
8 57 12 212747 -0.00293207  0.00289965 -0.00117731
8 57 12 265102  0.00082541 -0.00229216 -0.00065565
8 57 12 315789 -0.0008688   0.00080156 -0.00028515
8 57 12 363089 -0.00142241  0.00123835 -0.00048637
8 57 12 413141  0.0017662  -0.00191975  0.00026655
8 57 12 464556 -0.00161457  0.00313854  0.00031424
8 57 12 515388 -0.00097609  0.00172567  0.00034237
8 57 12 562986  0.00185299 -0.00101614  0.00056458
8 57 12 614227 -0.00097799  0.0034318   0.00045586
8 57 12 661297  0.00068617 -0.00054979  0.0001955 
8 57 12 716445 0.00106001 0.00123167 0.000422  
8 57 12 763725 -0.00214624  0.00463343 -0.00050592
8 57 12 814569  0.00140858  0.00020075 -0.00060415
8 57 12 861683  0.00082636  0.00123501 -0.0007019 
8 57 12 916977 -0.00035286  0.00251245 -0.00158119
8 57 12 963775  0.00274324 -0.00036669 -0.00178719
8 57 13 14685 -0.00018072  0.00316906 -0.00193596
8 57 13 63631 -0.0003624   0.00108099 -0.00229549
8 57 13 117170  0.00214148 -0.00189877 -0.00176859
8 57 13 165935 -0.00101089  0.00235558 -0.00230646
8 57 13 214902  0.00058317 -0.00085783 -0.00166988
8 57 13 264485  0.001266   -0.00013494 -0.00128937
8 57 13 314777 -0.00263453  0.00355244 -0.00145197
8 57 13 365840  0.00058365 -0.00079584 -0.00080729
8 57 13 417470  4.29153442e-06  1.45292282e-03 -5.35964966e-04
8 57 13 464283 -0.00139999  0.0026927  -0.00070429
8 57 13 513791  0.00146437 -0.00030327 -0.00057459
8 57 13 562125 -0.00154448  0.00443125 -0.00017786
8 57 13 617164 -0.00243664  0.00303555 -0.00036716
8 57 13 665051  1.1305809e-03 -6.1750412e-04  8.7261200e-05
8 57 13 715411 -0.00136566  0.00324249  0.00015402
8 57 13 763985 -0.00047016  0.0007782  -0.0002346 
8 57 13 814067  0.00021219 -0.00060463 -0.00015545
8 57 13 866153 -0.00325871  0.00354147 -0.00072193
8 57 13 916432 -0.00052738 -0.00181437 -0.00072908
8 57 13 963976  0.00024652 -0.00070238 -0.00107479
8 57 14 13910 -1.62935257e-03  6.67572021e-06  2.31249571e+00
8 57 14 67190  0.00134754 -0.00247049 -0.0012846 
8 57 14 117236  0.0015316   0.00113583 -0.00105   
8 57 14 164483 -0.00025892  0.0014286  -0.00230646
8 57 14 214012  0.00010204  0.00263357 -0.00173855
8 57 14 263290  0.00168705  0.00027895 -0.00215912
8 57 14 317613  0.00192451  0.0015254  -0.00275183
8 57 14 365469  0.00161886  0.00202703 -0.00331068
8 57 14 414542  0.00151014  0.00088406 -0.00503254
8 57 14 463068  0.00038958  0.00382662 -0.00708342
8 57 14 516827  0.00173807  0.00039577 -0.0087738 
8 57 14 566477  2.46524811e-03  8.58306885e-06 -9.11235809e-03
8 57 14 617435 -0.00094843  0.00571632 -0.00954199
8 57 14 664807  0.00344181 -0.00194407 -0.00986481
8 57 14 717203  0.00551558 -0.00089884 -0.0103631 
8 57 14 767055  0.0046277   0.00219154 -0.01028681
8 57 14 817314  0.00839472 -0.0043726  -0.00917339
8 57 14 864783  0.01070213 -0.00221443 -0.00861502
8 57 14 916576  0.01243925 -0.0039382  -0.0072031 
8 57 14 966760  0.01145363 -0.00610209 -0.00552034
8 57 15 17711  0.00676012 -0.00211191 -0.00488901
8 57 15 67556  0.00669909 -0.00313711 -0.00371647
8 57 15 116217  0.00757074 -0.00486135 -0.00269318
8 57 15 164180  0.00649261 -0.00030994 -0.00170755
8 57 15 218679  7.37571716e-03 -3.33786011e-05 -9.65595245e-04
8 57 15 266965  0.00695229 -0.00084496 -0.0007    
8 57 15 317223  0.00502062  0.00185537 -0.00088739
8 57 15 364722  0.00166988  0.00123215 -0.00101233
8 57 15 419670 -0.00135374  0.00255728 -0.00130367
8 57 15 466599  0.0025363  -0.00040531 -0.00097418
8 57 15 516694 -6.91890717e-04  2.38418579e-06 -1.01804733e-03
8 57 15 567067 -0.00434113  0.00246906 -0.00151634
8 57 15 616505 -0.00099182 -0.00362587 -0.00182056
8 57 15 668815  0.00073671 -0.0045867  -0.00175333
8 57 15 718996  0.00440741 -0.00647497 -0.00123215
8 57 15 766425  0.00472879 -0.00819921 -0.00166416
8 57 15 820236  0.00155783 -0.00477982 -0.00200987
8 57 15 869028  0.00085592 -0.00618839 -0.00206423
8 57 15 919087  0.0005703  -0.00496149 -0.00194883
8 57 15 967557 -0.00022888 -0.0014596  -0.00229073
8 57 16 17657  0.00317717  0.00039482 -0.00205803
8 57 16 70452  0.00818682  0.00169945 -0.00218868
8 57 16 120343  0.00727606  0.00507259 -0.00316668
8 57 16 167846  0.00763369  0.00563478 -0.0035429 
8 57 16 218183  0.00782394  0.00518513 -0.00463581
8 57 16 266055  0.00611639  0.00594473 -0.00503635
8 57 16 320214  0.00537443  0.00372744 -0.00557899
8 57 16 368793  0.00487041  0.00040722 -0.00719166
8 57 16 418273  0.00081539 -0.00114727 -0.00723934
8 57 16 467713 -0.00214005 -0.00465059 -0.00846958
8 57 16 517376 -0.0001936  -0.00858355 -0.00946903
8 57 16 569853  0.00032568 -0.00983953 -0.00931358
8 57 16 619622  0.00349522 -0.00996971 -0.00893641
8 57 16 667271  0.00756264 -0.01247692 -0.00825596
8 57 16 717309  0.00635242 -0.01229572 -0.00770187
8 57 16 770156  0.00207329 -0.00655365 -0.00657845
8 57 16 820095 -0.00129986 -0.00390387 -0.00486612
8 57 16 868943 -0.00125456 -0.00190353 -0.00328875
8 57 16 919651  0.00032806  0.00167656 -0.00138044
8 57 16 971974  0.00019932  0.0029521  -0.00010872
8 57 17 20273 -0.00526524  0.00715637 -0.00028324
8 57 17 69437 -6.35147095e-03  8.51678848e-03 -1.19209290e-05
8 57 17 119856 -0.00589132  0.00667143  0.00062323
8 57 17 172077 -0.00600147  0.00499439  0.00167036
8 57 17 223038 -0.00762749  0.00047493  0.00179434
8 57 17 269737 -0.01311493  0.00290489  0.00181913
8 57 17 319930 -0.01654291  0.00195646  0.00209236
8 57 17 367950 -0.01677608 -0.00044107  0.00191021
8 57 17 421891 -0.01613998 -0.00093842  0.00290632
8 57 17 470596 -0.01378393 -0.00540447  0.00323343
8 57 17 521828 -0.01280546 -0.00532055  0.00307846
8 57 17 569010 -0.01438046 -0.00355339  0.00330639
8 57 17 618052 -0.01366282 -0.00408792  0.00296164
8 57 17 671458 -0.01151037 -0.00532913  0.00267029
8 57 17 721884 -0.00985098 -0.00338078  0.00292873
8 57 17 770524 -0.00920391 -0.00181198  0.00361156
8 57 17 820901 -0.00674486 -0.00026321  0.00245523
8 57 17 872706 -0.00469971  0.00446892  0.00045252
8 57 17 921408  0.00168943 -0.00646782  0.00170279
8 57 17 970469  0.00310469 -0.00440979  0.00100565
8 57 18 21069  0.00880671 -0.00362539  0.00104046
8 57 18 68784  1.14526749e-02 -3.09944153e-05  7.37190247e-04
8 57 18 123559 0.01296663 0.00245094 0.0002923 
8 57 18 172101 0.01452208 0.00050259 0.00058842
8 57 18 221670 0.01181841 0.00383139 0.00081968
8 57 18 270022 0.01313972 0.00501347 0.0007267 
8 57 18 319926  1.71275139e-02 -2.05039978e-05  8.63552094e-04
8 57 18 372104  0.01373005  0.00285816 -0.00019026
8 57 18 422750  0.01336908  0.00284672 -0.00173903
8 57 18 471242  0.02024603 -0.00539637 -0.0024128 
8 57 18 520468  0.02323818 -0.00528431 -0.00351143
8 57 18 574625  0.02205515 -0.00320959 -0.00389528
8 57 18 622441  0.01981878 -0.00527811 -0.00535107
8 57 18 672841  0.01805258 -0.00567198 -0.00629234
8 57 18 720634  0.01609468 -0.00185966 -0.00690651
8 57 18 767933  0.01465845 -0.0044446  -0.00648928
8 57 18 823892  0.0116148   0.00265026 -0.00649738
8 57 18 872266  0.0111413   0.00362015 -0.00681114
8 57 18 922857  0.01226282 -0.00091124 -0.00705671
8 57 18 970320  0.00863695  0.00567055 -0.00628948
8 57 19 24659  0.00810385  0.00544357 -0.00511265
8 57 19 72263  0.00906134  0.00172472 -0.00423479
8 57 19 122343  0.00444698  0.00404692 -0.00318527
8 57 19 171295 -0.00266218  0.00463963 -0.00215769
8 57 19 221140 -0.0064764   0.00240421 -0.00090027
8 57 19 273824 -6.48546219e-03  1.21974945e-03  8.86917114e-05
8 57 19 323663 -0.00627756  0.00123787  0.00129128
8 57 19 373540 -0.00893497  0.0020752   0.00188589
8 57 19 421396 -0.01156521  0.0015173   0.00195789
8 57 19 469829 -0.00822496  0.0017848   0.0023303 
8 57 19 522813 -0.00685215 -0.00087786  0.00251913
8 57 19 575272 -0.00737524 -0.00217104  0.00304079
8 57 19 622496 -0.00899172 -0.00212383  0.00337887
8 57 19 670666 -0.01062965 -0.00293255  0.00337315
8 57 19 725537 -0.01169729 -0.00309706  0.00332165
8 57 19 774339 -0.01128006 -0.00262594  0.00340509
8 57 19 822445 -0.0085907  -0.00328684  0.00378513
8 57 19 878321 -0.00379086 -0.00173378  0.00181866
8 57 19 926247 -0.00027275 -0.00158167  0.00093031
8 57 19 974508 0.00016212 0.00130129 0.00010443
8 57 20 23313  0.00391293  0.0032444  -0.00149393
8 57 20 71948  0.00749159 -0.00044346 -0.00214243
8 57 20 125832  0.00565815  0.00155735 -0.00229025
8 57 20 173898  0.00495291  0.00337172 -0.00193977
8 57 20 225467  0.0049963   0.00311661 -0.00238943
8 57 20 273471  0.00547504  0.00135612 -0.00220251
8 57 20 322627  0.00627661 -0.00013924 -0.00256586
8 57 20 377357  0.00618553 -0.00126171 -0.00235748
8 57 20 425289  0.00856495 -0.00267935 -0.00268316
8 57 20 473141  0.01080036 -0.00715113 -0.00304985
8 57 20 522346  0.00856304 -0.00457573 -0.0032773 
8 57 20 571536  0.00814772 -0.00475359 -0.00305319
8 57 20 625664  0.00675249 -0.00762272 -0.00291586
8 57 20 674990  0.00367928 -0.00261927 -0.00276089
8 57 20 722425  0.00221777 -0.00424433 -0.00191498
8 57 20 774073 -0.00087595 -0.00365543 -0.00237846
8 57 20 823063 -0.00371885  0.00103474 -0.00213861
8 57 20 875667 -0.00200748 -0.00351524 -0.00228739
8 57 20 924988 -0.00265503 -0.00177813 -0.00249481
8 57 20 976012 -0.00388145  0.00230885 -0.0026288 
8 57 21 22733 -0.0060668  -0.00191164 -0.00249624
8 57 21 75757 -0.00926971 -0.00107288 -0.00177002
8 57 21 126016 -0.0110755   0.00042868 -0.00106764
8 57 21 175339 -1.28650665e-02 -3.20816040e-03  3.29017639e-05
8 57 21 227909 -0.01479053 -0.00103569  0.0008316 
8 57 21 276808 -0.01459455 -0.00062752  0.00147963
8 57 21 327013 -0.01374769 -0.00196648  0.00247669
8 57 21 377119 -0.01279736 -0.00075388  0.0034318 
8 57 21 424793 -0.0112319  -0.00134277  0.00415421
8 57 21 477212 -9.94634628e-03  4.76837158e-07  1.93752146e+00
8 57 21 527128 -0.00896978  0.00029945  0.00593948
8 57 21 576874  0.00675392 -0.00339365  0.00018311
8 57 21 625826  7.22837448e-03 -4.79125977e-03  8.91685486e-05
8 57 21 674050  0.0049324  -0.00185394  0.00011778
8 57 21 727201  0.00550365 -0.00279093 -0.00051928
8 57 21 778201  0.00563097 -0.00110579 -0.0003581 
8 57 21 825784  0.00477982 -0.00302362 -0.00022793
8 57 21 873890  0.00458527 -0.00298548  0.00013208
8 57 21 928535  3.03173065e-03  6.14643097e-04 -5.91278076e-05
8 57 21 975941 1.93166733e-03 8.75949860e-04 3.29017639e-05
8 57 22 26693 0.00071907 0.00194454 0.00042248
8 57 22 75086 0.00060749 0.00087976 0.00063896
8 57 22 124583  0.00062513 -0.0008359   0.00115204
8 57 22 179718 -0.0015626   0.00110054  0.00183439
8 57 22 226312 -0.0021677   0.00035286  0.00258255
8 57 22 275941 -0.00350094  0.00191879  0.00292349
8 57 22 326838 -0.00455856 -0.00048828  0.00303507
8 57 22 375426 -0.00467157 -0.00336695  0.00327587
8 57 22 427846 -0.00544643 -0.00128126  0.00278616
8 57 22 478765 -0.00522184 -0.00307846  0.00222826
8 57 22 526570 -0.00564098 -0.0027504   0.00184441
8 57 22 574851 -0.00468826 -0.00528669  0.00146198
8 57 22 628035 -0.00459766 -0.00560045  0.00077915
8 57 22 678269 -0.0054493  -0.00419712  0.00041485
8 57 22 727469 -0.0048418  -0.00441933 -0.00101519
8 57 22 774788 -0.00332594 -0.00629854 -0.00120354
8 57 22 825049 -0.00247574 -0.00846052 -0.00206661
8 57 22 879472 -0.00252485 -0.00250101 -0.00298166
8 57 22 927931 -0.00228405 -0.00100756 -0.00297356
8 57 22 976011 -0.00131273 -0.00022316 -0.00286818
8 57 23 26285 -0.00107431  0.00276327 -0.00172091
8 57 23 78196  0.00185299  0.00115395 -0.00110722
8 57 23 126034  0.00187731  0.00204039 -0.00060463
8 57 23 177817  0.00218058  0.00565195 -0.00017262
8 57 23 227361 0.00394869 0.00494528 0.00033045
8 57 23 277230 0.00559855 0.003263   0.00049162
8 57 23 328918 0.00573492 0.00272179 0.00110006
8 57 23 378049 0.00668001 0.0015521  0.00169325
8 57 23 425959 0.00662565 0.00158834 0.00161791
8 57 23 477419 0.0048461  0.00170231 0.00161362
8 57 23 524815 0.00413656 0.00022793 0.00113535
8 57 23 580567  0.00426245 -0.0029211   0.00037432
8 57 23 627608  0.00358915 -0.00127745 -0.00031567
8 57 23 678694  0.00309563 -0.0011363  -0.00093889
8 57 23 726546  0.00335169 -0.00165939 -0.00169611
8 57 23 776415  0.00234652 -0.00187397 -0.00270653
8 57 23 828195  0.00133419 -0.00347996 -0.00269365
8 57 23 879362 -0.00059605 -0.00186968 -0.00261068
8 57 23 927900 -0.00158167 -0.00068188 -0.002038  
8 57 23 981632 -0.00320721  0.00027037 -0.00163507
8 57 24 27168 -0.00373697 -0.00054169 -0.00117636
8 57 24 79204 -0.00444174 -0.00016737 -0.00080395
8 57 24 128007 -0.00482225  0.0017252  -0.00023842
8 57 24 182147 -0.00438023  0.00184917  0.00030136
8 57 24 229151 -0.00415134  0.00270844  0.00066376
8 57 24 281663 -0.00349283  0.00151968  0.00183487
8 57 24 327430 -0.00402355  0.00134754  0.00243092
8 57 24 378486 -0.00406933  0.00211143  0.00237179
8 57 24 430886 -0.00419521  0.0016737   0.00338078
8 57 24 481768 -0.00429058  0.00123692  0.00357485
8 57 24 527501 -0.00297403 -0.00063515  0.00342274
8 57 24 579504 -0.00161219 -0.00147963  0.00287819
8 57 24 627549 -0.00183487 -0.0017705   0.00233078
8 57 24 681049 -0.00039387 -0.00122118  0.00187778
8 57 24 729704  0.00075245 -0.00110626  0.00062561
8 57 24 780121  1.28555298e-03 -2.46953964e-03 -1.43051147e-05
8 57 24 827605  0.00104809 -0.00115395 -0.00103569
8 57 24 878674  0.00155067 -0.00071716 -0.00154781
8 57 24 930141  0.00156736  0.00072622 -0.00223303
8 57 24 981568  0.00142097  0.00036716 -0.00299454
8 57 25 29727  0.00273895 -0.00091648 -0.00385237
8 57 25 79616  1.00135803e-05 -3.84374380e+00  5.31234264e-01
8 57 25 130629  0.00334454  0.00057697 -0.00376892
8 57 25 181410  0.00379419  0.00111437 -0.00355721
8 57 25 228540  0.00356007  0.00110388 -0.00236082
8 57 25 280475 0.00118351 0.00096798 0.00130939
8 57 25 330764 0.00084352 0.00077105 0.00116158
8 57 25 383124 8.01086426e-05 3.97109985e-03 1.23977661e-03
8 57 25 428725 0.00162315 0.00137186 0.00105143
8 57 25 478622 0.00170803 0.00131035 0.00080109
8 57 25 531907 0.00087357 0.00457764 0.00024557
8 57 25 583122  0.00093269  0.0026083  -0.00024033
8 57 25 629609  0.00011492  0.00291681 -0.00045776
8 57 25 681886  8.15391541e-05  1.04856491e-03 -9.27448273e-04
8 57 25 728269  0.00107431 -0.00265455 -0.00070143
8 57 25 783695 -9.05990601e-06  5.25474548e-04 -1.04856491e-03
8 57 25 830628 -0.00029135 -0.00043154 -0.00113249
8 57 25 882979  0.00021791 -0.00285721 -0.00118542
8 57 25 928827 -0.00106573 -0.00113392 -0.00097322
8 57 25 984626 -0.00063324 -0.00211191 -0.00086069
8 57 26 31680 -0.00010204 -0.00096464 -0.00082827
8 57 26 82585 -0.00070667  0.00106907 -0.00054455
8 57 26 128786 -1.00088120e-03 -6.34193420e-05 -3.53813171e-04
8 57 26 180055 -0.00103998  0.00056887  0.00015259
8 57 26 233076 -0.0013895   0.00098562  0.00057507
8 57 26 284008 -0.00018024  0.0004282   0.00029993
8 57 26 330358 -0.00029993  0.00093842  0.00092745
8 57 26 380598 -0.00112009  0.00141859  0.00120497
8 57 26 429099 -0.00110769  0.00047445  0.0010376 
8 57 26 484278 -0.00078011 -0.00023365  0.00107956
8 57 26 530237 -0.00132561  0.00145817  0.00133371
8 57 26 583140 -0.00027323  0.00109053  0.00094557
8 57 26 629202 -0.0003581   0.00182676  0.00063896
8 57 26 682520 -0.00049543  0.00161076  0.00059891
8 57 26 731499  2.99930573e-04 -2.73704529e-04  4.10079956e-05
8 57 26 784295  8.01086426e-05  7.71522522e-04 -2.98500061e-04
8 57 26 829454 -6.15119934e-05  1.59454346e-03 -5.60760498e-04
8 57 26 880264 -9.53674316e-06  3.66687775e-04 -3.50475311e-04
8 57 26 934097  0.00027609 -0.00093079 -0.00067234
8 57 26 983707  0.00072527 -0.00206137 -0.00115013
8 57 27 30532  1.38282776e-05 -1.02424622e-03 -1.07908249e-03
8 57 27 80313  0.00049305 -0.00013638 -0.00037432
8 57 27 133422  0.00035238 -0.00082922 -0.000844  
8 57 27 184836  0.00062418 -0.00184441 -0.00102377
8 57 27 231077  0.00098801 -0.00211287 -0.00052023
8 57 27 281875  6.39915466e-04  3.52859497e-05 -5.14030457e-04
8 57 27 330614  0.00042248  0.00124454 -0.00029755
8 57 27 384987  9.87052917e-05  1.38902664e-03 -2.38418579e-04
8 57 27 431859  0.00024271  0.00112438 -0.00023222
8 57 27 482233  0.00133753 -0.00066233  0.00017691
8 57 27 530822 0.00049114 0.00109339 0.00074673
8 57 27 582331 -0.00033379  0.00181913  0.00052357
8 57 27 632994 0.00042105 0.00041389 0.0002923 
8 57 27 683910 -0.00037956  0.00049639  0.00063038
8 57 27 730982  0.00032806 -0.00174904  0.00058126
8 57 27 781620  2.43186951e-05 -5.43594360e-04  8.74519348e-04
8 57 27 833974 -0.00107956  0.00045061  0.00036383
8 57 27 885409 -8.55445862e-04  4.52995300e-04  4.67300415e-05
8 57 27 931919 -1.03425980e-03 -1.36852264e-04  1.81198120e-05
8 57 27 982945 -9.87052917e-04 -9.53197479e-04 -7.48634338e-05
8 57 28 33646 -8.31127167e-04 -1.11579895e-04 -4.14848328e-05
8 57 28 85085 -0.00073957  0.00076628 -0.0006547 
8 57 28 132698 -9.95159149e-04  4.43935394e-04 -4.81605530e-05
8 57 28 184210 -0.00107479 -0.00029421 -0.00021076
8 57 28 230444 -4.94003296e-04 -8.48293304e-04  1.95503235e-05
8 57 28 286353 -1.81198120e-04 -5.02586365e-04 -3.57627869e-05
8 57 28 332896 -1.45912170e-04  3.48091125e-05 -3.97205353e-04
8 57 28 384544 -0.0004797   0.00034189  0.00033045
8 57 28 431269 -3.16143036e-04  6.05583191e-05 -2.67982483e-04
8 57 28 485474 -6.53266907e-05 -7.50064850e-04  1.23023987e-04
8 57 28 534194 -0.00016689  0.00020552 -0.00011349
8 57 28 585877 6.58988953e-04 6.56127930e-04 7.15255737e-05
8 57 28 631833 7.15255737e-05 5.85556030e-04 2.88486481e-04
8 57 28 684108 0.00011826 0.00079107 0.00026846
8 57 28 734933  0.00094175 -0.00059175  0.00032473
8 57 28 785466  2.44140625e-04  2.99999952e+00 -9.99999523e-01
8 57 28 832241 0.00019312 0.00056219 0.00014544
8 57 28 884260  0.00082874 -0.00057459  0.00011158
8 57 28 932428 -0.00013542  0.0001235  -0.00017357
8 57 28 985269  0.00018549  0.00043249 -0.00082159
8 57 29 34190  0.00017881  0.00042582 -0.00052595
8 57 29 84118  0.00051022 -0.00109863 -0.00030136
8 57 29 131814 -6.49929047e-04  1.41716003e-03  7.39097595e-05
8 57 29 186107  0.00029802  0.00038815 -0.00030041
8 57 29 235377  0.00072002 -0.00128746  0.00033712
8 57 29 285029 -7.82012939e-05  9.32216644e-04  2.08854675e-04
8 57 29 332832  0.00043297 -0.00066566  0.00058794
8 57 29 387281 -1.17301941e-04 -5.57899475e-05  2.48908997e-04
8 57 29 435606 -0.0012641   0.00135279  0.00027275
8 57 29 486194  0.00059032 -0.00198126  0.00027895
8 57 29 533484  0.00063848 -0.00015783  0.00035238
8 57 29 584227 0.00015497 0.0011363  0.00015402
8 57 29 636582  0.00016022 -0.00082731  0.00045967
8 57 29 685731 -0.00025511 -0.00024557  0.00030041
8 57 29 736453 -0.00137043  0.00182581 -0.00019503
8 57 29 784362  2.82287598e-04 -1.54209137e-03  3.95774841e-05
8 57 29 837542 -1.11103058e-04 -8.09192657e-04  9.05990601e-06
8 57 29 886934 -6.80923462e-04  1.18255615e-03 -5.91278076e-05
8 57 29 936487  0.00078297 -0.00133657 -0.00030041
8 57 29 985548 -0.00114346  0.00090504 -0.00032187
8 57 30 37698 -0.00079679  0.00083685 -0.00013351
8 57 30 88103  6.81877136e-04 -1.93262100e-03  2.19345093e-05
8 57 30 136802 -0.00055265  0.0010314   0.00014544
8 57 30 186771  2.09808350e-05  1.93119049e-04 -1.85489655e-04
8 57 30 235101  3.93867493e-04 -1.15489960e-03 -7.05718994e-05
8 57 30 289468 -1.16062164e-03  1.74760818e-03  1.95503235e-05
8 57 30 336674  7.34329224e-05 -4.89711761e-04  1.28746033e-05
8 57 30 387351  0.00079346 -0.00208759  0.00013447
8 57 30 435686 -0.00032854  0.00103045  0.00034428
8 57 30 485619  0.00054884 -0.00096607  0.00021315
8 57 30 537956 -0.00062275  0.0008359   0.00016117
8 57 30 586425 -9.62257385e-04  6.12735748e-04  4.24385071e-05
8 57 30 635983  0.00096178 -0.00162697  0.00046301
8 57 30 686010 1.00135803e-05 2.91824341e-04 2.40325928e-04
8 57 30 739749 -1.62124634e-05  8.38279724e-04  1.90734863e-06
8 57 30 789247  7.37667084e-04 -4.47273254e-04 -1.95503235e-05
8 57 30 836671 -1.16968155e-03  1.94835663e-03 -7.15255737e-05
8 57 30 886388  3.64780426e-04 -1.78337097e-04 -1.43051147e-06
8 57 30 940069  0.00092077 -0.00182295 -0.000175  
8 57 30 989728 -0.00032473  0.00149632 -0.00021124
8 57 31 37688  0.00033712 -0.00097132 -0.00024796
8 57 31 87791 -0.00034714 -0.00052404 -0.00039005
8 57 31 135483 -1.45769119e-03  1.34849548e-03 -9.39369202e-05
8 57 31 190767  0.00082159 -0.00170803 -0.00019884
8 57 31 238587  0.0004015  -0.00048208 -0.00036478
8 57 31 288798 -0.00031137  0.00108385 -0.0005188 
8 57 31 336322  0.00033045 -0.00109196 -0.00027704
8 57 31 386711 -0.00116301  0.00158882 -0.00030518
8 57 31 439037 -0.00044966  0.00066519 -0.00018263
8 57 31 489512  0.00114107 -0.00169706  0.00014305
8 57 31 540300  3.67641449e-04  1.13105774e-03 -5.72204590e-06
8 57 31 586947 0.00024509 0.00078535 0.00011826
8 57 31 635321 -2.30312347e-04  1.43051147e-06 -8.58306885e-05
8 57 31 689073 -1.07526779e-03  1.89161301e-03  4.05311584e-05
8 57 31 739142  0.00064707 -0.00165367  0.00028181
8 57 31 787916  0.0008955  -0.00110531 -0.00010109
8 57 31 835993 -0.00096989  0.00138617  0.00022316
8 57 31 884188 -0.00056934  0.00119209  0.00025558
8 57 31 937825  0.00048351 -0.00053787 -0.00015974
8 57 31 988687 -9.93728638e-04  1.12056732e-04 -9.25064087e-05
8 57 32 37793 -2.19345093e-05 -1.28269196e-04 -2.95639038e-05
8 57 32 91418  0.00074863 -0.00048113  0.00038767
8 57 32 138947  1.06811523e-04  4.76837158e-05 -2.60829926e-04
8 57 32 189225 -0.00016642 -0.00075388 -0.00024939
8 57 32 238028 -0.00060225  0.00138664 -0.00021267
8 57 32 287540 -0.00071049  0.00216007 -0.00011015
8 57 32 341460  0.00136709 -0.00223303  0.00014591
8 57 32 389801  0.00099802 -0.0016818   0.00051498
8 57 32 439594 -0.00050306  0.00139427 -0.00026894
8 57 32 488953 -0.00104809  0.0019083  -0.00030279
8 57 32 536366 -7.95841217e-04  7.23361969e-04  2.05039978e-05
8 57 32 589410  3.19480896e-04 -2.01797485e-03  8.72612000e-05
8 57 32 640630  0.00131416 -0.00258017  0.00014925
8 57 32 689134 -0.00075102  0.00166941  0.00035334
8 57 32 736951 -0.00216293  0.00423193  0.00046921
8 57 32 791758 -0.00023079 -0.00033188  0.00036526
8 57 32 839383  5.86032867e-04 -3.24869156e-03  7.39097595e-05
8 57 32 891341  0.00012779 -0.00026751  0.00013781
8 57 32 940896 -9.34600830e-05 -2.85625458e-04 -1.44958496e-04
8 57 32 988175  6.43730164e-05 -5.72204590e-06  1.13010406e-04
8 57 33 42053  1.61647797e-04 -1.78813934e-04 -3.33786011e-06
8 57 33 90558 -0.00041056  0.00016642  0.00036716
8 57 33 140812 -3.24249268e-05 -2.78949738e-04  5.04493713e-04
8 57 33 188695 -0.00032949 -0.00025654  0.00039148
8 57 33 243054 -2.60353088e-04  9.10758972e-05  5.23090363e-04
8 57 33 290966 -4.74452972e-04 -8.34465027e-05  1.17301941e-04
8 57 33 342820 -0.00049686 -0.00087881  0.00055218
8 57 33 391240 -5.03540039e-04  9.39369202e-05  2.59399414e-04
8 57 33 442731 -3.80516052e-04  2.40325928e-04  5.86509705e-05
8 57 33 491943  2.42233276e-04 -9.96589661e-05  3.07083130e-04
8 57 33 540748 -3.70025635e-04  5.10692596e-04 -5.24520874e-05
8 57 33 589955 -9.29832458e-05  2.29358673e-04  6.43730164e-05
8 57 33 638844 -3.55720520e-04  7.62939453e-05 -2.35080719e-04
8 57 33 693298 -6.94751740e-04 -2.67028809e-05 -2.29835510e-04
8 57 33 741274 -0.00034666  0.00023413 -0.00046396
8 57 33 790849 -1.54018402e-04  7.72476196e-05 -2.05993652e-04
8 57 33 839943  4.52995300e-05 -4.38690186e-05 -2.46524811e-04
8 57 33 889905  3.52859497e-05 -2.95162201e-04 -2.70366669e-04
8 57 33 943080  0.00011683 -0.00020885 -0.00044727
8 57 33 991162  1.35898590e-04 -4.43458557e-04  4.76837158e-07
8 57 34 40708  0.00041628 -0.00028706  0.00021267
8 57 34 89440 -4.59671021e-04 -1.17301941e-04  2.38418579e-05
8 57 34 143814  2.43186951e-04 -4.71591949e-04 -9.34600830e-05
8 57 34 190732 -0.00013685  0.0001626   0.0003314 
8 57 34 241509 0.00014544 0.00022221 0.0002389 
8 57 34 289827  9.78469849e-04 -8.10623169e-05  2.80857086e-04
8 57 34 346447  0.00048637  0.00071478 -0.00017118
8 57 34 391788 4.80651855e-04 5.81741333e-05 3.10897827e-04
8 57 34 443315 8.05854797e-05 2.40802765e-04 5.12599945e-04
8 57 34 492245  0.00042534  0.00072479 -0.00037241
8 57 34 540874 -8.01086426e-05 -1.62124634e-05  1.90734863e-04
8 57 34 593722  3.95774841e-05  1.72138214e-04 -6.20841980e-04
8 57 34 643537 -5.57899475e-05 -6.52313232e-04 -5.29289246e-05
8 57 34 692934 -9.03606415e-04  1.01232529e-03 -1.95503235e-05
8 57 34 742557 -0.00027704 -0.0002408  -0.00019932
8 57 34 794849 -0.00028944 -0.0010128  -0.00031805
8 57 34 844317 -0.00033236  0.00017834 -0.00019121
8 57 34 892502 -9.91821289e-05  6.53266907e-05 -6.43730164e-05
8 57 34 942237 -1.08242035e-04 -4.67300415e-05 -1.06811523e-04
8 57 34 996353  4.91142273e-05 -3.48567963e-04  6.96182251e-05
8 57 35 43296  6.91413879e-05 -1.09195709e-04  2.67028809e-04
8 57 35 93048 -0.00010109 -0.00033951  0.00016642
8 57 35 142984 -0.00025606  0.00024939  0.00011635
8 57 35 191625  0.00031519 -0.00053501  0.00028753
8 57 35 245443 -2.81333923e-05 -3.44276428e-04  3.73363495e-04
8 57 35 293883 -0.00053215  0.00090265  0.00012732
8 57 35 343648 0.00054264 0.00014877 0.00029564
8 57 35 392226  0.00068521 -0.00060368  0.0002718 
8 57 35 442065 0.00018024 0.00017834 0.00022697
8 57 35 493995 -7.67707825e-05  5.83171844e-04  2.57492065e-04
8 57 35 545177  0.00050879  0.00031233 -0.00042772
8 57 35 594055  0.00037241  0.00031805 -0.00058842
8 57 35 642343 -0.00013351  0.00045252 -0.00037098
8 57 35 691534  5.76972961e-05  7.55310059e-04 -7.18593597e-04
8 57 35 744249  3.19480896e-05  4.38690186e-05 -1.15966797e-03
8 57 35 793192  0.00010729 -0.00063801 -0.00100851
8 57 35 842330 -0.00015831 -0.00099516 -0.00063848
8 57 35 891733 -0.00024796 -0.00019693 -0.00068235
8 57 35 946033 -2.31742859e-04 -8.20159912e-05 -4.03881073e-04
8 57 35 994681  0.00025368 -0.00037289 -0.00022984
8 57 36 44453 -9.87052917e-05 -4.94480133e-04  1.19209290e-05
8 57 36 91536 -0.00026608  0.00024509  0.00015736
8 57 36 145581 0.00023842 0.00042486 0.00036621
8 57 36 194915 -1.05857849e-04  1.00135803e-05  1.22785568e-03
8 57 36 244904 -0.00016308  0.00059891  0.0007062 
8 57 36 293376 -0.00036526  0.00035954  0.00082254
8 57 36 343131 -0.00024366 -0.00029421  0.00061607
8 57 36 395444 -0.00031519 -0.00061131  0.00078821
8 57 36 445235 -0.00060272 -0.00076675  0.00067139
8 57 36 493998 -5.99861145e-04  3.12480927e-02 -2.37499905e+00
8 57 36 541997 -0.00083351 -0.0007925   0.00038528
8 57 36 591605 -0.00167179  0.00123549 -0.00132465
8 57 36 646511 -2.86102295e-06  8.20636749e-04 -1.14059448e-03
8 57 36 694290  0.0013938  -0.00146437 -0.0017252 
8 57 36 742212  0.00023603 -0.0015645  -0.0017128 
8 57 36 795355  0.00067806 -0.00035429 -0.0008173 
8 57 36 842045 -0.00024319  0.         -0.000916  
8 57 36 895504 -0.00062799 -0.00189114 -0.00062895
8 57 36 945247 -0.00116062 -0.00050116  0.00026369
8 57 36 993499 -0.00117826  0.00058126  0.00029135
8 57 37 43071  0.0007534  -0.00185585  0.0007205 
8 57 37 96995  9.44137573e-05 -1.88350677e-03  1.44100189e-03
8 57 37 145857 -0.00026321 -0.00184202  0.00154638
8 57 37 193506  0.00137711 -0.00300169  0.00109005
8 57 37 244102 -5.91278076e-05 -1.98841095e-03  1.26647949e-03
8 57 37 297765 -0.00101519 -0.00148678  0.0009222 
8 57 37 347259  0.00019979 -0.00084448  0.00080872
8 57 37 394031 -0.00064898  0.00098228  0.00083733
8 57 37 444760  0.0002656  -0.00028658  0.00063944
8 57 37 497681 -0.0004611   0.0022893   0.00045538
8 57 37 547445 -0.00052166  0.00253344  0.0001483 
8 57 37 595546 -0.00031042  0.00047684 -0.0009675 
8 57 37 646015  0.00013828  0.00033522 -0.00072098
8 57 37 697409  0.000453   -0.00230932 -0.00126696
8 57 37 747980  0.00015974 -0.00110912 -0.000916  
8 57 37 795587 -0.00031996 -0.00132561 -0.00050259
8 57 37 846826 -0.00094748 -0.00154781 -0.00034189
8 57 37 896760 -0.00172949 -0.00062656 -0.00029278
8 57 37 944621 -0.00034523 -0.00161791  0.00016975
8 57 37 997374  1.12533569e-04  7.24792480e-05 -4.07695770e-04
8 57 38 47223  0.002913   -0.00540066 -0.0016489 
8 57 38 96043  0.00110817 -0.00035715 -0.00126839
8 57 38 146071 -0.00228262  0.0037322  -0.00126171
8 57 38 197911 -0.00062895 -0.0036025  -0.00045061
8 57 38 247866  0.0001092  -0.00241375  0.00083447
8 57 38 295364 -2.09808350e-04 -2.24018097e-03  3.67164612e-05
8 57 38 343324 -0.00134706 -0.00169182  0.0007    
8 57 38 392954 -8.37802887e-04 -8.10623169e-05  3.67164612e-04
8 57 38 445642  0.00120163 -0.00292349  0.00039911
8 57 38 495077  0.001122   -0.00637484  0.00079107
8 57 38 544253  0.00084448 -0.00247145  0.00130033
8 57 38 593659 -0.00107145  0.00057173  0.00161314
8 57 38 646437 -0.00029182 -0.00192642  0.0019784 
8 57 38 696174 -0.00039005 -0.00309706  0.00140285
8 57 38 744915  0.00027657 -0.00396252  0.00153971
8 57 38 795843 -7.47203827e-04  9.63211060e-05  2.10714340e-03
8 57 38 848446 -0.00145674  0.00115156  0.00178242
8 57 38 897128  0.00091267 -0.00179243  0.00130081
8 57 38 946138  0.00088024 -0.00443602  0.00132608
8 57 38 995015 -0.00053453 -0.00306177  0.00148344
8 57 39 49841 -0.00014496 -0.00171661  0.00053358
8 57 39 97489 -0.00083303  0.00025225  0.00096273
8 57 39 146141 -0.00100422 -0.00084972  0.00033188
8 57 39 196212  5.74111938e-04 -3.58581543e-03 -1.33514404e-05
8 57 39 245983  0.00062275 -0.00222301 -0.00064898
8 57 39 298280 -0.00086308  0.00146055 -0.0011344 
8 57 39 347711  3.67164612e-05  2.20680237e-03 -1.97410583e-03
8 57 39 397320  6.05583191e-05 -4.09126282e-04 -2.73561478e-03
8 57 39 445905 -0.00026894 -0.00128651 -0.00260639
8 57 39 494746 -7.29560852e-05 -1.27315521e-03 -2.57301331e-03
8 57 39 549289 -0.00083399  0.00120068 -0.00261736
8 57 39 597283 -0.00056696 -0.00054216 -0.00223064
8 57 39 647178 -0.00021219 -0.00217819 -0.00159645
8 57 39 695583 -6.67572021e-06 -2.24447250e-03 -7.46250153e-04
8 57 39 746607  0.0007596  -0.00361633 -0.0004735 
8 57 39 798689  0.00081015 -0.00239611  0.00048542
8 57 39 847087  0.00080681 -0.00328875  0.00133085
8 57 39 896778  0.00066423 -0.00369024  0.00212288
8 57 39 945285  0.00048208 -0.00318193  0.00295544
8 57 39 999577  0.00049353 -0.002841    0.00351858
8 57 40 49026  0.00074673 -0.00282764  0.00363255
8 57 40 97920  0.00081253 -0.00344467  0.00328255
8 57 40 146349 0.00069761 0.00063324 0.0015893 
8 57 40 199800 0.00042057 0.00057793 0.00129032
8 57 40 250385 0.00078773 0.00102949 0.00032711
8 57 40 297794 0.00015068 0.00156212 0.0004096 
8 57 40 346369 -0.00021458  0.00119019  0.00010681
8 57 40 396001  0.00028038  0.00044823 -0.00014639
8 57 40 449740 -5.34057617e-05  1.19352341e-03 -5.16414642e-04
8 57 40 499112 -1.57356262e-05 -1.76429749e-04 -3.48567963e-04
8 57 40 547488 -0.00060892 -0.00024319 -0.00033331
8 57 40 597068 -4.40597534e-04  9.82284546e-05 -7.82012939e-04
8 57 40 645656 -0.00018549 -0.00087261 -0.00092411
8 57 40 699102 -0.00066471 -0.00044394 -0.00059462
8 57 40 751324 -0.00062561 -0.00056076 -0.00105143
8 57 40 798315 -0.00093937 -0.00051928 -0.00099993
8 57 40 847284 -0.00107908 -0.00018311 -0.00071478
8 57 40 896481 -8.39233398e-04 -2.05993652e-04 -5.67436218e-05
8 57 40 951148 -6.52790070e-04 -3.86238098e-04  6.67572021e-05
8 57 40 998919  8.77380371e-05 -1.49250031e-04  3.32832336e-04
8 57 41 47278 -0.0002408  -0.00030756  0.00063801
8 57 41 97699 -0.00011206  0.00018549  0.00048065
8 57 41 146251 -0.00016642  0.00024652  0.00068188
8 57 41 199763 -0.00040674  0.00011444  0.00101662
8 57 41 248361 -0.00016546 -0.00024652  0.00082827
8 57 41 298625 -0.0001111   0.00059223  0.00046682
8 57 41 351095 -3.45706940e-04  8.10623169e-05  5.55515289e-04
8 57 41 399533 8.01086426e-05 9.75131989e-04 5.39302826e-04
8 57 41 449563 0.00059175 0.00049114 0.00038481
8 57 41 498598 0.00030708 0.00069427 0.00029469
8 57 41 550657  0.00076294  0.00039577 -0.00037718
8 57 41 600579  0.0007     -0.00011301 -0.00053596
8 57 41 650099 -0.00011539 -0.00014687 -0.00077629
8 57 41 699576  0.00034046 -0.0001955  -0.00105906
8 57 41 749630 -2.81333923e-05 -8.05854797e-04 -7.26222992e-04
8 57 41 801047 -6.19888306e-05 -8.26835632e-04 -1.07431412e-03
8 57 41 849598 -0.00029373 -0.00058651 -0.00086927
8 57 41 900099 -6.19888306e-06  1.33514404e-04 -8.47816467e-04
8 57 41 949750 -1.00135803e-05 -2.44140625e-04 -9.36985016e-04
8 57 41 997682  0.00037813 -0.00025702 -0.00064325
8 57 42 50790  0.00073004  0.00047445 -0.00026274
8 57 42 100770 -0.00011063  0.00046587 -0.00019693
8 57 42 150714 0.00010395 0.00030279 0.00014591
8 57 42 198638 -0.00025702 -0.00045109 -0.00032473
8 57 42 251588 -2.64644623e-04  8.39233398e-05  3.41415405e-04
8 57 42 301305 -0.00028849  0.00043297  0.0006752 
8 57 42 350482 -0.00016356  0.00036478  0.00039768
8 57 42 399533 -0.00055361 -0.0001545   0.00061798
8 57 42 447858 -3.49998474e-04 -2.52723694e-05  2.79903412e-04
8 57 42 501488 -0.00043964 -0.00021887  0.00056028
8 57 42 554031 -3.47137451e-04  9.34600830e-05  8.96453857e-05
8 57 42 600244 -0.00037479  0.00011873  0.00039721
8 57 42 649145 -0.00065422  0.00032806  0.00023031
8 57 42 702629 -0.0005765   0.00031805  0.00028419
8 57 42 750593 -7.48157501e-04  8.20159912e-05 -2.46047974e-04
8 57 42 801019 -0.0004077  -0.00017834  0.00041294
8 57 42 850117 -1.07288361e-04  1.61170959e-04 -1.85966492e-05
8 57 42 903586 -8.77380371e-05 -4.24861908e-04 -1.00135803e-05
8 57 42 952445 -1.78337097e-04 -2.26974487e-04 -2.24113464e-05
8 57 43 1571 -0.00021219 -0.00028467 -0.00010443
8 57 43 52431 -3.69548798e-04 -5.91278076e-05 -1.59263611e-04
8 57 43 104472 -5.11646271e-04  3.64780426e-04 -2.00271606e-05
8 57 43 155397  2.28881836e-05 -4.67300415e-05 -2.24113464e-04
8 57 43 202199  7.86781311e-05 -8.77380371e-05 -1.30653381e-04
8 57 43 250907  8.20159912e-05  4.52518463e-04 -2.97069550e-04
8 57 43 300785  0.00045347  0.00053072 -0.00011492
8 57 43 352541 -8.01086426e-05 -3.02314758e-04 -2.88963318e-04
8 57 43 403197 0.0003438  0.00025606 0.00016499
8 57 43 451664  0.00045443 -0.00013113 -0.00014973
8 57 43 501376  0.00028181  0.00010586 -0.0001955 
8 57 43 551822  1.47819519e-05  3.45706940e-04 -3.62873077e-04
8 57 43 604050  5.72204590e-06 -3.95774841e-05 -2.82287598e-04
8 57 43 653625 -1.53064728e-04 -4.76837158e-07 -3.11851501e-04
8 57 43 701690  0.00052786 -0.00129604 -0.00054216
8 57 43 755266  2.15339661e-03  3.12299728e-02 -2.31250668e+00
8 57 43 800416 -0.00037193 -0.00248098 -0.00081968
8 57 43 853217 -0.00105333 -0.00228167  0.00079107
8 57 43 902368 -0.00020456 -0.00406981  0.00128317
8 57 43 951261 -0.00094652 -0.00220728  0.00218534
8 57 44 6017  0.00215626 -0.00692987  0.00334597
8 57 44 55125  0.00105524 -0.00249577  0.00411224
8 57 44 103476  0.00212765 -0.00311565  0.0051403 
8 57 44 152263  0.00070667 -0.00280428  0.00489616
8 57 44 202085 0.00043774 0.00014114 0.00401258
8 57 44 254223  0.00064945 -0.00103903  0.00273943
8 57 44 306071 -0.00120497  0.00124216  0.0016427 
8 57 44 353679 -9.53674316e-06 -4.65393066e-04  2.04086304e-04
8 57 44 402626  0.00066137 -0.0005765  -0.00090837
8 57 44 451349  6.10351562e-05  2.12669373e-03 -1.99222565e-03
8 57 44 505005 -0.00040197  0.0037818  -0.00331497
8 57 44 553510  0.00052071  0.0033865  -0.00426245
8 57 44 603699  0.00033569  0.0013628  -0.0060668 
8 57 44 651826 -0.00130081  0.0023942  -0.00774193
8 57 44 701211 -0.00067711  0.00186491 -0.00808668
8 57 44 756035 -0.00273895 -0.00086927 -0.00744152
8 57 44 804329 -0.00471878  0.0001936  -0.00494432
8 57 44 853085 -0.00347519 -0.00098181 -0.00284815
8 57 44 903538 -0.00165462 -0.00237846 -0.00126839
8 57 44 951038 -0.00119019 -0.00104618  0.00076342
8 57 45 4982  0.00154734 -0.00212002  0.00248575
8 57 45 53123  0.00306368 -0.00342989  0.00375271
8 57 45 102777  0.00229073 -0.00239277  0.00492954
8 57 45 152172  0.00163984 -0.0030241   0.0054388 
8 57 45 201773 -0.00024557 -0.00228167  0.00636816
8 57 45 254594 -0.00192165 -0.00111771  0.0062418 
8 57 45 303935 -0.00116634 -0.00209999  0.00629091
8 57 45 352171 -0.00129414 -0.00155067  0.00568724
8 57 45 405614 -0.00079155 -0.00042629  0.00483608
8 57 45 454604 0.0003047  0.00131083 0.00334692
8 57 45 504683 0.00266647 0.0018158  0.00107527
8 57 45 553583  0.00276136  0.0029912  -0.00082827
8 57 45 602734  0.00119352  0.00459242 -0.00248718
8 57 45 656202 -0.00021076  0.00521421 -0.00434399
8 57 45 705476 -0.00206757  0.00702524 -0.00494146
8 57 45 754185 -0.00236273  0.00684834 -0.00518894
8 57 45 803778 -0.00214958  0.00458908 -0.00522518
8 57 45 859626 -0.00114202  0.00388479 -0.00488663
8 57 45 905681  0.00022125  0.00226688 -0.0037508 
8 57 45 955066  0.00097513 -0.00052547 -0.00312614
8 57 46 4439  0.00234747 -0.00228024 -0.00152588
8 57 46 53417  0.00374937 -0.00436306 -0.0003686 
8 57 46 106305  0.00295973 -0.00488138  0.00010633
8 57 46 155706  0.002213   -0.00437546  0.00112629
8 57 46 205162  0.00064564 -0.00374269  0.00182104
8 57 46 254362  0.0001545  -0.00382376  0.00262737
8 57 46 307694  0.00035    -0.00302935  0.00376892
8 57 46 356782 -0.00033808 -0.00215101  0.00392675
8 57 46 406055  0.00100613 -0.00227451  0.00368023
8 57 46 454865  0.0017252  -0.00252724  0.00309038
8 57 46 503537  0.00186443 -0.00179338  0.00288343
8 57 46 557683  0.00235653 -0.00153828  0.00338364
8 57 46 606157 0.00131178 0.00107098 0.00337458
8 57 46 655188 0.00115728 0.00264454 0.00351763
8 57 46 704625 9.05990601e-06 3.96060944e-03 3.18336487e-03
8 57 46 757570 -0.00092411  0.00471878  0.00181437
8 57 46 807466 -0.00087738  0.00435448  0.00017834
8 57 46 855840 -0.00037909  0.00627184 -0.001122  
8 57 46 905402 -0.00025558  0.00405836 -0.001616  
8 57 46 954362 -0.00065947  0.00274277 -0.00305891
8 57 47 8646 -0.00190926  0.00337553 -0.00424099
8 57 47 60313 -0.00118494  0.00123453 -0.00518894
8 57 47 106939 -0.00153399 -0.00202703 -0.00472021
8 57 47 155470 -0.00206327 -0.00238562 -0.00439453
8 57 47 208975 -0.00390434 -0.00214338 -0.00302267
8 57 47 259047 -0.00354576 -0.00320005 -0.002563  
8 57 47 307258 -0.00070953 -0.00746918 -0.00290632
8 57 47 355757 -0.00129747 -0.00712824 -0.00204134
8 57 47 409234 -0.00025225 -0.00702429 -0.0005579 
8 57 47 458852  0.00057364 -0.00570822  0.00105381
8 57 47 507652  0.00127029 -0.00375986  0.00126696
8 57 47 559196  0.00015593 -0.00103378  0.00117779
8 57 47 605426 -3.55720520e-04  3.33786011e-06  3.25000381e+00
8 57 47 661202 0.0006361  0.00165081 0.00067616
8 57 47 708460 -0.00063276  0.00064135  0.00046539
8 57 47 760559 -0.00046158  0.00050592  0.00183535
8 57 47 807270 -0.00019503  0.00025415  0.00338888
8 57 47 856667  0.00037575 -0.00077915  0.0048871 
8 57 47 909065  0.00174856 -0.00105     0.00677729
8 57 47 961250  0.00300694 -0.00282526  0.00835991
8 57 48 6835  0.00344467 -0.00217533  0.00909519
8 57 48 61149  0.00318336 -0.00141907  0.00849342
8 57 48 110274  0.00243473 -0.00105906  0.00808144
8 57 48 158996  0.00226784 -0.0003705   0.00699615
8 57 48 208336  0.0020113  -0.00180483  0.00488234
8 57 48 256574  0.0003438  -0.00049353  0.00195694
8 57 48 310342 -0.00102425 -0.00031328 -0.00038719
8 57 48 359097 -0.00113344 -0.00121212 -0.00297785
8 57 48 408656 -0.00080729 -0.00070143 -0.00539351
8 57 48 457506 -0.00137472 -0.00181389 -0.00738716
8 57 48 508298 -0.00191641 -0.00083876 -0.00881481
8 57 48 560178 -0.00243139 -0.00084019 -0.00943995
8 57 48 609894 -0.0025363  -0.00143433 -0.00966597
8 57 48 661366 -0.00312281 -0.00197363 -0.00936222
8 57 48 708094 -0.00383663 -0.00044346 -0.00769234
8 57 48 757381 -0.00365496 -0.00018024 -0.00647449
8 57 48 808922 -0.00313091 -0.00012827 -0.00397635
8 57 48 859818 -0.00183916  0.00073099 -0.00112724
8 57 48 909251 -0.00081921  0.00191498  0.00137615
8 57 48 957554 -0.00010824  0.00222301  0.00434732
8 57 49 6596 0.001019   0.00085354 0.00632811
8 57 49 62028  0.00349426 -0.00285816  0.00744057
8 57 49 109500  0.00164986 -0.00120831  0.00879383
8 57 49 158194  0.00181293 -0.00478363  0.00855637
8 57 49 207214  0.00372267 -0.0058465   0.00853968
8 57 49 256692  0.0009613  -0.00615072  0.00761461
8 57 49 310675 -0.00162363 -0.00258827  0.00632286
8 57 49 358347  0.00087833 -0.0003705   0.00349474
8 57 49 407990  0.00135899 -0.00057411  0.00128508
8 57 49 460655 -0.00048447  0.00254822 -0.00157833
8 57 49 510967  0.00155878 -0.00011969 -0.00503492
8 57 49 560677  0.00097275  0.00040054 -0.00743341
8 57 49 609457 -0.00047255  0.00312567 -0.00869179
8 57 49 658029  0.00051689  0.00130892 -0.00947571
8 57 49 711835 -0.00125694  0.00327492 -0.00896788
8 57 49 766037 -0.00365734  0.00572062 -0.00701618
8 57 49 811501 -0.00354958  0.00565863 -0.00570822
8 57 49 858803 -0.00170612  0.00357676 -0.00452662
8 57 49 909000 -0.00178576  0.00554419 -0.00279999
8 57 49 960900  0.00051641  0.00180531 -0.00081921
8 57 50 10564 0.00091839 0.00345421 0.00022316
8 57 50 63220 0.00119209 0.00503159 0.00248051
8 57 50 108511  0.00094795 -0.00252247  0.00543976
8 57 50 160316 -0.00015306  0.00218296  0.00577927
8 57 50 210325  0.0028882  -0.0055542   0.00595903
8 57 50 259836 -0.00329876 -0.00700235  0.00694418
8 57 50 310232 -0.00511026  0.00204277  0.00630426
8 57 50 361654 -3.48091125e-05 -1.09586716e-02  4.04548645e-03
8 57 50 413126 -0.00085974 -0.00726604  0.0030241 
8 57 50 459631 -0.0002389  -0.00319815  0.00142288
8 57 50 509540  0.00070095 -0.00580454  0.0005827 
8 57 50 558156  0.00074148 -0.00248432 -0.00012684
8 57 50 612432 -0.00111818 -0.00409412 -0.00097513
8 57 50 666262 -0.00082874 -0.00145531 -0.00177145
8 57 50 713876 -7.34329224e-05 -8.84056091e-04 -2.35986710e-03
8 57 50 762669 -0.00099468 -0.0006361  -0.00371456
8 57 50 814250  0.00047064 -0.00039911 -0.00458479
8 57 50 865959 -0.00088739 -0.00114918 -0.00479221
8 57 50 912472 -2.36511230e-03  9.39369202e-05 -4.25910950e-03
8 57 50 963599 -5.72204590e-05  5.09262085e-04 -2.82955170e-03
8 57 51 10654  0.00083065  0.00113726 -0.00177431
8 57 51 62721 -0.00072432  0.00459623 -0.00040579
8 57 51 111756 0.00166368 0.00499201 0.000916  
8 57 51 160852 0.00218868 0.00601387 0.00163412
8 57 51 210071 0.00131607 0.00641632 0.00258207
8 57 51 262412 0.00187397 0.00589848 0.00361919
8 57 51 312212  8.90731812e-04  2.28881836e-05 -1.90623665e+00
8 57 51 364235 0.00114441 0.003479   0.00378227
8 57 51 411723  0.00027609 -0.00017929 -0.00029325
8 57 51 460230  0.00098896 -0.00045776 -0.00037432
8 57 51 512467  0.00062704 -0.00080729 -0.00029325
8 57 51 564051  0.00016689 -0.0006628  -0.00010109
8 57 51 612554  0.00014782 -0.00050783 -0.0003171 
8 57 51 661574 -6.80446625e-04 -6.29425049e-05  3.28540802e-04
8 57 51 713300 -0.00054741  0.00029421  0.0002861 
8 57 51 762149 3.81469727e-05 6.67572021e-05 2.34127045e-04
8 57 51 811860 3.56197357e-04 9.36031342e-04 2.67028809e-05
8 57 51 860835 6.62326813e-04 5.34534454e-04 4.29153442e-05
8 57 51 910280  0.00121069  0.00102234 -0.00047636
8 57 51 962807 0.0010252  0.00081539 0.00014591
8 57 52 13003 -0.00018024 -0.00020647  0.00035667
8 57 52 62209 -4.33921814e-05 -2.12669373e-04  1.87873840e-04
8 57 52 115086 -5.53131104e-04 -9.75608826e-04  9.15527344e-05
8 57 52 165421 -0.00027752 -0.0021162   0.0001297 
8 57 52 215496 -0.00025463 -0.00180054  0.00039434
8 57 52 262788 -0.00040054 -0.00139713  0.00044775
8 57 52 313136 -1.05381012e-04 -1.55401230e-03  2.47955322e-05
8 57 52 364375  1.03473663e-04 -3.16143036e-04  3.95774841e-05
8 57 52 413722  2.81333923e-05 -4.42504883e-04  2.91824341e-04
8 57 52 463794  0.00011206 -0.00035334  0.0001049 
8 57 52 512093 -3.54290009e-04 -6.25610352e-04 -2.90870667e-05
8 57 52 561229 -9.71317291e-04 -4.67300415e-05  8.63075256e-05
8 57 52 615922 -0.00115347 -0.0006094   0.0002799 
8 57 52 663610 -1.12438202e-03 -5.46455383e-04 -2.19345093e-05
8 57 52 713700 -5.64575195e-04 -6.00814819e-05  7.86781311e-05
8 57 52 761577 -0.00046539  0.00044346  0.00030088
8 57 52 812591 -0.00033665  0.00048685  0.00027561
8 57 52 864682 0.00055361 0.00037718 0.00022268
8 57 52 914663 0.00030851 0.00047493 0.00031185
8 57 52 962740  4.14848328e-05  7.66754150e-04 -3.82423401e-04
8 57 53 12136 -7.82012939e-05  8.11100006e-04 -5.96046448e-04
8 57 53 62850 -6.58035278e-04  6.72817230e-04 -3.81469727e-06
8 57 53 114544 -4.34875488e-04  5.04970551e-04 -6.24656677e-05
8 57 53 162980 -0.00084257  0.00039434 -0.00046492
8 57 53 212496 -0.00029421 -0.00018024 -0.00042439
8 57 53 261288 -3.53336334e-04  7.77244568e-05 -7.38620758e-04
8 57 53 310816 -7.34329224e-05 -4.36782837e-04 -8.54969025e-04
8 57 53 363674  0.00038195 -0.00057173 -0.00068951
8 57 53 412798  9.10758972e-05 -7.90119171e-04 -1.12676620e-03
8 57 53 461947 -0.00035477 -0.00079107 -0.00042915
8 57 53 515595 -0.00014353 -0.00065422 -0.00051498
8 57 53 564458 -0.00010872 -0.00035     0.00010252
8 57 53 615235 -0.00051069 -0.00049448 -0.00057936
8 57 53 662816 -0.00056887 -0.00049686 -0.00064182
8 57 53 712713 -0.00043011 -0.00016165 -0.00066185
8 57 53 768409 -2.30789185e-04 -5.57899475e-05 -5.97953796e-04
8 57 53 815797 -0.00039339 -0.00010157 -0.00054455
8 57 53 864317 -0.00024319  0.00035095 -0.00036478
8 57 53 913012 -3.17096710e-04  1.32560730e-04 -5.62667847e-05
8 57 53 961716 -0.0008831   0.00015116  0.00012445
8 57 54 15213 -4.31537628e-04  5.50746918e-04 -7.15255737e-05
8 57 54 64078 0.00013494 0.00011015 0.00025511
8 57 54 116036 -1.88827515e-04 -2.95639038e-05  4.39643860e-04
8 57 54 162083 -2.14099884e-04  6.81877136e-05  8.48770142e-05
8 57 54 211988 -1.45435333e-04  4.21524048e-04  3.29017639e-05
8 57 54 264779 -5.27858734e-04  8.27789307e-04 -2.71797180e-05
8 57 54 314343 -0.00020933  0.00106955  0.00019932
8 57 54 363129 -7.32421875e-04  3.54766846e-04  8.44001770e-05
8 57 54 412715  1.26361847e-04 -1.21116638e-04 -5.96046448e-05
8 57 54 465529 -7.12394714e-04  2.30789185e-04  9.25064087e-05
8 57 54 517615 -0.00011539 -0.00024462  0.000247  
8 57 54 565705 -5.80310822e-04  3.89575958e-04 -8.63075256e-05
8 57 54 613812 -0.00024319 -0.00020885  0.00012112
8 57 54 670161  3.71932983e-05 -6.96182251e-05  9.96589661e-05
8 57 54 716421 -6.34193420e-05 -7.10487366e-05 -1.14440918e-05
8 57 54 764690 -1.46865845e-04 -7.96318054e-05 -2.08377838e-04
8 57 54 815235 -0.00034475 -0.00040102 -0.00032425
8 57 54 871483  2.00271606e-05 -2.24113464e-05 -1.16348267e-04
8 57 54 917285 4.29153442e-06 5.57899475e-05 2.05993652e-04
8 57 54 968825 -6.67572021e-06  3.12485695e-02  1.34375143e+00
8 57 55 15762  0.00029993 -0.00031519  0.00026178
8 57 55 66142 -0.00043011 -0.00065136 -0.00048113
8 57 55 118000 -0.00036049 -0.0001502  -0.00148439
8 57 55 166462 -0.00021219 -0.00048923 -0.0008893 
8 57 55 216356 -0.00027084 -0.00047445 -0.00159979
8 57 55 266257  2.76565552e-05 -1.06287003e-03 -2.19058990e-03
8 57 55 318642  0.0004673  -0.00039768 -0.00229645
8 57 55 366673 -9.77516174e-05  3.67164612e-05 -1.89685822e-03
8 57 55 416585 -0.00049019  0.00080967 -0.00184107
8 57 55 465996 -0.00030375  0.00087738 -0.00164986
8 57 55 515665 -8.86917114e-05  1.43337250e-03 -1.21927261e-03
8 57 55 568148 -0.00026321  0.00075293 -0.00055981
8 57 55 617673 -0.00041151  0.00085068  0.00033569
8 57 55 666423 0.00035667 0.00075436 0.00106001
8 57 55 716373 8.54492188e-04 2.90870667e-05 2.30836868e-03
8 57 55 766067 0.00102186 0.0006628  0.00287056
8 57 55 818163 0.00069714 0.00071764 0.00347853
8 57 55 870402 0.00146914 0.00045204 0.00407934
8 57 55 917069 0.0016036  0.00026608 0.00326443
8 57 55 968794 0.00108671 0.00073767 0.00327682
8 57 56 20212 0.00057745 0.0006423  0.00262117
8 57 56 67900  0.00010014 -0.00013161  0.00227976
8 57 56 117205 1.90734863e-06 4.62532043e-05 6.27517700e-04
8 57 56 170771  0.00059366 -0.00094604 -0.00052738
8 57 56 220570 -0.00020552 -0.00211334 -0.00109386
8 57 56 269716 -0.00076151 -0.00169039 -0.00175047
8 57 56 319191 -0.00067425 -0.00238895 -0.00220728
8 57 56 367132 -0.00142527 -0.00216246 -0.00240135
8 57 56 420297 -0.00135326 -0.00188589 -0.00291395
8 57 56 469500 -0.00112438 -0.00092459 -0.00275612
8 57 56 519776 -0.00092697 -0.00031567 -0.00302505
8 57 56 568146  0.00020266 -0.00033712 -0.00254774
8 57 56 616930  0.00038052  0.00034857 -0.00286579
8 57 56 669898 -0.00081253  0.0018363  -0.00324154
8 57 56 720063 -0.00101805  0.00216532 -0.00178671
8 57 56 768835 -0.00083065  0.00227118 -0.00141859
8 57 56 818469 -0.00103521  0.00178957 -0.00040293
8 57 56 867030 -0.00131178  0.00207281 -0.0001483 
8 57 56 920561 -0.0010705   0.00195265  0.00051308
8 57 56 969838 -0.00061131  0.00138712  0.00094986
8 57 57 18782 0.00017357 0.00048685 0.00089312
8 57 57 67744  0.00083685 -0.00021505  0.00163841
8 57 57 117097 0.00071955 0.00052834 0.00194359
8 57 57 170556 0.00053263 0.00063562 0.00163651
8 57 57 219224 -0.00021076  0.00010347  0.0018034 
8 57 57 269645 -0.00089216 -0.00045538  0.00158358
8 57 57 318751 -0.00112104 -0.00056505  0.00136042
8 57 57 367033 -0.0010066  -0.00110626  0.00076532
8 57 57 420184 -9.14573669e-04 -2.00796127e-03 -9.96589661e-05
8 57 57 468673  7.34329224e-05 -2.19726562e-03 -7.28607178e-04
8 57 57 518510  0.00027514 -0.00199318 -0.00040722
8 57 57 572023  0.00077915 -0.00225592 -0.00033569
8 57 57 620855  0.00060225 -0.00206947 -0.00046015
8 57 57 669369  0.00047684 -0.00117397 -0.0006423 
8 57 57 719600 -3.04222107e-04 -8.91685486e-05 -6.88076019e-04
8 57 57 768021 -1.48773193e-04  4.76837158e-05 -9.27925110e-04
8 57 57 822414 -2.68936157e-04 -3.43322754e-05 -9.16957855e-04
8 57 57 870747 -9.05990601e-05  3.76224518e-04 -7.88688660e-04
8 57 57 920310  0.00022411  0.0005393  -0.00096273
8 57 57 968705  0.00014067  0.00134563 -0.00052071
8 57 58 18099  0.00062084  0.00163603 -0.0002017 
8 57 58 71218  0.0008378   0.00169802 -0.00014162
8 57 58 120290  0.00081396  0.00147676 -0.00049925
8 57 58 170171  0.00017881  0.00146961 -0.00036907
8 57 58 218744  5.19752502e-05  7.59124756e-04 -1.15871429e-04
8 57 58 267914 -0.00053358  0.00011253 -0.00020027
8 57 58 321823 -0.00128698  0.00062275 -0.00053167
8 57 58 369853 -9.76562500e-04  3.36647034e-04  4.19616699e-05
8 57 58 420322 -9.42230225e-04 -3.10420990e-04 -5.43594360e-05
8 57 58 468342 -0.00029087 -0.00049782  0.00035238
8 57 58 522336  0.00029659 -0.00071955  0.00058746
8 57 58 573520  0.00018883 -0.00045061  0.00112581
8 57 58 620570 9.25064087e-05 3.12471390e-02 3.00000429e+00
8 57 58 669532  3.62396240e-05 -1.63602829e-03  1.23405457e-03
8 57 58 718575  0.00030756  0.00013161 -0.00053215
8 57 58 772285 -9.63211060e-05 -1.79767609e-04 -1.46722794e-03
8 57 58 821099  0.00025415 -0.00044203 -0.00173807
8 57 58 870599 -0.00034428 -0.00046778 -0.00128937
8 57 58 924168 -2.50339508e-04  6.72340393e-05 -1.96933746e-03
8 57 58 975624 -6.15119934e-05 -2.88963318e-04 -1.58309937e-03
8 57 59 21926 -2.22206116e-04 -1.09672546e-05 -9.03129578e-04
8 57 59 71241  0.00014448  0.0001545  -0.00084066
8 57 59 119933  2.81333923e-05  4.36782837e-04 -3.51905823e-04
8 57 59 172832 -0.00055218  0.00038004 -0.00023031
8 57 59 222249 -0.00041628  0.00014877  0.00025845
8 57 59 271886 -3.09944153e-05  4.21524048e-04  6.20365143e-04
8 57 59 320546 -0.00043678  0.00023365  0.00034857
8 57 59 377757 -0.00073576  0.00014162  0.00053787
8 57 59 423146 -6.79969788e-04  3.00407410e-05  5.52654266e-04
8 57 59 472484 -0.00064039  0.00051594  0.00052643
8 57 59 521723 -0.00058317  0.00033808  0.00035572
8 57 59 570330 -0.00056505  0.0001049   0.00037575
8 57 59 625125 -7.11441040e-04  1.13487244e-04  7.43865967e-05
8 57 59 673303 -0.00086021 -0.0003314   0.00024223
8 57 59 722331 -3.60965729e-04 -4.02450562e-04 -3.05175781e-05
8 57 59 771095 -4.42981720e-04 -3.91483307e-04  6.67572021e-05
8 57 59 820842 -0.00045443 -0.00017738 -0.00021505
8 57 59 875421 -0.00010061  0.00033426 -0.00035334
8 57 59 923525  0.00031471 -0.00063992 -0.00054932
8 57 59 973248  0.0004344  -0.00056219 -0.00078297
8 58 0 21128 -0.00028801  0.00019264 -0.00046158
8 58 0 70555 -0.00048971  0.00029373 -0.00028753
8 58 0 123515 -0.00011015  0.00081873  0.00022984
8 58 0 172764  2.32696533e-04  3.96251678e-04 -4.91142273e-05
8 58 0 222245 8.24928284e-04 2.38418579e-06 1.43527985e-04
8 58 0 275339 9.95159149e-04 3.43322754e-05 6.29425049e-05
8 58 0 324047  0.00065088  0.00062132 -0.00022173
8 58 0 374418  0.00065994 -0.00018692 -0.00057745
8 58 0 422394  0.00059462  0.00018024 -0.00052309
8 58 0 475959  2.09808350e-05 -2.21729279e-04 -5.51223755e-04
8 58 0 524854 -3.73840332e-04  3.62396240e-05 -1.02424622e-03
8 58 0 573525 -0.00059843  0.00017643 -0.00122404
8 58 0 623087 -6.41822815e-04  2.71797180e-05 -1.44481659e-03
8 58 0 671837 -0.00041294 -0.00018406 -0.00167608
8 58 0 726075 -0.00065899  0.0003829  -0.00151682
8 58 0 774522 -0.00070286 -0.00025177 -0.0012989 
8 58 0 824679 -0.00052547  0.0002861  -0.00145864
8 58 0 873160 -3.81469727e-06  4.94003296e-04 -4.56333160e-04
8 58 0 922321 -0.00040627  0.00118446  0.00025177
8 58 0 979532 -0.00037718  0.0006094   0.00080299
8 58 1 24773 -5.56468964e-04  6.72340393e-05  1.41525269e-03
8 58 1 74474 -0.00047922 -0.00077438  0.00163507
8 58 1 123094  2.71797180e-05 -3.42369080e-04  2.01892853e-03
8 58 1 172372  0.00024891 -0.00060987  0.00209808
8 58 1 227523 -9.05990601e-05 -2.66075134e-04  2.38704681e-03
8 58 1 275286 0.00051689 0.00016117 0.00273609
8 58 1 324130 0.00078201 0.00042582 0.0021615 
8 58 1 373130  0.00066042 -0.0005579   0.00198889
8 58 1 426390  7.73906708e-04 -7.29560852e-05  1.42097473e-03
8 58 1 476154  0.00079918 -0.00086784  0.00092506
8 58 1 524610  0.00028896 -0.00077915  0.00096178
8 58 1 573333  3.80039215e-04 -2.60353088e-04 -9.05990601e-06
8 58 1 630790  0.00044298 -0.00037622  0.00023413
8 58 1 676595  3.32355499e-04 -6.10351562e-05 -1.94549561e-04
8 58 1 725578  0.00072432 -0.00039482 -0.00018263
8 58 1 774143  0.00090647 -0.00026369 -0.0006876 
8 58 1 825413  0.00140619 -0.00089216 -0.00138044
8 58 1 877328  0.00073338 -0.00090313 -0.00167799
8 58 1 927304  0.00015974 -0.00051165 -0.00115538
8 58 1 974659  0.00037527 -0.0008564  -0.00115585
8 58 2 24542  0.00064898 -0.00055695 -0.00021029
8 58 2 75639 -0.00010681 -0.00049162 -0.00021601
8 58 2 127314 -0.00053692  0.00044203  0.00018024
8 58 2 176886 0.00066996 0.00024462 0.00012302
8 58 2 225384  0.0007515  -0.00058413 -0.00048876
8 58 2 274393 -9.77516174e-05  7.19547272e-04  6.19888306e-06
8 58 2 324801 -8.39233398e-05  2.86102295e-06 -3.06249905e+00
8 58 2 377556 -7.81059265e-04  1.61314011e-03 -5.81741333e-05
8 58 2 426271 -0.00033331  0.00114727  0.00208473
8 58 2 474368 -3.29017639e-05  2.12001801e-03  1.38282776e-03
8 58 2 523896 0.00042057 0.0016675  0.00038099
8 58 2 576847 -0.00020599  0.0023098  -0.0004735 
8 58 2 626814 -0.00087881  0.00284529 -0.00125599
8 58 2 676370 -0.000597    0.00253296 -0.00177622
8 58 2 724694 -0.00111961  0.00264311 -0.00238895
8 58 2 777850 -0.00145626  0.00265884 -0.00243521
8 58 2 826569 -0.00178385  0.00240135 -0.00246477
8 58 2 877807 -0.00221443  0.00255203 -0.00241709
8 58 2 926070 -0.00149155  0.00180626 -0.00257158
8 58 2 974647 -0.00123119  0.00150681 -0.00158405
8 58 3 28388 -0.00071859  0.00114155 -0.00141096
8 58 3 79637 -0.0004077   0.00074577 -0.00089884
8 58 3 125656 -3.31878662e-04  4.58717346e-04 -7.34329224e-05
8 58 3 175560 -0.00010777 -0.00062275  0.00097084
8 58 3 228138 -1.33514404e-05 -1.57070160e-03  1.72185898e-03
8 58 3 281649 -0.00013685 -0.0019865   0.00139046
8 58 3 326498 -0.00070047 -0.00106001  0.00049734
8 58 3 379225 -0.00088501 -0.00081635  0.00054359
8 58 3 429576  0.00026131 -0.00506449  0.0016675 
8 58 3 480771 -0.00032568 -0.00285673  0.00100183
8 58 3 527179  1.93119049e-04 -9.72270966e-04  5.43594360e-05
8 58 3 579970 -0.00044584 -0.00294924 -0.00048113
8 58 3 627368  0.00034666 -0.00030327 -0.0008831 
8 58 3 679079  0.00178385 -0.00133038 -0.00093269
8 58 3 730330  0.00158167 -0.00176525 -0.0010004 
8 58 3 779097 -7.34329224e-05 -7.05718994e-05 -1.96456909e-03
8 58 3 826579 -0.00089407 -0.00159311 -0.0028348 
8 58 3 877995 -0.00040531  0.00089693 -0.0026803 
8 58 3 930690 -0.00090933  0.00304508 -0.00302458
8 58 3 982186 -0.00084448  0.00123787 -0.00333691
8 58 4 28503  0.00075531  0.00320959 -0.00188541
8 58 4 77314 -0.00070143  0.00329876 -0.00150013
8 58 4 125718 -0.00062561  0.003304   -0.00045729
8 58 4 178498 0.00111389 0.00221157 0.00077152
8 58 4 228192 -0.00012875  0.00135612  0.00182772
8 58 4 277206 -0.00035238  0.00056887  0.00305414
8 58 4 330670  0.0005641  -0.0002389   0.00475168
8 58 4 379797 3.14712524e-05 4.22477722e-04 5.35297394e-03
8 58 4 428806  0.00164366 -0.00090933  0.0057416 
8 58 4 477719  0.00153685 -0.00147629  0.00553751
8 58 4 526708 0.00026846 0.00012636 0.00486517
8 58 4 579647  0.00081491 -0.00037575  0.00329876
8 58 4 628870  0.00035048 -0.00105333  0.00098324
8 58 4 678822  0.00065327 -0.00083113 -0.00144815
8 58 4 727808  0.00153112 -0.00263929 -0.00345564
8 58 4 783824 -0.00086403 -0.00023508 -0.00453281
8 58 4 829754 -0.00131893 -0.00170612 -0.00466871
8 58 4 881119 -0.00212049 -0.00470734 -0.00421572
8 58 4 928680 -4.26006317e-03 -2.09808350e-05 -3.86857986e-03
8 58 4 980430 -0.00148773 -0.00554991 -0.0044632 
8 58 5 31003 -0.00162268 -0.00509071 -0.00426674
8 58 5 81281 -8.91685486e-05 -1.41620636e-03 -3.60679626e-03
8 58 5 129065  0.00134373 -0.00276518 -0.00253344
8 58 5 178845  0.00090694  0.00155735 -0.00111961
8 58 5 228650 0.00120115 0.00302935 0.00032377
8 58 5 280865 -0.00032377  0.00421047  0.00110865
8 58 5 330408 9.10758972e-05 5.63430786e-03 2.39086151e-03
8 58 5 378183 0.00085926 0.0047121  0.00337887
8 58 5 428314 0.00075388 0.00306797 0.00455332
8 58 5 481316 0.00054169 0.00255108 0.00498199
8 58 5 530638  0.00100994 -0.00035191  0.00469971
8 58 5 579762  0.00094175 -0.00125074  0.00489569
8 58 5 628470  0.00084066 -0.00097752  0.00470591
8 58 5 682666  0.00127411 -0.00042009  0.00356054
8 58 5 731182  0.00092697 -0.00188017  0.00259876
8 58 5 782323  0.00014448 -0.00037909  0.00052023
8 58 5 829658 -0.00023556 -0.00063801 -0.00149488
8 58 5 878692 -0.00013399 -0.00141144 -0.0028553 
8 58 5 931514 -0.00111771  0.00019217 -0.00462675
8 58 5 985196 -0.0028348   0.00044632 -0.00520945
8 58 6 29727 -1.98316574e-03  3.12471390e-02 -3.12502146e+00
8 58 6 79222 -0.0024929  -0.00118923 -0.00528002
8 58 6 131210 0.00035143 0.00178528 0.00053692
8 58 6 181456 -0.00056219  0.00058651  0.00063705
8 58 6 230806 -0.00124168  0.0011673   0.00021362
8 58 6 281425 -0.00192118  0.0001626   0.00024891
8 58 6 329556 -0.00287247  0.00081301 -0.00030613
8 58 6 379295 -0.00344563 -0.00046444 -0.00091505
8 58 6 432497 -0.00334787 -0.00119209 -0.00145006
8 58 6 480296 -0.00398016 -0.00045109 -0.00163364
8 58 6 529970 -0.00450039 -0.00062275 -0.00180483
8 58 6 578988 -0.00406837  0.00020742 -0.00140762
8 58 6 632740 -0.00412893  0.00112104 -0.00175333
8 58 6 681399 -0.00388432  0.00062704 -0.00122499
8 58 6 732082 -0.00289297  0.00016975 -0.00108671
8 58 6 779455 -0.00198507 -0.00179482 -0.00031376
8 58 6 833283 -1.54304504e-03 -1.62076950e-03  7.15255737e-06
8 58 6 883479 -0.00047398 -0.00298071  0.00072861
8 58 6 931497 -0.00154018 -0.00067711  0.00129271
8 58 6 980340 -0.00385189 -0.0022974   0.00040102
8 58 7 29637 -0.00837564  0.00372267  0.0002141 
8 58 7 84672 -0.0100069   0.00346136 -0.0007844 
8 58 7 132068 -0.00397205 -0.0008049  -0.00019121
8 58 7 181878 0.00080824 0.00452328 0.00049782
8 58 7 230135  0.00799322 -0.00313568  0.00101614
8 58 7 279392  0.00578976 -0.00099707  0.00126648
8 58 7 332881 -0.00138617 -0.00196314  0.00056314
8 58 7 382448 -0.00084782 -0.00025845 -0.00030708
8 58 7 430995 -0.002913    0.00065041 -0.00132513
8 58 7 479760  0.00458193 -0.00256538 -0.00076246
8 58 7 533511  0.0031743  -0.00059652 -0.00138617
8 58 7 583672 -0.00059891  0.00233936 -0.00112772
8 58 7 632099  0.00101423 -0.00213051 -0.00066519
8 58 7 681151  0.00119734 -0.00074148 -0.00051212
8 58 7 734516  0.00184345  0.00019455 -0.00060511
8 58 7 784892  4.73785400e-03  1.14631653e-03 -8.39233398e-05
8 58 7 833114  0.00281096 -0.00073671 -0.00067186
8 58 7 881333 0.00134087 0.00137711 0.00021648
8 58 7 930210 0.00019789 0.00165462 0.00076675
8 58 7 983566 -0.00112534  0.0004878   0.00052738
8 58 8 33298  0.00014353 -0.00089216  0.00094414
8 58 8 81953  0.00051403 -0.00278664  0.00174856
8 58 8 131355  0.00098228 -0.000669    0.00236797
8 58 8 183916  0.00347614 -0.00272942  0.00238848
8 58 8 233864  0.00250626 -0.00383615  0.00196171
8 58 8 282713 0.00017023 0.00091457 0.00090027
8 58 8 332299 -0.00199413 -0.00027084  0.00084591
8 58 8 388350 -0.00125456 -0.00160122 -0.00018787
8 58 8 434471 -0.00154543  0.0003314  -0.00059795
8 58 8 484221 -0.00130844  0.00043154 -0.00098896
8 58 8 533494 -0.00136852  0.00123596 -0.00177145
8 58 8 582918 -0.0020504   0.00260162 -0.00098133
8 58 8 634838 -0.00345612  0.00381708 -0.00121832
8 58 8 687150 -0.00156307  0.00252628 -0.00120926
8 58 8 734423 -0.00106764  0.00141907 -0.00161934
8 58 8 781993 -0.00127268  0.00158405 -0.00120115
8 58 8 832096 -0.00121355  0.00054455 -0.00114584
8 58 8 884566 -0.00046921 -0.00061893 -0.00076294
8 58 8 934689 -8.13484192e-04 -4.43458557e-05 -4.72068787e-05
8 58 8 984453 -0.0010581   0.00071192  0.00094318
8 58 9 32713 -0.00033998  0.00153589  0.00139189
8 58 9 85996 0.00082779 0.00095892 0.00131226
8 58 9 136326  0.00119972 -0.00039577  0.00134706
8 58 9 187511 0.00122881 0.00016212 0.00102186
8 58 9 234149  0.00079536 -0.0010519   0.00056934
8 58 9 282614  0.00075245 -0.00235081  0.00045538
8 58 9 335632  0.00068378 -0.00134087  0.00051451
8 58 9 385230  1.08432770e-03 -2.05039978e-05  8.96930695e-04
8 58 9 433899 0.0018487  0.00047493 0.00172853
8 58 9 483024 0.00143051 0.00180483 0.00067377
8 58 9 536323  1.56545639e-03  2.07424164e-04 -9.82284546e-05
8 58 9 585732  0.00117731 -0.00072002 -0.00107479
8 58 9 634498 -0.00032377  0.0009985  -0.0024457 
8 58 9 683749 -0.00012016  0.00055695 -0.00312948
8 58 9 736789 -0.000741    0.0010705  -0.00289297
8 58 9 786495 -0.00122118  0.00402403 -0.00207233
8 58 9 835787 -0.00070763  0.00335264 -0.00176811
8 58 9 884883 -0.00023317 -0.0008626  -0.00165653
8 58 9 933540  0.00192404 -0.00244617 -0.0018096 
8 58 9 986398  0.00148392 -0.00145912 -0.00248194
8 58 10 37731  0.00047874 -0.00025702 -0.00333261
8 58 10 85133  0.00026178  0.00057411 -0.0037899 
8 58 10 135429  0.00016642  0.00118876 -0.00428772
8 58 10 183524 -0.00020313  0.00196505 -0.00403357
8 58 10 237872  0.00064325  0.0015192  -0.00389004
8 58 10 285652  0.00195599  0.00153875 -0.00268936
8 58 10 335259  0.00292063  0.00170803 -0.00173187
8 58 10 384346  0.00305843  0.00185966 -0.0012188 
8 58 10 434428  0.00069666  0.00124836 -0.00123787
8 58 10 485638 -0.00217295  0.00260258 -0.0012145 
8 58 10 536798 -0.00334167  0.00171995 -0.0009594 
8 58 10 585104 -0.00155115 -0.00072908  0.00021219
8 58 10 634223  0.00065184 -0.00043678  0.00155401
8 58 10 687188  1.93166733e-03 -7.96318054e-05  3.43608856e-03
8 58 10 736742  0.00149345 -0.00150299  0.00399828
8 58 10 785309 1.38282776e-05 4.01496887e-04 4.65965271e-03
8 58 10 836064 -0.0007081   0.00313854  0.00440693
8 58 10 887866 0.0007534  0.00227737 0.00437307
8 58 10 937211 0.0003624  0.0012455  0.00407314
8 58 10 986003 6.67572021e-06 6.69002533e-04 3.64255905e-03
8 58 11 35517 -0.00165653 -0.00020933  0.00318575
8 58 11 86090 -0.0018487  -0.00027704  0.00279951
8 58 11 140187  0.00073195 -0.00099945  0.0026865 
8 58 11 186576  0.00212336 -0.00085163  0.00134802
8 58 11 235805  0.00320148 -0.00161123  0.0010848 
8 58 11 284586  0.00365257 -0.002316    0.00042391
8 58 11 334463  0.00401258 -0.00281048 -0.00038099
8 58 11 387350  0.00263691 -0.0024209  -0.00188255
8 58 11 437770  0.0025034  -0.00255489 -0.0021801 
8 58 11 486443  0.00150537 -0.00162268 -0.00255156
8 58 11 534464  0.00081015 -0.00161076 -0.00268126
8 58 11 588268  0.00075293 -0.00014544 -0.00261879
8 58 11 638133  0.00196028 -0.00067854 -0.00247431
8 58 11 687108  0.00335789 -0.00082159 -0.00153255
8 58 11 736279  0.00358677 -0.00071859 -0.00084114
8 58 11 785233  0.00285864 -0.00068665 -0.00137568
8 58 11 839514  1.43241882e-03 -9.87052917e-05 -9.75608826e-04
8 58 11 887693  1.95503235e-05 -8.23497772e-04 -1.11341476e-03
8 58 11 936940 -0.00027418 -0.00047445 -0.00129604
8 58 11 985626 -0.00073147 -0.00052309 -0.00065756
8 58 12 39315 -0.00062466 -0.00042677 -0.00026274
8 58 12 88097 -0.00182438  0.00026941  0.000844  
8 58 12 137668 -0.00221348  0.00035667  0.00095367
8 58 12 186456 -0.00281715  0.00086498  0.00050592
8 58 12 241281 -3.10564041e-03  1.01423264e-03 -3.09944153e-05
8 58 12 288395 -0.00314522 -0.00059271 -0.0001893 
8 58 12 337975 -0.00478029  0.00036049 -0.0007391 
8 58 12 386537 -0.00490046  0.00048351 -0.00099945
8 58 12 440598 -5.11074066e-03  7.77244568e-05 -4.32491302e-04
8 58 12 492657 -0.00538158  0.00061798 -0.0005312 
8 58 12 539147 -0.00457716  0.00128365 -0.00018167
8 58 12 587386 -3.42988968e-03  4.21047211e-04  7.10487366e-05
8 58 12 638984 -0.00265694  0.00063276 -0.00026989
8 58 12 690373 -3.34739685e-03  1.02758408e-03 -9.58442688e-05
8 58 12 740320 -0.00368166 -0.00011635 -0.00015211
8 58 12 788635 -0.0031414   0.00092363 -0.00028944
8 58 12 838334 -0.00286102  0.00093842 -0.00060272
8 58 12 886840 -0.00054169  0.00066233 -0.00043631
8 58 12 942405 0.00065517 0.00207472 0.00019121
8 58 12 989159 0.00141764 0.00248003 0.00056076
8 58 13 40171 0.00392151 0.00067472 0.00095749
8 58 13 88173 0.0030551  0.00097418 0.0010047 
8 58 13 136362 0.00334406 0.00047064 0.0012331 
8 58 13 190294  0.00352526 -0.00053072  0.00120115
8 58 13 239288  0.0030756  -0.00123596  0.00099516
8 58 13 288526  0.00217104 -0.00133228  0.00030041
8 58 13 337734  2.30598450e-03 -2.46000290e-03 -6.86645508e-05
8 58 13 390840  0.00279379 -0.00212383 -0.00110817
8 58 13 440531  0.00391388 -0.00154161 -0.0007329 
8 58 13 488529  0.00505018 -0.00184441 -0.00166225
8 58 13 538229  0.00547838 -0.00109243 -0.00198412
8 58 13 593027 0.00422621 0.03124714 2.12498951
8 58 13 641598  2.06899643e-03  3.81469727e-06 -2.69412994e-03
8 58 13 689698 0.00528812 0.00155783 0.00029993
8 58 13 740270 4.79412079e-03 6.34193420e-05 2.40850449e-03
8 58 13 792833 0.00368023 0.00124645 0.00316763
8 58 13 842407 0.00241137 0.00084448 0.00415564
8 58 13 891472 0.00105095 0.0009861  0.00498486
8 58 13 939823 -0.00022793  0.00172091  0.00546885
8 58 13 992202 -0.00176287  0.00141573  0.00630045
8 58 14 43092 -0.0033555   0.00200558  0.0065856 
8 58 14 92432 -0.00408554  0.0008626   0.00568628
8 58 14 140838 -0.00408268  0.0009923   0.00470495
8 58 14 189653 -0.00398111  0.00080538  0.00346327
8 58 14 238502 -0.00435257 -0.00052929  0.00184441
8 58 14 292374 -0.00506306 -0.00089216  0.00040817
8 58 14 341172 -0.00636005 -0.00059175 -0.00093699
8 58 14 390071 -0.00670624 -0.00146103 -0.00142002
8 58 14 440849 -0.00712729 -0.00129938 -0.00394201
8 58 14 491981 -0.00664854 -0.0031147  -0.00410175
8 58 14 542675 -0.00391197 -0.00354671 -0.00343418
8 58 14 591398 -0.00210667  0.00146866 -0.00304365
8 58 14 642288 -0.00029612 -0.00363302 -0.00337839
8 58 14 688969 -0.00091028 -0.00132799 -0.00257587
8 58 14 743098  0.00053549  0.00219965 -0.00181866
8 58 14 793536  0.00269365 -0.00222778 -0.0021081 
8 58 14 842612  0.00371456  0.00032759 -0.00058746
8 58 14 889610 0.00328064 0.00115395 0.00022984
8 58 14 943617 0.00323486 0.00093126 0.00040674
8 58 14 994020 0.00582933 0.00091887 0.00125933
8 58 15 40993 0.00675964 0.00151396 0.00141573
8 58 15 90738 0.00632143 0.00208473 0.00248384
8 58 15 140387 0.00766945 0.00153971 0.00216436
8 58 15 195394 0.00623369 0.0007782  0.00186539
8 58 15 242233 4.94003296e-03 9.67979431e-05 2.10475922e-03
8 58 15 292410 0.0041008  0.00101852 0.0019083 
8 58 15 340713 0.00425434 0.00060272 0.0014782 
8 58 15 389840  0.00423431 -0.00042439  0.00152159
8 58 15 442154 0.00283098 0.00158024 0.00148821
8 58 15 492917 0.00186586 0.00119114 0.00046444
8 58 15 541232  0.00167656 -0.0006566  -0.00062561
8 58 15 590811 -5.29289246e-05 -4.43458557e-05 -1.53207779e-03
8 58 15 643828 -0.00093269 -0.00058031 -0.0016942 
8 58 15 692683 -0.00193882 -0.00264359 -0.00202274
8 58 15 741886 -0.00365543 -0.00322151 -0.00262165
8 58 15 790658 -0.0048728  -0.00212812 -0.00236082
8 58 15 840519 -0.00582457 -0.00162506 -0.00217438
8 58 15 893297 -0.00587559 -0.00156927 -0.0022521 
8 58 15 941985 -0.00421047 -0.00170422 -0.00139523
8 58 15 991986 -0.00415897 -0.00065327 -0.00075769
8 58 16 40515 -0.00432634  0.00013065 -0.00046635
8 58 16 89475 -0.00379229 -0.00088167  0.0003047 
8 58 16 143092 -0.0032773  -0.000741    0.00083828
8 58 16 193532 -3.72982025e-03  3.19480896e-05  1.57213211e-03
8 58 16 240900 -0.0027318   0.00016594  0.00142717
8 58 16 294344 -0.00164843 -0.00060511  0.00180006
8 58 16 344271 -0.00136948 -0.00044584  0.00137138
8 58 16 393534 -0.00057983  0.00075102  0.00142336
8 58 16 443727 0.00083733 0.00117016 0.00148678
8 58 16 497799 0.00170755 0.00080824 0.00111485
8 58 16 545082 0.00175571 0.00178909 0.00064087
8 58 16 594323 0.00139093 0.00201988 0.00042963
8 58 16 642755  0.00137711  0.00179338 -0.00038195
8 58 16 696145  0.00213051  0.00134563 -0.00102329
8 58 16 745225  0.00340939  0.00185204 -0.00132465
8 58 16 794112  0.00504684  0.00130701 -0.00159979
8 58 16 844407  0.00539351  0.00010586 -0.00134802
8 58 16 896456  0.00483084 -0.00019693 -0.0014658 
8 58 16 942020  0.00277948 -0.00114918 -0.00232887
8 58 16 994938  0.00143242 -0.00129032 -0.00192308
8 58 17 43990  0.00112963 -0.00161076 -0.00221157
8 58 17 93060  0.00137472 -0.0013032  -0.00220346
8 58 17 142401  0.00131512 -0.00011444 -0.00161552
8 58 17 191551 6.89029694e-04 1.90734863e-06 2.81249571e+00
8 58 17 245992  0.00044394  0.00066376 -0.00091457
8 58 17 298560 -0.00501204 -0.00261068  0.00076151
8 58 17 346147 -0.00486994 -0.00244474  0.00148726
8 58 17 393613 -0.00508022 -0.00176144  0.00188923
8 58 17 441265 -0.00421476 -0.00281715  0.0027523 
8 58 17 494301 -0.00349951 -0.00171041  0.00298738
8 58 17 545022 -0.00235271 -0.00138617  0.00387239
8 58 17 592672 -0.00180912 -0.00172997  0.00320292
8 58 17 645396 -0.0016427  -0.00142241  0.00304508
8 58 17 695876 -0.00236273 -0.00100279  0.00274038
8 58 17 744525 -0.00231838 -0.00127459  0.00199413
8 58 17 795466 -0.00157738 -0.00060415  0.00085497
8 58 17 846013  9.58442688e-05 -2.95162201e-04 -5.24520874e-06
8 58 17 896097  0.00141811  0.00030375 -0.00101995
8 58 17 944814  0.00175476  0.00131321 -0.00189543
8 58 17 995014  0.00247288  0.00186539 -0.00185633
8 58 18 44845  0.00361204  0.00148869 -0.00211954
8 58 18 96647  0.00408649  0.00190449 -0.00255013
8 58 18 145493  0.00340223  0.00168276 -0.0022316 
8 58 18 195181  0.00268841  0.00167322 -0.0025692 
8 58 18 244847  0.0028882   0.00095987 -0.00207329
8 58 18 292860  0.0034709  -0.00033045 -0.00154066
8 58 18 345600  0.00399733 -0.00100136 -0.0006671 
8 58 18 396770  0.00410414 -0.00150728 -0.00057936
8 58 18 444874  3.79848480e-03 -8.91208649e-04  5.72204590e-06
8 58 18 493466  3.16810608e-03 -2.86102295e-06  1.33514404e-04
8 58 18 546426  0.00188255 -0.0002985   0.00027323
8 58 18 597929  2.47955322e-05 -1.98841095e-04 -3.19004059e-04
8 58 18 644956 -0.00024652 -0.00043297  0.00021982
8 58 18 694003 -0.00094795 -0.00052166 -0.00017977
8 58 18 742990 -0.00157118  0.00026941  0.00024462
8 58 18 796869 -2.66170502e-03  3.29017639e-05  4.43935394e-04
8 58 18 845363 -0.00396538  0.00033712  0.00062704
8 58 18 894750 -0.00419998  0.00038338  0.00077486
8 58 18 944090 -0.00408936  0.0006628   0.00050688
8 58 18 996884 -0.00468683  0.00053072  0.00040627
8 58 19 47422 -0.00469875  0.00161123  0.00019598
8 58 19 96038 -0.00427628  0.00243902  0.00011778
8 58 19 144211 -0.0030241   0.0015564   0.00033474
8 58 19 194302 -0.00309801  0.00147057  0.0005455 
8 58 19 246825 -0.00311136  0.00186968  0.00047159
8 58 19 296077 -0.00354147  0.00111818  0.00046396
8 58 19 344388 -3.06463242e-03 -3.14712524e-05  2.78949738e-04
8 58 19 394437 -0.00271416 -0.00089407  0.0001421 
8 58 19 443844 -2.25496292e-03 -9.15050507e-04 -9.67979431e-05
8 58 19 497059 -0.00091267 -0.00174046 -0.00073576
8 58 19 545774  0.00095415 -0.00208092 -0.00018358
8 58 19 595595  0.00265408 -0.00167465 -0.0001092 
8 58 19 644301  0.00493574 -0.0022254   0.00123167
8 58 19 697341  0.00625515 -0.00263786  0.00148249
8 58 19 745948  0.00616789 -0.00143623  0.0019803 
8 58 19 795475  0.00592995 -0.00135469  0.00250435
8 58 19 845241  0.00486612 -0.00067425  0.0023632 
8 58 19 894480  0.00483131 -0.00080061  0.00202942
8 58 19 947074 0.00467157 0.00107622 0.00120687
8 58 19 996687 0.00537491 0.00177765 0.00048304
8 58 20 45312  0.00602102  0.00101328 -0.00036001
8 58 20 95243  0.00582266  0.00096798 -0.0011797 
8 58 20 143466  0.00458717  0.00155592 -0.0019474 
8 58 20 196845  0.00285339  0.00227594 -0.00204563
8 58 20 245745  0.00124121  0.00253057 -0.00298738
8 58 20 295238 -0.00034618  0.00244522 -0.00324392
8 58 20 344746 -0.00187063  0.00191927 -0.00310183
8 58 20 397349 -0.00305843  0.00124454 -0.00274324
8 58 20 445888 -0.00386572  0.00015211 -0.00260162
8 58 20 496763 -3.98492813e-03 -6.86645508e-05 -1.88016891e-03
8 58 20 545158 -0.00454855 -0.00051594 -0.00094128
8 58 20 598465 -4.39214706e-03 -1.97172165e-03  8.10623169e-05
8 58 20 648326 -0.00456476 -0.0019598   0.00065947
8 58 20 697012 -0.00555563 -0.00097227  0.00168943
8 58 20 745618 -0.00556087 -0.0015955   0.00158691
8 58 20 798603 -0.00550318 -0.00033331  0.0024128 
8 58 20 849069 -5.87320328e-03 -2.86102295e-06  2.86912918e-03
8 58 20 899336 -0.00481033  0.03124952  2.37500954
8 58 20 945568 -0.00415134  0.00027227  0.00258875
8 58 20 997698  0.00272417 -0.00070906 -0.00148535
8 58 21 49040  0.00289488  0.00026655 -0.00247192
8 58 21 98141  0.00275183  0.0012455  -0.00343657
8 58 21 146007  0.0032177   0.00211763 -0.00453997
8 58 21 197218  0.00401115  0.00222111 -0.0042882 
8 58 21 244876  0.00415897  0.00291777 -0.00446272
8 58 21 298755  0.00380373  0.0021801  -0.00438261
8 58 21 347063  0.00373316  0.00083399 -0.00347137
8 58 21 397962  0.00295401 -0.00023985 -0.00310135
8 58 21 445815  1.52873993e-03  9.53674316e-06 -2.46334076e-03
8 58 21 495510  0.00096226 -0.00040293 -0.00111389
8 58 21 548903  0.00055122 -0.00074339 -0.00024796
8 58 21 598584  1.09672546e-04 -7.61508942e-04 -2.14576721e-05
8 58 21 645975 -0.00081873 -0.00072956  0.00138617
8 58 21 700061 -0.00151777 -0.0005703   0.00187778
8 58 21 748724 -0.00186062 -0.00054646  0.00257444
8 58 21 800432 -0.00250149 -0.00049067  0.00207901
8 58 21 846817 -0.00330067 -0.00039387  0.0020647 
8 58 21 898549 -0.00372267 -0.00068569  0.0022459 
8 58 21 949163 -0.00420237 -0.00102901  0.00230217
8 58 21 998576 -0.00440836 -0.00058746  0.00225449
8 58 22 47617 -0.00410318 -0.00097704  0.00212717
8 58 22 99745 -0.00343609 -0.00094461  0.00191689
8 58 22 149679 -2.94446945e-03 -9.34600830e-05  1.72948837e-03
8 58 22 199381 -0.00234699 -0.00018454  0.00167513
8 58 22 248010 -0.00115871  0.00020313  0.00190496
8 58 22 297274 -0.00047827  0.00106573  0.00150967
8 58 22 347165 0.00019073 0.00028944 0.00110292
8 58 22 400747  0.00037718 -0.00012016  0.00036001
8 58 22 448510  1.12438202e-03  5.29289246e-04 -4.67300415e-05
8 58 22 500124 0.00286913 0.00041199 0.00020933
8 58 22 546738  0.00452375  0.00096321 -0.00057507
8 58 22 601649  0.00553465  0.0009346  -0.00078726
8 58 22 649707  0.00650787  0.00032282 -0.00050545
8 58 22 698821  0.00623274  0.00115108 -0.0004034 
8 58 22 747784  0.00627375  0.00055408 -0.00067234
8 58 22 798131  0.00669861 -0.0006485  -0.00050688
8 58 22 850296  0.00578737 -0.00057983 -0.00071096
8 58 22 902162  5.36632538e-03  4.52995300e-05 -1.09624863e-03
8 58 22 948234  4.99725342e-03  2.14576721e-05 -1.17683411e-03
8 58 22 997964  0.00517607 -0.00056267 -0.00075245
8 58 23 50449  5.31387329e-03  7.15255737e-06 -9.65595245e-04
8 58 23 103544  0.00404167 -0.00046682 -0.00124693
8 58 23 149078  0.00380087 -0.00080299 -0.00117016
8 58 23 198789  0.00155115 -0.00122356 -0.00081205
8 58 23 246721  0.00060511 -0.00148201 -0.00067711
8 58 23 301191 -0.00141525 -0.00043011 -0.00033569
8 58 23 349875 -1.31750107e-03 -2.28691101e-03 -4.95910645e-05
8 58 23 399310 -0.00211287 -0.0008111   0.00071478
8 58 23 447428 -0.0019722  -0.00160694  0.00123358
8 58 23 497914 -0.00339079 -0.00124025  0.00192022
8 58 23 550210 -0.00362873  0.00010681  0.00194883
8 58 23 605925 -0.00468397 -0.00069618  0.00270653
8 58 23 648333 -0.00434208  0.0007782   0.00225306
8 58 23 698686 -0.0051465   0.00089836  0.00239325
8 58 23 751215 -0.00550175  0.00054169  0.00154448
8 58 23 800848 -0.00481033  0.00052166  0.00158501
8 58 23 849370 -0.00440979  0.0004921   0.00073433
8 58 23 899326 -0.00370502  0.00074863  0.00037956
8 58 23 947487 -0.00298786  0.00032997 -0.00017977
8 58 24 2947 -0.0036149   0.00093222 -0.0013876 
8 58 24 49950 -0.00263214  0.00142574 -0.00203371
8 58 24 100655 -1.36137009e-03  6.86645508e-05 -2.52056122e-03
8 58 24 148479  0.00088406  0.0011735  -0.00249147
8 58 24 198120 -5.24520874e-06  1.17731094e-03 -2.41518021e-03
8 58 24 250283 -0.00065327 -0.0010891  -0.00251007
8 58 24 300689 -0.00168657 -0.00029087 -0.00291729
8 58 24 348733 -0.0006814   0.0009141  -0.00185871
8 58 24 399564  0.0036726   0.0004015  -0.00106812
8 58 24 451385  0.00267935 -0.00166702 -0.00164413
8 58 24 501513  0.00024509 -0.00036526 -0.0011363 
8 58 24 550169 -0.00304365  0.0021987  -0.00143147
8 58 24 600402 -0.00037241 -0.00020313 -0.00086498
8 58 24 651625  0.0042634  -0.00168657 -0.00121975
8 58 24 704753  0.00333261 -0.00094604 -0.00043154
8 58 24 750012 0.00081587 0.00186586 0.00124359
8 58 24 800395 -0.0009799  -0.00068951  0.0015974 
8 58 24 848856 -0.00178242 -0.0013299   0.00123739
8 58 24 902826 -0.00058699  0.00060415  0.00201559
8 58 24 951212 -7.53402710e-05  4.86850739e-04 -4.38690186e-05
8 58 25 1002 -0.00041533  0.00026226  0.00020885
8 58 25 49003 2.87055969e-04 4.86373901e-05 4.29153442e-05
8 58 25 102005 0.00045633 0.00020361 0.00011969
8 58 25 152422  3.63349915e-04 -1.71661377e-05  7.67707825e-05
8 58 25 201906  6.93321228e-04 -1.52587891e-04  7.10487366e-05
8 58 25 251306  1.10626221e-03 -4.52518463e-04  5.14984131e-05
8 58 25 299772  0.00165749 -0.00093222  0.00012445
8 58 25 354305  0.00147009 -0.00065136  0.00041962
8 58 25 400936  1.40142441e-03 -4.89234924e-04  5.14984131e-05
8 58 25 450567  1.60121918e-03 -6.52313232e-04  3.81469727e-05
8 58 25 504046  0.00141716 -0.00066948  0.00013065
8 58 25 549048  0.00068331 -0.00015259  0.00015831
8 58 25 602114  9.30309296e-04 -5.76972961e-05 -1.46865845e-04
8 58 25 651134  0.00106907 -0.00015259 -0.0002718 
8 58 25 700849 1.16539001e-03 5.26905060e-04 5.05447388e-05
8 58 25 753246  0.00069284  0.00011396 -0.0004425 
8 58 25 803486  3.71932983e-04  5.33103943e-04 -8.05854797e-05
8 58 25 852414 -4.76837158e-06  1.17301941e-04 -3.15666199e-04
8 58 25 900584 -0.00076151  0.00105572 -0.00042725
8 58 25 950017 -0.00044966  0.00060797 -0.00077391
8 58 26 4913 -0.00100946  0.00076675 -0.00043488
8 58 26 52933 -0.000844    0.00075817 -0.00029707
8 58 26 101726 -0.00080299  0.00071335 -0.00027466
8 58 26 150994 -1.07479095e-03  7.09056854e-04 -7.86781311e-05
8 58 26 201843 -1.38425827e-03 -4.57763672e-05 -1.63555145e-04
8 58 26 254696 -1.30033493e-03 -4.68254089e-04  1.47819519e-05
8 58 26 301972 -0.00132704  0.00020981  0.00015116
8 58 26 352379 -1.28793716e-03 -5.10215759e-05  5.31196594e-04
8 58 26 400848 -0.00164461 -0.0002656   0.00081921
8 58 26 454245 -0.00149441 -0.00022411  0.00022268
8 58 26 503231 -0.00126457 -0.00054264  0.00070477
8 58 26 552825 -0.0005641  -0.0002079   0.00039387
8 58 26 602026 -0.00052643 -0.00049496  0.00030756
8 58 26 653749 -2.86102295e-06 -9.90390778e-04  6.27994537e-04
8 58 26 704005 0.00034952 0.00016069 0.0006175 
8 58 26 752764  0.00085402 -0.00036335  0.00084972
8 58 26 803460  0.00060129 -0.00017166  0.00075197
8 58 26 850761 9.96112823e-04 6.19888306e-06 4.65869904e-04
8 58 26 907904  0.00106382 -0.00014973  0.0006218 
8 58 26 953068  0.00112057  0.00039911 -0.00025988
8 58 27 4330  1.46770477e-03 -5.86509705e-05 -2.41279602e-04
8 58 27 51016  1.27792358e-03  9.77516174e-05 -4.88758087e-04
8 58 27 108028  0.00139236  0.00086641 -0.00062037
8 58 27 153762  0.00105047  0.00047684 -0.00104427
8 58 27 203156  0.00095844  0.00046873 -0.00124693
8 58 27 252410  0.00096035  0.00043154 -0.0013237 
8 58 27 301313  0.0011344   0.00100136 -0.00201082
8 58 27 354445  0.00082922  0.00089931 -0.00117207
8 58 27 403692  0.0003767   0.00024652 -0.00068474
8 58 27 452602  0.00056171  0.00013351 -0.00019217
8 58 27 502465 -0.00030899 -0.00067663 -0.000278  
8 58 27 555224 -0.00041533 -0.00066948 -0.0001874 
8 58 27 604597 -0.00074816 -0.00049067  0.00019741
8 58 27 653876 -0.00095463 -0.00053787  0.00057697
8 58 27 706452 -0.00070143 -0.00058365  0.00039577
8 58 27 751744 -0.00079441 -0.0007987   0.00065565
8 58 27 806050 -0.00096083 -0.00059509  0.00109482
8 58 27 853766 -0.00112677 -0.00075436  0.00081301
8 58 27 903022 -0.00141859 -0.00045824  0.00085211
8 58 27 952557 -1.44815445e-03 -7.72476196e-05  8.67366791e-04
8 58 28 2116 -0.00180292 -0.00044394  0.0004282 
8 58 28 55250 -1.56545639e-03 -3.95774841e-05  2.96592712e-04
8 58 28 104484 -0.00124359  0.00038767  0.0004077 
8 58 28 153768 -0.00133896  0.00012207  0.00036764
8 58 28 202026 -0.00155926  0.00043583 -0.00017118
8 58 28 251492 -9.57965851e-04  7.15732574e-04 -3.86238098e-05
8 58 28 304099 -0.00029945  0.00057077 -0.00055742
8 58 28 357291 -0.00058651  0.00087023 -0.00033522
8 58 28 402339 -0.00031996  0.0006671  -0.00096083
8 58 28 452266  1.09672546e-05  6.04152679e-04 -5.26905060e-04
8 58 28 505183 -8.96453857e-05  3.80992889e-04 -9.71794128e-04
8 58 28 556838  0.00022316  0.00053978 -0.00074863
8 58 28 602816  3.46183777e-04 -4.76837158e-06 -2.36511230e-04
8 58 28 652890  7.57217407e-04 -7.43865967e-05 -4.12464142e-04
8 58 28 708191  0.00083494 -0.00056124 -0.00023556
8 58 28 755476  0.00064373 -0.00094652  0.00017214
8 58 28 804932  0.00075483 -0.00071526  0.00028133
8 58 28 853627  0.00087786 -0.00106525  0.00039625
8 58 28 902429  0.00041866 -0.00056362  0.00037384
8 58 28 956387  0.00015497 -0.00033474 -0.00040483
8 58 29 6612  0.0006814   0.00029087 -0.00123167
8 58 29 54773  0.0013814   0.00012922 -0.00179672
8 58 29 103553  0.00144291  0.00035572 -0.00170422
8 58 29 154289  0.00061178  0.00091362 -0.00135756
8 58 29 206991 -0.00013113  0.00066566 -0.00096083
8 58 29 254616 -0.00095606  0.00057268 -0.00074434
8 58 29 304171 -0.00159693  0.00051594 -0.00085115
8 58 29 353435 -0.00222206  0.00070286 -0.00060272
8 58 29 409458 -0.00202274  0.00089979 -0.00037718
8 58 29 456271 -0.00256062  0.00112581 -0.00016451
8 58 29 507605 -0.00230694  0.0004344   0.00045443
8 58 29 554294 -0.00218821  0.00106049  0.00045204
8 58 29 607165 -0.002069    0.0010643   0.00051355
8 58 29 656811 -0.00149345  0.00061655  0.00053358
8 58 29 707149 -0.0019908   0.00022888  0.000144  
8 58 29 755507 -1.56164169e-03  4.76837158e-07  4.10556793e-04
8 58 29 810966 -0.00123167 -0.00069284  0.00154924
8 58 29 857790 -0.00213575 -0.0006237   0.00112295
8 58 29 908548 -0.00168467 -0.00136471  0.00101995
8 58 29 956220 -0.00182629 -0.00157261  0.00065994
8 58 30 7638 -0.00086832 -0.00149727  0.00092602
8 58 30 58895  0.00015116 -0.00142527  0.00093079
8 58 30 107140  0.00093889 -0.00145721  0.00072479
8 58 30 157083  0.00119305 -0.00057745  0.00032997
8 58 30 205675  0.0023098  -0.00092411 -0.00024033
8 58 30 255843  2.41231918e-03 -2.14576721e-04 -4.52995300e-05
8 58 30 308465  0.00281096  0.00012016 -0.0003047 
8 58 30 356827 2.98786163e-03 1.52587891e-04 9.63211060e-05
8 58 30 405532  0.00269175  0.00035858 -0.00042152
8 58 30 457204  0.00231886  0.00077152 -0.00055027
8 58 30 504781  0.00212955  0.00064945 -0.0003705 
8 58 30 558722  0.00210381  0.00081015 -0.00062895
8 58 30 607342  2.30646133e-03  3.81469727e-06 -5.77449799e-04
8 58 30 656823  0.00259399  0.00066853 -0.00108671
8 58 30 707173  0.00228548  0.00036001 -0.00106716
8 58 30 757583  0.00201035 -0.00012016 -0.0005641 
8 58 30 806733  1.69849396e-03 -1.71661377e-05 -9.36031342e-04
8 58 30 856268  0.00073719  0.00055456 -0.000525  
8 58 30 909618  2.28881836e-04  1.23977661e-05 -8.15391541e-05
8 58 30 958698 -6.30378723e-04  2.67505646e-04  3.81469727e-06
8 58 31 10310 -1.11484528e-03 -4.38690186e-05  3.12328339e-04
8 58 31 57764 -1.80006027e-03  9.96589661e-05  4.07218933e-04
8 58 31 109457 -0.00173664 -0.00034428  0.00015068
8 58 31 160270 -1.88398361e-03  3.12805176e-04  8.86917114e-05
8 58 31 210679 -0.00228357  0.00012636  0.00018978
8 58 31 259591 -2.86960602e-03 -3.04698944e-04 -3.67164612e-05
8 58 31 307122 -0.00288677  0.00045824  0.00051832
8 58 31 356843 -0.00211477  0.00102377  0.00042534
8 58 31 411732 -0.00214815  0.00031996  0.00047493
8 58 31 457764 -0.00267458  0.00078297  0.00080204
8 58 31 506530 -0.00286341  0.00037527  0.00071764
8 58 31 556627 -0.00271273  0.00068092  0.00037718
8 58 31 608904 -0.00223875 -0.00067186  0.00041056
8 58 31 659786 -0.00194836 -0.00118923  0.00042439
8 58 31 710946 -1.29795074e-03 -1.36804581e-03 -6.19888306e-05
8 58 31 757774 -0.00124025 -0.00032187 -0.00025272
8 58 31 807404 -0.00130796 -0.00015116 -0.00048828
8 58 31 861271 -1.08766556e-03 -6.58035278e-05 -8.85963440e-04
8 58 31 910491 -0.0006423  -0.00035524 -0.00147104
8 58 31 957494 -0.00113392 -0.00031233 -0.00192356
8 58 32 7322 -4.92095947e-04 -7.77244568e-05 -1.84106827e-03
8 58 32 59783 -4.59194183e-04 -5.72204590e-05 -2.53105164e-03
8 58 32 111057 -0.0005126   0.00053978 -0.00219488
8 58 32 160563  3.69071960e-04 -5.10215759e-05 -1.48868561e-03
8 58 32 207565  0.00011921  0.0008564  -0.00125885
8 58 32 258035  0.00109243  0.00095177 -0.00064087
8 58 32 307485  1.55353546e-03  3.41892242e-04 -2.86102295e-05
8 58 32 360993 0.00096083 0.00052834 0.00039053
8 58 32 407995 0.00059843 0.0002985  0.00088835
8 58 32 458016  8.50200653e-04  1.90734863e-06 -2.40624523e+00
8 58 32 508882  0.00123596 -0.00021982  0.00153112
8 58 32 563514 -0.00030422  0.00041437  0.00093174
8 58 32 607995  2.76565552e-05 -2.02178955e-04 -1.40666962e-04
8 58 32 658454 -0.00040293 -0.00026321 -0.00068951
8 58 32 707906  3.43799591e-04 -4.00543213e-05 -8.76426697e-04
8 58 32 761839  9.24587250e-04 -5.76972961e-05 -1.09720230e-03
8 58 32 808230  0.00063848  0.00029087 -0.00111055
8 58 32 859165  0.00086832  0.00136375 -0.00077724
8 58 32 908292  0.00085831  0.00127745 -0.00051832
8 58 32 960493  0.00040245  0.00135183 -0.00061178
8 58 33 12438 0.00019932 0.00178766 0.00010443
8 58 33 63335  3.93390656e-04  5.35964966e-04 -4.24385071e-05
8 58 33 109728 0.0009656  0.00035763 0.00045776
8 58 33 157986  0.00060034 -0.00026894  0.00060701
8 58 33 207084  6.59942627e-04 -2.09808350e-05  1.30605698e-03
8 58 33 261296 0.00168991 0.00053453 0.00149775
8 58 33 311153  0.00205564 -0.00018311  0.00108814
8 58 33 361225  0.0020442  -0.00106287  0.00143862
8 58 33 408540  0.0012641  -0.00179052  0.0015645 
8 58 33 459395  0.0007515  -0.00169086  0.00019789
8 58 33 511835  0.00063467 -0.00174427 -0.00023985
8 58 33 559051  0.00063562 -0.00209284 -0.00053167
8 58 33 610506  5.41210175e-04 -1.66082382e-03 -4.91142273e-05
8 58 33 663937 -9.05990601e-06 -1.51824951e-03 -2.40325928e-04
8 58 33 713068  5.65528870e-04 -2.12669373e-04  3.43322754e-05
8 58 33 760684  0.00068378  0.00027466 -0.00076675
8 58 33 812090  0.00093412 -0.00026608 -0.00081682
8 58 33 864818  0.00099993  0.00055218 -0.00125265
8 58 33 912809  0.00045538  0.00056696 -0.00165224
8 58 33 963330  0.00028181 -0.00019884 -0.00085831
8 58 34 11497  1.31130219e-04  1.00612640e-04 -1.00135803e-05
8 58 34 60176  8.19206238e-04 -5.81741333e-05  9.57012177e-04
8 58 34 113033  0.00111341 -0.00096083  0.00166464
8 58 34 162381 0.00060415 0.00122023 0.00202513
8 58 34 210777 0.00111723 0.00203657 0.00206518
8 58 34 260603  0.0019145  -0.00038481  0.00182056
8 58 34 310434 0.00043917 0.00064898 0.00102091
8 58 34 363587 -0.00082159  0.0014286   0.00082636
8 58 34 412093 -0.00083685  0.00063372 -0.0001812 
8 58 34 461093 -0.00027943  0.00083733 -0.00017834
8 58 34 509750 -0.00077391 -0.00034094 -0.00074053
8 58 34 559582 -0.00155401 -0.00016308 -0.00110817
8 58 34 614046 -0.00127459 -0.00042248 -0.00164795
8 58 34 661503 -0.00024939 -0.00179911 -0.00267029
8 58 34 711284 -0.0009079  -0.00136852 -0.00336409
8 58 34 760286 -0.00184155 -0.00058985 -0.00318623
8 58 34 813113 -0.0021019  -0.00183821 -0.00344133
8 58 34 862137 -0.00317287 -0.00134706 -0.00272369
8 58 34 913277 -0.0036664  -0.0003376  -0.00198174
8 58 34 961397 -0.00319004 -0.00028467 -0.00197887
8 58 35 15305 -0.00236082 -0.00080299 -0.00160456
8 58 35 63230 -0.00113153 -0.00068188 -0.00161457
8 58 35 113353 -0.00093937 -0.00104427 -0.00066328
8 58 35 161761 -0.00099611 -0.00097418 -0.00012827
8 58 35 214779 -0.00075483 -0.00086164  0.000278  
8 58 35 263942 -0.00090265 -0.00033855  0.00148201
8 58 35 313578 -0.00122738  0.00074339  0.00212145
8 58 35 362812 -0.00108624  0.00037146  0.00292444
8 58 35 410473 -0.00039148  0.00075436  0.003304  
8 58 35 464236 0.00025034 0.00184059 0.00317287
8 58 35 512799 0.00063705 0.00215101 0.00324774
8 58 35 563104 0.00156593 0.00178576 0.00310564
8 58 35 611739 0.00142241 0.00172281 0.00215483
8 58 35 668845 0.00054693 0.00232506 0.00133467
8 58 35 714122 0.00089931 0.00282145 0.00092077
8 58 35 763826 0.00104809 0.00083685 0.00020838
8 58 35 813129  0.00073957  0.0007534  -0.00082493
8 58 35 862575  0.00012445  0.00092173 -0.00096416
8 58 35 916111  0.000947    0.00071621 -0.0014987 
8 58 35 962738  9.36985016e-04 -3.71932983e-05 -1.81007385e-03
8 58 36 14349  0.00126839 -0.00163937 -0.0020833 
8 58 36 62627  1.11389160e-03  3.12442780e-02 -2.25000572e+00
8 58 36 112324  0.00101089 -0.00173426 -0.00141859
8 58 36 163296 -0.00085115 -0.00353765  0.00302267
8 58 36 211458 -0.00127172 -0.00353813  0.00252438
8 58 36 265396 -0.00123739 -0.00388622  0.00214624
8 58 36 312171 -0.00123835 -0.00493288  0.00079727
8 58 36 365125 -0.00017071 -0.00411892  0.00035715
8 58 36 415281  0.00112915 -0.00354433 -0.00053406
8 58 36 463298  0.00102806 -0.00369024 -0.00100374
8 58 36 513907  0.00056553 -0.00190449 -0.00125885
8 58 36 561991 -8.24928284e-05 -1.79481506e-03 -2.30455399e-03
8 58 36 615411 -0.0005784   0.00022745 -0.00306511
8 58 36 664439 -0.00022554  0.00227976 -0.00337029
8 58 36 713728  2.52723694e-05  2.58541107e-03 -4.13417816e-03
8 58 36 764157 -2.76565552e-05  2.57349014e-03 -4.56190109e-03
8 58 36 816811 -0.00013351  0.00270033 -0.00477934
8 58 36 864297 -0.00048447  0.00284004 -0.00424337
8 58 36 914188 -0.00034904  0.0022583  -0.00409031
