11 52 36 219477 -0.02638435 -0.11411881  0.99451017
11 52 36 221757 -0.04866529 -0.1080327   1.00243783
11 52 36 242062 -0.03420615 -0.03446317  0.98879623
11 52 36 293237 -0.01492667 -0.02446437  0.97255874
11 52 36 343412 -0.02078342 -0.06458116  0.98264742
11 52 36 391720 -0.04352975 -0.09410787  0.99265361
11 52 36 443318 -0.05299711 -0.05841208  1.00209308
11 52 36 492548 -0.02087379  0.020643    0.98899937
11 52 36 545114  6.11782074e-04 -1.74660683e-02  9.71168756e-01
11 52 36 593005 -0.02092838 -0.10063505  0.99068022
11 52 36 639928 -0.04291081 -0.09660697  0.99870014
11 52 36 692191 -0.03161955 -0.04437327  0.98522544
11 52 36 741059 -0.02180886 -0.02896547  0.9810667 
11 52 36 792224 -0.01860285 -0.04387188  0.98709059
11 52 36 843119 -0.03419304 -0.07029057  0.98673034
11 52 36 893233 -0.05303311 -0.07946348  0.9877975 
11 52 36 942826 -0.03665709  0.00879431  0.99840045
11 52 36 991902 0.00421596 0.06787848 0.98851466
11 52 37 43588 -0.00116181 -0.05959487  0.98725891
11 52 37 95753 -0.04750061 -0.17232752  0.99260926
11 52 37 147922 -0.04956388 -0.09644961  0.9792943 
11 52 37 193955 -0.01998997 -0.00902271  0.98080969
11 52 37 240595 -0.01103854 -0.04102707  0.99870467
11 52 37 291693 -0.02667642 -0.08058882  1.00149798
11 52 37 342511 -0.05047894 -0.083076    0.99034166
11 52 37 392720 -0.04102087 -0.01119804  0.99875903
11 52 37 443114 -0.00211215  0.03648925  0.98496962
11 52 37 493761  0.00209355 -0.03994584  0.98332119
11 52 37 544375 -0.0347507  -0.12243962  1.00111175
11 52 37 592816 -0.04775167 -0.08087707  0.99448252
11 52 37 644139 -0.03055573 -0.02338767  0.98834419
11 52 37 693644 -0.01335335 -0.03350759  0.99681401
11 52 37 746119 -0.02748966 -0.06351662  1.01102853
11 52 37 792726 -0.0492034  -0.08179927  1.00100946
11 52 37 840826 -0.0488348  -0.03242302  0.99914789
11 52 37 891619 -0.01219535  0.04490852  0.99348354
11 52 37 941063  0.00147581 -0.0146966   0.98432064
11 52 37 992994 -0.02826738 -0.12745976  1.0088203 
11 52 38 43973 -0.05174351 -0.11311126  1.00555491
11 52 38 95483 -0.03945732 -0.034585    0.99165511
11 52 38 162685 -0.01580262 -0.02704191  0.98792362
11 52 38 192626 -0.02217865 -0.06843662  1.00977397
11 52 38 244279 -0.0388124  -0.08706331  1.0119729 
11 52 38 295696 -0.04931545 -0.043612    1.01681018
11 52 38 347020 -0.01501656  0.03026271  0.9978168 
11 52 38 393784  0.00381684 -0.00853896  0.98143125
11 52 38 441381 -0.0180161  -0.0988574   1.00282359
11 52 38 492554 -0.04302216 -0.10344815  1.00952959
11 52 38 541719 -0.03947449 -0.04664826  0.99956226
11 52 38 593364 -0.02138281 -0.03040719  0.99725842
11 52 38 642781 -0.02102184 -0.05334258  1.00644875
11 52 38 694699 -0.03785181 -0.0792768   1.00957203
11 52 38 743538 -0.05141306 -0.06692004  1.01037264
11 52 38 792453 -0.03737593  0.02143025  1.01098514
11 52 38 843867 -4.55141068e-04  4.72714901e-02  9.97800350e-01
11 52 38 893604 -0.00786424 -0.07525063  0.99750805
11 52 38 944739 -0.04697871 -0.1492393   1.01242232
11 52 38 993778 -0.04945827 -0.07461882  0.9997251 
11 52 39 40483 -0.02694297 -0.01783228  0.99725223
11 52 39 98406 -0.01942015 -0.04938793  1.01336741
11 52 39 141136 -0.0319736  -0.08588958  1.01303053
11 52 39 192699 -0.05295873 -0.08345175  1.01626658
11 52 39 244118 -0.03520393  0.00383091  1.01927853
11 52 39 293832 0.00544477 0.04940152 1.00017786
11 52 39 343198  2.57492065e-05 -5.45079708e-02  9.93316650e-01
11 52 39 391978 -0.04049158 -0.13805819  1.01204157
11 52 39 444245 -0.04838204 -0.08121872  1.00777864
11 52 39 493060 -0.02723289 -0.02137828  1.00072265
11 52 39 545015 -0.01879549 -0.04287148  1.0024929 
11 52 39 593769 -0.03151441 -0.07836986  1.00434804
11 52 39 640223 -0.05565572 -0.08575153  1.01397514
11 52 39 692488 -4.17332649e-02 -2.65598297e-04  1.02449536e+00
11 52 39 741311 0.00387144 0.08205795 1.00653648
11 52 39 792603  0.01072288 -0.04310822  0.98456836
11 52 39 842341 -0.04330063 -0.18308258  1.01063013
11 52 39 893585 -0.05286884 -0.10792279  1.01521754
11 52 39 942970 -0.01882243 -0.00330234  1.00377536
11 52 39 992408 -0.01009631 -0.0421834   1.00574708
11 52 40 46292 -0.03489375 -0.10187578  1.01374197
11 52 40 95607 -0.05936766 -0.079849    1.01863933
11 52 40 144464 -0.03381824  0.00543499  1.02844715
11 52 40 194249 -5.66005707e-04 -8.88109207e-04  1.00137377e+00
11 52 40 241151 -0.00822186 -0.06868815  1.00040317
11 52 40 292165 -0.03595066 -0.0841825   1.02422476
11 52 40 341185 -0.03389287 -0.04458404  1.02151608
11 52 40 393355 -0.02300143 -0.02674937  1.01019669
11 52 40 442141 -0.01939154 -0.04647994  1.00001192
11 52 40 493551 -0.03837657 -0.07385516  1.00351501
11 52 40 542816 -0.05854201 -0.07865572  1.01826358
11 52 40 592209 -0.0385046   0.00694942  1.02696157
11 52 40 643703 2.47716904e-04 3.93834114e-02 1.00775266e+00
11 52 40 693773 -0.00495768 -0.07676506  1.00467014
11 52 40 746981 -0.04584527 -0.14374471  1.01989436
11 52 40 792858 -0.05004406 -0.07419443  1.00914001
11 52 40 841077 -0.02403069 -0.02240205  0.99945045
11 52 40 892722 -0.01873899 -0.05263138  1.00421047
11 52 40 941418 -0.03713107 -0.09115314  1.0058825 
11 52 40 996708 -0.05591321 -0.07949662  1.01391888
11 52 41 44458 -0.03315091  0.0115006   1.02233362
11 52 41 95390 0.00538802 0.02993798 1.01005316
11 52 41 145798 -0.00299692 -0.07583475  1.00645518
11 52 41 192620 -0.04481387 -0.12999797  1.0221734 
11 52 41 244621 -0.04376507 -0.05911636  1.00457287
11 52 41 296251 -0.02232385 -0.01877475  0.99726844
11 52 41 345710 -0.01895618 -0.05270696  1.01075363
11 52 41 393801 -0.03324652 -0.08163381  1.01208401
11 52 41 440703 -0.05754113 -0.07063985  1.01355338
11 52 41 492377 -0.04037166  0.01384211  1.01601195
11 52 41 541834 0.0035162  0.03821969 0.99458933
11 52 41 593502 -0.00393844 -0.07707858  0.99897361
11 52 41 642295 -0.05117869 -0.14389062  1.02093673
11 52 41 694295 -0.04946804 -0.06341052  1.00544548
11 52 41 743059 -0.01784348 -0.00618839  0.99060655
11 52 41 791424 -0.01166034 -0.04699039  1.00343418
11 52 41 844704 -0.03399777 -0.09491634  1.0084815 
11 52 41 893412 -0.05885172 -0.07386756  1.01444244
11 52 41 945616 -0.02960467  0.02241945  1.01033211
11 52 41 993947 0.01040077 0.02104592 0.98062754
11 52 42 40699 -0.00515676 -0.08996463  0.99397397
11 52 42 99494 -0.04479909 -0.1305685   1.0251298 
11 52 42 141464 -0.04256415 -0.0528779   1.01027179
11 52 42 192817 -0.0150044  -0.01650763  0.98689437
11 52 42 242548 -0.01538038 -0.05377531  0.99246311
11 52 42 293898 -0.04554105 -0.0872066   0.99889135
11 52 42 355329 -0.06230092 -0.05512428  1.0134263 
11 52 42 392121 -0.03086638  0.02878976  1.00730753
11 52 42 444434 0.00121498 0.00510049 0.97758532
11 52 42 495880 -0.01603723 -0.09055185  0.99342537
11 52 42 546875 -0.04683828 -0.73454595  0.76954389
11 52 42 593845 -0.01672053 -0.02072644  0.98563695
11 52 42 641715  0.01555896 -1.43772125 -1.48051953
11 52 42 693888 -0.04060507 -0.08764648 -1.63672256
11 52 42 742723 -0.05711174 -0.06176829  1.01806855
11 52 42 792151  7.16090202e-03 -2.67028809e-05  1.55980587e-02
11 52 42 842995 -0.03863049 -0.04877019  1.01666546
11 52 42 893993 -0.02094197 -0.02348638  0.99737215
11 52 42 943222 -0.02122903 -0.04127192  0.98604918
11 52 42 992829 -0.03549194 -0.07330728  0.98391199
11 52 43 44428 -0.05764484 -0.07917857  1.01299787
11 52 43 96038 -0.03626966  0.00693512  1.02667189
11 52 43 145445 0.00581193 0.03142834 1.00163674
11 52 43 193214 -0.00284815 -0.07979107  0.99162054
11 52 43 241256 -0.04798341 -0.14065456  1.01401281
11 52 43 292396 -0.04440546 -0.06044078  1.0040164 
11 52 43 342350 -1.70814991e-02  4.22477722e-04  9.95874643e-01
11 52 43 393247 -0.01369357 -0.03416753  0.99579239
11 52 43 442382 -0.0365026  -0.08732176  0.99026132
11 52 43 493263 -0.05573058 -0.07679152  1.00683904
11 52 43 542366 -0.02995658  0.00636744  1.01826096
11 52 43 591442  0.00242043 -0.00172234  0.99523616
11 52 43 644593 -0.00588489 -0.09399676  1.00182867
11 52 43 695419 -0.03816462 -0.11424422  1.0172925 
11 52 43 745090 -0.037714   -0.04607701  1.00770998
11 52 43 793844 -0.01882029 -0.01015377  0.99393463
11 52 43 840902 -0.01681876 -0.04244423  0.99704981
11 52 43 891848 -0.03177142 -0.0778966   0.99340963
11 52 43 941773 -0.05672765 -0.07866049  1.00438738
11 52 43 993006 -0.03455186  0.01279235  1.01553726
11 52 44 41364 0.00651836 0.03868794 0.99857926
11 52 44 99701 -0.00160766 -0.08430743  0.9962523 
11 52 44 142496 -0.04519081 -0.15057206  1.02299833
11 52 44 191870 -0.0453074  -0.05849814  1.00611734
11 52 44 243192 -0.01566958  0.01402783  0.98781157
11 52 44 292542 -0.01190996 -0.03365469  0.99190807
11 52 44 343988 -0.03693223 -0.09372473  0.99693203
11 52 44 399256 -0.05721545 -0.08259749  1.01406789
11 52 44 441096 -0.03015876  0.00190902  1.01089382
11 52 44 493239 -0.00175548 -0.01612592  0.98653984
11 52 44 545482 -0.01336932 -0.09071374  1.00163841
11 52 44 594624 -0.0352118  -0.0961163   1.02216554
11 52 44 642111 -0.03768611 -0.03327966  1.01105523
11 52 44 694517 -0.0243268  -0.01105809  0.99184418
11 52 44 745004 -0.01818919 -0.0285666   0.98423076
11 52 44 791417 -0.03471041 -0.06721663  0.99228096
11 52 44 844101 -0.0483706  -0.08271241  1.01061797
11 52 44 893088 -0.03647423  0.00377727  1.01925731
11 52 44 945100 6.79016113e-04 5.94818592e-02 1.00257540e+00
11 52 44 994351  4.04834747e-04 -5.47688007e-02  9.95955467e-01
11 52 45 40927 -0.04065466 -0.14978576  1.01422095
11 52 45 100584 -0.04609132 -0.07336617  1.00800276
11 52 45 140799 -0.02083206  0.02136493  0.99662614
11 52 45 193187 -0.01445127 -0.01376104  0.99344325
11 52 45 241748 -0.02857614 -0.07901311  0.99103022
11 52 45 293389 -0.05202794 -0.1014297   0.9968977 
11 52 45 346851 -0.03630352 -0.01037288  1.01346207
11 52 45 393029 0.00536418 0.06370687 1.00422215
11 52 45 444980  0.0117507  -0.03922439  0.99010611
11 52 45 492414 -0.03661036 -0.15752172  1.00068641
11 52 45 544534 -0.04822016 -0.09300256  1.00571728
11 52 45 595103 -0.01919341  0.00176883  0.99972582
11 52 45 640324 -0.00931525 -0.02559185  0.99787021
11 52 45 692609 -0.03211617 -0.10620236  0.98858881
11 52 45 741258 -0.06037259 -0.10361648  1.00077319
11 52 45 792647 -0.04042745  0.06622791  1.03620839
11 52 45 865277 0.04526687 0.16386414 1.01241827
11 52 45 909600  0.04775143 -0.04704452  0.95954013
11 52 45 954151 -0.05695033 -0.25132108  1.00153708
11 52 45 991463 -0.07159925 -0.12773967  1.0195632 
11 52 46 43421 -0.00951147  0.02537131  0.99463892
11 52 46 95876 -0.00927281 -0.06784177  0.97778678
11 52 46 145088 -0.07678246 -0.11864066  1.02470851
11 52 46 193625 -0.03829789  0.11637902  1.04196   
11 52 46 240510 0.10494351 0.16611171 0.95627427
11 52 46 291741  0.05475473 -0.13809061  0.98339128
11 52 46 344164 -0.09043002 -0.27715325  1.03271747
11 52 46 395909 -0.05089164 -0.07923341  0.99023056
11 52 46 447837 -0.00388122 -0.0290091   0.96480751
11 52 46 493389 -0.03392506  0.02334499  1.04658008
11 52 46 543757 0.0458653  0.09440589 0.96023774
11 52 46 591656  0.0469892  -0.08185577  0.9815228 
11 52 46 645362 -0.03462481 -0.16059589  1.07224274
11 52 46 694293 -0.03559613 -0.05108476  0.98449802
11 52 46 744605 -0.0297122  -0.00581884  0.96515083
11 52 46 794734 0.03348994 0.06673479 0.98407674
11 52 46 840653  0.0588119  -0.07192373  0.94283438
11 52 46 891725 -0.01329041 -0.15197396  1.06494474
11 52 46 940925 -0.03174472 -0.03479385  1.02324247
11 52 46 992929 -0.03814793  0.01046014  0.97856832
11 52 47 42108 0.02864242 0.02144599 0.95745277
11 52 47 103466  0.05949926 -0.09573126  0.94569087
11 52 47 139410  0.0140245  -0.07039452  1.05996966
11 52 47 191737 -0.03559494 -0.02776837  1.03415847
11 52 47 243655 -0.04610252 -0.0438931   1.00375986
11 52 47 292338  0.05022717 -0.05335331  0.93303347
11 52 47 344291  0.07388854 -0.05044365  0.98403549
11 52 47 397370 -6.78658485e-03  5.46932220e-04  1.05561447e+00
11 52 47 440151 -0.08726048 -0.02339268  1.0154655 
11 52 47 491558 -0.00557804 -0.03274441  0.91266942
11 52 47 541788  0.0908432  -0.08332419  0.95044088
11 52 47 593018  0.06957984 -0.03249812  1.10485601
11 52 47 641874 -0.06032872 -0.02658439  1.07233596
11 52 47 694344 -0.05935788 -0.02305794  0.94134831
11 52 47 747020  0.05651498 -0.08523941  0.83883572
11 52 47 790655  0.08305907 -0.04379725  1.0503087 
11 52 47 842147 -2.42445469e-02  9.70602036e-04  1.11031008e+00
11 52 47 893737 -0.06953263 -0.03370643  1.00631261
11 52 47 944415  0.03618884 -0.09128785  0.85749888
11 52 47 993775  0.09013104 -0.03856421  0.96985888
11 52 48 41531 -2.52389908e-03  1.05237961e-03  1.09686017e+00
11 52 48 99356 -0.05243897 -0.02660966  1.06137681
11 52 48 141621  0.04889941 -0.08225679  0.87811327
11 52 48 192787  0.0857141  -0.03097081  0.9617455 
11 52 48 242236 -0.01206756  0.00430679  1.08728504
11 52 48 303656 -0.06683064 -0.10036063  1.04340148
11 52 48 378016  0.01362395 -0.13084006  0.91307902
11 52 48 427412 0.05524206 0.03437805 0.95008302
11 52 48 473496 0.00534463 0.08504868 1.0553863 
11 52 48 513440 -0.02846146 -0.02353954  1.06723619
11 52 48 589271  0.0625267   1.78112245 -1.08989596
11 52 48 634538 -0.03278184  0.00767255  1.0670886 
11 52 48 679283  0.0155127  -1.68771791 -1.99599862
11 52 48 738349  0.07218242 -0.10125732 -0.5745945 
11 52 48 757771 0.06234622 0.0016892  1.01043344
11 52 48 793467 -1.32858753e-02  1.38437748e-02  1.62124634e-05
11 52 48 843022 0.0681622  0.06612349 1.05702591
11 52 48 895287  0.11523175 -0.12585521  0.92585254
11 52 48 950773 0.06048584 0.03551412 1.09507537
11 52 49 19037  0.10455871 -0.1065495   0.96127725
11 52 49 66621 0.06069541 0.01026821 1.01907611
11 52 49 115651  0.12251878 -0.06283355  0.98261976
11 52 49 175484  0.07383919 -0.02223372  1.05709076
11 52 49 210674  0.11375856 -0.02569342  1.0179255 
11 52 49 240555  0.0736742  -0.07275796  0.95173287
11 52 49 292158 0.11741185 0.02053547 1.0266149 
11 52 49 341743  0.09740853 -0.09315681  0.97835207
11 52 49 393655 0.0952456 0.0306139 1.0716908
11 52 49 443585  0.09056854 -0.13749623  0.9253056 
11 52 49 495073 0.08418131 0.0527246  1.04736471
11 52 49 545641  0.09613538 -0.1420424   0.93622231
11 52 49 592678 0.07400441 0.0720489  1.09307647
11 52 49 644871  0.1009295  -0.14484167  0.93781137
11 52 49 694049 0.05543256 0.05529022 1.06905174
11 52 49 745225  0.12029099 -0.10939622  0.94657707
11 52 49 803976 0.05948067 0.03005004 1.11126256
11 52 49 844486  0.11474609 -0.09165931  0.99085569
11 52 49 893178  0.05239773 -0.01880455  1.01146698
11 52 49 941646  0.11597681 -0.04910135  0.9874804 
11 52 49 993622  0.07612205 -0.04820538  1.02395248
11 52 50 43005  0.10355306 -0.02113819  1.03333402
11 52 50 100025  0.06698298 -0.10292912  0.95370531
11 52 50 144142 0.10608315 0.01960611 1.03188992
11 52 50 192251  0.09673595 -0.12283254  0.9512167 
11 52 50 244940 0.09109807 0.03732204 1.07119727
11 52 50 292779  0.09333611 -0.15429878  0.91970444
11 52 50 345895 0.07982874 0.06367588 1.06234097
11 52 50 396219  0.115767   -0.14683294  0.91672587
11 52 50 441714 0.05772376 0.04939175 1.10607624
11 52 50 492765  0.10249853 -0.15169048  0.94067407
11 52 50 544621 0.0558207  0.04176021 1.05795598
11 52 50 595569  0.11812139 -0.11360455  0.94421554
11 52 50 642771 0.06381702 0.0199542  1.08389974
11 52 50 694191  0.12384486 -0.07458305  0.98513079
11 52 50 744027  0.0634675  -0.04279947  0.99677277
11 52 50 791260  0.10988116 -0.05042028  1.00272322
11 52 50 844236  0.07847309 -0.06658292  1.00009537
11 52 50 892999  0.1060679  -0.02105308  1.03115559
11 52 50 946543  0.07387376 -0.12360215  0.93329263
11 52 50 993833 0.1015029  0.02379298 1.02887964
11 52 51 43346  0.09312391 -0.13143253  0.9295001 
11 52 51 99662 0.08652329 0.04334474 1.06958437
11 52 51 141897  0.09458661 -0.15748739  0.90509391
11 52 51 193449 0.07371688 0.06264186 1.05119944
11 52 51 243737  0.10414505 -0.14228487  0.91234279
11 52 51 294102 0.06882    0.05990791 1.08018422
11 52 51 343660  0.10916138 -0.1295898   0.93887329
11 52 51 392383 0.05873156 0.02460241 1.04151154
11 52 51 443861  0.11432481 -0.10456944  0.95748067
11 52 51 494086 0.06453395 0.00112963 1.05786395
11 52 51 546553  0.11837745 -0.06919837  0.98315382
11 52 51 623939  0.06316543 -0.05683661  0.97345519
11 52 51 658714  0.11250925 -0.03700089  0.99060297
11 52 51 693011  0.07516193 -0.08927441  0.97241354
11 52 51 741988  0.10978937 -0.00163651  1.02179313
11 52 51 793349  0.08481431 -0.12805271  0.92406726
11 52 51 863358 0.08803606 0.01850319 1.03033185
11 52 51 895785  0.0892539  -0.16386843  0.91011095
11 52 51 944038 0.09232569 0.05762601 1.05497503
11 52 51 992542  0.11005521 -0.15490079  0.90059447
11 52 52 44960 0.06624818 0.0471673  1.06848717
11 52 52 96647  0.10581017 -0.15017414  0.91418457
11 52 52 145188 0.06080914 0.04778385 1.06683254
11 52 52 193780  0.1177671  -0.11595321  0.93481421
11 52 52 252771 0.05849457 0.02131295 1.03453779
11 52 52 310133  0.11670732 -0.08487821  0.95281768
11 52 52 359542  0.06542611 -0.01665735  1.02028465
11 52 52 408299  0.12936497 -0.04094338  0.98702216
11 52 52 457806  0.07369804 -0.05364609  0.97394538
11 52 52 497006  0.11806774 -0.00374341  1.01541162
11 52 52 543877  0.08366346 -0.08911824  0.93820333
11 52 52 593522 0.10994267 0.03013897 1.02292562
11 52 52 644992  0.08673429 -0.11502743  0.91324711
11 52 52 694482 0.09368515 0.06292343 1.04293323
11 52 52 746552  0.0971899  -0.13959432  0.91972709
11 52 52 793206 0.07844567 0.06844974 1.07222509
11 52 52 845550  0.10762119 -0.13960934  0.91345716
11 52 52 892836 0.06912994 0.06587911 1.05444479
11 52 52 942239  0.10879064 -0.1386025   0.91897535
11 52 52 994219 0.06328154 0.05782247 1.05798769
11 52 53 44131  0.12748051 -0.09620953  0.93947554
11 52 53 103789 0.06724477 0.02236176 1.05263186
11 52 53 139266  0.13452959 -0.0729773   0.97736883
11 52 53 195841  0.06408024 -0.02201104  1.03073454
11 52 53 245059  0.1304822  -0.04446483  0.99633431
11 52 53 293710  0.0736618  -0.05161285  0.97282219
11 52 53 348341  0.11621237 -0.01194572  1.02213264
11 52 53 395018  0.07529712 -0.0968821   0.960989  
11 52 53 443925 0.10886931 0.03064919 1.04236937
11 52 53 494539  0.08864999 -0.10612082  0.9180367 
11 52 53 543411 0.0888288  0.05491352 1.05998611
11 52 53 595380  0.08879733 -0.1376729   0.92342877
11 52 53 643205 0.08186555 0.0783968  1.07593608
11 52 53 694984  0.108356   -0.13849282  0.91335988
11 52 53 743740 0.06326699 0.06495667 1.08152747
11 52 53 803161  0.10500264 -0.13440156  0.94324327
11 52 53 843921 0.06133294 0.0598762  1.09550834
11 52 53 893584  0.12119699 -0.11307931  0.95707011
11 52 53 946470 0.05809379 0.02551937 1.05860281
11 52 53 993551  0.11943007 -0.07561898  0.98315048
11 52 54 41305 6.27486706e-02 7.79151917e-04 1.05802155e+00
11 52 54 99681  0.12336397 -0.03703165  1.01087737
11 52 54 143695  0.0633893  -0.03764653  0.99497533
11 52 54 193706  0.1260798  -0.00487018  1.02615261
11 52 54 244534  0.08283663 -0.07322741  0.97897506
11 52 54 295430 0.1030128  0.01772404 1.05817318
11 52 54 344068  0.08630109 -0.10615611  0.91866207
11 52 54 393790 0.10215735 0.05763006 1.05251455
11 52 54 445664  0.101928   -0.11450744  0.93112969
11 52 54 494145 0.0827477  0.05590677 1.08400846
11 52 54 544791  0.09787154 -0.13894582  0.92266178
11 52 54 593778 0.08427167 0.08649802 1.05835009
11 52 54 641772  0.11711574 -0.12751818  0.92174077
11 52 54 695071 0.10938406 0.78082204 0.40994263
11 52 54 741574 0.06672668 0.05380464 1.04623365
11 52 54 792769  0.00048685 -0.12534618 -0.41813517
11 52 54 845667  0.06554818  0.02178955 -0.40204859
11 52 54 894490  0.1142993  -0.07733703  0.98945546
11 52 54 943279 -1.17504597e-02  4.81176376e-03  5.24520874e-06
11 52 54 996098 0.07034254 0.06353736 1.09292865
11 52 55 43971  0.10376167 -0.14757824  0.92822671
11 52 55 96454 0.06550121 0.06047153 1.10143328
11 52 55 147108  0.11096644 -0.13325644  0.95612407
11 52 55 195406 0.05680466 0.0409472  1.09062386
11 52 55 242896  0.1262269  -0.09203935  0.96752715
11 52 55 293190 0.06288648 0.00362396 1.06619668
11 52 55 343364  0.11560917 -0.06625819  1.00625682
11 52 55 403228  0.06403971 -0.03221703  1.03125858
11 52 55 457750  0.12302685 -0.02615237  1.01740408
11 52 55 515901  0.06982017 -0.07549381  0.98521852
11 52 55 560259 0.11213923 0.01184201 1.03570294
11 52 55 614653  0.07955408 -0.11336851  0.95173264
11 52 55 656673 0.10315013 0.03637314 1.05618715
11 52 55 694970  0.09360266 -0.13934708  0.92205453
11 52 55 745165 0.08604932 0.05471802 1.07626486
11 52 55 794324  0.09816408 -0.16915488  0.92065167
11 52 55 841908 0.06817317 0.04786682 1.09481502
11 52 55 894936  0.10722256 -0.15756583  0.92250705
11 52 55 942001 0.06083107 0.05892324 1.09643555
11 52 55 994665  0.11300087 -0.13764334  0.94177294
11 52 56 44056 0.05613446 0.03023791 1.08696222
11 52 56 101569  0.13039017 -0.09942102  0.95987153
11 52 56 142854 0.06231284 0.00693798 1.04881382
11 52 56 192986  0.13220811 -0.05929852  0.98840785
11 52 56 244337  0.07289195 -0.0470953   1.02815104
11 52 56 293745  0.12379932 -0.03118443  1.01660824
11 52 56 345573  0.07305479 -0.08988595  0.95608091
11 52 56 393927 0.11348343 0.00831604 1.03003931
11 52 56 441596  0.08646321 -0.12456322  0.92975616
11 52 56 493271 0.09486747 0.04320693 1.05433917
11 52 56 542477  0.09087753 -0.14747286  0.89489627
11 52 56 593143 0.08305812 0.06718922 1.06611633
11 52 56 644450  0.11285734 -0.15783572  0.89970255
11 52 56 696365 0.06809831 0.05383706 1.08845782
11 52 56 744097  0.1105895  -0.16599131  0.91155815
11 52 56 800276 0.06051636 0.0511148  1.05123854
11 52 56 867907  0.12977147 -0.12620783  0.91945553
11 52 56 912168 0.06307459 0.02436852 1.06975222
11 52 56 970391  0.12078881 -0.10307407  0.96279287
11 52 57 14526  0.0620172  -0.02114749  0.98873568
11 52 57 59306  0.13226819 -0.0636816   0.97741532
11 52 57 118168  0.06917596 -0.04917502  1.01709867
11 52 57 159740  0.12009192 -0.03403115  1.01463389
11 52 57 212069  0.07012844 -0.10778403  0.92345452
11 52 57 262382 0.12305593 0.02522707 1.01066995
11 52 57 304656  0.08996892 -0.12251329  0.9198792 
11 52 57 365213 0.08892584 0.03452826 1.06486893
11 52 57 409740  0.09153891 -0.15367794  0.88950157
11 52 57 461242 0.08088541 0.05584335 1.04686308
11 52 57 507554  0.1064527  -0.15419054  0.89957714
11 52 57 559696 0.06297445 0.04842854 1.07632923
11 52 57 612898  0.10368109 -0.15420318  0.9137125 
11 52 57 656913 0.05768561 0.04877925 1.03166318
11 52 57 705311  0.1230371  -0.11314154  0.91953826
11 52 57 764360 0.06149244 0.02659583 1.07400584
11 52 57 814292  0.12698722 -0.09049034  0.96509552
11 52 57 868565  0.05328751 -0.02784228  0.98339748
11 52 57 914739  0.13879418 -0.04945517  0.97427225
11 52 57 961866  0.07198572 -0.05619884  1.01149893
11 52 58 10036  0.12242126 -0.02090335  1.02007174
11 52 58 62223  0.07464314 -0.11126804  0.91735792
11 52 58 116933 0.10828519 0.02057076 1.02453566
11 52 58 166126  0.08906341 -0.1352284   0.9164958 
11 52 58 211874 0.09264469 0.05532527 1.06328058
11 52 58 256877  0.10028243 -0.15992665  0.88446355
11 52 58 307698 0.06930804 0.04654169 1.05169249
11 52 58 342131  0.09816647 -0.16909909  0.90567517
11 52 58 393580 0.06428194 0.06329679 1.08588099
11 52 58 443238  0.12107873 -0.13261127  0.92331195
11 52 58 494389 0.04779315 0.02676558 1.05430698
11 52 58 544480  0.12249589 -0.09610987  0.94642973
11 52 58 593819 0.06272793 0.00950193 1.06972051
11 52 58 645570  0.12394643 -0.064255    0.99435353
11 52 58 695784  0.05452371 -0.05318809  0.96779585
11 52 58 746306  0.12313461 -0.01662016  1.00081205
11 52 58 794002  0.08054399 -0.0936408   0.95979476
11 52 58 842050 0.10459042 0.00833178 1.04832602
11 52 58 892722  0.07977533 -0.13400126  0.90327072
11 52 58 941878 0.09005189 0.03851509 1.0499866 
11 52 58 993925  0.10039163 -0.15198612  0.90263653
11 52 59 42805 0.08083034 0.05749154 1.07663274
11 52 59 103913  0.09749365 -0.16562319  0.89631748
11 52 59 140006 0.06691575 0.05727935 1.0558207 
11 52 59 192923  0.11715603 -0.14418316  0.90950537
11 52 59 244773 0.06399179 0.05260944 1.09361672
11 52 59 294185  0.11825299 -0.1165812   0.95490408
11 52 59 345559 0.05603075 0.00892711 1.02953839
11 52 59 394104  0.12206554 -0.09566331  0.97137499
11 52 59 442871  0.06247497 -0.02868629  1.03318954
11 52 59 494414  0.12615728 -0.05798864  1.00300527
11 52 59 544769  0.06740427 -0.08095336  0.96430516
11 52 59 594070  0.12286758 -0.01488018  1.02218461
11 52 59 644374  0.08567715 -0.09976721  0.96777487
11 52 59 695681 0.10423756 0.0157342  1.05897617
11 52 59 744458  0.08857441 -0.14037108  0.92024136
11 52 59 793505 0.09248376 0.04857397 1.05179906
11 52 59 843056  0.09831166 -0.16843343  0.91294503
11 52 59 895784 0.07242346 0.04957151 1.09174538
11 52 59 945605  0.10285115 -0.17562795  0.911309  
11 52 59 996285 0.05933857 0.03882408 1.07494926
11 53 0 41759  0.11000299 -0.1640799   0.92400599
11 53 0 100117 0.06102657 0.03374076 1.09123611
11 53 0 142070  0.11798    -0.12098312  0.96353078
11 53 0 194565 0.05830503 0.01203537 1.04697371
11 53 0 242800  0.12611938 -0.08199453  0.98654914
11 53 0 294811  0.06958055 -0.03359246  1.04081869
11 53 0 343715  0.13155794 -0.04606438  1.01500082
11 53 0 392487  0.07401276 -0.07745504  0.96695733
11 53 0 444486  0.12099791 -0.01297975  1.03218246
11 53 0 493301  0.0850172  -0.10885787  0.95316029
11 53 0 545356 0.11414909 0.03235698 1.05200744
11 53 0 594694  0.09492493 -0.12548685  0.91734791
11 53 0 641097 0.09622645 0.05541945 1.06196642
11 53 0 694514  0.07812834 -1.68724513 -1.29257894
11 53 0 743314  0.10912347 -0.14597726  0.92808032
11 53 0 793671  2.51531601e-04 -9.68484640e-01 -1.08947706e+00
11 53 0 842878  0.10468149 -0.14202881 -0.21504664
11 53 0 895060 0.06354594 0.05383348 1.10539293
11 53 0 943525  8.90374184e-03 -3.52525711e-03  8.36849213e-05
11 53 0 993901  0.13264322 -0.07583451  0.96340227
11 53 1 45024 0.07795095 0.00915074 1.07695484
11 53 1 98034  0.13253641 -0.04311132  1.01314402
11 53 1 150114  0.06574845 -0.06782269  0.95914292
11 53 1 194880  0.1257906  -0.00119328  1.01174188
11 53 1 241278  0.08775425 -0.09572124  0.97793531
11 53 1 293010 0.1036253  0.01729965 1.06857967
11 53 1 342342  0.08962655 -0.14627385  0.89336205
11 53 1 406414 0.09288216 0.05595684 1.05200648
11 53 1 455739  0.10969496 -0.16281867  0.89593911
11 53 1 494507 0.08039618 0.05032182 1.09323859
11 53 1 545083  0.11260867 -0.18081689  0.89918113
11 53 1 593537 0.05995917 0.04107475 1.06304646
11 53 1 644774  0.12445164 -0.16590619  0.90207505
11 53 1 694918 0.05956006 0.03060293 1.09749126
11 53 1 749397  0.13181996 -0.12184167  0.95348763
11 53 1 793740  0.05497026 -0.01925087  1.01582646
11 53 1 841478  0.1358099  -0.07256508  0.97797489
11 53 1 893487  0.0794394  -0.03986001  1.0273757 
11 53 1 942986  0.11883855 -0.03198838  1.02768016
11 53 1 995088  0.07632518 -0.10219979  0.91937137
11 53 2 43427 0.10943151 0.01428843 1.02699304
11 53 2 105865  0.0989666  -0.12359905  0.91583562
11 53 2 140413 0.09520602 0.03873253 1.06114602
11 53 2 193113  0.09543967 -0.15873384  0.88077807
11 53 2 245208 0.07807422 0.06034398 1.04933739
11 53 2 293758  0.11056209 -0.16880035  0.89297509
11 53 2 346988 0.06929946 0.05227733 1.09071565
11 53 2 396408  0.11771345 -0.16072965  0.90826297
11 53 2 441612 0.06032825 0.04319024 1.04776311
11 53 2 493887  0.12076402 -0.1324091   0.93400979
11 53 2 544754 0.06440043 0.00864744 1.07359791
11 53 2 594999  0.13090634 -0.08983111  0.96801925
11 53 2 644553  0.06787634 -0.04166102  0.96620059
11 53 2 696034  0.12273312 -0.06111336  0.98280382
11 53 2 745852  0.08223557 -0.08112741  0.98487973
11 53 2 797929  0.12550783 -0.00943518  1.02809811
11 53 2 846367  0.0893352  -0.12667775  0.9072907 
11 53 2 895839 0.10672832 0.03167033 1.04090166
11 53 2 946790  0.10934424 -0.15245128  0.89451742
11 53 2 995298 0.09123468 0.05384231 1.07414293
11 53 3 41684  0.11064315 -0.15841484  0.88453722
11 53 3 100061 0.06972075 0.06103778 1.06263185
11 53 3 143297  0.11054444 -0.15687633  0.90046859
11 53 3 194328 0.06927729 0.06399632 1.07774925
11 53 3 243612  0.12395597 -0.11439443  0.9324038 
11 53 3 295860 0.05240059 0.01869988 1.03827882
11 53 3 344162  0.11847138 -0.09055448  0.96390843
11 53 3 393655  0.06451511 -0.02487946  1.03869486
11 53 3 447345  0.12052011 -0.04440475  1.00418329
11 53 3 495104  0.07450175 -0.09106135  0.95332265
11 53 3 546428  0.10965157 -0.00942039  1.0241363 
11 53 3 594522  0.09034252 -0.12153125  0.9427247 
11 53 3 642318 0.09913445 0.03939056 1.05904436
11 53 3 693632  0.09826136 -0.15696263  0.90199161
11 53 3 742758 0.07738161 0.04976153 1.06378102
11 53 3 795994  0.10693669 -0.16018701  0.90548897
11 53 3 844484 0.07234573 0.07073092 1.08321357
11 53 3 895645  0.11793852 -0.15299773  0.91131997
11 53 3 946564 0.0648613  0.05329061 1.07437658
11 53 3 994485  0.12702823 -0.12864113  0.94338775
11 53 4 46744 0.05405188 0.01488471 1.09465718
11 53 4 98878  0.12286592 -0.100425    0.97443295
11 53 4 146161  0.0607357  -0.02937818  0.99971962
11 53 4 195154  0.11910963 -0.04402804  0.99834967
11 53 4 242233  0.07384014 -0.08573556  0.9955132 
11 53 4 294714 0.10990047 0.00795031 1.04554677
11 53 4 342922  0.09183478 -0.11846399  0.9229641 
11 53 4 411462 0.09126234 0.0332613  1.06678391
11 53 4 462869  0.10305667 -0.14612198  0.92723989
11 53 4 511378 0.08653283 0.06060243 1.0859344 
11 53 4 567300  0.10355592 -0.16451311  0.90775061
11 53 4 615304 0.07435918 0.07980371 1.08638597
11 53 4 665586  0.11886096 -0.1543839   0.92395449
11 53 4 695801 0.06061292 0.0598948  1.12405825
11 53 4 746054  0.12445378 -0.124892    0.94587398
11 53 4 794105 0.05715823 0.040838   1.07155108
11 53 4 842129  0.12540007 -0.08789492  0.97639132
11 53 4 894840  0.06867886 -0.00372481  1.09025764
11 53 4 944000  0.11263704 -0.06277537  1.01165247
11 53 4 995193  0.06996775 -0.06452107  0.97231984
11 53 5 44707  0.12426305 -0.02043796  1.01958323
11 53 5 103237  0.08413124 -0.10462379  0.9858005 
11 53 5 145000 0.10097122 0.00238252 1.05912352
11 53 5 193046  0.08243704 -0.15425467  0.89909911
11 53 5 245160 0.10035586 0.04937458 1.05380726
11 53 5 295080  0.10705256 -0.16424942  0.91728854
11 53 5 346719 0.08054328 0.05175757 1.09797263
11 53 5 394254  0.10644794 -0.17041945  0.89795804
11 53 5 444484 0.07667303 0.07637334 1.05713892
11 53 5 494329  0.12712455 -0.15275788  0.91001606
11 53 5 544085 0.06533909 0.05130482 1.11934376
11 53 5 596791  0.12548351 -0.12129474  0.956815  
11 53 5 643375 0.06091046 0.01757026 1.03253388
11 53 5 695641  0.12958193 -0.08720708  0.9724648 
11 53 5 746168  0.06555438 -0.00887561  1.08412766
11 53 5 792875  0.11727881 -0.04841328  1.01055098
11 53 5 846785  0.06053615 -0.08681178  0.9435842 
11 53 5 896901  0.12229323 -0.01587725  1.01649308
11 53 5 946316  0.08181524 -0.09915709  0.99316764
11 53 5 995179 0.1048007  0.02033234 1.06325555
11 53 6 41213  0.0813632  -0.14857507  0.89293075
11 53 6 100297 0.09937811 0.06788707 1.04247212
11 53 6 142628  0.10808277 -0.14797831  0.91058922
11 53 6 195051 0.08283186 0.05111527 1.09659052
11 53 6 244128  0.10316849 -0.17112017  0.90190196
11 53 6 295035 0.07274199 0.05858922 1.04805684
11 53 6 343651  0.1227448  -0.1536355   0.91289449
11 53 6 394736 0.0686872  0.03905535 1.10832548
11 53 6 447631  0.125597   -0.13061547  0.95321512
11 53 6 494212 0.0592885  0.0172987  1.02627873
11 53 6 546723  0.13342071 -0.07794809  0.96253872
11 53 6 596899  0.08183432 -0.00514007  1.08702135
11 53 6 643046  0.1219089  -0.05773687  1.02127409
11 53 6 693198  0.06062055 -0.06504393  0.94742036
11 53 6 742614 0.1315012  0.00386763 0.99993324
11 53 6 794419  0.08185124 -0.08323932  0.97875714
11 53 6 843264 0.10354495 0.01984215 1.06229496
11 53 6 894602  0.08521175 -0.13226795  0.9157896 
11 53 6 944987 0.09701252 0.05354285 1.04809976
11 53 6 992927  0.10231733 -0.14302659  0.92189598
11 53 7 46268 0.08613276 0.06550121 1.09259725
11 53 7 97484  0.10560894 -0.16620398  0.91794252
11 53 7 145815  2.95162201e-04 -1.74974370e+00 -4.33345079e-01
11 53 7 195092  0.11831403 -0.15242052  0.92043543
11 53 7 242971 0.06529069 0.04661441 1.1040051 
11 53 7 293592 4.52756882e-04 6.40081406e-01 8.94388914e-01
11 53 7 342073 0.05858397 0.01242781 1.03999472
11 53 7 394248  0.12278962 -0.10429716  0.9686203 
11 53 7 444456  0.07152247 -0.01604986 -1.703053  
11 53 7 496826  0.1272409  -0.13730502  0.92119932
11 53 7 546127 0.06392193 0.0343709  1.11749983
11 53 7 593128  0.12800288 -0.10368896  0.97023964
11 53 7 647056  0.0560813  -0.0182972   1.00755167
11 53 7 695832  0.13700747 -0.05965781  0.98208666
11 53 7 745986  0.07828808 -0.02545667  1.0693078 
11 53 7 793826  0.11541295 -0.0325644   1.03830361
11 53 7 841521  0.06861973 -0.09563065  0.9384656 
11 53 7 894355 0.11417103 0.02236891 1.02477527
11 53 7 942904  0.09184313 -0.11227226  0.96314692
