10 26 13 407516 -0.0028739  -0.00308514  0.00029802
10 26 13 410214 -0.00183392  0.00053692  0.00068045
10 26 13 412925 0.00018787 0.00295162 0.00061083
10 26 13 415407 0.00200129 0.00280666 0.00079918
10 26 13 417947 0.00152969 0.00201702 0.00017738
10 26 13 420427 0.00052452 0.00052452 0.00045252
10 26 13 422503 -0.00010109 -0.0010519  -0.00010633
10 26 13 424609 -0.00140572 -0.00206614 -0.00065279
10 26 13 426693 -2.59160995e-03 -2.87199020e-03 -8.10623169e-05
10 26 13 428845 -2.79712677e-03 -2.14242935e-03 -2.19345093e-05
10 26 13 431427 -0.00216293 -0.00066376  0.00054789
10 26 13 433997 -5.17845154e-04 -3.95774841e-05  4.24385071e-05
10 26 13 436211  1.04761124e-03  1.26028061e-03 -9.20295715e-05
10 26 13 438295  1.29699707e-03  1.25360489e-03 -4.19616699e-05
10 26 13 440330 0.00014687 0.00182247 0.00017214
10 26 13 442392 -0.00084305  0.00149822  0.00027275
10 26 13 444434 -1.10149384e-03  6.86645508e-05  4.91142273e-05
10 26 13 447079 -0.00132799 -0.00082016 -0.00034142
10 26 13 449296 -0.00203371 -0.00234175 -0.00021267
10 26 13 452108 -0.0019455  -0.00250101  0.00041914
10 26 13 454530 -0.00101089 -0.00204134 -0.00024986
10 26 13 456767  0.00056696 -0.00046206 -0.00027561
10 26 13 458785  1.85775757e-03  9.94205475e-04 -9.20295715e-05
10 26 13 460856  0.0029273   0.00268078 -0.00060368
10 26 13 463389 0.0017662  0.00249338 0.00019789
10 26 13 466225 1.07717514e-03 1.78527832e-03 3.81469727e-05
10 26 13 468541 -2.98976898e-04  2.76565552e-05 -4.72068787e-05
10 26 13 470923 -0.00163937 -0.00204086 -0.00040865
10 26 13 473315 -3.02410126e-03 -3.82423401e-03  2.86102295e-05
10 26 13 475893 -0.00347567 -0.00321293 -0.00034714
10 26 13 478374 -0.00214767 -0.0018568  -0.00055742
10 26 13 480941 -1.19209290e-05  1.81198120e-04 -1.06811523e-04
10 26 13 483545  0.00194454  0.00187778 -0.00034761
10 26 13 485746  0.00115728  0.00278378 -0.00021887
10 26 13 487684  0.0005784   0.00278902 -0.00010824
10 26 13 489877 0.00055456 0.00287342 0.00048161
10 26 13 491899  1.02043152e-03  1.23071671e-03 -5.96046448e-05
10 26 13 494144 -5.18798828e-04 -1.52111053e-03  9.15527344e-05
10 26 13 497198 -0.00177813 -0.00277519 -0.0001092 
10 26 13 499602 -0.00177526 -0.00354481  0.00019741
10 26 13 501919 -1.79100037e-03 -2.27880478e-03  2.38418579e-06
10 26 13 504523 -0.00073481  0.00013685  0.00022459
10 26 13 507032 1.85966492e-05 9.46044922e-04 2.84194946e-04
10 26 13 509421 -0.00031519  0.00154877  0.00031805
10 26 13 511930 -9.25064087e-05  1.54972076e-03  3.06606293e-04
10 26 13 514454 -0.00059986  0.00045347  0.00025129
10 26 13 516533  0.00027514 -0.00083923  0.00024986
10 26 13 518973  6.16073608e-04 -1.77288055e-03  8.58306885e-06
10 26 13 521080  0.00053215 -0.0006814  -0.00010538
10 26 13 523186  0.00048923  0.00095034 -0.00053263
10 26 13 526006  0.00039053  0.00204468 -0.00013876
10 26 13 528510 6.78539276e-04 2.08711624e-03 3.24249268e-05
10 26 13 531126 4.18663025e-04 1.16586685e-03 8.63075256e-05
10 26 13 533629 -0.00055313 -0.00057697  0.00030518
10 26 13 570201 -0.00105667 -0.00217533  0.00047684
10 26 13 609140 1.65462494e-04 3.12423706e-02 2.50000000e-01
10 26 13 658312 4.95910645e-04 3.95774841e-05 1.28746033e-04
10 26 13 708105  8.49723816e-04  2.09426880e-03 -5.29289246e-05
10 26 13 760622  4.29153442e-06 -3.01837921e-04 -2.01702118e-04
10 26 13 809904 -0.0008893  -0.00161219 -0.00066137
10 26 13 859124 -0.0009222  -0.00232983 -0.00010204
10 26 13 913663 -0.00077009 -0.00128937 -0.0004034 
10 26 13 969565  1.90734863e-06 -6.09874725e-04 -4.99725342e-04
10 26 14 10830 4.41074371e-04 1.27506256e-03 7.67707825e-05
10 26 14 59904 6.99520111e-04 1.46007538e-03 8.63075256e-05
10 26 14 108931  5.01632690e-04  1.12056732e-03 -6.67572021e-05
10 26 14 162288  0.00049257 -0.00043678  0.00012827
10 26 14 211784 -0.00084734 -0.00110769  0.00017786
10 26 14 260691 -0.00135899 -0.00190401  0.00043583
10 26 14 309526 -0.00157404 -0.00143242 -0.00011444
10 26 14 362539 -0.00110912 -0.00165939 -0.00032949
10 26 14 411926 -0.00103235 -0.00018454 -0.00013161
10 26 14 461251 -2.35557556e-04  1.37233734e-03  8.24928284e-05
10 26 14 516376 0.00016785 0.00108337 0.00015306
10 26 14 564985  0.0010314   0.00208902 -0.00046444
10 26 14 618106  6.19888306e-05  1.25646591e-03 -7.67707825e-05
10 26 14 671247 -0.00051832  0.00035334  0.00031614
10 26 14 711232 -0.00054121 -0.0009532   0.        
10 26 14 760122 -0.00015783 -0.0015316  -0.00049543
10 26 14 813239  0.00011396 -0.00043869 -0.00021553
10 26 14 862446 -1.88350677e-04  7.07149506e-04  5.76972961e-05
10 26 14 911752 -8.67843628e-05  1.15823746e-03  1.95503235e-04
10 26 14 960770 -0.00019312  0.00087023  0.00024414
10 26 15 10006 -3.69071960e-04 -1.43051147e-05 -9.25064087e-05
10 26 15 63055  2.95639038e-05 -7.09056854e-04  5.04970551e-04
10 26 15 112490  0.00013494 -0.00137997  0.00033617
10 26 15 161456  0.00023842 -0.00073385 -0.00014257
10 26 15 210506 -0.00018311 -0.00056314  0.00014687
10 26 15 259800 -0.00045538 -0.00035906 -0.00046825
10 26 15 313148 -1.19209290e-05  1.16300583e-03  4.79698181e-04
10 26 15 362428  0.0005579   0.00064278 -0.000144  
10 26 15 411394  5.69820404e-04  6.72340393e-05 -3.86238098e-05
10 26 15 464217  0.00094271  0.00032425 -0.00028944
10 26 15 513635 1.62124634e-05 5.20229340e-04 1.01566315e-04
10 26 15 562823 -0.00042486 -0.00036812 -0.00020409
10 26 15 612245 -8.27789307e-04 -6.58035278e-05  2.27928162e-04
10 26 15 665790 -0.00088787 -0.0010128   0.00039291
10 26 15 714217 -1.01327896e-03 -1.71232224e-03 -5.29289246e-05
10 26 15 763610 -0.00075817 -0.00093651  0.00020266
10 26 15 812659  2.42233276e-04  6.05583191e-05 -2.69412994e-04
10 26 15 861815  0.00056124  0.00062943 -0.00038099
10 26 15 914550  0.00039053  0.00133562 -0.00024796
10 26 15 964217 -0.00015593  0.00063276 -0.00011301
10 26 16 13539 -0.00021029  0.00028896 -0.00029373
10 26 16 62404  9.20295715e-05 -7.46726990e-04  3.17096710e-04
10 26 16 111371  1.59263611e-04 -6.17027283e-04 -7.00950623e-05
10 26 16 165298 -0.00066042 -0.00046539 -0.0002656 
10 26 16 214099 -0.00030613 -0.00093079 -0.00013113
10 26 16 268984 -0.00014496  0.00022745 -0.00014448
10 26 16 312347  0.00019693  0.00096083 -0.00045443
10 26 16 361964 0.00095463 0.00133085 0.00013304
10 26 16 414932  0.00052071  0.00196123 -0.00022125
10 26 16 464197 9.39369202e-05 4.15802002e-04 2.49385834e-04
10 26 16 513065 -1.23977661e-04 -6.90460205e-04 -7.10487366e-05
10 26 16 562777 -3.29017639e-05 -1.42288208e-03  5.67436218e-05
10 26 16 615343 -0.00043249 -0.00078917  0.00010681
10 26 16 664726 -1.95503235e-05 -6.07013702e-04  3.05175781e-05
10 26 16 713937 -2.90870667e-05  9.79900360e-04 -9.87052917e-05
10 26 16 762701 2.36988068e-04 1.00421906e-03 1.71661377e-05
10 26 16 815927 -2.08854675e-04 -6.72340393e-05 -2.32696533e-04
10 26 16 865196 -9.05990601e-05 -7.86781311e-04 -1.01566315e-04
10 26 16 914592  2.36988068e-04 -4.08172607e-04  9.53674316e-05
10 26 16 963793  0.00034285 -0.0002203  -0.00023603
10 26 17 12745 -6.62803650e-05  3.63826752e-04  2.16960907e-04
10 26 17 65749 -0.00056744  0.0007596   0.00029135
10 26 17 115193 -0.00095463  0.00041866  0.00056648
10 26 17 164551 -8.31604004e-04 -8.14437866e-04  5.14984131e-05
10 26 17 213648 -0.00063944 -0.00174904  0.00018597
10 26 17 272180 -6.91413879e-05 -1.09386444e-03  3.24249268e-05
10 26 17 316738  6.98566437e-04 -7.32421875e-04 -1.28125143e+00
10 26 17 364949  0.0007534   0.0007472  -0.00014353
10 26 17 414027 0.00062799 0.00174189 0.00018692
10 26 17 463427  7.21454620e-04  1.73187256e-03 -8.39233398e-05
10 26 17 512903 -7.82966614e-04 -3.05175781e-05 -2.46047974e-04
10 26 17 565595 -0.00028515  0.00039148  0.0001955 
10 26 17 614831 -7.45296478e-04  5.92708588e-04  6.34193420e-05
10 26 17 663975 -0.0018301  -0.00128984  0.00029659
10 26 17 713062 -0.00224495 -0.0020752   0.0003047 
10 26 17 762265  0.00024271 -0.00138855 -0.00030899
10 26 17 815716 2.44569778e-03 3.48091125e-05 3.62396240e-05
10 26 17 864623 0.00268936 0.00289679 0.00011349
10 26 17 913880  0.0027194   0.00428581 -0.00034428
10 26 17 966951  1.16157532e-03  3.30209732e-03 -7.34329224e-05
10 26 18 16316 -0.00137711  0.00014162  0.00052357
10 26 18 65580 -0.00299454 -0.00377464  0.00052786
10 26 18 114963 -0.00306129 -0.00538588  0.00066757
10 26 18 163779 -0.00174856 -0.00612307  0.0006361 
10 26 18 216956  0.00100183 -0.00210047 -0.00010395
10 26 18 265998  0.00347662  0.00381088 -0.00026178
10 26 18 315492  0.00310087  0.00610256 -0.00043917
10 26 18 364296 0.00370359 0.00715542 0.00035143
10 26 18 418095  0.00509739  0.00437689 -0.00039816
10 26 18 466748  0.00224304  0.00100327 -0.00070286
10 26 18 515803 -0.00244713 -0.00259781  0.00026083
10 26 18 564912 -0.00220633 -0.00404215 -0.000422  
10 26 18 614368  0.00053263 -0.00332451 -0.00070429
10 26 18 667287  0.00290489  0.00095224 -0.00038815
10 26 18 716479  4.41503525e-03  6.62565231e-03 -2.52723694e-05
10 26 18 765687 0.0051074  0.01022291 0.00050116
10 26 18 814699  0.00416803  0.00761366 -0.00010967
10 26 18 868194 8.77380371e-05 6.27994537e-04 8.20636749e-04
10 26 18 917542 -0.00685358 -0.00673628  0.0004878 
10 26 18 972395 -0.0093689 -0.0113368  0.0004487
10 26 19 15750 -9.86480713e-03 -1.35488510e-02  4.67300415e-05
10 26 19 68871 -6.73341751e-03 -8.38565826e-03 -9.91821289e-05
10 26 19 117976  0.00071859 -0.00256968  0.00013733
10 26 19 166930 0.00514507 0.0070529  0.00011158
10 26 19 216674  0.00699139  0.01191187 -0.00010681
10 26 19 265488 7.53116608e-03 1.18374825e-02 3.57627869e-05
10 26 19 318479  0.0066433   0.00742817 -0.00034761
10 26 19 373485  0.00126266  0.00010967 -0.00094461
10 26 19 425773 -0.00599718 -0.00647068 -0.00077772
10 26 19 466049 -0.00852871 -0.01069403 -0.00054836
10 26 19 515540 -0.00667953 -0.01022625 -0.00050879
10 26 19 567809 -0.00488091 -0.00818777 -0.00059462
10 26 19 617413 -0.0013957  -0.00214529  0.00020885
10 26 19 666942 0.0009923  0.00475168 0.00016689
10 26 19 716240 0.00200319 0.00858593 0.00086689
10 26 19 775191 0.00211191 0.00633621 0.00095844
10 26 19 825438 0.00140905 0.00133562 0.00021076
10 26 19 874758 -9.15050507e-04 -3.95965576e-03  5.72204590e-06
10 26 19 923158 -0.00329733 -0.0068078  -0.00030804
10 26 19 975337 -0.0034461  -0.00637007 -0.00057507
10 26 20 19266 -0.00165939 -0.00265694  0.00027466
10 26 20 68129 0.00049734 0.00223875 0.00023365
10 26 20 117148 0.00263166 0.00599623 0.00027084
10 26 20 170290 0.0035162  0.0069313  0.00053358
10 26 20 219538 0.00287771 0.0049448  0.00078106
10 26 20 268805 0.00102901 0.00021076 0.00016594
10 26 20 318116 -1.96981430e-03 -3.95441055e-03  6.58035278e-05
10 26 20 367003 -0.00330067 -0.00651264 -0.00047684
10 26 20 420233 -0.00382996 -0.00644636 -0.00038862
10 26 20 469547 -0.00190639 -0.00378895 -0.00039101
10 26 20 518974  0.00160742  0.00059509 -0.00042057
10 26 20 567559  0.00420427  0.00489521 -0.00055265
10 26 20 621158  0.00487757  0.00775814 -0.00061607
10 26 20 670048  0.00436211  0.00752974 -0.00019598
10 26 20 719432  0.00182343  0.00430489 -0.00021267
10 26 20 768403 -0.0005908  -0.00147867  0.00045347
10 26 20 817768 -0.00358295 -0.00539064  0.00026941
10 26 20 870421 -0.00485611 -0.00713682  0.00022078
10 26 20 920011 -0.00485706 -0.00618792  0.00050306
10 26 20 969227 -0.00279856 -0.0033617   0.00093079
10 26 21 19030 -0.00056648  0.00023651  0.0007391 
10 26 21 67381 -0.00012636  0.00340509  0.00061798
10 26 21 120855 -0.00052786  0.00336266  0.00014591
10 26 21 169794 -0.00094366  0.00107384  0.00032806
10 26 21 219675 -2.95829773e-03  8.96453857e-05  8.18729401e-04
10 26 21 268305 -0.00293398 -0.00338745  0.00061512
10 26 21 326715 -0.00263405 -0.00520658 -0.00039339
10 26 21 370278 -0.00230932 -0.00650978 -0.00078154
10 26 21 419689 -0.00447178 -0.00442028  0.00061607
10 26 21 468700 -0.00567579 -0.00104713  0.00087261
10 26 21 518005 -0.00397396 -0.00035858  0.00092936
10 26 21 571319 -0.00302649 -0.00132704  0.00128937
10 26 21 620458 -0.00362253 -0.00366783  0.00117493
10 26 21 669499 -0.00402498 -0.00477076  0.00087547
10 26 21 718567 -0.00371933 -0.00369883  0.00012493
10 26 21 771686 -0.00038767 -0.00155163 -0.00061846
10 26 21 821013 -7.20024109e-05  4.54425812e-04 -5.86986542e-04
10 26 21 870085 -0.00109148  0.00152779 -0.00018787
10 26 21 919581 -0.00121641  0.00141764  0.0004878 
10 26 21 969261 -0.00017595  0.00069046 -0.00019073
10 26 22 21582  0.00296021 -0.0006218  -0.00053406
10 26 22 70895  0.00355721 -0.00050974 -0.00171089
10 26 22 126611  0.00336695  0.00089216 -0.00111008
10 26 22 176968  0.00040293  0.00246572 -0.00015068
10 26 22 218450 -0.00101995  0.0031271   0.00069189
10 26 22 271399 -0.00131893  0.00151205  0.00018311
10 26 22 320593 -2.35414505e-03 -2.18296051e-03 -7.48634338e-05
10 26 22 369708 -0.00274611 -0.00547504  0.00046492
10 26 22 419006 -0.00299406 -0.00523233  0.00019455
10 26 22 468100 -0.00129414 -0.00330973  0.00025463
10 26 22 521517 0.00125694 0.00073051 0.00014687
10 26 22 570382 0.00169325 0.00270081 0.00113487
10 26 22 619684 0.00214195 0.00599337 0.00135231
10 26 22 672577 0.00315809 0.00444365 0.00058222
10 26 22 722158 0.00263119 0.00241613 0.0002737 
10 26 22 770991  0.00139141 -0.00042629 -0.00027227
10 26 22 820173  0.00010824 -0.00161648  0.00036621
10 26 22 873713  0.00021839 -0.00150776  0.00020218
10 26 22 922833 -0.00016069 -0.00105572  0.0012641 
10 26 22 971838 0.00187445 0.00029802 0.00061655
10 26 23 21067  0.00645018  0.00301027 -0.00059271
10 26 23 79958  0.00825787  0.00415134 -0.00079632
10 26 23 123284  0.00564337  0.00477457 -0.00052834
10 26 23 172518 -0.00117874  0.00256252  0.00028706
10 26 23 221549 -4.11891937e-03 -7.36713409e-04 -5.24520874e-06
10 26 23 270764 -0.00330353 -0.00441122  0.00011158
10 26 23 320268 -0.00251913 -0.00639725 -0.00062799
10 26 23 373256 -0.00077295 -0.00532293 -0.00128317
10 26 23 429974 -0.00036192 -0.00151491 -0.00147057
10 26 23 477524  0.0009737   0.00467873 -0.00130653
10 26 23 524481  0.00404215  0.00784445 -0.0003233 
10 26 23 573121  0.0041914   0.00878572 -0.00028133
10 26 23 623112  0.00125885  0.00625181 -0.0004735 
10 26 23 673031 -0.00356245 -0.0003705   0.00012827
10 26 23 721465 -0.00636196 -0.00675869 -0.00031662
10 26 23 774259 -0.00657558 -0.01097727 -0.00034714
10 26 23 823906 -0.00315905 -0.00859737 -0.00030088
10 26 23 872495 -0.00150633 -0.00566959 -0.00019789
10 26 23 922119  0.00354481  0.00267649 -0.00025702
10 26 23 973183  0.00639009  0.00895214 -0.000247  
10 26 24 24379 0.00481033 0.01051903 0.00047159
10 26 24 73469 4.35113907e-03 7.65562057e-03 8.10623169e-05
10 26 24 123066  0.00387383  0.00126886 -0.00021791
10 26 24 171951  4.91142273e-05 -4.58240509e-03 -1.20162964e-04
10 26 24 225085 -3.56292725e-03 -8.22162628e-03 -1.52587891e-05
10 26 24 274225 -4.27627563e-03 -7.41958618e-03 -9.01222229e-05
10 26 24 323688 -0.0019207  -0.00324678 -0.00050688
10 26 24 372558  0.0021863   0.00266171 -0.00020218
10 26 24 421478  0.00544786  0.00698328 -0.00032902
10 26 24 474892  0.00499821  0.00736189 -0.00034571
10 26 24 524188  0.00332212  0.00497293 -0.00047731
10 26 24 573222  0.00099945  0.00126076 -0.00039721
10 26 24 622736 -2.26116180e-03 -2.54535675e-03 -8.01086426e-05
10 26 24 675491 -0.00356245 -0.00515366 -0.00010967
10 26 24 725010 -0.00495672 -0.00535202  0.00033951
10 26 24 773864 -0.00445557  0.03123665 -3.5       
10 26 24 823201 -0.0009346  -0.00037003 -0.00032806
10 26 24 876477  0.00083399 -0.00098085 -0.00220108
10 26 24 931715  0.00288582  0.00362825 -0.00156021
10 26 24 983070  0.00161505  0.00756788 -0.00015593
10 26 25 29936  0.00332499  0.00832224 -0.00071669
10 26 25 73017  0.0048914   0.00266027 -0.00082111
10 26 25 125828  0.00345039 -0.00190783 -0.00026512
10 26 25 175585  0.0005908  -0.00537539 -0.00018072
10 26 25 224727 -0.001369   -0.00497293  0.00048256
10 26 25 273503 -0.00075674 -0.00326347  0.00148582
