10 48 9 477396 -0.0578537   0.0573864   0.99828911
10 48 9 479229 -0.04962349  0.0592289   0.98757172
10 48 9 481030 -0.05442238  0.06219101  0.98749542
10 48 9 482796 -0.05774689  0.05205536  1.00235558
10 48 9 484571 -0.05769348  0.05860329  1.0094223 
10 48 9 486326 -0.06479645  0.05117798  1.00367928
10 48 9 501643 -0.06158066  0.04661179  0.99645805
10 48 9 525172 -0.05649948  0.04869652  0.99477768
10 48 9 527620 -0.05646896  0.05404091  0.99812508
10 48 9 549157 -0.05306435  0.06219482  0.99247932
10 48 9 573202 -0.05150032  0.05884933  0.99496078
10 48 9 576120 -0.06067657  0.05256081  0.99589729
10 48 9 598012 -0.057621    0.05603981  0.99977112
10 48 9 620816 -0.05800056  0.05551529  0.99804115
10 48 9 624991 -0.06124496  0.0496273   1.00279808
10 48 9 645574 -0.06281662  0.04654312  0.99304962
10 48 9 668611 -0.05804253  0.0539875   0.99572182
10 48 9 670430 -0.05648422  0.05811691  0.99518967
10 48 9 693763 -0.05676842  0.05623627  0.99999237
10 48 9 718801 -0.05745316  0.05568314  0.99977112
10 48 9 721499 -0.0568428   0.05691719  0.99795532
10 48 9 741490 -0.05810738  0.05233192  1.00013542
10 48 9 764857 -0.05537605  0.05236626  1.0012188 
10 48 9 767246 -0.05924988  0.05559158  1.00038719
10 48 9 789531 -0.0583744   0.05050468  0.99627113
10 48 9 812823 -0.05881882  0.05331039  0.99405289
10 48 9 814995 -0.05794525  0.05775261  0.99683189
10 48 9 837898 -0.05727005  0.05849266  0.99481583
10 48 9 860350 -0.05691719  0.05397987  0.99542809
10 48 9 862292 -0.05435944  0.05265808  1.00021935
10 48 9 885465 -0.05558395  0.05335999  0.9962368 
10 48 9 908562 -0.05731583  0.0535965   0.9967041 
10 48 9 910724 -0.05765152  0.05747223  0.99903107
10 48 9 933300 -0.05237389  0.05125999  0.99897575
10 48 9 956799 -0.06046867  0.05443764  0.99621964
10 48 9 959215 -0.05889511  0.05476379  1.00171089
10 48 9 981862 -0.0858326   0.02353668  0.99568748
10 48 10 5112 -0.07112122  0.0558567   1.00925255
10 48 10 7338 -0.00650024  0.04592896  0.97966194
10 48 10 29447 -0.06532097  0.06480217  0.98280907
10 48 10 53269 -0.06562042  0.06176186  1.02231026
10 48 10 55291 -0.0679245   0.03743553  1.00963783
10 48 10 77959 -0.00763512 -0.01664162  0.96504021
10 48 10 100618 -0.01251221  0.01324654  0.91875267
10 48 10 103468 -0.05652046  0.07387352  1.00746346
10 48 10 124937 -0.08223343  0.09390068  1.03688812
10 48 10 148882 -0.08672142  0.06552315  1.02505684
10 48 10 150868 -0.02742195  0.04295921  0.96359253
10 48 10 172675 -0.05915833  0.04373932  0.96681404
10 48 10 196814 -0.05857277  0.06893349  1.00393105
10 48 10 198694 -0.03255653  0.07289314  1.00468826
10 48 10 221183 -0.07104874  0.06902122  1.00471497
10 48 10 244207 -0.06282425  0.048172    0.9985466 
10 48 10 246001 -0.05734634  0.03772736  0.99741936
10 48 10 268631 -0.05729866  0.06115723  0.99464798
10 48 10 292671 -0.0518837   0.0558815   1.00042725
10 48 10 295506 -0.04675674  0.06411171  1.00926208
10 48 10 316658 -0.06386375  0.05114746  0.98881149
10 48 10 340392 -0.05744934  0.04780769  0.98558617
10 48 10 342982 -0.05519295  0.0500946   1.00169373
10 48 10 364359 -0.06287384  0.0603714   1.00607681
10 48 10 388484 -0.05026436  0.0555706   1.00418472
10 48 10 390646 -0.06210136  0.04944611  0.99144363
10 48 10 413006 -0.06326485  0.05798721  0.98845863
10 48 10 436196 -0.05684853  0.0558548   0.99235344
10 48 10 438902 -0.05111122  0.05738258  1.00325203
10 48 10 460844 -0.05908203  0.0599823   0.99896431
10 48 10 557376 -0.05578613  0.05160522  0.99009323
10 48 10 560142 -0.06342316  0.05476379  0.99741554
10 48 10 563496 -0.07016945  0.05253983  0.99947166
10 48 10 566076 -0.05541801  0.05925751  1.00068474
10 48 10 568859 -0.05775833  0.05361366  0.99856949
10 48 10 571108 -0.0581665   0.05624771  0.99238014
10 48 10 573041 -0.05916405  0.04785919  0.9977169 
10 48 10 589241 -0.05563164  0.0569973   0.99744797
10 48 10 608224 -0.05698776  0.05503464  1.00134277
10 48 10 611263 -0.06109428  0.05301094  0.99336624
10 48 10 629111 -0.06102753  0.05609512  0.99838257
10 48 10 664252 -0.06478119  0.05141258  0.99842072
10 48 10 687282 -0.06074715  0.05545235  0.99161148
10 48 10 701649 -0.05902481  0.05539703  0.99863815
10 48 10 714408 -0.05917358  0.05158043  0.99083138
10 48 10 716767 -0.057621    0.05485725  0.99740028
10 48 10 725613 -0.06193161  0.06165886  0.99656487
10 48 10 748935 -0.05753136  0.05759811  0.99420166
10 48 10 751723 -0.0651722   0.05414772  1.00852394
10 48 10 773199 -0.0616436   0.05265999  0.98976326
10 48 10 796913 -0.05297089  0.05008888  0.98423958
10 48 10 799031 -0.06087875  0.06317329  0.99443626
10 48 10 821034 -0.06191444  0.04592133  0.99037743
10 48 10 845324 -0.04898453  0.05557823  0.99582672
10 48 10 848295 -0.06171227  0.04867554  1.00344658
10 48 10 869655 -0.06544876  0.06304359  0.98597527
10 48 10 894859 -0.06710434  0.0602169   0.99407959
10 48 10 898487 -0.0629673   0.04761887  1.00577545
10 48 10 917721 -0.05839348  0.05483627  1.00646973
10 48 10 941034 -0.06301308  0.05898857  0.99757385
10 48 10 943154 -0.06167984  0.06044579  0.98775482
10 48 10 965643 -0.06198311  0.05835915  0.99005508
10 48 10 988645 -0.05724525  0.0588913   1.00268555
10 48 10 990697 -0.0632019   0.05746651  1.00533295
10 48 11 13173 -0.06375122  0.05236244  0.97887421
10 48 11 36377 -0.05334282  0.05411911  0.99272346
10 48 11 39077 -0.06273651  0.05121231  0.99505997
10 48 11 61430 -0.05389404  0.05770874  1.01033211
10 48 11 85045 -0.05583572  0.05212021  0.98785782
10 48 11 87583 -0.05980301  0.0550251   1.00192261
10 48 11 109058 -0.05678558  0.05534172  1.00157547
10 48 11 132803 -0.06519508  0.05311775  0.98792839
10 48 11 135127 -0.06628227  0.05691719  0.99425125
10 48 11 156790 -0.06410217  0.05177116  0.99892426
10 48 11 158046 -0.06096649  0.05613136  0.99411964
10 48 11 181583 -0.05964661  0.05751419  0.99426651
10 48 11 204244 -0.06067467  0.05771828  1.0001049 
10 48 11 206253 -0.05720711  0.06165123  1.00148964
10 48 11 234396 -0.05960655  0.0534668   0.99947929
10 48 11 252714 -0.06122208  0.06256866  1.0173912 
10 48 11 255493 -0.058815    0.05331421  1.00575829
10 48 11 277575 -0.05524826  0.05531883  1.0014286 
10 48 11 300211 -0.05991554  0.05949783  0.99907875
10 48 11 304707 -0.05617523  0.05286789  1.00006294
10 48 11 324546 -0.0592041   0.05454636  1.00165558
10 48 11 350305 -0.0636692   0.05613136  0.99783516
10 48 11 352938 -0.06190491  0.05886269  0.99062729
10 48 11 374383 -0.06003952  0.05584717  0.989645  
10 48 11 400111 -0.05979919  0.05895042  0.99522972
10 48 11 417012 -0.05864143  0.05696678  0.99859619
10 48 11 434235 -0.05862999  0.05617332  0.99371147
10 48 11 456503 -0.05895042  0.0591774   0.99273109
10 48 11 481544 -0.06064415  0.05793571  0.99740028
10 48 11 497366 -0.05649948  0.05952263  0.99995613
10 48 11 511953 -0.06061172  0.05371094  0.99860382
10 48 11 531438 -0.05448341  0.05630493  1.00166321
10 48 11 544270 -0.05871201  0.0542202   0.99524498
10 48 11 571722 -0.0628891   0.05672646  0.99416733
10 48 11 599045 -0.06328964  0.05415344  0.99941635
10 48 11 622746 -0.06004143  0.05708694  1.00337601
10 48 11 644919 -0.06158447  0.05528069  0.99572945
10 48 11 666960 -0.06291962  0.05910683  1.00259018
10 48 11 686850 -0.05695724  0.05885887  0.99751091
10 48 11 709204 -0.06464005  0.06056976  1.00481033
10 48 11 711566 -0.05635071  0.06115341  0.99621201
10 48 11 713883 -0.06136894  0.05428505  0.99477196
10 48 11 715918 -0.06603813  0.05615997  0.99607086
10 48 11 717852 -0.05959702  0.05817223  0.99427223
10 48 11 719477 -0.06403351  0.05749702  1.00061226
10 48 11 732684 -0.06142235  0.0607338   0.99847984
10 48 11 734293 -0.05527306  0.05502319  0.99411964
10 48 11 757885 -0.0582943   0.05517769  0.99132347
10 48 11 788750 -0.05783081  0.05607033  0.99834824
10 48 11 803056 -0.05923653  0.06040573  0.99766159
10 48 11 820971 -0.06106186  0.0604496   0.99480629
10 48 11 836201 -0.06025887  0.0553093   0.98965645
10 48 11 854243 -0.05754089  0.05590057  0.99593163
10 48 11 873055 -0.06092453  0.06011581  1.0032177 
10 48 11 889807 -0.05721283  0.05498886  0.99793625
10 48 11 905080 -0.05830574  0.05608749  0.99527931
10 48 11 925439 -0.06189728  0.0532341   0.99641037
10 48 11 949376 -0.0564537   0.05783653  1.00098038
10 48 11 988549 -0.05948067  0.05386543  1.00156212
10 48 12 26222 -0.06372452  0.05537605  1.00003242
10 48 12 55019 -0.06476974  0.0500164   0.99479866
10 48 12 70143 -0.05736351  0.05673027  1.00012016
10 48 12 92109 -0.05964279  0.05767632  0.99749374
10 48 12 118059 -0.05803871  0.0565815   0.99306679
10 48 12 138840 -0.05711365  0.06490326  0.99127579
10 48 12 154846 -0.05943298  0.05872345  0.99145317
10 48 12 174489 -0.0585804   0.06078529  0.99370384
10 48 12 184050 -0.06225777  0.06126595  0.99323273
10 48 12 187348 -0.06381798  0.05709076  0.99924278
10 48 12 190884 -0.0572052   0.05426025  0.9957428 
10 48 12 193505 -0.06237602  0.04998016  1.00327301
10 48 12 196799 -0.05237007  0.05304337  1.00131035
10 48 12 199186 -0.06282043  0.05399132  0.99892044
10 48 12 201400 -0.06034851  0.05726433  1.00407791
10 48 12 203773 -0.05979156  0.05206108  0.9995594 
10 48 12 214132 -0.05828094  0.05393028  0.99376106
10 48 12 215917 -0.05888176  0.05294991  0.99809265
10 48 12 236494 -0.05710983  0.05879402  0.99468231
10 48 12 238955 -0.05811501  0.05858994  0.99832726
10 48 12 260896 -0.05789948  0.05665398  0.99443626
10 48 12 284481 -0.05914688  0.0527935   0.99502373
10 48 12 286399 -0.06261635  0.05557442  0.99897957
10 48 12 309086 -0.06000519  0.05619812  0.99871445
10 48 12 332595 -0.05853653  0.05792046  1.00233841
10 48 12 335116 -0.06206703  0.05796623  0.99916649
10 48 12 357047 -0.06288719  0.06240082  0.99914169
10 48 12 380452 -0.05633736  0.05487061  0.99939919
10 48 12 382539 -0.06037521  0.05675888  1.00184441
10 48 12 405206 -0.05857277  0.0573597   0.99676704
10 48 12 429878 -0.05709457  0.05483818  0.99984932
10 48 12 432345 -0.05914688  0.05976868  0.99486732
10 48 12 453257 -0.05981445  0.05514717  0.99344444
10 48 12 476785 -0.05738449  0.0567894   0.9997654 
10 48 12 479366 -0.05953979  0.05938339  0.99471855
10 48 12 500872 -0.05704498  0.05550194  0.99935532
10 48 12 524873 -0.06068039  0.05577469  0.99555969
10 48 12 527126 -0.06162834  0.061306    0.99662781
10 48 12 549050 -0.05476761  0.05868912  0.99801064
10 48 12 572577 -0.06528664  0.05305672  0.99413872
10 48 12 575296 -0.05944443  0.05526924  1.00010872
10 48 12 608196 -0.05909538  0.05858421  0.99947929
10 48 12 619998 -0.05944633  0.0532589   0.99538612
10 48 12 621905 -0.06261635  0.05662727  0.99447632
10 48 12 644694 -0.07528496  0.05226135  0.99681664
10 48 12 668251 -0.09000969  0.04644203  1.0012989 
10 48 12 670610 -0.05668449  0.08639145  1.02290154
10 48 12 692434 -0.03069115  0.0632782   0.97411728
10 48 12 716471 -0.04378319  0.09782791  1.00157166
10 48 12 719745 -0.04521561  0.09140587  1.01118088
10 48 12 740861 -0.05714989  0.08192825  0.99913788
10 48 12 764256 -0.04136467  0.08261299  0.99201584
10 48 12 766829 -0.05704308  0.05144119  0.97991562
10 48 12 788365 -0.05811501  0.0549202   0.99880219
10 48 12 812471 -0.0517807   0.06162262  0.99752998
10 48 12 814725 -0.05583     0.06124306  0.99687958
10 48 12 836005 -0.05176353  0.06104851  0.98974419
10 48 12 837769 -0.03573608  0.07393265  0.99731445
10 48 12 934492 -0.05150223  0.08094215  1.00455093
10 48 12 936793 -0.05183983  0.0871563   1.01327515
10 48 12 938585 -0.03430176  0.08699989  0.99339867
10 48 12 940240 -0.04192924  0.08067894  0.98241806
10 48 12 942073 -0.05016136  0.08186913  0.9929924 
10 48 12 943712 -0.05353546  0.08592033  1.00299835
10 48 12 957332 -0.05552292  0.08418274  0.99489594
10 48 12 981452 -0.05207443  0.08154869  0.98555374
10 48 12 983622 -0.05623436  0.07658195  0.99079704
10 48 13 5337 -0.05410194  0.08098602  0.99463654
10 48 13 28897 -0.05182266  0.07708549  0.98926735
10 48 13 31019 -0.04502296  0.07543564  0.989254  
10 48 13 53743 -0.04412079  0.0710659   0.99259758
10 48 13 78207 -0.05731583  0.06932068  1.0038147 
10 48 13 83591 -0.06143761  0.06972122  1.01701736
10 48 13 100986 -0.06025314  0.06978226  1.01058578
10 48 13 125347 -0.05079079  0.06606293  0.99513435
10 48 13 127801 -0.04825592  0.0690155   0.9903717 
10 48 13 149118 -0.04793358  0.07043648  0.99321747
10 48 13 150598 -0.05383301  0.07121086  0.99603462
10 48 13 175422 -0.06497765  0.0727272   0.99945831
10 48 13 197349 -0.06642151  0.07528114  0.99409103
10 48 13 200013 -0.06198692  0.07287788  0.99199867
10 48 13 222140 -0.05589485  0.07418823  0.99138069
10 48 13 244630 -0.06301308  0.06770897  0.9911232 
10 48 13 246714 -0.06433868  0.06521988  0.99456978
10 48 13 269324 -0.05763054  0.06800842  0.99432755
10 48 13 292895 -0.06124496  0.06477356  1.00159454
10 48 13 294760 -0.057621    0.07186699  1.00169563
10 48 13 317405 -0.06002045  0.06763268  1.00232315
10 48 13 340838 -0.06188774  0.06786346  1.00181961
10 48 13 343333 -0.06201935  0.0682869   0.99884415
10 48 13 364995 -0.05935478  0.07122612  0.99978828
10 48 13 389897 -0.05830002  0.06600952  0.99557877
10 48 13 392153 -0.06507301  0.06945229  0.99481201
10 48 13 413312 -0.06137085  0.07150269  0.98950958
10 48 13 436334 -0.0627861   0.07304955  0.9902153 
10 48 13 437929 -0.06230545  0.07114792  0.99320221
10 48 13 461029 -0.06321335  0.06724167  0.99582481
10 48 13 484709 -0.06740761  0.07141685  0.99551773
10 48 13 486648 -0.06535339  0.06762505  0.99067307
10 48 13 509501 -0.0604744   0.0633812   0.99340439
10 48 13 532350 -0.06474876  0.06910706  0.99468803
10 48 13 534307 -0.06214523  0.07198906  0.99876404
10 48 13 556775 -0.06879997  0.06608772  0.99786758
10 48 13 591548 -0.06410599  0.06529808  0.99229622
10 48 13 603303 -0.06589508  0.06641579  0.99802017
10 48 13 620920 -0.06627846  0.06848145  0.99689293
10 48 13 636487 -0.07362556  0.06547165  0.99499321
10 48 13 655703 -0.06970215  0.06828499  0.99613571
10 48 13 679091 -0.07118988  0.062397    0.98839951
10 48 13 695177 -0.06516457  0.06642151  0.99139214
10 48 13 705136 -0.06306076  0.06892776  0.99393463
10 48 13 720835 -0.06775093  0.06429482  0.99016762
10 48 13 735748 -0.06913185  0.06764984  0.99867249
10 48 13 751631 -0.06896973  0.06812668  0.99609566
10 48 13 772198 -0.07217026  0.06637573  0.99634743
10 48 13 788086 -0.06734085  0.06204033  0.99523163
10 48 13 803963 -0.06847     0.06096649  0.99227142
10 48 13 824633 -0.06842804  0.06741714  0.99385452
10 48 13 849393 -0.07445335  0.06511307  0.99370384
10 48 13 865394 -0.06752205  0.06375313  0.995224  
10 48 13 881164 -0.07204056  0.05860329  0.99241066
10 48 13 899513 -0.07424355  0.06303978  0.99485779
10 48 13 909771 -0.07157707  0.06513405  0.99625778
10 48 13 929265 -0.067976    0.06595993  0.99739647
10 48 13 951272 -0.06744576  0.0606823   0.99107742
10 48 13 974239 -0.06755829  0.05739784  0.98628426
10 48 14 3047 -0.07439232  0.05490303  0.99642944
10 48 14 29394 -0.0735321   0.06261444  0.99769592
10 48 14 55893 -0.07011604  0.0644989   0.99737549
10 48 14 89549 -0.07452583  0.05438042  0.99237442
10 48 14 121651 -0.07561302  0.05403519  0.99638557
10 48 14 147645 -0.07265663  0.05720329  0.99474716
10 48 14 158631 -0.07241821  0.06438637  0.99631691
10 48 14 178555 -0.06800842  0.05353546  0.99200821
10 48 14 201315 -0.0729866   0.05469513  0.99283028
10 48 14 204992 -0.0752182   0.0513382   0.99320412
10 48 14 207674 -0.07964325  0.05181885  1.00126648
10 48 14 209980 -0.0788784   0.05515671  0.99814415
10 48 14 212455 -0.07439995  0.04610062  0.99612236
10 48 14 214677 -0.07904243  0.05049324  0.9938736 
10 48 14 216875 -0.08197403  0.05222893  1.00618172
10 48 14 218608 -0.08297348  0.05162239  1.00762749
10 48 14 221635 -0.08128548  0.05071449  1.00305367
10 48 14 225157 -0.08778     0.04452896  0.99605942
10 48 14 228885 -0.09479713  0.04565811  0.99714088
10 48 14 231502 -0.06529045  0.05291748  0.99121094
10 48 14 254000 -0.06767464  0.06525612  0.9844799 
10 48 14 287353 -0.05901146  0.06387901  0.98841858
10 48 14 308618 -0.05648422  0.05892944  0.98774529
10 48 14 313620 -0.06100273  0.05974197  0.98874855
10 48 14 317334 -0.07405663  0.06668091  1.00058174
10 48 14 325829 -0.07330322  0.06777954  1.00814438
10 48 14 348929 -0.06829643  0.0675602   1.01398659
10 48 14 351081 -0.06436157  0.07007217  1.00071526
10 48 14 374236 -0.06355286  0.06727028  0.98834419
10 48 14 397384 -0.05963326  0.07404518  0.99541855
10 48 14 400999 -0.06823921  0.07110596  0.99593925
10 48 14 421300 -0.07003593  0.0731945   0.99032974
10 48 14 450491 -0.06937408  0.07148552  0.98712921
10 48 14 452617 -0.07199097  0.06764221  0.99116325
10 48 14 470073 -0.07357597  0.07101059  0.99963188
10 48 14 492751 -0.06804276  0.06295013  0.99380684
10 48 14 495355 -0.07371902  0.0561161   0.99245644
10 48 14 517290 -0.07564354  0.06301308  1.00226784
10 48 14 541190 -0.07354164  0.05934334  1.00445366
10 48 14 543831 -0.07250786  0.0608387   0.99830246
10 48 14 565655 -0.07597542  0.06233978  0.99550247
10 48 14 588530 -0.0687561  0.0598011  0.9960041
10 48 14 590350 -0.07038307  0.06094551  0.99523926
10 48 14 612943 -0.07202721  0.06529999  0.99553299
10 48 14 636699 -0.07397652  0.06393242  0.99754906
10 48 14 639028 -0.07538986  0.06324959  0.99560165
10 48 14 660926 -0.07751465  0.06286049  0.99417877
10 48 14 663310 -0.07970619  0.06393623  1.00113297
10 48 14 684897 -0.07575989  0.05981636  0.99802208
10 48 14 708374 -0.07114983  0.05656242  0.98770142
10 48 14 710008 -0.06971359  0.05667496  0.98976898
10 48 14 732933 -0.07649422  0.05732346  0.99732399
10 48 14 768087 -0.07541847  0.05414772  1.00049019
10 48 14 785218 -0.08036423  0.05397034  1.00048065
10 48 14 805931 -0.07660484  0.05408478  0.99789619
10 48 14 832024 -0.07688904  0.04956055  0.99934959
10 48 14 857275 -0.07152367  0.04878044  0.99675941
10 48 14 876380 -0.07672501  0.05426407  0.98790359
10 48 14 895421 -0.07471466  0.05176735  0.99822807
10 48 14 907948 -0.0765686   0.05501366  1.00285912
10 48 14 927495 -0.08352089  0.05215454  0.99747658
10 48 14 950249 -0.07774544  0.04989624  0.99909592
10 48 14 967588 -0.0768261   0.0451355   0.99281693
10 48 14 978165 -0.07946014  0.0542469   0.99828148
10 48 14 997751 -0.07946587  0.05161858  1.00055695
10 48 15 23363 -0.07819939  0.05229568  0.99917603
10 48 15 47734 -0.07520866  0.04831886  0.99565315
10 48 15 62681 -0.0760746   0.04678154  0.99516487
10 48 15 88082 -0.07395554  0.04616356  1.00226212
10 48 15 110024 -0.07871246  0.04731941  0.99223518
10 48 15 123299 -0.0740509   0.04309845  0.99161339
10 48 15 143921 -0.07792282  0.04420662  0.99377251
10 48 15 167949 -0.08524895  0.04728699  1.00012779
10 48 15 184941 -0.07429886  0.04933167  0.99837494
10 48 15 199994 -0.0769062   0.04849434  0.99800491
10 48 15 218768 -0.07657051  0.04821777  0.99304962
10 48 15 229378 -0.0763073   0.04249573  0.98740578
10 48 15 246502 -0.08232117  0.04596519  0.99473381
10 48 15 262465 -0.08668518  0.04717636  1.00016403
10 48 15 284741 -0.07267189  0.04463768  0.99739456
10 48 15 294473 -0.07872963  0.04586411  0.99198723
10 48 15 312776 -0.07697296  0.04625893  0.9974823 
10 48 15 335307 -0.0721035   0.04931641  1.00127792
10 48 15 352547 -0.06964684  0.04794312  0.99873161
10 48 15 367728 -0.07343102  0.04741669  0.99110794
10 48 15 395226 -0.06706619  0.05041885  0.99536514
10 48 15 414229 -0.07368279  0.05269241  1.0046711 
10 48 15 432581 -0.07627678  0.05694389  1.00709152
10 48 15 457604 -0.0689373   0.05470848  0.99512863
10 48 15 473096 -0.06604767  0.04532433  0.98085594
10 48 15 486477 -0.06549454  0.0452137   0.98566818
10 48 15 489107 -0.06766891  0.05337906  0.99445343
10 48 15 491652 -0.06991959  0.05562592  1.00165558
10 48 15 493580 -0.06881523  0.04978943  1.00050545
10 48 15 495321 -0.06871414  0.03685951  0.9899807 
10 48 15 497304 -0.06761551  0.0409565   0.99254608
10 48 15 499266 -0.07254791  0.04471397  1.00335693
10 48 15 501333 -0.0757637   0.05417442  1.00896263
10 48 15 504336 -0.07512093  0.0494442   1.00573349
10 48 15 506714 -0.07871056  0.0439949   0.99456215
10 48 15 525031 -0.07236862  0.0392704   0.99227333
10 48 15 527181 -0.06687164  0.05134964  0.98796463
10 48 15 549225 -0.07344246  0.05158806  0.9932518 
10 48 15 572938 -0.07559204  0.04808426  0.9915638 
10 48 15 574604 -0.07773781  0.04392815  0.99346924
10 48 15 597029 -0.07941818  0.04610825  0.99518394
10 48 15 621456 -0.07562637  0.04764557  0.99727821
10 48 15 623774 -0.0727005   0.04576111  1.00003624
10 48 15 645798 -0.07416534  0.04259682  1.00094986
10 48 15 669015 -0.07726479  0.03704453  0.99687004
10 48 15 670751 -0.07271957  0.04315567  1.00235367
10 48 15 693194 -0.07174492  0.04676247  0.99575043
10 48 15 729493 -0.07331657  0.04418564  0.99571228
10 48 15 741456 -0.06795883  0.04735374  0.99485588
10 48 15 760671 -0.06989288  0.05493164  1.00385094
10 48 15 785481 -0.07112503  0.05997658  1.00329208
10 48 15 811460 -0.06931686  0.06500626  0.99442482
10 48 15 837551 -0.06072807  0.06369591  0.99118042
10 48 15 858503 -0.05921173  0.06935501  0.99408531
10 48 15 866096 -0.05343819  0.0718441   0.99502754
10 48 15 868690 -0.06096649  0.07084274  1.00559807
10 48 15 871457 -0.07787895  0.07830811  1.00212479
10 48 15 874215 -0.07401085  0.07588768  1.01062965
10 48 15 885041 -0.05708313  0.07751083  0.99548531
10 48 15 908965 -0.04952049  0.08277512  0.99043274
10 48 15 911200 -0.04980278  0.07122421  0.98592758
10 48 15 932895 -0.05426216  0.0613327   0.98825264
10 48 15 956390 -0.05139351  0.08454514  1.01253319
10 48 15 958353 -0.05898666  0.07995224  1.01105881
10 48 15 981557 -0.0503788   0.07937431  1.00195885
10 48 16 4317 -0.0490284   0.07400894  0.98084831
10 48 16 6323 -0.0646553   0.06529236  0.98641586
10 48 16 29087 -0.05319023  0.07833862  1.00172424
10 48 16 52202 -0.06406212  0.07731819  1.00749016
10 48 16 53879 -0.07329369  0.07527161  0.99355125
10 48 16 77425 -0.06917763  0.07544518  0.98618126
10 48 16 100431 -0.05233002  0.06887245  0.98852158
10 48 16 102361 -0.05588341  0.07996178  0.9930687 
10 48 16 125578 -0.06020546  0.07931709  0.99725723
10 48 16 148261 -0.05441093  0.07507896  0.99503326
10 48 16 150231 -0.06274223  0.07235909  0.9901886 
10 48 16 175581 -0.05941772  0.07282066  0.99624825
10 48 16 196151 -0.06207466  0.07881737  1.00181961
10 48 16 197992 -0.06695747  0.08112907  1.00499344
10 48 16 221308 -0.06412125  0.07103157  0.99700546
10 48 16 244350 -0.06299973  0.06979752  0.98972702
10 48 16 247124 -0.0652504   0.07068825  0.98623276
10 48 16 269173 -0.06263733  0.06973648  0.98715782
10 48 16 292159 -0.06512833  0.068964    0.98758507
10 48 16 294095 -0.06684303  0.06654358  0.99041367
10 48 16 316482 -0.07328796  0.06737518  0.99999809
10 48 16 340103 -0.07047081  0.07200623  1.00358582
10 48 16 343702 -0.06895638  0.07998085  1.00568962
10 48 16 364889 -0.070467    0.06998825  1.00116348
10 48 16 391770 -0.06396294  0.05543709  0.98929787
10 48 16 401311 -0.06889343  0.0656662   0.98793602
10 48 16 412897 -0.07049179  0.07182312  1.00072098
10 48 16 436000 -0.07045364  0.07165909  0.99864388
10 48 16 438634 -0.07242775  0.0607605   0.98981667
10 48 16 534286 -0.07189369  0.05645752  0.98520279
10 48 16 537131 -0.08016968  0.0621376   0.99419022
10 48 16 539991 -0.07179642  0.07481384  1.00606346
10 48 16 543060 -0.07261467  0.07774353  1.00182152
10 48 16 545169 -0.07161522  0.06369019  0.98558044
10 48 16 547313 -0.06912041  0.05692291  0.98820496
10 48 16 557421 -0.07053566  0.05191994  0.99404526
10 48 16 581346 -0.07488251  0.06292725  1.00007248
10 48 16 584146 -0.08460045  0.0652523   1.0137558 
10 48 16 605850 -0.08407021  0.0587616   1.00074959
10 48 16 629396 -0.0808773   0.05929565  0.99975014
10 48 16 633168 -0.08119583  0.05870247  0.99103737
10 48 16 653412 -0.07528114  0.06464005  0.99347496
10 48 16 676899 -0.07181358  0.06486511  0.9916172 
10 48 16 679020 -0.07787895  0.06235886  0.9872818 
10 48 16 702758 -0.07550049  0.06043243  0.99022675
10 48 16 725106 -0.08104706  0.05835152  0.99482536
10 48 16 729680 -0.07464218  0.06726456  1.00260735
10 48 16 749937 -0.07752228  0.06289291  1.0037117 
10 48 16 774438 -0.06853867  0.06783104  0.99600601
10 48 16 777303 -0.07498932  0.05983543  0.9987278 
10 48 16 810300 -0.06508827  0.0670929   0.98911095
10 48 16 829437 -0.07011414  0.06723022  0.98680115
10 48 16 837803 -0.06746674  0.06957626  0.99853325
10 48 16 847801 -0.07701492  0.08259583  1.01004982
10 48 16 868729 -0.08052254  0.06224823  1.00127029
10 48 16 870754 -0.0811615   0.05269051  0.98700714
10 48 16 906394 -0.06951904  0.06344795  0.98401833
10 48 16 923333 -0.09619141  0.02918243  0.97767067
10 48 16 941643 -0.0844059   0.05373383  1.01124382
10 48 16 964945 -0.09391975  0.06723022  1.01355743
10 48 16 981810 -0.091856    0.06737709  1.01380348
10 48 16 990846 -0.05820847  0.05424881  0.98537827
10 48 17 8185 -0.08639717  0.0281353   0.9709053 
10 48 17 29267 -0.0656662   0.07644844  1.01272964
10 48 17 52571 -0.04754257  0.06074333  0.98675728
10 48 17 70393 -0.09096718  0.04257965  0.98397255
10 48 17 96002 -0.09041977  0.04616928  1.00302124
10 48 17 120719 -0.1029129   0.04912758  1.02658463
10 48 17 135905 -0.08114433  0.07201576  1.00065994
10 48 17 146836 -0.0775528   0.03841019  0.9709568 
10 48 17 170678 -0.0735302   0.0407753   0.98612213
10 48 17 195557 -0.07172012  0.04710197  0.99053001
10 48 17 216265 -0.08222008  0.06096649  0.99368668
10 48 17 242754 -0.06580734  0.08516693  1.00886345
10 48 17 265578 -0.07242012  0.08680534  1.01710129
10 48 17 283051 -0.06252289  0.08738518  1.00242615
10 48 17 293134 -0.06274605  0.05088806  0.98290825
10 48 17 310710 -0.05517578  0.07204628  0.98545837
10 48 17 326315 -0.07535172  0.08399582  1.00300407
10 48 17 351001 -0.07386208  0.09346581  1.01699448
10 48 17 361173 -0.07120705  0.08124161  0.9962635 
10 48 17 378601 -0.06998253  0.06460762  0.97925377
10 48 17 402394 -0.0689621   0.06629372  0.98892403
10 48 17 418277 -0.07912064  0.0710144   0.98359871
10 48 17 430411 -0.07774544  0.07139969  0.9980545 
10 48 17 449914 -0.07260704  0.06378746  0.99708176
10 48 17 460686 -0.06965065  0.06181145  0.9940033 
10 48 17 477940 -0.07086945  0.06368828  0.99652672
10 48 17 501874 -0.08502007  0.07066917  1.00997734
10 48 17 529581 -0.08248901  0.04877853  0.99726868
10 48 17 545353 -0.07562256  0.04697418  0.99505997
10 48 17 555509 -0.07221985  0.06936646  0.99425888
10 48 17 558898 -0.08016205  0.04473495  0.98887444
10 48 17 560886 -0.07377243  0.05561829  0.99119949
10 48 17 563037 -0.08304024  0.06059265  0.98873711
10 48 17 565502 -0.0901947   0.06078529  1.00079155
10 48 17 568088 -0.07488441  0.05957794  0.99626923
10 48 17 570350 -0.08179092  0.0484333   0.98579788
10 48 17 572528 -0.07416916  0.05728722  0.99276924
10 48 17 574414 -0.08327866  0.05565834  0.99998665
10 48 17 589131 -0.0774765   0.05808258  1.00317764
10 48 17 614388 -0.07474899  0.05415726  0.99842262
10 48 17 616861 -0.07521439  0.05313683  0.99318504
10 48 17 709282 -0.0805912   0.05837631  1.00261116
10 48 17 710974 -0.07837105  0.0524292   1.00062943
10 48 17 712889 -0.07792282  0.0571003   0.99942207
10 48 17 714953 -0.07958603  0.05324173  0.99388123
10 48 17 717050 -0.07730865  0.05488205  0.99597359
10 48 17 718833 -0.07326889  0.05562973  0.99706459
10 48 17 732694 -0.08020973  0.05478668  0.9943409 
10 48 17 734444 -0.07790184  0.05664444  0.99542046
10 48 17 757892 -0.07729149  0.05646515  1.00120354
10 48 17 781468 -0.06907082  0.05923843  0.99317551
10 48 17 784374 -0.07273865  0.05513191  0.99149132
10 48 17 805522 -0.07559967  0.05274582  0.99447823
10 48 17 828941 -0.07611084  0.05494499  0.99918938
10 48 17 830985 -0.07508087  0.06375885  0.9985199 
10 48 17 869458 -0.07128906  0.06324959  0.99665451
10 48 17 885674 -0.07452393  0.06147194  0.99522591
10 48 17 888577 -0.06837273  0.06171417  0.99818039
10 48 17 901478 -0.07099342  0.06264496  0.99945641
10 48 17 924632 -0.07142067  0.06485939  0.99426651
10 48 17 926542 -0.07309723  0.06147194  0.9949894 
10 48 17 949084 -0.07179832  0.06780052  0.99142838
10 48 17 972658 -0.07079887  0.0614624   0.99575424
10 48 17 974766 -0.06990623  0.06502342  1.00152969
10 48 17 999509 -0.07355309  0.06480598  0.99363518
10 48 18 20802 -0.06878853  0.06473732  0.99579239
10 48 18 22723 -0.06848907  0.0620079   0.99692535
10 48 18 45214 -0.06633377  0.06909752  0.9938755 
10 48 18 68558 -0.06939888  0.06454086  0.99619865
10 48 18 70238 -0.06945038  0.06394386  1.00186539
10 48 18 93771 -0.07285309  0.06377602  0.99942589
10 48 18 116902 -0.06789207  0.06447601  0.99474144
10 48 18 119053 -0.06957436  0.06585312  0.99828148
10 48 18 142048 -0.06834412  0.0700016   0.99064636
10 48 18 164533 -0.06712914  0.06435394  0.99284935
10 48 18 166289 -0.06762505  0.06957054  0.98991966
10 48 18 189780 -0.06967735  0.07176781  0.99370575
10 48 18 212509 -0.06502533  0.06729317  0.99644089
10 48 18 215593 -0.06509018  0.06606293  0.9962368 
10 48 18 237390 -0.06752396  0.07007599  0.99760056
10 48 18 260820 -0.06469727  0.07466507  0.99695206
10 48 18 263301 -0.07326698  0.06851959  0.99886513
10 48 18 284957 -0.0710125   0.06748199  0.99648666
10 48 18 309845 -0.06595993  0.06456566  0.99690056
10 48 18 312346 -0.0710659   0.06265068  0.99321938
10 48 18 333336 -0.06635284  0.06832123  0.99585915
10 48 18 356499 -0.0669899   0.0678978   0.99786186
10 48 18 358201 -0.07559395  0.07091904  1.00544357
10 48 18 381241 -0.06991386  0.07002449  0.99969292
10 48 18 404982 -0.06340408  0.07030296  0.99620628
10 48 18 407050 -0.06412506  0.06757355  0.99450684
10 48 18 429077 -0.0660553   0.06591797  0.99095535
10 48 18 452681 -0.06707764  0.06750679  0.99752045
10 48 18 455721 -0.07029724  0.06705475  0.9970932 
10 48 18 477269 -0.07205009  0.07017708  0.99781418
10 48 18 500194 -0.07151031  0.06308937  1.00028419
10 48 18 502178 -0.07036781  0.06128883  0.99556541
10 48 18 524881 -0.07222176  0.06614113  0.99340248
10 48 18 548539 -0.07125854  0.06819344  0.99420547
10 48 18 550912 -0.07257462  0.06504059  0.9969368 
10 48 18 572562 -0.07596016  0.06076622  0.99486923
10 48 18 596554 -0.07511139  0.0604763   0.99398613
10 48 18 598289 -0.0710125   0.05888367  0.99508286
10 48 18 620986 -0.07479668  0.05904007  0.99550629
10 48 18 644734 -0.07172012  0.06229973  0.99399567
10 48 18 647641 -0.06952095  0.06082344  0.99652672
10 48 18 668917 -0.07538795  0.06048965  0.99524117
10 48 18 692395 -0.07736588  0.06449127  0.99988365
10 48 18 694652 -0.07310104  0.06154251  1.00110054
10 48 18 717015 -0.09177399  0.03244781  1.00232506
10 48 18 740191 -0.06926727  0.06787682  0.99231339
10 48 18 742229 -0.06531715  0.05703735  0.99043274
10 48 18 765568 -0.06835175  0.06778336  1.00127792
10 48 18 787937 -0.07156563  0.07225418  1.00061226
10 48 18 789716 -0.07818794  0.06738472  0.99733925
10 48 18 813198 -0.05925369  0.07529068  0.99692535
10 48 18 815077 -0.06555176  0.0751915   0.99807358
10 48 18 909679 -0.07127762  0.07227325  0.99384689
10 48 18 912515 -0.06557465  0.0705452   0.98783302
10 48 18 915514 -0.06699181  0.07307434  0.98895836
10 48 18 917761 -0.07334709  0.07689667  0.99230957
10 48 18 919635 -0.06937599  0.07001114  0.99293709
10 48 18 921850 -0.07103348  0.06752968  0.99266624
10 48 18 933057 0.04459    0.05476379 1.00292587
10 48 18 956915 0.10231972 0.0284462  1.01145172
10 48 18 960260 -0.06925201  0.00614357  0.98609734
10 48 18 981614 -0.15464973  0.03123856  0.96462822
10 48 19 4650 -0.16711998  0.02670097  0.97713089
10 48 19 6744 -0.1327877   0.04667282  1.01081276
10 48 19 29334 -0.07168198  0.04966736  1.01906013
10 48 19 63228 -0.06813431  0.05802345  1.00161743
10 48 19 75501 -0.09152603  0.04100418  0.97128296
10 48 19 94158 -0.10514069  0.03818512  0.99007607
10 48 19 120094 -0.06262016  0.02221298  1.00380135
10 48 19 146783 -0.08705139  0.03918648  0.99536896
10 48 19 170740 -0.13817596  0.04717445  1.00161743
10 48 19 190325 -0.14195633  0.03588486  1.00507545
10 48 19 206014 -0.08756256  0.03870583  0.98410034
10 48 19 232793 -0.05801392  0.04942703  0.99098969
10 48 19 254844 -0.07679939  0.04623222  1.00276566
10 48 19 272461 -0.11060524  0.04000092  1.00403023
10 48 19 293709 -0.12659454  0.03903389  0.9897747 
10 48 19 313146 -0.09229279  0.0501976   0.9862709 
10 48 19 339277 -0.06890106  0.06015396  0.99426651
10 48 19 350154 -0.07939339  0.05906296  1.00038528
10 48 19 353014 -0.07103348  0.05820084  0.99912643
10 48 19 354816 -0.07285309  0.05886269  0.99663925
10 48 19 357433 -0.07707977  0.07449532  0.9986248 
10 48 19 360219 -0.07040024  0.06801796  0.9934082 
10 48 19 362158 -0.06615829  0.02754974  0.96380997
10 48 19 365686 -0.08848953  0.04269028  0.97331238
10 48 19 388491 -0.10570145  0.05959129  1.04921722
10 48 19 390636 -0.07746315  0.08362961  1.04103851
10 48 19 414972 -0.08990669  0.07371521  1.00230408
10 48 19 436442 -0.06133461  0.05096436  0.97659302
10 48 19 438188 -0.05336952  0.042593    0.95781326
10 48 19 461793 -0.07739639  0.06322098  0.97999954
10 48 19 484922 -0.07384682  0.08154297  1.00237274
10 48 19 487165 -0.09145737  0.07493591  1.01438332
10 48 19 510436 -0.07806206  0.06238556  0.99797821
10 48 19 532706 -0.07679558  0.04882812  0.97864723
10 48 19 534798 -0.07814217  0.05328941  0.99243546
10 48 19 557330 -0.08117485  0.0669899   1.01018333
10 48 19 581761 -0.08060455  0.06595612  1.01511955
10 48 19 584786 -0.0708065   0.06045341  0.99206161
10 48 19 604770 -0.07311058  0.05204582  0.97654915
10 48 19 628492 -0.06677628  0.05783653  0.98265076
10 48 19 631074 -0.06895638  0.06093979  1.00706673
10 48 19 653141 -0.08333588  0.06855583  1.00379181
10 48 19 676155 -0.07743073  0.05961609  1.00357246
10 48 19 679035 -0.07992172  0.05473328  0.9890728 
10 48 19 700819 -0.08257675  0.05578613  0.98794174
10 48 19 724391 -0.07382393  0.06420326  0.99443436
10 48 19 726980 -0.07232094  0.06460381  0.99521255
10 48 19 749011 -0.07414627  0.06320763  1.00208282
10 48 19 772828 -0.07206726  0.06038094  0.98524094
10 48 19 774855 -0.06959534  0.05789375  0.99452972
10 48 19 797036 -0.08179855  0.06275177  0.99788284
10 48 19 820521 -0.07381248  0.06293297  0.99928474
10 48 19 823171 -0.08160782  0.06129837  1.00313187
10 48 19 844974 -0.07719231  0.0563736   0.9955368 
10 48 19 868266 -0.07441139  0.05713463  0.98851776
10 48 19 872592 -0.07940483  0.06016922  0.99564934
10 48 19 892577 -0.07541656  0.0628109   0.99524307
10 48 19 917043 -0.07411575  0.05724525  0.99344635
10 48 19 919226 -0.0743885   0.05509377  0.99000931
10 48 19 940627 -0.07809639  0.05395126  0.99703407
10 48 19 964220 -0.07592583  0.06288528  0.99839592
10 48 19 966548 -0.08418655  0.05803299  1.006567  
10 48 19 988483 -0.07757187  0.06334496  0.99497032
10 48 20 84782 -0.07362366  0.05221748  0.99367905
10 48 20 86389 -0.07542419  0.05964088  0.99178123
10 48 20 88683 -0.07906914  0.05988884  0.99383354
10 48 20 91084 -0.07736588  0.05825615  0.996912  
10 48 20 93375 -0.07305527  0.05831528  0.99583244
10 48 20 95167 -0.08180618  0.0500946   1.01208496
10 48 20 110959 -0.06767082  0.06365967  0.99240685
10 48 20 115819 -0.07279968  0.06119919  0.98821831
10 48 20 133063 -0.07273293  0.05596161  0.99728775
10 48 20 156924 -0.07898521  0.0528698   1.00626945
10 48 20 158882 -0.0720768   0.05954742  0.98834229
10 48 20 181704 -0.08076477  0.06072235  0.99002075
10 48 20 204782 -0.07728004  0.05946159  0.99922943
10 48 20 206708 -0.07761192  0.06319809  0.99282455
10 48 20 229246 -0.07373238  0.06472588  0.9876976 
10 48 20 252772 -0.07785988  0.06256104  0.99536514
10 48 20 258178 -0.07723999  0.0544796   0.99998856
10 48 20 277548 -0.06942177  0.0577774   1.00251579
10 48 20 300793 -0.07320786  0.05773354  0.99905968
10 48 20 302538 -0.07524109  0.06132507  1.00013733
10 48 20 325626 -0.07809639  0.05873299  1.00180054
10 48 20 351532 -0.07529259  0.06119728  0.99362373
10 48 20 353800 -0.07698822  0.06354332  0.99445534
10 48 20 373361 -0.07789612  0.06107712  0.9938488 
10 48 20 396541 -0.08145523  0.06191254  0.99036789
10 48 20 398251 -0.07787895  0.06004906  0.98748589
10 48 20 421842 -0.07978058  0.06298447  0.99149895
10 48 20 445161 -0.07865906  0.06245232  0.99577522
10 48 20 447256 -0.07591438  0.05974388  0.99554253
10 48 20 469399 -0.07789993  0.05710411  0.99510002
10 48 20 493025 -0.0761528   0.05814552  0.99751091
10 48 20 494811 -0.0754776   0.06091309  0.99803162
10 48 20 516918 -0.07366562  0.05670166  0.99683762
10 48 20 540974 -0.08054733  0.05984688  0.99797249
10 48 20 543917 -0.07601547  0.0576973   1.00352669
10 48 20 565684 -0.07823372  0.06287193  0.99144363
10 48 20 588915 -0.07989311  0.06202888  0.99537849
10 48 20 590741 -0.07793427  0.05729103  0.99520111
10 48 20 613634 -0.07643509  0.0594635   0.99336052
10 48 20 636491 -0.07587242  0.0591507   0.99211884
10 48 20 638642 -0.07736015  0.0601387   0.99251938
10 48 20 660856 -0.07466125  0.06381226  0.99338913
10 48 20 685105 -0.07657242  0.06158066  0.9946804 
10 48 20 687828 -0.07874298  0.05715752  0.99575424
10 48 20 709558 -0.07535934  0.06193352  0.99597549
10 48 20 732399 -0.07548332  0.05758858  0.99711037
10 48 20 734481 -0.07387733  0.05573654  0.99755859
10 48 20 757052 -0.07856178  0.05979919  0.99808502
10 48 20 780832 -0.07440376  0.05813408  0.99386215
10 48 20 782929 -0.07920265  0.0585556   0.99050903
10 48 20 812324 -0.07368279  0.05813599  0.99583054
10 48 20 835125 -0.07768059  0.05988121  0.9954052 
10 48 20 846464 -0.14966202  0.06134224  0.96481895
10 48 20 865535 -0.06610298  0.06009483  0.99565697
10 48 20 886332 -0.07476997  0.03830528  0.97341156
10 48 20 904531 -0.09323502  0.09954071  1.04582977
10 48 20 913743 0.0079155  0.05973816 1.02430344
10 48 20 924178 -0.010252    0.06864357  0.93301773
10 48 20 926899 -0.15592575  0.02478409  1.00490952
10 48 20 948595 -0.10563469  0.04205322  1.02105522
10 48 20 972009 -0.0534687   0.01980591  0.99391174
10 48 20 973713 -0.04592133  0.05573654  0.94044495
10 48 20 996725 -0.09300423  0.02749252  0.98685455
10 48 21 20527 -0.04188919  0.08777618  1.0001564 
10 48 21 22988 -0.08258629  0.07563591  0.96989822
10 48 21 45167 -0.10418129  0.10886002  1.0175972 
10 48 21 68041 -0.03337479  0.05426025  1.00801277
10 48 21 70346 -0.05484962  0.05126381  0.99062538
10 48 21 92396 -0.08151245  0.08029747  1.00446129
10 48 21 116259 -0.09417915  0.08415985  1.00599861
10 48 21 118042 -0.08742142  0.07524872  0.97535706
10 48 21 140319 -0.12089348  0.05181503  0.95717812
10 48 21 163886 -0.06813622  0.02078819  0.96321297
10 48 21 166006 -0.10934448  0.03488731  1.00758362
10 48 21 188454 -0.14887047  0.03403282  1.03871346
10 48 21 285071 -0.08218575  0.05428314  0.97539711
10 48 21 286968 -0.09405327  0.04878807  0.97630119
10 48 21 288665 -0.09169197 -0.01258278  0.88383865
10 48 21 290630 -0.11227989  0.04244232  1.03187943
10 48 21 292864 -0.17913055  0.0647316   1.09168243
10 48 21 294658 -0.30140686  0.06195641  1.18478775
10 48 21 308751 -0.3356781  -0.15803146  0.99770164
10 48 21 310477 -0.09012222 -0.06517601  0.55812836
10 48 21 340742 -0.10089111  0.07198715  0.7564621 
10 48 21 356714 -0.10631943  0.20946503  1.28512192
10 48 21 358364 -0.1616478   0.15209198  1.39860344
10 48 21 381492 -0.09650612  0.0877018   0.85978508
10 48 21 405011 -0.12870407  0.06033707  0.86015892
10 48 21 407544 -0.12016678  0.1183033   0.8878231 
10 48 21 429130 -0.10591507  0.18154907  0.98635864
10 48 21 459398 -0.07149315  0.22323799  1.06695175
10 48 21 474778 -0.02385139  0.2222023   1.06270981
10 48 21 489656 -0.00353241  0.21388817  0.99376678
10 48 21 516946 -0.03309631  0.24261665  0.96330261
10 48 21 535577 -0.03022003  0.22114944  0.93590736
10 48 21 547288  0.06118393 -0.08254814  0.94659233
10 48 21 565826 -0.08646584 -0.16504669  0.71988869
10 48 21 582769 -0.27053833  0.11948586  0.92360878
10 48 21 602615 -0.12472725  0.15429115  1.03974342
10 48 21 629601  0.04706573 -0.02523041  1.1084919 
10 48 21 653469  0.01286125 -0.00718498  1.1146946 
10 48 21 676400 -0.09982491  0.0291214   1.05164337
10 48 21 699558 -0.0901432   0.04710197  0.97767067
10 48 21 726672 -0.11766052  0.01375961  0.97503281
10 48 21 750785 -0.12133789  0.02009392  1.0539093 
10 48 21 767624 -0.11235619  0.02820206  1.03385544
10 48 21 794855 -0.08237076  0.03140068  0.94692802
10 48 21 818929 -0.06445122  0.0753994   1.01006889
10 48 21 830430 -0.07209206  0.06152153  1.00131035
10 48 21 854445 -0.08403969  0.06825447  1.01259232
10 48 21 867083 -0.04957581  0.06814194  0.96598434
10 48 21 889070 -0.06378746  0.11915207  0.95980453
10 48 21 911361 -0.03190231  0.13325119  0.9810524 
10 48 21 929683 0.00377846 0.14408493 1.00858688
10 48 21 950551 -0.11671829  0.14826393  1.03718948
10 48 21 977730 -0.04966164  0.09293747  0.99163628
10 48 22 3290 -0.10134315  0.0996666   1.0501709 
10 48 22 18790 -0.03334618  0.08508873  1.01256561
10 48 22 28341 -0.10508537  0.12171555  0.98490334
10 48 22 40355 -0.04650879  0.08626175  0.9201889 
10 48 22 57710 -0.0469017   0.09852409  0.94838524
10 48 22 78351 -0.05190277  0.11780739  0.98644447
