10 48 9 477396  0.00513315 -0.00397968 -0.00242043
10 48 9 479229 -0.00864983  0.00514221 -0.00309944
10 48 9 481030 -0.01954269  0.01358557 -0.00425434
10 48 9 482796 -0.02098608  0.01316071 -0.00336838
10 48 9 484571 -0.01350117  0.00599527 -0.00031424
10 48 9 486326 -0.00145197 -0.00351048  0.00256634
10 48 9 501643  0.00764132 -0.00941896  0.00284195
10 48 9 525172  0.01024294 -0.01113605  0.00076294
10 48 9 527620  0.00943327 -0.00651789 -0.0009017 
10 48 9 549157  0.00616026  0.0004425  -0.00237656
10 48 9 573202  0.00104618  0.00804663 -0.00272131
10 48 9 576120 -0.00344896  0.01248598 -0.00204802
10 48 9 598012 -0.00479078  0.01105928 -0.00034904
10 48 9 620816 -0.00158787  0.0045681   0.00106335
10 48 9 624991  0.00205851 -0.00162458  0.00185871
10 48 9 645574  0.00242376 -0.00677967  0.00091171
10 48 9 668611  0.00028944 -0.0074091  -0.00047159
10 48 9 670430 -0.00124073 -0.00612593 -0.00114346
10 48 9 693763 -0.00198746 -0.00320339 -0.00082397
10 48 9 718801 -0.00296879  0.00044823 -0.00057173
10 48 9 721499 -0.00370026  0.00325108 -0.00068092
10 48 9 741490 -0.0019865   0.00391436  0.00071096
10 48 9 764857 0.00096798 0.0034585  0.001616  
10 48 9 767246 0.00370932 0.00069046 0.00081158
10 48 9 789531 4.26244736e-03 9.05990601e-06 1.68800354e-04
10 48 9 812823  0.00322676 -0.00083017 -0.00118685
10 48 9 814995  0.00205851 -0.00023699 -0.00149345
10 48 9 837898  0.00031042  0.00030756 -0.00103855
10 48 9 860350 -1.19400024e-03  5.14030457e-04  6.43730164e-05
10 48 9 862292 -0.0026083   0.00071621  0.00083733
10 48 9 885465 -0.00254536 -0.00019884  0.00079346
10 48 9 908562 -0.00193882 -0.00051928  0.00039053
10 48 9 910724 -0.00099373 -0.00097513  0.0004797 
10 48 9 933300  0.00039434 -0.00117445 -0.00084496
10 48 9 956799  0.00038338 -0.00113773 -0.00119162
10 48 9 959215  0.00106478 -0.0001626  -0.00065279
10 48 9 981862 -0.00471354  0.01327658 -0.00712204
10 48 10 5112 -0.0050416   0.01259375 -0.01751089
10 48 10 7338  0.00296497 -0.00872374 -0.0096035 
10 48 10 29447  0.01163769 -0.03336143 -0.0172081 
10 48 10 53269  0.00988865 -0.0092454  -0.01230383
10 48 10 55291  0.00123119  0.00960112 -0.0150094 
10 48 10 77959 -0.00925875  0.03322554 -0.02600002
10 48 10 100618 -0.02243233  0.02228498 -0.03758717
10 48 10 103468 -0.01489305 -0.01907921 -0.01770401
10 48 10 124937  0.01505566 -0.03461361 -0.02032137
10 48 10 148882  0.02902079 -0.01574326 -0.01331997
10 48 10 150868  0.01733303 -0.00154972 -0.00823307
10 48 10 172675 -0.00714207  0.00690985 -0.01607847
10 48 10 196814 -0.01865053  0.01932144 -0.00949669
10 48 10 198694 -0.01218462  0.00441074 -0.01062965
10 48 10 221183  0.0008235  -0.00761747 -0.0057025 
10 48 10 244207  0.00528288 -0.00222254 -0.00379944
10 48 10 246001 -0.00020981 -0.00031948 -0.00366402
10 48 10 268631 -0.00386143 -0.00080824 -0.00061083
10 48 10 292671 -0.00075006 -0.00246286  0.00113249
10 48 10 295506  0.00390291 -0.00576591  0.00337648
10 48 10 316658  0.0016346  -0.00191736  0.00063038
10 48 10 340392 -0.00420427  0.00793457 -0.00292158
10 48 10 342982 -0.00434971  0.00858593 -0.00445747
10 48 10 364359  0.00237131  0.00879955 -0.00054312
10 48 10 388484 0.00951815 0.005795   0.00143003
10 48 10 390646 0.00895119 0.00072193 0.00234413
10 48 10 413006  0.00262785 -0.00060415  0.00226879
10 48 10 436196 -0.00269365 -0.00023413  0.00014353
10 48 10 438902 -0.004035   -0.00214386 -0.00145817
10 48 10 460844 -0.0036521  -0.00028801 -0.0004859 
10 48 10 557376 -0.00321531  0.00053406 -0.00139093
10 48 10 560142 -0.00207567  0.00112247 -0.00113916
10 48 10 563496 0.00063992 0.0018692  0.00057554
10 48 10 566076 0.00259638 0.00170279 0.00086117
10 48 10 568859  0.00513601 -0.00171089  0.00225925
10 48 10 571108  0.0033536  -0.00163937  0.00110435
10 48 10 573041  6.87122345e-04  2.33936310e-03 -4.95910645e-05
10 48 10 589241  6.19888306e-05  5.04732132e-03 -1.72233582e-03
10 48 10 608224 -2.43186951e-05  7.78818130e-03 -1.31607056e-03
10 48 10 611263  0.00067472  0.0072751  -0.00089979
10 48 10 629111 0.00195932 0.00451469 0.00057173
10 48 10 664252 0.00309086 0.00272751 0.00133324
10 48 10 687282 0.00412798 0.00052977 0.00135946
10 48 10 701649  0.00304365 -0.00108767  0.00043583
10 48 10 714408  0.00022459 -0.00097609 -0.00042439
10 48 10 716767 -1.93309784e-03 -2.57492065e-05 -1.24216080e-03
10 48 10 725613 -0.00227022  0.00043821 -0.00125885
10 48 10 748935 -0.00080776  0.0006218   0.00080967
10 48 10 751723  0.00128984 -0.00021458  0.00233364
10 48 10 773199  0.00326252 -0.00043583  0.00407124
10 48 10 796913  0.00257635 -0.0048852   0.00109339
10 48 10 799031  0.00078249 -0.00568199 -0.00224543
10 48 10 821034 -0.00311661 -0.00030661  0.000278  
10 48 10 845324 -0.00294495  0.00190449 -0.00139904
10 48 10 848295 -0.00034428  0.00437832 -0.00188589
10 48 10 869655 0.00485182 0.00796223 0.00038242
10 48 10 894859 0.00991106 0.01023293 0.00116205
10 48 10 898487 0.01065016 0.00811577 0.00320292
10 48 10 917721  0.00910521  0.00445604 -0.00032139
10 48 10 941034  0.0042038   0.0013032  -0.00085592
10 48 10 943154  0.00020361 -0.00363207 -0.00113058
10 48 10 965643 -0.00575113 -0.00695324 -0.00045967
10 48 10 988645 -0.00940704 -0.0098052   0.00039673
10 48 10 990697 -0.00762272 -0.00819206  0.0015173 
10 48 11 13173 -0.00450897 -0.00573111  0.00286102
10 48 11 36377 -0.00183916 -0.00485706  0.00196409
10 48 11 39077  0.00123835 -0.00336027  0.00034714
10 48 11 61430  0.00373697 -0.00032377 -0.00067091
10 48 11 85045  0.00454712  0.00352764 -0.00123596
10 48 11 87583  0.00368643  0.0071373  -0.00071096
10 48 11 109058  0.00478649  0.00824356 -0.00079155
10 48 11 132803 0.00484943 0.00667477 0.00107765
10 48 11 135127 0.0042882  0.00468588 0.00149632
10 48 11 156790 0.00211143 0.00249052 0.00019979
10 48 11 158046  0.00043344  0.0016675  -0.00034285
10 48 11 181583 -0.00208092 -0.00194931 -0.00054884
10 48 11 204244 -0.00287151 -0.00503826 -0.00039101
10 48 11 206253 -0.001719   -0.00557899  0.0002203 
10 48 11 234396 -1.98793411e-03 -4.18949127e-03 -4.19616699e-05
10 48 11 252714 -0.00147533 -0.00251961  0.00059462
10 48 11 255493 -0.00175095 -0.00106144  0.00049543
10 48 11 277575 -0.00100136  0.00198793  0.00065279
10 48 11 300211 0.00102854 0.00324631 0.00079918
10 48 11 304707  0.00288486  0.0045867  -0.00053549
10 48 11 324546  0.00437593  0.00505257 -0.00040007
10 48 11 350305  0.00619459  0.00382233 -0.0001564 
10 48 11 352938 0.00605249 0.0017767  0.00060272
10 48 11 374383 4.47416306e-03 2.95639038e-05 5.13553619e-04
10 48 11 400111  0.00120068  0.00010252 -0.00011349
10 48 11 417012 -1.96504593e-03 -2.16484070e-04 -1.81198120e-05
10 48 11 434235 -3.84330750e-03 -1.46675110e-03 -5.29289246e-05
10 48 11 456503 -5.04684448e-03 -2.58111954e-03  5.72204590e-06
10 48 11 481544 -0.00468636 -0.00186491  0.00019455
10 48 11 497366 -0.00366259 -0.00159454 -0.00069046
10 48 11 511953 -0.0009203  -0.0011754   0.00021791
10 48 11 531438 0.00248623 0.00098228 0.00048971
10 48 11 544270  5.10597229e-03  2.60782242e-03 -6.62803650e-05
10 48 11 571722 5.93280792e-03 3.71980667e-03 7.62939453e-05
10 48 11 599045  0.00607157  0.00538778 -0.0006032 
10 48 11 622746  0.00594044  0.00577068 -0.00019169
10 48 11 644919  0.00499153  0.00511742 -0.00040579
10 48 11 666960 0.00365639 0.0036149  0.00070858
10 48 11 686850 0.00142527 0.00152969 0.00017548
10 48 11 709204  9.39369202e-05 -8.47339630e-04  2.55584717e-04
10 48 11 711566 -0.00109959 -0.00229406  0.00026178
10 48 11 713883 -0.00269556 -0.00287294  0.00015879
10 48 11 715918 -0.00364542 -0.00225401 -0.0005703 
10 48 11 717852 -0.0027113  -0.0009079  -0.00047827
10 48 11 719477 -3.05652618e-04 -2.13623047e-04 -7.43865967e-05
10 48 11 732684 0.00152159 0.00123024 0.00088644
10 48 11 734293  0.0014205   0.00174379 -0.00067711
10 48 11 757885  0.0001874   0.00171852 -0.00036335
10 48 11 788750 -0.00137138  0.00091791 -0.00131512
10 48 11 803056 -0.00267363 -0.00110865  0.00048399
10 48 11 820971 -0.00255823 -0.00260258  0.00018835
10 48 11 836201 -0.00366163 -0.00560856  0.0004859 
10 48 11 854243 -0.00442266 -0.00651169  0.00027227
10 48 11 873055 -0.00360346 -0.00615835  0.00049639
10 48 11 889807 -0.00217009 -0.00479317  0.00046968
10 48 11 905080 -0.00280905 -0.00130796 -0.00134754
10 48 11 925439 -0.00531054  0.00196791 -0.00092602
10 48 11 949376 -0.00561571  0.00438881 -0.00153923
10 48 11 988549 -0.00316286  0.00486612  0.00011635
10 48 12 26222 0.00135088 0.00380754 0.00140572
10 48 12 55019 0.00582266 0.00140524 0.00118303
10 48 12 70143  0.0091157  -0.0004487   0.00056553
10 48 12 92109  0.01131344 -0.00095606 -0.00014877
10 48 12 118059  0.00933504 -0.00032663 -0.0005455 
10 48 12 138840  0.00442028  0.00188637 -0.00157261
10 48 12 154846 -0.00234461  0.0052352  -0.00160027
10 48 12 174489 -0.00768089  0.00517035 -0.00079584
10 48 12 184050 -0.0089159   0.00213718  0.00095367
10 48 12 187348 -0.00860596 -0.00260878  0.00237799
10 48 12 190884 -0.0077467  -0.00719166  0.00043964
10 48 12 193505 -0.00668621 -0.00823355 -0.00014782
10 48 12 196799 -0.00375557 -0.00858641 -0.00159502
10 48 12 199186 -0.0022378  -0.00628996 -0.00129986
10 48 12 201400  0.0012579  -0.00347328  0.00097275
10 48 12 203773  0.0042696  -0.00130749  0.0002203 
10 48 12 214132 0.00466728 0.0013814  0.00139046
10 48 12 215917 0.0042057  0.0025301  0.00103235
10 48 12 236494 0.00195646 0.00352144 0.00057507
10 48 12 238955 -0.00037813  0.00230074  0.00055552
10 48 12 260896 -0.00310707  0.00044107 -0.00117064
10 48 12 284481 -0.00500441 -0.00150824 -0.00160122
10 48 12 286399 -0.00560999 -0.00324774 -0.00120783
10 48 12 309086 -0.00267744 -0.00334883  0.00084448
10 48 12 332595  0.00016165 -0.00304222  0.00134182
10 48 12 335116  0.00061131 -0.00111485  0.00103474
10 48 12 357047 -0.00015974  0.00109768 -0.00052977
10 48 12 380452 -0.00015593  0.00247192 -0.00113916
10 48 12 382539  0.00091696  0.00333214 -0.0012517 
10 48 12 405206  0.001544    0.00476456 -0.00069475
10 48 12 429878  0.00195169  0.00480318 -0.00016451
10 48 12 432345 0.00386858 0.00472927 0.00093842
10 48 12 453257 0.00494432 0.00244856 0.00150633
10 48 12 476785  0.00505447 -0.00124454  0.00133038
10 48 12 479366  0.00209093 -0.00306892 -0.00024366
10 48 12 500872 -0.00036669 -0.00266886 -0.00080919
10 48 12 524873 -0.00149059 -0.00282764 -0.00082397
10 48 12 527126 -0.00185823 -0.00201559  0.00045204
10 48 12 549050 -0.00174475 -0.00070333  0.00068617
10 48 12 572577 -0.00067425  0.00026655  0.00089264
10 48 12 575296 0.00093317 0.00137758 0.0008316 
10 48 12 608196  1.23739243e-03  2.78472900e-03 -5.81741333e-05
10 48 12 619998  0.00146484  0.00313377 -0.00057697
10 48 12 621905  0.00087214  0.00252438 -0.00094318
10 48 12 644694 -0.00034285  0.0033555  -0.00137091
10 48 12 668251 -0.00251293  0.00252962  0.00506115
10 48 12 670610  0.01041651 -0.00582027  0.01987314
10 48 12 692434  0.01666164 -0.0333004   0.02845478
10 48 12 716471  0.01904058 -0.04458761  0.04092121
10 48 12 719745  0.01558304 -0.02045012  0.04450655
10 48 12 740861 0.00105429 0.00844002 0.05268574
10 48 12 764256 -0.01416683  0.0333519   0.05614471
10 48 12 766829 -0.02693272  0.04152918  0.0562067 
10 48 12 788365 -0.03039455  0.03177595  0.06476212
10 48 12 812471 -0.01608133  0.00735188  0.06700087
10 48 12 814725  0.00171995 -0.02047396  0.07563114
10 48 12 836005  0.00909328 -0.03149605  0.08245707
10 48 12 837769  0.01705122 -0.04203224  0.09032059
10 48 12 934492  0.01438999 -0.02747488  0.09794378
10 48 12 936793 0.00491524 0.00567579 0.10767174
10 48 12 938585 -0.005301    0.03205299  0.11468554
10 48 12 940240 -0.01128054  0.0414753   0.12563896
10 48 12 942073 -0.01060057  0.03911448  0.13956356
10 48 12 943712 -0.00406504  0.02927208  0.15339327
10 48 12 957332 0.00101852 0.01435995 0.16653585
10 48 12 981452 0.00024605 0.00328445 0.17933655
10 48 12 983622 -0.00650883 -0.00074053  0.18916464
10 48 13 5337 -0.017169    0.00261307  0.19612265
10 48 13 28897 -0.02687216  0.0082345   0.20279217
10 48 13 31019 -0.03232145  0.00756454  0.20872402
10 48 13 53743 -0.0317874   0.00304794  0.21551847
10 48 13 78207 -0.0276413   0.00433445  0.2234478 
10 48 13 83591 -0.01910496  0.01166725  0.2304883 
10 48 13 100986 -0.01064014  0.01875019  0.23853445
10 48 13 125347 -0.00405264  0.01970339  0.24506903
10 48 13 127801 -0.00129318  0.0166254   0.25101233
10 48 13 149118 -0.00333214  0.0160656   0.25541496
10 48 13 150598 -0.00542831  0.01811647  0.257617  
10 48 13 175422 -0.01077414  0.02491474  0.26188231
10 48 13 197349 -0.01616478  0.03002119  0.26790857
10 48 13 200013 -0.0185914   0.02857637  0.27418041
10 48 13 222140 -0.01818275  0.01969767  0.28120375
10 48 13 244630 -0.01801157  0.01040363  0.2865901 
10 48 13 246714 -0.01974726  0.00617504  0.29087448
10 48 13 269324 -0.02436543  0.00675249  0.29401064
10 48 13 292895 -0.02742243  0.01137257  0.2971139 
10 48 13 294760 -0.02694988  0.01558399  0.30127048
10 48 13 317405 -0.02400446  0.01839876  0.30492115
10 48 13 340838 -0.01963234  0.01801348  0.30950928
10 48 13 343333 -0.01618624  0.01767445  0.31434441
10 48 13 364995 -0.01298904  0.01813078  0.31794214
10 48 13 389897 -0.0121994   0.02077675  0.32191515
10 48 13 392153 -0.01419926  0.02429962  0.32525158
10 48 13 413312 -0.01748562  0.02577686  0.32849884
10 48 13 436334 -0.02003002  0.0247364   0.33237505
10 48 13 437929 -0.02191162  0.02110624  0.3370471 
10 48 13 461029 -0.02185917  0.01730824  0.34107542
10 48 13 484709 -0.02193499  0.01621914  0.34525013
10 48 13 486648 -0.02273417  0.0162878   0.34917355
10 48 13 509501 -0.02410078  0.01589823  0.35285091
10 48 13 532350 -0.02359772  0.0172596   0.35631752
10 48 13 534307 -0.0223732   0.01985121  0.35945511
10 48 13 556775 -0.02178431  0.02331018  0.36219358
10 48 13 591548 -0.02094173  0.02511501  0.36489344
10 48 13 603303 -0.02058744  0.02427816  0.36713076
10 48 13 620920 -0.0200901   0.02258062  0.36967659
10 48 13 636487 -0.01979256  0.02205992  0.37197971
10 48 13 655703 -0.02174473  0.02395153  0.37281179
10 48 13 679091 -0.02422476  0.02428007  0.37394905
10 48 13 695177 -0.02532911  0.02293968  0.37543726
10 48 13 705136 -0.0247345   0.01931143  0.37741518
10 48 13 720835 -0.0233717   0.01651621  0.37791777
10 48 13 735748 -0.02376795  0.0171423   0.37972355
10 48 13 751631 -0.02409267  0.02064562  0.38112211
10 48 13 772198 -0.02373409  0.02527475  0.38175392
10 48 13 788086 -0.02325439  0.0268364   0.38344526
10 48 13 803963 -0.02127934  0.02573061  0.38513184
10 48 13 824633 -0.01991606  0.02319431  0.38593721
10 48 13 849393 -0.01963329  0.0208931   0.3880744 
10 48 13 865394 -0.02037334  0.0217433   0.38843918
10 48 13 881164 -0.02308655  0.02270365  0.38883638
10 48 13 899513 -0.02671385  0.02448511  0.38918829
10 48 13 909771 -0.02756023  0.02505922  0.3896327 
10 48 13 929265 -0.02605772  0.02303982  0.38949203
10 48 13 951272 -0.02543354  0.01951599  0.38872194
10 48 13 974239 -0.02641249  0.01739407  0.38774252
10 48 14 3047 -0.027596    0.01869345  0.38613844
10 48 14 29394 -0.02737427  0.02223301  0.38480186
10 48 14 55893 -0.02556324  0.02559662  0.38355684
10 48 14 89549 -0.02412891  0.0263114   0.3812995 
10 48 14 121651 -0.02341461  0.02490473  0.37985134
10 48 14 147645 -0.02153349  0.02223063  0.3788209 
10 48 14 158631 -0.0197053   0.02021027  0.37641335
10 48 14 178555 -0.01993513  0.02074289  0.37334585
10 48 14 201315 -0.02422476  0.02278852  0.36907768
10 48 14 204992 -0.02815962  0.02537251  0.3649745 
10 48 14 207674 -0.03025913  0.02657652  0.35983706
10 48 14 209980 -0.02919674  0.02576685  0.35552883
10 48 14 212455 -0.02591705  0.02217245  0.35154009
10 48 14 214677 -0.02252436  0.01682901  0.34889174
10 48 14 216875 -0.01876259  0.0166955   0.34618521
10 48 14 218608 -0.01722574  0.01781225  0.34407997
10 48 14 221635 -0.01697016  0.02139235  0.34112787
10 48 14 225157 -0.02031851  0.02579451  0.33490086
10 48 14 228885 -0.02087498  0.0268755   0.33294535
10 48 14 231502 -0.01602697  0.01410961  0.33059311
10 48 14 254000 -0.00966406 -0.00446796  0.32996321
10 48 14 287353 -0.00852966 -0.01243353  0.32858276
10 48 14 308618 -0.01152325 -0.0116477   0.32659197
10 48 14 313620 -0.02292299 -0.0006361   0.3237958 
10 48 14 317334 -0.03396416  0.02121687  0.32300901
10 48 14 325829 -0.03503752  0.03905869  0.32490396
10 48 14 348929 -0.02555561  0.04107666  0.33062172
10 48 14 351081 -0.01119566  0.03111029  0.33841848
10 48 14 374236 -0.00142002  0.01697493  0.34626913
10 48 14 397384 1.73091888e-04 8.51535797e-03 3.51471901e-01
10 48 14 400999 -0.00646925  0.012146    0.35470152
10 48 14 421300 -0.01884222  0.02402735  0.35680962
10 48 14 450491 -0.03199434  0.03397942  0.35887289
10 48 14 452617 -0.03854513  0.03668308  0.36175728
10 48 14 470073 -0.03657722  0.03036404  0.36527872
10 48 14 492751 -0.0310564   0.01857138  0.3677578 
10 48 14 495355 -0.0265398   0.00812006  0.37071896
10 48 14 517290 -0.02319384  0.00766087  0.3720212 
10 48 14 541190 -0.02175808  0.01358128  0.37190294
10 48 14 543831 -0.02286768  0.02221918  0.37182903
10 48 14 565655 -0.02277088  0.02876663  0.37216282
10 48 14 588530 -0.02096081  0.02746153  0.37220478
10 48 14 590350 -0.01918077  0.02361631  0.3733573 
10 48 14 612943 -0.01798439  0.02117395  0.37422943
10 48 14 636699 -0.01913548  0.02076817  0.37490797
10 48 14 639028 -0.0226531   0.02298498  0.37366486
10 48 14 660926 -0.02488279  0.02504349  0.37408876
10 48 14 663310 -0.02657938  0.0276885   0.37394571
10 48 14 684897 -0.02630568  0.02378559  0.3729372 
10 48 14 708374 -0.02659464  0.01656723  0.37210464
10 48 14 710008 -0.02667713  0.00989532  0.36940765
10 48 14 732933 -0.02768135  0.00843287  0.36661434
10 48 14 768087 -0.02798462  0.01356792  0.36304283
10 48 14 785218 -0.02871752  0.02112961  0.35894871
10 48 14 805931 -0.02741432  0.02669477  0.35544538
10 48 14 832024 -0.02290392  0.02602243  0.35160685
10 48 14 857275 -0.01909637  0.02083206  0.34873486
10 48 14 876380 -0.01496029  0.01552963  0.34487629
10 48 14 895421 -0.01518488  0.01431847  0.340734  
10 48 14 907948 -0.01773548  0.01802397  0.33640575
10 48 14 927495 -0.02142906  0.02384615  0.3313098 
10 48 14 950249 -0.02440596  0.02650976  0.3265748 
10 48 14 967588 -0.02564096  0.02400732  0.32108688
10 48 14 978165 -0.02372742  0.01842546  0.31719446
10 48 14 997751 -0.01965618  0.01209736  0.31268597
10 48 15 23363 -0.01747513  0.00862503  0.30688906
10 48 15 47734 -0.0186615   0.01037788  0.30078077
10 48 15 62681 -0.02151251  0.01397753  0.29407501
10 48 15 88082 -0.02210617  0.01642942  0.28710508
10 48 15 110024 -0.01990032  0.01669836  0.28035498
10 48 15 123299 -0.01787424  0.01515436  0.27515984
10 48 15 143921 -0.01638365  0.01577759  0.26808071
10 48 15 167949 -0.01362228  0.01690102  0.2638464 
10 48 15 184941 -0.00984049  0.0159421   0.25833654
10 48 15 199994 -0.00900602  0.01389742  0.25277472
10 48 15 218768 -0.01223278  0.01426315  0.2457757 
10 48 15 229378 -0.01777935  0.01285362  0.23834324
10 48 15 246502 -0.02177334  0.01229572  0.23047638
10 48 15 262465 -0.02081394  0.01190281  0.22329903
10 48 15 284741 -0.0168519   0.00821972  0.2166605 
10 48 15 294473 -0.01487732  0.00165844  0.20980978
10 48 15 312776 -0.0127697  -0.00094891  0.20380783
10 48 15 335307 -0.01002312 -0.00061846  0.19853735
10 48 15 352547 -0.00871277  0.00130844  0.19419193
10 48 15 367728 -0.00860214  0.00778294  0.19034147
10 48 15 395226 -0.01094246  0.01341534  0.18687057
10 48 15 414229 -0.01055336  0.01709414  0.18425131
10 48 15 432581 -0.00527191  0.01853561  0.18220472
10 48 15 457604 -0.00179768  0.0146904   0.18095255
10 48 15 473096 -0.00387287  0.00740385  0.17869997
10 48 15 486477 -0.01019859  0.0014081   0.17435884
10 48 15 489107 -0.01596022  0.00110292  0.16893339
10 48 15 491652 -0.01792622  0.00518179  0.16352415
10 48 15 493580 -0.01773882  0.01010656  0.15749216
10 48 15 495321 -0.0192318   0.01132917  0.15236092
10 48 15 497304 -0.01843023  0.01020765  0.14591551
10 48 15 499266 -0.01366711  0.0076108   0.14022923
10 48 15 501333 -0.0053997   0.00607109  0.13616371
10 48 15 504336 0.00174379 0.00740051 0.13063669
10 48 15 506714 0.00298119 0.0118041  0.12497091
10 48 15 525031 -0.00127125  0.01577663  0.11895227
10 48 15 527181 -0.00545597  0.01354599  0.11264277
10 48 15 549225 -0.00725603  0.00824928  0.10690641
10 48 15 572938 -0.00940084  0.00418139  0.10113144
10 48 15 574604 -0.01221132  0.00277662  0.09521341
10 48 15 597029 -0.01328421  0.00306082  0.08884716
10 48 15 621456 -0.01133108  0.00390244  0.08298779
10 48 15 623774 -0.00821972  0.00319099  0.07718515
10 48 15 645798 -0.00497437  0.00322008  0.07083941
10 48 15 669015 -0.00314045  0.00326157  0.06474257
10 48 15 670751 -0.00077868  0.00254011  0.0588398 
10 48 15 693194 0.00103569 0.00131989 0.05254936
10 48 15 729493 0.00048304 0.0014987  0.04835224
10 48 15 741456 0.00076151 0.00205231 0.04537106
10 48 15 760671 0.0010891  0.00261497 0.04455805
10 48 15 785481 0.00399399 0.00351238 0.04473639
10 48 15 811460 0.00503397 0.00272846 0.04651403
10 48 15 837551 0.00321817 0.00066614 0.04925156
10 48 15 858503  0.00108337 -0.00142813  0.05356646
10 48 15 866096 -0.00029612 -0.00282764  0.0605855 
10 48 15 868690 -0.00022459 -0.00142193  0.06792164
10 48 15 871457 -0.00143671  0.00561619  0.07599735
10 48 15 874215 -0.00318241  0.01290321  0.0830121 
10 48 15 885041 -0.00383806  0.01028585  0.09468699
10 48 15 908965 -0.00229216 -0.00224161  0.10176516
10 48 15 911200 -0.00516033 -0.00662804  0.11002636
10 48 15 932895 -0.01384687 -0.0064559   0.11718369
10 48 15 956390 -0.01501894 -0.00056934  0.12907934
10 48 15 958353 -0.00805807  0.00977373  0.13741875
10 48 15 981557 -0.00397062  0.01460695  0.14920712
10 48 16 4317 -0.00546551  0.01582766  0.15636969
10 48 16 6323 -0.01080847  0.01768494  0.16564322
10 48 16 29087 -0.01099014  0.01669502  0.1751008 
10 48 16 52202 -0.0055995   0.01478529  0.1830554 
10 48 16 53879 -0.00549889  0.01709032  0.19216251
10 48 16 77425 -0.00966358  0.0164156   0.19875002
10 48 16 100431 -0.01359367  0.00970888  0.20699215
10 48 16 102361 -0.0137763   0.00326777  0.21534157
10 48 16 125578 -0.01363134  0.00055218  0.22341776
10 48 16 148261 -0.01623297  0.00358295  0.23043585
10 48 16 150231 -0.02101374  0.0122633   0.23770618
10 48 16 175581 -0.02368259  0.02087116  0.24570513
10 48 16 196151 -0.0186224   0.02401924  0.25528479
10 48 16 197992 -0.0101862   0.02316236  0.26434088
10 48 16 221308 -0.00499296  0.02095318  0.27339697
10 48 16 244350 -0.00569725  0.01763678  0.27967119
10 48 16 247124 -0.01080132  0.01547909  0.28389454
10 48 16 269173 -0.01880646  0.01735353  0.28707886
10 48 16 292159 -0.02680111  0.01893425  0.29010153
10 48 16 294095 -0.03006363  0.01944828  0.29290438
10 48 16 316482 -0.02993679  0.01833773  0.29832029
10 48 16 340103 -0.02316332  0.01477528  0.30461121
10 48 16 343702 -0.01337957  0.01083469  0.31115818
10 48 16 364889 -0.0078969   0.01271582  0.31512833
10 48 16 391770 -0.01346254  0.01795292  0.31625843
10 48 16 401311 -0.02237129  0.02430296  0.31913471
10 48 16 412897 -0.02455711  0.02754116  0.31987381
10 48 16 436000 -0.02175713  0.02605391  0.32151079
10 48 16 438634 -0.01990032  0.02181387  0.32308388
10 48 16 534286 -0.02278566  0.01805735  0.3234849 
10 48 16 537131 -0.02512789  0.0157876   0.32531643
10 48 16 539991 -0.02066898  0.01446915  0.32833862
10 48 16 543060 -0.0136013   0.01331425  0.32986784
10 48 16 545169 -0.01398277  0.0150938   0.32983303
10 48 16 547313 -0.02166891  0.01933289  0.32756233
10 48 16 557421 -0.03038359  0.02449369  0.32550716
10 48 16 581346 -0.03186607  0.0279274   0.32497549
10 48 16 584146 -0.02567244  0.02667141  0.32439804
10 48 16 605850 -0.0180707   0.02285624  0.32613897
10 48 16 629396 -0.01094151  0.01733875  0.32806206
10 48 16 633168 -0.00842476  0.01367283  0.32684231
10 48 16 653412 -0.01128674  0.01444435  0.32765818
10 48 16 676899 -0.01680803  0.01644039  0.32358837
10 48 16 679020 -0.02308846  0.02010155  0.32124805
10 48 16 702758 -0.02837658  0.02187443  0.31896591
10 48 16 725106 -0.02924204  0.01992893  0.31763363
10 48 16 729680 -0.02433395  0.01577854  0.31807709
10 48 16 749937 -0.01734495  0.01151943  0.31900883
10 48 16 774438 -0.0129056   0.00977278  0.3210144 
10 48 16 777303 -0.01229429  0.01333094  0.31983519
10 48 16 810300 -0.01607418  0.01723528  0.32194757
10 48 16 829437 -0.01938534  0.02170753  0.32184172
10 48 16 837803 -0.02129936  0.02489853  0.32539272
10 48 16 847801 -0.01913595  0.03081989  0.32625008
10 48 16 868729 -0.0185051   0.03751373  0.32221031
10 48 16 870754 -0.02477026  0.03222752  0.32671976
10 48 16 906394 -0.02844429  0.02564955  0.31447506
10 48 16 923333 -0.03656292  0.02128172  0.31196451
10 48 16 941643 -0.03746796  0.01346636  0.31283045
10 48 16 964945 -0.02474976  0.00861263  0.30755091
10 48 16 981810 -0.00750113  0.00519323  0.31089973
10 48 16 990846 -0.0010066   0.00108194  0.3020668 
10 48 17 8185 -0.01634169  0.00673056  0.29735804
10 48 17 29267 -0.02198839  0.01710272  0.2986598 
10 48 17 52571 -0.0157423   0.01830292  0.28213215
10 48 17 70393 -0.02506542  0.0233078   0.27953291
10 48 17 96002 -0.03129864  0.03600883  0.27558374
10 48 17 120719 -0.02511787  0.03653049  0.27249193
10 48 17 135905 -0.00810671  0.0214715   0.26789427
10 48 17 146836 -0.00205803  0.00491333  0.2600112 
10 48 17 170678 -0.0074935  -0.00391054  0.25733995
10 48 17 195557 -0.01702929 -0.00584126  0.24828053
10 48 17 216265 -0.02318859 -0.00057983  0.2485671 
10 48 17 242754 -0.01716566  0.00475121  0.25097609
10 48 17 265578 -0.00463629  0.00639677  0.25715065
10 48 17 283051 0.00290966 0.01555395 0.25892591
10 48 17 293134 -0.00522089  0.02366495  0.26705313
10 48 17 310710 -0.01479197  0.0261879   0.27273178
10 48 17 326315 -0.01797104  0.02984619  0.2808013 
10 48 17 351001 -0.01238298  0.02986526  0.28934526
10 48 17 361173 -0.00818348  0.02411604  0.29497194
10 48 17 378601 -0.01231718  0.01724052  0.30199862
10 48 17 402394 -0.02015877  0.0122447   0.3045125 
10 48 17 418277 -0.02911901  0.01101208  0.30551052
10 48 17 430411 -0.03418112  0.01331282  0.30557585
10 48 17 449914 -0.03397226  0.01328564  0.30511332
10 48 17 460686 -0.02997637  0.01025963  0.30654478
10 48 17 477940 -0.02817822  0.00849771  0.30732679
10 48 17 501874 -0.01970959  0.01149273  0.30647564
10 48 17 529581 -0.01571894  0.02090406  0.30029249
10 48 17 545353 -0.02005816  0.02517939  0.30296469
10 48 17 555509 -0.01522017  0.02385235  0.29530621
10 48 17 558898 -0.01334953  0.02393246  0.29128981
10 48 17 560886 -0.01408911  0.01959467  0.29003668
10 48 17 563037 -0.01437616  0.01741695  0.28262758
10 48 17 565502 -0.01698303  0.01903582  0.281775  
10 48 17 568088 -0.01702023  0.01763296  0.27420235
10 48 17 570350 -0.02060127  0.01257658  0.27085257
10 48 17 572528 -0.02162838  0.00732374  0.26744413
10 48 17 574414 -0.02000475  0.00517988  0.26080275
10 48 17 589131 -0.01992035  0.00818062  0.25700188
10 48 17 614388 -0.01975441  0.01209164  0.25122881
10 48 17 616861 -0.01838493  0.01526499  0.24735355
10 48 17 709282 -0.01588202  0.01738787  0.24218225
10 48 17 710974 -0.01437044  0.01764202  0.23991585
10 48 17 712889 -0.01077604  0.01719618  0.23610878
10 48 17 714953 -0.00881004  0.01511145  0.23094511
10 48 17 717050 -0.00874901  0.01269436  0.22651339
10 48 17 718833 -0.01056385  0.0114975   0.22152424
10 48 17 732694 -0.01290321  0.01164484  0.21672964
10 48 17 734444 -0.01521492  0.01215458  0.21156502
10 48 17 757892 -0.01518679  0.01163006  0.20759392
10 48 17 781468 -0.01402235  0.00929928  0.20406628
10 48 17 784374 -0.01301861  0.00611639  0.2003088 
10 48 17 805522 -0.0132041   0.00522184  0.19711256
10 48 17 828941 -0.01303005  0.0072298   0.19319725
10 48 17 830985 -0.01169872  0.01073456  0.1908865 
10 48 17 869458 -0.0095048   0.01267338  0.18852043
10 48 17 885674 -0.00831461  0.01207113  0.18647051
10 48 17 888577 -0.00710726  0.0118494   0.18498516
10 48 17 901478 -0.00714588  0.01137686  0.18351603
10 48 17 924632 -0.00769234  0.01108265  0.18273878
10 48 17 926542 -0.00919962  0.01007652  0.18150854
10 48 17 949084 -0.01143456  0.00948524  0.18042374
10 48 17 972658 -0.01251507  0.00808239  0.1805253 
10 48 17 974766 -0.01238298  0.00858259  0.18019915
10 48 17 999509 -0.01187611  0.00825644  0.17968655
10 48 18 20802 -0.01216698  0.00797081  0.17999792
10 48 18 22723 -0.01215076  0.00735426  0.18009472
10 48 18 45214 -0.01115704  0.00719786  0.18032169
10 48 18 68558 -0.01083565  0.00793314  0.18088436
10 48 18 70238 -0.00969744  0.01040554  0.18194485
10 48 18 93771 -0.00901556  0.01241589  0.18276405
10 48 18 116902 -0.00900698  0.01299095  0.18505907
10 48 18 119053 -0.00867558  0.01285076  0.18625021
10 48 18 142048 -0.00869226  0.01155281  0.18808794
10 48 18 164533 -0.0094347   0.00904894  0.18958759
10 48 18 166289 -0.01191092  0.00858545  0.19169378
10 48 18 189780 -0.01344109  0.00961018  0.19316816
10 48 18 212509 -0.01424932  0.01123953  0.19517946
10 48 18 215593 -0.01302958  0.01144314  0.1974535 
10 48 18 237390 -0.01260376  0.00988007  0.20050144
10 48 18 260820 -0.01076603  0.00929117  0.20347166
10 48 18 263301 -0.0102458   0.01104498  0.20516968
10 48 18 284957 -0.01125526  0.01422501  0.20617104
10 48 18 309845 -0.01372004  0.01522779  0.20604324
10 48 18 312346 -0.01566982  0.01518869  0.20739412
10 48 18 333336 -0.01565027  0.0121398   0.20883465
10 48 18 356499 -0.01364183  0.00953579  0.21083736
10 48 18 358201 -0.01021481  0.00866604  0.21412373
10 48 18 381241 -0.00869083  0.00984049  0.21587801
10 48 18 404982 -0.00930262  0.01174259  0.21748018
10 48 18 407050 -0.01245403  0.01382637  0.21825886
10 48 18 429077 -0.01670551  0.01513815  0.21879673
10 48 18 452681 -0.01851511  0.01700735  0.22001028
10 48 18 455721 -0.01775932  0.01526022  0.22058725
10 48 18 477269 -0.01504898  0.01381874  0.22188377
10 48 18 500194 -0.01365662  0.01224279  0.22265053
10 48 18 502178 -0.01399946  0.01092958  0.221982  
10 48 18 524881 -0.01445484  0.01054096  0.22115374
10 48 18 548539 -0.01577282  0.01206684  0.2203455 
10 48 18 550912 -0.0154953   0.01321077  0.21834564
10 48 18 572562 -0.01525831  0.01424265  0.21694756
10 48 18 596554 -0.01412821  0.01468086  0.21480608
10 48 18 598289 -0.01338243  0.01352453  0.21298647
10 48 18 620986 -0.01227665  0.01089144  0.2102809 
10 48 18 644734 -0.01257849  0.00914621  0.20766354
10 48 18 647641 -0.01307249  0.00880623  0.20551443
10 48 18 668917 -0.01370049  0.01144695  0.2039566 
10 48 18 692395 -0.0131731   0.0148325   0.20223236
10 48 18 694652 -0.01155996  0.01568985  0.2010808 
10 48 18 717015 -0.01785374  0.00144672  0.19832468
10 48 18 740191 -0.01521873  0.00063229  0.20195818
10 48 18 742229 -0.0121789   0.00347185  0.19672441
10 48 18 765568 -0.01152706  0.0100069   0.2007246 
10 48 18 787937 -0.01001024  0.0162549   0.19826937
10 48 18 789716 -0.00801039  0.02233362  0.20336246
10 48 18 813198 -0.00414515  0.02108002  0.20524788
10 48 18 815077 -0.00296068  0.01834059  0.20586443
10 48 18 909679 -0.00185776  0.01371813  0.21108389
10 48 18 912515 -0.00500345  0.01111841  0.21328497
10 48 18 915514 -0.01107359  0.01129627  0.21445465
10 48 18 917761 -0.01817226  0.01420689  0.21581697
10 48 18 919635 -0.02384043  0.01464367  0.21645164
10 48 18 921850 -0.02605438  0.01288128  0.21821642
10 48 18 933057 -0.02680397  0.01751757  0.11433029
10 48 18 956915 -0.01134586  0.0116291  -0.2634654 
10 48 18 960260  0.00668287 -0.04761839 -0.26301575
10 48 18 981614 -0.00753546 -0.03460312 -0.18453026
10 48 19 4650 -0.01293945  0.01995516 -0.11380005
10 48 19 6744 -0.01365376  0.05032873 -0.03886414
10 48 19 29334 -0.00747871  0.06657743 -0.04357815
10 48 19 63228 -0.00243902  0.04205275 -0.10353851
10 48 19 75501  0.01171255  0.00701427 -0.083251  
10 48 19 94158  0.0173769  -0.01032257 -0.06808519
10 48 19 120094  0.00754118 -0.01660633 -0.09335375
10 48 19 146783  0.00512171 -0.01765442 -0.10322523
10 48 19 170740  0.00588226  0.0030241  -0.06519127
10 48 19 190325 -0.00124979  0.03271341 -0.01180029
10 48 19 206014 -0.01209402  0.04023075  0.00339937
10 48 19 232793 -0.01079941  0.02091026 -0.02858734
10 48 19 254844  0.00161839 -0.004704   -0.05604553
10 48 19 272461  0.01106787 -0.01869678 -0.04253721
10 48 19 293709  0.01260567 -0.01524305 -0.00725031
10 48 19 313146  0.00439596 -0.00645018  0.01285553
10 48 19 339277 -0.00249195 -0.00124931  0.00012445
10 48 19 350154 -0.0036664   0.00371408 -0.00144911
10 48 19 353014  1.14440918e-05  4.97055054e-03 -3.97300720e-03
10 48 19 354816  0.00132465  0.00312233 -0.0039835 
10 48 19 357433  0.00201988  0.00190973 -0.00341415
10 48 19 360219 -0.00068521  0.00418663 -0.00291443
10 48 19 362158 -0.0139184   0.00963116 -0.00898886
10 48 19 365686 -0.03091049  0.01226759 -0.02058649
10 48 19 388491 -0.02026176  0.01771498 -0.01181364
10 48 19 390636  0.01263857  0.01115894 -0.00529957
10 48 19 414972  0.03947401 -0.0018115   0.00052786
10 48 19 436442  0.0430851  -0.01122952  0.00594044
10 48 19 438188  0.02228308 -0.01702547 -0.00049782
10 48 19 461793 -0.00182819 -0.00642538 -0.00332069
10 48 19 484922 -0.01566839  0.00753546 -0.00830698
10 48 19 487165 -0.01901102  0.01777267 -0.00657082
10 48 19 510436 -0.01659346  0.01851606 -0.00468969
10 48 19 532706 -0.0142827   0.00589561 -0.00276184
10 48 19 534798 -0.00879192 -0.01029587  0.0022893 
10 48 19 557330  0.00273943 -0.01930332  0.00202227
10 48 19 581761  0.01217222 -0.01899529  0.00414658
10 48 19 584786  0.01240778 -0.01062202  0.00178766
10 48 19 604770  0.00289345 -0.000669   -0.00076008
10 48 19 628492 -0.00704861  0.00786829 -0.00194979
10 48 19 631074 -0.00923061  0.01030111 -0.0030489 
10 48 19 653141 -0.00458336  0.01100779 -0.00178766
10 48 19 676155  0.00156975  0.00809574 -0.00079107
10 48 19 679035 0.00436449 0.00236702 0.00043678
10 48 19 700819  0.00347376 -0.00462437  0.00142193
10 48 19 724391  0.00314999 -0.00889874  0.00172281
10 48 19 726980  0.00315809 -0.00906324  0.00136948
10 48 19 749011 -0.00059891 -0.00516605 -0.00067139
10 48 19 772828 -5.51795959e-03  4.29153442e-05 -1.66654587e-03
10 48 19 774855 -0.01048756  0.00279713 -0.00230837
10 48 19 797036 -0.00888777  0.00453901 -0.00117874
10 48 19 820521 -0.00304079  0.00244761  0.00070763
10 48 19 823171  0.00142956 -0.00068951  0.00162363
10 48 19 844974  0.00310946 -0.00440645  0.00103998
10 48 19 868266  0.00195265 -0.00608349  0.00069904
10 48 19 872592  0.00083303 -0.00620699 -0.00034142
10 48 19 892577  0.00218868  0.00059462 -0.00072241
10 48 19 917043 0.00117588 0.00498676 0.00043058
10 48 19 919226  6.67572021e-05  6.87885284e-03 -7.77244568e-04
10 48 19 940627 -0.00101233  0.00536251  0.00045252
10 48 19 964220 -0.00310993  0.00047112 -0.00119162
10 48 19 966548 -0.00246763 -0.00234699 -0.00019407
10 48 19 988483 -0.00328016 -0.00412464  0.00072718
10 48 20 84782 -3.38840485e-03 -5.47981262e-03 -6.62803650e-05
10 48 20 86389 -0.00478649 -0.00462437  0.00074148
10 48 20 88683 -0.00518894 -0.0039835  -0.00097322
10 48 20 91084 -4.00066376e-03 -4.88281250e-03  5.67436218e-05
10 48 20 93375 -0.00404644 -0.00927544 -0.00023556
10 48 20 95167 -3.82804871e-03 -6.43730164e-03 -4.91142273e-05
10 48 20 110959 -0.00219917  0.00025225 -0.00040293
10 48 20 115819  0.00065136  0.00407171 -0.00050735
10 48 20 133063 0.00198412 0.00250101 0.00178957
10 48 20 156924 0.00336027 0.00286865 0.00074148
10 48 20 158882 3.79133224e-03 4.37450409e-03 4.05311584e-05
10 48 20 181704  0.00325632  0.00481606 -0.00146389
10 48 20 204782  0.00113869  0.00285864 -0.001297  
10 48 20 206708 -0.00057888 -0.00064373 -0.00026894
10 48 20 229246 -0.00146389 -0.00412464  0.00086927
10 48 20 252772 -0.00275612 -0.00549507 -0.00043249
10 48 20 258178 -0.0050292  -0.00371885 -0.00047874
10 48 20 277548 -0.00508881 -0.00283194 -0.00065327
10 48 20 300793 -0.00194931 -0.0007391   0.00133371
10 48 20 302538 0.0024519  0.00247478 0.00065994
10 48 20 325626 0.00680304 0.00664854 0.00068808
10 48 20 351532  9.47618484e-03  8.15391541e-03 -8.86917114e-05
10 48 20 353800  0.01077795  0.00854492 -0.00043774
10 48 20 373361  0.00929689  0.00752687 -0.00044537
10 48 20 396541  0.0060482   0.00632334 -0.00112057
10 48 20 398251  0.00289917  0.00387955 -0.00068808
10 48 20 421842 -0.00069141  0.00096703  0.00033665
10 48 20 445161 -0.00269175 -0.00171041  0.00045204
10 48 20 447256 -0.00415707 -0.00460815  0.00064039
10 48 20 469399 -0.00453424 -0.00632238  0.00033712
10 48 20 493025 -4.86278534e-03 -5.38921356e-03 -2.76565552e-05
10 48 20 494811 -0.00292063 -0.00391817 -0.00020695
10 48 20 516918 -0.00049162 -0.00146914 -0.00032616
10 48 20 540974  0.00106525  0.00174665 -0.00018692
10 48 20 543917  0.00370312  0.00403023 -0.00020313
10 48 20 565684  4.89521027e-03  5.63335419e-03 -3.81469727e-06
10 48 20 588915 0.00554705 0.0057826  0.00018024
10 48 20 590741 0.00461006 0.00461006 0.00014877
10 48 20 613634  0.0033083   0.00287104 -0.0003438 
10 48 20 636491 -0.00017834  0.00047874 -0.00030804
10 48 20 638642 -0.00383472 -0.00320292 -0.00032806
10 48 20 660856 -0.00480509 -0.00446939 -0.00012732
10 48 20 685105 -0.00568914 -0.00612545  0.0004015 
10 48 20 687828 -0.0054493  -0.00656366  0.00011539
10 48 20 709558 -0.0058074  -0.00590515  0.0007062 
10 48 20 732399 -0.00412703 -0.0038085  -0.00039244
10 48 20 734481 -0.00185394 -0.00163651  0.00023842
10 48 20 757052  5.67436218e-05  1.58786774e-03 -1.43051147e-06
10 48 20 780832  0.00313044  0.00430775 -0.00059795
10 48 20 782929 0.0052371  0.00483942 0.00031757
10 48 20 812324 0.00569153 0.00495625 0.00060797
10 48 20 835125 4.82797623e-03 4.40263748e-03 3.19480896e-05
10 48 20 846464 -0.00406694  0.01835251  0.00994825
10 48 20 865535 -0.03293562  0.02481127  0.03990507
10 48 20 886332 -0.06118679  0.03831768  0.05937529
10 48 20 904531 -0.07505465  0.06309843  0.04747677
10 48 20 913743 -0.01498127  0.05213594  0.00724792
10 48 20 924178  0.00837374 -0.00350904 -0.00951147
10 48 20 926899  0.01886034 -0.01141119 -0.01001501
10 48 20 948595  0.00261593 -0.00909233 -0.0091424 
10 48 20 972009  0.02915764 -0.03047752  0.00449038
10 48 20 973713  0.0567894  -0.06664896 -0.01073599
10 48 20 996725  0.0609479  -0.07511711 -0.00674057
10 48 21 20527  0.04761791 -0.05553579  0.00218296
10 48 21 22988  0.0147872  -0.0066433   0.00833702
10 48 21 45167 -0.01831722  0.05770254  0.00732756
10 48 21 68041 -0.03603029  0.10266924 -0.00241518
10 48 21 70346 -0.02875185  0.09491777 -0.00461626
10 48 21 92396 -0.00818586  0.07506752  0.00921297
10 48 21 116259 0.01470947 0.03241634 0.00202274
10 48 21 118042  0.01560879 -0.01809454 -0.00314951
10 48 21 140319  0.01321363 -0.04702616 -0.00236559
10 48 21 163886  0.00094938 -0.0629611   0.00077677
10 48 21 166006 -0.00564623 -0.06297159 -0.01473284
10 48 21 188454  0.00116968 -0.04402018  0.00749493
10 48 21 285071  0.0038085  -0.05293655  0.02205896
10 48 21 286968 -0.00550556 -0.0548439   0.02546215
10 48 21 288665 -0.02547979 -0.05013371  0.03418732
10 48 21 290630 -0.0523901  -0.04447794  0.04819727
10 48 21 292864 -0.05038452 -0.01051998  0.05630255
10 48 21 294658 -0.04418564  0.02720594  0.08316088
10 48 21 308751 -0.05097723  0.07828283  0.13724995
10 48 21 310477 -0.09740877  0.01427889  0.19718456
10 48 21 340742 -0.06373119 -0.15778685  0.26315117
10 48 21 356714  0.05867863 -0.22918987  0.28278351
10 48 21 358364  0.15294409 -0.07060957  0.23385906
10 48 21 381492 0.1578083  0.06765747 0.1784687 
10 48 21 405011 0.09398222 0.06192589 0.15915775
10 48 21 407544 0.04380322 0.02181578 0.16148663
10 48 21 429130  0.03264475 -0.01253462  0.15592909
10 48 21 459398  0.05581617 -0.01574564  0.11965799
10 48 21 474778  0.09325981 -0.02022314  0.05625963
10 48 21 489656  0.11184072 -0.03125811 -0.00821066
10 48 21 516946  0.10986471 -0.05019474 -0.05864382
10 48 21 535577  0.09182644 -0.06410885 -0.09690332
10 48 21 547288  0.01080084 -0.08793688 -0.12079763
10 48 21 565826 -0.21263361 -0.11387587 -0.09175968
10 48 21 582769 -0.26970387 -0.09140396 -0.07837391
10 48 21 602615 -0.26943254 -0.09672499 -0.0568018 
10 48 21 629601 -0.2278142  -0.1141448  -0.06557894
10 48 21 653469 -0.16156673 -0.09312868 -0.09870625
10 48 21 676400 -0.053792   -0.03217554 -0.12298965
10 48 21 699558  0.02184725 -0.01496172 -0.10624599
10 48 21 726672  0.05097103  0.00784111 -0.06905031
10 48 21 750785  0.0566802   0.04312038 -0.03345728
10 48 21 767624  0.05298519  0.07479    -0.00040293
10 48 21 794855 0.05261993 0.0641408  0.01692247
10 48 21 818929 0.06434107 0.04245281 0.02488852
10 48 21 830430 0.07645512 0.03210831 0.01456594
10 48 21 854445  0.06846666  0.03986454 -0.00309753
10 48 21 867083  0.06073904  0.04737377 -0.02570438
10 48 21 889070  0.04108524  0.04330301 -0.04601145
10 48 21 911361  0.0471158   0.05361605 -0.07052994
10 48 21 929683  0.05619574  0.06994772 -0.10914469
10 48 21 950551  0.07342339  0.09118128 -0.13090563
10 48 21 977730  0.07836342  0.08331442 -0.11807442
10 48 22 3290  0.09080505  0.09696198 -0.1126771 
10 48 22 18790  0.09424114  0.09632492 -0.11492443
10 48 22 28341  0.08103991  0.09052706 -0.11442852
10 48 22 40355  0.05885553  0.06132269 -0.11675406
10 48 22 57710  0.04145575  0.04239321 -0.11592579
10 48 22 78351  0.01382446  0.01955128 -0.11334658
10 48 22 99822  0.01121569 -0.00492096 -0.11455297
