10 48 9 477396 -0.05514431  0.05444956  0.99871802
10 48 9 479229 -0.05197191  0.05316496  0.99099445
10 48 9 481030 -0.04690218  0.05290866  0.98757148
10 48 9 482796 -0.05413437  0.05081415  0.99343824
10 48 9 484571 -0.06158257  0.04895496  1.00798416
10 48 9 486326 -0.06073856  0.04810834  1.00939012
10 48 9 501643 -0.06455779  0.04471922  1.00357628
10 48 9 525172 -0.05725145  0.04376554  1.00114274
10 48 9 527620 -0.05749631  0.04759741  0.9983604 
10 48 9 549157 -0.0531249   0.05623317  0.99904203
10 48 9 573202 -0.05130887  0.05264664  0.9963119 
10 48 9 576120 -0.05598211  0.04689026  0.99735975
10 48 9 598012 -0.05620766  0.04934573  0.99710894
10 48 9 620816 -0.05575204  0.05092025  0.99842691
10 48 9 624991 -0.06028843  0.05142999  1.00344062
10 48 9 645574 -0.0558269   0.04637432  1.00074625
10 48 9 668611 -0.05586743  0.04829955  0.9965589 
10 48 9 670430 -0.05575991  0.0476675   0.99818516
10 48 9 693763 -0.05598378  0.05203986  0.99924922
10 48 9 718801 -0.05678749  0.04918504  1.00020671
10 48 9 721499 -0.05676365  0.04803205  0.99722719
10 48 9 741490 -0.05544925  0.0492115   1.00082994
10 48 9 764857 -0.05776763  0.04986954  1.00170779
10 48 9 767246 -0.05764937  0.0502336   1.00374985
10 48 9 789531 -0.05646253  0.04859209  0.9995954 
10 48 9 812823 -0.05762935  0.04893994  0.99992061
10 48 9 814995 -0.05472279  0.04808235  0.998245  
10 48 9 837898 -0.05755711  0.05258369  1.00011492
10 48 9 860350 -0.05614424  0.0523932   0.99817491
10 48 9 862292 -0.05659676  0.05117774  1.00050235
10 48 9 885465 -0.05874825  0.05188942  1.0008204 
10 48 9 908562 -0.05763173  0.05066013  1.0015614 
10 48 9 910724 -0.05658364  0.04631233  0.99750471
10 48 9 933300 -0.05500889  0.04733658  0.99986625
10 48 9 956799 -0.05345273  0.05007863  0.99856424
10 48 9 959215 -0.05371809  0.05229163  1.00060534
10 48 9 981862 -0.07762361  0.03925443  0.99966478
10 48 10 5112 -0.06462574  0.04096913  1.00301528
10 48 10 7338 -0.04458976  0.0343771   0.99879241
10 48 10 29447 -0.0150876   0.06247115  0.98007917
10 48 10 53269 -0.08151031  0.0557847   1.00598502
10 48 10 55291 -0.06497359  0.05126095  1.01946211
10 48 10 77959 -0.08502793  0.0496366   1.0092454 
10 48 10 100618 -0.05259895  0.02152514  0.96018362
10 48 10 103468 -0.02906799  0.0260787   0.97366047
10 48 10 124937 -0.04403925  0.0785296   1.03177619
10 48 10 148882 -0.0919807   0.07613206  1.04020739
10 48 10 150868 -0.06731987  0.05433035  1.00364804
10 48 10 172675 -0.03663039  0.03599501  0.96221352
10 48 10 196814 -0.064394    0.04617     0.98482132
10 48 10 198694 -0.0327971   0.05976987  1.00648856
10 48 10 221183 -0.04876494  0.06833911  1.00951409
10 48 10 244207 -0.06975532  0.05652571  1.00399685
10 48 10 246001 -0.06223798  0.03850222  1.00091434
10 48 10 268631 -0.05836511  0.04489684  0.99802709
10 48 10 292671 -0.05790186  0.05673981  0.99817133
10 48 10 295506 -0.05087233  0.05906296  1.00593638
10 48 10 316658 -0.05403996  0.05103993  1.00109053
10 48 10 340392 -0.06211495  0.04469633  0.99379563
10 48 10 342982 -0.05028439  0.04253149  0.99446392
10 48 10 364359 -0.06092215  0.05418539  1.00650525
10 48 10 388484 -0.0557394   0.05645585  1.00717115
10 48 10 390646 -0.05605555  0.04975605  0.99817777
10 48 10 413006 -0.05739117  0.04941726  0.99254441
10 48 10 436196 -0.05971527  0.04914498  0.99299455
10 48 10 438902 -0.0521338   0.05391717  0.99625611
10 48 10 460844 -0.05746651  0.0512588   0.9994514 
10 48 10 557376 -0.05291915  0.0515902   0.99964499
10 48 10 560142 -0.05428791  0.0469501   0.99947929
10 48 10 563496 -0.0599556   0.05119967  0.99949598
10 48 10 566076 -0.0603168   0.05165887  1.00319076
10 48 10 568859 -0.05431366  0.05361128  1.00398874
10 48 10 571108 -0.05524778  0.05016303  0.99598598
10 48 10 573041 -0.05443788  0.04663801  0.99565363
10 48 10 589241 -0.05295038  0.04929399  0.99644303
10 48 10 608224 -0.0574708   0.05186653  1.00013471
10 48 10 611263 -0.05555201  0.05018377  0.99983215
10 48 10 629111 -0.05585337  0.04990649  0.99443555
10 48 10 664252 -0.05872679  0.04714632  1.00078297
10 48 10 687282 -0.05739975  0.04936743  1.00034857
10 48 10 701649 -0.0579257   0.05127287  0.99766612
10 48 10 714408 -0.05763149  0.04812407  0.9950819 
10 48 10 716767 -0.05704093  0.05095744  0.99762082
10 48 10 725613 -0.05622602  0.05184698  0.99731994
10 48 10 748935 -0.05749607  0.0525825   0.99677944
10 48 10 751723 -0.0567584   0.04869413  0.99791121
10 48 10 773199 -0.06197643  0.04978251  1.0010035 
10 48 10 796913 -0.05489516  0.05012035  0.9952271 
10 48 10 799031 -0.05583572  0.05239916  1.00348449
10 48 10 821034 -0.0619545   0.04868364  0.99748826
10 48 10 845324 -0.05450416  0.05148292  0.99667287
10 48 10 848295 -0.05687547  0.05088353  1.00270796
10 48 10 869655 -0.06111598  0.04790354  1.00788188
10 48 10 894859 -0.05894423  0.05240631  1.00501966
10 48 10 898487 -0.06237817  0.0497911   0.99654698
10 48 10 917721 -0.05739808  0.05164671  0.99602151
10 48 10 941034 -0.06104708  0.05049109  0.99592829
10 48 10 943154 -0.06240106  0.05446959  0.99371052
10 48 10 965643 -0.06117749  0.05595708  0.99329376
10 48 10 988645 -0.05701327  0.0530386   0.99347925
10 48 10 990697 -0.05615616  0.05465722  1.00030661
10 48 11 13173 -0.05757689  0.05029488  1.00042868
10 48 11 36377 -0.05723143  0.04934883  0.99713874
10 48 11 39077 -0.05460715  0.05002236  1.00197029
10 48 11 61430 -0.05321527  0.05338144  1.00294447
10 48 11 85045 -0.05579424  0.04925466  0.99946761
10 48 11 87583 -0.05688953  0.04983354  1.0010519 
10 48 11 109058 -0.06023622  0.05157161  1.00150347
10 48 11 132803 -0.05841708  0.05224419  0.99792814
10 48 11 135127 -0.05815792  0.05648279  0.99701929
10 48 11 156790 -0.0577662   0.05075264  0.99872828
10 48 11 158046 -0.05869985  0.04781771  0.99492741
10 48 11 181583 -0.05974817  0.05038834  0.99270868
10 48 11 204244 -0.05626965  0.05263042  0.99639249
10 48 11 206253 -0.05763078  0.05323887  0.99865866
10 48 11 234396 -0.05794692  0.05264878  0.99916339
10 48 11 252714 -0.05789065  0.05061698  0.99496317
10 48 11 255493 -0.05458283  0.0512712   1.0017345 
10 48 11 277575 -0.05502963  0.05108047  1.00047135
10 48 11 300211 -0.05629897  0.0515542   1.00185394
10 48 11 304707 -0.05832791  0.04891729  1.00125647
10 48 11 324546 -0.05762863  0.04974294  0.99989629
10 48 11 350305 -0.05791283  0.05113912  1.00364852
10 48 11 352938 -0.05994105  0.05210352  0.99889421
10 48 11 374383 -0.05756545  0.05063391  1.00092745
10 48 11 400111 -0.06221557  0.05339289  0.99762201
10 48 11 417012 -0.05774641  0.0526123   0.99425173
10 48 11 434235 -0.05961585  0.05265164  0.99655294
10 48 11 456503 -0.05915618  0.0530839   0.99855137
10 48 11 481544 -0.05997419  0.04977703  1.00039625
10 48 11 497366 -0.05564785  0.0539608   1.00091386
10 48 11 511953 -0.05926585  0.05169511  1.00219798
10 48 11 531438 -0.05909681  0.05124927  1.00226045
10 48 11 544270 -0.05767822  0.05094314  1.00318265
10 48 11 571722 -0.05762887  0.05157614  1.00133252
10 48 11 599045 -0.05819798  0.05056596  1.00087214
10 48 11 622746 -0.05995131  0.0521431   0.99874234
10 48 11 644919 -0.05963826  0.05474901  0.99924302
10 48 11 666960 -0.05965829  0.05271316  0.99556684
10 48 11 686850 -0.05882215  0.05142164  0.99644399
10 48 11 709204 -0.05861998  0.05365133  0.99629569
10 48 11 711566 -0.06084085  0.05402756  0.9975872 
10 48 11 713883 -0.05964661  0.05480647  1.00160289
10 48 11 715918 -0.05824184  0.05037498  0.99614692
10 48 11 717852 -0.06096435  0.05068755  1.00010109
10 48 11 719477 -0.05568886  0.05306745  1.00519228
10 48 11 732684 -0.05729604  0.05327153  0.9998188 
10 48 11 734293 -0.05548644  0.05166578  0.9991951 
10 48 11 757885 -0.06178784  0.05265713  0.99654055
10 48 11 788750 -0.05927992  0.05307436  0.9962275 
10 48 11 803056 -0.05834556  0.05336499  1.00155783
10 48 11 820971 -0.05745816  0.052531    1.00023365
10 48 11 836201 -0.05902267  0.0507195   0.99654937
10 48 11 854243 -0.05849648  0.05149317  0.9961729 
10 48 11 873055 -0.05703807  0.04920483  1.00022554
10 48 11 889807 -0.05894637  0.05308986  0.99956727
10 48 11 905080 -0.05594397  0.05434203  0.99925184
10 48 11 925439 -0.05694222  0.04821324  0.99755883
10 48 11 949376 -0.05637312  0.05186558  0.99791098
10 48 11 988549 -0.06111431  0.0518918   1.00475192
10 48 12 26222 -0.06010175  0.05249977  1.00445151
10 48 12 55019 -0.06275702  0.04915643  1.00299549
10 48 12 70143 -0.05868387  0.04627252  1.00133109
10 48 12 92109 -0.06085944  0.04988551  1.00099874
10 48 12 118059 -0.06052613  0.05187988  1.00124002
10 48 12 138840 -0.05596614  0.05502892  0.99428415
10 48 12 154846 -0.06000447  0.05355191  0.99550366
10 48 12 174489 -0.056247    0.05633974  0.99899077
10 48 12 184050 -0.05896878  0.05634308  0.99716663
10 48 12 187348 -0.06010008  0.05435801  0.99976468
10 48 12 190884 -0.06075931  0.04982591  0.99935722
10 48 12 193505 -0.05996585  0.04660344  0.99736261
10 48 12 196799 -0.05973554  0.05091071  1.00124359
10 48 12 199186 -0.05576253  0.04958057  1.0004499 
10 48 12 201400 -0.06183887  0.05260754  1.0048728 
10 48 12 203773 -0.05848908  0.05326962  1.00116992
10 48 12 214132 -0.05953312  0.05048633  1.00190449
10 48 12 215917 -0.05794072  0.04874516  0.99776006
10 48 12 236494 -0.05943036  0.05482984  0.99635267
10 48 12 238955 -0.05640125  0.05013227  0.99545741
10 48 12 260896 -0.0582974   0.05240488  0.99399924
10 48 12 284481 -0.05666971  0.05228496  0.99698067
10 48 12 286399 -0.05879927  0.0524981   0.99735904
10 48 12 309086 -0.05782461  0.05178547  1.00227976
10 48 12 332595 -0.05658031  0.05008721  1.00122595
10 48 12 335116 -0.05712676  0.05038619  1.00176549
10 48 12 357047 -0.05887413  0.04967165  0.99912   
10 48 12 380452 -0.0591383   0.05211592  0.99997616
10 48 12 382539 -0.0585649   0.05486369  1.00012875
10 48 12 405206 -0.05999613  0.04930139  0.99855709
10 48 12 429878 -0.05788422  0.04972482  1.00114322
10 48 12 432345 -0.0612731   0.04849982  1.00000262
10 48 12 453257 -0.06014538  0.05192184  0.99655342
10 48 12 476785 -0.05988073  0.05142522  0.99594498
10 48 12 479366 -0.05818748  0.05088377  0.99585104
10 48 12 500872 -0.05820203  0.04964495  0.9976275 
10 48 12 524873 -0.05698895  0.05431414  0.99668598
10 48 12 527126 -0.06088591  0.05276346  0.99890423
10 48 12 549050 -0.05576158  0.05095816  1.00211716
10 48 12 572577 -0.05850387  0.05043459  1.00294042
10 48 12 575296 -0.05894423  0.05380368  1.00132442
10 48 12 608196 -0.05916142  0.05016208  0.9993844 
10 48 12 619998 -0.0558064   0.05218148  0.99863052
10 48 12 621905 -0.06091738  0.04984474  0.99723291
10 48 12 644694 -0.06283903  0.05209303  0.99972701
10 48 12 668251 -0.07016969  0.04328918  1.00182033
10 48 12 670610 -0.07266665  0.06415439  1.01936913
10 48 12 692434 -0.02946973  0.05814052  0.99216437
10 48 12 716471 -0.02747583  0.07374382  0.98704815
10 48 12 719745 -0.05034089  0.08948278  1.00690126
10 48 12 740861 -0.04893041  0.07954907  1.00068617
10 48 12 764256 -0.05139923  0.07693863  0.99942327
10 48 12 766829 -0.0463891   0.06049657  0.98422265
10 48 12 788365 -0.0589118   0.04819393  0.98759294
10 48 12 812471 -0.05189323  0.05262589  1.00315022
10 48 12 814725 -0.05127287  0.05823588  1.00204778
10 48 12 836005 -0.05196667  0.05612397  1.0017612 
10 48 12 837769 -0.03753781  0.06687784  1.00072908
10 48 12 934492 -0.04215884  0.0707221   1.00058866
10 48 12 936793 -0.05404687  0.07313323  1.00556755
10 48 12 938585 -0.03784919  0.07603312  0.99937725
10 48 12 940240 -0.03508425  0.07685018  0.98900962
10 48 12 942073 -0.04276371  0.07790232  0.99545479
10 48 12 943712 -0.0483768   0.07876229  1.00787902
10 48 12 957332 -0.05359626  0.07720017  1.00844836
10 48 12 981452 -0.05420232  0.07594848  0.9940114 
10 48 12 983622 -0.05503654  0.07202196  0.98733139
10 48 13 5337 -0.05294371  0.07155156  0.98986626
10 48 13 28897 -0.05575371  0.06847048  0.99272823
10 48 13 31019 -0.04960322  0.06911707  0.98664427
10 48 13 53743 -0.0453918   0.06692243  0.99200749
10 48 13 78207 -0.05337715  0.06760764  1.00082946
10 48 13 83591 -0.06177211  0.06597877  1.01395845
10 48 13 100986 -0.06307316  0.0665803   1.01410341
10 48 13 125347 -0.05604887  0.06414318  1.00643277
10 48 13 127801 -0.0474422   0.06297255  0.99057674
10 48 13 149118 -0.04893422  0.06498265  0.99243069
10 48 13 150598 -0.04753137  0.06492305  0.99517512
10 48 13 175422 -0.05888414  0.06546545  0.99722886
10 48 13 197349 -0.06128287  0.06864452  0.99718595
10 48 13 200013 -0.06200624  0.06713843  0.99710822
10 48 13 222140 -0.0574801   0.06626892  0.99900341
10 48 13 244630 -0.05609846  0.0643723   0.99363232
10 48 13 246714 -0.05944824  0.06817555  0.99405003
10 48 13 269324 -0.05932498  0.06228995  0.99665213
10 48 13 292895 -0.06223798  0.06488371  0.99451447
10 48 13 294760 -0.06564665  0.06380916  1.00035071
10 48 13 317405 -0.05542684  0.06286645  1.00378251
10 48 13 340838 -0.06006742  0.06363821  1.00125265
10 48 13 343333 -0.06059694  0.06107783  0.99958777
10 48 13 364995 -0.06042528  0.06138492  0.99997973
10 48 13 389897 -0.06147385  0.06454849  1.00040221
10 48 13 392153 -0.06156969  0.0631566   0.99889684
10 48 13 413312 -0.06526375  0.06323051  0.99820185
10 48 13 436334 -0.06238031  0.06185579  0.99344158
10 48 13 437929 -0.06015325  0.06512308  0.99492097
10 48 13 461029 -0.05914545  0.0647769   0.99683857
10 48 13 484709 -0.06573486  0.06502843  0.99681234
10 48 13 486648 -0.06474972  0.06378078  0.99661398
10 48 13 509501 -0.06151843  0.06297135  0.99627399
10 48 13 532350 -0.06046224  0.06596255  0.99862099
10 48 13 534307 -0.06333375  0.06648111  0.99802303
10 48 13 556775 -0.06660795  0.06398916  1.00437641
10 48 13 591548 -0.06642246  0.06273246  1.00259876
10 48 13 603303 -0.06476688  0.06148648  0.99543619
10 48 13 620920 -0.06531024  0.06225061  0.99532032
10 48 13 636487 -0.07048583  0.06108856  0.99817157
10 48 13 655703 -0.07106972  0.0625689   0.99822831
10 48 13 679091 -0.06688476  0.06255651  0.9985404 
10 48 13 695177 -0.06643391  0.06060886  0.9966867 
10 48 13 705136 -0.06644177  0.06217885  0.99695086
10 48 13 720835 -0.06838727  0.06088996  0.99674559
10 48 13 735748 -0.06760836  0.06339836  0.99671292
10 48 13 751631 -0.07258511  0.05872846  0.99857759
10 48 13 772198 -0.07150578  0.06033659  1.00126147
10 48 13 788086 -0.07422423  0.0630126   1.00125885
10 48 13 803963 -0.0706346   0.06187797  0.99900723
10 48 13 824633 -0.06750941  0.06140304  0.99898624
10 48 13 849393 -0.0693469   0.06204557  1.00031233
10 48 13 865394 -0.07058787  0.0622015   1.00018001
10 48 13 881164 -0.07572365  0.06443024  0.99707317
10 48 13 899513 -0.07373548  0.05736208  0.99438691
10 48 13 909771 -0.07215309  0.06026983  0.99955368
10 48 13 929265 -0.07323909  0.06238461  1.00010085
10 48 13 951272 -0.06818604  0.06124282  0.99746847
10 48 13 974239 -0.06720805  0.05499196  0.99296975
10 48 14 3047 -0.07050252  0.055861    0.99618411
10 48 14 29394 -0.07625008  0.05623436  1.00271249
10 48 14 55893 -0.07534027  0.05787802  1.00094533
10 48 14 89549 -0.07283473  0.05633712  0.99972272
10 48 14 121651 -0.07347488  0.0509584   0.99472356
10 48 14 147645 -0.07354975  0.05285358  0.99735188
10 48 14 158631 -0.07700682  0.05520535  0.99940753
10 48 14 178555 -0.0710578   0.05664778  0.9963429 
10 48 14 201315 -0.07245708  0.05265093  0.99483347
10 48 14 204992 -0.07425618  0.05113268  0.99271274
10 48 14 207674 -0.07487583  0.05299139  0.99743891
10 48 14 209980 -0.07586074  0.04537749  0.99811363
10 48 14 212455 -0.07596564  0.04784083  0.99924421
10 48 14 214677 -0.0768311   0.04744625  0.99837947
10 48 14 216875 -0.07989454  0.0502739   1.00463796
10 48 14 218608 -0.08271742  0.05031705  1.0039351 
10 48 14 221635 -0.08141613  0.04814672  1.00155759
10 48 14 225157 -0.0845511   0.04196835  0.99751258
10 48 14 228885 -0.09054756  0.04478812  1.00050688
10 48 14 231502 -0.07372546  0.04581761  1.00035715
10 48 14 254000 -0.06033516  0.0522635   0.9944098 
10 48 14 287353 -0.05827498  0.05988932  0.98876619
10 48 14 308618 -0.05552149  0.06082559  0.98830462
10 48 14 313620 -0.05688596  0.05218935  0.99110103
10 48 14 317334 -0.06801081  0.05660939  0.99431992
10 48 14 325829 -0.07288218  0.06263423  1.00408912
10 48 14 348929 -0.06932354  0.06396556  1.01542687
10 48 14 351081 -0.06782079  0.06401181  1.00969648
10 48 14 374236 -0.06347108  0.0642705   1.00033998
10 48 14 397384 -0.06144285  0.06541061  0.99438238
10 48 14 400999 -0.06288457  0.06663799  0.99663162
10 48 14 421300 -0.06619835  0.06934762  0.99322081
10 48 14 450491 -0.07012367  0.06397676  0.99084759
10 48 14 452617 -0.06833267  0.06520081  0.99352646
10 48 14 470073 -0.07574868  0.06626058  1.00178599
10 48 14 492751 -0.06674671  0.06473184  0.9991188 
10 48 14 495355 -0.07034373  0.0581913   0.99372458
10 48 14 517290 -0.0771296   0.05803084  0.99495935
10 48 14 541190 -0.07812238  0.05780458  1.00565457
10 48 14 543831 -0.07921004  0.05508304  1.00294089
10 48 14 565655 -0.07278705  0.05649042  1.00254059
10 48 14 588530 -0.06844044  0.05529022  0.99770045
10 48 14 590350 -0.07006979  0.05799842  0.99931407
10 48 14 612943 -0.07209945  0.06229782  0.99576879
10 48 14 636699 -0.07624149  0.06207108  0.99830151
10 48 14 639028 -0.07468605  0.06057525  0.99731731
10 48 14 660926 -0.07776403  0.05652022  0.99727845
10 48 14 663310 -0.08398199  0.05627179  0.99807787
10 48 14 684897 -0.07878375  0.05895758  1.0013938 
10 48 14 708374 -0.07417154  0.0526638   0.99655437
10 48 14 710008 -0.06932831  0.05234456  0.98951721
10 48 14 732933 -0.07469845  0.05243945  0.99102592
10 48 14 768087 -0.07902074  0.05035138  1.00106692
10 48 14 785218 -0.08022714  0.05019379  1.00133514
10 48 14 805931 -0.07915688  0.04881358  1.00129867
10 48 14 832024 -0.0774343   0.05054045  1.00307894
10 48 14 857275 -0.07363105  0.04747081  1.00094199
10 48 14 876380 -0.0738225   0.04836369  0.99555326
10 48 14 895421 -0.07398844  0.05248547  0.996979  
10 48 14 907948 -0.07940722  0.04923224  0.99563003
10 48 14 927495 -0.08117461  0.05151463  0.99758005
10 48 14 950249 -0.0771575   0.04747534  0.99553299
10 48 14 967588 -0.07803798  0.04655933  0.99399662
10 48 14 978165 -0.07910132  0.04567599  0.99681044
10 48 14 997751 -0.07745433  0.04838228  0.9995029 
10 48 15 23363 -0.07560921  0.04452229  1.000561  
10 48 15 47734 -0.07748723  0.04514909  0.99471998
10 48 15 62681 -0.07912683  0.04287362  0.99495864
10 48 15 88082 -0.07877016  0.04460859  0.99562049
10 48 15 110024 -0.07631326  0.04441261  0.99928331
10 48 15 123299 -0.07437396  0.04065537  0.99744177
10 48 15 143921 -0.0804956   0.04268479  0.99942923
10 48 15 167949 -0.08448291  0.04176545  1.00200105
10 48 15 184941 -0.07522583  0.04876161  1.00302839
10 48 15 199994 -0.07724285  0.04536891  0.99959588
10 48 15 218768 -0.07523608  0.04073095  0.99544144
10 48 15 229378 -0.07436109  0.03981495  0.99257469
10 48 15 246502 -0.07666445  0.04244781  0.99219966
10 48 15 262465 -0.08207536  0.04280758  1.00065923
10 48 15 284741 -0.08288836  0.04483366  1.00844765
10 48 15 294473 -0.0755558   0.03872323  1.00067234
10 48 15 312776 -0.07652283  0.03796434  0.99758077
10 48 15 335307 -0.07154489  0.03867316  0.99970293
10 48 15 352547 -0.07052898  0.04513264  1.00242066
10 48 15 367728 -0.07299662  0.04415989  0.99550819
10 48 15 395226 -0.0691011   0.04362583  0.99663734
10 48 15 414229 -0.06914401  0.04811978  1.00529146
10 48 15 432581 -0.07718062  0.05367732  1.00953531
10 48 15 457604 -0.07094193  0.05238104  1.00136709
10 48 15 473096 -0.06412578  0.04800391  0.99043417
10 48 15 486477 -0.06449032  0.04701328  0.98692083
10 48 15 489107 -0.06400681  0.050385    0.99415731
10 48 15 491652 -0.06533527  0.0546205   0.99776626
10 48 15 493580 -0.06992078  0.05123997  1.0018878 
10 48 15 495321 -0.07039714  0.04191542  0.99941659
10 48 15 497304 -0.06805182  0.03459024  0.99569154
10 48 15 499266 -0.06269145  0.03685856  0.996387  
10 48 15 501333 -0.07098556  0.04302645  1.00650001
10 48 15 504336 -0.06918836  0.04670882  1.00938058
10 48 15 506714 -0.0757246   0.04304719  1.00427365
10 48 15 525031 -0.07264733  0.03628826  0.99907064
10 48 15 527181 -0.06861258  0.04190397  0.99371719
10 48 15 549225 -0.06682396  0.04405069  0.99351192
10 48 15 572938 -0.06978583  0.04362297  0.9960227 
10 48 15 574604 -0.06978536  0.04016519  0.995929  
10 48 15 597029 -0.07423615  0.04235482  0.99921656
10 48 15 621456 -0.07655334  0.04285789  1.00251126
10 48 15 623774 -0.07140613  0.04262495  1.00236082
10 48 15 645798 -0.07383037  0.04081798  1.00148344
10 48 15 669015 -0.07130766  0.03475571  0.99788284
10 48 15 670751 -0.07056499  0.03774285  1.00113034
10 48 15 693194 -0.06828737  0.04333878  1.00370193
10 48 15 729493 -0.0680995   0.04169822  0.99685383
10 48 15 741456 -0.0651052   0.04300117  0.99584174
10 48 15 760671 -0.06900358  0.04648709  0.99944854
10 48 15 785481 -0.06846762  0.05520511  1.002455  
10 48 15 811460 -0.05877495  0.05577636  1.00005412
10 48 15 837551 -0.05992341  0.05287147  0.99224782
10 48 15 858503 -0.05874562  0.05555964  0.99363947
10 48 15 866096 -0.05498481  0.0634203   0.997823  
10 48 15 868690 -0.0578301   0.06660056  0.99753189
10 48 15 871457 -0.06154704  0.07128119  1.00269175
10 48 15 874215 -0.06805444  0.06707001  1.00475287
10 48 15 885041 -0.06106925  0.06407475  0.99855494
10 48 15 908965 -0.04670453  0.06958222  0.99466348
10 48 15 911200 -0.05272937  0.06814027  0.99272084
10 48 15 932895 -0.04651737  0.05751562  0.9887991 
10 48 15 956390 -0.05419993  0.06903577  0.99985623
10 48 15 958353 -0.06189418  0.08264136  1.01178503
10 48 15 981557 -0.05293655  0.07576036  1.0074935 
10 48 16 4317 -0.0477643   0.06931114  0.99774909
10 48 16 6323 -0.0609839   0.05902267  0.98753977
10 48 16 29087 -0.05624533  0.06866693  0.9925344 
10 48 16 52202 -0.05996704  0.07680297  1.00620127
10 48 16 53879 -0.06508541  0.07042956  0.9993515 
10 48 16 77425 -0.06558681  0.06784296  0.99256706
10 48 16 100431 -0.05888605  0.06186819  0.98826456
10 48 16 102361 -0.05615282  0.06853294  0.9940486 
10 48 16 125578 -0.05423665  0.0758965   0.99881911
10 48 16 148261 -0.05706692  0.07320547  0.99817872
10 48 16 150231 -0.05792522  0.0677917   0.99596047
10 48 16 175581 -0.06415391  0.06634355  0.99770808
10 48 16 196151 -0.06426001  0.07210565  1.00448394
10 48 16 197992 -0.06525421  0.07715702  1.0074532 
10 48 16 221308 -0.06825733  0.0692842   1.00599957
10 48 16 244350 -0.06338716  0.06765652  0.99460196
10 48 16 247124 -0.06185555  0.06804729  0.98992205
10 48 16 269173 -0.06565952  0.06942225  0.9845562 
10 48 16 292159 -0.06089163  0.06565857  0.98862696
10 48 16 294095 -0.06714201  0.06536984  0.99318647
10 48 16 316482 -0.06903124  0.0624342   0.99805546
10 48 16 340103 -0.07090831  0.06614208  1.00664377
10 48 16 343702 -0.07047582  0.0706861   1.01132941
10 48 16 364889 -0.0703814   0.07170844  1.00226259
10 48 16 391770 -0.06571865  0.06063247  0.99363637
10 48 16 401311 -0.06877327  0.05696011  0.98899317
10 48 16 412897 -0.06456447  0.06057119  0.99419355
10 48 16 436000 -0.07205343  0.0664916   1.00319076
10 48 16 438634 -0.06960273  0.0671823   0.99779439
10 48 16 534286 -0.07491779  0.05648613  0.99185038
10 48 16 537131 -0.07199121  0.05056834  0.9901526 
10 48 16 539991 -0.07743382  0.06305599  1.00654721
10 48 16 543060 -0.07554984  0.06994224  1.00805402
10 48 16 545169 -0.07095718  0.06396294  0.99999738
10 48 16 547313 -0.06889534  0.05837846  0.9869771 
10 48 16 557421 -0.06566668  0.05151224  0.98782611
10 48 16 581346 -0.07207799  0.05792284  0.99821925
10 48 16 584146 -0.07650661  0.06035185  1.00410676
10 48 16 605850 -0.07896185  0.05447292  1.00638866
10 48 16 629396 -0.08015513  0.05674624  1.00346422
10 48 16 633168 -0.07791471  0.05796027  0.99714518
10 48 16 653412 -0.07889843  0.05484724  0.9952271 
10 48 16 676899 -0.07272029  0.05983114  0.99438715
10 48 16 679020 -0.07281971  0.05974674  0.99074721
10 48 16 702758 -0.07564235  0.05790591  0.9895823 
10 48 16 725106 -0.0766921   0.05599117  0.99333167
10 48 16 729680 -0.07976794  0.05739975  1.00246215
10 48 16 749937 -0.07380033  0.06107855  1.00413203
10 48 16 774438 -0.07267118  0.05992675  0.99983954
10 48 16 777303 -0.07129359  0.06138802  1.00216866
10 48 16 810300 -0.06779909  0.06079507  0.99315047
10 48 16 829437 -0.06335735  0.06169844  0.99354458
10 48 16 837803 -0.06611657  0.06167722  0.99574542
10 48 16 847801 -0.07655859  0.07563329  1.00550985
10 48 16 868729 -0.08249187  0.07098985  1.00381875
10 48 16 870754 -0.07983398  0.0489316   0.99052429
10 48 16 906394 -0.06755543  0.05956411  0.98682761
10 48 16 923333 -0.08491731  0.03923273  0.98136187
10 48 16 941643 -0.08277559  0.03623343  0.99288082
10 48 16 964945 -0.08910394  0.05572152  1.01334834
10 48 16 981810 -0.09307265  0.064785    1.01914144
10 48 16 990846 -0.06890416  0.0619185   1.00226259
10 48 17 8185 -0.07253242  0.03180337  0.97790623
10 48 17 29267 -0.0843091   0.0460999   0.99248219
10 48 17 52571 -0.05485964  0.07678032  1.00729108
10 48 17 70393 -0.07105207  0.04684186  0.98118711
10 48 17 96002 -0.09169602  0.03900576  0.9930048 
10 48 17 120719 -0.09242082  0.04442835  1.01835966
10 48 17 135905 -0.08079195  0.0596149   1.01808143
10 48 17 146836 -0.07372832  0.04801559  0.9869287 
10 48 17 170678 -0.07832742  0.03803945  0.98104906
10 48 17 195557 -0.07092643  0.03708291  0.98517919
10 48 17 216265 -0.07740259  0.04435039  0.99203825
10 48 17 242754 -0.07223034  0.06455684  1.00696898
10 48 17 265578 -0.06001687  0.07740593  1.01366043
10 48 17 283051 -0.06365156  0.08431172  1.00917482
10 48 17 293134 -0.06327105  0.06246996  0.98982811
10 48 17 310710 -0.05017328  0.05922174  0.98278594
10 48 17 326315 -0.06747055  0.069098    0.9910934 
10 48 17 351001 -0.07355285  0.08402872  1.00788236
10 48 17 361173 -0.07062268  0.08261108  1.00436282
10 48 17 378601 -0.0690167   0.07164645  0.99414206
10 48 17 402394 -0.06695342  0.06502986  0.98409128
10 48 17 418277 -0.06905413  0.06147504  0.9870584 
10 48 17 430411 -0.07695937  0.06670284  0.99356008
10 48 17 449914 -0.07460737  0.06297874  0.99583745
10 48 17 460686 -0.07250524  0.05956244  0.99753976
10 48 17 477940 -0.07215047  0.05773425  1.00064063
10 48 17 501874 -0.07792592  0.064852    1.00873208
10 48 17 529581 -0.07627821  0.06085587  1.00608325
10 48 17 545353 -0.08208656  0.04010248  0.99551749
10 48 17 555509 -0.06993461  0.05782104  0.99776697
10 48 17 558898 -0.07793236  0.05797529  0.9985559 
10 48 17 560886 -0.08066344  0.04913378  0.99850512
10 48 17 563037 -0.07346416  0.05741668  0.99711251
10 48 17 565502 -0.08820343  0.05260277  0.99642038
10 48 17 568088 -0.0795145   0.0561533   1.00142598
10 48 17 570350 -0.07572508  0.04553437  0.9952383 
10 48 17 572528 -0.07552505  0.05088043  0.99060512
10 48 17 574414 -0.07135916  0.05733061  0.99466896
10 48 17 589131 -0.07874346  0.05323863  1.00126815
10 48 17 614388 -0.07585382  0.05186296  0.99864626
10 48 17 616861 -0.07373738  0.04927397  0.99591589
10 48 17 709282 -0.07838726  0.05095506  1.00224257
10 48 17 710974 -0.07669306  0.04944682  1.00376105
10 48 17 712889 -0.07946348  0.05059695  1.00392199
10 48 17 714953 -0.07349777  0.05192661  0.99666929
10 48 17 717050 -0.07381344  0.05106544  0.997334  
10 48 17 718833 -0.07348442  0.05137229  0.99931931
10 48 17 732694 -0.07406425  0.04914904  0.99784279
10 48 17 734444 -0.07612967  0.05276918  0.99665833
10 48 17 757892 -0.07702112  0.05144811  0.99953866
10 48 17 781468 -0.07312584  0.05117846  1.00020742
10 48 17 784374 -0.07356596  0.05266166  0.99438286
10 48 17 805522 -0.07140231  0.05089545  0.99654198
10 48 17 828941 -0.07448101  0.05248523  0.99610209
10 48 17 830985 -0.07575202  0.05267477  1.00029659
10 48 17 869458 -0.07320189  0.05745935  1.0015974 
10 48 17 885674 -0.07087636  0.05675125  1.00052786
10 48 17 888577 -0.07204747  0.05701423  1.00181174
10 48 17 901478 -0.07097888  0.0546329   1.00079179
10 48 17 924632 -0.07490206  0.05875421  0.99883437
10 48 17 926542 -0.06947041  0.05700874  0.99512839
10 48 17 949084 -0.06833267  0.0556829   0.99528027
10 48 17 972658 -0.06896901  0.06126213  0.99700832
10 48 17 974766 -0.06910539  0.05893278  1.00144196
10 48 17 999509 -0.0702672   0.0597775   0.99934196
10 48 18 20802 -0.06949973  0.05963087  0.99733686
10 48 18 22723 -0.06782246  0.05891299  0.99561167
10 48 18 45214 -0.0661447   0.05624008  0.99766874
10 48 18 68558 -0.06869769  0.06160498  1.0001359 
10 48 18 70238 -0.06767702  0.06390548  1.00130606
10 48 18 93771 -0.06727505  0.06105065  1.00150084
10 48 18 116902 -0.07034492  0.06450772  0.99629712
10 48 18 119053 -0.06926894  0.06219029  0.99883056
10 48 18 142048 -0.06942987  0.06307411  0.99816465
10 48 18 164533 -0.06416631  0.06394243  0.9958384 
10 48 18 166289 -0.06913352  0.06201887  0.99166226
10 48 18 189780 -0.06745577  0.06484389  0.99719644
10 48 18 212509 -0.06993794  0.06654453  0.9997952 
10 48 18 215593 -0.06807256  0.06460166  0.99771261
10 48 18 237390 -0.06523967  0.0657022   0.99746609
10 48 18 260820 -0.06193328  0.06621814  1.0000596 
10 48 18 263301 -0.0684371   0.06510329  1.00208092
10 48 18 284957 -0.06776714  0.06557703  1.0006609 
10 48 18 309845 -0.06910658  0.06439042  1.00163937
10 48 18 312346 -0.0664947   0.05902362  0.99151349
10 48 18 333336 -0.06806684  0.05952215  0.99677062
10 48 18 356499 -0.06685519  0.06393027  0.9986949 
10 48 18 358201 -0.07302213  0.06568003  0.9997735 
10 48 18 381241 -0.06633925  0.06839633  0.99986124
10 48 18 404982 -0.06880736  0.06774998  0.9963131 
10 48 18 407050 -0.06723666  0.06318283  0.99319816
10 48 18 429077 -0.06786919  0.06326914  0.99412942
10 48 18 452681 -0.06710386  0.0604887   0.99487138
10 48 18 455721 -0.06755614  0.06395292  1.00087094
10 48 18 477269 -0.06948972  0.06520367  1.00321889
10 48 18 500194 -0.07048392  0.06169915  1.00157642
10 48 18 502178 -0.06837583  0.06089544  0.99957609
10 48 18 524881 -0.07018065  0.05936551  0.99648619
10 48 18 548539 -0.07159209  0.05838895  0.99883509
10 48 18 550912 -0.07130075  0.05724049  1.00111985
10 48 18 572562 -0.07167459  0.05763555  0.99999118
10 48 18 596554 -0.07608581  0.05561972  0.99991918
10 48 18 598289 -0.07228756  0.05760694  0.998528  
10 48 18 620986 -0.07041597  0.05401564  0.99862123
10 48 18 644734 -0.06919956  0.05639839  0.99534893
10 48 18 647641 -0.0703969   0.05521774  0.99468255
10 48 18 668917 -0.074157    0.05798674  0.99565125
10 48 18 692395 -0.07589054  0.05927515  1.00156522
10 48 18 694652 -0.07207966  0.06083345  1.00082302
10 48 18 717015 -0.06414914  0.0581305   0.98398852
10 48 18 740191 -0.06769419  0.05059862  0.9950695 
10 48 18 742229 -0.06093621  0.06535625  0.99351382
10 48 18 765568 -0.06861234  0.06010485  0.99788547
10 48 18 787937 -0.06229734  0.06489062  1.00261045
10 48 18 789716 -0.07385397  0.05999017  1.00335741
10 48 18 813198 -0.0679996   0.0680604   1.00251293
10 48 18 815077 -0.06187987  0.07010031  1.00073504
10 48 18 909679 -0.06589389  0.06649709  0.9952817 
10 48 18 912515 -0.06516886  0.06794834  0.99433231
10 48 18 915514 -0.06497622  0.06705284  0.99344802
10 48 18 917761 -0.06720328  0.06526494  0.9908278 
10 48 18 919635 -0.06519175  0.06521225  0.99163389
10 48 18 921850 -0.07034206  0.06557631  0.99394155
10 48 18 933057 -0.04040623  0.074229    0.99230528
10 48 18 956915 0.13957596 0.07040501 1.01264358
10 48 18 960260 0.0307703  0.03474474 1.00628138
10 48 18 981614 -0.10583377  0.00517035  0.9840076 
10 48 19 4650 -0.17475629  0.01632166  0.99278712
10 48 19 6744 -0.14185095  0.02243018  0.99939728
10 48 19 29334 -0.12214017  0.04886436  1.02026153
10 48 19 63228 -0.0575583   0.05953503  1.01777172
10 48 19 75501 -0.07463384  0.04530668  0.99229264
10 48 19 94158 -0.09559894  0.03385592  0.98305726
10 48 19 120094 -0.08568263  0.02584076  1.00016642
10 48 19 146783 -0.0715158   0.03010201  1.00137305
10 48 19 170740 -0.11556721  0.03399968  0.99793983
10 48 19 190325 -0.15010023  0.0331192   0.99988031
10 48 19 206014 -0.12206745  0.02694297  0.99541068
10 48 19 232793 -0.07108235  0.0414114   0.98779082
10 48 19 254844 -0.0595665   0.04811931  0.9966712 
10 48 19 272461 -0.0912931   0.03573227  1.0086081 
10 48 19 293709 -0.12011266  0.0304358   1.00421524
10 48 19 313146 -0.10989356  0.0344553   0.9914248 
10 48 19 339277 -0.07546902  0.05069375  0.99101186
10 48 19 350154 -0.0744586   0.05195451  0.99969959
10 48 19 353014 -0.07031941  0.04982185  1.00262284
10 48 19 354816 -0.07172036  0.05084181  1.00008631
10 48 19 357433 -0.07066727  0.06068873  0.99909353
10 48 19 360219 -0.07452846  0.06747603  0.99683285
10 48 19 362158 -0.06503773  0.04269886  0.97974992
10 48 19 365686 -0.05850053  0.02540898  0.96171784
10 48 19 388491 -0.09517622  0.04224324  1.01097894
10 48 19 390636 -0.09004259  0.07263255  1.05111885
10 48 19 414972 -0.0878365   0.07609487  1.02669954
10 48 19 436442 -0.07800317  0.06226516  0.99811411
10 48 19 438188 -0.05215502  0.03794885  0.96697664
10 48 19 461793 -0.06578708  0.04832506  0.96640658
10 48 19 484922 -0.06877327  0.06719542  0.98544359
10 48 19 487165 -0.0804019   0.07040024  1.00829697
10 48 19 510436 -0.08169985  0.06729245  1.01229858
10 48 19 532706 -0.07697773  0.04960489  0.99104953
10 48 19 534798 -0.07418489  0.04348397  0.98925829
10 48 19 557330 -0.07611227  0.05698752  1.00873041
10 48 19 581761 -0.08121467  0.06064773  1.01484108
10 48 19 584786 -0.07413006  0.0617466   1.00642967
10 48 19 604770 -0.07080388  0.05231333  0.99036455
10 48 19 628492 -0.06895638  0.04836702  0.98270822
10 48 19 631074 -0.06791186  0.05354261  0.99237418
10 48 19 653141 -0.07533884  0.06193399  1.00418401
10 48 19 676155 -0.08360744  0.06008172  1.00725603
10 48 19 679035 -0.08116746  0.05054522  1.00112653
10 48 19 700819 -0.08123803  0.05208135  0.99191165
10 48 19 724391 -0.0746274   0.05162048  0.99084115
10 48 19 726980 -0.07271886  0.0564692   0.99727225
10 48 19 749011 -0.07398272  0.05803084  0.99582362
10 48 19 772828 -0.07394052  0.05694294  0.99223495
10 48 19 774855 -0.07480979  0.05471539  0.99074411
10 48 19 797036 -0.07465839  0.05810714  0.99989414
10 48 19 820521 -0.07449603  0.05750871  1.00456452
10 48 19 823171 -0.07675242  0.05796719  1.00319886
10 48 19 844974 -0.07562423  0.05153179  0.99828792
10 48 19 868266 -0.0756135   0.0527215   0.99887705
10 48 19 872592 -0.07239223  0.05194044  0.99526215
10 48 19 892577 -0.07301641  0.05603528  1.00385571
10 48 19 917043 -0.07331085  0.05502534  0.9965117 
10 48 19 919226 -0.07172084  0.05806756  0.99641299
10 48 19 940627 -0.07352543  0.05390477  0.99359155
10 48 19 964220 -0.07416248  0.05660486  0.99554372
10 48 19 966548 -0.0791266   0.05977297  0.99874091
10 48 19 988483 -0.07591772  0.05388093  0.9947648 
10 48 20 84782 -0.07311106  0.05548286  0.99635863
10 48 20 86389 -0.07275581  0.05293322  0.99475479
10 48 20 88683 -0.07297683  0.05493665  0.99888182
10 48 20 91084 -0.07649398  0.0577302   1.00149798
10 48 20 93375 -0.07510686  0.05588913  0.99682212
10 48 20 95167 -0.0767858   0.05103016  1.0043242 
10 48 20 110959 -0.07247925  0.05450535  1.00785446
10 48 20 115819 -0.06906247  0.05879092  0.99306369
10 48 20 133063 -0.07043552  0.054322    0.99414587
10 48 20 156924 -0.0751152   0.05194139  1.0040164 
10 48 20 158882 -0.07454634  0.05114365  1.0013957 
10 48 20 181704 -0.07480597  0.0558126   0.9909389 
10 48 20 204782 -0.07245851  0.05254674  0.99468017
10 48 20 206708 -0.07497859  0.05332232  1.00174952
10 48 20 229246 -0.0749526   0.05441761  0.99679232
10 48 20 252772 -0.07443047  0.05929732  0.99288654
10 48 20 258178 -0.07673597  0.05208087  0.99874949
10 48 20 277548 -0.07364559  0.0542779   1.00253892
10 48 20 300793 -0.07369328  0.05284071  1.00145912
10 48 20 302538 -0.07056451  0.05582714  1.00176549
10 48 20 325626 -0.07408047  0.05268407  1.00743318
10 48 20 351532 -0.0743022   0.05110431  1.00449777
10 48 20 353800 -0.0751164   0.05464768  0.99802065
10 48 20 373361 -0.0729568   0.0549562   0.99742842
10 48 20 396541 -0.07456851  0.05562544  0.99644804
10 48 20 398251 -0.07556677  0.0557766   0.9942348 
10 48 20 421842 -0.07616186  0.05482244  0.9911418 
10 48 20 445161 -0.07822871  0.05638528  0.99461913
10 48 20 447256 -0.07415104  0.05383372  0.99481893
10 48 20 469399 -0.07535768  0.05680871  0.99404001
10 48 20 493025 -0.07533073  0.05597067  0.99489069
10 48 20 494811 -0.07417893  0.05378652  0.99916029
10 48 20 516918 -0.0735774   0.05486774  0.9970808 
10 48 20 540974 -0.07346892  0.05394006  0.99947786
10 48 20 543917 -0.07503271  0.0569694   1.00181031
10 48 20 565684 -0.07321215  0.05282855  0.9993794 
10 48 20 588915 -0.07513785  0.05519581  0.99638581
10 48 20 590741 -0.0772028   0.05398703  0.99783134
10 48 20 613634 -0.07593513  0.05374599  0.99635649
10 48 20 636491 -0.07528591  0.05611753  0.99505258
10 48 20 638642 -0.08018422  0.05605459  0.99468851
10 48 20 660856 -0.07872105  0.05717254  0.99636745
10 48 20 685105 -0.07563996  0.05575943  0.99767065
10 48 20 687828 -0.0737257   0.05770946  0.99540997
10 48 20 709558 -0.07275343  0.05109191  1.00061464
10 48 20 732399 -0.07096887  0.05492783  0.99942565
10 48 20 734481 -0.07408023  0.05278444  1.00282836
10 48 20 757052 -0.07612967  0.0526824   1.00187421
10 48 20 780832 -0.07450318  0.05559087  1.00501895
10 48 20 782929 -0.07687998  0.05200267  0.99955249
10 48 20 812324 -0.07603049  0.05383849  0.99753928
10 48 20 835125 -0.0759685   0.05501223  1.000808  
10 48 20 846464 -0.10349154  0.05447412  0.99129605
10 48 20 865535 -0.09347987  0.03776526  0.96940064
10 48 20 886332 -0.0905416   0.05175591  0.97873712
10 48 20 904531 -0.10348535  0.02933311  1.00126338
10 48 20 913743 -0.03548932  0.11035943  1.05822849
10 48 20 924178 0.02646112 0.04447818 0.98303533
10 48 20 926899 -0.09924769  0.06379151  0.97965646
10 48 20 948595 -0.15842485  0.00949979  1.03664279
10 48 20 972009 -0.11509013  0.04911184  1.03783154
10 48 20 973713 -0.03645658  0.03556681  0.97893715
10 48 20 996725 -0.08241963  0.03670859  0.97261667
10 48 21 20527 -0.07883263  0.06092286  1.00290918
10 48 21 22988 -0.07260823  0.07396102  0.98532009
10 48 21 45167 -0.07729554  0.08260107  0.98163414
10 48 21 68041 -0.07057905  0.06500268  1.00043154
10 48 21 70346 -0.04761791  0.06023574  1.00756407
10 48 21 92396 -0.07208872  0.05635667  1.00257778
10 48 21 116259 -0.07471395  0.08052301  1.01339459
10 48 21 118042 -0.08796644  0.07063699  0.99481249
10 48 21 140319 -0.11345863  0.06157041  0.97471523
10 48 21 163886 -0.08409429  0.02891588  0.96267939
10 48 21 166006 -0.07768965  0.02060556  0.98485589
10 48 21 188454 -0.1390605   0.03621626  1.03381443
10 48 21 285071 -0.10754204  0.041646    1.01084065
10 48 21 286968 -0.08266616  0.04377437  0.97204137
10 48 21 288665 -0.09257746  0.03203487  0.97627592
10 48 21 290630 -0.09029317  0.03248978  0.98529983
10 48 21 292864 -0.14578986  0.04011869  1.03964233
10 48 21 294658 -0.23843622  0.04090452  1.12011933
10 48 21 308751 -0.3567884   0.00851655  1.15798283
10 48 21 310477 -0.20248818 -0.14436626  0.80025768
10 48 21 340742 -0.08587646 -0.00075912  0.68216491
10 48 21 356714 -0.10237026  0.11421108  1.02606201
10 48 21 358364 -0.16937804  0.21157885  1.33211398
10 48 21 381492 -0.13359475  0.11770248  1.16190577
10 48 21 405011 -0.09589815  0.06206417  0.86631346
10 48 21 407544 -0.11751127  0.07059073  0.83391833
10 48 21 429130 -0.09922385  0.14190531  0.92577243
10 48 21 459398 -0.09618211  0.19902706  1.02598691
10 48 21 474778 -0.04707956  0.23115206  1.08054042
10 48 21 489656 -0.01449442  0.22681522  1.0433526 
10 48 21 516946 -0.01039982  0.2274487   0.98838615
10 48 21 535577 -0.03127408  0.23730206  0.9671092 
10 48 21 547288 -0.01270318  0.16341615  0.9704597 
10 48 21 565826  0.06418228 -0.29940081  0.78517008
10 48 21 582769 -0.18848276  0.03595209  0.84438992
10 48 21 602615 -0.19013453  0.10862541  0.95902157
10 48 21 629601 -0.06448245  0.07392383  1.0937345 
10 48 21 653469  0.03989434 -0.00313258  1.14075732
10 48 21 676400 -0.07653642  0.05588269  1.11338949
10 48 21 699558 -0.09789133  0.04265237  1.0384438 
10 48 21 726672 -0.10478663  0.01918578  0.98181224
10 48 21 750785 -0.1188972   0.00693655  1.02208734
10 48 21 767624 -0.1331141   0.00549221  1.03645992
10 48 21 794855 -0.08206248  0.01567221  0.98745918
10 48 21 818929 -0.08081818  0.05021143  0.98912859
10 48 21 830430 -0.06566715  0.06710625  1.01290917
10 48 21 854445 -0.07508087  0.05974174  1.00413847
10 48 21 867083 -0.06782079  0.07670903  1.00833297
10 48 21 889070 -0.0489645   0.08262801  0.95985198
10 48 21 911361 -0.05665898  0.13892269  0.99423814
10 48 21 929683 -0.02643538  0.1372447   1.02011108
10 48 21 950551 -0.05975819  0.15784669  1.02276683
10 48 21 977730 -0.04052806  0.07419086  1.0074327 
10 48 22 3290 -0.09337807  0.0912137   1.01633477
10 48 22 18790 -0.05826569  0.08238888  1.01782393
10 48 22 28341 -0.07931662  0.09817982  0.99270511
10 48 22 40355 -0.04539824  0.08355808  0.95766997
10 48 22 57710 -0.06045938  0.11333346  0.9496944 
10 48 22 78351 -0.04613543  0.08870673  0.96501136
