14 33 19 684894  0.02052307 -0.26891136  0.96002007
14 33 19 708170  0.01750183 -0.27359009  0.96420479
14 33 19 711670  0.01784325 -0.27028084  0.96001625
14 33 19 805745  0.01556587 -0.27561188  0.956213  
14 33 19 809067  0.01702881 -0.27307129  0.96069717
14 33 19 812811  0.0204277  -0.27539253  0.96130371
14 33 19 816100  0.02088356 -0.2695179   0.96018791
14 33 19 865708  0.01895142 -0.26313782  0.96137428
14 33 22 580429  0.0147953  -0.27333069  0.96183586
14 33 22 621304  0.0181942  -0.2719841   0.96103668
14 33 22 669841  0.01873016 -0.27357864  0.96073723
14 33 22 719471  0.01782417 -0.27072716  0.96063042
14 33 22 768205  0.01879501 -0.27527237  0.96480942
14 33 22 822586  0.01959419 -0.27017021  0.95755005
14 33 22 870369  0.01535988 -0.27802467  0.96213913
14 33 22 920072  0.01818657 -0.27203751  0.9587326 
14 33 22 968869  0.02198029 -0.27166748  0.95935249
14 33 23 19062  0.02232361 -0.26962852  0.95765305
14 33 23 67023  0.01726341 -0.27000237  0.95871162
14 33 23 120927  0.0178051  -0.27126884  0.95990944
14 33 23 170252  0.01891899 -0.26780319  0.95876884
14 33 23 219441  0.01854897 -0.26989555  0.96115303
14 33 23 268080  0.01872444 -0.27375031  0.96050644
14 33 23 317316  0.02181625 -0.27193451  0.9633255 
14 33 23 370348  0.01706886 -0.27536392  0.96462631
14 33 23 419688  0.01696968 -0.27583885  0.95920181
14 33 23 467964  0.01700401 -0.27665138  0.96426392
14 33 23 518177  0.02153587 -0.26993561  0.95962715
14 33 23 566916  0.02148056 -0.27120972  0.96294022
14 33 23 620289  0.01727104 -0.27251053  0.96147537
14 33 23 677771  0.02213287 -0.27205467  0.95996284
14 33 23 728216  0.01827431 -0.27370071  0.95882797
14 33 23 779206  0.01990128 -0.27332878  0.9592514 
14 33 23 830015  0.01455498 -0.26841927  0.95663261
14 33 23 877651  0.02145004 -0.27530289  0.96095276
14 33 23 929117  0.0154705  -0.27087784  0.95991325
14 33 23 979316  0.02139473 -0.27136612  0.96027756
14 33 24 26303  0.01960945 -0.27382278  0.95869637
14 33 24 66794  0.02193069 -0.26631737  0.96417999
14 33 24 120280  0.02045822 -0.27116776  0.95989037
14 33 24 169968  0.0207634  -0.27288055  0.95774841
14 33 24 218338  0.02059555 -0.2716732   0.96012306
14 33 24 267226  0.02065659 -0.27017212  0.9615593 
14 33 24 320528  0.01676559 -0.26961899  0.96132469
14 33 24 369693  0.02149582 -0.27425575  0.9621048 
14 33 24 419436  0.02198792 -0.2750473   0.95969963
14 33 24 467755  0.01660538 -0.26790428  0.95858955
14 33 24 517337  0.01998901 -0.27422333  0.96039009
14 33 24 570097  0.01857567 -0.27132607  0.95993423
14 33 24 619846  0.0154438  -0.27243042  0.95984459
14 33 24 669037  0.01847267 -0.26845169  0.96058846
14 33 24 718285  0.01799202 -0.27074242  0.96286011
14 33 24 766858  0.02143097 -0.26981354  0.95869446
14 33 24 820372  0.01761436 -0.27085495  0.95513344
14 33 24 878082  0.01963806 -0.27170753  0.96128082
14 33 24 928464  0.01633072 -0.27536583  0.96251678
14 33 24 967915  0.01632881 -0.2752037   0.96246529
14 33 25 17110  0.01673698 -0.27356148  0.95968437
14 33 25 65863  0.01348877 -0.26958466  0.9588871 
14 33 25 119180  0.01846695 -0.27461243  0.95812798
14 33 25 168275  0.02148628 -0.27477837  0.95642853
14 33 25 217479  0.01834488 -0.27038002  0.96057129
14 33 25 266780  0.01988411 -0.27437973  0.96127319
14 33 25 320937  5.34057617e-05  6.62392998e+00 -2.24623871e+00
14 33 25 368819  0.01887512 -0.27150345  0.96068001
14 33 25 418994  0.01891899 -0.27250481  0.96017265
14 33 25 467089  0.02082443 -0.27412796  0.96240616
14 33 25 526380  0.01790428 -0.27151871  0.95724869
14 33 25 582166  0.02149773 -0.26925659  0.96074867
14 33 25 628479  0.02226067 -0.26955986  0.95739555
