14 33 19 686240 
14 33 19 709167 0 191336
14 33 19 712540 0 191386
14 33 19 806681 0 191436
14 33 19 809920 0 191486
14 33 19 813646 0 191536
14 33 19 816963 0 191586
14 33 22 568980 0 1999
14 33 22 617818 0 2049
14 33 22 667128 0 2099
14 33 22 716392 0 2149
14 33 22 765441 0 2199
14 33 22 818418 0 2249
14 33 22 867819 0 2299
14 33 22 916965 0 2349
14 33 22 966121 0 2399
14 33 23 15338 0 2449
14 33 23 64418 0 2499
14 33 23 117676 0 2549
14 33 23 166796 0 2599
14 33 23 216014 0 2649
14 33 23 265146 0 2699
14 33 23 314294 0 2749
14 33 23 367473 0 2799
14 33 23 416615 0 2849
14 33 23 465810 0 2899
14 33 23 514963 0 2949
14 33 23 564114 0 2999
14 33 23 617273 0 3049
14 33 23 667342 0 3099
14 33 23 716208 0 3149
14 33 23 765333 0 3200
14 33 23 817917 0 3250
14 33 23 867796 0 3300
14 33 23 916870 0 3350
14 33 23 966192 0 3400
14 33 24 15191 0 3450
14 33 24 63898 0 3500
14 33 24 117062 0 3550
14 33 24 166195 0 3600
14 33 24 215346 0 3650
14 33 24 264519 0 3700
14 33 24 317724 0 3750
14 33 24 366918 0 3800
14 33 24 416104 0 3850
14 33 24 465209 0 3900
14 33 24 514334 0 3950
14 33 24 567507 0 4000
14 33 24 616764 0 4050
14 33 24 666020 0 4100
14 33 24 715071 0 4150
14 33 24 764179 0 4200
14 33 24 817231 0 4250
14 33 24 867356 0 4300
14 33 24 916230 0 4350
14 33 24 964917 0 4400
14 33 25 14059 0 4450
14 33 25 63196 0 4500
14 33 25 116407 0 4550
14 33 25 165598 0 4600
14 33 25 214701 0 4651
14 33 25 263847 0 4701
14 33 25 317177 0 4751
14 33 25 366269 0 4801
14 33 25 415486 0 4851
14 33 25 464586 0 4901
14 33 25 514294 0 4951
14 33 25 567162 0 5001
14 33 25 616752 0 5051
14 33 25 665978 0 5101
