12 42 54 636057 -0.00622487 -0.011168    1.00063348
12 42 54 640784 -0.00653744 -0.01564288  1.00364566
12 42 54 663935 -0.00537992 -0.01311183  1.00179076
12 42 54 683671 -0.00229812 -0.01456714  1.00437498
12 42 54 711335 -0.00216556 -0.01358461  1.00206351
12 42 54 715505 -0.00545597 -0.0128932   0.99920177
12 42 54 775288 -0.00372815 -0.01272964  1.00391722
12 42 54 779871 -0.00785828 -0.01009727  1.00564837
12 42 54 823337 -0.00223351 -0.00736332  0.99889112
12 42 54 827308 -1.51157379e-04 -7.60936737e-03  1.00275755e+00
12 42 54 871870 -3.00884247e-04 -1.47521496e-02  1.00051856e+00
12 42 54 876571 -0.00306749 -0.01449156  0.99894571
12 42 54 919161 -0.00551224 -0.01633286  1.00257063
12 42 54 922892 -0.0037868  -0.01685882  1.00100589
12 42 54 967308 -0.00353551 -0.01150417  0.99818873
12 42 54 971280 -0.00209069 -0.00904965  1.00317955
12 42 55 15128 -0.0030973  -0.0085423   0.98205972
12 42 55 19693 -0.00177741 -0.02286649  1.05164552
12 42 55 63449 -0.00823689 -0.01898479  0.98803425
12 42 55 67719 -0.0089395  -0.01662922  0.9896996 
12 42 55 126905 -0.0072186  -0.01066327  1.02491236
12 42 55 131182 -0.00791574 -0.0056119   0.98785877
12 42 55 173695 -0.00327539 -0.01107931  1.00276685
12 42 55 177016 -0.00370169 -0.01660466  1.00219178
12 42 55 221058 -0.00155497 -0.01303506  0.9908514 
12 42 55 224002  0.00465131 -0.01424837  1.00515723
12 42 55 269943  0.00417829 -0.0149858   1.00364518
12 42 55 273396 -0.00596547 -0.01381612  0.99066043
12 42 55 317441 -0.00740051 -0.00943613  1.00695872
12 42 55 320358 -0.00912762 -0.00889874  1.00452828
12 42 55 366474 -0.00426078 -0.00703382  0.99965549
12 42 55 369221 -0.0045054  -0.00965285  1.00843716
12 42 55 414285 -2.76088715e-04 -1.61159039e-02  9.99448776e-01
12 42 55 418458 -1.90019608e-04 -1.68318748e-02  9.94229317e-01
12 42 55 462320 -0.00538325 -0.01641846  1.0051024 
12 42 55 477670 -0.00675035 -0.00937724  1.00320506
12 42 55 509374 -0.00639725 -0.00659943  1.00078702
12 42 55 525702 -0.00534773 -0.00939393  1.00663376
12 42 55 557365 -0.0038054  -0.01387358  0.99882174
12 42 55 572624 -0.00146365 -0.0123291   1.00690985
12 42 55 621367  3.61919403e-04 -1.28779411e-02  1.00511074e+00
12 42 55 624889 -0.00188875 -0.01295614  1.00287175
12 42 55 669055 -0.0027864  -0.00937819  1.00490212
12 42 55 672422 -0.00819731 -0.00564528  1.00185609
12 42 55 717068 -0.00798774 -0.0110805   0.99860168
12 42 55 720198 -0.00425315 -0.01620054  0.99908781
12 42 55 765220 -0.00187302 -0.01905704  1.00221372
12 42 55 767970 -0.00275111 -0.02078295  0.99845266
12 42 55 813165 -0.00383234 -0.01588416  1.00633955
12 42 55 816788 -0.0061655  -0.01180053  1.00263   
12 42 55 859769 -0.00766993 -0.00946522  0.99729753
12 42 55 876482 -0.00352263 -0.00470424  1.00294781
12 42 55 908272 -0.00622559 -0.00543809  1.00225163
12 42 55 923489 -1.93357468e-04 -1.21130943e-02  9.99242306e-01
12 42 55 972440 -0.00269842 -0.01349759  1.00465727
12 42 55 976020 -0.00471854 -0.01315641  1.00080538
12 42 56 19731 -5.93662262e-05 -1.13887787e-02  9.95324612e-01
12 42 56 21614 -9.82284546e-05 -1.35478973e-02  1.01505685e+00
12 42 56 68944 -0.00362301 -0.01192808  0.99060345
12 42 56 72804 -0.00428677 -0.01569724  1.00729251
12 42 56 116652 -0.00177813 -0.01582146  1.00437117
12 42 56 120702 -0.0032177  -0.01494527  0.99915028
12 42 56 164695 -0.00874352 -0.0130291   0.99941778
12 42 56 168324 -0.00492644 -0.00848579  1.00339794
12 42 56 211767 -0.0036571  -0.00495291  1.00463676
12 42 56 227745 -0.00502706 -0.00467157  1.00405788
12 42 56 259966 -0.00792408 -0.01275206  1.00495291
12 42 56 263560 -0.00664592 -0.01530147  1.00179505
12 42 56 324250  0.00187755 -0.01147771  0.99694204
12 42 56 327997  0.00731921 -0.00760221  1.00968575
12 42 56 372194  0.00321054 -0.01752901  0.99705529
12 42 56 376068 -0.00187492 -0.01870251  1.00093436
12 42 56 419904 -0.00543332 -0.01566005  1.00467443
12 42 56 423816 -0.0054996  -0.00977778  0.99849939
12 42 56 468034 -0.00501609 -0.00521421  1.00181079
12 42 56 471339 -0.01246262 -0.01602483  1.00319171
12 42 56 516276 -0.00987267 -0.01736021  1.00138164
12 42 56 520395 -0.00512409 -0.01012111  1.00583649
12 42 56 563957 -0.00237608 -0.00423789  1.00266123
12 42 56 568029 -1.75476074e-04 -8.29839706e-03  1.00189185e+00
12 42 56 627476 -0.00363088 -0.01468968  1.00026822
12 42 56 632116 -0.0037992  -0.01251268  1.00008965
12 42 56 675125 -0.00462437 -0.01252246  1.00048304
12 42 56 679163 -0.00223279 -0.0142653   1.00152421
12 42 56 723366  7.74621964e-04 -1.27611160e-02  9.99475479e-01
12 42 56 727519 -0.00106549 -0.00984359  1.0056603 
12 42 56 770986 -0.00501728 -0.01311135  1.00466442
12 42 56 775192 -0.00563645 -0.00677228  0.9992094 
12 42 56 818975 -0.00360107 -0.01034546  1.00017762
12 42 56 823282 -0.00313616 -0.00992274  1.00200653
12 42 56 867068 -0.00453782 -0.01461267  0.99909782
12 42 56 871436 -0.0029552  -0.01420379  1.00487161
12 42 56 914519  0.00200558 -0.02019334  0.9991622 
12 42 56 918085 -6.92367554e-04 -1.93896294e-02  9.99596834e-01
12 42 56 963232  7.96079636e-04 -9.90295410e-03  1.00518751e+00
12 42 56 967043 -3.00884247e-04 -1.43074989e-03  1.00049925e+00
12 42 57 10548 -0.00881028 -0.00157094  1.0047121 
12 42 57 14494 -0.01174784 -0.01384187  1.00050092
12 42 57 74023 -0.01439524 -0.0114336   1.00276518
12 42 57 78281 -0.00730252 -0.00935721  1.00314307
12 42 57 122807 -0.003232   -0.01090717  1.00201845
12 42 57 127337 -0.00247335 -0.0126009   1.00302744
12 42 57 170290  3.16619873e-04 -1.51901245e-02  1.00128102e+00
12 42 57 175265  2.62260437e-04 -1.33156776e-02  1.00281549e+00
12 42 57 217699  0.00356293 -0.01756287  0.99895191
12 42 57 221020 -6.01291656e-04 -1.54898167e-02  1.00185513e+00
12 42 57 266246 -0.00103855 -0.01489162  1.00528312
12 42 57 270977 -0.00544882 -0.01160955  1.00250602
12 42 57 313728 -0.00965047 -0.0085628   1.00467658
12 42 57 317945 -0.01198649 -0.01122594  1.00145006
12 42 57 362103 -0.01256895 -0.00745249  1.00354528
12 42 57 366322 -0.0045619  -0.0046072   1.00428224
12 42 57 425044 -0.0037508  -0.01194     0.99933529
12 42 57 429018 -4.51803207e-04 -1.80802345e-02  9.99979973e-01
12 42 57 473059  5.84125519e-04 -1.93762779e-02  9.99808550e-01
12 42 57 477831  0.00238848 -0.01675677  0.99984837
12 42 57 521707  0.00141287 -0.00919294  1.00007343
12 42 57 525231  8.42332840e-04 -8.03327560e-03  1.00483894e+00
12 42 57 568970 -0.00398898 -0.01113057  1.00304937
12 42 57 572912 -0.00643897 -0.01261878  1.00158143
12 42 57 617429 -0.00666451 -0.01075888  1.00133467
12 42 57 620671 -0.00459385 -0.01128888  1.0049572 
12 42 57 665375 -0.0082655  -0.01652837  0.99751449
12 42 57 669641 -0.00541902 -0.01242089  0.99930072
12 42 57 712315 -0.00894737 -0.01471519  1.00081515
12 42 57 716173 -0.00302029 -0.01144361  1.00424433
12 42 57 760996 -0.0036881  -0.0123682   1.00421882
12 42 57 776891 -0.00253415 -0.01301241  0.99942398
12 42 57 824146 -2.05993652e-04 -1.09093189e-02  1.00299025e+00
12 42 57 828286  2.96115875e-04 -1.52785778e-02  1.00144053e+00
12 42 57 872735 -8.60452652e-04 -1.05803013e-02  1.00081730e+00
12 42 57 877081 -0.00198293 -0.01242685  1.00367093
12 42 57 920537 -0.00566196 -0.00719213  1.00347137
12 42 57 924008 -0.00828719 -0.01236033  1.00260901
12 42 57 967431 -0.01233387 -0.01157498  1.00305414
12 42 57 972253 -0.00639033 -0.01508474  1.00291991
12 42 58 16374 -0.00979948 -0.01265574  1.00584269
12 42 58 20639 -0.00332713 -0.01096773  1.00317454
12 42 58 64156 -0.00292492 -0.00899339  1.00343013
12 42 58 67952 -0.00134754 -0.01132345  1.0025661 
12 42 58 128993 9.53674316e-07 1.70307922e+00 1.45704031e+00
12 42 58 132256  0.00145197 -0.01143551  1.00159216
12 42 58 159935 -0.00337243 -0.01315141  1.00475502
12 42 58 175550 -0.00160313 -0.01342845  1.00458288
12 42 58 207371  0.00233412 -0.01253462  1.002285  
12 42 58 223723 -0.00200129 -0.01193261  1.00199723
12 42 58 271659 -0.00548005 -0.01460242  1.00040007
12 42 58 275386 -0.00548697 -0.00965571  1.00569677
12 42 58 319975 -0.00517488 -0.01104927  1.00408363
12 42 58 324063 -0.00449491 -0.01053452  1.00571871
12 42 58 368057 -0.00643229 -0.01033211  0.99950242
12 42 58 372701 -0.00394082 -0.0128212   1.00119805
12 42 58 415763 -0.00351    -0.01262021  0.99866581
12 42 58 420574 -0.00196838 -0.01372528  1.00102329
12 42 58 463353 -3.45706940e-04 -1.31561756e-02  1.00242090e+00
12 42 58 468068 -0.00204754 -0.01662207  0.99960876
12 42 58 511563 -0.00427723 -0.01258707  1.00341797
12 42 58 526404 -0.00349569 -0.01292181  1.00057125
12 42 58 558991 -0.00334764 -0.01017475  1.00393009
12 42 58 574114 -0.00139999 -0.01078153  1.00060916
12 42 58 622872 -0.00545502 -0.01118731  1.00278878
12 42 58 628016 -0.00502515 -0.0120554   1.00209188
12 42 58 671016 -0.00441909 -0.01017594  1.00368905
12 42 58 675585 -0.00319123 -0.01069593  1.00247002
12 42 58 718871 -0.00582814 -0.00996947  1.00306892
12 42 58 721792 -0.00501013 -0.01280475  1.0018332 
12 42 58 766400 -0.00186253 -0.01242971  1.00211263
12 42 58 770398 -0.00423193 -0.01300478  1.00021553
12 42 58 814789 -0.00346732 -0.0111239   1.00003862
12 42 58 818307 -0.00557494 -0.01160121  1.00404525
12 42 58 862675 -0.00199986 -0.01122761  1.00478888
12 42 58 867256 -0.00275993 -0.01641703  0.99977541
12 42 58 910584 -0.00490975 -0.01408887  1.00345683
12 42 58 914019 -0.00431156 -0.0129931   0.99939942
12 42 58 974625 -0.00157666 -0.01573467  1.00098562
12 42 58 978765 -0.00202584 -0.01429844  0.99891329
12 42 59 22327  8.02516937e-04 -1.18606091e-02  1.00098157e+00
12 42 59 25908 -0.00291085 -0.01227617  1.00231576
12 42 59 70069 -0.00296664 -0.01125979  1.00317645
12 42 59 74027 -0.00349307 -0.01018715  1.00127029
12 42 59 118136 -0.00269628 -0.01438451  1.00200534
12 42 59 122373 -0.00554562 -0.01265121  1.0054481 
12 42 59 166044 -0.00249195 -0.01548076  0.99857926
12 42 59 170073 -0.00196719 -0.0146215   0.99719977
12 42 59 213324 -0.00450826 -0.00885201  1.00043797
12 42 59 217364 -0.00247121 -0.01016736  1.00164342
12 42 59 261792 -0.0040834  -0.0134666   1.00131249
12 42 59 266499 -0.00413346 -0.01303744  0.99832869
12 42 59 325130 -0.00358534 -0.01138258  1.00474858
12 42 59 328705 -0.00406241 -0.01210475  1.00028515
12 42 59 373023 -0.00102639 -0.01160359  1.00528193
12 42 59 376392 -0.00447488 -0.01088834  1.00275683
12 42 59 421063 -0.00713062 -0.01240516  1.00502014
12 42 59 424692 -0.00536299 -0.00865555  1.00494599
12 42 59 468922 -0.00441265 -0.01282239  1.00078487
12 42 59 473018 -0.00421834 -0.01505566  1.00172329
12 42 59 516965 -0.0036819  -0.01418185  1.00165009
12 42 59 520118 -0.00548697 -0.01432657  1.00060272
12 42 59 565090 -0.00448537 -0.01239896  1.00343418
12 42 59 569396 -7.89403915e-04 -1.17213726e-02  1.00096869e+00
12 42 59 628506 -0.00242901 -0.0077641   1.00164104
12 42 59 633188 -0.00278831 -0.01321888  1.00101733
12 42 59 675896 -0.00493002 -0.01118112  1.00294614
12 42 59 679676 -0.00614476 -0.01306057  1.00414133
12 42 59 723880 -0.00547934 -0.01485658  1.00184083
12 42 59 728036 -0.00257826 -0.01013231  0.99806023
12 42 59 770780 -0.00199914 -0.01195931  1.0011332 
12 42 59 773308 -0.00289059 -0.01227665  1.00140119
12 42 59 820042 -0.00282478 -0.01198745  1.00356841
12 42 59 823425 -0.00351548 -0.01303887  1.00128961
12 42 59 868089 -0.00695276 -0.01062202  1.00147557
12 42 59 871988 -0.00357103 -0.01577377  1.00225449
12 42 59 916622 -0.0051167  -0.01181293  1.00601315
12 42 59 920420 -0.00168157 -0.01050091  1.00407004
12 42 59 964077 -0.00126934 -0.01122236  1.00478578
12 42 59 967886 -0.0060935  -0.0110352   1.00523424
12 43 0 10738 -0.00576138 -0.01344681  1.00104427
12 43 0 13684 -0.00385427 -0.01065469  1.00337315
12 43 0 59447 -0.00462031 -0.00725198  1.00400209
12 43 0 75603 -0.00310326 -0.01504302  1.00563073
12 43 0 123762  8.41140747e-04 -1.60584450e-02  1.00182152e+00
12 43 0 127436 -0.00277328 -0.01343083  1.00181293
12 43 0 171526 -7.90357590e-04 -1.28643513e-02  1.00600147e+00
12 43 0 175519 -0.00349116 -0.0103302   1.00058985
12 43 0 219583 -0.00520849 -0.00946784  1.00399113
12 43 0 223420 -0.00529146 -0.00962758  1.00187278
12 43 0 267529 -0.0076828  -0.0116353   1.00120974
12 43 0 272088 -0.00479937 -0.0138526   0.99747777
12 43 0 315479 -0.0047965  -0.01482248  1.00297689
12 43 0 319190 -0.00355816 -0.01343036  0.99788213
12 43 0 362786 -0.00233078 -0.01275492  0.99948192
12 43 0 366702 -0.00537086 -0.01023507  1.00208807
12 43 0 410822 -0.00333047 -0.01353884  0.99969029
12 43 0 426650 -0.00421667 -0.01274753  1.0047543 
12 43 0 458950 -0.00144291 -0.01198506  1.00423217
12 43 0 474665 -0.00461793 -0.01179361  1.00540137
12 43 0 522680 -0.00546002 -0.01070929  1.00607872
12 43 0 527281 -0.00403738 -0.01326275  1.00178361
12 43 0 570451 -0.00229692 -0.01183796  1.00135612
12 43 0 574115 -0.00368261 -0.01203918  1.00237083
12 43 0 618465 -0.00372148 -0.01572442  0.99773955
12 43 0 622700 -0.00513506 -0.0143528   0.99978518
12 43 0 665861 -0.00120282 -0.011168    0.99993253
12 43 0 669156 -0.00465441 -0.01498246  1.003865  
12 43 0 714436 -0.00449061 -0.00981379  1.00409603
12 43 0 719084 -0.00291872 -0.01065707  1.00106001
12 43 0 761395 -0.00526166 -0.00885367  1.00434375
12 43 0 777341  1.69515610e-04 -1.25770569e-02  1.00138521e+00
12 43 0 810725 -0.00315928 -0.0091722   1.00339985
12 43 0 825806 -0.0070715  -0.01418018  1.00447869
12 43 0 873733 -0.00704169 -0.0139091   0.99924731
12 43 0 877527 -0.00496078 -0.01295114  1.00196385
12 43 0 921897 -0.00452518 -0.01367974  1.00263739
12 43 0 925248 -0.00266218 -0.00950646  1.00277376
12 43 0 969652 -0.00107718 -0.0094862   1.00252128
12 43 0 973057 -0.00371599 -0.0157342   1.00261855
12 43 1 17781 -0.001755   -0.01306367  1.00125313
12 43 1 22512 -0.00603724 -0.01287627  1.00163174
12 43 1 65570 -0.00573158 -0.012923    1.00352359
12 43 1 69785 -0.00497127 -0.01448727  1.00222516
12 43 1 113321 -0.00762153 -0.01284528  1.00660777
12 43 1 129152 -0.00311041 -0.01282597  1.00206232
12 43 1 161163 -0.00277686 -0.01109457  1.00057077
12 43 1 175934  3.89099121e-04 -1.47621632e-02  9.98860359e-01
12 43 1 209194 -0.00343847 -0.01275039  0.99901223
12 43 1 224420 -0.00589132 -0.01285648  1.00027823
12 43 1 272778 -0.0056808  -0.00998926  1.00051618
12 43 1 276900 -0.00284815 -0.00883651  0.99918246
12 43 1 320959 -3.44514847e-04 -1.15392208e-02  1.00410080e+00
12 43 1 324490 -0.00203347 -0.01034808  1.00377512
12 43 1 368722 -6.02960587e-04 -1.44197941e-02  1.00324631e+00
12 43 1 373026 -0.00150299 -0.01135707  1.00289202
12 43 1 417727 -0.01558661 -0.25004315  0.91015887
12 43 1 422010 0.01560807 0.93744349 0.33203411
12 43 1 463865 -0.00339508 -0.01380348  1.00086784
12 43 1 467634 -0.00448346 -0.01502848  1.00171089
12 43 1 512470 -0.00519109 -0.01228452  1.00047159
12 43 1 516822 -0.00324678 -0.01021218  1.00091124
12 43 1 560645 -0.00129938 -0.0110693   1.00317311
12 43 1 564940 -7.02142715e-04 -9.95588303e-03  1.00129318e+00
12 43 1 624423 -0.0033474  -0.01165557  1.00219846
12 43 1 628161 -4.44889069e-04 -1.00400448e-02  1.00471568e+00
12 43 1 671632 -0.00347948 -0.01189113  1.00039482
12 43 1 675621 -0.00177717 -0.01303124  1.00253558
12 43 1 719918 -0.00407767 -0.01364565  0.99838543
12 43 1 723878 -0.00424433 -0.01415253  1.00093961
12 43 1 767740 -0.00317454 -0.01064634  1.00061846
12 43 1 771722 -0.00408792 -0.01369619  1.00202322
12 43 1 815904  7.32421875e-04 -1.52466297e-02  1.00439906e+00
12 43 1 819959  8.08954239e-04 -1.26261711e-02  1.00351763e+00
12 43 1 863235 -0.00381494 -0.01208544  1.00263262
12 43 1 867846 -0.00532675 -0.00773716  1.00049806
12 43 1 911606 -0.00295806 -0.00989532  1.00231409
12 43 1 915697 -0.00230336 -0.012573    1.0013206 
12 43 1 974924 -0.00572038 -0.01396251  1.00514364
12 43 1 979507 -6.76631927e-04 -1.75077915e-02  1.00281429e+00
12 43 2 21822 -0.00229168 -0.01474333  1.00358033
12 43 2 26048 -0.00405645 -0.01321363  1.00240088
12 43 2 71260 -0.00272751 -0.01178336  1.00416327
12 43 2 74721 -0.00872254 -0.00915432  1.00172234
12 43 2 117369 -0.00694895 -0.01037025  0.99910116
12 43 2 120745 -0.00843501 -0.01074338  1.00033832
12 43 2 167291 -0.00436735 -0.01381922  1.00061202
12 43 2 171528 -0.00286055 -0.01293468  1.00233722
12 43 2 215108 -0.00428367 -0.01396251  1.00310445
12 43 2 218564 -0.00372696 -0.0147748   1.00041914
12 43 2 262628 -0.0010283  -0.01619148  1.00336504
12 43 2 267167 -0.00161076 -0.01150155  1.00169683
12 43 2 326201 -0.00459385 -0.00991297  1.0030899 
12 43 2 330521 -0.00608587 -0.01587391  1.00235248
12 43 2 373636 -0.00180769 -0.01714611  0.99930549
12 43 2 377103 -0.00551081 -0.01220298  1.00446177
12 43 2 422112 -0.00341916 -0.01245999  1.00200152
12 43 2 426703 -0.00415468 -0.00855231  1.00228691
12 43 2 469783 -0.00181603 -0.01241612  1.00192261
12 43 2 473162 -0.0047822  -0.01335621  1.00346255
12 43 2 518025 -0.00671458 -0.01142836  1.00344825
12 43 2 521907 -0.00457454 -0.0124023   1.0037334 
12 43 2 566034 -0.00514507 -0.01522398  1.00250721
12 43 2 570267 -0.00726938 -0.01591921  1.00087428
12 43 2 613832 -0.00414395 -0.0134263   1.00450635
12 43 2 629227 -0.00446486 -0.01182842  1.00295424
12 43 2 661718 -0.00277066 -0.00892377  1.00031948
12 43 2 677479 -0.00364232 -0.01146197  1.00202179
12 43 2 725061 -0.00316119 -0.00881124  1.00265551
12 43 2 728478 -0.00600386 -0.01304722  1.00123429
12 43 2 757391 -0.0046351  -0.01108599  1.00334573
12 43 2 772912 -0.00143719 -0.01332331  1.00318861
12 43 2 820831 -0.00513673 -0.01619434  1.0019083 
12 43 2 824113 -0.0063467  -0.01368952  1.00486326
12 43 2 869314 -0.002038   -0.01216769  1.00199342
12 43 2 873546 -0.00226593 -0.01293182  1.00305343
12 43 2 917156 -0.00362682 -0.01162934  1.00205779
12 43 2 920617  0.00129032 -0.00965667  1.00172877
12 43 2 965141 -0.00383067 -0.0101192   1.00204015
12 43 2 969717 -0.00570893 -0.0130949   1.0014534 
12 43 3 12625 -0.00352788 -0.01273942  1.00308132
12 43 3 15936 -0.00366807 -0.01131153  1.00227785
12 43 3 60756 -0.00435853 -0.01194334  1.00388265
12 43 3 76624 -0.00154495 -0.01347613  1.00041246
12 43 3 124266 -0.00450969 -0.01304793  1.00181603
12 43 3 128494 -0.0039959  -0.01042724  1.00105357
12 43 3 172869 -0.00368428 -0.01327229  1.00544953
12 43 3 177448 -0.00386477 -0.01073909  1.00291371
12 43 3 220403 -0.00417924 -0.01363277  1.00111723
12 43 3 224997 -0.00136137 -0.01153755  1.00361395
12 43 3 269268 -0.00333762 -0.01288438  1.00212741
12 43 3 272806 -0.00516248 -0.01064134  1.00018907
12 43 3 315877  0.00123572 -0.01264334  1.00331283
12 43 3 319529 -0.00344658 -0.01431012  1.00098538
12 43 3 363825 -0.00553441 -0.0129621   1.00322604
12 43 3 367810 -0.0059948  -0.01499629  1.00369906
12 43 3 410791 -0.00340748 -0.01021051  1.00160742
12 43 3 427208 -0.00174904 -0.01126432  1.00156236
12 43 3 459775 -0.00353694 -0.01183271  1.00208116
12 43 3 474876 -0.00201893 -0.0116775   1.00111985
12 43 3 523790 -0.00219107 -0.0116539   1.00238323
12 43 3 527133 -0.00498009 -0.0141077   1.00317931
12 43 3 571789 -5.91278076e-04 -1.28428936e-02  9.99708652e-01
12 43 3 576193 -0.00600696 -0.01259041  1.00540543
12 43 3 619498 -0.0059545  -0.01500034  1.00188613
12 43 3 623269 -0.0049901  -0.01417708  1.00134325
12 43 3 667280 -0.00358748 -0.01229954  1.00012946
12 43 3 670973 -0.00312495 -0.01134181  1.00012779
12 43 3 715005 -0.00339794 -0.01228809  1.00100088
12 43 3 719469 -0.00343418 -0.01054883  1.00359154
12 43 3 763904 -0.00157785 -0.01221466  1.00131416
12 43 3 767485 -4.62532043e-04 -1.32336617e-02  1.00159788e+00
12 43 3 810998 -0.00173521 -0.01371574  1.00188828
12 43 3 826118 -0.00320983 -0.01519632  0.99922323
12 43 3 874981 -0.00246716 -0.01087546  1.00191832
12 43 3 879712 -0.00336766 -0.01119947  1.0025568 
12 43 3 923062 -0.00369978 -0.00997853  1.00090313
12 43 3 927321 -0.00302005 -0.00648761  1.00446796
12 43 3 970596 -0.00511527 -0.00854731  0.99936438
12 43 3 975224 -0.00435519 -0.01357198  1.0011816 
12 43 4 18592 -0.00396347 -0.0131495   1.00189686
12 43 4 23266 -0.00357151 -0.01340938  1.00081897
12 43 4 66528 -0.00316048 -0.01573467  1.00315571
12 43 4 70900 -0.00460291 -0.0137639   1.00017118
12 43 4 114453 -0.00352025 -0.01572013  0.99991822
