10 28 52 320107  0.01349497 -0.00195837 -0.01015568
10 28 52 322891  0.00693941 -0.00388908 -0.01243687
10 28 52 325537  0.00542402 -0.00080204 -0.01166725
10 28 52 344963  0.00408173 -0.002285   -0.00949192
10 28 52 395959  0.00407505 -0.00062943 -0.00759315
10 28 52 445550  9.11331177e-03 -2.95639038e-05 -1.01990700e-02
10 28 52 495911 -5.91278076e-05 -4.42743301e-03 -1.55682564e-02
10 28 52 564279 -0.00449038 -0.00172186 -0.01304913
10 28 52 610835  0.00730705  0.00455713 -0.00866556
10 28 52 664123  0.01065302 -0.00037003 -0.00892782
10 28 52 712930  0.00446033 -0.00080681 -0.01077461
10 28 52 764804  0.0024147   0.0040822  -0.01003027
10 28 52 803549  0.0007019   0.00299644 -0.00763321
10 28 52 843628  0.00164366  0.0020957  -0.00564432
10 28 52 894952  0.00695419  0.00163221 -0.00986481
10 28 52 944234 -0.00411654  0.00013161 -0.01450634
10 28 53 6508 -0.00874615  0.00409842 -0.01072931
10 28 53 45415  0.00626755  0.00610065 -0.00571728
10 28 53 94724  0.00755882  0.00144005 -0.00714254
10 28 53 146414 -0.00146675  0.00417042 -0.00944281
10 28 53 195274 -0.00138855  0.00773191 -0.0075264 
10 28 53 246973 -0.00253534  0.00219059 -0.00473118
10 28 53 295167  0.00050402  0.00253534 -0.00410938
10 28 53 343197  0.00107193  0.00523472 -0.00953627
10 28 53 394528 -0.01328754  0.00175524 -0.01169777
10 28 53 443665 -0.00992775  0.00336742 -0.00622511
10 28 53 495791  0.00487566  0.00643158 -0.00303555
10 28 53 544466 -0.00156879  0.00441313 -0.0061574 
10 28 53 596351 -0.00781918  0.00573158 -0.00672054
10 28 53 644657 -0.00680542  0.00529242 -0.00411415
10 28 53 693284 -0.00719595  0.0030427  -0.00180101
10 28 53 746851 -0.00450468  0.00695705 -0.00408792
10 28 53 796847 -0.01079416  0.00471258 -0.00886965
10 28 53 847827 -0.0172863   0.00113487 -0.00722694
10 28 53 896301 -0.00572395  0.0059967  -0.00290394
10 28 53 944197 -0.00251198  0.00826788 -0.00348234
10 28 54 3374 -0.01060295  0.00558043 -0.00548315
10 28 54 39769 -0.01145506  0.00536966 -0.00540876
10 28 54 97725 -0.01258612  0.00525665 -0.00248575
10 28 54 145057 -0.01202106  0.00720692 -0.00120068
10 28 54 196839 -0.01052046  0.00644875 -0.00503778
10 28 54 246014 -0.01905298  0.0006175  -0.00755024
10 28 54 296692 -0.01653481  0.00560808 -0.00503349
10 28 54 346913 -0.00852633  0.01033306 -0.00298786
10 28 54 395441 -0.01016283  0.00503778 -0.0041132 
10 28 54 447498 -0.01394653  0.00373077 -0.0054245 
10 28 54 495174 -0.01488113  0.00693798 -0.00442982
10 28 54 542857 -0.01731396  0.00716925 -0.00160599
10 28 54 594967 -0.01448631  0.00641203 -0.00107002
10 28 54 644073 -0.01351261  0.00307322 -0.00611544
10 28 54 696363 -0.0225935   0.00192356 -0.0087986 
10 28 54 745884 -0.02084064  0.00842381 -0.00458241
10 28 54 796010 -0.01010704  0.00800085 -0.00174284
10 28 54 845838 -0.01229143  0.00264311 -0.00423717
10 28 54 893155 -0.01701164  0.00585699 -0.00502253
10 28 54 947083 -0.01712132  0.00841665 -0.00334311
10 28 54 997953 -0.01759577  0.0037365  -0.00122499
10 28 55 48318 -0.0146246   0.00507927 -0.00121212
10 28 55 95193 -0.01484537  0.00491285 -0.00666666
10 28 55 143958 -0.02569103  0.00238705 -0.00870609
10 28 55 195403 -0.02064991  0.00557089 -0.00444984
10 28 55 244424 -0.0091176   0.00632572 -0.00240278
10 28 55 295003 -0.01298666  0.00150251 -0.00482082
10 28 55 345121 -0.01785231  0.00524521 -0.00530815
10 28 55 396334 -0.01750469  0.00647068 -0.00361538
10 28 55 445284 -0.01762724  0.00321722 -0.00212812
10 28 55 497149 -0.01348782  0.00479269 -0.00190067
10 28 55 546690 -0.01491213  0.00268888 -0.00740337
10 28 55 597292 -0.02413845  0.00033903 -0.0094347 
10 28 55 646644 -0.01812077  0.00500345 -0.00539112
10 28 55 695353 -0.0077486   0.00477743 -0.00343847
10 28 55 743506 -0.01110315 -0.00022268 -0.00594854
10 28 55 795477 -0.01485825  0.00432825 -0.00619221
10 28 55 843814 -0.01584148  0.00508022 -0.0050168 
10 28 55 895133 -0.0149765   0.00010633 -0.00322676
10 28 55 944618 -0.00994301  0.00186586 -0.00342798
10 28 56 2761 -0.00832224  0.00091171 -0.00864935
10 28 56 44394 -2.05445290e-02  7.43865967e-05 -1.25994682e-02
10 28 56 94631 -0.01817083  0.00440407 -0.00707674
10 28 56 146224 -0.00216055  0.001791   -0.00372553
10 28 56 195929 -0.00449228 -0.00389147 -0.00588846
10 28 56 246746 -0.01210785  0.00412035 -0.00749779
10 28 56 299604 -0.01021051  0.00377131 -0.00498152
10 28 56 342278 -0.00791216 -0.00466776 -0.0034256 
10 28 56 394401 -0.00323296 -0.00116396 -0.00395775
10 28 56 444112 -0.00409126  0.0017786  -0.00885868
10 28 56 495336 -0.01557446 -0.00530863 -0.01031208
10 28 56 544655 -0.00822067 -0.00235224 -0.00718546
10 28 56 596071  1.77097321e-03  4.57763672e-05 -5.06305695e-03
10 28 56 646607 -0.00084019 -0.00493193 -0.00650978
10 28 56 694031 -0.00454903 -0.00491571 -0.0072279 
10 28 56 745679 -0.00494719 -0.00309706 -0.00650597
10 28 56 794712 -0.00374889 -0.00395679 -0.0039897 
10 28 56 846773  0.0038271  -0.00602436 -0.0048151 
10 28 56 895813  0.00415134 -0.00744772 -0.01058388
10 28 56 943801 -0.0079298  -0.00649357 -0.01280069
10 28 57 3051 -0.00327492 -0.00222158 -0.00733185
10 28 57 44371  0.01061153 -0.00662804 -0.00483942
10 28 57 97511  0.00799227 -0.01091528 -0.00732565
10 28 57 143871  0.0020628  -0.00371981 -0.00829029
10 28 57 196471  0.00221872 -0.00338793 -0.00609255
10 28 57 245593  0.0052371  -0.01057529 -0.00377703
10 28 57 293856  0.01104832 -0.00818443 -0.00564671
10 28 57 345933  0.00764465 -0.00581121 -0.01018906
10 28 57 394293 -0.00104904 -0.0098176  -0.01082945
10 28 57 446871  0.00626755 -0.0055728  -0.00669575
10 28 57 495081  0.0139575  -0.0055728  -0.00526333
10 28 57 542513  0.01054764 -0.00928307 -0.00792217
10 28 57 595712  0.00791454 -0.0069294  -0.00758791
10 28 57 644086  0.0075469  -0.00577927 -0.00629377
10 28 57 695336  0.00913811 -0.00768137 -0.00423193
10 28 57 744964  0.01684332 -0.00738049 -0.00611115
10 28 57 796532  0.01417923 -0.00925207 -0.01143646
10 28 57 845643  0.00542831 -0.00737047 -0.01138973
10 28 57 894454  0.01230049 -0.00243521 -0.00669909
10 28 57 946454  0.0212121  -0.00846291 -0.00548077
10 28 57 998523  0.01774693 -0.0106163  -0.00812054
10 28 58 46901  0.01337576 -0.00263882 -0.00786924
10 28 58 95465  0.01446199 -0.00431681 -0.0058136 
10 28 58 143226  0.01634789 -0.00869322 -0.00425386
10 28 58 194157  0.02192259 -0.00545883 -0.00584984
10 28 58 244578  0.01638556 -0.00653744 -0.01111698
10 28 58 299187  0.00845098 -0.00660372 -0.01054239
10 28 58 344229  0.01696587 -0.00221539 -0.00610876
10 28 58 395399  0.02343416 -0.00577354 -0.00550461
10 28 58 444468  0.01903963 -0.00722885 -0.00773525
10 28 58 493626  0.01665735 -0.00127983 -0.00745487
10 28 58 545657  0.0162282  -0.0032692  -0.00574446
10 28 58 595602  0.01810598 -0.00617313 -0.00394487
10 28 58 648449  0.02585506 -0.00292921 -0.00706577
10 28 58 694076  0.0183382  -0.0048461  -0.01391459
10 28 58 742113  0.00679541 -0.00385761 -0.01111984
10 28 58 794057  2.04925537e-02  6.00814819e-05 -4.67824936e-03
10 28 58 843161  0.02744961 -0.00510406 -0.00549698
10 28 58 895486  0.01797915 -0.00426626 -0.00843573
10 28 58 944475 0.01652336 0.00323296 0.03122139
10 28 59 8086  0.01773357 -0.00353146 -0.0049901 
10 28 59 45353  0.02051401 -0.00553083 -0.00406218
10 28 59 94026  0.02288914  0.00153637 -0.00877237
10 28 59 154553  0.00977421 -0.00152493 -0.01159859
10 28 59 198312  0.01147461 -0.00451756 -0.00725412
10 28 59 246532  0.02347279  0.00136995 -0.00498009
10 28 59 296175  0.04317427 -0.00931787  0.0806675 
10 28 59 342504  0.01456881 -0.00378227  0.07156372
10 28 59 393804 -0.03015232 -0.0181632   0.07234335
10 28 59 443426  0.02607679 -0.01528358  0.08365488
10 28 59 509045  0.03595924 -0.00150967  0.07656336
10 28 59 566362 -0.02399158 -0.00950623  0.07004261
10 28 59 610955  0.00282478 -0.01804543  0.08284521
10 28 59 665239  0.04965925 -0.00545025  0.07998037
10 28 59 721682 -0.00533104  0.00053263  0.07104349
10 28 59 758909 -0.02118301 -0.01916218  0.07882357
10 28 59 813975  0.04756403 -0.01073313  0.08349943
10 28 59 858243 0.01998615 0.00485277 0.07438946
10 28 59 896191 -0.03195095 -0.01086569  0.07348394
10 28 59 943089  0.02495146 -0.01469326  0.08547926
10 29 0 3788  0.04430151 -0.00064564  0.07930565
10 29 0 50481 -2.13031769e-02 -3.38554382e-05  7.21693039e-02
10 29 0 109528 -0.00390387 -0.01374865  0.08572388
10 29 0 156994  0.05547619 -0.00432014  0.08373499
10 29 0 206501 -0.0015583   0.00356483  0.07418728
10 29 0 262881 -0.02198505 -0.01294851  0.08099651
10 29 0 312470  0.04726648 -0.00455141  0.086833  
10 29 0 345683 0.02442265 0.00457191 0.07700634
10 29 0 394480 -0.02869511 -0.00870895  0.07743931
10 29 0 446305  0.02793217 -0.00638866  0.08926964
10 29 0 495557 0.04367828 0.00373459 0.08208323
10 29 0 542502 -0.02197838 -0.00142097  0.07479191
10 29 0 594393  0.00261831 -0.01112604  0.08777761
10 29 0 643280 0.05620241 0.00338507 0.08559656
10 29 0 694756 -0.00577831  0.00775051  0.0757122 
10 29 0 744270 -0.01906395 -0.01342678  0.08417225
10 29 0 795594  0.05140495 -0.00173569  0.08863354
10 29 0 844786 0.01870394 0.00989771 0.07972908
10 29 0 893705 -0.03199959 -0.0084486   0.0799036 
10 29 0 946493  0.03148699 -0.00612116  0.09117079
10 29 0 998419 0.04096127 0.00828218 0.0841856 
10 29 1 47105 -0.02934265  0.00043011  0.0786128 
10 29 1 95560  0.00588703 -0.01108122  0.09220505
10 29 1 144014 0.05353594 0.00374031 0.08811235
10 29 1 194245 -0.01352453  0.00756216  0.07962561
10 29 1 243400 -0.01743984 -0.01362896  0.08980846
10 29 1 295587 0.05217505 0.00159264 0.0929184 
10 29 1 345557 0.00923967 0.00973272 0.08387089
10 29 1 396780 -0.03311205 -0.00966263  0.08668041
10 29 1 447393  0.03587723 -0.00423861  0.09596062
10 29 1 494648 0.03083992 0.00950527 0.08895397
10 29 1 560404 -0.03452635 -0.00511408  0.08430004
10 29 1 610084  0.01318979 -0.01017761  0.09795046
10 29 1 647158 0.04521322 0.00563431 0.09294176
10 29 1 696595 -0.02290678  0.00328875  0.08421946
10 29 1 742273 -0.01468182 -0.01692772  0.09662771
10 29 1 808751 0.05118418 0.00250196 0.09610271
10 29 1 860931 -0.00246668  0.00914478  0.08721828
10 29 1 905945 -0.0346818  -0.01637745  0.0909934 
10 29 1 962707  0.03601027 -0.00855303  0.10009956
10 29 2 26756 0.02497149 0.01073408 0.09281778
10 29 2 62166 -0.04030991 -0.00745726  0.08779335
10 29 2 118556  0.01201534 -0.01550007  0.10210657
10 29 2 164037 0.04241228 0.00285196 0.09620428
10 29 2 215808 -0.02797318 -0.00033283  0.0883913 
10 29 2 265085 -0.01595783 -0.01975012  0.10098028
10 29 2 389202 0.04652357 0.0007925  0.09993982
10 29 2 424775 -0.00853539  0.00277376  0.09081936
10 29 2 452840 -0.035501   -0.02094603  0.09747267
10 29 2 488652  0.03629255 -0.00751448  0.10397339
10 29 2 518712 0.01269054 0.00511646 0.09589672
10 29 2 562783 -0.04406834 -0.01785803  0.09400845
10 29 2 609926  0.01854134 -0.01469469  0.10558939
10 29 2 655581 0.03191137 0.00334883 0.09968042
10 29 2 694353 -0.03625917 -0.00780201  0.09128714
10 29 2 745801 -0.00804377 -0.02401018  0.1055665 
10 29 2 796448  0.0446887  -0.00120068  0.10299826
10 29 2 846721 -0.02156448  0.00059414  0.09454107
10 29 2 896934 -0.03051281 -0.02617693  0.1021781 
10 29 2 943413  0.04117775 -0.00902462  0.10542202
10 29 3 4039 0.00258827 0.00112486 0.09717512
10 29 3 44940 -0.04500198 -0.02254629  0.0970335 
10 29 3 98518  0.02497053 -0.01899672  0.10780096
10 29 3 145467 0.02386332 0.0024066  0.10117292
10 29 3 195686 -0.04466867 -0.01331615  0.09487724
10 29 3 246269 -0.00132275 -0.02527571  0.10792542
10 29 3 294195  0.0379529  -0.00370598  0.10338593
10 29 3 346637 -0.02851915 -0.00586319  0.09494448
10 29 3 395945 -0.02416134 -0.02918911  0.10437393
10 29 3 447901  0.04284906 -0.00852299  0.10378075
10 29 3 496399 -0.00955009 -0.00116968  0.09645462
10 29 3 543229 -0.04094648 -0.0282712   0.09938383
10 29 3 595027  0.03070831 -0.01715136  0.10627842
10 29 3 644684 0.01120996 0.00087452 0.09908867
10 29 3 696297 -0.04726934 -0.02204084  0.09460402
10 29 3 744175  0.01017809 -0.02642536  0.1070056 
10 29 3 795789  0.03062344 -0.00301456  0.10136986
10 29 3 845088 -0.03626108 -0.00823975  0.09362984
10 29 3 893897 -0.01725531 -0.03251839  0.10455894
10 29 3 945928  0.04381275 -0.00879049  0.10285521
10 29 3 997912 -0.01526356 -0.00013638  0.09529924
10 29 4 48991 -0.03695869 -0.0303874   0.09951019
10 29 4 95802  0.03759623 -0.01928282  0.10534477
10 29 4 142544 0.0101819  0.00171185 0.0979929 
10 29 4 193940 -0.0453043  -0.02104902  0.09570789
10 29 4 245227  0.01660347 -0.02586269  0.1065402 
10 29 4 294903  0.03020525 -0.0021472   0.10094929
10 29 4 344277 -0.03675079 -0.01095676  0.09260654
10 29 4 395746 -0.01255417 -0.03234434  0.10435581
10 29 4 445639  0.04344797 -0.00964069  0.10179472
10 29 4 493837 -0.01777077 -0.0009861   0.09381676
10 29 4 546322 -0.03505325 -0.02916574  0.09974766
10 29 4 595820  0.03553247 -0.01704264  0.10486507
10 29 4 645807 0.00663662 0.00013876 0.09701061
10 29 4 694638 -0.04554892 -0.0235486   0.09601593
10 29 4 743838  0.0179925  -0.02412128  0.10700893
10 29 4 794790  0.02547646 -0.00170422  0.10003328
10 29 4 843456 -0.03952599 -0.01391315  0.09430313
10 29 4 894845 -0.00436115 -0.02807188  0.10671043
10 29 4 944234  0.03958654 -0.00587702  0.10259533
10 29 5 2460 -0.02356482 -0.00713491  0.09417677
10 29 5 45020 -0.02672195 -0.03111506  0.10309744
10 29 5 94119  0.0434823  -0.01135826  0.10545874
10 29 5 145229 -0.00282955  0.00137424  0.09724617
10 29 5 194936 -0.04126501 -0.02526951  0.09879112
10 29 5 248049  0.0289731  -0.01978254  0.00042105
10 29 5 298293 0.02179861 0.00207424 0.10119343
10 29 5 342764 -0.04238844 -0.01844501  0.09635639
10 29 5 394521  0.00774813 -0.02639008  0.10896492
10 29 5 443626  0.04027891 -0.00091887  0.10427904
10 29 5 495114 -0.02919865 -0.00686359  0.09619427
10 29 5 544255 -0.01560879 -0.02958918  0.10689449
10 29 5 597263 -0.02498007 -0.01861334  0.11829758
10 29 5 644605 0.04491138 0.00490952 0.11680174
10 29 5 693068 -0.02406836  0.01279068  0.11117172
10 29 5 744894 -0.03666973 -0.01567698  0.11747551
10 29 5 795142 0.04452372 0.00068808 0.11811447
10 29 5 845864 -0.00720835  0.01530933  0.11118555
10 29 5 895095 -0.04520321 -0.0137248   0.11496639
10 29 5 943082  0.03912163 -0.00515795  0.11955118
10 29 6 3150 0.01499462 0.01588011 0.11243343
10 29 6 39135 -0.04945946 -0.00703669  0.11317015
10 29 6 98918  0.02293205 -0.00702906  0.12137032
10 29 6 144336 0.03311729 0.0130949  0.11497736
10 29 6 195912 -0.04501581 -0.00203848  0.1113677 
10 29 6 245306  0.00648928 -0.01172352  0.12088776
10 29 6 294310 0.04476404 0.01010656 0.11501455
10 29 6 346813 -0.03596544  0.00402832  0.11090851
10 29 6 394424 -0.00886774 -0.01343441  0.12041378
10 29 6 447467 0.05074549 0.00726366 0.11679602
10 29 6 495171 -0.02607298  0.00916386  0.11054182
10 29 6 541700 -0.02381182 -0.01782084  0.11943102
10 29 6 596186 0.05341578 0.00217724 0.11941385
10 29 6 644088 -0.01042795  0.01456738  0.11215401
10 29 6 694699 -0.03582048 -0.014575    0.11876678
10 29 6 744222  0.04738331 -0.00261211  0.12180376
10 29 6 795258 0.00902271 0.01391125 0.11449385
10 29 6 845029 -0.04355001 -0.01347542  0.11770582
10 29 6 893915  0.03769636 -0.0078249   0.12316227
10 29 6 945971 0.02465439 0.01205587 0.11650801
10 29 6 998362 -0.04598618 -0.01065397  0.11658525
10 29 7 46745  0.02223682 -0.00975847  0.12505484
10 29 7 95693 0.03635502 0.01130152 0.12009096
10 29 7 142107 -0.04239798 -0.00699472  0.11619043
10 29 7 193482  0.0078125  -0.01638126  0.12557936
10 29 7 244513 0.04682589 0.00637817 0.12045527
10 29 7 295017 -0.03453255 -0.00043106  0.11567116
10 29 7 343679 -0.00934505 -0.01866388  0.12542677
10 29 7 395084 0.05009937 0.00327253 0.1222229 
10 29 7 444581 -0.02469206  0.00275517  0.11666203
10 29 7 493770 -0.0228014  -0.02322149  0.12380791
10 29 7 546266  0.0521307  -0.00418234  0.12177086
10 29 7 595071 -0.01060534  0.00660133  0.11591768
10 29 7 646175 -0.03556824 -0.0225749   0.12147379
10 29 7 695580  0.04675245 -0.00835562  0.12411547
10 29 7 741910 0.00703812 0.00750971 0.11739683
10 29 7 793576 -0.0453124  -0.02282572  0.11875582
10 29 7 842598  0.03484201 -0.0155077   0.12548876
10 29 7 894411 0.02425623 0.00548172 0.11915588
10 29 7 943982 -0.04605246 -0.01611853  0.11767817
10 29 8 2121  0.02023029 -0.01846313  0.12601137
10 29 8 44124 0.03811741 0.00241137 0.11989689
10 29 8 93367 -0.03961849 -0.01164007  0.11656189
10 29 8 145992  0.0035634  -0.02622318  0.12582588
10 29 8 194924  0.04824591 -0.00171947  0.12107563
10 29 8 246048 -0.03059912 -0.00507641  0.11547327
10 29 8 295324 -0.01388407 -0.02722025  0.12459087
10 29 8 344464  0.05297279 -0.00526381  0.12208271
10 29 8 394889 -0.01946926 -0.00141525  0.11584759
10 29 8 442814 -0.02857208 -0.03069782  0.12284708
10 29 8 494444  0.05202436 -0.01209879  0.1231761 
10 29 8 544355 -0.00371456  0.00211859  0.11672306
10 29 8 596231 -0.03835344 -0.02830601  0.1210742 
10 29 8 649924  0.04369831 -0.01624107  0.1244092 
10 29 8 693311 0.01230907 0.0036664  0.11776209
10 29 8 745168 -0.04558706 -0.02757931  0.11884069
10 29 8 795019  0.03101635 -0.0237956   0.12529755
10 29 8 846981 0.02835941 0.0006299  0.11965227
10 29 8 895904 -0.04501867 -0.01973724  0.11649704
10 29 8 944622  0.01389885 -0.02671671  0.1256032 
10 29 9 1937  0.04317522 -0.00296497  0.12121439
10 29 9 45961 -0.03678942 -0.01337147  0.11543369
10 29 9 96057 -0.00544786 -0.03092623  0.12508631
10 29 9 144406  0.05219269 -0.00790977  0.12208319
10 29 9 196773 -0.02347469 -0.00691223  0.11491776
10 29 9 245280 -0.01889753 -0.03198862  0.12234402
10 29 9 294123  0.05330753 -0.01061821  0.12115908
10 29 9 345204 -0.01044321 -0.00154495  0.11468172
10 29 9 394624 -0.03412151 -0.03422785  0.12035179
10 29 9 446148  0.04752016 -0.01579857  0.12208891
10 29 9 495132 0.00440073 0.00251532 0.11515093
10 29 9 542036 -0.04535341 -0.02878094  0.11706972
10 29 9 594803  0.0352149  -0.01905298  0.12242937
10 29 9 643613 0.01906347 0.00354338 0.11644554
10 29 9 695082 -0.04976988 -0.02142143  0.11489725
10 29 9 744136  0.01848936 -0.02353191  0.12304497
10 29 9 796989  0.03147554 -0.00016212  0.1166563 
10 29 9 844498 -0.04643393 -0.0142765   0.11297083
10 29 9 893463 -0.00146246 -0.02507496  0.12274742
10 29 9 945150  0.03927755 -0.00163889  0.11750603
10 29 9 997081 -0.0406003  -0.00694227  0.11267185
10 29 10 47028 -0.01955652 -0.02590609  0.12146997
10 29 10 96242  0.04338026 -0.00497341  0.11810207
10 29 10 143754 -0.0302906  -0.00272131  0.11260653
10 29 10 194854 -0.03332615 -0.02463198  0.1206522 
10 29 10 243673  0.04229546 -0.00439358  0.11994696
10 29 10 296083 -0.01812029  0.00345373  0.11267567
10 29 10 345604 -0.04625845 -0.02349138  0.11850405
10 29 10 395447  0.03588247 -0.0083127   0.12152481
10 29 10 445425 -0.00407696  0.00689411  0.11409569
10 29 10 495916 -0.05556822 -0.02095509  0.11604261
10 29 10 546266  0.02435541 -0.01008987  0.12286186
10 29 10 595891 0.01116991 0.00933647 0.11574268
10 29 10 647085 -0.05953169 -0.01386166  0.11476612
10 29 10 695101  0.00694609 -0.0133996   0.1234107 
10 29 10 742649 0.02111769 0.00953484 0.11715794
10 29 10 793759 -0.05676365 -0.00691223  0.11359072
10 29 10 842869 -0.00891829 -0.01434517  0.1224103 
10 29 10 894647 0.02884817 0.00675964 0.11665869
10 29 10 943915 -0.05039978  0.00089598  0.1115675 
10 29 11 2803 -0.02644968 -0.01622248  0.12157011
10 29 11 44803 0.03445625 0.00565529 0.11881065
10 29 11 95159 -0.0412302   0.00833464  0.11133862
10 29 11 146431 -0.04395151 -0.01640749  0.12027645
10 29 11 194229 0.03266382 0.00383759 0.12047815
10 29 11 246675 -0.02577925  0.01332569  0.1131959 
10 29 11 295425 -0.05691862 -0.01481771  0.11890984
10 29 11 342013 0.02801609 0.00232792 0.12232447
10 29 11 393837 -0.00915861  0.01752901  0.11546278
10 29 11 443068 -0.06386232 -0.01460695  0.11698389
10 29 11 494350  0.01852322 -0.00054312  0.12410975
10 29 11 544832 0.00773096 0.0175643  0.11740208
10 29 11 595736 -0.06419659 -0.0094409   0.11669731
10 29 11 644972  0.00638628 -0.00283051  0.12535143
10 29 11 692382 0.01732111 0.01840496 0.12004423
10 29 11 745366 -0.05937529 -0.00403881  0.09383678
10 29 11 794249 -0.00766468 -0.00974751  0.1259141 
10 29 11 846637 0.02783585 0.01440907 0.12051105
10 29 11 895271 -0.05111027  0.00466919  0.11519051
10 29 11 942552 -0.02274084 -0.01086903  0.12631893
10 29 12 2669 0.03602266 0.0128231  0.12366152
10 29 12 43915 -0.04010868  0.01105356  0.11699581
10 29 12 96743 0.01425743 0.00095272 0.10881996
10 29 12 143918 -0.02731133 -0.02714586  0.114007  
10 29 12 196298  0.05241966 -0.00639248  0.11594296
10 29 12 245742 0.01712608 0.00194073 0.10845757
10 29 12 298190 -0.03057528 -0.02928686  0.11216593
10 29 12 345938  0.04994345 -0.00659418  0.11503983
10 29 12 394902 0.01861715 0.0006628  0.10746241
10 29 12 446786 -0.03065062 -0.03113556  0.11211634
10 29 12 495231  0.04931545 -0.00845098  0.11419058
10 29 12 542465 0.01727724 0.00291491 0.10754776
10 29 12 595371 -0.03135633 -0.03194427  0.11192274
10 29 12 643178  0.04654694 -0.01033545  0.11390066
10 29 12 695299 0.01429176 0.00155401 0.10718775
10 29 12 747754 -0.03455639 -0.03329659  0.11170816
10 29 12 795308  0.04631281 -0.01215601  0.11427307
10 29 12 844839 0.01469374 0.00147915 0.10742426
10 29 12 893622 -0.03527594 -0.03197432  0.11196852
10 29 12 945302  0.04534292 -0.01187801  0.11352158
10 29 12 999947  0.01574564 -0.00105286  0.10713387
10 29 13 47663 -0.03458643 -0.03528881  0.1109314 
10 29 13 95302  0.04532719 -0.01347208  0.11228991
10 29 13 142038 0.01734114 0.0015626  0.10579062
10 29 13 194418 -0.034832   -0.03404331  0.10997581
10 29 13 243048  0.04559135 -0.01429605  0.1120162 
10 29 13 294580  0.01796961 -0.00067472  0.10479021
10 29 13 344650 -0.03397465 -0.0351553   0.1085434 
10 29 13 409116  0.04649591 -0.01412439  0.10933161
10 29 13 445109  0.01904535 -0.00083256  0.10269117
10 29 13 493596 -0.03163671 -0.03173399  0.10710669
10 29 13 548645  0.04719257 -0.01353884  0.10794258
10 29 13 595936  0.01909685 -0.00136137  0.10027838
10 29 13 646521 -0.03226566 -0.03505182  0.10449457
10 29 13 695330  0.04731035 -0.01287937  0.10674191
10 29 13 743094 0.02022314 0.00018406 0.09887886
10 29 13 794783 -0.03299713 -0.03436565  0.10219097
10 29 13 843271  0.04644346 -0.01027679  0.10536098
10 29 13 894430 0.02243185 0.00194454 0.09766436
10 29 13 943945 -0.03127575 -0.03647566  0.10028315
10 29 14 1743  0.0484376  -0.01212311  0.10290432
10 29 14 49267 0.02337885 0.00255346 0.09595394
10 29 14 94104 -0.0303297  -0.03271723  0.0994668 
10 29 14 146008  0.04995584 -0.00913954  0.10273027
10 29 14 196023 0.02385521 0.00281239 0.09571457
10 29 14 247070 -0.02927113 -0.03230095  0.09862661
10 29 14 296522  0.05124998 -0.01074457  0.10157585
10 29 14 342634 0.02587175 0.00211334 0.09448862
10 29 14 394084 -0.0262661  -0.02857065  0.09862661
10 29 14 444280  0.05272102 -0.0062871   0.10127258
10 29 14 495388 0.02829599 0.00268602 0.0933423 
10 29 14 544795 -0.02445364 -0.03121901  0.09727097
10 29 14 597908  0.05536032 -0.00845194  0.09954453
10 29 14 644956 0.02938938 0.00475502 0.09248352
10 29 14 692793 -0.02388716 -0.02928209  0.09647417
10 29 14 746224  0.05615473 -0.00579119  0.09917068
10 29 14 796779 0.03084183 0.00590897 0.09277964
10 29 14 847084 -0.02146387 -0.03204441  0.09610033
10 29 14 906239  0.06070137 -0.00975037  0.09784698
10 29 14 975357 0.03337479 0.00556993 0.09085464
10 29 15 17204 -0.02129316 -0.02702665  0.09515047
10 29 15 58486  0.05987406 -0.00642586  0.09904099
10 29 15 114524 0.03468275 0.00673151 0.09187984
10 29 15 168250 -0.02388954 -0.03069115  0.09423399
10 29 15 208256  0.05974007 -0.00898266  0.09718943
10 29 15 268440 0.03537512 0.00660658 0.08981085
10 29 15 311050 -0.02291536 -0.02458477  0.09350014
10 29 15 366512  0.05817413 -0.0079236   0.09671068
10 29 15 417199 0.0353508  0.00827026 0.08893871
10 29 15 466065 -0.02537823 -0.02878571  0.09129858
10 29 15 519279  0.05696583 -0.0109992   0.09514666
10 29 15 561024 0.03455114 0.00850773 0.08825254
10 29 15 608999 -0.02883863 -0.02438641  0.09123611
10 29 15 664879  0.05425167 -0.00693846  0.09574223
10 29 15 697008 0.03316975 0.01014042 0.0882473 
10 29 15 744704 -0.0298028  -0.02719498  0.09017372
10 29 15 810851  0.0532093  -0.00904274  0.09451532
10 29 15 863813 0.03301525 0.01112413 0.08714819
10 29 15 895033 -0.03196192 -0.02357864  0.08977556
10 29 15 947446  0.05114126 -0.00696468  0.09477997
10 29 15 998888 0.03059626 0.01254749 0.08796263
10 29 16 46655 -0.034935   -0.02548933  0.08998823
10 29 16 95723  0.04789686 -0.00807285  0.09389925
10 29 16 142717 0.02830219 0.01223755 0.08715439
10 29 16 194684 -0.03506517 -0.02150965  0.09022713
10 29 16 243348  0.04607773 -0.00705051  0.09406853
10 29 16 296714 0.02647877 0.01336002 0.08694077
10 29 16 344157 -0.03889322 -0.02241516  0.08954287
10 29 16 395698  0.04246092 -0.00870037  0.09418201
10 29 16 445606 0.02545643 0.01314783 0.08659267
10 29 16 495029 -0.04120636 -0.02061939  0.08848476
10 29 16 545472  0.03863811 -0.00518322  0.09254408
10 29 16 595990 0.02279854 0.01390266 0.0857234 
10 29 16 646382 -0.04109573 -0.02184248  0.08779287
10 29 16 694438  0.03799438 -0.0080924   0.09080601
10 29 16 744029 0.02131987 0.01370382 0.08323669
10 29 16 794246 -0.04364824 -0.02087021  0.08544779
10 29 16 843965  0.03457689 -0.00670958  0.09012556
10 29 16 895104 0.02171326 0.01513052 0.08355188
10 29 16 944929 -0.04678106 -0.01871157  0.08509302
10 29 17 2386  0.03110266 -0.00627136  0.08938932
10 29 17 47381 0.02039337 0.01429415 0.08201599
10 29 17 94013 -0.04788351 -0.019979    0.08342743
10 29 17 147262  0.02830315 -0.00495815  0.08801222
10 29 17 194884 0.01738596 0.01764154 0.08151102
10 29 17 246955 -0.04978228 -0.01833963  0.08290005
10 29 17 294418  0.02612162 -0.00663996  0.08760071
10 29 17 347526 0.01831436 0.01616955 0.08053589
10 29 17 393795 -0.05252171 -0.01654053  0.08153486
10 29 17 443200  0.02222204 -0.00411177  0.08732367
10 29 17 495718 0.01783752 0.01843214 0.08055639
10 29 17 543105 -0.05393553 -0.01628351  0.08120584
10 29 17 596428  0.02057743 -0.00362015  0.08633423
10 29 17 644231 0.01718473 0.01835537 0.07987833
10 29 17 693507 -0.05293274 -0.01580572  0.08062696
10 29 17 746102  0.01899719 -0.0034833   0.08596325
10 29 17 795307 -0.05598211 -0.01239443  0.07938051
10 29 17 847738  0.01557541 -0.00447464  0.08610439
10 29 17 894506  1.64399147e-02  6.77108765e-05 -9.68443394e-01
10 29 17 957113 -0.05661631 -0.0124402   0.0789113 
10 29 18 3334  0.01535606 -0.00091362  0.08499861
10 29 18 39191 0.0173049  0.01888037 0.07762575
10 29 18 98012  0.03018665  0.02406693 -0.00434494
10 29 18 143581 -0.04989624 -0.00532532 -0.00493145
10 29 18 195203  0.01729441 -0.00532103  0.00338459
10 29 18 243969  0.03291607  0.02523994 -0.00526237
10 29 18 293911 -0.04831457 -0.00281763 -0.00570059
10 29 18 345099  0.0132637  -0.00696182  0.00375986
10 29 18 394078  0.03778124  0.02479696 -0.00494337
10 29 18 445855 -0.04660654  0.00088692 -0.00733471
10 29 18 494655  0.01014137 -0.00808764  0.00253963
10 29 18 541534  0.04210424  0.02546406 -0.00590467
10 29 18 594252 -0.04292917  0.00260019 -0.00886774
10 29 18 643691  0.00448036 -0.0086112   0.0028882 
10 29 18 694748  0.04410458  0.02430439 -0.00555229
10 29 18 743267 -0.04094696  0.00407934 -0.00876904
10 29 18 796375  0.00137138 -0.00938606  0.0016408 
10 29 18 845308  0.04583883  0.02438688 -0.00633287
10 29 18 893012 -0.03985691  0.00455332 -0.00964499
10 29 18 945039 -0.00257969 -0.00990248  0.00152349
10 29 18 997391  0.0441761   0.02468586 -0.00625896
10 29 19 48940 -0.03989744  0.00534916 -0.00978231
10 29 19 97326 -0.00483418 -0.0117588   0.00092459
10 29 19 141837  0.04614353  0.02483606 -0.0064249 
10 29 19 193041 -0.03985023  0.00696087 -0.0102005 
10 29 19 242736 -0.00786543 -0.01285124  0.00061321
10 29 19 294270  0.04694414  0.0231719  -0.00712395
10 29 19 343458 -0.03920555  0.00871325 -0.01215076
10 29 19 394950 -0.01318455 -0.01356554 -0.00093651
10 29 19 444206  0.04820061  0.02081299 -0.00783682
10 29 19 493623 -0.03613043  0.00873518 -0.0115037 
10 29 19 545469 -0.01393127 -0.01267719 -0.00091124
10 29 19 595855  0.04631472  0.01963377 -0.00837135
10 29 19 645963 -0.03485966  0.00719738 -0.01254082
10 29 19 694084 -0.01561117 -0.0156126  -0.00193453
10 29 19 743047  0.04715061  0.01910257 -0.00834942
10 29 19 795734 -0.03173923  0.00876284 -0.01370049
10 29 19 843771 -0.02029991 -0.01628923 -0.00221348
10 29 19 900673  0.04937601  0.01678705 -0.00821495
10 29 19 944817 -0.02696609  0.00937176 -0.01499844
10 29 20 3062 -0.02680779 -0.01977634 -0.00427437
10 29 20 44904  0.04987288  0.01455879 -0.00901985
10 29 20 93206 -0.02206564  0.0090909  -0.01473761
10 29 20 145656 -0.02682352 -0.02036381 -0.00461626
10 29 20 193954  0.05095673  0.01142931 -0.00986338
10 29 20 246747 -0.01737356  0.01065969 -0.01663828
10 29 20 294952 -0.02998304 -0.02428579 -0.00631762
10 29 20 341824  0.05172968  0.01050949 -0.00956678
10 29 20 393833 -0.01528072  0.01236057 -0.01666212
10 29 20 442844 -0.03266001 -0.02349997 -0.00741148
10 29 20 494384  0.05282116  0.00616741 -0.01071978
10 29 20 543667 -0.0099988   0.01170731 -0.01707506
10 29 20 596350 -0.03334761 -0.02537584 -0.00882435
10 29 20 645783  0.05281639  0.00358295 -0.01144028
10 29 20 695475 -0.00390816  0.01350784 -0.01868868
10 29 20 744474 -0.03801107 -0.02411366 -0.0125308 
10 29 20 796082  0.0519309   0.00149679 -0.01190901
10 29 20 846005  0.00407028  0.01446152 -0.02020311
10 29 20 894945 -0.04021358 -0.02375793 -0.0148921 
10 29 20 942012  4.98366356e-02  1.23977661e-05 -1.28479004e-02
10 29 21 1970  0.01082325  0.01228142 -0.02095413
10 29 21 43732 -0.03849745 -0.02262211 -0.01556253
10 29 21 96815  0.04874229 -0.00166416 -0.01337767
10 29 21 143408  0.01502609  0.01439905 -0.02156544
10 29 21 195177 -0.03752375 -0.02088213 -0.01684761
10 29 21 245229  0.04782391 -0.00376654 -0.01398277
10 29 21 293684  0.02279425  0.01517916 -0.02285433
10 29 21 345290 -0.03910685 -0.01923656 -0.01954269
10 29 21 395409  0.04278564 -0.00521898 -0.0138135 
10 29 21 446887  0.02757025  0.01575232 -0.02153444
10 29 21 495887 -0.0392704  -0.0164609  -0.01977158
10 29 21 541982  0.03979635 -0.00499058 -0.01390505
10 29 21 593871  0.03264761  0.01617861 -0.02253532
10 29 21 646218 -0.03812885 -0.01811266 -0.02162647
10 29 21 693885  0.03613663 -0.00912333 -0.0144105 
10 29 21 744327  0.03534555  0.01960754 -0.0223875 
10 29 21 795505 -0.03981304 -0.01413918 -0.02169418
10 29 21 845067  0.03239107 -0.009758   -0.01397657
10 29 21 895276  0.038764    0.01844454 -0.02271605
10 29 21 945962 -0.0377984  -0.01446533 -0.02227211
10 29 21 998132  0.02968502 -0.01150274 -0.01474953
10 29 22 47761  0.04110098  0.01972818 -0.02216291
10 29 22 95223 -0.03853083 -0.00816488 -0.0226779 
10 29 22 143133  0.02518797 -0.0111227  -0.01400757
10 29 22 193922  0.04219961  0.02046394 -0.02149916
10 29 22 243699 -0.03774261 -0.00786257 -0.02244473
10 29 22 295876  0.02246666 -0.01171017 -0.01400042
10 29 22 343608  0.04243898  0.02012587 -0.02209282
10 29 22 395288 -0.03880501 -0.00438643 -0.02265024
10 29 22 445009  0.01573467 -0.01100206 -0.01348114
10 29 22 493710  0.04279232  0.01940346 -0.02112818
10 29 22 545672 -0.03857517 -0.00679111 -0.0225687 
10 29 22 595217  0.01506329 -0.011024   -0.01378489
10 29 22 646072  0.04001713  0.0191927  -0.02161694
10 29 22 694389 -0.03888273 -0.00499868 -0.02213621
10 29 22 743095  0.01204967 -0.01159143 -0.01337576
10 29 22 793529  0.03877115  0.02079535 -0.02121878
10 29 22 842946 -0.04123068 -0.00538397 -0.02347517
10 29 22 895512  0.00818443 -0.01384878 -0.01361084
10 29 22 943801  0.03878164  0.02113771 -0.02116871
10 29 23 2086 -0.04369068 -0.00151682 -0.02332306
10 29 23 45710  0.00518751 -0.01247406 -0.01341772
10 29 23 94325  0.03870153  0.02162647 -0.02191782
10 29 23 146958 -0.04332829 -0.00145864 -0.02452421
10 29 23 194653  0.00368357 -0.01290607 -0.01428413
10 29 23 246461  0.0389595   0.02220631 -0.0237031 
10 29 23 295612 -0.04498768  0.00069857 -0.02517128
10 29 23 341922  0.00137043 -0.0108099  -0.01536655
10 29 23 393542  0.03758574  0.02347994 -0.02368402
10 29 23 443237 -0.04582405 -0.00120735 -0.02580404
10 29 23 494312 -0.00029993 -0.0128231  -0.01615286
10 29 23 544191  0.03596401  0.02342224 -0.02418375
10 29 23 595898 -0.04808807 -0.00080109 -0.02718592
10 29 23 644952 -0.00327349 -0.01238108 -0.01763964
10 29 23 692798  0.03428936  0.0253396  -0.02497149
10 29 23 743852 -0.04774904 -0.00045156 -0.02837706
10 29 23 795643  0.03624678  0.02336359 -0.02691889
10 29 23 847492 -0.04747725  0.00162506 -0.02925301
10 29 23 895214 -0.00679111  0.03120375  1.59367275
10 29 23 942661  0.03464222  0.02405453 -0.02763605
10 29 24 2818 -0.04748249  0.00075674 -0.03150558
10 29 24 43758 -0.00925064 -0.01405191 -0.02101517
