10 12 22 665770 0.02053404 0.10614538 0.99607778
10 12 22 692907 0.02588987 0.10930538 0.99366856
10 12 22 707542 0.02420306 0.10898161 0.99354911
10 12 22 725278 0.02235293 0.10805202 0.99463749
10 12 22 735129 0.02587199 0.10958171 0.994663  
10 12 22 768328 0.02534008 0.10975242 0.99815392
10 12 22 790828 0.0219233  0.10820961 0.99567413
10 12 22 831873 0.02373171 0.10818028 0.995435  
10 12 22 834298 0.02220297 0.10617018 0.99394107
10 12 22 879993 0.02407098 0.10794735 0.99221206
10 12 22 882331 0.02216935 0.1053381  0.99678731
10 12 22 928257 0.02334929 0.10639858 0.99709272
10 12 22 931141 0.02155375 0.10601664 0.99675155
10 12 22 975950 0.01968718 0.10697007 0.99843407
10 12 22 978338 0.02264714 0.10347986 0.99565005
10 12 23 24049 0.02273488 0.10486579 0.99801254
10 12 23 26474 0.02335095 0.10702896 0.99833632
10 12 23 71715 0.02488589 0.10822654 0.99563432
10 12 23 73999 0.02421665 0.10687709 0.99161577
10 12 23 119652 0.02292275 0.10737443 0.99425101
10 12 23 129410 0.02205873 0.10746789 0.99720192
10 12 23 183092 0.02344298 0.10714102 0.99487472
10 12 23 185439 0.02320266 0.10666466 0.99192476
10 12 23 215335 0.02143812 0.11252308 0.99559832
10 12 23 231678 0.02269006 0.10605812 0.99571609
10 12 23 279327 0.02388859 0.10680652 0.99546909
10 12 23 281686 0.0240705  0.10786438 0.99504924
10 12 23 327156 0.02183819 0.10703492 0.99518561
10 12 23 329694 0.02024722 0.10856199 0.99559331
10 12 23 375082 0.02129865 0.10455179 0.99355245
10 12 23 377251 0.02421141 0.10853672 0.99555087
10 12 23 423167 0.01967049 0.10710168 0.99598122
10 12 23 425509 0.02471781 0.10990429 0.99346161
10 12 23 471244 0.02281141 0.11015725 0.9955709 
10 12 23 474314 0.02341866 0.10794592 0.99822712
10 12 23 519395 0.02337217 0.10623837 0.99545288
10 12 23 534873 0.02268744 0.10460758 0.99384332
10 12 23 567176 0.02159047 0.10930824 0.9963696 
10 12 23 582949 0.02199244 0.10598683 0.99527621
10 12 23 615382 0.01989055 0.10737133 0.99752688
10 12 23 630637 0.02311754 0.10687613 1.00029945
10 12 23 685140 0.02328134 0.10676646 0.9980371 
10 12 23 693918 0.02310157 0.10556173 0.99499297
10 12 23 732357 0.02430439 0.10888338 0.99573445
10 12 23 741365 0.02025771 0.10522127 0.99381185
10 12 23 780069 0.02503324 0.10468984 0.99355483
10 12 23 787407 0.01998067 0.10626531 0.9962945 
10 12 23 830455 0.02180982 0.10789037 0.99264717
10 12 23 838827 0.02061534 0.10693908 0.99337769
10 12 23 876093 0.02145362 0.10774517 0.99575377
10 12 23 888109 0.02069926 0.1092298  0.99479795
10 12 23 918635 0.02163219 0.10776138 0.99818015
10 12 23 921143 0.02443242 0.10422254 0.99287987
10 12 23 966537 0.02245498 0.10637116 0.99554873
10 12 23 982417 0.02088857 0.10770202 0.99781895
10 12 24 30002 0.02252483 0.10840416 0.99841642
10 12 24 32004 0.02311945 0.10651302 1.00056934
10 12 24 77976 0.02172899 0.10382152 0.99448252
10 12 24 80038 0.02141047 0.10662198 0.99267197
10 12 24 126304 0.02369642 0.1044817  0.99606776
10 12 24 129246 0.01909161 0.1080749  0.99604368
10 12 24 174224 0.01977324 0.10667109 0.99464798
10 12 24 183621 0.02015209 0.11013532 0.99441409
10 12 24 227433 0.0220542  0.10762024 0.99853683
10 12 24 237399 0.02352762 0.10773444 0.99251533
10 12 24 285553 0.02234936 0.10478306 0.9943254 
10 12 24 287805 0.02432895 0.10625148 0.99672794
10 12 24 318397 0.02249765 0.10648561 0.99509788
10 12 24 321395 0.021945   0.1073041  0.99728608
10 12 24 381735 0.01800179 0.10592437 0.99525523
10 12 24 384150 0.02347183 0.10676408 0.99285507
10 12 24 429443 0.02275872 0.10801244 0.99418521
10 12 24 431537 0.02146459 0.10936999 0.99531555
10 12 24 477511 0.02108431 0.10637593 0.99481654
10 12 24 479914 0.02050924 0.1080873  0.99674273
10 12 24 525633 0.02515554 0.10592556 0.99834776
10 12 24 527987 0.02177525 0.10396218 0.99435997
10 12 24 573455 0.02114654 0.10800815 0.99527717
10 12 24 575721 0.02421427 0.10583472 1.00079751
10 12 24 621325 0.0220511  0.10544324 0.99586606
10 12 24 623465 0.02414846 0.10782576 0.9960804 
10 12 24 669602 0.02171397 0.10980082 0.9963963 
10 12 24 672098 0.01924896 0.10761046 0.99651957
10 12 24 733001 0.02142739 0.10839581 0.99564815
10 12 24 735512 0.0215857  0.10714269 0.9965167 
10 12 24 790015 0.02542496 0.10744882 0.9939518 
10 12 24 798494 0.02295017 0.10787392 0.99499846
10 12 24 829468 0.02181268 0.10881543 0.99604297
10 12 24 832170 0.02124381 0.11046934 0.99269938
10 12 24 877733 0.02441216 0.10605907 0.99531794
10 12 24 880816 0.02371359 0.10669732 0.99583459
10 12 24 925617 0.02458119 0.10783386 0.99319363
10 12 24 927652 0.02403641 0.10863876 0.99426436
10 12 24 972922 0.02293611 0.10865569 0.99324226
10 12 24 975791 0.0211339  0.10328364 0.99431491
10 12 25 20608 0.02259636 0.10848284 0.99313283
10 12 25 22863 0.02186608 0.10619068 0.99546885
10 12 25 68573 0.02240109 0.11008167 0.99653864
10 12 25 70931 0.01861453 0.10521388 0.99851775
10 12 25 116608 0.02210665 0.10895371 0.99777937
10 12 25 132630 0.02327132 0.1057477  0.99367833
10 12 25 180011 0.0219748  0.10506582 0.9937911 
10 12 25 182176 0.02243996 0.10498309 0.99472499
10 12 25 228259 0.02287459 0.10619235 0.99371147
10 12 25 230644 0.02621961 0.10786009 0.99297833
10 12 25 276083 0.02066112 0.10947347 0.99524117
10 12 25 278248 0.02310491 0.10829329 0.99247479
10 12 25 329917 0.02360725 0.10640383 0.99489188
10 12 25 337822 0.02254748 0.10691166 0.99413967
10 12 25 377230 0.02174187 0.10786438 0.99411345
10 12 25 384834 0.02334738 0.10987735 0.99454689
10 12 25 419984 0.02421761 0.10726738 0.99263358
10 12 25 422381 0.02310014 0.10586166 0.99115372
10 12 25 467591 0.02293253 0.11059999 0.99882293
10 12 25 483575 0.0240984  0.10635161 0.99478889
10 12 25 517892 0.02342772 0.10971808 0.99449635
10 12 25 536676 0.02096152 0.10704756 0.99460888
10 12 25 586391 0.02056932 0.10671401 0.99571609
10 12 25 594310 0.0242877  0.10603309 0.99515152
10 12 25 627512 0.02282858 0.10823274 0.99713135
10 12 25 630640 0.02284837 0.10803723 0.99599147
10 12 25 675301 0.02167702 0.10783839 0.99628925
10 12 25 677725 0.01944447 0.10721278 0.98974824
10 12 25 723346 0.02091551 0.10757709 0.99587345
10 12 25 725972 0.02356267 0.10595155 0.99642467
10 12 25 778558 0.02283406 0.10559464 0.99362636
10 12 25 786728 0.02299547 0.10751581 0.995924  
10 12 25 825330 0.02096581 0.10808992 0.99536252
10 12 25 834568 0.02052689 0.10674381 0.99638963
10 12 25 866952 0.02312827 0.10519743 0.99838185
10 12 25 882914 0.02331257 0.10827994 0.99478674
10 12 25 930596 0.02143121 0.10709643 0.99591923
10 12 25 933633 0.02227664 0.10852647 0.99599719
10 12 25 978930 0.02139187 0.10737801 0.99542785
10 12 25 981877 0.02384806 0.10875607 0.99584937
10 12 26 26357 0.02175355 0.10729289 0.99503112
10 12 26 28698 0.0243938  0.10924411 0.99608922
10 12 26 80347 0.02183986 0.10882306 0.99691987
10 12 26 89673 0.02441049 0.10915232 0.99671888
10 12 26 127272 0.01910877 0.10700583 0.99901748
10 12 26 137406 0.02149773 0.10620785 0.99470949
10 12 26 170148 0.02199626 0.10525227 0.99632764
10 12 26 172669 0.02215195 0.1091032  0.99437785
10 12 26 218206 0.02284694 0.10792518 0.99506664
10 12 26 265914  8.74996185e-05  1.81292295e+00 -1.15235639e+00
10 12 26 282301 0.02464676 0.10660052 0.99536347
10 12 26 288176 0.02209616 0.10769987 0.99497557
10 12 26 329995  0.02746582 -0.36962724 -0.31958008
10 12 26 332811 0.0236547  0.11284256 0.99454331
10 12 26 377906 0.02376223 0.10795379 0.99717712
10 12 26 380259 0.02320313 0.10990453 1.00116634
10 12 26 425818 0.02193427 0.10972953 0.99686432
10 12 26 428117 0.02402115 0.11289072 0.99111128
10 12 26 480170 0.02606487 0.10336089 0.95530462
10 12 26 488338 0.01446748 0.11281013 0.94299746
10 12 26 532315 0.02147913 0.1498909  0.9121232 
10 12 26 540629 0.0396204  0.13494301 1.07157397
10 12 26 575667 0.02883554 0.02738237 1.13211799
10 12 26 586103 -0.00152302  0.0685041   1.04498363
10 12 26 618346 0.02599144 0.14618492 0.97975922
10 12 26 620674 0.03666782 0.15244269 0.86809134
10 12 26 681386 0.0225873  0.10597372 0.96074557
10 12 26 683879 0.00275922 0.0704422  1.10367012
10 12 26 729114 0.01096773 0.0920701  0.99099088
10 12 26 731328 0.0290482  0.12734056 0.9079845 
10 12 26 777299 0.02673316 0.13159156 0.95641398
10 12 26 779012 0.02275729 0.11412668 0.98436308
10 12 26 825115 0.02248621 0.09314513 1.06451488
10 12 26 827311 0.02067804 0.08284736 1.07276344
10 12 26 873042 0.02360535 0.10949874 0.99900031
10 12 26 875560 0.02300167 0.11331415 0.95498347
10 12 26 921125 0.02884221 0.10482144 0.96203732
10 12 26 923430 0.02732706 0.10581326 0.98392105
10 12 26 969018 0.02121401 0.10442948 1.00296187
10 12 26 971664 0.0152874  0.10919213 0.99307394
10 12 27 32630 0.01749206 0.10914087 0.99667144
10 12 27 35051 0.02521896 0.10867476 1.00465107
10 12 27 80714 0.03074908 0.1020577  1.01752901
10 12 27 83226 0.0249722  0.09898162 1.01629138
10 12 27 128828 0.02198076 0.10335994 0.99374843
10 12 27 131571 0.01737475 0.11261129 0.97748685
10 12 27 176443 0.01793313 0.11879206 0.97251296
10 12 27 178622 0.02167296 0.11816287 0.97449517
10 12 27 224547 0.0237093  0.10545945 0.99123406
10 12 27 226685 0.02235031 0.10227323 1.00287628
10 12 27 272388 0.0228641  0.1001265  1.02116728
10 12 27 288661 0.02765441 0.09955192 1.02177501
10 12 27 320492 0.02515221 0.10421395 1.00631094
10 12 27 323030 0.02547574 0.11025858 0.98884177
10 12 27 368237 0.02484035 0.10931706 0.97540736
10 12 27 384371 0.01784158 0.1104846  0.97629118
10 12 27 418966 0.01931024 0.10858059 0.98688769
10 12 27 431885 0.02106786 0.10553145 0.9930675 
10 12 27 464268 0.02095771 0.10626674 0.99387336
10 12 27 480489 0.02141619 0.1045351  1.00343204
10 12 27 535795 0.01997948 0.10552573 1.01391697
10 12 27 544191 0.02330875 0.10118842 1.01681638
10 12 27 581378 0.02305984 0.10492921 1.00765729
10 12 27 593045 0.02391887 0.1097753  0.98963881
10 12 27 624492 0.02322531 0.11225128 0.98382521
10 12 27 626998 0.02061939 0.10789633 0.98008013
10 12 27 671814 0.02230954 0.10782409 0.98952937
10 12 27 673875 0.02132702 0.10723925 0.99454761
10 12 27 720035 0.02277303 0.10416293 1.00215411
10 12 27 735727 0.02794433 0.10232997 1.00350094
10 12 27 783383 0.02377391 0.10496688 1.00287056
10 12 27 785625 0.02689409 0.10669136 0.99904609
10 12 27 822801 0.02312994 0.1073637  0.99336123
10 12 27 838758 0.02245736 0.1079123  0.99080729
10 12 27 886069 0.02078176 0.10886621 0.98536897
10 12 27 894196 0.02099442 0.10997486 0.98567414
10 12 27 927602 0.02369833 0.11091185 0.99633789
10 12 27 930098 0.0207653  0.10511899 1.00623178
10 12 27 975492 0.01984549 0.1058743  1.00568247
10 12 27 977717 0.02702546 0.10449529 0.99965405
10 12 28 23262 0.02453113 0.11006856 0.993191  
10 12 28 25309 0.02214026 0.10628843 0.99482942
10 12 28 71405 0.01686144 0.1097002  0.9884572 
10 12 28 73664 0.02110577 0.10916305 0.99131918
10 12 28 119570 0.02326131 0.10803032 0.99324059
10 12 28 122040 0.02229738 0.11041594 0.99936461
10 12 28 167205 0.02229857 0.10153913 1.0039463 
10 12 28 169266 0.02346396 0.10787463 1.0075736 
10 12 28 231062 0.02412391 0.10338068 1.00362563
10 12 28 233301 0.02291155 0.09474158 1.00037622
10 12 28 278987 0.01681876 0.10270691 1.0004313 
10 12 28 281267 0.02208257 0.11509109 0.992558  
10 12 28 326808 0.02104521 0.1132977  0.98476529
10 12 28 329166 0.0200851  0.10587811 0.99084401
10 12 28 374878 0.02308846 0.10675883 0.98903275
10 12 28 377066 0.02042699 0.10869789 0.99162197
10 12 28 427753 0.02389503 0.10943866 0.99304795
10 12 28 435360 0.02497053 0.10824466 1.00031376
10 12 28 478661 0.02533674 0.11253691 1.01009583
10 12 28 487172 0.0235734  0.10736871 0.99854445
10 12 28 525214 0.02094436 0.11090517 0.98694825
10 12 28 535586 0.0181365  0.11573505 0.97954869
10 12 28 582523 0.02393961 0.11195922 0.98372436
10 12 28 584866 0.02140665 0.10764933 0.99802637
10 12 28 630263 0.02269006 0.11166334 0.99507737
10 12 28 633965 0.02351093 0.11089492 0.993325  
10 12 28 678087 0.0236125  0.10965919 0.9892602 
10 12 28 680267 0.02425933 0.11266351 0.99400401
10 12 28 726110 0.02254558 0.10858631 1.00288677
10 12 28 729025 0.02180696 0.10853696 0.99654698
10 12 28 774010 0.01951909 0.109056   0.99092293
10 12 28 776212 0.02301788 0.11057591 0.98817229
10 12 28 821827 0.02218318 0.10966229 0.99269533
10 12 28 823968 0.02284217 0.10888529 0.99795341
10 12 28 869767 0.0226059  0.10673881 1.00036287
10 12 28 872588 0.02193332 0.1079812  0.99757385
10 12 28 937908 0.0241046  0.10787463 0.99729156
10 12 28 945497 0.02506208 0.10657215 0.99881887
10 12 28 981203 0.01997948 0.10902405 0.99682903
10 12 28 983433 0.01996493 0.10659695 0.99178219
10 12 29 37793 0.02390099 0.10680127 0.98873234
10 12 29 46351 0.02207398 0.11012125 0.98800993
10 12 29 77940 0.02442622 0.10829043 0.99393129
10 12 29 80533 0.02096367 0.10978222 0.9948988 
10 12 29 131068 0.02368093 0.11000037 0.99906349
10 12 29 139062 0.02163911 0.10364914 0.99869061
10 12 29 178608 0.02521467 0.11062288 1.00013852
10 12 29 189766 0.02438903 0.1076777  0.99629641
10 12 29 221161 0.02150631 0.11131454 0.99374962
10 12 29 223619 0.01844907 0.11000729 0.99409485
10 12 29 277901 0.02168512 0.1093266  0.99457526
10 12 29 284368 0.02127886 0.11162686 0.99413657
10 12 29 317052 0.022439   0.11587691 0.99071002
10 12 29 332792 0.02137661 0.11675215 0.99520707
10 12 29 381005 0.02108359 0.11226678 1.0005703 
10 12 29 383470 0.02114391 0.10923266 1.00496006
10 12 29 428637 0.02297378 0.11654043 0.99748969
10 12 29 431478 0.02408147 0.11810946 0.99071217
10 12 29 476584 0.02453971 0.11628771 0.98716927
10 12 29 478859 0.02342129 0.11349559 0.99223566
10 12 29 524663 0.01564622 0.76606774 0.1913805 
10 12 29 526864  9.44137573e-05 -1.06206226e+00  7.38229752e-01
10 12 29 572455 0.02722764 0.1118784  0.99322081
10 12 29 574959 0.02635241 0.14319658 0.92691922
10 12 29 629131 0.02831888 0.10568523 0.98601866
10 12 29 637305 0.02854609 0.08929253 1.05579567
10 12 29 668661 0.02339172 0.11124015 1.05179405
10 12 29 684143 0.02763772 0.12506723 1.02003765
10 12 29 723445 0.02697206 0.10345793 0.95693922
10 12 29 735365 0.03221655 0.10122013 0.94268203
10 12 29 779770 0.02834606 0.11206889 1.00407481
10 12 29 782130 0.02540398 0.11790562 0.99626064
10 12 29 827968 0.01551318 0.11037493 0.98602962
10 12 29 830188 0.01798201 0.10745478 0.99399424
10 12 29 875883 0.02012157 0.10619402 0.98653626
10 12 29 878304 0.02282524 0.11824775 1.01167464
10 12 29 924135 0.02422047 0.11338687 1.01271272
10 12 29 926992 0.01831889 0.0982163  1.01291442
10 12 29 972347 0.01454091 0.1079812  0.99175954
10 12 29 975416 0.01462889 0.12312555 0.96899629
10 12 30 19725 0.01993871 0.12393594 0.96756148
10 12 30 22418 0.0202837  0.12018442 0.98680449
10 12 30 67669 0.01953053 0.10684133 1.01108789
10 12 30 83439 0.024055   0.09457898 1.00544095
10 12 30 131551 0.02488756 0.09771585 1.01567769
10 12 30 133635 0.0259428  0.11180592 1.00507998
10 12 30 179514 0.03085899 0.11263418 0.99767256
10 12 30 182805 0.0250802  0.10741878 0.98742771
10 12 30 227345 0.02177668 0.11147046 0.9805584 
10 12 30 235136 0.02108383 0.11473036 0.98353505
10 12 30 281902 0.02765942 0.10878921 0.9798069 
10 12 30 290926 0.02483821 0.10696864 0.99425936
10 12 30 323530 0.02304578 0.10609436 1.01029968
10 12 30 335131 0.02213597 0.10424733 1.01608133
10 12 30 371187 0.02516031 0.10339117 1.00842547
10 12 30 373400 0.02111626 0.11014462 1.00206375
10 12 30 419285 0.01956201 0.10943484 1.0031364 
10 12 30 421820 0.02126884 0.10630608 0.99091434
10 12 30 467006 0.01706982 0.1088109  0.97857475
10 12 30 469623 0.01969194 0.11182904 0.9788239 
10 12 30 530912 0.01903892 0.11394    0.9865396 
10 12 30 533259 0.02195144 0.10719538 1.0036366 
10 12 30 579088 0.02418399 0.10571647 1.00423694
10 12 30 581265 0.02612424 0.11228299 0.99720597
10 12 30 626939 0.02643251 0.11147833 0.99357343
10 12 30 629223 0.02554512 0.11269116 0.99498105
10 12 30 674613 0.02556944 0.11116719 0.99756122
10 12 30 676890 0.02522922 0.11471295 0.98975778
10 12 30 722621 0.02466559 0.11439514 0.98298216
10 12 30 724638 0.02206063 0.11583281 0.98661947
10 12 30 777238 0.02427125 0.11560202 0.99975872
10 12 30 791529 0.02403426 0.10905933 1.0037632 
10 12 30 824523 0.02803636 0.11356521 1.00286198
10 12 30 836314 0.02318382 0.11057401 0.99965358
10 12 30 882185 0.02382588 0.11113167 0.99042916
10 12 30 884502 0.02101231 0.10756445 0.98705506
10 12 30 929969 0.02122474 0.10730529 0.99075055
10 12 30 931600 0.02097607 0.10680175 0.99403191
10 12 30 978309 0.02220559 0.10225129 0.99704576
10 12 30 980896 0.02074528 0.10248327 0.99867749
10 12 31 26056 0.02019858 0.10800743 0.99877238
10 12 31 28262 0.02652979 0.10398507 1.00193286
10 12 31 74133 0.02436948 0.10392332 1.00169492
10 12 31 76947 0.02350116 0.1027596  1.00306511
10 12 31 121993 0.02203441 0.10663533 0.99669933
10 12 31 124124 0.02184033 0.11105633 0.98949242
10 12 31 170722 0.02213454 0.11302423 0.98883224
10 12 31 173042 0.02218962 0.11228371 0.99198484
10 12 31 224483 0.02132249 0.10920978 0.99941516
10 12 31 233206 0.02409816 0.10876393 0.99910069
10 12 31 281387 0.02567267 0.11115694 0.99807262
10 12 31 283664 0.02639103 0.11308193 0.99616146
10 12 31 329789 0.02518487 0.11312675 0.99674559
10 12 31 332203 0.02504826 0.11247277 0.99746728
10 12 31 377625 0.02498555 0.11067319 0.99744892
10 12 31 379923 0.02609539 0.11118174 0.9884429 
10 12 31 425644 0.02501392 0.11394334 0.98355865
10 12 31 428036 0.02323914 0.11436033 0.99000978
10 12 31 473641 0.01979303 0.11039996 0.99529672
10 12 31 475871 0.02319479 0.10894442 0.99742532
10 12 31 521505 0.01884294 0.11118937 0.99650788
10 12 31 523664 0.02054787 0.10874891 0.99531174
10 12 31 569641 0.01982164 0.11108828 0.99676871
10 12 31 585131 0.01994252 0.10966444 0.99827933
10 12 31 618462 0.02044559 0.10635591 0.9996593 
10 12 31 641302 0.02161145 0.10700417 0.99863648
10 12 31 673737 0.02166295 0.10888243 0.99665713
10 12 31 681188 0.02342057 0.10712981 0.99302602
10 12 31 729138 0.02350998 0.11176205 0.99535894
10 12 31 731433 0.02796078 0.10954261 0.99714065
10 12 31 782464 0.02541375 0.10579324 1.00217485
10 12 31 790774 0.02680016 0.10798168 0.9980948 
10 12 31 825043 0.02519536 0.10902858 0.99271441
10 12 31 827179 0.02547455 0.10886717 0.98584747
10 12 31 878249 0.02585912 0.11017752 0.99164939
10 12 31 886214 0.02238011 0.1097219  0.99627805
10 12 31 928670 0.02228069 0.10868812 0.99867129
10 12 31 937123 0.02290535 0.10734367 1.00000072
10 12 31 975651 0.0210495  0.11150265 0.99664688
10 12 31 984256 0.02235293 0.11018729 0.99877691
10 12 32 16782 0.02221465 0.10856247 0.99612641
10 12 32 18938 0.0227468  0.10990143 0.99626541
10 12 32 86577 0.01871634 0.10840821 0.99867105
10 12 32 94811 0.01951909 0.11011171 0.99848628
10 12 32 134777 0.02199244 0.11087394 0.99164319
10 12 32 143082 0.02038956 0.10971808 0.99140453
10 12 32 175602 0.0198853  0.11381483 0.99579   
10 12 32 177762 0.01978374 0.11285925 0.99786258
10 12 32 223920 0.02007794 0.11080265 0.99576759
10 12 32 226466 0.02578139 0.108953   0.99325061
10 12 32 271874 0.02439356 0.1105392  0.99159288
10 12 32 273975 0.02485442 0.11379719 0.99389982
10 12 32 319796 0.02495098 0.11196876 0.99682665
10 12 32 321966 0.02611542 0.11162615 0.99504948
10 12 32 367878 0.02449894 0.1107502  0.99145579
10 12 32 370235 0.02553201 0.10969853 0.99133921
10 12 32 431473 0.02648306 0.11322141 0.99567652
10 12 32 433746 0.02239394 0.10755348 0.99852824
10 12 32 479415 0.02191234 0.1062417  1.00061226
10 12 32 481548 0.02350402 0.10763812 0.9979794 
10 12 32 527258 0.02496672 0.10609221 0.99546742
10 12 32 529254 0.02080989 0.10695887 0.99950814
10 12 32 575153 0.02179241 0.10424471 1.00004244
10 12 32 578149 0.01818514 0.10604215 1.00057387
10 12 32 622861 0.01800156 0.10754967 0.99784374
10 12 32 624812 0.02223802 0.1088376  0.99855137
10 12 32 671025 0.01947975 0.10613227 0.99896193
10 12 32 673251 0.0239687  0.1083715  0.99592376
10 12 32 719142 0.02596259 0.10688829 0.99336982
10 12 32 721354 0.02285457 0.11256385 0.99386334
10 12 32 788578 0.02032471 0.10999966 0.99197793
10 12 32 796353 0.02309442 0.10864663 0.9936235 
10 12 32 830506 0.02697635 0.11143541 0.99132395
10 12 32 834328 0.01567626 1.87543964 0.42575932
10 12 32 878485  1.03712082e-04 -3.74561071e-01 -1.15237761e+00
10 12 32 881097 0.0236125  0.1128304  0.99396157
10 12 32 926795 0.02280092 0.10882139 0.99642801
10 12 32 929759 0.02357507 0.11040378 0.99378824
10 12 32 974714 0.02273798 0.11197281 0.9934926 
10 12 32 977242 0.02353883 0.10894465 0.9952805 
10 12 33 30750 0.0257225  0.10872769 0.99551535
10 12 33 36080 0.02466059 0.11029124 0.9945724 
10 12 33 70254 0.02256489 0.11232018 0.99342728
10 12 33 73249 0.02764869 0.11396861 0.99294257
10 12 33 118278 0.01984501 0.1112535  0.99260402
10 12 33 134894 0.0199945  0.11086702 0.99731684
10 12 33 182374 0.02314591 0.10914469 0.99763012
10 12 33 184880 0.02167535 0.11086011 0.99390531
10 12 33 229891 0.02267742 0.10946202 0.99566746
10 12 33 232361 0.01908779 0.10872531 0.99849772
10 12 33 278234 0.0232532  0.10935712 0.99706793
10 12 33 281013 0.02093506 0.11082625 0.99691653
10 12 33 325386 0.02126384 0.1092732  0.99610209
10 12 33 327218 0.02231026 0.11210823 0.9946363 
10 12 33 373661 0.02141595 0.10906982 0.99577165
10 12 33 375813 0.02276468 0.10946512 0.99175954
10 12 33 421539 0.02100563 0.1076045  0.99599528
10 12 33 423945 0.02197075 0.1095314  0.99559951
10 12 33 469576 0.02165103 0.10914803 0.99667883
10 12 33 471963 0.02483535 0.10910773 0.99664617
10 12 33 518174 0.02440286 0.10866117 0.9976058 
10 12 33 533316 0.02571654 0.10844755 0.99420357
10 12 33 568577 0.02550554 0.10979557 0.99383569
10 12 33 581504 0.02463102 0.10784483 0.99589491
10 12 33 629444 0.02383947 0.10750914 0.99138045
10 12 33 631786 0.02293801 0.11037016 0.99299622
10 12 33 677209 0.02569723 0.11180353 0.99489975
10 12 33 679309 0.02188444 0.10867262 0.99437499
10 12 33 725155 0.01921773 0.11114693 0.99811316
10 12 33 727227 0.02122998 0.10877228 0.99835372
10 12 33 773270 0.01954174 0.11085916 0.99987864
10 12 33 775350 0.02260709 0.1096766  0.99468613
10 12 33 821084 0.02001691 0.10992384 0.99421668
10 12 33 823361 0.0247848  0.11027575 0.993433  
10 12 33 870109 0.0231204  0.11068463 0.99405956
10 12 33 885035 0.02717638 0.11039805 0.99957585
10 12 33 916841 0.01877284 0.1081388  0.99625349
10 12 33 932758 0.02036715 0.11168981 0.99381781
10 12 33 987545 0.0215559  0.11246514 0.99148822
10 12 33 995329 0.02174091 0.10809851 0.99848962
10 12 34 28896 0.02126694 0.11240387 0.99900746
10 12 34 31982 0.0239985  0.1146512  0.99464297
10 12 34 76621 0.02409768 0.11398077 0.99293876
10 12 34 78844 0.02631211 0.11202383 0.99169469
10 12 34 124723 0.0236299  0.1121645  0.99752641
10 12 34 127397 0.02404284 0.11179447 0.99568391
10 12 34 173115 0.02368593 0.1130991  0.99334884
10 12 34 175812 0.02560496 0.11148286 0.99576521
10 12 34 220788 0.02420473 0.10877657 0.99599481
10 12 34 222835 0.02580357 0.10771585 0.99458265
10 12 34 289098 0.02588105 0.11037445 0.99833775
10 12 34 297387 0.01915669 0.11192203 0.99332404
10 12 34 335741 0.02285314 0.10983133 0.99642801
10 12 34 337910 0.02273178 0.11131525 0.99517059
10 12 34 380434 0.0221231  0.10827184 0.99982452
10 12 34 383152 0.02208948 0.10812187 1.00023913
10 12 34 428633 0.0224297  0.10677385 0.99937296
10 12 34 430895 0.02191615 0.10906386 0.99500084
10 12 34 476318 0.02180505 0.1120832  0.99553585
10 12 34 479219 0.02525496 0.10925508 0.9983182 
10 12 34 524156 0.02229047 0.10996222 0.99552107
10 12 34 526196 0.02655387 0.1115365  0.99596286
10 12 34 572062 0.02360392 0.10948277 0.99473381
10 12 34 574431 0.01948667 0.11014605 0.99186754
10 12 34 619889 0.02522182 0.11086988 0.99379587
10 12 34 622284 0.02173734 0.11232305 0.99654555
10 12 34 667722 0.02531147 0.10817337 0.99986529
10 12 34 669749 0.02216053 0.10906744 0.99552035
10 12 34 731438 0.02384162 0.10978556 0.99079299
10 12 34 733543 0.02192187 0.11324739 0.99435925
10 12 34 779244 0.02317929 0.10885453 0.99473786
10 12 34 781903 0.02273583 0.11249566 0.99268222
10 12 34 827706 0.02459717 0.10993671 0.9953866 
10 12 34 830077 0.02072453 0.11114573 0.99509692
10 12 34 875462 0.02208042 0.11215854 0.9970293 
10 12 34 877531 0.01958919 0.10673594 0.99621892
10 12 34 923536 0.02199602 0.11188889 0.99647284
10 12 34 925863 0.02211928 0.11196208 0.99885225
10 12 34 971278 0.02345371 0.10866404 0.99688745
10 12 34 973633 0.02634168 0.10886955 0.99604988
10 12 35 19157 0.02412438 0.1088829  0.99491262
10 12 35 22162 0.02483416 0.10678911 0.9962821 
10 12 35 82936 0.02430677 0.109833   0.99492717
10 12 35 85809 0.0218401  0.10837436 0.99465275
10 12 35 130743 0.02541304 0.10499525 1.0028286 
10 12 35 133086 0.02101731 0.11107635 1.00645089
10 12 35 178923 0.0249548  0.10995412 1.00032663
10 12 35 181296 0.02654505 0.11232281 0.99236989
10 12 35 226732 0.02273226 0.09375167 0.99795556
10 12 35 228997 0.0241425  0.10426593 1.01721454
10 12 35 274670 0.02039385 0.11521554 1.00446606
10 12 35 276889 0.01962185 0.11021972 0.97949171
10 12 35 322666 0.02421784 0.11925578 0.96489692
10 12 35 324888 0.01965499 0.116184   0.97902632
10 12 35 370500 0.02037835 0.11014652 1.01034498
10 12 35 373236 0.02282071 0.10650539 0.99537206
10 12 35 424541 0.02325058 0.11176562 0.98811746
10 12 35 433979 0.02239323 0.11716056 0.99422693
10 12 35 466319 0.02318001 0.11143208 1.00005746
10 12 35 482100 0.02372241 0.11073065 1.00848818
10 12 35 530201 0.02142835 0.10859466 0.9976666 
10 12 35 532417 0.02099037 0.1166234  0.98047519
10 12 35 577986 0.02361012 0.1153543  0.97703838
10 12 35 580314 0.02225327 0.11516595 0.99160457
10 12 35 625704 0.02133799 0.11407518 0.9982059 
10 12 35 627802 0.02238941 0.11329246 0.99452829
10 12 35 673670 0.02143168 0.11345196 1.00025892
10 12 35 675901 0.02331948 0.1123085  0.99804735
10 12 35 721725 0.02120399 0.10862422 1.00080705
10 12 35 724379 0.02220416 0.1098609  0.99743938
10 12 35 789780 0.02111125 0.11021113 0.98965979
10 12 35 797998 0.02269816 0.11061883 0.9873755 
10 12 35 817501 0.02206397 0.10917401 0.98850083
10 12 35 833326 0.02161694 0.10969114 0.9966383 
10 12 35 874179 0.02463794 0.10752201 1.0023756 
10 12 35 881023 0.02200651 0.10845113 1.00384188
10 12 35 929085 0.02472496 0.10675645 1.00168538
10 12 35 931503 0.02329731 0.10731339 1.00137639
10 12 35 977253 0.02338696 0.10613322 0.99430871
10 12 35 979605 0.01998448 0.09896231 0.96708083
10 12 36 25385 0.01558805 0.12181854 0.98412013
10 12 36 28249 0.02741385 0.14570737 1.04939485
10 12 36 72956 0.02358222 0.07871103 0.98352647
10 12 36 75425 0.01814127 0.08898926 1.23821688
10 12 36 121162 9.60826874e-05 1.26612067e+00 9.88306046e-01
10 12 36 123236 0.02841187 0.12779474 0.98724294
10 12 36 168969 0.02229714 0.11021757 0.9993155 
10 12 36 184665 0.02385783 0.10878301 0.99543309
10 12 36 216564 0.02668381 0.11037683 0.99435782
10 12 36 219063 0.02404809 0.1108799  0.98935032
10 12 36 286335 0.0229044  0.11186552 0.98957038
10 12 36 294436 0.02535701 0.10787821 0.993788  
10 12 36 334806 0.02342105 0.1052556  1.0008471 
10 12 36 344664 0.0223794  0.10864782 0.99978614
10 12 36 376373 0.02180576 0.10437131 1.00004172
10 12 36 378521 0.02293563 0.10912347 1.00034142
10 12 36 424356 0.01864338 0.10691357 0.99978185
10 12 36 426517 0.0212605  0.10763431 0.99293208
10 12 36 472431 0.02059841 0.10869241 0.99396515
10 12 36 479907 0.02249217 0.10918856 0.99568343
10 12 36 520256 0.01887012 0.10786843 0.99702024
10 12 36 522986 0.02075315 0.10583043 0.99770665
10 12 36 568262 0.02548194 0.10449195 0.99507546
10 12 36 570695 0.02221322 0.10612988 0.9964571 
10 12 36 631733 0.02258587 0.10860372 0.99224997
10 12 36 633710 0.02205157 0.11108184 0.99150872
10 12 36 680123 0.0203886  0.10898852 0.991395  
10 12 36 683004 0.02420378 0.11250687 0.99086046
10 12 36 727561 0.02470827 0.10976505 0.9901433 
10 12 36 729939 0.02249432 0.10873318 0.9935174 
10 12 36 775813 0.02335    0.1087091  0.99756217
10 12 36 778122 0.02584648 0.10908079 1.00295925
10 12 36 823668 0.02135825 0.10948658 1.00488186
10 12 36 825892 0.02633071 0.10702229 0.99402833
10 12 36 872204 0.02395129 0.11379313 0.99125981
10 12 36 874347 0.02337193 0.11212063 0.99325061
10 12 36 919935 0.02270079 0.11138535 0.99247146
10 12 36 922352 0.01955342 0.11186671 0.99212384
10 12 36 983483 0.01859593 0.10884714 0.99484086
10 12 36 985825 0.02125335 0.10810304 0.99917173
10 12 37 31230 0.02237344 0.10787773 1.00371289
10 12 37 33278 0.02173662 0.10368943 1.0032053 
10 12 37 79476 0.02392387 0.10803318 0.99986124
10 12 37 81886 0.0188756  0.10317731 0.99471641
10 12 37 127433 0.02067161 0.10923624 0.99323511
10 12 37 130592 0.01908779 0.1076827  0.99052858
10 12 37 180230 0.02214694 0.11003566 0.99417949
10 12 37 187657 0.02381587 0.11055255 0.99573898
10 12 37 229427 0.02165794 0.10580301 0.99275374
10 12 37 237606 0.0233016  0.10982513 1.00098753
10 12 37 271498 0.02075291 0.10642767 1.0036335 
10 12 37 287179 0.02319741 0.10914564 1.00066829
10 12 37 319460 0.02135444 0.10922551 0.99630451
10 12 37 335237 0.02151394 0.10782886 0.99206805
10 12 37 367037 0.0228703  0.10996532 0.99451923
10 12 37 383201 0.02482247 0.11012816 0.99018741
10 12 37 414944 0.01945591 0.10620284 0.99219179
10 12 37 431191 0.02284002 0.10984945 0.99504805
10 12 37 479369 0.02503538 0.10845757 0.99532294
10 12 37 481433 0.01909661 0.10734868 0.99710059
10 12 37 526950 0.02386689 0.10996175 0.99789381
10 12 37 529625 0.0219512  0.11272049 0.99328661
10 12 37 574859 0.02271104 0.11140966 0.99181581
10 12 37 577106 0.02054834 0.10821247 0.99155831
10 12 37 622827 0.01787496 0.10932779 0.99208498
10 12 37 625090 0.02244163 0.11181116 0.99437261
10 12 37 670606 0.0210104  0.10916305 0.99639487
10 12 37 672909 0.02332711 0.10691929 0.99502277
10 12 37 718694 0.02312207 0.10696578 1.00006986
10 12 37 734613 0.02261257 0.10665417 0.99832439
10 12 37 782299 0.02470326 0.1081326  0.99617386
10 12 37 785214 0.02406287 0.10672212 0.9956665 
10 12 37 830407 0.02294159 0.10676098 0.98912716
10 12 37 832494 0.02304029 0.10680342 0.98903131
10 12 37 884352 0.02380204 0.10967827 0.99132276
10 12 37 892298 0.01995587 0.10793066 0.99598455
10 12 37 926724 0.02502346 0.1060524  0.99899578
10 12 37 928841 0.02041435 0.10569429 1.00065589
10 12 37 974130 0.02592826 0.10723567 0.99577856
10 12 37 976232 0.01962066 0.10973382 0.99641681
10 12 38 22395 0.02432394 0.11038351 0.99395394
10 12 38 25314 0.02007246 0.10761213 0.99333858
10 12 38 70123 0.02159929 0.10869694 0.99494004
10 12 38 85641 0.02536225 0.10834193 0.99216437
10 12 38 118044 0.02248096 0.10974073 0.99591112
10 12 38 121663 0.02132821 0.10856557 0.9959054 
10 12 38 181935 0.02204704 0.10671473 0.9964993 
10 12 38 184260 0.023072   0.1068666  1.00122881
10 12 38 229609 0.0245893  0.11246419 0.99868488
10 12 38 231702 0.02262068 0.10715246 0.9943161 
10 12 38 277564 0.02207899 0.11055183 0.99405551
10 12 38 279615 0.02060556 0.11196089 0.99234247
10 12 38 325387 0.02206564 0.11047363 0.99258137
10 12 38 327922 0.02272224 0.1079154  0.99225497
10 12 38 373421 0.02060604 0.10916996 0.99609661
10 12 38 375700 0.0219574  0.1105895  0.99737382
10 12 38 421286 0.02251124 0.10797286 0.99716043
10 12 38 423384 0.02352142 0.10881639 0.99817348
10 12 38 469091 0.02064633 0.10849833 0.99546766
10 12 38 471320 0.02135539 0.10785031 0.99428344
10 12 38 532829 0.02291727 0.10884643 0.99208546
10 12 38 535174 0.01974511 0.10769558 0.99424767
10 12 38 580889 0.02351356 0.1059134  0.99628878
10 12 38 583162 0.01916814 0.10779881 0.99602032
10 12 38 628653 0.02236485 0.10802722 0.9968009 
10 12 38 630993 0.02361393 0.10884356 0.99824858
10 12 38 676672 0.02309799 0.10922074 0.99741435
10 12 38 678749 0.02006078 0.10843134 0.9973166 
10 12 38 724651 0.02532244 0.10864782 0.99629426
10 12 38 726994 0.02041078 0.11097836 0.99362755
10 12 38 777621 0.02146745 0.10961199 0.99078774
10 12 38 793066 0.01908612 0.11063409 0.99427009
10 12 38 820239 0.0220108  0.10496116 0.99549365
10 12 38 822738 0.02242351 0.11073256 0.99638057
10 12 38 868182 0.02303386 0.10681033 0.99489832
10 12 38 870490 0.02119493 0.1094594  0.99670863
10 12 38 931764 0.02182865 0.10976005 0.99805427
10 12 38 934639 0.01738071 0.10894442 0.99564147
10 12 38 979925 0.02103233 0.11299801 0.99583673
10 12 38 982320 0.02123547 0.10731196 0.99294448
10 12 39 28075 0.0185442  0.11002946 0.98799133
10 12 39 30270 0.02553391 0.11095452 0.98335576
10 12 39 84908 0.022506   0.10812283 0.99858093
10 12 39 100393 0.02337408 0.10529804 1.00816727
10 12 39 140084 0.02204013 0.10974169 1.00357103
10 12 39 145393 0.02252913 0.10277677 0.9946754 
10 12 39 171615 0.02164268 0.10907388 0.99454212
10 12 39 174219 0.02645898 0.10859275 0.99895072
10 12 39 219606 0.01969671 0.10730386 0.99739003
10 12 39 221711 0.02298141 0.1084888  0.99340296
10 12 39 291604 0.02188158 0.1103816  0.98809886
10 12 39 295700  0.0156517   1.78167462 -1.51173711
10 12 39 315627  7.93933868e-05  1.43791628e+00 -1.44922137e+00
10 12 39 331101 0.02181721 0.10553932 1.00212002
10 12 39 379369 0.02250814 0.1098578  0.99288011
10 12 39 381519 0.02296543 0.11200857 0.99260068
10 12 39 427280 0.01893854 0.11003017 0.99424124
10 12 39 438169 0.02103138 0.10615158 0.99967551
10 12 39 482113 0.02035975 0.10684896 0.9973762 
10 12 39 492304 0.02209067 0.10736609 0.99748611
10 12 39 532765 0.02604866 0.11098671 0.99492812
10 12 39 551488 0.02339244 0.10625482 0.99637151
10 12 39 571049 0.02563858 0.10954833 0.99730039
10 12 39 574189 0.02462816 0.11061454 0.99321675
10 12 39 618938 0.02166653 0.10715723 0.98889494
10 12 39 634686 0.02562594 0.11065149 0.98880577
10 12 39 666982 0.02212238 0.10847569 0.99172473
10 12 39 683153 0.02647591 0.10732532 0.99235487
10 12 39 730931 0.02491117 0.10996103 0.99553847
10 12 39 733643 0.01809931 0.10917187 1.00226474
10 12 39 778645 0.02199936 0.10818696 0.99904943
10 12 39 780837 0.02466822 0.10684299 0.99626255
10 12 39 826605 0.02368522 0.10833216 0.99487448
10 12 39 828787 0.02125454 0.10710144 0.99450588
10 12 39 874441 0.01872134 0.10346532 0.99622583
10 12 39 876589 0.01949453 0.10475874 0.99244308
10 12 39 922355 0.02420616 0.10723352 0.99156356
10 12 39 924461 0.02311158 0.10447884 0.99380946
10 12 39 970388 0.02155399 0.10848904 0.9958384 
10 12 39 985919 0.02175903 0.10674167 0.99895477
10 12 40 18147 0.02252626 0.10581398 0.99794078
10 12 40 33859 0.02203155 0.10681033 1.00319576
10 12 40 66330 0.02090406 0.10823369 0.99874425
10 12 40 82048 0.02527738 0.10875082 0.99905205
10 12 40 130027 0.02412438 0.10935664 0.99199748
10 12 40 132326 0.02392626 0.10709596 0.99688721
10 12 40 177996 0.02213359 0.10751176 0.99454045
10 12 40 180171 0.01956844 0.1118598  0.98827362
10 12 40 225918 0.02006292 0.11246204 0.98882294
10 12 40 228794 0.02253628 0.10812974 0.99312329
10 12 40 274261 0.02356458 0.10580969 0.99606538
10 12 40 277311 0.02110887 0.10668445 0.99415135
10 12 40 321925 0.02350998 0.10634613 0.99754715
10 12 40 324344 0.02289963 0.10968256 0.99633217
10 12 40 369737 0.02513409 0.10781574 0.99480271
10 12 40 371818 0.0244031  0.10651088 0.99893594
10 12 40 419626 0.0232017  0.10644555 0.99944091
10 12 40 421975 0.02057433 0.10831356 0.99863839
10 12 40 481496 0.02299643 0.10706663 0.99327588
10 12 40 483686 0.02347589 0.10762811 0.99445891
10 12 40 529684 0.02274847 0.10842466 0.99123669
10 12 40 532394 0.02334046 0.1065073  0.99391103
10 12 40 577476 0.02112961 0.11005187 0.99440527
10 12 40 579790 0.02281833 0.10779715 0.99368238
10 12 40 625388 0.02274919 0.1059227  0.99691343
10 12 40 627658 0.02338481 0.10906196 0.99798751
10 12 40 673214 0.02258563 0.10668969 0.99903107
10 12 40 675531 0.02255464 0.10752201 0.9993515 
10 12 40 721335 0.0239706  0.10556412 0.99568105
10 12 40 723754 0.02411914 0.10822368 1.0007875 
10 12 40 769234 0.02289534 0.10533738 0.99606681
10 12 40 784977 0.0227294  0.11252093 0.9924078 
10 12 40 833067 0.02377272 0.10903215 0.98895884
10 12 40 835475 0.01962924 0.10992837 0.99132562
10 12 40 888851 0.02387261 0.10759497 0.99193025
10 12 40 898297 0.0228231  0.10569191 0.99349594
10 12 40 935809 0.02073693 0.10592318 0.99627757
10 12 40 941349 0.02105951 0.10632658 0.9955976 
10 12 40 977293 0.02377462 0.1072216  1.00126886
10 12 40 979633 0.02498031 0.10819817 1.00152373
10 12 41 24636 0.02071404 0.10663939 0.99690652
10 12 41 26661 0.02341986 0.10723114 0.99388289
10 12 41 72902 0.02175832 0.10957479 0.99609399
10 12 41 75690 0.02010989 0.11210966 0.98816276
10 12 41 120501 0.02192736 0.11019111 0.9905107 
10 12 41 122648 0.02394509 0.10953879 0.9911077 
10 12 41 184172 0.02611399 0.11180663 0.99413943
10 12 41 186499 0.02246618 0.10852242 0.99645138
10 12 41 216465 0.02097082 0.10872269 0.99520636
10 12 41 232302 0.02383351 0.10787654 0.99661565
10 12 41 280132 0.02134871 0.10665941 0.99465322
10 12 41 282104 0.02051783 0.10825443 0.9935956 
10 12 41 328673 0.02338552 0.11051869 0.9947691 
10 12 41 331578 0.02013946 0.10830688 0.99804497
10 12 41 376275 0.01946759 0.10748482 0.99679041
10 12 41 378690 0.02349138 0.10502195 0.99857569
10 12 41 423898 0.02464581 0.10906315 0.99793816
10 12 41 425875 0.02288556 0.11112928 0.99557328
10 12 41 471791 0.02007413 0.10808468 0.99685073
10 12 41 474022 0.02039814 0.10830569 0.99683046
10 12 41 519769 0.02212334 0.10452104 0.99414802
10 12 41 536359 0.02114058 0.11002707 0.99126649
10 12 41 567640 0.02377367 0.10791135 0.99199843
10 12 41 583460 0.02467179 0.10619617 0.99771619
10 12 41 615686 0.02604556 0.10595632 0.99754572
10 12 41 631539 0.02098083 0.10658932 0.99954867
10 12 41 679510 0.02161193 0.1079669  0.99785066
10 12 41 681822 0.01983094 0.11179686 0.99359155
10 12 41 727188 0.02440476 0.10693431 0.99187994
10 12 41 729328 0.02074218 0.10880351 0.99550653
10 12 41 775333 0.01940084 0.10894394 0.9912951 
10 12 41 778268 0.02258062 0.11227608 0.99114347
10 12 41 822933 0.02063274 0.10979867 0.99131513
10 12 41 824930 0.02113724 0.10630345 0.99751258
10 12 41 871083 0.02157521 0.10816717 0.99791312
10 12 41 873796 0.01990581 0.10928297 0.99921918
10 12 41 919002 0.021626   0.10725069 0.99845505
10 12 41 934358 0.02213478 0.10656619 0.9941361 
10 12 41 966675 0.02021122 0.11157608 0.99558902
10 12 41 983456 0.02302384 0.10928822 0.99334002
10 12 42 38620 0.02157497 0.10817623 0.99431658
10 12 42 47100 0.01965809 0.10689211 0.99397612
10 12 42 86375 0.02104497 0.10896254 0.99152493
10 12 42 90261 0.02101469 0.10928082 0.99538875
10 12 42 126386 0.02464771 0.11081123 0.995157  
10 12 42 128886 0.02181339 0.10731983 0.99873877
10 12 42 174630 0.0227325  0.10802245 0.99587774
10 12 42 177475 0.02294087 0.10701919 0.99708796
