9 7 17 26947 -6.18324280e-02 -5.39779663e-04  1.02361870e+00
9 7 17 29406 -0.02903938 -0.02287483  1.00594711
9 7 17 48808 -0.04401207 -0.13562393  0.99250221
9 7 17 55097 -0.08021927 -0.16876793  1.00955963
9 7 17 101707 -0.08371353 -0.01104736  1.01478386
9 7 17 148301 -0.0290184   0.05978775  1.00380325
9 7 17 197798 -0.02106476 -0.12844467  0.98139763
9 7 17 247905 -0.0629673  -0.19243622  1.01327515
9 7 17 299098 -0.08058739 -0.07808304  1.01476288
9 7 17 349527 -0.05093193 -0.00401497  1.00292778
9 7 17 397989 -0.03741837 -0.08615685  0.97890282
9 7 17 449519 -0.07394218 -0.14754105  0.9921608 
9 7 17 498742 -0.11124802 -0.11142349  1.01282692
9 7 17 548523 -0.07181168  0.03287506  1.0003376 
9 7 17 601096 -0.02937889  0.02783585  1.00538826
9 7 17 648756 -0.04036522 -0.19379807  0.98391914
9 7 17 700864 -0.09718513 -0.21297455  1.00972939
9 7 17 752578 -0.08239746 -0.02939987  1.03019714
9 7 17 796050 -0.04316902 -0.0229454   0.99410439
9 7 17 876168 -0.05890846 -0.1242466   0.99936104
9 7 17 914822 -0.08889389 -0.17065239  0.98925781
9 7 17 963106 -0.10019875 -0.07454872  1.00212288
9 7 18 17651 -0.04979897  0.06601334  1.00668335
9 7 18 85629 -0.02807999 -0.07569313  0.97802353
9 7 18 122922 -0.06672668 -0.24037933  0.98078156
9 7 18 172445 -0.09675407 -0.12491989  1.01774979
9 7 18 204344 -0.06209946  0.00287437  1.00588417
9 7 18 248819 -0.04706192 -0.07183838  0.9951725 
9 7 18 300564 -0.06225777 -0.16854286  0.98604774
9 7 18 350392 -0.09702682 -0.14212227  0.99359131
9 7 18 396145 -0.07688713  0.03329849  1.01244736
9 7 18 447466 -0.02446175  0.05644798  0.99617386
9 7 18 525939 -0.03040886 -0.18881035  0.95861244
9 7 18 562664 -0.08039093 -0.23602295  0.99171448
9 7 18 618372 -0.07681084 -0.03026962  1.03010941
9 7 18 662967 -0.03914452  0.00676155  0.99056244
9 7 18 723880 -0.03985214 -0.12046814  0.96106529
9 7 18 751392 -0.08361053 -0.17488289  0.98171806
9 7 18 799345 -0.09549904 -0.04632378  1.01189423
9 7 18 848013 -0.04226875  0.06269646  0.9943924 
9 7 18 900600 -0.01859474 -0.10137177  0.94353294
9 7 18 948973 -0.05537987 -0.19665718  0.9797821 
9 7 18 996217 -0.08325005 -0.08510971  1.01623154
9 7 19 56989 -0.05784798 -0.00903702  0.99998093
9 7 19 92928 -0.04606438 -0.07508087  0.96984291
9 7 19 146242 -0.05924797 -0.14759827  0.98031807
9 7 19 197904 -0.09399605 -0.11888504  1.01392937
9 7 19 248844 -0.06881905  0.01780128  1.01519203
9 7 19 298416 -0.02763557  0.00144958  0.97784042
9 7 19 347506 -0.03533554 -0.16765785  0.95900536
9 7 19 401619 -0.07593155 -0.17439461  0.99474335
9 7 19 447696 -0.0795784  -0.03434563  1.01370239
9 7 19 500218 -0.0488205  -0.02866554  0.98055649
9 7 19 550513 -0.05055809 -0.10789299  0.99624062
9 7 19 596504 -0.07835579 -0.13568497  0.99835396
9 7 19 647882 -0.1019783  -0.07231712  0.98716354
9 7 19 697511 -0.06134796  0.05534363  1.00275421
9 7 19 748422 -0.02916908 -0.04762268  0.96298409
9 7 19 798049 -0.0552063  -0.19859695  0.9477005 
9 7 19 849366 -0.07773781 -0.09786606  1.0066185 
9 7 19 898760 -0.05985069 -0.00515556  1.0091877 
9 7 19 947741 -0.04953575 -0.05995369  0.98054695
9 7 19 999712 -0.06041908 -0.12964821  0.98924828
9 7 20 51936 -0.07703018 -0.1317997   0.96542549
9 7 20 100293 -0.09050369 -0.04206657  0.99536324
9 7 20 149334 -0.05065346  0.08640289  1.00982475
9 7 20 196355 -0.02514458 -0.07132149  0.95666695
9 7 20 248115 -0.05739403 -0.25736237  0.96722412
9 7 20 296878 -0.09030724 -0.12515259  1.02943039
9 7 20 348357 -0.05994034  0.01892471  0.99860573
9 7 20 398417 -0.04676628 -0.06452942  0.9652977 
9 7 20 449058 -0.05836487 -0.15801811  0.97169113
9 7 20 501187 -0.0868187  -0.12452888  1.0027504 
9 7 20 547604 -0.07963181  0.02318001  1.02298164
9 7 20 599908 -0.02710342  0.06071472  0.97790718
9 7 20 648989 -0.0247612  -0.14300537  0.96566582
9 7 20 700279 -0.07239723 -0.22499657  1.01396751
9 7 20 749876 -0.08524132 -0.0548954   1.02437019
9 7 20 796525 -0.04705238  0.00911713  0.99046516
9 7 20 847721 -0.03525162 -0.10939598  0.96116066
9 7 20 897786 -0.07421303 -0.16816139  1.00242996
9 7 20 948527 -0.10040665 -0.09025955  1.01096725
9 7 20 997968 -0.06595421  0.06465149  0.99897957
9 7 21 59247 -0.02793312 -0.02471733  0.98034096
9 7 21 95274 -0.04848671 -0.19278145  0.97012138
9 7 21 146659 -0.08470535 -0.13292694  1.0100956 
9 7 21 199428 -0.06900406 -0.01349258  1.00114822
9 7 21 247706 -0.04461479 -0.0392971   0.97699928
9 7 21 301139 -0.05543137 -0.11866188  0.97344208
9 7 21 348643 -0.0958271  -0.15066719  0.96831322
9 7 21 395823 -0.09610939 -0.03774452  0.99770927
9 7 21 447098 -0.04213524  0.06855965  0.99382591
9 7 21 497058 -0.0184269  -0.09981918  0.94747925
9 7 21 550388 -0.06694221 -0.21724701  0.97015572
9 7 21 597898 -0.09122658 -0.09513855  1.00297546
9 7 21 660855 -0.05808449  0.0036602   0.99298668
9 7 21 700522 -0.04126358 -0.07891655  0.967659  
9 7 21 748092 -0.07317162 -0.15176392  0.97555161
9 7 21 799892 -0.1152916  -0.12158966  0.99444389
9 7 21 851185 -0.08177567  0.0346756   1.00440598
9 7 21 901498 -0.02430344  0.06478119  1.00213432
9 7 21 949268 -0.0456562  -0.22303009  0.94271088
9 7 21 995780 -0.09860992 -0.23386574  0.99734688
9 7 22 54925 -8.65955353e-02  1.41143799e-04  1.00325012e+00
9 7 22 97136 -0.04834175  0.00490379  0.98066139
9 7 22 148040 -0.05741501 -0.13691139  0.97597504
9 7 22 198839 -0.09386635 -0.18536949  0.97900391
9 7 22 248754 -0.09507179 -0.02148438  1.00104713
9 7 22 298879 -0.04119682  0.07305717  0.99604988
9 7 22 348221 -0.02716827 -0.12950134  0.94855881
9 7 22 399827 -0.07526207 -0.21079636  0.98647308
9 7 22 448703 -0.08543968 -0.05284309  1.01464844
9 7 22 500797 -0.05728149  0.01078415  0.99103928
9 7 22 549574 -0.04403305 -0.08973503  0.97033882
9 7 22 598232 -0.07552719 -0.15597343  0.96432114
9 7 22 647543 -0.1001606  -0.09839249  0.98509789
9 7 22 698100 -0.05706215  0.07238197  1.01738358
9 7 22 751005 -0.0297966   0.00268745  0.98664093
9 7 22 798510 -0.05475616 -0.24470901  0.94352913
9 7 22 849104 -0.08569145 -0.15348625  1.01152039
9 7 22 899358 -0.07375717  0.01924515  1.01663589
9 7 22 949305 -0.05208588 -0.02152061  0.97449303
9 7 23 485 -0.06272316 -0.14960861  0.95422363
9 7 23 51205 -0.08411598 -0.14233208  0.98996925
9 7 23 99980 -0.08267593  0.02828217  1.01427269
9 7 23 148410 -0.04412842  0.00414276  0.99001503
9 7 23 196960 -0.06263161 -0.14744186  0.95218658
9 7 23 247569 -0.08051109 -0.13620758  0.99826431
9 7 23 297846 -0.07016373 -0.02129173  1.01093674
9 7 23 349240 -0.04431915 -0.10959053  0.97857857
9 7 23 398145   0.12470627 -10.12553596  15.75388718
9 7 23 449313 -0.10720825 -0.07923889  0.99942398
9 7 23 499752 -0.06661034  0.06517792  1.03966904
9 7 23 548610  -0.03177834  -0.03757858 -13.50015831
9 7 23 603959 -0.08572197 -0.16999054  0.99368668
9 7 23 652676 -0.11701012 -0.10863113  1.00895309
9 7 23 700551 -0.06702042  0.02605438  0.99399948
9 7 23 749168 -0.04623604 -0.05881691  0.99101067
9 7 23 796300 -0.06664848 -0.16660881  0.99838448
9 7 23 847653 -0.08743286 -0.09346581  1.02057266
9 7 23 897427 -0.06819534 -0.01842308  1.00920105
9 7 23 948379 -0.0533123  -0.06575012  0.98787308
9 7 23 996847 -0.0554924  -0.10437584  1.01074791
9 7 24 59375 -0.08315849 -0.12410927  0.98671722
9 7 24 94991 -0.0945282  -0.09138298  1.00160599
9 7 24 147744 -0.0506897   0.0863533   1.04073906
9 7 24 216294 -0.02173996 -0.01728058  0.99281311
9 7 24 272939 -0.06464577 -0.27964211  0.94883347
9 7 24 335524 -0.09949303 -0.1680069   1.01395607
9 7 24 366889 -0.06316948  0.02586746  1.02071953
9 7 24 395745 -0.04384422 -0.03134918  1.00309944
9 7 24 447068 -0.06390953 -0.16387558  0.99356079
9 7 24 496801 -0.09602165 -0.16084862  0.97567749
9 7 24 548489 -0.08812141 -0.0036602   1.01667023
9 7 24 597093 -0.04385567  0.06916428  1.01135635
9 7 24 648831 -0.02999306 -0.13416862  0.99181557
9 7 24 699270 -0.06783104 -0.23664284  1.0063076 
9 7 24 746661 -0.08682823 -0.06466866  1.00392151
9 7 24 798730 -0.05179977  0.01855469  1.0062561 
9 7 24 847635 -0.03890228 -0.09934044  1.01414299
9 7 24 900253 -0.0692234  -0.16911888  1.00589943
9 7 24 948397 -0.10408401 -0.09383011  0.9834404 
9 7 24 995262 -0.06324577  0.08102798  1.01662636
9 7 25 54496 -0.02763176  0.01124001  1.01460075
9 7 25 96989 -0.05631828 -0.24629974  0.98657227
9 7 25 147729 -0.09255791 -0.17657852  1.01403618
9 7 25 197930 -0.07051659  0.01820755  1.00622177
9 7 25 248748 -0.04848862 -0.01930809  1.00290489
9 7 25 297816 -0.06438828 -0.14684677  0.99657631
9 7 25 346957 -0.09648895 -0.15988159  0.99309349
9 7 25 398957 -0.09110451  0.00816727  1.01879692
9 7 25 448019 -0.04104996  0.01903343  0.99064636
9 7 25 499613 -0.04150391 -0.1355629   0.98169518
9 7 25 548572 -0.07416916 -0.16273117  1.01044083
9 7 25 595418 -0.07658386 -0.05171776  1.01725578
9 7 25 647564 -0.04734421 -0.01914597  0.99893951
9 7 25 698148 -0.03743362 -0.09816742  0.97667694
9 7 25 748648 -0.06922531 -0.13705444  0.99454117
9 7 25 798408 -0.10568428 -0.09822655  0.99318314
9 7 25 849160 -0.05288124  0.08938026  1.02475357
9 7 25 898219 -0.01475716 -0.02929115  0.96819115
9 7 25 947293 -0.05513    -0.28833771  0.95846939
9 7 25 998799 -0.09280777 -0.1507206   1.02814865
9 7 26 50624 -0.05596161  0.04062653  1.00732422
9 7 26 99595 -0.03581429 -0.03944397  0.97464561
9 7 26 147419 -0.05992508 -0.16721725  0.97815704
9 7 26 195247 -0.08808517 -0.1359272   1.01099014
9 7 26 247244 -0.07403946  0.05189705  1.01665306
9 7 26 296166 -0.02954292  0.01232338  0.96513557
9 7 26 348180 -0.03207016 -0.18592644  0.96358871
9 7 26 398595 -0.0687542  -0.17141533  1.01765823
9 7 26 449006 -0.06894684 -0.00275803  1.02063751
9 7 26 500047 -0.03547096 -0.02225876  0.98065758
9 7 26 547018 -0.04478836 -0.12818909  0.98544884
9 7 26 599605 -0.07470322 -0.15291214  1.00912094
9 7 26 648365 -0.09049034 -0.03746605  1.02011108
9 7 26 700124 -0.03695869  0.08888817  0.99943924
9 7 26 749887 -0.01666641 -0.10660172  0.94496727
9 7 26 796138 -0.06063461 -0.24707603  0.98927307
9 7 26 846985 -0.08465195 -0.08525085  1.03707886
9 7 26 897023 -0.04486465  0.02522278  0.99462891
9 7 26 948004 -0.03551483 -0.08792496  0.96453285
9 7 26 997611 -0.07268143 -0.16043472  0.99266624
9 7 27 58377 -0.10055733 -0.09363747  1.02069473
9 7 27 94602 -0.06105423  0.04461479  1.00450325
9 7 27 146623 -0.03736687 -0.05292892  0.97262764
9 7 27 200183 -0.04874229 -0.16771889  0.98127556
9 7 27 248055 -0.0763092  -0.08516693  1.01315689
9 7 27 299936 -0.06009865 -0.01261902  1.00205612
9 7 27 349093 -0.04182243 -0.05846405  0.97267151
9 7 27 396989 -0.05254936 -0.11373901  0.99455833
9 7 27 447330 -0.07689095 -0.1272583   0.9870491 
9 7 27 508961 -0.08783531 -0.03106117  1.01974678
9 7 27 548202 -0.03964043  0.07171059  1.01576805
9 7 27 619154 -0.03047371 -0.10486984  0.96159935
9 7 27 664202 -0.0600071  -0.24470329  0.97647858
9 7 27 708668 -0.08169746 -0.08969116  1.01990891
9 7 27 747516 -0.05228424  0.03308868  1.01223755
9 7 27 799553 -0.0507679  -0.08212471  0.97306442
9 7 27 849028 -0.05972099 -0.16338921  0.98901939
9 7 27 900408 -0.08966064 -0.10870171  1.01106644
9 7 27 951533 -0.06718063  0.03598595  1.0040741 
9 7 27 996412 -0.03230476 -0.01089096  0.97448921
9 7 28 53722 -0.03142929 -0.15950584  0.98081398
9 7 28 96791 -0.06617928 -0.14250755  1.01220131
9 7 28 149505 -0.07117462 -0.02346992  1.01078415
9 7 28 197812 -0.05380058 -0.03752708  0.9839592 
9 7 28 249024 -0.04088783 -0.10860062  1.00251007
9 7 28 298552 -0.06760406 -0.1305809   1.00597191
9 7 28 347439 -0.10091782 -0.10059738  0.99185753
9 7 28 404773 -0.06275368  0.06284523  1.02155495
9 7 28 448655 -0.0191021   0.02526283  1.00442696
9 7 28 499428 -0.04938316 -0.24111557  0.96717644
9 7 28 549394 -0.09151459 -0.19896317  1.01372528
9 7 28 595180 -0.06980705 -0.00460243  1.00950432
9 7 28 646901 -0.04059982 -0.01213074  0.99881554
9 7 28 696633 -0.0545826  -0.13796997  0.99552155
9 7 28 748555 -0.08812904 -0.1643219   0.98932648
9 7 28 797785 -0.08514786 -0.04185867  1.01223183
9 7 28 855252 -0.03934288  0.0524826   1.01055717
9 7 28 898465 -0.02258301 -0.08115387  0.98578453
9 7 28 952646 -0.05858421 -0.20208168  1.00323296
9 7 28 998479 -0.07783127 -0.1054821   1.03082275
9 7 29 50460 -0.05792427 -0.00349426  1.01502419
9 7 29 99909 -0.03942299 -0.0704155   0.99265862
9 7 29 148315 -0.05465889 -0.1443119   0.99359894
9 7 29 196001 -0.0931778  -0.1305542   1.00355721
9 7 29 247634 -0.08119011  0.00785446  1.02202415
9 7 29 298129 -0.02494049  0.05096626  1.01391602
9 7 29 364310 -0.03145599 -0.15467644  0.96870232
9 7 29 425221 -0.08376122 -0.23552322  0.99260139
9 7 29 470234  -0.12483788 -11.00022125   0.87904549
9 7 29 519857 -0.04454422  0.00448036  1.00806808
9 7 29 571496 -0.04403496 -0.10475731  0.98191643
9 7 29 599810 -0.08003998 -0.16894531  4.1288681 
9 7 29 648437 -0.10862541 -0.09952927  1.00725555
9 7 29 700593 -0.06060219  0.0444088   1.01597977
9 7 29 748929 -0.03513145 -0.04589653  0.99751472
9 7 29 797238 -0.10024452 -0.15468597  1.01924896
9 7 29 847897 -0.06668282  0.0314045   1.01157761
9 7 29 896812 -0.052351   -0.06205559  0.99192619
9 7 29 948319 -0.07396126 -0.1804924   0.98820496
9 7 29 997848 -0.10394669 -0.14208412  0.99988174
9 7 30 59334 -0.07376862  0.02314186  1.00136566
9 7 30 95432 -0.0390892  -0.00784683  0.98490906
9 7 30 147478 -0.05316162 -0.17834282  0.99420357
9 7 30 198992 -0.08335304 -0.18249321  1.00828552
9 7 30 250233 -0.07552338 -0.02500916  1.01812553
9 7 30 300675 -0.04739189 -0.02293777  0.99560928
9 7 30 350320 -0.06026268 -0.13357544  1.0016861 
9 7 30 396107 -0.09216118 -0.17890358  1.00251579
9 7 30 447453 -0.09615707 -0.06225586  1.00589943
9 7 30 497682 -0.03752518  0.10573959  1.01382065
9 7 30 549255 -0.03024483 -0.11713409  0.96550179
9 7 30 599119 -0.08442307 -0.30098152  1.00758743
9 7 30 650416 -0.0967083  -0.1041069   1.02618408
9 7 30 699942 -0.05297279  0.04310417  0.98622894
9 7 30 749840 -0.05368423 -0.09548569  0.98139381
9 7 30 798537 -0.09227943 -0.19804573  1.00722313
9 7 30 849236 -0.10701752 -0.10811424  1.00398064
9 7 30 900629 -0.05290413  0.0569725   1.00328064
9 7 30 949882 -0.03336143 -0.04074669  0.9783268 
9 7 30 998913 -0.06761742 -0.22621346  0.99435043
9 7 31 56015 -0.08913612 -0.12082481  1.03619766
9 7 31 99764 -0.057024    0.01527786  1.01217461
9 7 31 150506 -0.04309082 -0.06342125  0.97807693
9 7 31 198282 -0.07271194 -0.17342186  1.00359344
9 7 31 248765 -0.10807991 -0.15112686  1.00782394
9 7 31 299647 -0.07069397  0.01924324  1.01306343
9 7 31 349112 -0.0268364   0.01459885  0.98504639
9 7 31 400200 -0.05345917 -0.21447945  0.98569107
9 7 31 449261 -0.09372711 -0.19389915  1.02134514
9 7 31 500418 -0.07527542 -0.00455093  1.00367165
9 7 31 548405 -0.03998566 -0.01655197  0.97380447
9 7 31 596024 -0.06430054 -0.15137672  0.9908371 
9 7 31 647904 -0.10496902 -0.18136597  1.0021019 
9 7 31 697322 -0.08870506 -0.02212906  1.01189804
9 7 31 749282 -0.03293991  0.019701    0.98153114
9 7 31 798137 -0.03717804 -0.14255333  0.97481728
9 7 31 848835 -0.07566452 -0.18211365  0.99423409
9 7 31 900488 -0.07628441 -0.05013847  1.01415443
9 7 31 947642 -3.53202820e-02 -1.62124634e-04  9.87749100e-01
9 7 31 998623 -0.04475403 -0.11087608  0.96669388
9 7 32 51968 -0.07971191 -0.17533684  1.00444412
9 7 32 100204 -0.09592056 -0.10531998  0.99649048
9 7 32 149963 -0.03443527  0.14886475  1.03316307
9 7 32 198459 -0.00215149  0.00337029  0.97866249
9 7 32 247701 -0.07147598 -0.35499191  0.94857216
9 7 32 295970 -0.09831238 -0.21360588  1.01620483
9 7 32 348417 -0.05914879  0.04688835  1.00426865
9 7 32 397848 -0.04168129 -0.04785728  0.95933723
9 7 32 453307 -0.0972023  -0.24862099  0.97638702
9 7 32 500513 -0.10570145 -0.14783669  1.01228905
9 7 32 547369 -0.01771545  0.27221107  1.05982208
9 7 32 598866 0.0381813  0.02381706 0.89682007
9 7 32 649000 -0.07645226 -0.46292496  0.958992  
9 7 32 699463 -0.0996151  -0.20789528  1.0357914 
9 7 32 753087 -0.03307533  0.07728195  0.99609566
9 7 32 795435 -0.04629898 -0.07162857  0.92713547
9 7 32 847252 -0.14072037 -0.2777977   1.00790405
9 7 32 896090 -0.02096939  0.14847755  1.08214188
9 7 32 947860  0.05157852 -0.00444603  0.92687607
9 7 32 997220 -0.0578537  -0.32304573  0.93251038
9 7 33 57754 -0.08880997 -0.10595703  1.05187607
9 7 33 94554 -0.04991341  0.02134895  0.99653053
9 7 33 145997 -0.0857048  -0.13407516  0.94964218
9 7 33 197838 0.02699661 0.13348579 1.03340721
9 7 33 247629  0.06611443 -0.16891289  0.96653175
9 7 33 300542 -0.07557487 -0.35289192  0.9664402 
9 7 33 351035 -0.07926941 -0.01021576  1.02230072
9 7 33 396197 -0.07397461 -0.04038239  0.93702888
9 7 33 446913 -0.07419777 -0.02956581  0.98147011
9 7 33 497725  0.07208633 -0.06955338  1.00481606
9 7 33 548035  0.04024315 -0.21038437  0.9655056 
9 7 33 596793 -0.06562233 -0.03424072  1.01376343
9 7 33 648757 -0.11645508 -0.06907845  0.95480919
9 7 33 698594 -0.06178284 -0.00996971  0.9830246 
9 7 33 747944  0.1166153  -0.1471653   1.01915932
9 7 33 799134  0.04760742 -0.19354057  1.00347519
9 7 33 848072 -0.09234238  0.01284599  1.01877975
9 7 33 900725 -0.14448929 -0.09119225  0.95489502
9 7 33 949569 -0.01217461 -0.09764481  0.95307732
9 7 33 998952  0.09811592 -0.19174576  0.9823246 
9 7 34 58563  0.01412201 -0.02787209  1.03138542
9 7 34 93390 -0.17955017 -0.01441956  0.98062897
9 7 34 146657 -0.11299324 -0.08195496  0.97995758
9 7 34 197141  0.11115456 -0.20329094  1.02440071
9 7 34 248616  0.10721397 -0.08577347  1.01538849
9 7 34 297988 -0.12256622  0.02469826  0.96969414
9 7 34 347329 -0.17443085 -0.16091537  0.99276733
9 7 34 398981  0.00113106 -0.30265427  0.94175339
9 7 34 447799  0.08573914 -0.03224945  1.00174141
9 7 34 499725 0.00811958 0.16685486 0.98938179
9 7 34 548810 -0.17222023 -0.08037186  0.98243904
9 7 34 595602 -0.02487946 -0.16500473  0.97768021
9 7 34 647093  0.08607864 -0.17446136  0.97799683
9 7 34 696579 0.02306175 0.03202438 1.00952911
9 7 34 748120 -0.17936325 -0.04320717  0.99224281
9 7 34 798068 -0.1034317  -0.27216721  0.97212601
9 7 34 848983 -0.00261688 -0.21808815  1.03232765
9 7 34 897969 0.04820251 0.09905052 1.06080437
9 7 34 947627 -0.06650925  0.07030869  0.93539619
9 7 34 999625 -0.14996529 -0.10021782  1.02475929
9 7 35 51375  0.04401207 -0.17386627  0.9943676 
9 7 35 100338  0.07857323 -0.10067558  0.99349022
9 7 35 148237 -0.06782341  0.01574516  0.98071861
9 7 35 196767 -0.17408562 -0.15210533  0.97377777
9 7 35 246995 -0.01251411 -0.2364521   0.97371864
9 7 35 296257  0.04276276 -0.07680511  1.01412582
9 7 35 348550 0.01006317 0.13022041 1.02154732
9 7 35 397639 -0.15431976 -0.06015205  1.00622368
9 7 35 450496 -0.00624084 -0.09473419  0.98623276
9 7 35 500068  0.01267242 -0.03651428  1.03689194
9 7 35 549217 -0.15568352 -0.02293587  0.98390007
9 7 35 602552 0.12472916 8.74917221 3.50390053
9 7 35 650214  0.06278038 -0.20193672  1.06341171
9 7 35 706876 0.03913879 0.06377602 1.01839828
9 7 35 781730  -0.12770462   0.01515579 -13.62482262
9 7 35 820820 -0.01683807 -0.43131638  1.02119827
9 7 35 866155 0.10753441 0.21681786 0.95684433
9 7 35 897865 -0.00362968 -0.33916664  1.0771656 
9 7 35 949186 0.1005497  0.0765419  0.98956108
9 7 35 997531  0.07814026 -0.24821281  0.85673141
9 7 36 58673 0.03709602 0.01725388 1.14896202
9 7 36 94909  0.04631615 -0.05109406  0.81086349
9 7 36 146957  0.12265015 -0.16131592  1.1832695 
9 7 36 201566 0.00727272 0.22998428 0.82958031
9 7 36 251080  0.02956581 -0.45579147  1.08662987
9 7 36 300650 0.08889771 0.24919319 0.96743965
9 7 36 350399 -0.0334034  -0.41153145  1.05505562
9 7 36 397931 0.14996719 0.27325249 0.99500656
9 7 36 447586  0.01512337 -0.30844307  1.08530045
9 7 36 496747 0.04899979 0.06902695 1.02678108
9 7 36 548094  0.051651   -0.23617172  0.87137985
9 7 36 597869 0.04411697 0.05114365 1.13281631
9 7 36 648620  0.03256989 -0.01454163  0.81113434
9 7 36 698121  0.13736343 -0.21421432  1.16619873
9 7 36 748667 0.04152107 0.23686981 0.84332275
9 7 36 799550  0.0449543  -0.40078735  1.05843925
9 7 36 848477 0.10242653 0.31993866 0.99845695
9 7 36 900813 -0.03017426 -0.40517426  1.04928207
9 7 36 948947 0.09938812 0.23281097 0.93492508
9 7 36 996068 -0.02426529 -0.31084633  1.06705666
9 7 37 55605 0.09585571 0.10206985 0.98186684
9 7 37 96750  0.05491066 -0.21108055  0.87521172
9 7 37 147812 0.03909492 0.05334854 1.10946655
9 7 37 197044  0.03740501 -0.03538895  0.82949257
9 7 37 250074  0.12881088 -0.10896492  1.20935249
9 7 37 298776 0.00813866 0.27892494 0.8291111 
9 7 37 348078  0.02220726 -0.43564034  1.07063293
9 7 37 398626 0.08152199 0.24237633 1.01876068
9 7 37 448179 -0.03651428 -0.39831543  1.0605526 
9 7 37 500045 0.12531853 0.2538929  0.95094681
9 7 37 548670  0.02420807 -0.28407669  1.0443058 
9 7 37 596252 0.04179001 0.0689373  1.07352448
9 7 37 646860  0.05022049 -0.21862793  0.88955498
9 7 37 696316 0.04175377 0.03940201 1.1226902 
9 7 37 748024 0.04507828 0.00520706 0.77308655
9 7 37 799247  0.14214134 -0.26807976  1.17435265
9 7 37 849694 -0.00542641  0.21237564  0.8482666 
9 7 37 898014  0.05278587 -0.40812683  1.06458282
9 7 37 950537 0.12313843 0.35039711 1.01904678
9 7 37 998696 -0.04927826 -0.41405296  1.02173996
9 7 38 50771 0.09034538 0.16046524 0.95871925
9 7 38 100098 -0.00435066 -0.29806709  0.9992466 
9 7 38 147846 0.07642174 0.09876251 1.01180458
9 7 38 196149  0.05259895 -0.19728279  0.85708046
9 7 38 247471 0.02978325 0.00904274 1.16046906
9 7 38 297213  0.03025246 -0.01590347  0.79209137
9 7 38 348802  0.14048576 -0.1622982   1.1600647 
9 7 38 398094 0.01746559 0.29262543 0.88396645
9 7 38 449546  0.0063343  -0.44495773  1.06725502
9 7 38 499110 0.09075546 0.28578186 1.0398407 
9 7 38 548563 -0.04615211 -0.41076088  1.04003525
9 7 38 599906 0.10898781 0.19048691 0.9749279 
9 7 38 649653  0.03532791 -0.27753067  1.00016022
9 7 38 700893 0.04088974 0.06266785 1.07571793
9 7 38 748727  0.07628822 -0.20550156  0.84747505
9 7 38 796779 0.04693222 0.03034782 1.15925217
9 7 38 848400 0.0237999  0.1101284  0.79245377
9 7 38 897656  0.1154232  -0.33823395  1.14151192
9 7 38 949077 0.0382309  0.25040436 0.90022087
9 7 38 998555  0.00201797 -0.42393112  1.06905746
9 7 39 59356 0.13295364 0.33671188 0.99620056
9 7 39 95877 -0.03926468 -0.37015343  1.04483795
9 7 39 146502 0.10023689 0.15807724 0.9633007 
9 7 39 199615  0.00268745 -0.30941963  0.94048882
9 7 39 248813 0.10302162 0.10370445 1.03448677
9 7 39 301500  0.06318092 -0.14288712  0.82398605
9 7 39 349598  0.09158325 -0.03288269  1.13577271
9 7 39 397584 0.0181427  0.09228325 0.81155014
9 7 39 448204  0.14797783 -0.24794769  1.12557793
9 7 39 498439 0.06114578 0.30954552 0.9344368 
9 7 39 548153 -0.01757622 -0.46040535  1.0444355 
9 7 39 598688 0.09352303 0.24569511 0.97174835
9 7 39 648988 -0.06187439 -0.39377785  1.06805229
9 7 39 699754 0.15316391 0.21096611 0.98135757
9 7 39 747442  0.0286541  -0.24173355  0.97836494
9 7 39 799462 0.02391243 0.0694809  1.11956024
9 7 39 848497  0.05278587 -0.09734154  0.82751656
9 7 39 899948  0.09145737 -0.04161835  1.17790031
9 7 39 948972 0.00710678 0.23025322 0.81887245
9 7 39 996569  0.05082703 -0.42161751  1.11863136
9 7 40 53932 0.0958252  0.30691338 1.02528381
9 7 40 97774 -0.02807808 -0.39701462  1.03879166
9 7 40 149713 0.0941906  0.24023056 1.00505257
9 7 40 227926  0.010355   -0.32033348  1.06655884
9 7 40 271934 0.05673981 0.06403923 1.03940582
9 7 40 318105  0.05908585 -0.23423004  0.77265358
9 7 40 369509 0.03554726 0.04911613 1.1815567 
9 7 40 419165  0.03543091 -0.0242939   0.77352333
9 7 40 471735  0.15286255 -0.20419121  1.17922974
9 7 40 525215 0.01547813 0.22779465 0.83134842
9 7 40 575807  0.03542137 -0.44878578  1.1043663 
9 7 40 626135 0.14083862 0.33851242 1.00215721
9 7 40 663318 -0.01867294 -0.38233376  1.04930687
9 7 40 697277 0.08146858 0.18723297 0.99705315
9 7 40 748580 -0.00740814 -0.3313179   1.00720406
9 7 40 798182 0.11372185 0.0789814  1.03411865
9 7 40 849129  0.04788017 -0.18055725  0.80493546
9 7 40 898935 0.05898285 0.00165176 1.13191986
9 7 40 948030 0.02532196 0.05583    0.80654335
9 7 41 1303  0.1581459  -0.22160721  1.17617035
9 7 41 52013 0.04143524 0.28504562 0.90636635
9 7 41 99712  0.01897621 -0.44350624  1.08922958
9 7 41 149455 0.09770966 0.25489998 0.99277878
9 7 41 196079 -0.03887749 -0.38445282  1.08220291
9 7 41 247978 0.15037155 0.21294975 0.99200058
9 7 41 296676  0.01723099 -0.28352547  1.01264   
9 7 41 348845 0.02743149 0.05283356 1.10153389
9 7 41 398068  0.07314873 -0.14708328  0.81466293
9 7 41 449550  0.08286285 -0.02195168  1.20150757
9 7 41 499828  0.10680389 -0.34389687  1.16076851
9 7 41 547850 0.03927803 0.24959564 0.91582489
9 7 41 599153  3.81469727e-06 -6.62665367e+00  3.12921524e+00
9 7 41 649506 0.13767815 0.33473015 1.0270977 
9 7 41 699589 -0.02095413 -0.33003044  1.06770706
9 7 41 749362   0.05271912   0.10451126 -13.62468719
9 7 41 795916  0.03281593 -0.47366333  1.14004326
9 7 41 848552 0.25521278 0.31324768 0.82363701
9 7 41 898006 -0.0173378  -0.46876907  1.09363174
9 7 41 947854 0.23061562 0.29734612 0.83297348
9 7 41 997794 -0.05463791 -0.39967155  1.15839005
9 7 42 59824 0.22470093 0.22484589 0.87640572
9 7 42 94927 -0.06647491 -0.32287407  1.16249466
9 7 42 146046 0.13199997 0.16336823 0.93216324
9 7 42 199835 -0.03836632 -0.2960968   1.08469009
9 7 42 249211 0.08784103 0.13497734 1.03380394
9 7 42 300425 -0.06361961 -0.16013336  0.95316887
9 7 42 348788 0.08434105 0.12529373 1.20434761
9 7 42 396710  0.00147057 -0.10091591  0.95253372
9 7 42 449589 0.09378433 0.03949547 1.27550888
9 7 42 498114 0.09403419 0.00376892 0.77742004
9 7 42 562148  0.12537766 -0.12727737  1.23091125
9 7 42 624175 0.14743423 0.13291931 0.70676422
9 7 42 670710  0.16700935 -0.24233246  1.19021225
9 7 42 720326 0.15538979 0.31249619 0.73270988
9 7 42 766038  0.08189774 -0.39859962  1.09828758
9 7 42 822717 0.18515205 0.26852798 0.8274765 
9 7 42 870037  0.00654221 -0.44086266  1.15838432
9 7 42 915301 0.25721931 0.36231232 0.77465057
9 7 42 949408 -0.0148468  -0.41488075  1.16027641
9 7 42 996236 0.23755455 0.29399872 0.84439278
9 7 43 54153 -0.06278992 -0.37209702  1.13002968
9 7 43 97917 0.20041656 0.1743679  0.89887619
9 7 43 149413 -0.06986427 -0.30645561  1.12246132
9 7 43 197434 0.10455322 0.13174438 0.96375656
9 7 43 250274 -0.07211113 -0.24838638  0.99950981
9 7 43 299517 0.09369469 0.13573074 1.06536865
9 7 43 348117 -0.10072708 -0.09353256  0.87896156
9 7 43 400358 0.08999062 0.10486412 1.26970673
9 7 43 449422  0.04392815 -0.05641747  0.88134193
9 7 43 499952  0.0853157  -0.01607513  1.24151039
9 7 43 550539 0.1613636  0.06150436 0.74091721
9 7 43 596998  0.1577282  -0.23175621  1.17585182
9 7 43 647423 0.14915276 0.19397354 0.67312622
9 7 43 731935  0.13956642 -0.40918732  1.14271545
9 7 43 769258 0.19544983 0.30230904 0.73563385
9 7 43 816236  0.0325222  -0.49795532  1.0772171 
9 7 43 858219 0.20432472 0.24923897 0.79676056
9 7 43 918951 -0.03573608 -0.47394943  1.14544296
9 7 43 962656 0.26764107 0.33640099 0.79789162
9 7 44 19553 -0.05412865 -0.38002968  1.17026138
9 7 44 75461 0.20870781 0.21382713 0.86634254
9 7 44 119708 -0.06861877 -0.35302162  1.10158157
9 7 44 174845 0.14651489 0.14933395 0.91477013
9 7 44 213668 -0.05560303 -0.2940979   1.09633064
9 7 44 258471 0.06611252 0.12791824 1.05749893
9 7 44 319388 -0.05419922 -0.17654228  0.93387604
9 7 44 366519 0.0853138  0.12875557 1.23571396
9 7 44 417294 -0.03245163 -0.0582695   0.79471588
9 7 44 465079 0.06734276 0.05055618 1.26399612
9 7 44 522791  0.06773376 -0.00628281  0.83314896
9 7 44 547205  0.11368561 -0.05452919  1.23029709
9 7 44 599040 0.1426239  0.09042358 0.77740097
9 7 44 647732  0.19051743 -0.27199745  1.18316078
9 7 44 701839 0.15546989 0.23174667 0.71699905
9 7 44 748630  0.13368034 -0.44517899  1.12111664
9 7 44 797081 0.18694878 0.26887703 0.79091454
9 7 44 847607  0.01762581 -0.49621773  1.09484863
9 7 44 896556 0.2745533  0.33698845 0.80204582
9 7 44 948118 -0.0510788  -0.47029877  1.13321686
9 7 44 997144 0.21764755 0.20941162 0.82592583
9 7 45 59335 -0.04077911 -0.34640121  1.12187004
9 7 45 95192 0.20372963 0.25931931 0.9003582 
9 7 45 146047 -0.07547951 -0.345541    1.13297272
9 7 45 197184 0.15931129 0.17414284 0.94636726
9 7 45 247532 -0.06556129 -0.24810219  1.12544823
9 7 45 299660 0.0815773  0.15342522 1.06959343
9 7 45 351217 -0.05424881 -0.16375542  0.97682381
9 7 45 395456 0.10088158 0.12919235 1.24761772
9 7 45 447474 -0.00336647 -0.05089569  0.81796837
9 7 45 497342 0.09076691 0.04783058 1.25613022
9 7 45 548852 0.12817001 0.01449585 0.79952431
9 7 45 598395  0.11949539 -0.09456825  1.20510483
9 7 45 651229 0.15438652 0.09797478 0.72585487
9 7 45 698825  0.17313576 -0.26166534  1.13434982
9 7 45 747957 0.14957619 0.24237442 0.71818161
9 7 45 798712  0.13624191 -0.3932209   1.14605904
9 7 45 847609 0.22427177 0.31337929 0.78070259
9 7 45 904595  0.02085114 -0.54477692  1.09532356
9 7 45 949677 0.23798752 0.24015999 0.81074142
9 7 45 995886 -0.03382301 -0.4662056   1.1323204 
9 7 46 54538 0.20677567 0.26469803 0.79515266
9 7 46 97846 -0.05954552 -0.40438271  1.1409893 
9 7 46 149452 0.20092583 0.20719528 0.84788513
9 7 46 197214 -0.09636116 -0.36462402  1.11303139
9 7 46 249753 0.19124985 0.20916939 0.935112  
9 7 46 298234 -0.1179924  -0.26737022  1.12821388
9 7 46 350074 0.0449276  0.09080505 1.07389069
9 7 46 400792 -0.00849342 -0.1263485   0.95550346
9 7 46 449659 0.09171677 0.07414055 1.21763802
9 7 46 502953  0.01528168 -0.06722832  0.83921242
9 7 46 549706  0.08869934 -0.02136421  1.24940681
9 7 46 595884 0.10676193 0.0621624  0.73024368
9 7 46 648456  0.15194893 -0.1491909   1.18356705
9 7 46 696901 0.16272545 0.23873329 0.68745232
9 7 46 747965  0.11532593 -0.42214584  1.11750793
9 7 46 797427 0.16201782 0.23454475 0.76651573
9 7 46 849142  0.01758766 -0.49556923  1.13559151
9 7 46 899562 0.24909019 0.35740089 0.81085014
9 7 46 948127 -0.0368042  -0.49151993  1.13654327
9 7 46 999335 0.23296165 0.28019905 0.8579483 
9 7 47 51123 -0.04619026 -0.39326286  1.14663696
9 7 47 101030 0.19936371 0.19470787 0.92547798
9 7 47 147720 -0.06816673 -0.33622932  1.15412712
9 7 47 196233 0.10468292 0.13208199 1.013134  
9 7 47 247199 -0.02990532 -0.24565125  0.98834801
9 7 47 299544 0.07846832 0.1242981  1.09113693
9 7 47 348501 -0.05486298 -0.10045624  0.86492348
9 7 47 397697 0.07024765 0.09851837 1.21831131
9 7 47 449759  0.03846169 -0.04244804  0.87306213
9 7 47 500693 0.16050339 0.05998802 0.76710129
9 7 47 547666  0.155159   -0.18800354  1.22532082
9 7 47 600617  6.12258911e-04  7.87734985e-04 -2.87230110e+00
9 7 47 648699  0.14625931 -0.37294006  1.16347122
9 7 47 700223 0.19667244 0.31191063 0.78154945
9 7 47 749926   0.01919937  -0.50828171 -13.62479591
9 7 47 796751 0.2605648  0.27924156 0.85981941
9 7 47 848639 -0.11060905 -0.30600166  1.21735382
9 7 47 898250 0.13282967 0.14352608 0.87328148
9 7 47 958472 -0.03770447 -0.27431107  1.06988907
9 7 48 1980 0.06706238 0.16737938 1.01633072
9 7 48 58921 -0.09196281 -0.18025208  0.99958611
9 7 48 95119 0.06890488 0.14627457 1.25281715
9 7 48 149991  0.0125618  -0.06072807  0.90136909
9 7 48 200124 0.08205605 0.05351639 1.32047462
9 7 48 248393 0.16225433 0.03255463 0.78724289
9 7 48 299453  0.12493515 -0.12161827  1.24464035
9 7 48 348931 0.13083839 0.15193176 0.74325752
9 7 48 395371  0.17671013 -0.33193588  1.17403984
9 7 48 446996 0.22075462 0.33951187 0.78031921
9 7 48 497139  0.04700089 -0.5461998   1.05047035
9 7 48 548359 0.19088554 0.22493744 0.80524254
9 7 48 598964 -0.02959633 -0.44132042  1.21150589
9 7 48 648862 0.23452759 0.31269455 0.75022697
9 7 48 698400 -0.06513977 -0.36350441  1.22677612
9 7 48 747492 0.16442871 0.18727303 0.84486771
9 7 48 799514 -0.0514183  -0.32076073  1.08043671
9 7 48 848392 0.10709953 0.13335228 0.90310287
9 7 48 899810 -0.11043358 -0.24767685  1.0256176 
9 7 48 948942 0.02939034 0.08663177 1.09187317
9 7 48 995880 -0.01412964 -0.1072216   0.92801285
9 7 49 53452 0.09204865 0.09335709 1.28697586
9 7 49 97195  0.09848595 -0.02981758  0.77481461
9 7 49 147687  0.14199257 -0.08084297  1.29109573
9 7 49 197174 0.1744976  0.11950302 0.7364502 
9 7 49 249016  0.17290115 -0.30607414  1.15747643
9 7 49 298214 0.18512535 0.3162632  0.81604195
9 7 49 350030  0.06484222 -0.51191711  1.0557003 
9 7 49 400357 0.2195549  0.28725815 0.84134483
9 7 49 448079 -0.04021454 -0.49058151  1.22511864
9 7 49 500898 0.24880028 0.3285675  0.76088715
9 7 49 549137 -0.07364273 -0.37425041  1.24030876
9 7 49 596896 0.21139145 0.2312336  0.85098839
9 7 49 648905 -0.05966759 -0.33604431  1.17246437
9 7 49 697692 0.11426163 0.12691307 0.89968109
9 7 49 747906 -0.0640583  -0.25644493  1.08619881
9 7 49 798434 0.07723999 0.08355522 1.03257751
9 7 49 849938 -0.05971146 -0.1314888   0.9202652 
9 7 49 899035 0.0962162  0.12907791 1.24375343
9 7 49 947748  0.12588882 -0.02216911  0.78188515
9 7 49 999573  0.09794235 -0.02100945  1.3153286 
9 7 50 53140 0.17107391 0.12199974 0.75569916
9 7 50 99163  0.20336723 -0.21487236  1.18229294
9 7 50 148363 0.171278   0.27722168 0.80900574
9 7 50 197218  0.12067795 -0.46373749  1.06379318
9 7 50 247565 0.23225021 0.28832245 0.804739  
9 7 50 297111 -0.02156448 -0.50970078  1.1274147 
9 7 50 348189 0.25076103 0.27607727 0.75469971
9 7 50 397686 -0.04832458 -0.36802101  1.22857475
9 7 50 449286 0.19112968 0.21717453 0.77764702
9 7 50 498530 -0.05241203 -0.32948494  1.17353249
9 7 50 546547 0.13197708 0.12958908 0.88771629
9 7 50 599043 -0.08221626 -0.27231979  1.14582443
9 7 50 648344 0.06305695 0.05887032 0.99644852
9 7 50 699363 -0.00113297 -0.19441032  0.94950104
9 7 50 749504 0.1082325  0.10937309 1.21369934
9 7 50 796046  0.09627914 -0.0284481   0.78444672
9 7 50 847589  0.12314987 -0.01861382  1.30431557
9 7 50 896208 0.17384338 0.08075142 0.75361824
9 7 50 947714  0.16038704 -0.19944572  1.15397263
9 7 50 998265 0.20399284 0.27916527 0.72800064
9 7 51 58588  0.04280472 -0.52924919  1.04971886
9 7 51 95683 0.21208191 0.27987099 0.79746819
9 7 51 147301 -0.05106544 -0.45079803  1.19710922
9 7 51 198546 0.25860786 0.32004738 0.75509071
9 7 51 250105 -0.07336617 -0.41228104  1.21936417
9 7 51 300176 0.21082878 0.21201324 0.81375122
9 7 51 348206 -0.05162048 -0.2953968   1.11641693
9 7 51 396646 0.12976456 0.13381767 0.88934135
9 7 51 447740 -0.07343102 -0.24465179  1.06736565
9 7 51 497299 0.078125   0.09067345 1.06465721
9 7 51 547856 -0.08602715 -0.15698814  0.93623352
9 7 51 596864 0.09721947 0.09528351 1.27739716
9 7 51 648868 0.16480827 0.00969124 0.73730659
9 7 51 698839  0.12422752 -0.02938652  1.28261375
9 7 51 747529 0.17428398 0.10154343 0.75266266
9 7 51 798869  0.19881248 -0.26021957  1.16711044
9 7 51 847864 0.17116737 0.29821014 0.74101067
9 7 51 899713  0.07442093 -0.48725128  1.05223465
9 7 51 948461 0.19357872 0.23962402 0.81002426
9 7 51 996063 -0.05012131 -0.50021935  1.15530968
9 7 52 54264 0.23588943 0.30097198 0.75391769
9 7 52 96238 -0.06842804 -0.4038105   1.18804932
9 7 52 147738 0.21977043 0.21486473 0.82028389
9 7 52 210905 -0.05283356 -0.33439255  1.15053749
9 7 52 264981 0.13372231 0.14024925 0.88794327
9 7 52 318481 -0.03953552 -0.28752708  1.09368896
9 7 52 372635 0.08579826 0.08715057 1.03748322
9 7 52 425427 -0.01856995 -0.15949059  0.92664146
9 7 52 463676 0.10746002 0.10770226 1.27924919
9 7 52 523898  0.09369659 -0.05870056  0.79711914
9 7 52 572645 0.11309052 0.02909851 1.28999901
9 7 52 624727 0.17494202 0.07703972 0.71084023
9 7 52 659596  0.17337608 -0.21979141  1.22322464
9 7 52 729421 0.17239952 0.27381897 0.75298691
9 7 52 783481  0.0838356  -0.48444557  1.10371017
9 7 52 829339 0.20220757 0.23698235 0.80184174
9 7 52 867651 -0.04183388 -0.50282097  1.18906593
9 7 52 926632 0.19516945 0.27168083 0.76785469
9 7 52 948424 -0.05092239 -0.39632416  1.19662857
9 7 52 999517 0.22050476 0.27684975 0.81712532
9 7 53 51385 -0.07375145 -0.33981705  1.17541504
9 7 53 100459 0.13187027 0.15574074 0.92546272
9 7 53 147954 -0.03829765 -0.24757385  1.0750103 
9 7 53 197693 0.06419563 0.11903572 1.04776955
9 7 53 247490 -0.07894516 -0.18352509  0.94264793
9 7 53 296685 0.09978867 0.09931564 1.21956444
9 7 53 348858  0.06483841 -0.0507431   0.79381943
9 7 53 397928 0.10673714 0.02933311 1.32135963
9 7 53 450934 0.12979889 0.04211998 0.75402832
9 7 53 499273  0.17118073 -0.12396812  1.23650932
9 7 53 548024 0.17450714 0.25170135 0.73455048
9 7 53 599999 0.18715286 0.25343323 0.81541061
9 7 53 648565 -0.03236198 -0.51541519  1.1735363 
9 7 53 699501  9.59396362e-04 -9.49873161e+00 -9.87194824e+00
9 7 53 748366 -0.04868698 -0.47338486  1.15842628
9 7 53 796591 0.20424843 0.24682808 0.81736755
9 7 53 848519  -0.08347893  -0.35300827 -13.62451744
9 7 53 896874 0.16265488 0.18754959 0.70192909
9 7 53 948463  0.17590523 -0.3716526   1.16248512
9 7 53 997656 0.21861649 0.33674622 0.842556  
9 7 54 58975 -0.0065937  -0.50766754  1.10556984
9 7 54 95055 0.17372513 0.26209831 0.80311966
9 7 54 145678 -0.08883858 -0.36614227  1.2012825 
9 7 54 199109 0.15688515 0.22735977 0.86906624
9 7 54 247552 -0.09117126 -0.2408905   1.14772034
9 7 54 300671 0.04691505 0.13541222 0.95555305
9 7 54 349238 -0.09290695 -0.1815834   1.00199509
9 7 54 396649 0.09509087 0.12396431 1.11152458
9 7 54 447142  0.02787781 -0.04756927  0.82166862
9 7 54 497679 0.12992096 0.07029724 1.34494209
9 7 54 549429 0.17325783 0.07169151 0.73438644
9 7 54 598215  0.2167778  -0.18247795  1.24956131
9 7 54 649741 0.17899132 0.29977989 0.74576187
9 7 54 698680  0.09229851 -0.45777702  1.02228165
9 7 54 747209 0.16484261 0.27485275 0.80456352
9 7 54 799036 -0.04230309 -0.43323898  1.17858124
9 7 54 847973 0.16027451 0.27560806 0.7668438 
9 7 54 899753 -0.06666374 -0.28157425  1.24100876
9 7 54 948638 0.13023758 0.19998169 0.88118362
9 7 54 996358 -0.10341454 -0.25825882  1.10465622
9 7 55 53502 0.09498405 0.15304947 0.97068214
9 7 55 97436 -0.12461472 -0.14557266  0.90177155
9 7 55 148776 0.11167145 0.11988258 1.24526787
9 7 55 197311  0.06555557 -0.02489662  0.79113388
9 7 55 253074  0.14706993 -0.04611969  1.26177216
9 7 55 299051 0.17302704 0.1987896  0.69617653
9 7 55 348896  0.15933609 -0.39050484  1.15794563
9 7 55 399704 0.20333862 0.3162365  0.80114365
9 7 55 448851  0.00699234 -0.48414612  1.08655548
9 7 55 500114 0.20459938 0.31071091 0.81094551
9 7 55 548816 -0.03819466 -0.35549736  1.16659164
9 7 55 597033 0.18449974 0.24620247 0.84215546
9 7 55 647588 -0.09561157 -0.27702904  1.15714836
9 7 55 698196 0.09695435 0.16788101 0.93389511
9 7 55 750071 -0.10458565 -0.17935753  0.97633171
9 7 55 799821 0.05484772 0.09175682 1.09348488
9 7 55 850103 -0.02254486 -0.09284782  0.88903809
9 7 55 899905 0.13185883 0.03622437 1.26233482
9 7 55 948380 0.1560688  0.0911541  0.71989059
9 7 56 76  0.17075539 -0.26863098  1.28180695
9 7 56 83268 0.16697693 0.24757576 0.71674156
9 7 56 134867  0.07660103 -0.45999146  1.12742805
9 7 56 178320 0.19418335 0.27878952 0.84070015
9 7 56 227051 -0.01021767 -0.42746162  1.08807182
9 7 56 262645 0.15335274 0.27719498 0.80905724
9 7 56 320311 -0.05826569 -0.29507446  1.12879944
9 7 56 375724 0.13724518 0.19560051 0.92480278
9 7 56 420455 -0.08845901 -0.24729156  1.07454681
9 7 56 473214 0.04343987 0.1030674  1.01090431
9 7 56 520796 -0.057827   -0.10289383  0.92044258
9 7 56 569539 0.11035728 0.10658836 1.2280426 
9 7 56 616972  0.06918716 -0.00338173  0.77291679
9 7 56 677518  0.16485786 -0.09371758  1.29258156
9 7 56 724355 0.1531868  0.2069397  0.66690445
9 7 56 784211  0.16305351 -0.33311844  1.16781425
9 7 56 836856 0.19289017 0.32331276 0.82034302
9 7 56 889558  0.04458809 -0.45813751  1.03642273
9 7 56 943692 0.14447212 0.24792671 0.80610085
9 7 56 993761  0.00723267 -0.34303665  1.17394447
9 7 57 40316 0.19761086 0.28500748 0.82858467
9 7 57 94419 -0.11958694 -0.25722122  1.22369003
9 7 57 146919 0.10514641 0.11753845 0.92331314
9 7 57 191972 -0.08418274 -0.17107582  0.96494865
9 7 57 244231 0.08148193 0.14155388 1.10451317
9 7 57 297518 -0.03886795 -0.05871391  0.77521515
9 7 57 339611 0.15556335 0.07614326 1.30712891
9 7 57 389934 0.16457367 0.11075974 0.76163483
9 7 57 430932  0.20179176 -0.19917488  1.25149345
9 7 57 482607 0.14567757 0.3024044  0.75781059
9 7 57 497144  0.09810638 -0.44921494  1.07666397
9 7 57 548209 0.18560791 0.25010872 0.84727478
9 7 57 600582 -0.02951813 -0.45336723  1.1595192 
9 7 57 649519 0.18115234 0.27574921 0.77689362
9 7 57 698735 -0.09560776 -0.30312729  1.19675636
9 7 57 747173 0.12473869 0.1926918  0.8986969 
9 7 57 799149 -0.06656075 -0.2766571   1.05904579
9 7 57 848459 0.05952454 0.13818169 0.99202538
9 7 57 899827 -0.09349823 -0.19672775  0.90295601
9 7 57 951469 0.0797081  0.10272789 1.18990326
9 7 57 996632  0.01974106 -0.06912422  0.83325386
9 7 58 56464 0.11971092 0.00276566 1.32922745
9 7 58 96549 0.17046738 0.11829567 0.73924446
9 7 58 148717  0.17986107 -0.32693291  1.22650528
9 7 58 198481 0.16189003 0.22770119 0.78525352
9 7 58 250153  0.08742714 -0.45299721  1.14257812
9 7 58 300827 0.2194519  0.30516624 0.8073597 
9 7 58 347627 -0.02266121 -0.46532822  1.16239929
9 7 58 399257 0.18755722 0.2525444  0.76384544
9 7 58 448057 -0.09405518 -0.32852364  1.18348694
9 7 58 500230 0.12535095 0.17267799 0.89439201
9 7 58 550294 -0.06528473 -0.27770996  1.11387444
9 7 58 596081 0.0152626  0.08877182 1.03416824
9 7 58 648296 -0.04435158 -0.14438629  0.90310669
9 7 58 696952 0.12381554 0.12005424 1.24365807
9 7 58 749140  0.07469749 -0.01471901  0.82392311
9 7 58 798871  0.1481266  -0.06348801  1.38950157
9 7 58 849386 0.14883995 0.14821243 0.74873543
9 7 58 898532  0.21331978 -0.28926659  1.22614861
9 7 58 947426 0.16683388 0.2762146  0.83350372
9 7 58 999751  0.04449081 -0.50053787  1.07831192
9 7 59 51864 0.16825294 0.24889946 0.79859924
9 7 59 100775 -0.03311348 -0.41646004  1.22722054
9 7 59 149980 0.15314674 0.26704407 0.83678246
9 7 59 196834 -0.09032249 -0.2934494   1.16986656
9 7 59 248000 0.08230782 0.14260101 0.97239685
9 7 59 302325 -0.12447929 -0.27041435  1.00939751
9 7 59 350134 0.08963776 0.12712097 1.04689407
9 7 59 398284 -0.0645752  -0.08453941  0.78498077
9 7 59 449103 0.12782288 0.04791641 1.29921913
9 7 59 499238 0.13493156 0.04716492 0.7949543 
9 7 59 548276  0.19871712 -0.1830883   1.29325676
9 7 59 603751  0.11342049 -0.42040253  1.11082077
9 7 59 650615 0.16866684 0.20875931 0.81666183
9 7 59 703225 4.57763672e-05 7.99812508e+00 1.30044727e+01
9 7 59 751315 0.20617104 0.34208107 0.78445244
9 7 59 798483 -0.05420876 -0.35382843  1.16893959
9 7 59 849001   0.12464333   0.18898392 -13.50006485
9 7 59 897981  0.09992599 -0.08353424  0.76971245
9 7 59 949577  0.08659363 -0.03495979  1.26621819
9 8 0 244  0.07793236 -0.00262642  0.72935104
9 8 0 63007  0.14357567 -0.12968063  1.22771263
9 8 0 96794 0.08597183 0.07197762 0.6976757 
9 8 0 148280  0.15825081 -0.2138443   1.18816757
9 8 0 199303 0.09286308 0.17451668 0.66927719
9 8 0 248166  0.11474609 -0.34499931  1.15600777
9 8 0 299809 0.14828491 0.18995285 0.71432877
9 8 0 351404  0.07297516 -0.41476059  1.14283371
9 8 0 396549 0.13789749 0.23357964 0.73299217
9 8 0 447430  0.01559448 -0.48282051  1.11928177
9 8 0 497302 0.15918159 0.21721649 0.79456139
9 8 0 549634 -0.02461815 -0.47878075  1.13602448
9 8 0 598060 0.14216614 0.24451637 0.79917717
9 8 0 649020 -0.07723427 -0.45792961  1.17510033
9 8 0 698873 0.14160919 0.2167263  0.79546165
9 8 0 747469 -0.04220009 -0.44034386  1.21168327
9 8 0 801529 0.11227798 0.20765114 0.81520271
9 8 0 848069 -0.02648544 -0.38867378  1.18739891
9 8 0 902089 0.12520409 0.21042252 0.89979172
9 8 0 950241 -0.01549149 -0.42709351  1.13162613
9 8 0 996637 0.14565659 0.21642494 0.95374298
9 8 1 57556  0.03252029 -0.3951416   1.10512352
9 8 1 97980 0.0792408  0.17173958 1.04736519
9 8 1 148960  0.05888939 -0.34257698  0.99453354
9 8 1 198319 0.08406639 0.18472481 1.10724068
9 8 1 249332  0.06868362 -0.29108047  0.90274811
9 8 1 298565 -0.01198578  0.13605499  1.21414566
9 8 1 347528  0.13368416 -0.25192261  0.8266716 
9 8 1 399887 1.09291077e-03 1.21572495e-01 1.29780960e+00
9 8 1 448800  0.10183334 -0.19062424  0.7327137 
9 8 1 500472 0.04112625 0.04678917 1.31285858
9 8 1 552555  0.10838127 -0.12489128  0.73301506
9 8 1 597151  0.0787468  -0.01640892  1.30683327
9 8 1 648239  0.1258831  -0.05211449  0.70580673
9 8 1 699652  0.1391716  -0.10380936  1.25037193
9 8 1 748608  0.08915329 -0.01161194  0.66854858
9 8 1 798019  0.1501255  -0.09930992  1.20845604
9 8 1 850976 0.08762932 0.1166935  0.66807556
9 8 1 899684  0.15333557 -0.25930977  1.17251778
9 8 1 947594 0.12090111 0.16030502 0.66997528
9 8 1 999602  0.11527252 -0.33522797  1.14740181
9 8 2 52420 0.09994316 0.20471954 0.70620155
9 8 2 102649  0.06030273 -0.43089294  1.10733604
9 8 2 151870 0.15417862 0.2400074  0.73503876
9 8 2 196121  0.01999474 -0.47547531  1.1222477 
9 8 2 247348 0.16054344 0.25859261 0.77252579
9 8 2 298578 -0.02672005 -0.43275452  1.12584877
9 8 2 350326 0.15443993 0.25009346 0.78134346
9 8 2 398222 -0.04744339 -0.4526062   1.2115345 
9 8 2 450176 0.15348244 0.24758339 0.82677269
9 8 2 500605 -0.04685783 -0.39740181  1.21214485
9 8 2 549164 0.11418152 0.22374535 0.85964584
9 8 2 601515 -0.0351944  -0.43492699  1.23646164
9 8 2 649497 0.13959694 0.20465469 0.86032104
9 8 2 701784 -0.02195358 -0.38081169  1.19349098
9 8 2 752864 0.13818169 0.21567726 0.96174431
9 8 2 797541  0.00777626 -0.37115669  1.09387779
9 8 2 849058 0.12792778 0.2390213  1.02489281
9 8 2 897745  0.06459427 -0.33128548  1.03011131
9 8 2 950246 0.05692101 0.20894241 1.12587166
9 8 2 998362  0.09560776 -0.28622818  0.91853905
9 8 3 61060 0.04243088 0.19434929 1.21650124
9 8 3 95393  0.11158562 -0.22474098  0.84469032
9 8 3 146674 0.00551605 0.16666031 1.21968079
9 8 3 199439  0.12174416 -0.22123337  0.83750153
9 8 3 252698 0.02856636 0.11941338 1.30420303
9 8 3 303323  0.10978127 -0.12158203  0.77206421
9 8 3 349374 0.0711422  0.03808784 1.30533791
9 8 3 396751  0.11393356 -0.12679672  0.76202965
9 8 3 447582  0.08958626 -0.03832626  1.30803108
9 8 3 497458  0.08711624 -0.02689934  0.74402046
9 8 3 550095  0.13861275 -0.10935402  1.25407982
9 8 3 598560 0.08766365 0.02051926 0.67858124
9 8 3 648828  0.14788437 -0.14395714  1.22302055
9 8 3 700219 0.05453682 0.09812355 0.66091728
9 8 3 748034  0.16656685 -0.18712234  1.18796158
9 8 3 798480 0.09802628 0.12392998 0.67826462
9 8 3 848053  0.13369942 -0.29687119  1.16353989
9 8 3 900913 0.09498024 0.21882439 0.63561249
9 8 3 951310  0.08882332 -0.39108276  1.15004921
9 8 3 995670 0.14766693 0.17420769 0.70723724
9 8 4 55959  0.04163742 -0.46578026  1.13980103
9 8 4 96705 0.14011192 0.20878029 0.75951767
9 8 4 149510  0.03403091 -0.45296478  1.10472298
9 8 4 199031 0.1901722  0.22397614 0.81673813
9 8 4 249558 -0.02493286 -0.47849846  1.16501236
9 8 4 302110 0.15798569 0.1915493  0.80592728
9 8 4 348516 -0.00797081 -0.41210938  1.19707108
9 8 4 398972 0.12987518 0.21588707 0.82922173
9 8 4 450768 -0.06657982 -0.45276451  1.24568367
9 8 4 510157 0.13073158 0.22061157 0.85364532
9 8 4 573475 -0.01420593 -0.32809448  1.19397163
9 8 4 614506 0.09157944 0.21458626 0.9492054 
9 8 4 673275  0.01328468 -0.37490463  1.1117878 
9 8 4 716011 0.10454941 0.21061325 1.00293159
9 8 4 769861  0.03788948 -0.34023476  1.03134918
9 8 4 817985 0.07490349 0.20423698 1.08842468
9 8 4 862916  0.07732391 -0.30156326  0.95199013
9 8 4 918991 0.03301048 0.18079567 1.2050209 
9 8 4 975396  0.08395767 -0.24724579  0.79490852
9 8 5 24099 -0.01756859  0.15325546  1.27105713
9 8 5 68089  0.14444923 -0.21904182  0.7811451 
9 8 5 122070 -0.00726128  0.09380341  1.32475471
9 8 5 171006  0.10845757 -0.15237617  0.73910522
9 8 5 215087 0.033638   0.02808762 1.31746483
9 8 5 266530  0.10669899 -0.06495285  0.70200729
9 8 5 313689  0.1003952  -0.05925941  1.30657959
9 8 5 360302  0.0693531  -0.00110626  0.76975632
9 8 5 417109  0.13432884 -0.10201073  1.22106171
9 8 5 464229 0.08596802 0.09757996 0.66308784
9 8 5 522090  0.16436958 -0.18876266  1.20262527
9 8 5 566524 0.07606125 0.12057495 0.68912888
9 8 5 614787 6.38961792e-04 1.54989433e+01 1.50445175e+00
9 8 5 670552 0.13499069 0.17182159 0.66636086
9 8 5 718295  0.11025047 -0.39886665  1.13845634
9 8 5 771694 6.29425049e-04 8.76005173e-01 1.27752304e-01
9 8 5 821682  0.03544617 -0.50731468  1.13766098
9 8 5 851722 0.19294739 0.17267799 0.7680645 
9 8 5 896823 -0.00117493 -0.50362778  1.10109329
9 8 5 949095 0.1024189  0.01070976 1.29914474
9 8 5 997662  0.14277458 -0.01546097  0.79342651
9 8 6 60686  0.1848793  -0.08992767  1.2985363 
9 8 6 95693 0.15642166 0.06488228 0.75935555
9 8 6 147059  0.23601341 -0.201828    1.20985985
9 8 6 203654 0.15398407 0.15226173 0.69303703
9 8 6 248925  0.21576118 -0.3092556   1.16508102
9 8 6 300815 0.14904976 0.23445511 0.73419571
9 8 6 350475  0.16193962 -0.39046288  1.12117577
9 8 6 396999 0.20842934 0.25177002 0.75183868
9 8 6 447711  0.06748581 -0.50787163  1.14263153
9 8 6 497845 0.19584274 0.26090813 0.73829269
9 8 6 549448  0.04332542 -0.5057373   1.1451931 
9 8 6 598165 0.22674179 0.2654686  0.76138878
9 8 6 649181 -0.02498627 -0.4669342   1.16166496
9 8 6 699631 0.21465302 0.22138977 0.74937057
9 8 6 748910 -0.0362072  -0.40775681  1.21690559
9 8 6 800025 0.16309547 0.22916794 0.80273247
9 8 6 848819 -0.08649635 -0.39940071  1.23820114
9 8 6 906269 0.15096664 0.1674118  0.81253815
9 8 6 949760 -0.1067276  -0.34659576  1.28362656
9 8 6 997101 0.12081718 0.16392136 0.84024048
9 8 7 55150 -0.09705544 -0.34427261  1.22498512
9 8 7 97377 0.13427544 0.15716362 0.92886734
9 8 7 149335 -0.11507034 -0.30332947  1.17499924
9 8 7 197114 0.09344101 0.15072823 1.02426147
9 8 7 248671 -0.05348396 -0.21969795  1.00141335
9 8 7 298752 0.07153511 0.16091347 1.17269516
9 8 7 348713 -0.05799484 -0.21531677  0.93545532
9 8 7 400429 0.04600906 0.11544228 1.25501823
9 8 7 449572  0.01497269 -0.13647079  0.86949921
9 8 7 510817 0.0295639  0.09965134 1.35092545
9 8 7 567688  0.0868969  -0.07653427  0.77424622
9 8 7 628239 0.07109642 0.06638527 1.30683136
9 8 7 677541  0.13955688 -0.0555706   0.79110146
9 8 7 718587  0.1504364  -0.02161789  1.30769539
9 8 7 763199 0.1192112  0.0020504  0.77031708
9 8 7 820385  0.21739006 -0.118927    1.30732155
9 8 7 865151 0.13401604 0.06222343 0.6940403 
9 8 7 908373  0.24444962 -0.18125343  1.23915482
9 8 7 977811 0.14645004 0.16031837 0.70476723
9 8 8 20546  0.19549751 -0.36723709  1.12495232
9 8 8 66298 0.16234398 0.21541023 0.69000053
9 8 8 123026  0.12924767 -0.41677094  1.14660454
9 8 8 169282 0.17826653 0.26642227 0.69557381
9 8 8 217876  0.07790375 -0.49529839  1.09641457
9 8 8 259163 0.21655846 0.2590332  0.73178482
9 8 8 317579  0.02975082 -0.49098206  1.11785507
9 8 8 364657 0.22415352 0.23880577 0.72224998
9 8 8 425498 -0.00397873 -0.47452354  1.12186432
9 8 8 466646 0.22000313 0.24925995 0.75514221
9 8 8 521800 -0.04463577 -0.47880936  1.1486969 
9 8 8 577234 0.21408272 0.21685982 0.76944923
9 8 8 626802 -0.10142326 -0.39984894  1.20868111
9 8 8 668728 0.1487236 0.1630249 0.7597084
9 8 8 725088 -0.07375336 -0.38405418  1.20258904
9 8 8 767318 0.17770195 0.2040863  0.82539368
9 8 8 817977 -0.12926674 -0.31812668  1.18936539
9 8 8 864654 0.10736465 0.16251183 0.91081047
9 8 8 923864 -0.05882454 -0.25290489  1.04615784
9 8 8 966419 0.09092903 0.17573357 1.05974007
9 8 9 25158 -0.04924202 -0.23714828  0.96255302
9 8 9 79629 0.05745506 0.14037704 1.17803383
9 8 9 121162 -0.02560043 -0.14639091  0.86008835
9 8 9 159704 0.05741882 0.11983109 1.29870605
9 8 9 198172  0.04172134 -0.06233597  0.75302696
9 8 9 248246 0.06152725 0.07774544 1.26114845
9 8 9 300081  0.15585136 -0.07103539  0.78178596
9 8 9 353362  0.09696579 -0.00960732  1.30796242
9 8 9 399560 0.15305328 0.02443886 0.74375153
9 8 9 448904  0.1979847  -0.12073326  1.18669128
9 8 9 498385 0.13816452 0.06819534 0.72916412
9 8 9 550319  0.21365166 -0.17114639  1.17193604
9 8 9 600140 0.15452194 0.14969444 0.72140121
9 8 9 649893  0.18836212 -0.2385807   1.10850716
9 8 9 705241 0.13413811 0.19373131 0.67603683
9 8 9 773208  0.17748833 -0.30415726  1.17089844
9 8 9 823836 0.18560982 0.2852211  0.65383148
9 8 9 852701  0.11128426 -0.42925453  1.11060715
9 8 9 902028 0.18551445 0.22237396 0.70674133
9 8 9 949509  0.09725761 -0.46167755  1.10824013
9 8 9 997019 0.21765518 0.28961945 0.70420837
9 8 10 55596  0.04314423 -0.46491432  1.10330009
9 8 10 99052 0.2315197  0.23551941 0.74706268
9 8 10 148233 -0.00928307 -0.40937996  1.15081978
9 8 10 198273 0.17395973 0.20466614 0.74019623
9 8 10 250011 -0.03423691 -0.33566284  1.21075821
9 8 10 303148 0.14381599 0.21562767 0.75570297
9 8 10 350629 -0.06329155 -0.33778954  1.25132179
9 8 10 399122 0.11782646 0.19634628 0.77749252
9 8 10 448631 -0.0927887  -0.24837112  1.19150162
9 8 10 502760 0.10379219 0.20590973 0.8789978 
9 8 10 549203 -0.12332916 -0.25051308  1.11581039
9 8 10 596311 0.10951042 0.19320679 0.98696709
9 8 10 647610 -0.09559822 -0.23410034  1.04615021
9 8 10 697602 0.07527924 0.17049217 1.15487289
9 8 10 748499 -0.03565788 -0.19547272  0.95392418
9 8 10 797809 0.07705116 0.16180038 1.26578903
9 8 10 849132  0.04621506 -0.12216759  0.8571434 
9 8 10 898731 0.019804   0.14492989 1.33827209
9 8 10 947684  0.08376694 -0.09710312  0.84599495
9 8 10 999683 0.05436516 0.09789467 1.28597069
9 8 11 51996  0.12474251 -0.01168633  0.78967476
9 8 11 101364 0.08617401 0.0531559  1.28152657
9 8 11 150263 0.13582611 0.00402641 0.77297211
9 8 11 198314  0.15640259 -0.03456879  1.26769066
9 8 11 248643 0.12152481 0.07249641 0.7879982 
9 8 11 298720  0.22671509 -0.17832565  1.21122742
9 8 11 349388 0.12120438 0.15224838 0.7296524 
9 8 11 402233  0.1958847  -0.22891617  1.15274048
9 8 11 449537 0.15617943 0.22422409 0.75721359
9 8 11 498754  0.16797256 -0.32353592  1.15857124
9 8 11 548922 0.21757889 0.27712631 0.74058914
9 8 11 599518  0.11076164 -0.41016769  1.19093132
9 8 11 649568  8.81195068e-04  8.00117111e+00 -4.97171402e-01
9 8 11 701093  0.09765244 -0.41830826  1.17553711
9 8 11 754221 0.23862839 0.26379204 0.75644684
9 8 11 797585  2.26974487e-04 -2.62663651e+00 -1.06205311e+01
9 8 11 847981 0.22733116 0.25063705 0.73965073
9 8 11 898369  0.0033493  -0.40151596  1.10778809
9 8 11 949492 0.21076965 0.24015236 0.76438713
9 8 11 998146 0.13544273 0.18685722 0.86391068
9 8 12 60374 -0.03092957 -0.26153564  1.10517693
9 8 12 96410 0.10264015 0.17316246 0.96099281
9 8 12 147198 -0.08494949 -0.15063477  0.92466927
9 8 12 201527 0.10418892 0.14228249 1.21574783
9 8 12 247863  0.0837326  -0.04109383  0.81890488
9 8 12 299890 0.11762047 0.04330254 1.32308769
9 8 12 349264 0.17567253 0.18213654 0.70386314
9 8 12 397515  0.16366577 -0.35534096  1.15713692
9 8 12 448362 0.16269875 0.27054787 0.7804718 
9 8 12 499411  0.02213478 -0.47601891  1.09973526
9 8 12 548658 0.26659775 0.38336182 0.82936096
9 8 12 597722 -0.04126549 -0.41189194  1.18493271
9 8 12 650051 0.18106079 0.20576286 0.83546066
9 8 12 700573 -0.05735588 -0.33197021  1.14286423
9 8 12 747568 0.13364029 0.15014648 0.90206337
9 8 12 800602 -0.15029144 -0.24357796  1.08821487
9 8 12 852330 0.05171013 0.05338287 1.07474136
9 8 12 903048  1.71661377e-05 -1.12262726e-01  8.75289917e-01
9 8 12 949431 0.08605194 0.06293297 1.29542923
9 8 12 996407 0.14603043 0.00289536 0.80897903
9 8 13 55311  0.17890549 -0.13092804  1.34576035
9 8 13 97445 0.13253593 0.16039848 0.72626877
9 8 13 148001  0.16698074 -0.38399315  1.14458275
9 8 13 197971 0.22501564 0.330019   0.83395767
9 8 13 255546 -0.01288795 -0.48873138  1.06384087
9 8 13 323315 0.17959785 0.26102066 0.81757927
9 8 13 355028 -0.06082726 -0.37307739  1.20091248
9 8 13 400039 0.19956017 0.23374557 0.85445404
9 8 13 449623 -0.09849358 -0.27933693  1.23171043
9 8 13 503208 0.05776787 0.11675644 0.9668293 
9 8 13 549248 -0.03948021 -0.22032547  1.02662468
9 8 13 596503 0.07141113 0.1317215  1.13588333
9 8 13 648269 -0.00735664 -0.08024788  0.85930824
9 8 13 698738 0.08370399 0.06637383 1.27375221
9 8 13 748197 0.08722687 0.05898857 0.74376297
9 8 13 797774  0.16925812 -0.17160988  1.27534294
9 8 13 850166 0.15186882 0.26747513 0.73844719
9 8 13 900873  0.11044502 -0.45194626  1.07715797
9 8 13 947563 0.18747902 0.27489471 0.7875061 
9 8 13 999592 -0.03584862 -0.48423767  1.13209724
9 8 14 52953 0.20146179 0.2836113  0.7454586 
9 8 14 101134 -0.07034492 -0.33182907  1.227808  
9 8 14 148085 0.16386795 0.19654274 0.89139748
9 8 14 198275 -0.08966064 -0.26300049  1.17348289
9 8 14 248387 0.05800056 0.13424492 0.95643806
9 8 14 298228 -0.12307549 -0.15222168  0.97538376
9 8 14 348553 0.08421707 0.10456276 1.1888504 
9 8 14 398207  0.03062057 -0.06477165  0.84778595
9 8 14 449161 0.10330772 0.06053352 1.3456459 
9 8 14 500004 0.17759895 0.1243248  0.71078873
9 8 14 548878  0.20000267 -0.27879143  1.22623634
9 8 14 601082 0.13723564 0.23307228 0.73849678
9 8 14 649670  0.11206245 -0.43843651  1.10296822
9 8 14 701240 0.21256256 0.35884476 0.81229782
9 8 14 751684  0.00435829 -0.43346214  1.16330338
9 8 14 798062 0.18099976 0.22245598 0.79127121
9 8 14 848233 -0.05356407 -0.28312874  1.17593765
9 8 14 897250 0.13527489 0.1696949  0.87947845
9 8 14 948846 -0.11223984 -0.25155258  1.15672112
9 8 14 997866 0.06345749 0.10154152 0.9918232 
9 8 15 59222 -0.07936478 -0.1308403   0.92536163
9 8 15 95002 0.13656807 0.10309029 1.20440865
9 8 15 148135  0.06653023 -0.03491592  0.78856659
9 8 15 199668 0.10954285 0.01680756 1.34044456
9 8 15 251785 0.18335152 0.14078712 0.70184135
9 8 15 304421  0.1742382  -0.27887917  1.20223618
9 8 15 349493 0.14942169 0.31166649 0.78728104
9 8 15 398224  0.06514549 -0.43836784  1.07893181
9 8 15 448883 0.20933914 0.31483841 0.78297043
9 8 15 497138 -0.03792572 -0.40162468  1.19966125
9 8 15 548925 0.22273254 0.27971649 0.78798866
9 8 15 598844 -0.0988884  -0.28414536  1.25632095
9 8 15 649170 0.12128448 0.14962196 0.88304329
9 8 15 698824 -0.08067703 -0.25242043  1.10425949
9 8 15 748335 0.08351898 0.16749954 0.98210335
9 8 15 799758 -0.12265015 -0.11496925  0.92855835
9 8 15 848594 0.10709572 0.09961128 1.19693947
9 8 15 901139  0.0501709  -0.00302696  0.8157692 
9 8 15 949782  0.13162994 -0.01498795  1.28049278
9 8 15 996297 0.1597538  0.21199608 0.67286301
9 8 16 58316  0.16990662 -0.38007927  1.15723991
9 8 16 94761 0.15937233 0.28827286 0.77475357
9 8 16 147020 -1.31607056e-04 -4.62839127e-01  1.09634781e+00
9 8 16 198268 0.2041893  0.34365845 0.797575  
9 8 16 248678 -0.03128433 -0.37779045  1.16560936
9 8 16 310669 0.19813347 0.22979164 0.86742592
9 8 16 347684 -0.067379   -0.26932335  1.15317726
9 8 16 402295 0.09440994 0.14419937 0.94487381
9 8 16 448945 -0.05354309 -0.18120956  1.01958847
9 8 16 499908 0.09702873 0.10581207 1.09533501
9 8 16 551727  0.00732994 -0.0924015   0.88376808
9 8 16 597741 0.12900543 0.02727318 1.25784302
9 8 16 647510 0.12885094 0.06045914 0.73316574
9 8 16 697137  0.18489075 -0.21172905  1.26860619
9 8 16 750005 0.14440918 0.25724602 0.71377754
9 8 16 798002  0.10940361 -0.44822121  1.11400986
9 8 16 848810 0.21183777 0.31831551 0.84119987
9 8 16 898273 -0.01223755 -0.45064735  1.11184883
9 8 16 947448 0.20349884 0.27121544 0.8069706 
9 8 17 332 -0.05257988 -0.29682159  1.18607521
9 8 17 51537 0.13861847 0.18723869 0.92698288
9 8 17 100407 -0.06146622 -0.25415993  1.16642952
9 8 17 148296 0.04764748 0.12595558 1.00051498
9 8 17 195624 -0.02958679 -0.13407898  0.95517731
9 8 17 248023 0.10410881 0.1305542  1.22069931
9 8 17 297501  0.09230042 -0.03281403  0.80702591
9 8 17 347926 0.1207943  0.0081234  1.33841896
9 8 17 399222 0.1059742  0.12214851 0.72236443
9 8 17 449306  0.23175812 -0.21464157  1.23783493
9 8 17 499990 0.13458252 0.32465744 0.77835083
9 8 17 549960  0.08481979 -0.49077225  1.04162598
9 8 17 600493 0.15081787 0.27042198 0.7708931 
9 8 17 649050 -0.00428963 -0.39037323  1.16113853
9 8 17 701844 -0.06429672 -0.237854    1.18638802
9 8 17 750128 0.06011963 0.15494537 0.94818687
9 8 17 796866   0.12471581 -13.62590027  -4.99577141
9 8 17 847608 0.09370422 0.13591385 1.02254105
9 8 17 897117 -0.04087639 -0.10628891  0.82430267
9 8 17 948798   0.07518578   0.09425735 -13.62478256
9 8 17 998257  0.17070389 -0.281847    1.12407875
9 8 18 59740 0.14922333 0.28951836 0.75255585
9 8 18 95511  0.0580616  -0.41201019  1.00765991
9 8 18 146815 0.19949722 0.29305267 0.77036095
9 8 18 198545 -0.00578117 -0.43275833  1.15569115
9 8 18 248691 0.23849869 0.33725357 0.7634716 
9 8 18 303681 -0.01562119 -0.36037636  1.16505623
9 8 18 351652 0.15590477 0.23794746 0.87961197
9 8 18 396612 -0.03194237 -0.32896233  1.15282249
9 8 18 450423 0.1398201  0.1801548  0.93471909
9 8 18 497112 -0.06979752 -0.26280212  1.0625515 
9 8 18 550237 0.0938549  0.13830948 1.05212212
9 8 18 600471 -0.00531387 -0.12678909  0.89283562
9 8 18 650513 0.07370567 0.15041733 1.24968529
9 8 18 699525  0.0800457  -0.02881432  0.78966331
9 8 18 750311 0.11638641 0.02289581 1.29571533
9 8 18 801184 0.10359764 0.12708282 0.73876381
9 8 18 850606  0.20457077 -0.22127151  1.17411613
9 8 18 901822 0.11211967 0.25939751 0.7326088 
9 8 18 949074  0.08259392 -0.38977242  1.0178299 
9 8 18 996433 0.19030952 0.25060844 0.75344849
9 8 19 54202 -7.78198242e-04 -4.40481186e-01  1.14599800e+00
9 8 19 97062 0.2237339  0.3451519  0.74697685
9 8 19 148242 -0.04023552 -0.40804482  1.13681793
9 8 19 197424 0.19072723 0.22829437 0.85271835
9 8 19 248651 -0.03930664 -0.33309746  1.13219452
9 8 19 298548 0.14937401 0.2055378  0.90796089
9 8 19 380808 -0.04535675 -0.29885674  1.12860107
9 8 19 422302 0.10525513 0.14101601 0.99675179
9 8 19 476405  0.02828979 -0.19880104  0.93537903
9 8 19 527621 0.11872292 0.1478653  1.17890739
9 8 19 572979  0.02525711 -0.1123333   0.83990288
9 8 19 615025 0.03610802 0.12250328 1.28908348
9 8 19 659879  0.09409142 -0.00780106  0.78464127
9 8 19 718270  0.15278244 -0.0736084   1.25174713
9 8 19 764497 0.12729263 0.13024902 0.75857735
9 8 19 822221  0.15043259 -0.30622482  1.14360428
9 8 19 870052 0.16557121 0.21765709 0.72188377
9 8 19 924429  0.07790756 -0.38838959  1.12449646
9 8 19 965923 0.22527504 0.30603218 0.75928116
9 8 20 17642  0.03985023 -0.46708488  1.11005211
9 8 20 60182 0.2082901  0.28293991 0.81107521
9 8 20 100355  0.00963211 -0.35966873  1.12682533
9 8 20 147939 0.20166588 0.28429222 0.87666512
9 8 20 196939 -0.08124161 -0.3058567   1.1690979 
9 8 20 248034 0.09264374 0.17596626 0.89603424
9 8 20 298182 -0.02064705 -0.32078743  1.08548546
9 8 20 348348 0.10037041 0.17246246 0.95931435
9 8 20 397912 -0.0432148  -0.20228958  0.95955276
9 8 20 448714 0.05999184 0.15628052 1.18714333
9 8 20 500304  0.00759697 -0.12270355  0.89753723
9 8 20 547868 0.05912971 0.12428284 1.33699417
9 8 20 599984  0.09964371 -0.01078415  0.7781601 
9 8 20 648635  0.14486504 -0.07128716  1.3272171 
9 8 20 700303 0.10107422 0.12418365 0.74097633
9 8 20 749754  0.19733429 -0.25298309  1.14748573
9 8 20 796339 0.13246918 0.24787903 0.77227592
9 8 20 847923  0.0845108  -0.39940834  1.08879089
9 8 20 897061 0.17814827 0.27141571 0.76888275
9 8 20 948620  0.02234268 -0.46486282  1.14631653
9 8 20 997854 0.25030518 0.36941528 0.80101776
9 8 21 59406 -0.02534294 -0.39024353  1.17890167
9 8 21 94825 0.15148163 0.23108673 0.9123745 
9 8 21 148616 -0.02375793 -0.36701584  1.1513958 
9 8 21 209699 0.11678696 0.16331863 0.921875  
9 8 21 266265 -0.04901695 -0.29183578  1.13694763
9 8 21 327383 0.07471085 0.12712288 1.02886391
9 8 21 372031 -0.03188705 -0.18294334  0.96925163
9 8 21 406525 0.0612278  0.14881134 1.24282837
9 8 21 447437  0.03690147 -0.06081963  0.84658813
9 8 21 497504 0.07019615 0.09477234 1.33516693
9 8 21 548367  0.08336639 -0.00230408  0.7863102 
9 8 21 597861  0.18584633 -0.09028244  1.28089333
9 8 21 649213 0.14456367 0.14696884 0.71830368
9 8 21 699291  0.18741226 -0.41361237  1.08544922
9 8 21 747880 0.16988182 0.1849041  0.72535133
9 8 21 799294  0.04840469 -0.4873333   1.16662216
9 8 21 851935 0.20085716 0.26481247 0.74539375
9 8 21 900479  0.03280067 -0.47787857  1.18300438
9 8 21 949907 0.16372108 0.25789261 0.82657814
9 8 21 997347 -3.43322754e-05 -4.04287338e-01  1.13274002e+00
9 8 22 56503 0.17825699 0.23368454 0.91148758
9 8 22 97034 -0.08025742 -0.31788445  1.18861008
9 8 22 149849 0.10991669 0.11244774 0.93287849
9 8 22 199339 -0.05577087 -0.28962708  1.0814991 
9 8 22 249724 0.11387634 0.12068176 1.04730034
9 8 22 298944 -0.02783394 -0.19852448  0.87903976
9 8 22 348066 0.04057503 0.12520409 1.26992226
9 8 22 399552  0.07996559 -0.07149315  0.83003426
9 8 22 451811 0.10965157 0.03660965 1.3575058 
9 8 22 500961 0.10183907 0.05026245 0.80875969
9 8 22 550451  0.19106865 -0.23358536  1.21473885
9 8 22 596769 0.10261726 0.11384583 0.74305725
9 8 22 647717  0.14590263 -0.3404541   1.18180275
9 8 22 699141 0.16654587 0.26897812 0.76160622
9 8 22 749399  0.02672386 -0.54222107  1.11105919
9 8 22 803068 0.2075386  0.24492073 0.78454781
9 8 22 849548 -0.0157547  -0.43264771  1.12430573
9 8 22 901303 0.16545677 0.23788452 0.87569618
9 8 22 947834 -0.03546715 -0.31938362  1.15280914
9 8 22 999325 0.12055016 0.16371727 0.91120148
9 8 23 50966 -0.03274727 -0.33981705  1.12373543
9 8 23 100506 0.126194   0.13549042 0.9482975 
9 8 23 148867 -0.07104874 -0.25652885  0.953228  
9 8 23 197325 0.0713501  0.11094666 1.14496803
9 8 23 247012  0.0210762  -0.13429832  0.7974472 
9 8 23 297976 0.06079102 0.10411644 1.36584663
9 8 23 348531 0.13820839 0.00663185 0.77911568
9 8 23 397512  0.16545296 -0.09544754  1.30691338
9 8 23 450123 0.09651375 0.11370659 0.75041389
9 8 23 499014  0.17155838 -0.29615402  1.15257645
9 8 23 548137 0.13017082 0.24740601 0.75642967
9 8 23 603115  0.04349899 -0.48812294  1.05416489
9 8 23 650329 0.20936394 0.23793983 0.7498436 
9 8 23 702644 0.17205238 0.25697899 0.80805779
9 8 23 750391 -0.02182198 -0.39675903  1.14750671
9 8 23 796369  5.79833984e-04  3.50097847e+00 -1.99656677e+00
9 8 23 848885 -0.0328598  -0.35840988  1.14108086
9 8 23 897309 0.14916039 0.15118217 0.92604256
9 8 23 949205  -0.07728195  -0.3237114  -13.62434959
9 8 23 998033 0.10161781 0.06471062 1.01044273
9 8 24 59929  0.0274601  -0.19586182  0.91862297
9 8 24 95213 0.0928669  0.10101509 1.18507385
9 8 24 147792  0.05237198 -0.05392838  0.73528862
9 8 24 199490 0.06959534 0.05735779 1.27047157
9 8 24 248432 0.10778999 0.05437088 0.76408768
9 8 24 300840  0.17793083 -0.16764259  1.17624855
9 8 24 350053 0.12231255 0.25462723 0.69968605
9 8 24 399872  0.09634018 -0.42354584  1.00048637
9 8 24 447467 0.20128822 0.25267029 0.71645737
9 8 24 497319 -0.04620934 -0.50919533  1.09708595
9 8 24 549249 0.29845238 0.33795738 0.73888969
9 8 24 598418 -0.026968   -0.41807175  1.19004631
9 8 24 649482 0.22316742 0.21069717 0.81102562
9 8 24 699113 -0.02454758 -0.32342529  1.20887566
9 8 24 747868 0.21649933 0.20564842 0.84629822
9 8 24 802775 -0.12299538 -0.27243614  1.20694542
9 8 24 848657 0.12566185 0.12270927 1.00031853
9 8 24 902361 -0.0080986  -0.20914459  0.92686462
9 8 24 949319 0.10829353 0.11745071 1.25677681
9 8 24 996991  0.11104774 -0.06357193  0.73829269
9 8 25 54541 0.07301331 0.08942413 1.29519081
9 8 25 98295 0.091856   0.05409241 0.78067207
9 8 25 150058  0.16975021 -0.15206146  1.17369843
9 8 25 199545 0.11044502 0.2664299  0.72031021
9 8 25 249106  0.11713409 -0.37711143  1.02936363
9 8 25 299379 0.19738579 0.29574966 0.73692131
9 8 25 348303 -0.01185036 -0.4708786   1.12813759
9 8 25 400133 0.24263191 0.29145813 0.7198658 
9 8 25 448853  0.01027679 -0.4111557   1.16268921
9 8 25 500508 0.25784302 0.25422859 0.77820015
9 8 25 549474 -0.03283119 -0.31765938  1.20955658
9 8 25 599692 0.21389771 0.17710495 0.83625031
9 8 25 648557 -0.08703232 -0.26265717  1.2195015 
9 8 25 698633 0.12043953 0.1391964  0.94185448
9 8 25 750029 -0.02132416 -0.21931076  1.00837708
9 8 25 798900 0.12436104 0.16788864 1.13752174
9 8 25 850240  0.01400375 -0.11239052  0.83309555
9 8 25 899763 0.07962418 0.14951706 1.28163338
9 8 25 949100  0.10988808 -0.02023315  0.79440308
9 8 25 999130  0.14458466 -0.02252388  1.28102303
9 8 26 51070 0.13602638 0.14027023 0.74362373
9 8 26 100468  0.19713593 -0.31062508  1.10134888
9 8 26 148639 0.11454964 0.21269798 0.73175621
9 8 26 195763  0.11276627 -0.40964699  1.10394669
9 8 26 247831 0.22574425 0.31712532 0.7111721 
9 8 26 297809  0.03134155 -0.48804855  1.10476875
9 8 26 348614 0.24189949 0.28340721 0.76060104
9 8 26 397241  0.00887299 -0.35917282  1.18386078
9 8 26 450130 0.29619789 0.3259449  0.81735611
9 8 26 498643 -0.05791664 -0.33462334  1.25329208
9 8 26 547126 0.1913147  0.17150307 0.8939209 
9 8 26 600800 -0.04537582 -0.29998207  1.15620995
9 8 26 647888 0.12777901 0.15980148 0.96038055
9 8 26 701688 -0.06721497 -0.22595215  0.9932766 
9 8 26 749036 0.08085823 0.14196014 1.16767502
9 8 26 795924  0.02596855 -0.09119797  0.89666367
9 8 26 847249 0.07764053 0.06889343 1.28412819
9 8 26 897383 0.05161667 0.03247643 0.8351593 
9 8 26 949285  0.14848518 -0.08415604  1.28030586
9 8 26 999104 0.12059975 0.20155716 0.75589752
9 8 27 60843  0.1795826  -0.32457542  1.12434769
9 8 27 96968 0.16627884 0.31718063 0.77367401
9 8 27 147284  0.07068253 -0.43369484  1.06723213
9 8 27 200132 0.22828674 0.29266548 0.74947166
9 8 27 249293  0.02041817 -0.44192505  1.13506317
9 8 27 302423 0.27011871 0.33094406 0.75905609
9 8 27 349096 -0.02977943 -0.33900452  1.22687721
9 8 27 395913 0.23120499 0.24081421 0.83193779
9 8 27 447505 -0.02614594 -0.33309555  1.23599243
9 8 27 497570 0.14689827 0.16400719 0.87803841
9 8 27 548997 -0.09068489 -0.29529572  1.18083763
9 8 27 598355 0.11214256 0.10715103 0.97852898
9 8 27 649264 -0.00445938 -0.20090866  0.97205734
9 8 27 698642 0.10371017 0.15117073 1.19645691
9 8 27 748187  0.03655624 -0.12668037  0.84115601
9 8 27 800916 0.03843117 0.11005783 1.31284332
9 8 27 849153  0.07136154 -0.05168343  0.84694099
9 8 27 902368  0.12377357 -0.02347565  1.2644043 
9 8 27 951770 0.10718155 0.09582901 0.78777885
9 8 27 996424  0.1821537  -0.32929039  1.14946365
9 8 28 55017 0.14425278 0.19740295 0.69077682
9 8 28 97663  0.08465195 -0.36714554  1.13568878
9 8 28 148216 0.22489166 0.3060379  0.71383476
9 8 28 198487  0.01176262 -0.5007      1.1263485 
9 8 28 250283 0.23669243 0.24814224 0.79260063
9 8 28 299620 -0.01848793 -0.4306736   1.14038086
9 8 28 347893 0.29558563 0.33459091 0.84645844
9 8 28 399635 -0.06022072 -0.33509636  1.22786713
9 8 28 448435 0.16729164 0.18797684 0.88311958
9 8 28 500153 -0.02009773 -0.29753304  1.23639679
9 8 28 549280 0.16329002 0.21695709 0.92089272
9 8 28 597227 -0.11816597 -0.24542999  1.17155647
9 8 28 647642 0.09339523 0.14876366 1.10718346
9 8 28 696919 -0.01915169 -0.12075806  0.97587013
9 8 28 748665 0.11914444 0.13756561 1.30689049
9 8 28 799201  0.05593681 -0.01094246  0.7854805 
9 8 28 849025 0.12158775 0.02376175 1.32563591
9 8 28 899439 0.08372498 0.08159447 0.80095482
9 8 28 948780  0.20529175 -0.17451096  1.20367813
9 8 28 999549 0.09362984 0.23472786 0.71662903
9 8 29 51572  0.12141991 -0.39221573  1.06306839
9 8 29 101787 0.15445328 0.24402428 0.71146011
9 8 29 148918  0.02751923 -0.4150238   1.10280418
9 8 29 195995 0.248806   0.36609077 0.72211456
9 8 29 247605  0.01392174 -0.42090034  1.18155098
9 8 29 297783 0.26160049 0.2714386  0.82825279
9 8 29 348314  0.02036095 -0.31123161  1.17006302
9 8 29 398620 0.23806953 0.24327278 0.90254402
9 8 29 449779 -0.08629608 -0.28720665  1.20574188
9 8 29 502822 0.11951828 0.14093399 0.94235802
9 8 29 549145 -0.04929161 -0.26033592  1.05303192
9 8 29 600688 0.1181488  0.14901352 1.09445763
9 8 29 650889 -0.02551651 -0.15889549  0.8878746 
9 8 29 702489  0.02498245 -0.05881882  0.81938171
9 8 29 751364 0.05035591 0.01791191 1.26920891
9 8 29 797506  2.15530396e-04  1.08753586e+01 -7.12204552e+00
9 8 29 848017  0.19331932 -0.21796227  1.24145126
9 8 29 897873 0.08936882 0.22140503 0.70220375
9 8 29 948800   0.13021088  -0.3808403  -13.62498283
9 8 29 999496 -0.10106087 -0.06198502  1.02505493
9 8 30 61100 -0.04826736  0.0696907   1.00897598
9 8 30 95214 -0.0371666  -0.09780312  0.96690369
9 8 30 147264 -0.08570671 -0.19718552  1.0250721 
9 8 30 199242 -0.08928299 -0.01934814  1.05546951
9 8 30 249565 -0.03226471  0.04431343  0.97393608
9 8 30 301211 -0.04088211 -0.08403397  0.96054077
9 8 30 352885 -0.08968544 -0.15851212  0.99547005
9 8 30 397119 -0.10339737  0.01386642  1.05784225
9 8 30 447399 -0.01119804  0.06941986  0.98148727
9 8 30 496901 -0.05662155 -0.18486977  0.97976875
9 8 30 548388 -0.09196472 -0.19547462  1.03637505
9 8 30 599154 -0.08247375  0.02963257  1.0334816 
9 8 30 649742 -0.0273056   0.02964783  0.95898628
9 8 30 698450 -0.05228806 -0.12792587  0.97246933
9 8 30 747524 -0.11043739 -0.12956047  1.0144577 
9 8 30 799855 -0.07119942  0.07335091  1.03764534
9 8 30 848546 -0.01834869  0.01743889  0.96840477
9 8 30 900791 -0.06633568 -0.24149513  0.97810745
9 8 30 949483 -0.11043358 -0.11787415  1.06620979
9 8 30 999870 -0.05561256  0.06597328  1.00874329
9 8 31 56078 -0.02539253 -0.02315712  0.9520874 
9 8 31 98016 -0.07387733 -0.15984726  0.97782326
9 8 31 148765 -0.11322403 -0.07891846  1.0261898 
9 8 31 199747 -0.06053734  0.08444405  1.00761032
9 8 31 251017 -0.02393341 -0.07799911  0.96605873
9 8 31 299651 -0.08160591 -0.19572067  1.03199577
9 8 31 347482 -0.08634758 -0.0393486   1.04958725
9 8 31 398950 -0.04864311  0.05388451  0.98793221
9 8 31 448482 -0.0371933  -0.06737518  0.95954704
9 8 31 500637 -0.09586906 -0.15299416  1.00611496
9 8 31 550855 -0.11404991 -0.03477669  1.01409149
9 8 31 596908 -0.04339218  0.08855247  0.9969368 
9 8 31 647876 -0.03346634 -0.11682892  0.96922302
9 8 31 697126 -0.0951767  -0.19739914  1.04903603
9 8 31 749566 -0.09531784 -0.0202179   1.03076363
9 8 31 798423 -0.03605652  0.042593    0.97541428
9 8 31 849288 -0.03967094 -0.08955765  0.97255516
9 8 31 899049 -0.09388924 -0.14583969  1.00199318
9 8 31 948002 -0.10983086 -0.01824951  1.01916504
9 8 32 138 -0.02473259  0.11829185  1.01017189
9 8 32 52504 -0.02836227 -0.15265465  0.95311356
9 8 32 103240 -0.1027565  -0.2449379   1.04106903
