9 7 17 26947  0.02819157  0.0103879  -0.00705767
9 7 17 29406  0.02275705  0.01279116 -0.01278496
9 7 17 48808  0.02094316  0.01215792 -0.01193523
9 7 17 55097  0.02423143  0.01044416 -0.00765038
9 7 17 101707  0.02585411  0.00948286 -0.00778532
9 7 17 148301  0.02218962  0.00970078 -0.01398993
9 7 17 197798  0.01542091  0.00952387 -0.01602364
9 7 17 247905  0.0208478   0.00949192 -0.00989056
9 7 17 299098  0.02648783  0.00891113 -0.00703573
9 7 17 349527  0.02335215  0.01073694 -0.0106554 
9 7 17 397989  0.02081013  0.01068211 -0.01195955
9 7 17 449519  0.02280903  0.00918102 -0.00860262
9 7 17 498742  0.0209198   0.00979519 -0.00606441
9 7 17 548523  0.02361345  0.00897408 -0.00790596
9 7 17 601096  0.02004242  0.00758028 -0.01444244
9 7 17 648756  0.01317167  0.00766802 -0.01428986
9 7 17 700864  0.02067471  0.00834942 -0.00583363
9 7 17 752578  0.02823639  0.00541639 -0.00605679
9 7 17 796050  0.02230501  0.00750494 -0.01138639
9 7 17 876168  0.01881742  0.00828838 -0.01136732
9 7 17 914822  0.02201462  0.00588131 -0.00751638
9 7 17 963106  0.02411699  0.00547075 -0.00619316
9 7 18 17651  0.02185917  0.00547123 -0.01144743
9 7 18 85629  0.01285267  0.00535488 -0.01634789
9 7 18 122922  0.01279545  0.00498676 -0.01203823
9 7 18 172445  0.02226686  0.00441599 -0.00551796
9 7 18 204344  0.02007961  0.0053854  -0.00912666
9 7 18 248819  0.01344585  0.00659943 -0.0127387 
9 7 18 300564  0.01565361  0.00455666 -0.00965357
9 7 18 350392  0.01641941  0.00408173 -0.00581551
9 7 18 396145  0.01714039  0.00443649 -0.00710535
9 7 18 447466  0.01228619  0.00367355 -0.01499414
9 7 18 525939  0.00244522  0.00389004 -0.01607323
9 7 18 562664  0.01163387  0.00223589 -0.00630093
9 7 18 618372  0.02068377  0.00044346 -0.00499964
9 7 18 662967  0.0104785   0.00426626 -0.01158476
9 7 18 723880  0.00716925  0.00307274 -0.01201153
9 7 18 751392  0.01415157 -0.00068045 -0.00676918
9 7 18 799345  0.01500416  0.00038433 -0.00542212
9 7 18 848013  0.00845289  0.00132132 -0.01175165
9 7 18 900600  1.15203857e-03 -7.58171082e-05 -1.51758194e-02
9 7 18 948973  0.00674772 -0.00293064 -0.00979471
9 7 18 996217  0.01165056 -0.00229549 -0.00690985
9 7 19 56989  0.00717974  0.00064421 -0.01020432
9 7 19 92928  0.00442314 -0.00129461 -0.01250935
9 7 19 146242  0.00784874 -0.00443602 -0.01041031
9 7 19 197904  0.00758171 -0.00273991 -0.00767994
9 7 19 248844  0.00843334 -0.00332737 -0.01010942
9 7 19 298416  0.00423622 -0.00562143 -0.01595783
9 7 19 347506  2.14576721e-05 -5.91897964e-03 -1.61662102e-02
9 7 19 401619  0.00579119 -0.00647306 -0.01013899
9 7 19 447696  0.00981045 -0.00703812 -0.01069212
9 7 19 500218  0.00559759 -0.00627613 -0.01538086
9 7 19 550513  0.00503826 -0.00710726 -0.01556206
9 7 19 596504  0.00637531 -0.00864506 -0.01356125
9 7 19 647882  0.00663519 -0.00873184 -0.01257181
9 7 19 697511  0.00743246 -0.01031351 -0.01730204
9 7 19 748422 -0.00297546 -0.01064539 -0.02300167
9 7 19 798049 -0.00584507 -0.01138544 -0.01962662
9 7 19 849366  0.00349188 -0.01418447 -0.0154829 
9 7 19 898760  0.00223446 -0.01192188 -0.01871443
9 7 19 947741 -0.00337601 -0.01020479 -0.02136517
9 7 19 999712 -0.00230789 -0.01334381 -0.01958466
9 7 20 51936 -0.00370407 -0.01360083 -0.01729298
9 7 20 100293 -0.00353241 -0.01233721 -0.01784325
9 7 20 149334 -0.00258875 -0.01303291 -0.02288866
9 7 20 196355 -0.01487207 -0.01319695 -0.02887106
9 7 20 248115 -0.01484871 -0.01469135 -0.02358675
9 7 20 296878 -0.00131989 -0.01540899 -0.01711941
9 7 20 348357 -0.00390244 -0.01255512 -0.02112532
9 7 20 398417 -0.01280212 -0.01191521 -0.02562141
9 7 20 449058 -0.00810337 -0.01638174 -0.0222683 
9 7 20 501187 -0.00559568 -0.01515055 -0.01920795
9 7 20 547604 -0.00945139 -0.01199198 -0.02060509
9 7 20 599908 -0.01346302 -0.01426077 -0.02833414
9 7 20 648989 -0.01931238 -0.01646042 -0.0299077 
9 7 20 700279 -0.01502657 -0.0154314  -0.02261734
9 7 20 749876 -0.00901937 -0.01339769 -0.0200634 
9 7 20 796525 -0.01230383 -0.01301098 -0.02564812
9 7 20 847721 -0.01539898 -0.01414108 -0.02703476
9 7 20 897786 -0.0132246  -0.01451445 -0.02298832
9 7 20 948527 -0.01271105 -0.01177692 -0.02070808
9 7 20 997968 -0.01288795 -0.01232862 -0.02474785
9 7 21 59247 -0.01898956 -0.01311684 -0.03064203
9 7 21 95274 -0.02163029 -0.0129509  -0.02842283
9 7 21 146659 -0.0149765  -0.01288652 -0.02256203
9 7 21 199428 -0.01253605 -0.01107216 -0.0241375 
9 7 21 247706 -0.01646233 -0.00927591 -0.02787113
9 7 21 301139 -0.01866817 -0.01051903 -0.02684784
9 7 21 348643 -0.02021456 -0.01023197 -0.02380466
9 7 21 395823 -0.01782227 -0.00912714 -0.02296352
9 7 21 447098 -0.01917315 -0.0089941  -0.0286808 
9 7 21 497058 -0.02999353 -0.0087285  -0.03227282
9 7 21 550388 -0.02872753 -0.00921535 -0.02665377
9 7 21 597898 -0.01897907 -0.00976133 -0.02246189
9 7 21 660855 -0.02195501 -0.00652122 -0.02628708
9 7 21 700522 -0.02700138 -0.00533581 -0.02918863
9 7 21 748092 -0.02463293 -0.00613928 -0.02517128
9 7 21 799892 -0.0245862  -0.00617504 -0.02183914
9 7 21 851185 -0.02259636 -0.00401783 -0.02363443
9 7 21 901498 -0.02683783 -0.00416756 -0.0313921 
9 7 21 949268 -0.03924322 -0.00288725 -0.03190708
9 7 21 995780 -0.02777767 -0.00447464 -0.02033043
9 7 22 54925 -0.01927042 -0.00488853 -0.01969528
9 7 22 97136 -0.02946138  0.00051117 -0.02654362
9 7 22 148040 -0.03159666  0.00022745 -0.02663326
9 7 22 198839 -0.02343225 -0.00131226 -0.02076149
9 7 22 248754 -0.02394867  0.00021696 -0.01904345
9 7 22 298879 -0.02863264  0.00219584 -0.02612782
9 7 22 348221 -0.03554487  0.00192165 -0.02942944
9 7 22 399827 -0.02980804  0.00053072 -0.02155161
9 7 22 448703 -0.02377939  0.00120497 -0.01954603
9 7 22 500797 -0.02629519  0.00446177 -0.02381229
9 7 22 549574 -0.02681637  0.00517321 -0.02588272
9 7 22 598232 -0.02477551  0.00381184 -0.02220297
9 7 22 647543 -0.02468967  0.00508642 -0.01984262
9 7 22 698100 -0.01989412  0.00596142 -0.02305365
9 7 22 751005 -0.0261054   0.00666571 -0.03047419
9 7 22 798510 -0.03258324  0.00600529 -0.0280571 
9 7 22 849104 -0.01996565  0.0042305  -0.01899767
9 7 22 899358 -0.01563835  0.00540257 -0.02188158
9 7 22 949305 -0.0240097   0.00925064 -0.02756119
9 7 23 485 -0.02180624  0.00696564 -0.02655602
9 7 23 51205 -0.01656485  0.00501013 -0.02178669
9 7 23 99980 -0.0162816   0.00737476 -0.02326488
9 7 23 148410 -0.02149153  0.00857019 -0.02995443
9 7 23 196960 -0.02254391  0.00654364 -0.02966738
9 7 23 247569 -0.01678276  0.00401449 -0.02496958
9 7 23 297846 -0.01667929  0.00857925 -0.02909708
9 7 23 349240 -0.01318359  0.00617456 -0.0296855 
9 7 23 398145 -1.26590729e-02  2.00271606e-05  3.68739414e+00
9 7 23 449313 -0.01447535  0.00748301 -0.02578688
9 7 23 499752 -0.00626326  0.00669956 -0.02845907
9 7 23 548610 -0.01131153  0.00604963 -0.03517437
9 7 23 603959 -0.00724411 -0.00591278 -0.01215982
9 7 23 652676 -0.00831413 -0.00430155 -0.00919771
9 7 23 700551 -0.00855589 -0.00361586 -0.01222181
9 7 23 749168 -0.0126462  -0.00390434 -0.01641798
9 7 23 796300 -0.01035357 -0.00401211 -0.01318455
9 7 23 847653 -0.00691795 -0.0036602  -0.01056051
9 7 23 897427 -0.00842714 -0.00108528 -0.01257801
9 7 23 948379 -0.00882769 -0.0007081  -0.01477575
9 7 23 996847 -0.00643635 -0.00143623 -0.01394272
9 7 24 59375 -0.00943565  0.00097179 -0.01249504
9 7 24 94991 -0.00909472  0.00184059 -0.01174164
9 7 24 147744  0.00096989 -0.00019169 -0.01396275
9 7 24 216294 -0.0107379   0.00174141 -0.02225304
9 7 24 272939 -0.01684523  0.00315142 -0.01834965
9 7 24 335524  0.0005784   0.00027132 -0.00876713
9 7 24 366889  0.00329971  0.00129986 -0.01211023
9 7 24 395745 -0.00812387  0.00586557 -0.01876307
9 7 24 447068 -0.0030899   0.00395441 -0.01602268
9 7 24 496801  0.00323486  0.00313234 -0.01086807
9 7 24 548489  0.00192404  0.00453281 -0.01175213
9 7 24 597093 -0.00216532  0.00529671 -0.01864862
9 7 24 648831 -0.00794125  0.00455332 -0.02189875
9 7 24 699270 -0.00407457  0.00459719 -0.0143261 
9 7 24 746661  0.0037632   0.0052228  -0.01037598
9 7 24 798730  0.00116682  0.00531006 -0.01592922
9 7 24 847635 -0.00062323  0.00621843 -0.01875114
9 7 24 900253  0.00150251  0.00709629 -0.01408291
9 7 24 948397  0.00233221  0.00789928 -0.01130438
9 7 24 995262  0.00663424  0.00579071 -0.01470947
9 7 25 54496  8.58306885e-06  7.18212128e-03 -2.25009918e-02
9 7 25 96989 -0.0050168   0.00814819 -0.01964521
9 7 25 147729  0.00630808  0.00744009 -0.01061678
9 7 25 197930  0.0119257   0.00751066 -0.01194668
9 7 25 248748  0.00466013  0.00981331 -0.0179863 
9 7 25 297816  0.00602818  0.00951338 -0.01677036
9 7 25 346957  0.00875425  0.00925589 -0.01137733
9 7 25 398957  0.00997972  0.00938606 -0.01155281
9 7 25 448019  0.0054884   0.00889397 -0.01750326
9 7 25 499613  0.00245237  0.00891972 -0.01856422
9 7 25 548572  0.007514    0.00840044 -0.01305532
9 7 25 595418  0.0102663   0.00888062 -0.01209831
9 7 25 647564  0.00653982  0.01136589 -0.01556396
9 7 25 698148  0.00724173  0.00951385 -0.01659536
9 7 25 748648  0.00808096  0.00946188 -0.0136795 
9 7 25 798408  0.00668383  0.01025867 -0.01171303
9 7 25 849160  0.01184034  0.00927401 -0.01487255
9 7 25 898219  0.0018096   0.00926161 -0.02274036
9 7 25 947293 -0.00248337  0.00866604 -0.01792479
9 7 25 998799  0.0127244   0.00716543 -0.00813103
9 7 26 50624  0.01184988  0.0078187  -0.01221657
9 7 26 99595  0.00164413  0.01039076 -0.01834059
9 7 26 147419  0.00715923  0.00705147 -0.01522684
9 7 26 195247  0.01152086  0.00789118 -0.01001978
9 7 26 247244  0.00812292  0.00964546 -0.01292467
9 7 26 296166  0.00199366  0.00828695 -0.02035761
9 7 26 348180 -0.00036478  0.00554705 -0.0191741 
9 7 26 398595  0.00610781  0.00536728 -0.01200628
9 7 26 449006  0.00602198  0.00798368 -0.0126524 
9 7 26 500047 -0.00039721  0.00801659 -0.01788712
9 7 26 547018  0.00281191  0.00541592 -0.01754618
9 7 26 599605  0.00384045  0.00645876 -0.01356459
9 7 26 648365  0.00342655  0.00882149 -0.01293802
9 7 26 700124  0.00531673  0.00732851 -0.01867962
9 7 26 749887 -0.00421286  0.00571585 -0.02353334
9 7 26 796138 -0.00114536  0.00586843 -0.01607752
9 7 26 846985  0.00917387  0.0050931  -0.01157951
9 7 26 897023  0.00410938  0.00794649 -0.01728153
9 7 26 948004 -0.00059509  0.00769138 -0.01998806
9 7 26 997611  0.00477839  0.00456142 -0.01603651
9 7 27 58377  0.00479603  0.00755072 -0.01296902
9 7 27 94602  0.0016346   0.00831461 -0.01686716
9 7 27 146623 -0.00293255  0.00595045 -0.02128506
9 7 27 200183 -0.00060368  0.00426292 -0.01826954
9 7 27 248055  0.00219488  0.00484848 -0.01509857
9 7 27 299936  0.00015593  0.00663996 -0.01691103
9 7 27 349093 -0.00125122  0.00668001 -0.0196209 
9 7 27 396989  0.00069094  0.00557518 -0.01807642
9 7 27 447330 -0.00362206  0.00686455 -0.01588202
9 7 27 508961 -0.00036955  0.00665426 -0.01525307
9 7 27 548202  0.00314331  0.00547695 -0.02033138
9 7 27 619154 -0.00803995  0.00595951 -0.02523708
9 7 27 664202 -0.00638294  0.00526667 -0.01850128
9 7 27 708668  0.00633621  0.00375032 -0.01303196
9 7 27 747516  0.00222015  0.00712109 -0.01805782
9 7 27 799553 -0.0035758   0.00799608 -0.02107143
9 7 27 849028  0.00275469  0.00408554 -0.0173564 
9 7 27 900408  0.00237894  0.00531054 -0.0141921 
9 7 27 951533 -0.00029135  0.00779104 -0.01740503
9 7 27 996412 -0.00348282  0.0058794  -0.02272511
9 7 28 53722 -0.00432539  0.00298929 -0.02175379
9 7 28 96791 -0.00193977  0.0050106  -0.01619577
9 7 28 149505 -0.00091076  0.00695086 -0.01633883
9 7 28 197812 -0.00136566  0.00630474 -0.01999521
9 7 28 249024 -0.00043392  0.00442266 -0.02013397
9 7 28 298552 -0.00301123  0.00629759 -0.0174365 
9 7 28 347439 -0.00342226  0.00717354 -0.01614189
9 7 28 404773  0.00422001  0.0051136  -0.01810026
9 7 28 448655 -0.00268984  0.00552034 -0.02502394
9 7 28 499428 -0.01147223  0.00621176 -0.02397966
9 7 28 549394  0.00210428  0.00556326 -0.01444054
9 7 28 595180  0.00973034  0.00499058 -0.01476526
9 7 28 646901  0.00036097  0.00728893 -0.02109718
9 7 28 696633  0.00059032  0.00557041 -0.02038717
9 7 28 748555  0.00531054  0.00416899 -0.01479149
9 7 28 797785  0.00508022  0.00589418 -0.01416063
9 7 28 855252  0.00303745  0.00600815 -0.01986074
9 7 28 898465 -0.00210857  0.0044651  -0.02319241
9 7 28 952646 -0.00132656  0.00342941 -0.01869154
9 7 28 998479  0.0055275   0.00450945 -0.01413631
9 7 29 50460  0.00519037  0.00564098 -0.01732492
9 7 29 99909  0.00369501  0.00504684 -0.02016783
9 7 29 148315  0.00405979  0.0045228  -0.01726151
9 7 29 196001  0.00351572  0.00594854 -0.01438427
9 7 29 247634  0.00791645  0.00544024 -0.01473618
9 7 29 298129  0.00610352  0.00506496 -0.02145576
9 7 29 364310 -0.00317335  0.00498247 -0.02321529
9 7 29 425221  0.00368738  0.0041585  -0.01501179
9 7 29 470234  0.01370382  0.00401688 -0.0118928 
9 7 29 519857  0.00856304  0.0073328  -0.01775074
9 7 29 571496  0.00671959  0.00678635 -0.01888943
9 7 29 599810  0.01063251  0.00468779 -0.01435232
9 7 29 648437  0.01028252  0.00617218 -0.01263571
9 7 29 700593  0.00990629  0.00669956 -0.0162735 
9 7 29 748929  0.00466681  0.00547218 -0.02084017
9 7 29 797238  0.01498365 -0.00531673  0.00019407
9 7 29 847897  0.01790237 -0.00507355 -0.00328541
9 7 29 896812  0.0102582  -0.0016408  -0.00856256
9 7 29 948319  0.01654339 -0.00396919 -0.00482988
9 7 29 997848  0.01877975 -0.00399113 -0.00019264
9 7 30 59334  0.01705647 -0.00309229 -0.00173903
9 7 30 95432  0.01425791 -0.00342178 -0.00829601
9 7 30 147478  0.01316261 -0.00437737 -0.00784636
9 7 30 198992  0.01735115 -0.00380039 -0.00105858
9 7 30 250233  0.02032423 -0.00245714 -0.00035667
9 7 30 300675  0.01827717 -0.00159883 -0.00574493
9 7 30 350320  0.02031755 -0.00231647 -0.00531149
9 7 30 396107  0.02114677 -0.00181293 -0.00198889
9 7 30 447453  0.02089977 -0.00049686 -0.00035048
9 7 30 497682  0.02553034 -0.00284052 -0.00554371
9 7 30 549255  0.01529646 -0.00276947 -0.01187515
9 7 30 599119  0.01928186 -0.00289154 -0.00344419
9 7 30 650416  0.03228188 -0.00361252  0.00288725
9 7 30 699942  0.0270648  -0.00216532 -0.00412321
9 7 30 749840  0.02383375 -0.00060749 -0.00740767
9 7 30 798537  0.03188896 -0.00438118 -0.0027194 
9 7 30 849236  0.03137636 -0.00216198  0.00068188
9 7 30 900629  0.02794218 -0.00235605 -0.00368643
9 7 30 949882  0.0250392  -0.00454617 -0.00905228
9 7 30 998913  0.02572727 -0.00550604 -0.00607586
9 7 31 56015  0.0306139  -0.00465488  0.0002656 
9 7 31 99764  0.02880716 -0.00303698 -0.00279617
9 7 31 150506  0.02562571 -0.00341368 -0.00706434
9 7 31 198282  0.02947474 -0.00477314 -0.00494719
9 7 31 248765  0.0285306  -0.00285196 -0.00062275
9 7 31 299647  0.02830362 -0.00285053 -0.00205946
9 7 31 349112  0.02644777 -0.00417995 -0.00917244
9 7 31 400200  0.02251482 -0.00491905 -0.00823784
9 7 31 449261  0.03075171 -0.00509501  0.00020552
9 7 31 500418  0.03260946 -0.00398159 -0.00016737
9 7 31 548405  0.02548599 -0.00286579 -0.00658083
9 7 31 596024  0.02867842 -0.00428915 -0.00545025
9 7 31 647904  0.02976036 -0.00414324 -0.00035572
9 7 31 697322  0.02699947 -0.0026083   0.00054359
9 7 31 749282  0.02416372 -0.00418139 -0.00633383
9 7 31 798137  0.02166414 -0.00592232 -0.00731421
9 7 31 848835  0.02346325 -0.00535202 -0.00161505
9 7 31 900488  0.02497673 -0.00472736 -0.00024033
9 7 31 947642  0.02054548 -0.00422716 -0.00502443
9 7 31 998623  0.01843452 -0.00493622 -0.00577402
9 7 32 51968  0.01805401 -0.00491667 -0.00307608
9 7 32 100204  1.70903206e-02 -3.64208221e-03  1.43051147e-06
9 7 32 149963  0.02453423 -0.00418282 -0.00358009
9 7 32 198459  0.01218462 -0.00409174 -0.01551819
9 7 32 247701  0.0034585  -0.00470591 -0.00967169
9 7 32 295970  0.02038479 -0.00720167  0.00302839
9 7 32 348417  2.09021568e-02 -6.23130798e-03  8.34465027e-05
9 7 32 397848  0.0055747  -0.00213432 -0.00768185
9 7 32 453307  0.01055861 -0.0051446  -0.00377512
9 7 32 500513  0.0213666  -0.00701141  0.00423288
9 7 32 547369  0.02240515 -0.00282478 -0.00401402
9 7 32 598866 -0.00291872 -0.0022521  -0.01959372
9 7 32 649000 -0.00512552 -0.00571346 -0.01174259
9 7 32 699463  0.01746273 -0.00974941  0.00616693
9 7 32 753087  0.00423574 -0.00536871  0.00120974
9 7 32 795435 -0.01408052 -0.00159264 -0.00785446
9 7 32 847252  0.0078721  -0.00631523 -0.00069332
9 7 32 896090  0.02585077 -0.00985909 -0.00202847
9 7 32 947860 -0.01823235  0.0001812  -0.01320744
9 7 32 997220 -0.01534986 -0.00079346 -0.00545502
9 7 33 57754  0.01925945 -0.01186657  0.00382805
9 7 33 94554 -0.00722265 -0.00375843 -0.00363827
9 7 33 145997 -0.01875496 -0.00041151 -0.00339746
9 7 33 197838  0.01932907 -0.01220846 -0.00605106
9 7 33 247629 -0.01976156 -0.00086212 -0.01346302
9 7 33 300542 -0.01754761 -0.00068569 -0.00077009
9 7 33 351035  0.01144981 -0.01046467  0.00363541
9 7 33 396197 -2.01129913e-02 -9.96589661e-05 -4.54425812e-03
9 7 33 446913 -0.00694561 -0.00524282 -0.00365305
9 7 33 497725  0.00587034 -0.01429987 -0.00749874
9 7 33 548035 -0.02645969  0.00210762 -0.00108004
9 7 33 596793 -0.00788689 -0.00551844  0.0029459 
9 7 33 648757 -0.01865435 -0.0031538  -0.00399494
9 7 33 698594 -0.01441193 -0.00506115 -0.00470114
9 7 33 747944 -0.00742149 -0.0118165  -0.00938416
9 7 33 799134 -0.02301025  0.00303793  0.00157547
9 7 33 848072 -0.01049662 -0.00485849  0.00193739
9 7 33 900725 -0.02204561 -0.00484133 -0.00440216
9 7 33 949569 -0.01626635 -0.00785732 -0.00495481
9 7 33 998952 -0.01119947 -0.00911713 -0.00142765
9 7 34 58563 -0.02001619  0.00178099  0.0049777 
9 7 34 93390 -0.02920532 -0.0031991  -0.00333071
9 7 34 146657 -0.01385641 -0.01091433 -0.00550556
9 7 34 197141 -0.01359797 -0.01013088 -0.00631714
9 7 34 248616 -0.01711559 -0.00165272  0.00285149
9 7 34 297988 -0.0209198  -0.00250912  0.00050974
9 7 34 347329 -0.03455877 -0.0080142  -0.00768757
9 7 34 398981 -0.02271318 -0.01080799 -0.00118113
9 7 34 447799 -0.00588417 -0.00847769  0.00529432
9 7 34 499725 -0.01936817 -0.00326681 -0.00060987
9 7 34 548810 -0.03799391 -0.00340843 -0.00958681
9 7 34 595602 -0.01823521 -0.01450443 -0.00799608
9 7 34 647093 -0.02170086 -0.00488615 -0.00124931
9 7 34 696579 -0.0193038  -0.00528526  0.00025177
9 7 34 748120 -0.03444815 -0.00500822 -0.0080061 
9 7 34 798068 -0.02958632 -0.01226425 -0.00717258
9 7 34 848983 -0.0164485  -0.00896931  0.00364113
9 7 34 897969 -0.00738811 -0.00756073  0.00229454
9 7 34 947627 -0.03081656 -0.00176144 -0.00730944
9 7 34 999625 -0.02686453 -0.00659752 -0.00923681
9 7 35 51375 -0.01316833 -0.01534224 -0.00730038
9 7 35 100338 -0.02543831 -0.00151205 -0.00017881
9 7 35 148237 -0.02000999 -0.00497627 -0.00226259
9 7 35 196767 -0.03366613 -0.00610781 -0.00729513
9 7 35 246995 -0.02185345 -0.01351976 -0.00347519
9 7 35 296257 -0.01251364 -0.00366831  0.0043478 
9 7 35 348550 -0.01422787 -0.00517845 -0.00088167
9 7 35 397639 -0.03153753 -0.00255919 -0.00819778
9 7 35 450496 -0.01636505 -0.01392841 -0.00982523
9 7 35 500068 -0.01731873 -0.00224686  0.00319338
9 7 35 549217 -0.02691269 -0.00497484 -0.00409174
9 7 35 602552 -0.03010273  0.03121758  1.46872663
9 7 35 650214 -0.01220989 -0.00809336  0.0020895 
9 7 35 706876 -0.0090847  -0.00011301  0.00458193
9 7 35 781730 -0.02288818 -0.00169897 -0.00467157
9 7 35 820820 -0.00237942 -0.03624821  0.10941172
9 7 35 866155  0.01066732 -0.01021385  0.10492849
9 7 35 897865  0.0010581  -0.03138304  0.1096139 
9 7 35 949186  0.00734091 -0.01772642  0.10482693
9 7 35 997531  8.86917114e-05 -2.10003853e-02  1.08598709e-01
9 7 36 58673  0.00251341 -0.02601957  0.10768223
9 7 36 94909  0.00410461 -0.01254368  0.10872984
9 7 36 146957  0.00189304 -0.0346179   0.10765266
9 7 36 201566  0.00649405 -0.00643778  0.10657883
9 7 36 251080 -0.00419474 -0.0377183   0.10953569
9 7 36 300650  0.00794554 -0.00565529  0.10745811
9 7 36 350399  0.00059557 -0.03582859  0.11002159
9 7 36 397931  0.01111221 -0.01032877  0.104702  
9 7 36 447586  0.00068951 -0.02768326  0.11090946
9 7 36 496747  0.00954437 -0.01751614  0.10538578
9 7 36 548094  0.0055809  -0.01953077  0.10952139
9 7 36 597869  0.00865602 -0.02670717  0.10471964
9 7 36 648620  0.00839424 -0.00998688  0.10713387
9 7 36 698121  0.00409174 -0.03378487  0.10704041
9 7 36 748667  0.0146637  -0.00694418  0.10612154
9 7 36 799550  0.00166082 -0.03580952  0.10770226
9 7 36 848477  0.0169282  -0.00644207  0.10421848
9 7 36 900813  0.00551653 -0.03366899  0.10880136
9 7 36 948947  0.01539326 -0.00969601  0.10480356
9 7 36 996068  0.01012611 -0.02843761  0.10866117
9 7 37 55605  0.0176034  -0.01746702  0.10345793
9 7 37 96750  0.01050568 -0.01861858  0.10674953
9 7 37 147812  0.01449299 -0.02550268  0.10494089
9 7 37 197044  0.01804113 -0.01114178  0.1065526 
9 7 37 250074  0.01405621 -0.03311729  0.10398817
9 7 37 298776  0.02101994 -0.00537062  0.10289717
9 7 37 348078  0.00821495 -0.03552532  0.10661793
9 7 37 398626  0.02046585 -0.00560045  0.1045351 
9 7 37 448179  0.0104847  -0.03332186  0.10723639
9 7 37 500045  0.01797962 -0.01096916  0.10142279
9 7 37 548670  0.00886679 -0.02738523  0.10861397
9 7 37 596252  0.0174036  -0.0197854   0.10315466
9 7 37 646860  0.01273966 -0.01776075  0.10656881
9 7 37 696316  0.01486826 -0.0273509   0.10397291
9 7 37 748024  0.01582241 -0.01072741  0.10447454
9 7 37 799247  0.00827122 -0.03263235  0.1050458 
9 7 37 849694  0.01993942 -0.00685596  0.10657835
9 7 37 898014  0.00809813 -0.03629112  0.10598469
9 7 37 950537  0.02051878 -0.00702858  0.10267067
9 7 37 998696  0.00521183 -0.03226662  0.10964537
9 7 38 50771  0.01828146 -0.01129532  0.10479975
9 7 38 100098  0.00740576 -0.02681208  0.10879612
9 7 38 147846  0.0143342  -0.01917791  0.10529137
9 7 38 196149  0.00797224 -0.01876497  0.10835075
9 7 38 247471  0.01017809 -0.02692652  0.10839081
9 7 38 297213  0.01184416 -0.01080513  0.11012268
9 7 38 348802  0.00779867 -0.03397417  0.10951424
9 7 38 398094  0.01523685 -0.006217    0.10864401
9 7 38 449546  0.00139761 -0.03558731  0.11092997
9 7 38 499110  0.01603937 -0.0062685   0.11024427
9 7 38 548563  0.00093985 -0.03276014  0.11253309
9 7 38 599906  0.01413822 -0.0128727   0.10892296
9 7 38 649653  0.0019145  -0.0257616   0.11330843
9 7 38 700893  0.00932169 -0.02002239  0.11082125
9 7 38 748727  0.005198   -0.01635981  0.1142354 
9 7 38 796779  0.00657034 -0.02871513  0.11209869
9 7 38 848400  0.00915289 -0.00834942  0.11196804
9 7 38 897656 -0.00118828 -0.03282309  0.1139636 
9 7 38 949077  0.01313353 -0.00478077  0.11344671
9 7 38 998555 -0.00138474 -0.03462648  0.11368704
9 7 39 59356  0.0112009  -0.00493622  0.11059475
9 7 39 95877 -0.0011158  -0.03018332  0.11563015
9 7 39 146502  0.01032448 -0.01068783  0.1109643 
9 7 39 199615  0.00132513 -0.02159023  0.11600065
9 7 39 248813  0.01145554 -0.01853228  0.10951567
9 7 39 301500  0.00316668 -0.01043797  0.11227417
9 7 39 349598  0.00397444 -0.02484703  0.1118331 
9 7 39 397584  0.01057625 -0.00430536  0.11144638
9 7 39 448204 -0.00020599 -0.02822876  0.11180544
9 7 39 498439  0.0126276  -0.00060701  0.10975885
9 7 39 548153 -0.00226402 -0.02889538  0.11232662
9 7 39 598688  0.01167297 -0.00100279  0.11124229
9 7 39 648988  0.00076103 -0.02498913  0.11244059
9 7 39 699754  0.01439047 -0.00914526  0.10608292
9 7 39 747442  0.00294065 -0.01503134  0.11169338
9 7 39 799462  0.00804138 -0.01612043  0.1082902 
9 7 39 848497  0.01181459 -0.00584888  0.11031866
9 7 39 899948  0.00443363 -0.02310801  0.10692024
9 7 39 948972 0.01308537 0.00132608 0.1068368 
9 7 39 996569  0.00203323 -0.02580738  0.10984087
9 7 40 53932 0.01739359 0.00247097 0.10672808
9 7 40 97774  0.00342464 -0.02434826  0.1098485 
9 7 40 149713  0.01305342 -0.00071001  0.10625839
9 7 40 227926  0.00499821 -0.01972437  0.11029816
9 7 40 271934  0.01332426 -0.00903416  0.10713625
9 7 40 318105  0.00404406 -0.01036978  0.10989285
9 7 40 369509  0.00930405 -0.0171752   0.10901499
9 7 40 419165  0.00654507 -0.00291586  0.10872221
9 7 40 471735  0.00302219 -0.02410889  0.11009645
9 7 40 525215 0.01165628 0.00174475 0.10961199
9 7 40 575807 -0.0011034  -0.02674532  0.11196041
9 7 40 626135 0.01088381 0.00361204 0.10790539
9 7 40 663318 -0.00243235 -0.02433825  0.11384773
9 7 40 697277  0.00763321 -0.00053978  0.10868311
9 7 40 748580  0.00092411 -0.02053642  0.11290407
9 7 40 798182  0.01006985 -0.01082802  0.10776949
9 7 40 849129 -0.00166178 -0.00777578  0.11248779
9 7 40 898935  0.00470448 -0.02005863  0.11115122
9 7 40 948030  0.00758123 -0.00077438  0.11069298
9 7 41 1303  0.00170231 -0.02544498  0.11105776
9 7 41 52013 0.00948477 0.00391054 0.10883856
9 7 41 99712 -0.00053978 -0.02629089  0.11209536
9 7 41 149455 0.0105834  0.00454998 0.10881376
9 7 41 196079  0.00437832 -0.02438545  0.11215973
9 7 41 247978  0.01404047 -0.00240898  0.10470343
9 7 41 296676  0.00091028 -0.01562023  0.11238432
9 7 41 348845  0.01026487 -0.01032686  0.10701513
9 7 41 398068  0.00847912 -0.00730944  0.10969925
9 7 41 449550  0.00867367 -0.01990652  0.10695124
9 7 41 499828  0.00527906 -0.02556658  0.11028004
9 7 41 547850 0.01498127 0.00541306 0.10862875
9 7 41 599153  0.00820112  0.03114605 -1.56207371
9 7 41 649506 0.02010202 0.00311852 0.10361195
9 7 41 699589  0.00437927 -0.02177715  0.11063957
9 7 41 749362  0.0174737  -0.00402927  0.10530567
9 7 41 795916  0.01721478 -0.05118942  0.19474649
9 7 41 848552  0.02052927 -0.02759838  0.17888641
9 7 41 898006  0.014503   -0.04763842  0.19559908
9 7 41 947854  0.01715612 -0.02860022  0.18028688
9 7 41 997794  0.01358461 -0.04654169  0.19202471
9 7 42 59824  0.02021885 -0.03296232  0.18021441
9 7 42 94927  0.01668406 -0.04088449  0.18982649
9 7 42 146046  0.01942396 -0.03404617  0.18309355
9 7 42 199835  0.01582432 -0.03664827  0.18589926
9 7 42 249211  0.02121639 -0.03708696  0.18603086
9 7 42 300425  0.01510191 -0.03058958  0.18313074
9 7 42 348788  0.02028179 -0.03817701  0.18911505
9 7 42 396710  0.01537752 -0.02746534  0.18087959
9 7 42 449589  0.02207947 -0.04239416  0.18966722
9 7 42 498114  0.01598978 -0.02119207  0.17652082
9 7 42 562148  0.01843834 -0.04368162  0.19193554
9 7 42 624175  0.01967096 -0.01812935  0.17575693
9 7 42 670710  0.01862669 -0.04449654  0.1908288 
9 7 42 720326  0.02138758 -0.01965141  0.17197847
9 7 42 766038  0.01560307 -0.04195213  0.19189072
9 7 42 822717  0.02287388 -0.01811218  0.17372322
9 7 42 870037  0.01855659 -0.04172611  0.18852091
9 7 42 915301  0.02361155 -0.02089596  0.17286539
9 7 42 949408  0.02047014 -0.0376153   0.1888423 
9 7 42 996236  0.02471495 -0.02174807  0.17495298
9 7 43 54153  0.02180099 -0.03559494  0.1859374 
9 7 43 97917  0.02655029 -0.02736855  0.1771245 
9 7 43 149413  0.02403879 -0.02902126  0.18349314
9 7 43 197434  0.02706623 -0.02998877  0.1798625 
9 7 43 250274  0.02392435 -0.02653646  0.18013239
9 7 43 299517  0.03276348 -0.03363943  0.18230104
9 7 43 348117  0.02297115 -0.02048779  0.17554569
9 7 43 400358  0.03159571 -0.03517771  0.18718815
9 7 43 449422  0.02591944 -0.01775217  0.17420435
9 7 43 499952  0.03122902 -0.03797293  0.18759155
9 7 43 550539  0.02696133 -0.01669073  0.17230988
9 7 43 596998  0.02724314 -0.03841019  0.18963003
9 7 43 647423  0.02913237 -0.01476097  0.1719265 
9 7 43 731935  0.02515745 -0.03972197  0.18923664
9 7 43 769258  0.02915764 -0.01589966  0.17091751
9 7 43 816236  0.02252674 -0.03834391  0.18973255
9 7 43 858219  0.02588224 -0.01524067  0.17478991
9 7 43 918951  0.02360344 -0.03774071  0.18757391
9 7 43 962656  0.02450323 -0.01907921  0.17345333
9 7 44 19553  0.02226686 -0.03295851  0.18818855
9 7 44 75461  0.02558279 -0.02078819  0.17812395
9 7 44 119708  0.02191257 -0.02987719  0.18506145
9 7 44 174845  0.02511644 -0.02563143  0.18074322
9 7 44 213668  0.01807642 -0.02662325  0.18245983
9 7 44 258471  0.02569008 -0.0291729   0.18479061
9 7 44 319388  0.01618385 -0.02408743  0.17937088
9 7 44 366519  0.02405596 -0.03258371  0.1872263 
9 7 44 417294  0.01208401 -0.02029419  0.17720556
9 7 44 465079  0.02054119 -0.03802872  0.19028759
9 7 44 522791  0.01471567 -0.01900673  0.17729235
9 7 44 547205  0.01559973 -0.04105711  0.18988132
9 7 44 599040  0.011971   -0.0162878   0.17576075
9 7 44 647732  0.01059389 -0.04363918  0.19236469
9 7 44 701839  0.01394796 -0.01700068  0.17508364
9 7 44 748630  0.00852633 -0.0424242   0.19235325
9 7 44 797081  0.01003981 -0.01708221  0.17673826
9 7 44 847607  0.00666189 -0.0412426   0.19226789
9 7 44 896556  0.01251078 -0.02061176  0.17569923
9 7 44 948118  0.00554037 -0.03670979  0.1916461 
9 7 44 997144  0.00935364 -0.02057838  0.17876053
9 7 45 59335  0.00391579 -0.03467607  0.18869495
9 7 45 95192  0.00845814 -0.02433825  0.17919827
9 7 45 146047  1.31607056e-04 -3.07593346e-02  1.85811520e-01
9 7 45 197184  0.00623083 -0.02660894  0.18047237
9 7 45 247532 -0.00152588 -0.0247798   0.18195963
9 7 45 299660  0.00434208 -0.02887917  0.18232441
9 7 45 351217 -0.00092125 -0.02130365  0.17734194
9 7 45 395456  0.00729513 -0.03116703  0.18277502
9 7 45 447474 -0.00321531 -0.01603746  0.17304087
9 7 45 497342  0.00512457 -0.03426981  0.18480158
9 7 45 548852  3.86238098e-05 -1.43227577e-02  1.69193268e-01
9 7 45 598395  0.0019002  -0.03739452  0.18555069
9 7 45 651229  0.00102425 -0.01253414  0.16851091
9 7 45 698825 -0.00025415 -0.03636122  0.18602896
9 7 45 747957  0.00138807 -0.01238346  0.16819525
9 7 45 798712  0.00043535 -0.03570175  0.18513966
9 7 45 847609  0.0028429  -0.01276398  0.16683865
9 7 45 904595 -0.00321293 -0.0330801   0.18658972
9 7 45 949677  0.00355673 -0.01408148  0.17029476
9 7 45 995886 -0.00115681 -0.03346014  0.18321371
9 7 46 54538  0.00263357 -0.01381588  0.17186499
9 7 46 97846 -0.00096178 -0.031147    0.18270159
9 7 46 149452  0.00211573 -0.01684523  0.17448378
9 7 46 197214 -0.00095892 -0.02625799  0.18088818
9 7 46 249753  0.00542831 -0.02333546  0.17332315
9 7 46 298234 -0.00393105 -0.01846027  0.17647791
9 7 46 350074 -0.0002799  -0.0242486   0.18005276
9 7 46 400792 -0.00559187 -0.01639795  0.17259121
9 7 46 449659  0.00065565 -0.02880383  0.18082666
9 7 46 502953 -0.00766754 -0.01241064  0.16972923
9 7 46 549706 -0.00204659 -0.03187704  0.18339825
9 7 46 595884 -0.00564766 -0.01055336  0.16808939
9 7 46 648456 -0.00368452 -0.03587723  0.18307877
9 7 46 696901 -0.00133324 -0.00930452  0.16417456
9 7 46 747965 -0.00938416 -0.0358386   0.18515062
9 7 46 797427 -0.00553703 -0.00931978  0.16761494
9 7 46 849142 -0.0073514  -0.03567934  0.18282509
9 7 46 899562 -0.0021944  -0.0136447   0.16706324
9 7 46 948127 -0.0080986  -0.03341484  0.1827035 
9 7 46 999335 -0.00152349 -0.013556    0.17086506
9 7 47 51123 -0.006598   -0.03131533  0.18080091
9 7 47 101030  0.00040388 -0.0185442   0.17291737
9 7 47 147720 -0.00461197 -0.02512407  0.17901945
9 7 47 196233  0.00046158 -0.02273989  0.17708111
9 7 47 247199 -0.00324249 -0.02138853  0.17604828
9 7 47 299544  0.00619793 -0.0280633   0.17963457
9 7 47 348501 -0.00249481 -0.01732779  0.17280769
9 7 47 397697  0.00370407 -0.03131294  0.18356133
9 7 47 449759 -0.00029612 -0.01476192  0.17062283
9 7 47 500693  0.00127602 -0.01244736  0.16818714
9 7 47 547666  0.00173235 -0.03585815  0.1856575 
9 7 47 600617  0.00319815  0.03119802 -1.18684483
9 7 47 648699  0.00100517 -0.03677797  0.1837163 
9 7 47 700223  0.00528145 -0.0135107   0.1663413 
9 7 47 749926 -0.00078011 -0.03676462  0.18418503
9 7 47 796751  0.01684046 -0.02102184  0.17117834
9 7 47 848639  0.01115036 -0.02133226  0.18247509
9 7 47 898250  0.01490641 -0.02221632  0.17726612
9 7 47 958472  0.01371908 -0.02104568  0.17781353
9 7 48 1980  0.01957083 -0.02501297  0.17844248
9 7 48 58921  0.01285124 -0.01801825  0.17571688
9 7 48 95119  0.01977444 -0.02792311  0.18260956
9 7 48 149991  0.01452494 -0.01245403  0.17282009
9 7 48 200124  0.02055025 -0.03264809  0.18457556
9 7 48 248393  0.01839781 -0.00900126  0.17032814
9 7 48 299453  0.01655531 -0.03406477  0.1860528 
9 7 48 348931  0.01743412 -0.00673485  0.16967869
9 7 48 395371  0.01917505 -0.0354147   0.18509197
9 7 48 446996  0.02103043 -0.0103898   0.16411257
9 7 48 497139  0.01270199 -0.03094816  0.18821192
9 7 48 548359  0.01792574 -0.00909948  0.17036581
9 7 48 598964  0.01453066 -0.03302956  0.18247366
9 7 48 648862  0.015903   -0.01482296  0.16974211
9 7 48 698400  0.01149797 -0.0278573   0.18286419
9 7 48 747492  0.01230288 -0.01623297  0.17346382
9 7 48 799514  0.010149   -0.02733135  0.17736197
9 7 48 848392  0.01435757 -0.02229595  0.1739707 
9 7 48 899810  0.00723982 -0.01836681  0.17398691
9 7 48 948942  0.00992107 -0.02585173  0.17775202
9 7 48 995880  0.00683975 -0.01507902  0.16893864
9 7 49 53452  0.01339102 -0.03069973  0.17853737
9 7 49 97195  0.00742054 -0.01010847  0.16489649
9 7 49 147687  0.00812769 -0.03455257  0.18133116
9 7 49 197174  0.00912905 -0.00753927  0.1647048 
9 7 49 249016  0.00630426 -0.03548717  0.1817894 
9 7 49 298214  0.01155853 -0.00893402  0.16287661
9 7 49 350030  0.0036521  -0.03150177  0.18297863
9 7 49 400357  0.01170492 -0.00826979  0.16521454
9 7 49 448079  0.00904942 -0.03121281  0.1800456 
9 7 49 500898  0.01172256 -0.01136494  0.16408825
9 7 49 549137  0.00866175 -0.02293444  0.1801343 
9 7 49 596896  0.0110383  -0.01321983  0.16834211
9 7 49 648905  0.00946093 -0.02001286  0.17531681
9 7 49 697692  0.01383686 -0.01466894  0.17067957
9 7 49 747906  0.00808907 -0.01476479  0.17134619
9 7 49 798434  0.01214552 -0.01651096  0.17499495
9 7 49 849938  0.00682592 -0.00983334  0.16915274
9 7 49 899035  0.01594782 -0.02408171  0.17581606
9 7 49 947748  0.00598907 -0.00329494  0.16359377
9 7 49 999573  0.00781107 -0.02516365  0.18198681
9 7 50 53140  0.00816536 -0.00418806  0.16351461
9 7 50 99163  0.00710773 -0.02903605  0.17813492
9 7 50 148363  0.0104394  -0.0028038   0.16267252
9 7 50 197218  0.00647736 -0.02943373  0.17880869
9 7 50 247565  0.00948524 -0.00352192  0.16051674
9 7 50 297111  0.00603437 -0.02803326  0.17802811
9 7 50 348189  0.01039219 -0.00806046  0.16128397
9 7 50 397686  0.00830507 -0.02160311  0.17545462
9 7 50 449286  0.00648546 -0.01089334  0.16359854
9 7 50 498530  0.00713301 -0.01919365  0.17095232
9 7 50 546547  0.01036596 -0.01644659  0.16553831
9 7 50 599043  0.00629568 -0.01477528  0.16717577
9 7 50 648344  0.00920725 -0.01714802  0.17012215
9 7 50 699363  0.00646019 -0.01156282  0.16546774
9 7 50 749504  0.01492405 -0.02129507  0.16995668
9 7 50 796046  0.00785732 -0.00418091  0.15910959
9 7 50 847589  0.00887108 -0.02386808  0.17610884
9 7 50 896208 1.30171776e-02 6.81877136e-05 1.59501553e-01
9 7 50 947714  0.01193142 -0.02553463  0.17474079
9 7 50 998265  0.01555824 -0.00158548  0.15651083
9 7 51 58588  0.00934362 -0.02360916  0.17912388
9 7 51 95683  0.01637888 -0.00024796  0.1611886 
9 7 51 147301  0.01566076 -0.02416039  0.17549467
9 7 51 198546  0.01529408 -0.002882    0.16070938
9 7 51 250105  0.01486301 -0.02030802  0.17529774
9 7 51 300176  0.01513147 -0.00564337  0.16437769
9 7 51 348206  0.0126543  -0.01768351  0.17059088
9 7 51 396646  0.01318407 -0.0113492   0.16713095
9 7 51 447740  0.00984097 -0.01247835  0.16739702
9 7 51 497299  0.01383162 -0.01802301  0.1696763 
9 7 51 547856  0.0046525  -0.00548744  0.16517973
9 7 51 596864  0.01306105 -0.02183867  0.17377424
9 7 51 648868  0.00391388 -0.00342131  0.15923977
9 7 51 698839  0.00779819 -0.02362156  0.17756796
9 7 51 747529  0.00634813 -0.00357199  0.16105509
9 7 51 798869  0.00700951 -0.02699423  0.17585039
9 7 51 847864  0.00748777 -0.00320435  0.1599288 
9 7 51 899713  0.00303078 -0.0287056   0.17843485
9 7 51 948461  0.00865555 -0.002985    0.16285753
9 7 51 996063  0.00349331 -0.02836275  0.17635679
9 7 52 54264  0.0064373  -0.00735617  0.16279554
9 7 52 96238  0.00263739 -0.02470922  0.17721987
9 7 52 147738  0.00606155 -0.01295757  0.16688728
9 7 52 210905  0.00162458 -0.02091217  0.17434692
9 7 52 264981  0.00608158 -0.01719236  0.16968966
9 7 52 318481 -0.00322342 -0.01872349  0.17134953
9 7 52 372635  0.00684738 -0.02136564  0.17414713
9 7 52 425427 -0.00400782 -0.01674938  0.1677084 
9 7 52 463676  0.00284719 -0.02691221  0.17573071
9 7 52 523898 -0.00677729 -0.01189041  0.16475916
9 7 52 572645 -5.29289246e-05 -3.26900482e-02  1.77492142e-01
9 7 52 624727 -0.00453424 -0.00998354  0.1624074 
9 7 52 659596 -0.00499916 -0.03597736  0.17868996
9 7 52 729421 -0.00554752 -0.00999975  0.1602478 
9 7 52 783481 -0.00941753 -0.0367732   0.18017387
9 7 52 829339 -0.00424194 -0.01215029  0.16215086
9 7 52 867651 -0.00683975 -0.03631496  0.17801476
9 7 52 926632 -0.00544167 -0.01485205  0.1635704 
9 7 52 948424 -0.00771189 -0.03539801  0.17570448
9 7 52 999517 -1.06334686e-04 -2.03437805e-02  1.63818836e-01
9 7 53 51385 -0.00578594 -0.0308795   0.17319727
9 7 53 100459 -0.00109196 -0.0247159   0.16717958
9 7 53 147954 -0.00782871 -0.02706194  0.16849995
9 7 53 197693  1.52587891e-05 -2.99606323e-02  1.70216084e-01
9 7 53 247490 -0.00710773 -0.02358818  0.16649485
9 7 53 296685  0.00342464 -0.037714    0.17257309
9 7 53 348858 -0.00803328 -0.01660156  0.1628561 
9 7 53 397928 -0.00090742 -0.04145527  0.17718124
9 7 53 450934 -0.00444221 -0.01659203  0.16295624
9 7 53 499273 -0.00060129 -0.04503393  0.17530918
9 7 53 548024 -0.00110626 -0.01777315  0.15747833
9 7 53 599999 -0.00141096 -0.01863432  0.1609602 
9 7 53 648565 -0.0043788  -0.04313612  0.17473316
9 7 53 699501 7.42912292e-04 3.11646461e-02 8.44376564e-01
9 7 53 748366 -0.00800896 -0.03942204  0.17629623
9 7 53 796591 -0.00135803 -0.0240984   0.16563654
9 7 53 848519 -0.0081625  -0.03562975  0.17373848
9 7 53 896874  0.02751303 -0.01044178  0.13660383
9 7 53 948463  0.03043509 -0.04202175  0.15514755
9 7 53 997656  0.02960682 -0.01190996  0.13519669
9 7 54 58975  0.02696466 -0.03778839  0.15740967
9 7 54 95055  0.03013325 -0.01424408  0.13922691
9 7 54 145678  0.02724981 -0.03194952  0.15478516
9 7 54 199109  0.02835417 -0.02092648  0.14293766
9 7 54 247552  0.02387905 -0.02320957  0.15064001
9 7 54 300671  0.02732992 -0.02358389  0.14782381
9 7 54 349238  0.02058744 -0.01818943  0.14503193
9 7 54 396649  0.02785397 -0.02966738  0.14976549
9 7 54 447142  0.0166626  -0.00828075  0.13985252
9 7 54 497679  0.02383375 -0.03269005  0.15417528
9 7 54 549429  0.0164752  -0.00495958  0.13783121
9 7 54 598215  0.02073956 -0.03517389  0.1536808 
9 7 54 649741  0.0166831  -0.00569487  0.13408709
9 7 54 698680  0.01349306 -0.03198528  0.15530777
9 7 54 747209  0.01516867 -0.00468254  0.13541603
9 7 54 799036  0.01509953 -0.02995253  0.15250206
9 7 54 847973  0.01215267 -0.00858641  0.13750982
9 7 54 899753  0.01274252 -0.02189827  0.15023565
9 7 54 948638  0.0102725  -0.01069927  0.14182901
9 7 54 996358  0.00795317 -0.01628017  0.14628458
9 7 55 53502  0.01537991 -0.01827621  0.14395523
9 7 55 97436  0.00306416 -0.00519943  0.13998508
9 7 55 148776  0.01161003 -0.02127695  0.15140963
9 7 55 197311 0.00422144 0.0003233  0.13738155
9 7 55 253074  0.01154375 -0.02563858  0.1524682 
9 7 55 299051 0.00525284 0.00401402 0.13447428
9 7 55 348896  0.00589609 -0.02704859  0.1553936 
9 7 55 399704 0.00808859 0.00485229 0.13422585
9 7 55 448851  0.00537586 -0.02419662  0.15424252
9 7 55 500114 0.00548935 0.00320339 0.13550615
9 7 55 548816  0.00472736 -0.02085066  0.15040016
9 7 55 597033  0.00465298 -0.00228977  0.13889742
9 7 55 647588  0.00337744 -0.0135684   0.14749718
9 7 55 698196  0.00625229 -0.01041079  0.1422534 
9 7 55 750071 -0.00480366 -0.00448704  0.14065075
9 7 55 799821  0.00221682 -0.01491928  0.14749813
9 7 55 850103 -0.00529861  0.00102663  0.13750315
9 7 55 899905  0.00250101 -0.02204466  0.14701366
9 7 55 948380 -0.007267    0.00797939  0.1316371 
9 7 56 76 -0.00551701 -0.02464867  0.15217686
9 7 56 83268 -0.00709534  0.00766659  0.1319437 
9 7 56 134867 -0.00523233 -0.02563572  0.14974213
9 7 56 178320 -0.00774431  0.00501585  0.13118982
9 7 56 227051 -0.0078702  -0.02274418  0.14902639
9 7 56 262645 -0.00879574  0.00229025  0.13517332
9 7 56 320311 -0.00747633 -0.02031946  0.14462852
9 7 56 375724 -0.00541925 -0.00704002  0.13710451
9 7 56 420455 -0.0117569  -0.00906324  0.1417346 
9 7 56 473214 -0.00564241 -0.01402283  0.14278936
9 7 56 520796 -0.01331663 -0.00291824  0.13639307
9 7 56 569539 -0.00291729 -0.02064276  0.14578772
9 7 56 616972 -0.01372147  0.00257683  0.13190699
9 7 56 677518 -0.00709009 -0.0264473   0.14877415
9 7 56 724355 -0.01405287  0.00711441  0.13131285
9 7 56 784211 -0.01013803 -0.02931976  0.14986324
9 7 56 836856 -0.0134573   0.00239229  0.12840033
9 7 56 889558 -0.01446962 -0.02477884  0.14975834
9 7 56 943692 -0.01438093  0.00172424  0.13232374
9 7 56 993761 -0.01338053 -0.02608442  0.14257622
9 7 57 40316 -0.01299906 -0.00675249  0.12966728
9 7 57 94419 -0.01452541 -0.0149684   0.14176989
9 7 57 146919 -0.01442289 -0.01541567  0.13439798
9 7 57 191972 -0.01780796 -0.0080924   0.13432884
9 7 57 244231 -0.00915527 -0.02265692  0.13674212
9 7 57 297518 -0.02060843 -0.00265837  0.12829971
9 7 57 339611 -0.01197529 -0.03014326  0.14078045
9 7 57 389934 -0.01900482  0.0009079   0.12430859
9 7 57 430932 -0.01407623 -0.03275156  0.14198256
9 7 57 482607 -0.01796198 -0.0012722   0.12254047
9 7 57 497144 -0.0156765  -0.0324688   0.14189768
9 7 57 548209 -0.01494598 -0.00231218  0.12375498
9 7 57 600582 -0.01529312 -0.0307312   0.13981915
9 7 57 649519 -0.01430082 -0.00688934  0.12401056
9 7 57 698735 -0.01486111 -0.02471399  0.13744974
9 7 57 747173 -0.01272774 -0.01385593  0.12894678
9 7 57 799149 -0.0180316  -0.01864433  0.13258266
9 7 57 848459 -0.00998116 -0.01992464  0.13244104
9 7 57 899827 -0.02257776 -0.01197672  0.12954617
9 7 57 951469 -0.01128006 -0.02525759  0.13820839
9 7 57 996632 -0.02220964 -0.00778437  0.12731743
9 7 58 56464 -0.01170826 -0.03168869  0.14042616
9 7 58 96549 -0.01891184 -0.00462627  0.12310696
9 7 58 148717 -0.01725817 -0.03322077  0.1448102 
9 7 58 198481 -0.01949406 -0.00433683  0.12444925
9 7 58 250153 -0.01611567 -0.03615236  0.14219809
9 7 58 300827 -0.0169754  -0.00729465  0.12425518
9 7 58 347627 -0.01715422 -0.03395367  0.14287233
9 7 58 399257 -0.01856565 -0.0125885   0.12747049
9 7 58 448057 -0.01880407 -0.02810287  0.13992786
9 7 58 500230 -0.01560545 -0.02153492  0.13046217
9 7 58 550294 -0.01933479 -0.02353048  0.13433456
9 7 58 596081 -0.01431656 -0.02476692  0.13707924
9 7 58 648296 -0.02179432 -0.01967716  0.13106394
9 7 58 696952 -0.0085969  -0.03375959  0.1393466 
9 7 58 749140 -0.01864624 -0.01160049  0.12720871
9 7 58 798871 -0.01128769 -0.03894567  0.144804  
9 7 58 849386 -0.01672411 -0.00952435  0.12724876
9 7 58 898532 -0.01110983 -0.04200602  0.14305305
9 7 58 947426 -0.01095533 -0.01013136  0.12534618
9 7 58 999751 -0.01007032 -0.04158878  0.14430618
9 7 59 51864 -0.00990295 -0.01219177  0.12598038
9 7 59 100775 -0.00866318 -0.03660917  0.14248848
9 7 59 149980 -0.0079546  -0.01638079  0.12848616
9 7 59 196834 -0.00875187 -0.03006506  0.13821983
9 7 59 248000 -0.00618696 -0.02408838  0.13303185
9 7 59 302325 -0.01256847 -0.02152872  0.13477564
9 7 59 350134 -0.0012188  -0.03058958  0.13525486
9 7 59 398284 -0.01498604 -0.01235008  0.12794256
9 7 59 449103 -0.00312805 -0.03535557  0.14212608
9 7 59 499238 -0.00930834 -0.00848579  0.12610435
9 7 59 548276 -0.00551224 -0.03806353  0.14306116
9 7 59 603751 -0.00703382 -0.03984022  0.14316368
9 7 59 650615 -0.00558901 -0.00848627  0.12743616
9 7 59 703225 -0.00575399  0.03109884  0.62555408
9 7 59 751315 -0.00379562 -0.01143312  0.12611389
9 7 59 798483 -0.00651407 -0.03148174  0.14025593
9 7 59 849001 -0.00045252 -0.0164566   0.13122702
9 7 59 897981 -0.01101637  0.00243282  0.04470444
9 7 59 949577 -0.00377035 -0.01380348  0.0562377 
9 8 0 244 -0.01196432  0.00553894  0.04294014
9 8 0 63007 -0.00590658 -0.01667738  0.05637598
9 8 0 96794 -0.01127434  0.00606441  0.04193926
9 8 0 148280 -0.00492287 -0.01829243  0.05529547
9 8 0 199303 -0.01047421  0.00927353  0.04048967
9 8 0 248166 -0.00658035 -0.02002239  0.05611467
9 8 0 299809 -0.01063681  0.00880957  0.04120445
9 8 0 351404 -0.00459146 -0.01852131  0.0552783 
9 8 0 396549 -0.00970936  0.00978661  0.0414567 
9 8 0 447430 -0.00713253 -0.01896048  0.05444288
9 8 0 497302 -0.00722218  0.01017189  0.04267168
9 8 0 549634 -0.00482988 -0.0184207   0.05431652
9 8 0 598060 -0.00425053  0.00980043  0.04371262
9 8 0 649020 -0.00493622 -0.01686764  0.05413771
9 8 0 698873 -0.00289488  0.00714397  0.04550505
9 8 0 747469 -0.00437546 -0.01488018  0.0537796 
9 8 0 801529 -0.00107622  0.00606775  0.04765129
9 8 0 848069 -0.00745964 -0.01434088  0.05245066
9 8 0 902089 -0.00164509  0.0054884   0.04905033
9 8 0 950241 -0.00882673 -0.01344013  0.0521903 
9 8 0 996637 0.00156212 0.00337124 0.05012655
9 8 1 57556 -0.01091814 -0.00913715  0.0524354 
9 8 1 97980 0.00103474 0.00289774 0.05449009
9 8 1 148960 -0.010396   -0.00762749  0.05188465
9 8 1 198319 3.18431854e-03 2.24113464e-05 5.31988144e-02
9 8 1 249332 -0.01412678 -0.00248623  0.05078936
9 8 1 298565  0.00100088 -0.00107861  0.05854511
9 8 1 347528 -1.36642456e-02 -7.58171082e-05  5.08675575e-02
9 8 1 399887  0.00446129 -0.00313854  0.05784464
9 8 1 448800 -0.01499462  0.00399828  0.04952955
9 8 1 500472  0.00298166 -0.00624228  0.06136608
9 8 1 552555 -0.01327562  0.0080204   0.05038309
9 8 1 597151  0.00136089 -0.00805473  0.06212234
9 8 1 648239 -0.01128912  0.01023722  0.04929781
9 8 1 699652 -0.00051165 -0.00895166  0.06418085
9 8 1 748608 -0.01117849  0.01013136  0.05174208
9 8 1 798019  0.0003705  -0.01193142  0.062603  
9 8 1 850976 -0.00695753  0.01235962  0.04888058
9 8 1 899684 -0.00079155 -0.01371908  0.06454659
9 8 1 947594 -0.00434875  0.01310778  0.04961586
9 8 1 999602 -0.00082874 -0.01335669  0.0635848 
9 8 2 52420 -0.0065136   0.01379347  0.05106449
9 8 2 102649  0.00042009 -0.01599693  0.06354856
9 8 2 151870 -0.00504065  0.01307726  0.05052805
9 8 2 196121 -0.00227118 -0.01452637  0.06494665
9 8 2 247348 -0.0040803   0.01190233  0.05181122
9 8 2 298578 -0.00255156 -0.01388741  0.06272411
9 8 2 350326 -0.00438595  0.01134777  0.05297947
9 8 2 398222 -0.00197697 -0.01315308  0.06261444
9 8 2 450176 -0.00287771  0.00955963  0.05264521
9 8 2 500605 -0.00554657 -0.01113749  0.0629921 
9 8 2 549164 0.00032663 0.00768375 0.05632019
9 8 2 601515 -0.00302219 -0.01221275  0.06074429
9 8 2 649497 0.00157213 0.00566053 0.05773401
9 8 2 701784 -0.00428677 -0.01187706  0.0611062 
9 8 2 752864 0.00484467 0.0034914  0.05875349
9 8 2 797541 -0.0030427  -0.01090622  0.06047678
9 8 2 849058 7.92551041e-03 1.43051147e-06 5.88679314e-02
9 8 2 897745 -0.00462389 -0.0096755   0.05822039
9 8 2 950246  0.00806093 -0.00108671  0.06082392
9 8 2 998362 -0.00237513 -0.00917292  0.0570116 
9 8 3 61060  0.010077   -0.00570011  0.05994177
9 8 3 95393 -0.00342417 -0.00634336  0.05559397
9 8 3 146674  0.01082087 -0.00726366  0.06044626
9 8 3 199439 -0.00123882 -0.00491619  0.05399609
9 8 3 252698  0.01271582 -0.01013565  0.0621047 
9 8 3 303323 -0.00209093 -0.00137424  0.05302429
9 8 3 349374  0.01281023 -0.01275158  0.06297731
9 8 3 396751  0.0016942  -0.00023365  0.05243206
9 8 3 447582  0.01567984 -0.01608324  0.06447792
9 8 3 497458 0.00140285 0.0011611  0.05131865
9 8 3 550095  0.0156641  -0.01739311  0.06706429
9 8 3 598560 0.00547791 0.00029564 0.05245781
9 8 3 648828  0.01682425 -0.01973915  0.06657791
9 8 3 700219 0.00306082 0.0022192  0.05302048
9 8 3 748034  0.01384878 -0.02342319  0.06871271
9 8 3 798480 0.00576258 0.00037622 0.0545516 
9 8 3 848053  0.01449203 -0.02512169  0.0690999 
9 8 3 900913 0.00301981 0.00054121 0.05413246
9 8 3 951310  0.00971127 -0.02743292  0.07160044
9 8 3 995670  0.00709486 -0.00177956  0.05873013
9 8 4 55959  0.01289177 -0.02866459  0.07152224
9 8 4 96705  0.00690508 -0.0026989   0.06101513
9 8 4 149510  0.00871277 -0.02903843  0.07305479
9 8 4 199031  0.01152039 -0.00441313  0.06315279
9 8 4 249558  0.01257277 -0.02918577  0.07413101
9 8 4 302110  0.00918293 -0.0061388   0.06442404
9 8 4 348516  0.0070734  -0.02497053  0.07488775
9 8 4 398972  0.01074743 -0.00456095  0.06730652
9 8 4 450768  0.01059818 -0.02597809  0.07389545
9 8 4 510157  0.01586151 -0.00661612  0.0667963 
9 8 4 573475  0.00489712 -0.02070475  0.07258224
9 8 4 614506  0.0138464  -0.00486326  0.07007742
9 8 4 673275  0.00872707 -0.02110672  0.06985569
9 8 4 716011  0.01764107 -0.00804472  0.06952572
9 8 4 769861  0.00359392 -0.01635933  0.07013369
9 8 4 817985  0.01702738 -0.00981236  0.07077456
9 8 4 862916  0.00357485 -0.0125618   0.06944895
9 8 4 918991  0.0189476  -0.01309824  0.07248306
9 8 4 975396  0.00052261 -0.00823116  0.0663619 
9 8 5 24099  0.01659918 -0.01377535  0.07442045
9 8 5 68089  0.00134706 -0.00793743  0.0643096 
9 8 5 122070  0.01715755 -0.01506042  0.07528353
9 8 5 171006 -8.72612000e-05 -3.50236893e-03  6.36930466e-02
9 8 5 215087  0.01444721 -0.01675415  0.07678795
9 8 5 266530  0.00175142 -0.00200462  0.06311655
9 8 5 313689  0.01453018 -0.01844358  0.07793379
9 8 5 360302 0.00126362 0.00106525 0.06428909
9 8 5 417109  0.01070452 -0.02041721  0.07996321
9 8 5 464229 0.00204992 0.0014348  0.06530094
9 8 5 522090  0.00907421 -0.02247381  0.07997942
9 8 5 566524 0.00077105 0.00276232 0.06578827
9 8 5 614787  0.00549316  0.18740368 -3.87468672
9 8 5 670552 0.00102854 0.00422382 0.06604624
9 8 5 718295  0.00588369 -0.02526283  0.0814991 
9 8 5 771694 6.10351562e-05 4.20188904e-03 2.56061554e-04
9 8 5 821682  0.00335073 -0.02476025  0.08086634
9 8 5 851722 -0.00134706  0.00429964  0.06869984
9 8 5 896823  0.00373411 -0.02431726  0.08080482
9 8 5 949095  0.02419901 -0.04151344  0.21297836
9 8 5 997662  0.01763535 -0.01851606  0.19875765
9 8 6 60686  0.0249486  -0.04444027  0.21317148
9 8 6 95693  0.01649189 -0.01742029  0.19764614
9 8 6 147059  0.02241182 -0.04549122  0.21525192
9 8 6 203654  0.01981354 -0.02019501  0.19838285
9 8 6 248925  0.02319431 -0.04545736  0.21531963
9 8 6 300815  0.01772451 -0.02082491  0.19862366
9 8 6 350475  0.02049351 -0.04727888  0.2149806 
9 8 6 396999  0.02065134 -0.02301359  0.19908381
9 8 6 447711  0.0217309  -0.04805422  0.21604538
9 8 6 497845  0.01772451 -0.02517271  0.20060635
9 8 6 549448  0.01941347 -0.04745722  0.21682596
9 8 6 598165  0.01832771 -0.02884531  0.20273495
9 8 6 649181  0.02104425 -0.04915762  0.21623421
9 8 6 699631  0.01808643 -0.0334301   0.20419359
9 8 6 748910  0.01970434 -0.04447556  0.21594191
9 8 6 800025  0.02018261 -0.03456879  0.20667171
9 8 6 848819  0.02170134 -0.04739857  0.21409988
9 8 6 906269  0.02205515 -0.03899431  0.20857811
9 8 6 949760  0.02152538 -0.04333496  0.21427393
9 8 6 997101  0.02401304 -0.04214334  0.21090031
9 8 7 55150  0.0233407  -0.04329062  0.21373653
9 8 7 97377  0.02985144 -0.04499912  0.21280384
9 8 7 149335  0.02196932 -0.04139185  0.21206856
9 8 7 197114  0.03060913 -0.04648638  0.21638393
9 8 7 248671  0.02545357 -0.03953648  0.21119642
9 8 7 298752  0.03548098 -0.04837751  0.21684361
9 8 7 348713  0.02461386 -0.03821659  0.20996952
9 8 7 400429  0.04094553 -0.05193329  0.21910763
9 8 7 449572  0.02880192 -0.03646803  0.20917177
9 8 7 510817  0.04368925 -0.0539999   0.21979284
9 8 7 567688  0.0321207  -0.03572607  0.20776844
9 8 7 628239  0.04743481 -0.0548439   0.22064972
9 8 7 677541  0.03693724 -0.03574467  0.20675611
9 8 7 718587  0.05013943 -0.05589199  0.2221837 
9 8 7 763199  0.04167843 -0.03305674  0.20731163
9 8 7 820385  0.0541358  -0.05770874  0.22230816
9 8 7 865151  0.04752159 -0.03092575  0.2086091 
9 8 7 908373  0.0583744  -0.0567112   0.22454691
9 8 7 977811  0.05358839 -0.02948189  0.20731401
9 8 8 20546  0.05869818 -0.05407     0.22595119
9 8 8 66298  0.05753899 -0.02947092  0.20792294
9 8 8 123026  0.06399679 -0.05270433  0.22451639
9 8 8 169282  0.06021166 -0.02828217  0.20760393
9 8 8 217876  0.06534767 -0.04988337  0.22571373
9 8 8 259163  0.06460953 -0.02839851  0.20927382
9 8 8 317579  0.06853676 -0.04881334  0.2240653 
9 8 8 364657  0.06643391 -0.0289607   0.21031475
9 8 8 425498  0.06964684 -0.04494715  0.22306156
9 8 8 466646  0.06896448 -0.02908802  0.21175432
9 8 8 521800  0.07229948 -0.0448842   0.22161341
9 8 8 577234  0.07384348 -0.0329113   0.21251059
9 8 8 626802  0.07322598 -0.0385747   0.22266912
9 8 8 668728  0.07223749 -0.032022    0.21761274
9 8 8 725088  0.07514286 -0.03882265  0.22060347
9 8 8 767318  0.07961178 -0.03553534  0.21746778
9 8 8 817977  0.07563066 -0.03386259  0.22073221
9 8 8 864654  0.08097029 -0.03439856  0.22105217
9 8 8 923864  0.0740447  -0.03169346  0.21746063
9 8 8 966419  0.08196354 -0.03706217  0.22317934
9 8 9 25158  0.07569933 -0.02915382  0.21800518
9 8 9 79629  0.08466864 -0.03989315  0.2237854 
9 8 9 121162  0.07291889 -0.02591038  0.21611309
9 8 9 159704  0.08500051 -0.04222107  0.22593451
9 8 9 198172  0.0739727  -0.02305222  0.2136426 
9 8 9 248246  0.08346367 -0.04485226  0.22493505
9 8 9 300081  0.07199097 -0.02066469  0.21213198
9 8 9 353362  0.08144522 -0.0443058   0.22535372
9 8 9 399560  0.06842232 -0.02022505  0.20817471
9 8 9 448904  0.07680416 -0.04360962  0.22485495
9 8 9 498385  0.06736994 -0.01904249  0.20879269
9 8 9 550319  0.07406425 -0.04420233  0.22368908
9 8 9 600140  0.06448603 -0.01871395  0.20679855
9 8 9 649893  0.06758404 -0.04097176  0.22327614
9 8 9 705241  0.06206894 -0.01747465  0.20663357
9 8 9 773208  0.06572914 -0.042593    0.21968746
9 8 9 823836  0.05822086 -0.01786613  0.20210171
9 8 9 852701  0.05672264 -0.03917503  0.21910238
9 8 9 902028  0.05214691 -0.01669741  0.20270777
9 8 9 949509  0.05345154 -0.03840685  0.21500349
9 8 9 997019  0.04627466 -0.01917791  0.2003479 
9 8 10 55596  0.04674292 -0.03447676  0.21387911
9 8 10 99052  0.04237556 -0.02055025  0.19988203
9 8 10 148233  0.04173565 -0.03095961  0.21076298
9 8 10 198273  0.0364337  -0.02342367  0.19888592
9 8 10 250011  0.03666687 -0.02898788  0.20685387
9 8 10 303148  0.03299952 -0.02371216  0.198246  
9 8 10 350629  0.02911568 -0.02796698  0.20293474
9 8 10 399122  0.02745867 -0.02520275  0.19660187
9 8 10 448631  0.02325583 -0.02496958  0.1985693 
9 8 10 502760  0.02509499 -0.02760887  0.19501257
9 8 10 549203  0.01776266 -0.02092552  0.19603586
9 8 10 596311  0.0198822  -0.02995539  0.19436455
9 8 10 647610  0.00779486 -0.01977491  0.19163847
9 8 10 697602  0.01317215 -0.03075695  0.19515848
9 8 10 748499  0.00153017 -0.01869106  0.18931484
9 8 10 797809  0.00820065 -0.03382969  0.19445181
9 8 10 849132 -0.00716543 -0.01571417  0.18572855
9 8 10 898731  0.0005393  -0.03266764  0.19521427
9 8 10 947684 -0.01080084 -0.01651001  0.18347597
9 8 10 999683 -0.00521946 -0.03485584  0.19369268
9 8 11 51996 -0.01691818 -0.01324129  0.18024588
9 8 11 101364 -0.01207161 -0.03611231  0.19344521
9 8 11 150263 -0.02077103 -0.01264524  0.17943859
9 8 11 198314 -0.01732492 -0.03571749  0.19337702
9 8 11 248643 -0.0288682  -0.01298046  0.17629528
9 8 11 298720 -0.02705812 -0.03848314  0.19468594
9 8 11 349388 -0.03258753 -0.01184368  0.1771965 
9 8 11 402233 -0.03251696 -0.03824091  0.19370747
9 8 11 449537 -0.03770256 -0.01349497  0.1763525 
9 8 11 498754 -0.03763485 -0.03915548  0.19373846
9 8 11 548922 -0.04111528 -0.01624107  0.17544937
9 8 11 599518 -0.04037094 -0.03736925  0.19404173
9 8 11 649568 -0.04544401 -0.01757812  3.00068808
9 8 11 701093 -0.0427947  -0.0385704   0.19281626
9 8 11 754221 -0.04444027 -0.01860952  0.17762232
9 8 11 797585 -0.04332209 -0.03721905  0.19121933
9 8 11 847981 -0.0467186  -0.01864338  0.1778264 
9 8 11 898369 -0.04464054 -0.03507948  0.19085884
9 8 11 949492 -0.0450983  -0.0225625   0.17859745
9 8 11 998146  0.03018332 -0.02226591  0.1747942 
9 8 12 60374  0.02912045 -0.0279479   0.17788076
9 8 12 96410  0.03514385 -0.02912712  0.17453384
9 8 12 147198  0.02652979 -0.01858187  0.17122221
9 8 12 201527  0.03533363 -0.03424215  0.17844629
9 8 12 247863  0.02940989 -0.01494169  0.16752911
9 8 12 299890  0.03515863 -0.04001856  0.17822933
9 8 12 349264  0.03245449 -0.01286268  0.16050339
9 8 12 397515  0.03030825 -0.03993797  0.18110085
9 8 12 448362  0.03493786 -0.01257992  0.16172838
9 8 12 499411  0.03432846 -0.0409956   0.17690372
9 8 12 548658  0.03551197 -0.01651096  0.15886593
9 8 12 597722  0.03423738 -0.03350258  0.177773  
9 8 12 650051  0.03502655 -0.01780558  0.16417122
9 8 12 700573  0.03642225 -0.03350496  0.1708107 
9 8 12 747568  0.03765583 -0.027071    0.16373777
9 8 12 800602  0.03156328 -0.0218854   0.16792631
9 8 12 852330  0.03667021 -0.0324893   0.17079353
9 8 12 903048  0.03201151 -0.01631737  0.16201973
9 8 12 949431  0.03475571 -0.03747892  0.17382097
9 8 12 996407  0.03149319 -0.01485968  0.15996361
9 8 13 55311  0.03308678 -0.03895855  0.17547131
9 8 13 97445  0.03131866 -0.01340866  0.1597724 
9 8 13 148001  0.0328021  -0.04035711  0.17412233
9 8 13 197971  0.03343248 -0.01528454  0.15538645
9 8 13 255546  0.02946472 -0.0369792   0.17594767
9 8 13 323315  0.03413057 -0.01484442  0.15963793
9 8 13 355028  0.03352594 -0.03639412  0.17081785
9 8 13 400039  0.03269339 -0.02084732  0.16037416
9 8 13 449623  0.03234339 -0.02989912  0.16948748
9 8 13 503208  0.0324111  -0.02584457  0.16631985
9 8 13 549248  0.02966309 -0.02586699  0.16508245
9 8 13 596503  0.03518772 -0.02981901  0.16972065
9 8 13 648269  0.02605057 -0.02046967  0.16011047
9 8 13 698738  0.03444862 -0.03529215  0.1731534 
9 8 13 748197  0.02864504 -0.01554871  0.1584487 
9 8 13 797774  0.03375721 -0.04182529  0.17412329
9 8 13 850166  0.02936125 -0.01172733  0.15532875
9 8 13 900873  0.03025675 -0.04204178  0.17669868
9 8 13 947563  0.0306015  -0.01210356  0.15641928
9 8 13 999592  0.0306921  -0.04073572  0.17448044
9 8 14 52953  0.0274229  -0.01665545  0.15794992
9 8 14 101134  0.02850008 -0.03358984  0.17252016
9 8 14 148085  0.02755785 -0.02128649  0.16194439
9 8 14 198275  0.02575064 -0.02717257  0.16815233
9 8 14 248387  0.03011036 -0.02619743  0.16565323
9 8 14 298228  0.01967955 -0.01850033  0.16278124
9 8 14 348553  0.02855396 -0.03153753  0.16962528
9 8 14 398207  0.02195168 -0.01190519  0.15958881
9 8 14 449161  0.03044701 -0.03696537  0.170012  
9 8 14 500004  0.02054405 -0.00655508  0.15376329
9 8 14 548878  0.02429104 -0.03827667  0.17426395
9 8 14 601082  0.02203131 -0.00501633  0.15554237
9 8 14 649670  0.02620649 -0.03849411  0.1709857 
9 8 14 701240  0.02110767 -0.00924921  0.1512785 
9 8 14 751684  0.02192974 -0.03095245  0.17295599
9 8 14 798062  0.02087831 -0.01180172  0.15580034
9 8 14 848233  0.02403784 -0.02746439  0.16643095
9 8 14 897250  0.02161789 -0.01868153  0.15677166
9 8 14 948846  0.01850557 -0.01813412  0.16346693
9 8 14 997866  0.02357435 -0.02189636  0.16201258
9 8 15 59222  0.01683235 -0.01354408  0.15736055
9 8 15 95002  0.02466965 -0.02917194  0.16387558
9 8 15 148135  0.01606798 -0.00346422  0.15369701
9 8 15 199668  0.02116346 -0.03190374  0.16752291
9 8 15 251785  0.01734114 -0.00261259  0.14954567
9 8 15 304421  0.02080441 -0.03069305  0.16768503
9 8 15 349493  0.01756811 -0.00318766  0.14690685
9 8 15 398224  0.01678038 -0.03039694  0.16554213
9 8 15 448883  0.0184803 -0.0024991  0.147223 
9 8 15 497138  0.02018595 -0.02862692  0.16344357
9 8 15 548925  0.01695108 -0.00829458  0.14643335
9 8 15 598844  0.01836443 -0.01929426  0.1609683 
9 8 15 649170  0.01703787 -0.01185322  0.15188217
9 8 15 698824  0.01838255 -0.01700878  0.15588284
9 8 15 748335  0.02609491 -0.01987505  0.15343952
9 8 15 799758  0.01461077 -0.0058651   0.15011883
9 8 15 848594  0.02306938 -0.02466869  0.16143036
9 8 15 901139  0.01913309 -0.00029087  0.14722443
9 8 15 949782  0.02656555 -0.02964783  0.1600771 
9 8 15 996297 0.02302551 0.0016284  0.14229822
9 8 16 58316  0.02278948 -0.02994204  0.16355276
9 8 16 94761 0.02343273 0.00048351 0.14265108
9 8 16 147020  0.02381372 -0.02868414  0.15980911
9 8 16 198268  0.02338219 -0.00270891  0.14217472
9 8 16 248678  0.02354574 -0.02497768  0.15807343
9 8 16 310669  0.02290154 -0.00704765  0.14538193
9 8 16 347684  0.02061462 -0.01936483  0.15331793
9 8 16 402295  0.02480698 -0.01568937  0.14816856
9 8 16 448945  0.0170188  -0.01158524  0.14768171
9 8 16 499908  0.02267885 -0.02038813  0.15189362
9 8 16 551727  0.01685143 -0.00665903  0.1440587 
9 8 16 597741  0.02441788 -0.0280776   0.15293217
9 8 16 647510 1.88899040e-02 1.23500824e-04 1.38859749e-01
9 8 16 697137  0.01883554 -0.03172255  0.15691805
9 8 16 750005 0.01829338 0.00162077 0.13733101
9 8 16 798002  0.02177572 -0.03120613  0.15644646
9 8 16 848810  0.01981163 -0.00233936  0.13533497
9 8 16 898273  0.02156067 -0.02562666  0.15683317
9 8 16 947448  0.02112532 -0.00429869  0.1393528 
9 8 17 332  0.02123117 -0.02273417  0.15132952
9 8 17 51537  0.02505636 -0.00995398  0.14129686
9 8 17 100407  0.01963615 -0.01658487  0.14530706
9 8 17 148296  0.02345419 -0.01372766  0.14456797
9 8 17 195624  0.01771116 -0.01036596  0.14041233
9 8 17 248023  0.02690077 -0.02168941  0.14510679
9 8 17 297501  0.01709461 -0.00161409  0.13421202
9 8 17 347926  0.02280235 -0.0262022   0.14793301
9 8 17 399222 0.01775312 0.00208521 0.13293123
9 8 17 449306  0.02329445 -0.03279305  0.14542294
9 8 17 499990 0.01959229 0.00297213 0.12739038
9 8 17 549960  0.02096653 -0.03131723  0.14841986
9 8 17 600493 0.01784134 0.00031281 0.12814665
9 8 17 649050  0.02201366 -0.02734518  0.14632463
9 8 17 701844  0.01905727 -0.01896667  0.1421113 
9 8 17 750128  0.01728582 -0.013762    0.13608694
9 8 17 796866  0.01557446  0.03119326 -0.24946165
9 8 17 847608  0.02170038 -0.02201128  0.13765335
9 8 17 897117  0.01178169 -0.00499773  0.1322546 
9 8 17 948798  0.02005482 -0.0278511   0.14330769
9 8 17 998257  0.01368856 -0.03663206  0.17023182
9 8 18 59740  0.01728058 -0.01108885  0.15293217
9 8 18 95511  0.00881433 -0.03584909  0.1712079 
9 8 18 146815  0.01695204 -0.00871277  0.15476942
9 8 18 198545  0.01363039 -0.03521061  0.16776943
9 8 18 248691  0.01661396 -0.0116148   0.15363646
9 8 18 303681  0.01448441 -0.02692175  0.16787529
9 8 18 351652  0.01416016 -0.01312208  0.15778542
9 8 18 396612  0.01354504 -0.02259493  0.16444397
9 8 18 450423  0.01811552 -0.01632833  0.15894365
9 8 18 497112  0.01035595 -0.01530027  0.16103363
9 8 18 550237  0.01684046 -0.01881552  0.16280079
9 8 18 600471  0.01204729 -0.00888252  0.15708017
9 8 18 650513  0.0187211  -0.02367115  0.16405821
9 8 18 699525  0.01107645 -0.00136852  0.15317202
9 8 18 750311  0.01447105 -0.0267024   0.16735888
9 8 18 801184 0.01276636 0.00154543 0.15136576
9 8 18 850606  0.01173592 -0.02765703  0.16657972
9 8 18 901822 0.01307011 0.00264788 0.15011501
9 8 18 949074  0.00663662 -0.02572489  0.16715002
9 8 18 996433 0.011446   0.00209379 0.15068388
9 8 19 54202  0.00893402 -0.02363825  0.16472387
9 8 19 97062  0.01091385 -0.00055504  0.14946413
9 8 19 148242  0.00497818 -0.01937675  0.16492987
9 8 19 197424  0.00842524 -0.00359583  0.15340853
9 8 19 248651  0.0033164  -0.01616526  0.16108084
9 8 19 298548  0.01052952 -0.00995493  0.15427685
9 8 19 380808 -0.00216913 -0.01226997  0.15820885
9 8 19 422302  0.006598   -0.0111537   0.15971375
9 8 19 476405 -0.00388575 -0.01070786  0.15478992
9 8 19 527621  0.00433493 -0.01822186  0.15932894
9 8 19 572979 -0.0035243  -0.00299168  0.15305614
9 8 19 615025  0.00061274 -0.02231932  0.16342449
9 8 19 659879 -0.00422478 -0.00212383  0.15007257
9 8 19 718270 -0.00125742 -0.02666903  0.16452742
9 8 19 764497 -0.000916   -0.00015497  0.14803982
9 8 19 822221 -0.0063858  -0.0275116   0.16572952
9 8 19 870052 -0.0043788  -0.00143957  0.14876986
9 8 19 924429 -0.00603485 -0.02943754  0.16256762
9 8 19 965923 -0.00358677 -0.0047183   0.14619637
9 8 20 17642 -0.01123333 -0.02756023  0.16313887
9 8 20 60182 -0.00639391 -0.00562763  0.14865494
9 8 20 100355 -0.0132699  -0.02883768  0.15892172
9 8 20 147939 -0.00774336 -0.01374102  0.14725971
9 8 20 196939 -0.01408195 -0.02366543  0.15808344
9 8 20 248034 -0.01138115 -0.01715374  0.15132856
9 8 20 298182 -0.01771784 -0.02307272  0.15370893
9 8 20 348348 -0.00903511 -0.02264118  0.15205526
9 8 20 397912 -0.01887655 -0.02063608  0.15016079
9 8 20 448714 -0.01054811 -0.0297513   0.15495872
9 8 20 500304 -0.02042913 -0.01553106  0.14802742
9 8 20 547868 -0.01174831 -0.03704643  0.15622234
9 8 20 599984 -0.02040291 -0.01411819  0.14477015
9 8 20 648635 -0.01415873 -0.04119635  0.15897942
9 8 20 700303 -0.01819992 -0.01582813  0.14367104
9 8 20 749754 -0.01869488 -0.04528379  0.15839863
9 8 20 796339 -0.01608849 -0.01809216  0.14195824
9 8 20 847923 -0.02285099 -0.0464015   0.15841055
9 8 20 897061 -0.01684046 -0.02040815  0.14157772
9 8 20 948620 -0.0219903  -0.0469718   0.15575933
9 8 20 997854 -0.0166502  -0.026443    0.13881254
9 8 21 59406 -0.01959944 -0.04182959  0.15586901
9 8 21 94825 -0.01672077 -0.02806473  0.14363098
9 8 21 148616 -0.01801205 -0.04317045  0.15159035
9 8 21 209699 -0.01424599 -0.03397989  0.14606571
9 8 21 266265 -0.01808596 -0.03811932  0.15016317
9 8 21 327383 -0.01300526 -0.03728628  0.15040541
9 8 21 372031 -0.01706934 -0.03354979  0.14774752
9 8 21 406525 -0.00997114 -0.04384995  0.15355682
9 8 21 447437 -0.01408911 -0.02806139  0.14442778
9 8 21 497504 -0.00871849 -0.04714155  0.15599489
9 8 21 548367 -0.0116787  -0.02466917  0.14411783
9 8 21 597861 -0.00661945 -0.05104876  0.15648556
9 8 21 649213 -0.01100636 -0.02255392  0.14029741
9 8 21 699291 -0.01143694 -0.05015182  0.16140366
9 8 21 747880 -0.00735855 -0.02186155  0.14266539
9 8 21 799294 -0.01038361 -0.04966974  0.15880775
9 8 21 851935 -0.00696039 -0.02403307  0.14464855
9 8 21 900479 -0.00846672 -0.04455042  0.16017199
9 8 21 949907 -0.00606298 -0.02289963  0.14860535
9 8 21 997347 -0.00528908 -0.04395247  0.15808153
9 8 22 56503 -0.0024395  -0.02903557  0.14823055
9 8 22 97034 -0.00575924 -0.03409338  0.15855742
9 8 22 149849 -0.00437355 -0.03064203  0.15300226
9 8 22 199339 -0.00607729 -0.02881336  0.15546274
9 8 22 249724 -0.00087881 -0.03348923  0.15642405
9 8 22 298944 -0.00913429 -0.02301598  0.15421915
9 8 22 348066  0.00174522 -0.03693295  0.16199636
9 8 22 399552 -0.00597286 -0.01830292  0.15259981
9 8 22 451811 -1.47819519e-05 -3.94163132e-02  1.65417671e-01
9 8 22 500961 -0.00308514 -0.01498079  0.15268898
9 8 22 550451 -0.00142097 -0.04170895  0.16689396
9 8 22 596769 -0.00052452 -0.01119423  0.15587568
9 8 22 647717  0.00119543 -0.04258394  0.16722345
9 8 22 699141  0.00270462 -0.01168966  0.15241241
9 8 22 749399 -0.00487757 -0.03900766  0.1711669 
9 8 22 803068  0.00566244 -0.01255941  0.15641785
9 8 22 849548 -0.00110006 -0.03411627  0.16891766
9 8 22 901303  0.00384951 -0.01682854  0.1583457 
9 8 22 947834 -0.00374031 -0.02827358  0.16777325
9 8 22 999325  0.00343323 -0.01792145  0.16307068
9 8 23 50966 -0.00202036 -0.0257206   0.16637516
9 8 23 100506  0.00565434 -0.02265835  0.16442394
9 8 23 148867 -0.00532675 -0.01690578  0.16456842
9 8 23 197325  0.00641346 -0.02667713  0.1679368 
9 8 23 247012 -0.0027585  -0.01178122  0.16205645
9 8 23 297976  0.00624895 -0.03129911  0.17109966
9 8 23 348531 -0.00323105 -0.00611687  0.15908337
9 8 23 397512  0.00086308 -0.03054953  0.17447233
9 8 23 450123 -0.00181866 -0.00527287  0.16024828
9 8 23 499014 -0.00024796 -0.03138733  0.17327166
9 8 23 548137  0.00098515 -0.00210762  0.15852308
9 8 23 603115 -0.00625896 -0.03052521  0.17585707
9 8 23 650329  0.00236368 -0.00225925  0.16034222
9 8 23 702644  0.00300884 -0.0041995   0.1633749 
9 8 23 750391 -0.00307941 -0.02476931  0.17333508
9 8 23 796369 0.00427961 0.03121948 2.31315088
9 8 23 848885  0.00029182 -0.02141047  0.17292356
9 8 23 897309  0.00561285 -0.01209879  0.16891527
9 8 23 949205 -0.00172186 -0.0128684   0.17136669
9 8 23 998033  0.04521322 -0.01392031  0.19401646
9 8 24 59929  0.04091501 -0.00610781  0.18977642
9 8 24 95213  0.04637575 -0.01941299  0.19416094
9 8 24 147792 0.03883219 0.00149632 0.18436289
9 8 24 199490  0.03772259 -0.02005339  0.19994259
9 8 24 248432 0.03813362 0.00356531 0.18422318
9 8 24 300840  0.03378773 -0.0204401   0.19738913
9 8 24 350053 0.03306627 0.00357914 0.18082047
9 8 24 399872  0.0272727  -0.02061844  0.19886255
9 8 24 447467 0.02971983 0.00450659 0.182693  
9 8 24 497319  0.02434778 -0.01925182  0.19864273
9 8 24 549249  0.02474594 -0.00054646  0.18139172
9 8 24 598418  0.0226202  -0.01198292  0.19961071
9 8 24 649482  0.02008295 -0.00132179  0.18749523
9 8 24 699113  0.02085781 -0.01289415  0.19543982
9 8 24 747868  0.0201273  -0.00889683  0.18634462
9 8 24 802775  0.01438379 -0.00512552  0.19357347
9 8 24 848657  0.01996946 -0.0114131   0.19241381
9 8 24 902361  0.01220131 -0.00140142  0.18841076
9 8 24 949319  0.01734972 -0.01581669  0.19642162
9 8 24 996991 0.01072454 0.00067949 0.18586636
9 8 25 54541  0.01302814 -0.01887131  0.19886351
9 8 25 98295  0.01030779 -0.00041342  0.18455505
9 8 25 150058  0.01020765 -0.02263784  0.1986928 
9 8 25 199545 0.00875902 0.00029612 0.18117046
9 8 25 249106  0.0043025  -0.02495289  0.20059824
9 8 25 299379 0.00829792 0.00049782 0.18134212
9 8 25 348303  0.00336933 -0.02265692  0.20039701
9 8 25 400133  0.00281668 -0.00365782  0.18242216
9 8 25 448853  0.00524521 -0.02072525  0.19885874
9 8 25 500508  0.0028863  -0.00730324  0.18532085
9 8 25 549474  0.00020647 -0.01818514  0.19640732
9 8 25 599692  0.00124216 -0.01468277  0.1867795 
9 8 25 648557 -0.0030098  -0.01354456  0.19384909
9 8 25 698633  0.00099611 -0.01944637  0.18992329
9 8 25 750029 -0.00377798 -0.01385784  0.18890619
9 8 25 798900  0.00136566 -0.02529335  0.1920867 
9 8 25 850240 -0.0078392  -0.01057005  0.18533707
9 8 25 899763 -0.00153065 -0.03197336  0.19455481
9 8 25 949100 -0.0061841  -0.00930786  0.182621  
9 8 25 999130 -0.00426531 -0.035923    0.19736862
9 8 26 51070 -0.00986814 -0.01211405  0.18080187
9 8 26 100468 -0.01293421 -0.03756428  0.19960213
9 8 26 148639 -0.01179218 -0.01460123  0.18428135
9 8 26 195763 -0.01000881 -0.0420928   0.19703627
9 8 26 247831 -0.01119804 -0.0187993   0.17866087
9 8 26 297809 -0.01351452 -0.03945017  0.20151758
9 8 26 348614 -0.01224089 -0.02104568  0.18344307
9 8 26 397241 -0.01213312 -0.04036903  0.19541645
9 8 26 450130 -0.01214647 -0.02897072  0.18022537
9 8 26 498643 -0.01297426 -0.03525162  0.19502974
9 8 26 547126 -0.01247549 -0.03310728  0.18556786
9 8 26 600800 -0.01350403 -0.03505945  0.18975496
9 8 26 647888 -0.00994825 -0.03945684  0.18629122
9 8 26 701688 -0.01717138 -0.0305438   0.18585634
9 8 26 749036 -0.01104879 -0.04393959  0.1898551 
9 8 26 795924 -0.01568365 -0.02963352  0.18151665
9 8 26 847249 -0.01165628 -0.05042553  0.1902523 
9 8 26 897383 -0.01355457 -0.02524948  0.17772818
9 8 26 949285 -0.0131197  -0.05418491  0.19160318
9 8 26 999104 -0.00970411 -0.02623224  0.17383242
9 8 27 60843 -0.01197577 -0.05321264  0.19262934
9 8 27 96968 -0.00768232 -0.0290575   0.17253733
9 8 27 147284 -0.01461411 -0.05210161  0.19150972
9 8 27 200132 -0.00655985 -0.03150463  0.17329693
9 8 27 249293 -0.00890779 -0.0521431   0.18893766
9 8 27 302423 -0.00759411 -0.03667688  0.17268276
9 8 27 349096 -0.00880289 -0.04489946  0.18807173
9 8 27 395913 -0.00773001 -0.04267502  0.17601633
9 8 27 447505 -0.00570345 -0.04551649  0.18398666
9 8 27 497570 -0.00365257 -0.04634237  0.17675829
9 8 27 548997 -0.00979757 -0.04291153  0.18224096
9 8 27 598355 -0.00409031 -0.04994059  0.18150854
9 8 27 649264 -0.00870371 -0.04204702  0.17902231
9 8 27 698642 -0.0015502  -0.05447197  0.18303251
9 8 27 748187 -0.00973701 -0.03910685  0.17606163
9 8 27 800916 -0.0047884  -0.05684996  0.18768215
9 8 27 849153 -0.00705862 -0.03898811  0.17650175
9 8 27 902368 -0.00287056 -0.06036806  0.1863656 
9 8 27 951770 -0.00379181 -0.03764296  0.17224121
9 8 27 996424 -0.00823069 -0.06051159  0.19026804
9 8 28 55017 -0.00545883 -0.03898287  0.17325974
9 8 28 97663 -0.00608301 -0.06145096  0.18765545
9 8 28 148216 -0.00350761 -0.0409236   0.17061329
9 8 28 198487 -0.00975561 -0.05958223  0.18976641
9 8 28 250283 -0.00440788 -0.04068804  0.17592764
9 8 28 299620 -0.00529146 -0.061306    0.18575573
9 8 28 347893  0.00034714 -0.04631042  0.17291021
9 8 28 399635 -0.00172615 -0.05267859  0.18823576
9 8 28 448435 -0.00082397 -0.04630518  0.17938566
9 8 28 500153  0.00278854 -0.05216742  0.18453598
9 8 28 549280  0.00657225 -0.05210829  0.17669535
9 8 28 597227  0.00487709 -0.04426527  0.1819973 
9 8 28 647642  0.01054573 -0.05306339  0.18255854
9 8 28 696919  0.00770426 -0.03897619  0.17802382
9 8 28 748665  0.01765823 -0.05877972  0.18239689
9 8 28 799201  0.01271677 -0.03440619  0.17164373
9 8 28 849025  0.016572   -0.05865622  0.18693352
9 8 28 899439  0.01571321 -0.03308249  0.17073202
9 8 28 948780  0.01761103 -0.05845213  0.18525696
9 8 28 999549  0.01883554 -0.03383255  0.16840458
9 8 29 51572  0.01616192 -0.05629206  0.1860528 
9 8 29 101787  0.0202589  -0.03334188  0.17001295
9 8 29 148918  0.01964712 -0.05577421  0.1831708 
9 8 29 195995  0.0236311  -0.03664207  0.16510725
9 8 29 247605  0.02048588 -0.04881001  0.18345976
9 8 29 297783  0.02334213 -0.03693914  0.16800499
9 8 29 348314  0.0239439  -0.04654837  0.17894363
9 8 29 398620  0.02567959 -0.04260445  0.16671085
9 8 29 449779  0.02174616 -0.04056978  0.17714739
9 8 29 502822  0.02810764 -0.04397917  0.172544  
9 8 29 549145  0.02107668 -0.03841972  0.17505169
9 8 29 600688  0.03150368 -0.04816771  0.17643929
9 8 29 650889  0.02216005 -0.03418303  0.17318106
9 8 29 702489  0.02745724 -0.03098774  0.17278099
9 8 29 751364  0.03372383 -0.05443478  0.18378687
9 8 29 797506 0.02963781 0.0311389  2.4694109 
9 8 29 848017  0.03105593 -0.05263853  0.18747044
9 8 29 897873  0.03202248 -0.02535725  0.17015076
9 8 29 948800  0.03360224 -0.0516696   0.18748379
9 8 29 999496 -0.00173092 -0.0019536   0.05568075
9 8 30 61100 -0.00925303  0.00028181  0.05162859
9 8 30 95214 -0.01154852 -0.00274038  0.04860687
9 8 30 147264 -0.00094271 -0.00462103  0.0553031 
9 8 30 199242  0.00213432 -0.0019269   0.05672121
9 8 30 249565 -0.00438786  0.00019646  0.05188417
9 8 30 301211 -0.00158358 -0.00269651  0.05065012
9 8 30 352885  0.00079107 -0.00295162  0.05606174
9 8 30 397119 -0.00252438  0.00027514  0.05620003
9 8 30 447399 -0.00689411  0.0003705   0.04910469
9 8 30 496901 -0.00978518 -0.00151587  0.04868603
9 8 30 548388  0.00208855 -0.00318146  0.05853987
9 8 30 599154  3.22723389e-03 -9.10758972e-05  5.74798584e-02
9 8 30 649742 -0.00259352  0.0011363   0.05086899
9 8 30 698450  0.00181961 -0.00181961  0.05299997
9 8 30 747524  0.00227451 -0.00053072  0.05766153
9 8 30 799855 -0.00169373  0.00169039  0.05597734
9 8 30 848546 -0.00803137  0.00132656  0.04828072
9 8 30 900791 -0.00531006 -0.00147104  0.05203247
9 8 30 949483  0.00504875 -0.00177908  0.06008911
9 8 30 999870 0.00033712 0.00167274 0.05643225
9 8 31 56078 -0.0018177   0.00116825  0.05128431
9 8 31 98016  0.00360489 -0.00096512  0.05460453
9 8 31 148765 0.00225067 0.00128889 0.0585413 
9 8 31 199747 -0.00296068  0.00320864  0.05439949
9 8 31 251017 -0.00704861  0.00132132  0.04947424
9 8 31 299651  0.00117111 -0.00069714  0.05572939
9 8 31 347482 0.0066514  0.00134325 0.05885267
9 8 31 398950 0.00128555 0.00282145 0.05370188
9 8 31 448482 0.00239277 0.00093269 0.05228662
9 8 31 500637 5.33533096e-03 3.86238098e-05 5.59234619e-02
9 8 31 550855 0.00141191 0.00348949 0.05820179
9 8 31 596908 -0.00091982  0.00311899  0.0529108 
9 8 31 647876 -0.00333977  0.00162649  0.05007696
9 8 31 697126 0.00431585 0.00071859 0.05819464
9 8 31 749566 0.00654173 0.00250244 0.05982828
9 8 31 798423 0.0028162  0.00307798 0.05375385
9 8 31 849288 0.00443554 0.00115013 0.0537281 
9 8 31 899049 0.00451946 0.00188065 0.05816889
9 8 31 948002 0.00215578 0.00413227 0.05958891
9 8 32 138 0.00179482 0.00281763 0.05256224
9 8 32 52504 -0.00504017  0.0033288   0.04991341
9 8 32 103240 0.00410271 0.00142908 0.05955553
9 8 32 148990 0.00816727 0.00255203 0.06180191
9 8 32 196169 0.00264931 0.00361967 0.05457163
9 8 32 247407 0.00442171 0.00196171 0.05376434
9 8 32 297813 0.00592375 0.00257015 0.05933619
9 8 32 348362 0.00361824 0.004282   0.06012201
9 8 32 399608 0.00083685 0.00376654 0.05185556
9 8 32 449305 -0.00446749  0.00344515  0.05019903
9 8 32 499844 0.00772142 0.00222254 0.06186676
9 8 32 547622 0.00762033 0.00351381 0.06228018
9 8 32 600490 0.00155449 0.00364876 0.05441236
9 8 32 648509 0.00586987 0.00215864 0.05572653
9 8 32 700528 0.00652266 0.00333548 0.06183577
9 8 32 750381 0.00227451 0.00534916 0.06043243
9 8 32 796113 -0.00349426  0.00393915  0.0521574 
9 8 32 847605 0.00102615 0.00223589 0.05581665
9 8 32 897631 0.01039791 0.00271177 0.06417608
9 8 32 948965 0.00324059 0.00474787 0.05961323
9 8 32 999766 0.00143623 0.00386572 0.05515671
9 8 33 59728 0.00693274 0.00168657 0.05887651
9 8 33 95847 0.00379086 0.00544119 0.06325102
9 8 33 146823 -0.00476933  0.00643921  0.05828476
9 8 33 198909 -0.00313473  0.0028019   0.05556726
9 8 33 249256 0.00827122 0.00192022 0.06158876
9 8 33 299457 0.00559902 0.00452852 0.06276941
9 8 33 351702 0.00027037 0.00517654 0.0577116 
9 8 33 398888 0.00423479 0.00161076 0.05733156
9 8 33 448954 0.00209188 0.00310755 0.06055403
9 8 33 497661 -0.00098276  0.00484324  0.06214619
9 8 33 548951 -0.00209999  0.00443983  0.05532932
9 8 33 598201 -0.00810003  0.0032196   0.05414248
9 8 33 650082 0.00394297 0.00110435 0.06519794
9 8 33 699677 0.00590277 0.00255585 0.06559706
9 8 33 747227 -0.00191832  0.00403214  0.05888176
9 8 33 801351 0.00159025 0.0011692  0.05943727
9 8 33 847947 0.00400877 0.00199986 0.06582069
9 8 33 901080 -0.00103807  0.00427151  0.06463385
9 8 33 949822 -0.00742769  0.00333214  0.05653095
9 8 33 999235 -0.00529909  0.00122547  0.0585041 
9 8 34 54726 0.0047822  0.00057888 0.06797361
9 8 34 98576 -0.00109625  0.00305891  0.06514311
9 8 34 153429 -0.00510597  0.00233603  0.05903578
9 8 34 198235  0.00166798 -0.00063992  0.06199074
9 8 34 249005 0.00025034 0.00230932 0.06649685
9 8 34 300659 -0.00580311  0.0031333   0.06261349
9 8 34 346740 -0.0131278   0.00149393  0.05624533
9 8 34 401687 -0.00254011 -0.00135851  0.06431484
9 8 34 448726 0.004004   0.0003643  0.06923342
9 8 34 501689 -0.00712061  0.00238991  0.06203079
9 8 34 561941 -0.00458574  0.00019693  0.06048679
9 8 34 615799  0.00319958 -0.00194502  0.06623745
9 8 34 652531 -0.00280809  0.00211906  0.06751966
9 8 34 698743 -0.01324844  0.0026412   0.05980682
9 8 34 748361 -0.00913572 -0.00097322  0.06009054
9 8 34 798178  0.00465536 -0.00239229  0.06949759
9 8 34 849167 -0.00233555  0.00205183  0.06742048
9 8 34 898156 -0.0100503   0.00133276  0.06088972
9 8 34 948495 -0.00159168 -0.00309515  0.06355715
9 8 34 999288  0.00113201 -0.00053358  0.06836224
9 8 35 51957 -0.00851488  0.00291824  0.06428623
9 8 35 101135 -0.01717043  0.00079966  0.05819321
9 8 35 149414 -0.00320911 -0.00390291  0.06629276
9 8 35 196468  0.00501823 -0.00152063  0.07113791
9 8 35 247389 -0.00869179  0.0026722   0.06426239
9 8 35 297690 -0.00710106 -0.00120354  0.06191635
9 8 35 347917  0.00287628 -0.00440359  0.06825447
9 8 35 399351 -0.00396109  0.0005641   0.0688467 
9 8 35 448897 -0.01595879  0.00197649  0.06129742
9 8 35 499010 -0.01045132 -0.00342464  0.06298304
9 8 35 547129  0.00513077 -0.00447845  0.07121277
9 8 35 600933 -0.00379133  0.00107908  0.06829453
9 8 35 648482 -0.01045752 -0.00039387  0.06234407
9 8 35 701758  0.00155783 -0.00203276  0.07071543
9 8 35 749698 -0.01021194  0.00174999  0.06548023
9 8 35 798002 -0.01814318  0.0312438   2.8439846 
9 8 35 847831 -0.00187922 -0.00610065  0.07017899
9 8 35 897002  0.00377464 -0.00357962  0.07273102
9 8 35 948151 -0.00911283  0.00039053  0.06561375
9 8 35 999015 -0.00752783  0.00406218  0.02313423
9 8 36 59695 -0.0026288   0.002213    0.03060532
9 8 36 95727 0.00690031 0.00051594 0.03389931
9 8 36 163813 -6.00814819e-05  3.55100632e-03  2.90727615e-02
9 8 36 217538 -0.0025835   0.00307751  0.02732086
9 8 36 248879 0.00140715 0.00175619 0.03209496
9 8 36 300283 0.00198174 0.00327444 0.03385353
9 8 36 349371 0.00102472 0.0025034  0.02954721
9 8 36 397490 -0.00404644  0.0019908   0.02395535
9 8 36 448792 -0.00505495  0.00136089  0.02965212
9 8 36 498001 0.00227737 0.00084591 0.03541946
9 8 36 550122 9.44137573e-05 1.19400024e-03 3.14726830e-02
9 8 36 601597 -0.00388384  0.00086021  0.02772808
9 8 36 649878 -0.00122404  0.00128746  0.030828  
9 8 36 699839 -0.00028515  0.00258207  0.03410578
9 8 36 749420 -0.00016022  0.00162745  0.03096676
9 8 36 799671 -0.00722456  0.00140381  0.02434731
9 8 36 850674 -0.00694418  0.00071669  0.02801228
9 8 36 901067 0.00125504 0.00043154 0.03490973
9 8 36 950433 -0.00045061  0.00056362  0.03280926
9 8 36 997574 -0.00444698  0.00130606  0.02852726
9 8 37 54345 -0.00063038  0.00051308  0.03055429
9 8 37 97085 -0.00082493  0.00197601  0.03431511
9 8 37 152283 -0.00143957  0.00058651  0.03316641
9 8 37 199601 -0.00340986 -0.00024891  0.02626228
9 8 37 249525 -0.00740385  0.00039244  0.02618313
9 8 37 301130 -0.00101423 -0.00043821  0.03420591
9 8 37 349616  0.00154638 -0.00087976  0.03494978
9 8 37 401557 -0.00318241 -0.0001111   0.02917576
9 8 37 448805 -0.00246525  0.00014114  0.03028297
9 8 37 499509 -0.00090694  0.00086498  0.03402472
9 8 37 548766 -0.00156546  0.00069094  0.03428364
9 8 37 596660 -0.00221014 -0.00013542  0.02811813
9 8 37 647745 -0.00716352  0.00045729  0.02545691
9 8 37 697561 -0.00230312 -0.00012398  0.03270054
9 8 37 748556  0.00234222 -0.00183439  0.03540754
9 8 37 801295 -0.00189257 -0.00053692  0.03106451
9 8 37 851315 -1.93214417e-03  1.28746033e-05  2.94718742e-02
9 8 37 900337 -0.00026751  0.00024605  0.03388929
9 8 37 948318 -0.00151062  0.00028896  0.03471375
9 8 38 1795 -0.00215149 -0.00074625  0.02950907
9 8 38 50760 -0.00367498 -0.00117874  0.0275836 
9 8 38 100476 -0.00060701 -0.00117064  0.03195238
9 8 38 150578  0.00125551 -0.00197124  0.03300142
9 8 38 195930  0.00021029 -0.00144291  0.03130627
9 8 38 250103  0.00115108 -0.00229311  0.02946091
9 8 38 297600 -0.00046587 -0.00113392  0.03143072
9 8 38 348897 -0.00228357 -0.00080109  0.03286743
9 8 38 399057  0.00391436 -0.00246143  0.03147316
9 8 38 449647  0.00042486 -0.00194597  0.02562809
9 8 38 498693 -0.00603294 -0.00192404  0.02498627
9 8 38 549963  0.00229359 -0.00387335  0.03385258
9 8 38 601526  0.00670052 -0.00438309  0.03389788
9 8 38 649613  0.00083113 -0.00199366  0.02937794
9 8 38 703137  0.00194407 -0.00310564  0.02989769
9 8 38 749409  0.00419855 -0.00387812  0.03375149
9 8 38 796085  0.00329733 -0.0027771   0.0344739 
9 8 38 848971  0.00369835 -0.00365639  0.02859449
9 8 38 898074 -0.00123262 -0.00518274  0.02546167
