11 28 3 471762  0.0138483  -0.090065   -0.00150681
11 28 3 510695  0.01415062 -0.09143448 -0.00088549
11 28 3 565597  0.01435566 -0.09174681 -0.0006547 
11 28 3 608298  0.01469183 -0.09215927 -0.00020695
11 28 3 666780  0.01545668 -0.09301996 -0.00096989
11 28 3 693197  1.55296326e-02 -9.29098129e-02 -8.10623169e-05
11 28 3 743985  0.01582289 -0.09296942 -0.00087643
11 28 3 791163  0.01587534 -0.09308338 -0.000741  
11 28 3 844672  0.01571655 -0.09316969 -0.00064945
11 28 3 892680  0.01565266 -0.0932126  -0.00107765
11 28 3 939072  0.01590204 -0.09350777 -0.00067759
11 28 3 990451  0.01572943 -0.09298563 -0.00122595
11 28 4 40212  0.01488733 -0.09354782 -0.00094509
11 28 4 100551  0.01464081 -0.09306526 -0.00072432
11 28 4 136445  0.01417208 -0.09268332 -0.00074148
11 28 4 189231  0.01330996 -0.09175777 -0.00080776
11 28 4 240807  0.01311541 -0.09058475 -0.00060272
11 28 4 289790  0.01221275 -0.08817673 -0.00106382
11 28 4 342052  0.01141119 -0.08536148 -0.00135517
11 28 4 394152  0.01129389 -0.08294821 -0.00172663
11 28 4 442854  0.01119518 -0.08054018 -0.00168228
11 28 4 491492  0.0117631  -0.07825518 -0.00137568
11 28 4 560592  0.01121569 -0.0766325  -0.00117302
11 28 4 607309  0.01173544 -0.0756793  -0.00123501
11 28 4 659469  0.01173067 -0.07498026 -0.00088501
11 28 4 713350  1.17030144e-02 -7.47041702e-02 -3.05175781e-05
11 28 4 761761  0.01092529 -0.07368088  0.00026512
11 28 4 806546  0.0107069  -0.072155    0.00013971
11 28 4 864021  0.01000881 -0.06951141  0.00034189
11 28 4 912207  0.009202   -0.06647825  0.00076056
11 28 4 958537  0.00889063 -0.06378698  0.00071669
11 28 4 991149  0.0091691  -0.06138372  0.000494  
11 28 5 43711  0.00869656 -0.06003857  0.00045586
11 28 5 95282  0.00867462 -0.05905056  0.00026274
11 28 5 138849  0.00850964 -0.05872154  0.00046587
11 28 5 190574  8.71706009e-03 -5.91430664e-02  4.81605530e-05
11 28 5 239870  0.00809336 -0.05921793 -0.00016928
11 28 5 291492  7.90023804e-03 -5.95178604e-02 -2.09808350e-05
11 28 5 341314  0.00787687 -0.0600996   0.00065374
11 28 5 392151  0.00712967 -0.05822229  0.00068474
11 28 5 441720  0.00617504 -0.05655336  0.0010705 
11 28 5 489968  0.00682735 -0.0556345   0.00156403
11 28 5 542312  0.00652695 -0.05436468  0.00252533
11 28 5 591460  0.00617313 -0.0538187   0.00260115
11 28 5 643544  0.0064292  -0.05352736  0.0028038 
11 28 5 693825  0.00728846 -0.05445099  0.00333977
11 28 5 739084  0.00759506 -0.05446672  0.00313807
11 28 5 790976  0.0071907  -0.05469322  0.00258923
11 28 5 840003  0.00756502 -0.05512619  0.00223684
11 28 5 891718  0.00806379 -0.05527449  0.00239134
11 28 5 942507  0.00741005 -0.05457449  0.00186157
11 28 5 990908  0.00741577 -0.05350494  0.00202227
11 28 6 41884  0.00684214 -0.05298901  0.00215816
11 28 6 93247  0.00680971 -0.05231667  0.00210762
11 28 6 142629  0.00617313 -0.05145788  0.00228453
11 28 6 191756  0.00635624 -0.0511322   0.00277853
11 28 6 243396  0.00573397 -0.05029774  0.00306511
11 28 6 296525  0.00595474 -0.04962254  0.00348043
11 28 6 340024  0.00640774 -0.0489192   0.00396681
11 28 6 392468  0.00650406 -0.04827261  0.00424051
11 28 6 440200  0.00586367 -0.04705954  0.0040164 
11 28 6 490463  0.00582075 -0.04613209  0.00422049
11 28 6 540823  0.00549269 -0.04525709  0.00376463
11 28 6 600554  0.00481462 -0.04417849  0.00360203
11 28 6 640792  0.0039506  -0.04376554  0.00378132
11 28 6 691707  0.00314474 -0.04343271  0.00409174
11 28 6 742668  0.00289774 -0.04274893  0.00403833
11 28 6 792106  0.00221443 -0.04257107  0.00455999
11 28 6 843367  0.00217676 -0.04150677  0.00527096
11 28 6 891709  0.0016551  -0.0420351   0.00540209
11 28 6 940023  0.00205803 -0.04182816  0.00562429
11 28 6 991380  0.0021019  -0.04152441  0.00587893
11 28 7 53008  0.00163126 -0.04167461  0.005229  
11 28 7 126031  0.00113106 -0.04098558  0.00444317
11 28 7 173425  0.00027084 -0.03982162  0.00398397
11 28 7 214059  0.00063896 -0.03926706  0.00357676
11 28 7 264151  0.00054264 -0.03823614  0.00293827
11 28 7 309966  0.00079584 -0.03770733  0.00333118
11 28 7 357607  0.00084734 -0.03818226  0.00352812
11 28 7 417358  0.00142336 -0.03813505  0.00304699
11 28 7 466122  0.0017972 -0.0387578  0.0032177
11 28 7 517672  0.00217104 -0.0395937   0.00385618
11 28 7 564877  0.00233984 -0.04050589  0.00358582
11 28 7 606598  0.00304317 -0.04055214  0.0037508 
11 28 7 677142  0.00358009 -0.04058123  0.00413656
11 28 7 723167  0.00330305 -0.0397048   0.00336838
11 28 7 771465  0.00306177 -0.03866148  0.0034399 
11 28 7 807561  0.00293112 -0.03704929  0.00326157
11 28 7 856338  0.00296974 -0.03663397  0.00302315
11 28 7 897299  0.00298977 -0.03548527  0.00241613
11 28 7 943188  0.00287056 -0.0349946   0.00199318
11 28 7 990925  0.00354815 -0.03508663  0.00189114
11 28 8 42703  0.00295496 -0.03497648  0.00181723
11 28 8 96288  0.00325918 -0.03469419  0.00089169
11 28 8 139059  0.00283432 -0.03425646  0.00071812
11 28 8 190371  0.00337076 -0.03337526  0.00070333
11 28 8 239858  0.00326157 -0.03190422  0.00010014
11 28 8 291021  0.00323772 -0.03061676 -0.00021458
11 28 8 340385  0.00350237 -0.02878094 -0.00090075
11 28 8 392525  0.00350237 -0.02728653 -0.00123501
11 28 8 441405  0.00396681 -0.02619886 -0.00116825
11 28 8 489354  0.00447512 -0.02580929 -0.00205612
11 28 8 540968  0.00501823 -0.02526045 -0.00243235
11 28 8 591508  0.00622654 -0.02466488 -0.00256729
11 28 8 643562  0.00660658 -0.02500963 -0.00343657
11 28 8 695058  0.0069499  -0.02444696 -0.00332451
11 28 8 739173  0.0078454  -0.02345181 -0.00340033
11 28 8 811816  0.00832176 -0.02224874 -0.00312185
11 28 8 864178  0.00784636 -0.02066374 -0.00362444
11 28 8 907876  0.00839043 -0.01883268 -0.0038805 
11 28 8 957691  0.00793886 -0.01749706 -0.00441456
11 28 9 4546  0.0077033  -0.01591873 -0.00497293
11 28 9 60182  0.00821066 -0.01551676 -0.00527382
11 28 9 93612  0.00758886 -0.01467466 -0.00570536
11 28 9 142420  0.00762558 -0.01389837 -0.0064249 
11 28 9 191213  0.00736237 -0.01315546 -0.00677347
11 28 9 244778  0.00777245 -0.01244879 -0.00725603
11 28 9 291955  0.00803709 -0.01122284 -0.00759077
11 28 9 339259  0.0074873  -0.01033115 -0.00822735
11 28 9 391272  0.00730753 -0.00936794 -0.00879192
11 28 9 441195  0.00751781 -0.00804472 -0.00933647
11 28 9 491370  0.00791836 -0.00750351 -0.0094862 
11 28 9 573782  0.00771236 -0.00632334 -0.01006508
11 28 9 638241  0.00853348 -0.00615311 -0.01054573
11 28 9 675741  0.00901365 -0.00549936 -0.01040745
11 28 9 692179  3.67164612e-05 -1.50001907e+00  2.87496090e+00
11 28 9 743243  0.01055431 -0.00457525 -0.00960112
11 28 9 791636  0.01081896 -0.00421762 -0.00924444
11 28 9 843130  0.01112461 -0.00439453 -1.03128719
11 28 9 894514  0.01104498 -0.00374413 -0.00965548
11 28 9 939465  0.01066113 -0.00368357 -0.00998688
11 28 9 991218  0.01044607 -0.00371933 -0.01009369
11 28 10 40986 -0.0027914  -0.00343466  0.00349951
11 28 10 100582 -0.00329065 -0.00390148  0.00355816
11 28 10 136576 -0.00288296 -0.00477314  0.00371695
11 28 10 190110 -0.00266218 -0.00483942  0.00402069
11 28 10 241262 -0.00278282 -0.0048008   0.00441456
11 28 10 291069 -0.00312567 -0.00500727  0.00409937
11 28 10 341847 -0.00246429 -0.00494814  0.00429487
11 28 10 393865 -0.00248146 -0.00583649  0.00484896
11 28 10 443608 -0.00229168 -0.00568819  0.00522709
11 28 10 492523 -0.0024581  -0.006495    0.00495005
11 28 10 540095 -0.00240898 -0.00654745  0.00496292
11 28 10 592297 -0.00296831 -0.00689459  0.00507498
11 28 10 645330 -0.00250244 -0.00746822  0.00503206
11 28 10 705657 -0.00268459 -0.00682497  0.00551558
11 28 10 748402 -0.00352621 -0.00720024  0.0041914 
11 28 10 789081 -0.00331068 -0.00743961  0.004179  
11 28 10 841652 -0.0034256  -0.00731564  0.00454378
11 28 10 890055 -0.00317335 -0.00790453  0.00439787
11 28 10 942017 -0.00315809 -0.00733471  0.00433016
11 28 10 994693 -0.00299692 -0.00760984  0.00480556
11 28 11 43405 -0.00276327 -0.00726938  0.00473928
11 28 11 96289 -0.00241709 -0.00705719  0.00535583
11 28 11 138921 -0.001719   -0.00684929  0.00543976
11 28 11 190709 -0.00154161 -0.00715113  0.00486851
11 28 11 239814 -0.00147247 -0.00696278  0.00482273
11 28 11 291461 -0.00152874 -0.00657272  0.00522757
11 28 11 340854 -0.00158358 -0.00650549  0.00469589
11 28 11 393974 -0.00139046 -0.00675011  0.00450516
11 28 11 442598 -0.00147247 -0.00631237  0.00428438
11 28 11 497702 -0.00066662 -0.00605679  0.00445557
11 28 11 542326 -0.00145197 -0.00527143  0.00406075
11 28 11 592081 -0.00129795 -0.0055747   0.00393486
11 28 11 643876 -0.00075769 -0.00554609  0.00402546
11 28 11 693772 -0.00069952 -0.00547838  0.00346279
11 28 11 738951 -0.00138617 -0.00534391  0.00313234
11 28 11 790442 -0.00151777 -0.00519037  0.00354147
11 28 11 840113 -0.00053215 -0.00520229  0.00304079
11 28 11 891738 -0.00067186 -0.00501728  0.00302124
11 28 11 940999 -0.00100851 -0.00462246  0.00275326
11 28 11 990139 -0.00055408 -0.0051074   0.00280714
11 28 12 42442  0.0001483  -0.00481987  0.00264645
11 28 12 95468  5.24520874e-06 -4.17041779e-03  2.65884399e-03
11 28 12 142539  0.00053501 -0.00433445  0.00267172
11 28 12 191393  0.0011673  -0.00381041  0.00266123
11 28 12 243779  0.00079727 -0.00388861  0.00234127
11 28 12 294315  0.00078964 -0.0040307   0.00276136
11 28 12 338960  0.00105143 -0.00367308  0.00218296
11 28 12 393437  0.00089788 -0.00355625  0.00189829
11 28 12 447047  0.0007658  -0.00361538  0.00152063
11 28 12 500262  0.00111294 -0.00366974  0.00040531
11 28 12 557594  0.00090027 -0.00362015  0.00028515
11 28 12 605423  0.00081301 -0.00348186  0.00031853
11 28 12 667863  7.84873962e-04 -3.35788727e-03 -3.95774841e-05
11 28 12 704931  0.0010128  -0.00333261  0.00015354
11 28 12 760528  0.00080919 -0.00271559 -0.00076628
11 28 12 809855  0.00152826 -0.00244474 -0.00050116
11 28 12 861104  0.00112486 -0.00286007 -0.00139666
11 28 12 892442  0.00156689 -0.00231028 -0.00070381
11 28 12 939545  0.00155783 -0.00238371 -0.00089073
11 28 12 990914  0.0019908  -0.00254917 -0.00093699
11 28 13 45876  0.0017395  -0.00232935 -0.00086021
11 28 13 99620  0.00185966 -0.00195312 -0.00079775
11 28 13 140867  0.00212574 -0.00194502 -0.0008049 
11 28 13 190859  0.00189447 -0.00209713 -0.00116873
11 28 13 243270  0.00152016 -0.00148201 -0.0018568 
11 28 13 291151  0.00140715 -0.00125742 -0.00210524
11 28 13 345143  0.00138092 -0.00158548 -0.00246668
11 28 13 394298  0.00127745 -0.00129318 -0.00253248
11 28 13 445777  0.0013485  -0.00165749 -0.00292873
11 28 13 493153  0.00130653 -0.0014019  -0.00273275
11 28 13 540392  0.0012641  -0.00157452 -0.00228214
11 28 13 591119  0.00066662 -0.00149965 -0.00264454
11 28 13 641279  0.00045252 -0.00196552 -0.00182867
11 28 13 694388  0.00032759 -0.00085974 -0.00225496
11 28 13 741835  0.00023556 -0.00121212 -0.00246382
11 28 13 790362 -4.72068787e-05 -1.08957291e-03 -1.77621841e-03
11 28 13 842596  5.53131104e-05 -1.28078461e-03 -1.70135498e-03
11 28 13 891799 -0.00051546 -0.00099993 -0.00141811
11 28 13 945399  0.0001235  -0.00114393 -0.0014286 
11 28 13 992002  1.23977661e-05 -1.97792053e-03 -1.28650665e-03
11 28 14 44362 -0.00054979 -0.00198412 -0.00134039
11 28 14 94392 -0.00062704 -0.00241423 -0.00107384
11 28 14 139744 -0.00044537 -0.00272083 -0.00116491
11 28 14 191690 -0.00057554 -0.00240803 -0.00039482
11 28 14 241292 -0.00089073 -0.00311804 -0.00070047
11 28 14 292028 -1.42431259e-03 -3.23104858e-03 -7.67707825e-05
11 28 14 341871 -0.00128126 -0.00310993 -0.00010061
11 28 14 393259 -0.001647   -0.00309038  0.00017881
11 28 14 441568 -0.00188875 -0.00255489  0.00021029
11 28 14 490824 -0.00220203 -0.00307798  0.0004611 
11 28 14 542807 -0.00207376 -0.00304079  0.00067949
11 28 14 592404 -0.00205517 -0.00311136  0.0004673 
11 28 14 643259 -0.00184917 -0.0031538   0.0007863 
11 28 14 692216 -0.00188398 -0.00244808  0.00106764
11 28 14 740431 -0.00178146 -0.0029726   0.00121355
11 28 14 791199 -0.00123978 -0.00289536  0.00139999
11 28 14 840506 -0.00130796 -0.00224447  0.00152206
11 28 14 892267 -0.00186348 -0.00207376  0.00172186
11 28 14 941683 -0.00204182 -0.00183773  0.00213146
11 28 14 989712 -0.00153589 -0.00149012  0.00177431
11 28 15 42001 -0.00125599 -0.00091028  0.00257778
11 28 15 93961 -0.00134897 -0.00070333  0.00259542
11 28 15 157198 -0.00129604 -0.00084066  0.00258398
11 28 15 192139 -0.00048828 -0.00049496  0.00282526
11 28 15 243587 -1.13248825e-03  9.34600830e-05  3.16476822e-03
11 28 15 292032 -0.00084114  0.00013447  0.00270891
11 28 15 340019 -0.00038767  0.00011063  0.00244188
11 28 15 404762 -0.00072002  0.00088501  0.00259256
11 28 15 460946 -0.00095749  0.00148535  0.00210905
11 28 15 501988 -0.00095034  0.00197458  0.00217009
11 28 15 562638 -0.00110245  0.00176144  0.00258112
11 28 15 616092 -0.00162745  0.00199318  0.00157785
11 28 15 656773 -0.00132132  0.00224543  0.00173092
11 28 15 690688 -0.00152683  0.00240278  0.00163746
11 28 15 743621 -0.00060558  0.00224495  0.00185823
11 28 15 791666 -0.00064611  0.00320959  0.00249958
11 28 15 843397 -9.14573669e-04  1.14440918e-05 -2.09374142e+00
11 28 15 895034 -7.82012939e-05  3.28874588e-03  2.56633759e-03
11 28 15 940050 -1.19209290e-05  3.17287445e-03  2.64739990e-03
11 28 15 991358 0.00010204 0.00313091 0.00268841
11 28 16 40833  0.00073099 -0.00381517  0.00021791
11 28 16 100954 -4.57763672e-05 -4.08554077e-03 -3.29971313e-04
11 28 16 136533 -0.00105238 -0.00371981 -0.00073862
11 28 16 188721 -0.00131559 -0.00399446 -0.00104809
11 28 16 243145 -0.00085306 -0.0039835  -0.00086355
11 28 16 290921 -0.00161171 -0.00388384 -0.00079918
11 28 16 344054 -0.00193882 -0.00280046 -0.00081301
11 28 16 394098 -0.00234079 -0.00343847 -0.00118256
11 28 16 443101 -0.00157785 -0.00323963 -0.00031567
11 28 16 492932 -0.00163317 -0.00270939 -0.00034475
11 28 16 541913 -0.00191545 -0.00236273 -0.00029898
11 28 16 591362 -0.00204849 -0.00252533 -0.0003562 
11 28 16 641095 -1.15299225e-03 -2.25496292e-03  3.38554382e-05
11 28 16 694548 -0.00148249 -0.00164223  0.00012255
11 28 16 741535 -0.001266   -0.00141335  0.00040865
11 28 16 792964 -1.19876862e-03 -1.35898590e-03  4.48226929e-05
11 28 16 842417 -0.00149679 -0.00086594  0.00044441
11 28 16 891663 -0.00040197 -0.00082493  0.00024939
11 28 16 943593 -0.00091743 -0.00039577  0.00119972
11 28 16 992720 -0.00054073 -0.0003891   0.00056171
11 28 17 42864 -0.00117826 -0.00080633  0.00114155
11 28 17 94449 -0.00075722 -0.00030994  0.00178909
11 28 17 140378 -0.00103474 -0.00021029  0.00151539
11 28 17 191679 -0.00145912  0.00067902  0.00054598
11 28 17 240565 -0.00081348  0.00051928  0.00110579
11 28 17 293805 -0.00082016  0.00056744  0.00124788
11 28 17 361239 -0.00119638  0.00114155  0.0004878 
11 28 17 412529 -0.00135946  0.0018568   0.00079155
11 28 17 462351 -0.00051165  0.00186014  0.00082922
11 28 17 506703 -0.00082731  0.00237322  0.00105906
11 28 17 561124 -0.00015831  0.00224638  0.00142431
11 28 17 594829 -2.33650208e-05  2.60686874e-03  1.01327896e-03
11 28 17 644901 -0.00095558  0.00320625  0.00102854
11 28 17 692864 0.00027561 0.00340462 0.00114059
11 28 17 740515 0.00085878 0.00292444 0.00146246
11 28 17 791594 0.00020695 0.00351095 0.0010519 
11 28 17 840075 7.48634338e-05 3.64875793e-03 9.46998596e-04
11 28 17 911563 0.00117159 0.00307941 0.00186443
11 28 17 942036 0.00109196 0.00379562 0.00132465
11 28 17 989977 0.00047112 0.00390816 0.00111866
11 28 18 41565 0.00069284 0.00329018 0.00080013
11 28 18 93891 0.00077963 0.00354052 0.00093651
11 28 18 143241 -0.00012064  0.00434875  0.00085926
11 28 18 192951 0.00051117 0.004282   0.00047874
11 28 18 244197 0.00060558 0.00376844 0.00070095
11 28 18 294494 0.00033474 0.00400686 0.00062943
11 28 18 340422 -0.00012112  0.00455952  0.00033998
11 28 18 392965  1.42574310e-04  4.30440903e-03 -9.25064087e-05
11 28 18 440588 -0.00053358  0.00461912 -0.00056839
11 28 18 491718 -0.00064087  0.00462151 -0.00032663
11 28 18 542312  1.43051147e-05  4.51231003e-03 -2.77996063e-04
11 28 18 592571 0.00015497 0.00476789 0.00014925
11 28 18 642156 -2.74181366e-04  4.86612320e-03 -2.52723694e-05
11 28 18 691426  6.00814819e-05  4.44698334e-03 -1.51634216e-04
11 28 18 743792  0.00012827  0.00446939 -0.00011969
11 28 18 792359 -0.0005188   0.00540257 -0.00061083
11 28 18 843539 -0.00084591  0.00533009 -0.00060129
11 28 18 894286 -0.00070524  0.00409365 -0.0013237 
11 28 18 940959 -0.00099325  0.0046339  -0.00100994
11 28 18 991221 -0.00112247  0.00473022 -0.00097704
11 28 19 40119 -0.00105953  0.00502777 -0.00113201
11 28 19 100993 -0.00128365  0.00500822 -0.0011692 
11 28 19 138491 -0.0018177   0.0050621  -0.00123501
11 28 19 189304 -0.0017724   0.00583887 -0.00140285
11 28 19 242187 -0.0018034   0.00550556 -0.00113583
11 28 19 301279 -0.00157404  0.00617266 -0.00171137
11 28 19 350694 -0.00151682  0.005898   -0.00167418
11 28 19 394915 -0.00146198  0.0066452  -0.00142145
11 28 19 444009 -0.00126743  0.00641823 -0.00161839
11 28 19 492330 -0.00112343  0.00735235 -0.00201321
11 28 19 541546 -0.00139475  0.00770473 -0.00202274
11 28 19 591270 -0.00177193  0.00803137 -0.00165749
11 28 19 647360 -0.00150633  0.00809145 -0.00168419
11 28 19 693755 -0.00199556  0.00871706 -0.00196934
11 28 19 741160 -0.00165558  0.00853395 -0.00203419
11 28 19 792015 -0.00229549  0.00882864 -0.00214291
11 28 19 843465 -0.00153351  0.00900555 -0.00204277
11 28 19 890996 -0.00204563  0.00919962 -0.00191736
11 28 19 943189 -0.00220156  0.00980711 -0.00171041
11 28 19 992276 -0.00087738  0.00998354 -0.00134993
11 28 20 46533 -0.00154734  0.00986099 -0.00098515
11 28 20 97011 -0.00173473  0.01048565 -0.00122643
11 28 20 142424 -0.00177813  0.01099873 -0.0005722 
11 28 20 192798 -0.00120497  0.01091099 -0.00074482
11 28 20 241181 -7.88211823e-04  1.14912987e-02 -1.71661377e-05
11 28 20 294291 -1.07002258e-03  1.10454559e-02 -9.53674316e-06
11 28 20 342117 -0.00041056  0.0110817   0.00018263
11 28 20 392878 -0.00087547  0.01119995  0.00067472
11 28 20 442820 -0.00144243  0.0115633   0.00058794
11 28 20 490786 -0.00093412  0.01188469  0.00089884
11 28 20 544309 -0.00143719  0.01201773  0.00096703
11 28 20 595082 -0.00188446  0.01163292  0.0015502 
11 28 20 645290 -0.00167513  0.01216173  0.00130463
11 28 20 693449 -0.00174522  0.01172161  0.00168896
11 28 20 740463 -0.00294638  0.01208496  0.00141144
11 28 20 791645 -0.00216627  0.01218462  0.00209522
11 28 20 841057 -0.00209045  0.01177597  0.00213242
11 28 20 892967 -0.00278807  0.01245213  0.00205183
11 28 20 959746 -0.0021925   0.01239061  0.00198555
11 28 21 15233 -0.0022788   0.01229382  0.00248146
11 28 21 63236 -0.0020175   0.01299763  0.00253391
11 28 21 99388 -0.00236177  0.0130558   0.00308084
11 28 21 143657 -0.00276089  0.0137229   0.00293064
11 28 21 192245 -0.00205517  0.01403618  0.00329161
11 28 21 244713 -0.00286961  0.01354456  0.00279856
11 28 21 293730 -0.00210524  0.01395035  0.00354528
11 28 21 340494 -0.00206375  0.01394081  0.0042243 
11 28 21 393042 -0.00204229  0.01395321  0.00405359
11 28 21 456433 -0.00263548  0.01377869  0.00429106
11 28 21 513231 -0.00310278  0.0137639   0.00430679
11 28 21 563693 -0.00308704  0.01416302  0.00404072
11 28 21 617147 -0.00367451  0.0143466   0.00390291
11 28 21 668009 -0.00312233  0.0145278   0.00315285
11 28 21 712934 -0.00483036  0.0151      0.00262213
11 28 21 774969 -0.00396967  0.0158267   0.00206614
11 28 21 813678 -0.00429106  0.01585722  0.0017395 
11 28 21 865762 -4.41884995e-03  6.38961792e-05 -9.68743324e-01
11 28 21 913445 -0.00429487  0.01616573  0.00121164
11 28 21 957021 -0.00388432  0.01671028  0.00150442
11 28 22 3285 -0.00545406  0.01666832  0.00043011
11 28 22 64363 -0.00090361 -0.00376892  0.00165367
11 28 22 104069 -0.00124073 -0.00322771  0.00180197
11 28 22 138106 -0.00053024 -0.00235462  0.00126839
11 28 22 191300 -0.00115824 -0.00208616  0.00165892
11 28 22 243361 -0.00101089 -0.00147581  0.002038  
11 28 22 291951 -0.00123024 -0.00051641  0.00211191
11 28 22 343909 -0.00020647 -0.00057173  0.00244188
11 28 22 395267 -6.11305237e-04  9.53674316e-05  2.49052048e-03
11 28 22 446539 0.00037527 0.00065327 0.00316334
11 28 22 492080 -0.00013685  0.00161982  0.00359249
11 28 22 540020 -0.00013494  0.00178957  0.00356007
11 28 22 592292 -0.00029039  0.00225592  0.00430012
11 28 22 641001 1.62124634e-05 2.54583359e-03 3.92055511e-03
11 28 22 692854 -0.00047684  0.00298309  0.00379753
11 28 22 741691 -0.00094843  0.00324774  0.00337791
11 28 22 791625 -0.00132418  0.00334692  0.00270319
11 28 22 842864 -0.00140524  0.00360107  0.00267744
11 28 22 891141 -0.00137091  0.00374985  0.0028758 
11 28 22 944382 -0.00100183  0.00402975  0.00266457
11 28 22 992726 -0.00180387  0.00411844  0.00247002
11 28 23 45059 -0.00170231  0.00457907  0.00243235
11 28 23 96417 -0.00232935  0.00472832  0.00239801
11 28 23 140494 -0.00199747  0.00474882  0.00212336
11 28 23 192424 -0.00214052  0.00459385  0.00244141
11 28 23 241262 -0.00289917  0.00443172  0.00210238
11 28 23 293422 -0.00264359  0.00401449  0.00225782
11 28 23 341622 -0.00268173  0.00392532  0.00255394
11 28 23 392615 -0.00224876  0.00327206  0.00280476
11 28 23 442768 -0.0031333   0.00306892  0.00260305
11 28 23 490656 -0.00335026  0.00335121  0.00229979
11 28 23 544483 -0.00345087  0.00313234  0.00251341
11 28 23 593348 -0.00279236  0.00314903  0.00270748
11 28 23 644299 -0.0032711   0.00297785  0.00322866
11 28 23 693453 -0.00333214  0.00294399  0.00268888
11 28 23 740312 -0.00376034  0.00306416  0.00300646
11 28 23 791932 -0.00400591  0.00266218  0.00277281
11 28 23 841612 -0.00412655  0.00241613  0.00302029
11 28 23 901558 -0.00442839  0.00267124  0.00276375
11 28 23 950145 -0.00454855  0.00276756  0.00302172
11 28 23 991286 -0.00520325  0.00307798  0.00272608
11 28 24 42648 -0.00571871  0.00373745  0.00212717
11 28 24 94464 -0.0055151   0.00338554  0.00246382
11 28 24 144017 -0.00551414  0.00319767  0.00297165
11 28 24 192629 -0.00566721  0.00308895  0.00314856
11 28 24 260178 -0.00543785  0.00359488  0.00366974
11 28 24 294864 -0.0058136   0.0039854   0.00377321
11 28 24 341251 -0.00584745  0.00399065  0.00381517
11 28 24 393284 -0.0060215   0.0039382   0.00370693
11 28 24 441210 -0.00577879  0.00396395  0.00420094
11 28 24 492524 -0.00535202  0.003685    0.00414228
11 28 24 542642 -0.00644207  0.0038085   0.00419807
11 28 24 591317 -0.00621033  0.00401735  0.00410414
11 28 24 644160 -0.00579119  0.00288439  0.00428867
11 28 24 692115 -0.00580931  0.00321722  0.00466537
11 28 24 743697 -0.00530863  0.00296259  0.00462818
11 28 24 795235 -0.00540447  0.00271606  0.00444698
11 28 24 844928 -0.00501537  0.00224686  0.00455904
11 28 24 895707 -0.00523233  0.00216246  0.00505877
11 28 24 940589 -0.0049262   0.00248051  0.00489569
11 28 24 992506 -0.00427103  0.00220966  0.00541544
11 28 25 41650 -0.00432062  0.00170135  0.00553751
11 28 25 100312 -0.00394011  0.00180769  0.00589609
11 28 25 154489 -0.00358248  0.00146341  0.00630713
11 28 25 210013 -0.00358868  0.00111341  0.00620985
11 28 25 265309 -0.0038023   0.00126934  0.00575495
11 28 25 307757 -0.00331402  0.00066471  0.00619841
11 28 25 360000 -0.00298023  0.00092506  0.00645971
11 28 25 395844 -0.002882    0.00079346  0.00623894
11 28 25 444141 -0.00254011  0.00078726  0.00569725
11 28 25 493211 -0.00201988  0.0003047   0.00557041
11 28 25 540612 -0.00282145  0.00024843  0.00579548
11 28 25 593847 -0.00254107  0.00034285  0.00568819
11 28 25 640583 -0.00173235  0.00075865  0.00566959
11 28 25 693300 -0.00216722  0.00050974  0.00541449
11 28 25 743556 -0.00196743  0.00070095  0.00570011
11 28 25 790171 -0.00155878  0.00075531  0.00528812
11 28 25 842822 -0.00139141  0.00069475  0.00516129
11 28 25 902482 -0.00128078  0.00104713  0.0048089 
11 28 25 962862 -0.0009656   0.00066519  0.00504827
11 28 26 5946 -0.00050259  0.00050497  0.00466776
11 28 26 54635 -0.00113964  0.00082779  0.0043664 
11 28 26 95460 -0.00143814  0.00091267  0.00406313
11 28 26 174740 -0.00079536  0.00058413  0.0044117 
11 28 26 212034 -0.00105381  0.00160837  0.00359488
11 28 26 276123 -0.00092745  0.00198746  0.0037303 
11 28 26 318173 -0.00046492  0.00117874  0.00360298
11 28 26 364797 -0.00055647  0.00159836  0.00367928
11 28 26 432207 -0.00084829  0.00199318  0.00355339
11 28 26 480556 -0.00047398  0.00168705  0.00305891
11 28 26 529593 -0.00058985  0.00153494  0.00336885
11 28 26 551070 -0.00098467  0.00145531  0.00231028
11 28 26 593165 -0.00119591  0.00143433  0.00211716
11 28 26 644747 -0.00102806  0.00050354  0.00195551
11 28 26 694106 -0.00133133  0.0007019   0.0014329 
11 28 26 739918 -0.00090694  0.00085735  0.00124264
11 28 26 792473 -1.38902664e-03  3.48091125e-05  1.17301941e-03
11 28 26 841896 -1.61600113e-03 -4.91142273e-05  9.67979431e-04
