10 46 56 994621  0.00509024  0.00195599 -0.0208354 
10 46 56 997266  0.00537682  0.00173616 -0.01809597
10 46 57 14632  0.00976229 -0.00049782 -0.01723337
10 46 57 17425  0.01281452  0.00201464 -0.01827383
10 46 57 20172  0.00206041  0.0040617  -0.02803707
10 46 57 38567 -0.00175667  0.00361013 -0.02908421
10 46 57 41214  0.01401567  0.00040197 -0.01877117
10 46 57 43727  0.01692057 -0.00054407 -0.01716185
10 46 57 62949  0.00347424  0.00225973 -0.02431345
10 46 57 66531  0.00277948  0.00238371 -0.0249176 
10 46 57 71937  0.00667191  0.00270271 -0.01938629
10 46 57 86482  0.00689507  0.00223351 -0.01809168
10 46 57 94033  0.01336241  0.00077057 -0.01744652
10 46 57 96493  0.00972748  0.00200272 -0.02451706
10 46 57 110588 -0.00370169  0.00571585 -0.03205824
10 46 57 113592  0.00573635  0.00400496 -0.02407694
10 46 57 116129  0.02271414 -0.00161266 -0.01719618
10 46 57 134383  0.0113349   0.00275898 -0.0228076 
10 46 57 136984  0.00260687  0.00385952 -0.02714825
10 46 57 145250  0.00716496  0.00490093 -0.02219868
10 46 57 158521  0.00972557  0.0038414  -0.01912928
10 46 57 161091  0.01341105  0.00185585 -0.01847363
10 46 57 163556  0.01091671  0.00236797 -0.02399063
10 46 57 195712 -0.00090933  0.00471687 -0.02906466
10 46 57 198529  0.00162935  0.00612926 -0.02482414
10 46 57 202391  1.64685249e-02 -4.10079956e-05 -2.15649605e-02
10 46 57 206657  0.01448345  0.00118303 -0.02240467
10 46 57 210256  0.00468683  0.00265408 -0.02583981
10 46 57 212960  0.00265169  0.00362301 -0.02469397
10 46 57 230400  0.00377512  0.0039444  -0.02203035
10 46 57 232892  0.00878239  0.000525   -0.01959753
10 46 57 235329  0.01253128  0.00041246 -0.01936007
10 46 57 254404  0.00491333  0.00209236 -0.02837944
10 46 57 257425 -0.00500154  0.00503731 -0.0328517 
10 46 57 260349  0.00894022  0.00242424 -0.02208662
10 46 57 279130  0.02066374 -0.0012722  -0.01804924
10 46 57 282392  0.00865698  0.00071478 -0.02444267
10 46 57 285173  0.00274134  0.00191116 -0.02647114
10 46 57 302805  0.00352526  0.00372934 -0.02144194
10 46 57 305701  0.00536346  0.00010109 -0.01996517
10 46 57 308365  0.01089811 -0.00118017 -0.01875353
10 46 57 326519  0.0071044   0.00053835 -0.02323389
10 46 57 329705 -0.0053153   0.00215578 -0.02977562
10 46 57 332318 -0.00145483  0.00156212 -0.02581739
10 46 57 350326  0.01394987 -0.0027914  -0.01955891
10 46 57 353171  0.00927591 -0.00163698 -0.02234793
10 46 57 355742  0.00017023 -0.00098038 -0.02528572
10 46 57 374263 -0.00260162 -0.00048399 -0.02409029
10 46 57 376747 -0.00254869 -0.00042295 -0.02154684
10 46 57 379199  0.00103235 -0.00220633 -0.02016068
10 46 57 398595  0.00663042 -0.00325966 -0.01919365
10 46 57 402161 -0.00181246 -0.00096464 -0.02778625
10 46 57 405313 -0.01256943  0.00076199 -0.03365898
10 46 57 446008  0.00025749 -0.00272083 -0.02364922
10 46 57 448568  0.01192045 -0.00560379 -0.01853132
10 46 57 451060 -0.00052452 -0.00270271 -0.0247817 
10 46 57 453475 -0.00715685 -0.00182581 -0.02678299
10 46 57 455945 -0.00402784 -0.00191641 -0.02245188
10 46 57 458650 -0.00348473 -0.00357008 -0.02013302
10 46 57 470392  0.0011816  -0.00521088 -0.01945496
10 46 57 473025  6.43730164e-05 -4.11033630e-03 -2.33969688e-02
10 46 57 475683 -0.01447248 -0.00242805 -0.03198385
10 46 57 495441 -0.01378822 -0.00244665 -0.02852345
10 46 57 498112  0.00385666 -0.00717592 -0.0198493 
10 46 57 500551  0.00075579 -0.00610733 -0.0222435 
10 46 57 518590 -0.01195812 -0.00400639 -0.02756739
10 46 57 521919 -0.01127052 -0.00427628 -0.02601147
10 46 57 547641 -0.00885487 -0.00438643 -0.0221529 
10 46 57 615079 -0.00637627 -0.00542068 -0.02134418
10 46 57 618407 -0.00144005 -0.00673437 -0.02233791
10 46 57 621834 -0.01313639 -0.00469637 -0.03131104
10 46 57 647819 -0.01916504 -0.00319719 -0.03257179
10 46 57 650868 -0.00398731 -0.00622797 -0.02431011
10 46 57 653362  0.00407887 -0.00833607 -0.02330112
10 46 57 657589 -0.00926876 -0.00511599 -0.02828503
10 46 57 660439 -0.01405287 -0.00455809 -0.02908993
10 46 57 663124 -0.01009035 -0.00489664 -0.0251255 
10 46 57 665737 -0.00769711 -0.00573349 -0.02320719
10 46 57 669186 -0.00303507 -0.00690365 -0.02280998
10 46 57 672113 -0.00917482 -0.00538635 -0.03011131
10 46 57 674841 -0.01947927 -0.0038023  -0.03478956
10 46 57 677542 -0.0092659  -0.00545406 -0.0282588 
10 46 57 680183  0.00321484 -0.00753403 -0.0245018 
10 46 57 682790 -0.00291157 -0.0063982  -0.02805853
10 46 57 686302 -0.01194811 -0.00415993 -0.03100824
10 46 57 688978 -0.00980663 -0.00486851 -0.02805519
10 46 57 696711 -0.00824261 -0.0051198  -0.02591372
10 46 57 700312 -0.00350142 -0.00670958 -0.02464008
10 46 57 702967 -0.00281906 -0.00592279 -0.02793264
10 46 57 710927 -0.01553106 -0.0031786  -0.03739405
10 46 57 713510 -0.01508045 -0.00359869 -0.03468227
10 46 57 717152  0.00165033 -0.00619745 -0.02587891
10 46 57 735009  0.00275803 -0.00662947 -0.02797079
10 46 57 738052 -0.00959492 -0.00396538 -0.03292465
10 46 57 747096 -0.01072121 -0.002213   -0.0306015 
10 46 57 758652 -0.00715876 -0.00453138 -0.02738762
10 46 57 761416 -0.00547361 -0.00440598 -0.0250721 
10 46 57 765861  0.00068426 -0.00603819 -0.02594042
10 46 57 782806 -0.00999975 -0.00254917 -0.03332281
10 46 57 785687 -0.01638699 -0.00110865 -0.03493023
10 46 57 838425 -0.00133133 -0.0047307  -0.02770329
10 46 57 896093  0.00595331 -0.00528717 -0.02615643
10 46 57 945135 -0.00318384 -0.00337172 -0.02993202
10 46 57 992144 -0.00908375 -0.0015707  -0.03076363
10 46 58 32325 -0.00645542 -0.00153875 -0.02776623
10 46 58 56944 -0.00650358 -0.00238705 -0.02636433
10 46 58 98549 -0.00141668 -0.00363207 -0.02427578
10 46 58 143738 -0.00264645 -0.00174475 -0.02927876
10 46 58 186220 -0.0152564  -0.00038576 -0.03741741
10 46 58 225135 -0.01135445 -0.0003705  -0.03281879
10 46 58 271557  0.00501156 -0.00385189 -0.0243578 
10 46 58 287055  0.00197506 -0.00261164 -0.02703524
10 46 58 315399 -0.00974751 -0.00016069 -0.03195381
10 46 58 317992 -8.18777084e-03 -6.91413879e-05 -2.88262367e-02
10 46 58 320524 -0.00560427 -0.00119686 -0.02474117
10 46 58 323655 -0.00418472 -0.00210905 -0.02438593
10 46 58 326190 -0.00054932 -0.00233459 -0.02544641
10 46 58 328678 -0.01225615  0.00085402 -0.03217888
10 46 58 331646 -0.01317835  0.00018263 -0.03106737
10 46 58 334342  0.00202322 -0.0031085  -0.02620459
10 46 58 337270  0.00342226 -0.00222158 -0.02610064
10 46 58 340074 -0.00533581 -0.00034523 -0.02881956
10 46 58 348409 -0.00829744 -0.0005579  -0.02877188
10 46 58 351145 -0.00686741 -0.00063515 -0.02664614
10 46 58 353925 -0.00671673 -0.00070429 -0.02526474
10 46 58 356717 -0.00208521 -0.00149965 -0.0228653 
10 46 58 359670 -0.00315571 -0.00064468 -0.02737093
10 46 58 362883 -0.01348782  0.00161314 -0.03629398
10 46 58 366283 -0.00768661  0.00106478 -0.03205729
10 46 58 369032  0.0068512  -0.00219154 -0.02270365
10 46 58 371814  0.00169516 -0.00134373 -0.02513742
10 46 58 374503 -0.00857544  0.00127792 -0.02981091
10 46 58 377134 -0.00608444  0.00117683 -0.02653313
10 46 58 380944 -0.00261259 -0.00059462 -0.02248621
10 46 58 383948 -0.00318909 -0.00066328 -0.0219593 
10 46 58 387145  0.00127506 -0.00061941 -0.02179003
10 46 58 390339 -0.00694132  0.00287247 -0.02983809
10 46 58 398401 -0.0128417   0.00237083 -0.0328846 
10 46 58 401080  0.00215626 -0.00113201 -0.02462816
10 46 58 403770  0.00853586 -0.00150633 -0.02087593
10 46 58 406411 -0.00296974  0.00161934 -0.02567434
10 46 58 409159 -0.00718021  0.00222301 -0.02734327
10 46 58 411804 -0.00108814  0.00101423 -0.0226903 
10 46 58 414458 -0.00085783  0.00173187 -0.02080297
10 46 58 417019  0.00289249  0.00066519 -0.01991796
10 46 58 419753  0.00316763  0.00173569 -0.02478504
10 46 58 422363 -0.00845909  0.00433922 -0.0323081 
10 46 58 424939 -0.0039382   0.00379133 -0.02904367
10 46 58 427353  0.01350355 -0.00025177 -0.02022219
10 46 58 429874  0.00891781  0.00120211 -0.02191067
10 46 58 432693 -0.00462341  0.00480032 -0.02739477
10 46 58 435322 -0.0003376   0.00496531 -0.02490473
10 46 58 438066  0.00665569  0.00325155 -0.01990509
10 46 58 440801  0.00649166  0.0037899  -0.01950312
10 46 58 448772  0.00884151  0.00350904 -0.0215807 
10 46 58 451268 -0.00025892  0.00658035 -0.02870846
10 46 58 454027 -0.00159502  0.00815487 -0.0283165 
10 46 58 456647  0.01454258  0.00429487 -0.02181721
10 46 58 459660  0.01894617  0.00443935 -0.02147532
10 46 58 462230  0.00781059  0.00831318 -0.02508926
10 46 58 464687  0.00494719  0.00855827 -0.02513504
10 46 58 467136  0.01100254  0.00797606 -0.02238989
10 46 58 469590  0.01301241  0.00780344 -0.02074766
10 46 58 472093  0.01603413  0.00843334 -0.01889706
10 46 58 474590  0.01432896  0.00975084 -0.02534103
10 46 58 477055  0.00389147  0.0118928  -0.03413677
10 46 58 479547  0.01064634  0.01140642 -0.02806759
10 46 58 481879  0.02889633  0.00785398 -0.01859999
10 46 58 484195  0.02251291  0.00907898 -0.0223732 
10 46 58 486679  0.00987911  0.01290369 -0.02754021
10 46 58 489305  0.01567698  0.01310635 -0.02441883
10 46 58 491782  0.02061939  0.0113492  -0.02021885
10 46 58 499447  0.02332115  0.01029301 -0.02004766
10 46 58 502031  0.0244751   0.01156521 -0.02275276
10 46 58 504547  0.01270056  0.01461077 -0.03022671
10 46 58 507253  0.01341391  0.01350689 -0.02973127
10 46 58 509877  0.02959728  0.00966024 -0.02345181
10 46 58 512722  0.03244686  0.01110649 -0.02338791
10 46 58 515468  0.02220011  0.01377201 -0.0268712 
10 46 58 518453  0.01977968  0.01366901 -0.0268178 
10 46 58 521379  0.02385902  0.01375723 -0.02416706
10 46 58 524304  0.0262413   0.01337719 -0.02278423
10 46 58 527108  0.03183174  0.01250458 -0.02152777
10 46 58 530324  0.02830029  0.01481009 -0.02770567
10 46 58 533389  0.01808691  0.01656485 -0.03582478
10 46 58 535978  0.02509499  0.01522493 -0.0302062 
10 46 58 538807  0.04109192  0.01186514 -0.02165699
10 46 58 541409  0.03533936  0.01345301 -0.02571821
10 46 58 549226  0.02493668  0.01673841 -0.03065395
10 46 58 552671  0.02904892  0.0159955  -0.02835655
10 46 58 555470  0.03276157  0.01481581 -0.02444792
10 46 58 558116  0.03495455  0.01405382 -0.02401972
10 46 58 560759  0.03686714  0.0151639  -0.02676344
10 46 58 563266  0.02549124  0.01720572 -0.03586388
10 46 58 575183  0.02309561  0.0172472  -0.0357151 
10 46 58 578130  0.03833055  0.01462698 -0.02749252
10 46 58 580689  0.0435524   0.01393366 -0.02613688
10 46 58 583233  0.03175592  0.01732063 -0.03185129
10 46 58 585844  0.0294466   0.01789236 -0.03181934
10 46 58 588409  0.03412914  0.01584435 -0.02789545
10 46 58 598886  0.03440046  0.01691675 -0.02678633
10 46 58 601610  0.03929615  0.01554346 -0.02725029
10 46 58 604582  0.03327608  0.01754618 -0.0354104 
10 46 58 645700  0.02317286  0.01928377 -0.03965569
10 46 58 648303  0.03197002  0.01714611 -0.03366184
10 46 58 650816  0.04341745  0.01412725 -0.029531  
10 46 58 653660  0.03562069  0.01685572 -0.03399611
10 46 58 656322  0.02794981  0.01822138 -0.03655386
10 46 58 659114  0.0309639   0.01660442 -0.03338099
10 46 58 688952  0.03199577  0.01627922 -0.03071642
10 46 58 697170  0.03486061  0.01553202 -0.03000879
10 46 58 700444  0.0334487   0.01659775 -0.03465033
10 46 58 703364  0.02119112  0.01741457 -0.04162598
10 46 58 706223  0.02474451  0.01656771 -0.03791475
10 46 58 708973  0.03597975  0.01365232 -0.03291464
10 46 58 718832  0.03271532  0.01468801 -0.03479528
10 46 58 746028  0.02439642  0.01628923 -0.03814507
10 46 58 748382  0.02363873  0.01515913 -0.03711843
10 46 58 750887  0.02201462  0.01379538 -0.03481865
10 46 58 753415  0.02119112  0.01308727 -0.03442192
10 46 58 756009  0.02364969  0.01267338 -0.03374434
10 46 58 766863  0.01498365  0.01438046 -0.04220009
10 46 58 769464  0.00684261  0.01431799 -0.04679537
10 46 58 772195  0.01433516  0.01188278 -0.03970528
10 46 58 790568  0.01893854  0.01037169 -0.03639984
10 46 58 798688  0.01142311  0.01235962 -0.0399189 
10 46 58 801326  0.00622606  0.01194572 -0.04154873
10 46 58 814701  0.00523233  0.01072121 -0.03919744
10 46 58 817286  0.00403261  0.00912237 -0.0374527 
10 46 58 819985  0.00244761  0.00800657 -0.03683567
10 46 58 847389  0.00296736  0.00915718 -0.03669691
10 46 58 850160 -0.00521803  0.00941706 -0.04547358
10 46 58 852933 -0.01244354  0.00793791 -0.04868364
10 46 58 862774 -0.00353527  0.00505733 -0.04017591
10 46 58 866538 -0.00056076  0.00454998 -0.0361619 
10 46 58 869182 -0.01055527  0.00562286 -0.04117298
10 46 58 886700 -0.01307678  0.00469112 -0.04273939
10 46 58 889694 -0.01217318  0.00437403 -0.03853464
10 46 58 902999 -0.01365137  0.00247669 -0.03760576
10 46 58 910564 -0.01431656  0.00096083 -0.03698206
10 46 58 913236 -0.01618338  0.00167274 -0.03867531
10 46 58 915872 -0.02724981  0.0025835  -0.04711246
10 46 58 934842 -2.74529457e-02 -6.19888306e-05 -4.69493866e-02
10 46 58 937476 -0.01896381 -0.00353909 -0.03981447
10 46 58 940258 -0.02292299 -0.00256586 -0.03944635
10 46 58 958730 -0.02990627 -0.00154257 -0.04327106
10 46 58 962128 -0.02965832 -0.0031271  -0.04352283
10 46 58 965875 -0.02829456 -0.00304699 -0.0396533 
10 46 58 983444 -0.02933931 -0.0049901  -0.03950119
10 46 58 986346 -0.02993298 -0.00524712 -0.03740072
10 46 58 989194 -0.0316577  -0.00357866 -0.04031944
10 46 59 6395 -0.0403471  -0.00408363 -0.04891825
10 46 59 9151 -0.03638935 -0.00559855 -0.04711246
10 46 59 12149 -0.02751732 -0.00853062 -0.03948879
10 46 59 30547 -0.03364801 -0.00721502 -0.03996468
10 46 59 33343 -0.038239   -0.00660706 -0.04427481
10 46 59 36180 -0.03561926 -0.00794315 -0.04327917
10 46 59 54433 -0.03334665 -0.00777388 -0.04012823
10 46 59 56874 -0.03401709 -0.00968409 -0.039217  
10 46 59 59467 -0.03570414 -0.00870705 -0.03835535
10 46 59 78468 -0.0345068  -0.00780964 -0.04224157
10 46 59 81317 -0.04707623 -0.00744629 -0.05416012
10 46 59 84078 -0.04251719 -0.00948954 -0.04904509
10 46 59 102312 -0.02665377 -0.01244688 -0.03574085
10 46 59 105071 -0.03520679 -0.0106945  -0.03948545
10 46 59 107883 -0.04372454 -0.00960302 -0.04663372
10 46 59 126585 -0.0347085  -0.01038647 -0.04253149
10 46 59 129250 -0.03027344 -0.00969982 -0.03666782
10 46 59 131771 -0.0308218  -0.01155043 -0.03724003
10 46 59 150327 -0.03040934 -0.01120806 -0.03989697
10 46 59 152941 -0.04236889 -0.00856543 -0.04698086
10 46 59 155537 -0.04169703 -0.00879049 -0.04641485
10 46 59 174257 -0.02561188 -0.01329851 -0.04107761
10 46 59 176908 -0.02414513 -0.01256371 -0.04067659
10 46 59 179807 -0.035882   -0.00876284 -0.0438199 
10 46 59 198353 -0.03446245 -0.01075935 -0.04492617
10 46 59 201534 -0.02693653 -0.01041317 -0.04209089
10 46 59 204453 -0.02437592 -0.00991869 -0.03927231
10 46 59 245604 -0.02382898 -0.0104003  -0.03789425
10 46 59 248219 -0.02591562 -0.00938082 -0.04441929
10 46 59 251665 -0.03670311 -0.00769663 -0.05386209
10 46 59 255499 -0.02896023 -0.00724888 -0.04663706
10 46 59 259385 -0.00831699 -0.01273346 -0.03624773
10 46 59 262501 -0.01646471 -0.01025248 -0.04030466
10 46 59 270320 -0.02898312 -0.00613928 -0.04556179
10 46 59 273247 -0.02085114 -0.00785065 -0.04169035
10 46 59 275993 -0.01328182 -0.00903511 -0.03653908
10 46 59 299754 -0.01029682 -0.01043653 -0.03604841
10 46 59 303798 -0.0124898  -0.00800896 -0.03954411
10 46 59 307664 -0.02688456 -0.00425386 -0.04576969
10 46 59 399556 -0.02359962 -0.00573826 -0.04344845
10 46 59 402253 -0.00429964 -0.00943756 -0.0376358 
10 46 59 404853 -0.00118685 -0.00876331 -0.03855038
10 46 59 407383 -0.01316261 -0.00511742 -0.0412178 
10 46 59 410359 -0.01570415 -0.00577927 -0.04108953
10 46 59 413663 -0.00774145 -0.00615501 -0.03860092
10 46 59 416969 -0.00335455 -0.00502491 -0.03605556
10 46 59 419794  0.00158072 -0.00654793 -0.0352459 
10 46 59 422616 -0.00407887 -0.0036788  -0.04194546
10 46 59 447387 -0.01514101 -0.00171852 -0.0483427 
10 46 59 450073 -0.00271845 -0.00305033 -0.04138994
10 46 59 452630  0.0145545  -0.00581694 -0.03462791
10 46 59 455343  0.0074501  -0.00406504 -0.03839779
10 46 59 458232 -0.00398922  0.00114965 -0.04161453
10 46 59 460891  0.00163221 -0.00045776 -0.03863192
10 46 59 463702  0.00700808 -0.0022974  -0.03490925
10 46 59 466543  0.01011086 -0.00233507 -0.03332567
10 46 59 469302  0.01123619 -0.00111675 -0.03506947
10 46 59 472232 -0.00268984  0.00305605 -0.04352379
10 46 59 474957 -0.00207615  0.00163317 -0.04363728
10 46 59 477862  0.01521873 -0.00140715 -0.03558922
10 46 59 486870  0.02101374 -0.00094032 -0.03467655
10 46 59 490715  0.01020432  0.00223398 -0.0381217 
10 46 59 503724  0.0068841   0.00364923 -0.03869104
10 46 59 510862  0.01219702  0.00256968 -0.03509808
10 46 59 513801  0.01525927  0.00310469 -0.03341103
10 46 59 516377  0.0217123   0.00219822 -0.03162241
10 46 59 535110  0.01820087  0.00386953 -0.03767109
10 46 59 537968  0.00477028  0.00667953 -0.04679728
10 46 59 545717  0.01158762  0.00516462 -0.04150677
10 46 59 558794  0.030653    0.00222015 -0.03157139
10 46 59 561465  0.02552605  0.0029707  -0.03529596
10 46 59 564329  0.01242018  0.00751066 -0.04045105
10 46 59 582766  0.01644039  0.00675535 -0.03703451
10 46 59 585394  0.02196884  0.00545359 -0.03286076
10 46 59 588095  0.02425528  0.00540924 -0.03171062
10 46 59 606839  0.0273118   0.00522089 -0.03369761
10 46 59 609978  0.0132699   0.00895452 -0.04082823
10 46 59 613283  0.0143981   0.00846148 -0.03962374
10 46 59 630632  0.02948666  0.00486469 -0.03449774
10 46 59 633150  0.03079987  0.00546932 -0.03517818
10 46 59 635687  0.02329159  0.00815678 -0.03642797
10 46 59 654758  0.02064705  0.00738239 -0.03648615
10 46 59 657459  0.02229595  0.00736904 -0.03539896
10 46 59 659981  0.0226202   0.00780964 -0.03372097
10 46 59 678666  0.02692795  0.00681305 -0.03102446
10 46 59 681285  0.02534485  0.00909328 -0.03367949
10 46 59 683961  0.01684713  0.00927496 -0.04414701
10 46 59 702707  0.0165472   0.00959063 -0.04457617
10 46 59 705947  0.02902031  0.00700808 -0.03425646
10 46 59 708690  0.03002977  0.00683546 -0.03246212
10 46 59 726664  0.01935768  0.01017332 -0.03789568
10 46 59 729238  0.02036524  0.00893736 -0.03771544
10 46 59 731805  0.02506971  0.00765419 -0.0332737 
10 46 59 750623  0.02468348  0.00674057 -0.03189468
10 46 59 753351  0.02629328  0.00777674 -0.03064823
10 46 59 756105  0.02427673  0.01061916 -0.03467703
10 46 59 774504  0.01421595  0.00938845 -0.0430994 
10 46 59 777159  0.01875257  0.00874424 -0.03939676
10 46 59 779789  0.03003645  0.00626945 -0.03188133
10 46 59 798583  0.02345991  0.00817156 -0.03279924
10 46 59 801142  0.01582909  0.00876951 -0.03718758
10 46 59 804444  0.01923275  0.00775957 -0.03543091
10 46 59 846139  0.02198029  0.00917149 -0.03241158
10 46 59 849733  0.02184772  0.00730562 -0.03174734
10 46 59 852405  0.02173424  0.00821352 -0.03089523
10 46 59 858265  0.01884413  0.00910091 -0.03741312
10 46 59 862021  0.01008606  0.00927734 -0.04562044
10 46 59 865191  0.01681852  0.00783587 -0.03989363
10 46 59 870853  0.0274415   0.00457239 -0.03124905
10 46 59 874001  0.01680899  0.00780773 -0.03554869
10 46 59 876650  0.01213264  0.00751448 -0.0398488 
10 46 59 897677  0.01927757  0.00685072 -0.0361104 
10 46 59 900718  0.02083158  0.00675488 -0.03184223
10 46 59 903358  0.01978731  0.00543833 -0.03074646
10 46 59 918573  0.01945639  0.00703335 -0.03268147
10 46 59 921153  0.00798845  0.00779009 -0.04132986
10 46 59 946757  0.00722599  0.00790215 -0.04030561
10 46 59 949555  0.02149916  0.00372171 -0.03329372
10 46 59 952404  0.01913357  0.00410414 -0.03390265
10 46 59 955287  0.00832701  0.00824118 -0.03711653
10 46 59 966526  0.01026917  0.00489044 -0.03726768
10 46 59 970062  0.01308155  0.0053587  -0.03433132
10 46 59 972771  0.01418352  0.00463867 -0.03343296
10 46 59 990466  0.01315594  0.00504589 -0.03158474
10 46 59 998821  0.00965309  0.0061183  -0.03503799
10 47 0 1907  0.00203133  0.00501204 -0.0438571 
10 47 0 14617  0.00541401  0.00545979 -0.04206562
10 47 0 17493  0.01693535  0.00229263 -0.03440619
10 47 0 20262  0.01086855  0.00338984 -0.03473473
10 47 0 38450  0.00267458  0.00516891 -0.03904533
10 47 0 41256  0.00688314  0.00366735 -0.03724194
10 47 0 43837  0.00995207  0.00337219 -0.03323603
10 47 0 62517  0.00958395  0.00094891 -0.03211784
10 47 0 65796  0.00583601  0.00387001 -0.03084278
10 47 0 71070  0.00610876  0.00441885 -0.03560066
10 47 0 86339 -0.00471067  0.00314665 -0.04658461
10 47 0 94211 -0.00227356  0.00228214 -0.04214239
10 47 0 96959  0.01311255 -0.00109434 -0.02884007
10 47 0 110735  0.00430536  0.00192642 -0.03244829
10 47 0 113765 -0.00494671  0.00304079 -0.03908682
10 47 0 116538  0.00141668  0.00203276 -0.03569555
10 47 0 134144  0.00491905  0.00227356 -0.02979803
10 47 0 136610  0.0050931   0.0004878  -0.03010607
10 47 0 138975  0.00354958  0.00189495 -0.03218746
10 47 0 158372 -0.00761557  0.0037837  -0.0407815 
10 47 0 161507 -0.01591682  0.00346947 -0.04394627
10 47 0 165255  2.22587585e-03 -9.87052917e-05 -3.23510170e-02
10 47 0 182291  0.0098176  -0.00266647 -0.02957296
10 47 0 186804 -0.00956059  0.00207567 -0.03738165
10 47 0 189932 -0.01162148  0.00140142 -0.03792   
10 47 0 206732 -0.0014782   0.00067377 -0.0323801 
10 47 0 210430  0.00159454  0.00107956 -0.02949333
10 47 0 214483  0.00181961 -0.00133419 -0.03188467
10 47 0 230308 -0.01090956  0.00170708 -0.03955173
10 47 0 234376 -0.01774216  0.00238562 -0.04157829
10 47 0 237287 -0.0057354   0.00106049 -0.03346157
10 47 0 253923  0.00847054 -0.00213099 -0.03055573
10 47 0 256437 -0.00234127 -0.00020695 -0.03482342
10 47 0 258979 -0.01484776  0.0034399  -0.03682709
10 47 0 351105 -0.00871229  0.00114584 -0.03362656
10 47 0 354014 -1.61933899e-03  8.53538513e-05 -2.98342705e-02
10 47 0 357075  0.00225735 -0.00116205 -0.03013277
10 47 0 361128 -0.00973415  0.00026274 -0.0382576 
10 47 0 364354 -0.02266598  0.00293827 -0.04010677
10 47 0 367998 -1.06229782e-02 -9.96589661e-05 -3.33600044e-02
10 47 0 371263  0.00142384 -0.00072527 -0.03053045
10 47 0 374400 -0.00232124 -0.00037336 -0.03462458
10 47 0 377478 -0.01107407  0.00255823 -0.03520155
10 47 0 380354 -0.01418495  0.00221157 -0.03273487
10 47 0 384812 -0.00913239 -0.00013971 -0.030128  
10 47 0 388488 -0.00137043 -0.00072575 -0.02958202
10 47 0 396475 -0.00732327 -0.00142431 -0.03613186
10 47 0 399162 -0.01998758  0.00263548 -0.03837013
10 47 0 401732 -0.01090097  0.00057364 -0.0334034 
10 47 0 404224 -0.00104761 -0.00147486 -0.03193569
10 47 0 406852 -0.00422764  0.00107288 -0.03431129
10 47 0 409363 -0.00612116  0.00109386 -0.03461504
10 47 0 446034 -0.01111031  0.00288582 -0.03298712
10 47 0 449578 -0.01296711  0.00017881 -0.03228045
10 47 0 452159 -0.00599813 -0.00046158 -0.02954817
10 47 0 456440 -0.00438213  0.00032806 -0.03301859
10 47 0 463110 -0.01364946  0.00180674 -0.04088783
10 47 0 466036 -0.0149169   0.00256824 -0.03796721
10 47 0 473520 -0.00251102 -0.00111055 -0.03106737
10 47 0 477343 -0.00403833  0.00058079 -0.03267622
10 47 0 486394 -0.00633669  0.00172663 -0.03573036
10 47 0 502878 -0.00535107  0.00217438 -0.0333333 
10 47 0 505512 -0.00970507  0.00166607 -0.03157091
10 47 0 507999 -0.00976038 -0.00023079 -0.03120708
10 47 0 519085 -0.00324869  0.00098276 -0.03038311
10 47 0 546048 -0.00718546  0.00289106 -0.03718901
10 47 0 549660 -0.0151639   0.00293446 -0.04154587
10 47 0 554437 -0.00587749  0.00032902 -0.03469706
10 47 0 558737  0.00084877 -0.00034094 -0.03057146
10 47 0 565859 -0.00551558  0.00241709 -0.03441143
10 47 0 568483 -0.0049963   0.00261259 -0.03531265
10 47 0 572189 -0.00362301  0.00235653 -0.03277588
10 47 0 574871 -0.00679398  0.00238514 -0.03175831
10 47 0 590704 -0.00535536  0.00164032 -0.03077745
10 47 0 600866  0.00037003  0.00189018 -0.03277159
10 47 0 603495 -0.00777626  0.00393534 -0.04196405
10 47 0 615433 -0.00977612  0.003057   -0.04253435
10 47 0 617942  0.00260973  0.00026131 -0.0318222 
10 47 0 620358  0.00305939  0.0010066  -0.03163576
10 47 0 647337 -0.00496531  0.00306606 -0.03729677
10 47 0 649866 -0.00161934  0.00290537 -0.03573322
10 47 0 652290  0.0013237   0.00238419 -0.03214598
10 47 0 663219 -0.00244045  0.00194931 -0.03165197
10 47 0 665665  0.00249386  0.00148964 -0.03176546
10 47 0 668079 -0.00177574  0.00373173 -0.03763437
10 47 0 686596 -0.00849295  0.00426245 -0.0422821 
10 47 0 689074  0.00168133  0.0011034  -0.03587341
10 47 0 699912  0.00777102  0.00065231 -0.03346539
10 47 0 712051  0.00084591  0.00270796 -0.03590822
10 47 0 715432 -0.00247335  0.00267982 -0.03772545
10 47 0 718321  0.00192547  0.00247288 -0.03549528
10 47 0 734898  0.00294399  0.00144148 -0.03300476
10 47 0 737908  0.00221062  0.00196075 -0.03221083
10 47 0 741532  0.00438118  0.00263119 -0.03389835
10 47 0 759353 -0.00289679  0.00342369 -0.04211473
10 47 0 761880 -0.00150394  0.00404692 -0.04247713
10 47 0 765104  0.00997925  0.001194   -0.03506565
10 47 0 782815  0.01000404  0.00098562 -0.03298044
10 47 0 785791  0.00126743  0.00337648 -0.03821087
10 47 0 788297  0.00057411  0.00310516 -0.03765297
10 47 0 807124  0.00668859  0.00204706 -0.03322268
10 47 0 809656  0.00584936  0.00072289 -0.03206825
10 47 0 812105  0.00579691  0.00191307 -0.0312705 
10 47 0 830444  0.00528717  0.00342751 -0.03715706
10 47 0 840179 -0.00549746  0.00423098 -0.04659843
10 47 0 847697  0.00106287  0.00187159 -0.04039478
10 47 0 855198  0.01506615 -0.00031137 -0.03072643
10 47 0 857823  0.00712633  0.00178051 -0.03440189
10 47 0 860352 -0.00281715  0.00381613 -0.03941536
10 47 0 878631  0.00305653  0.00297022 -0.03584146
10 47 0 881435  0.0087328   0.00218344 -0.03108025
10 47 0 884126  0.00804567  0.00132847 -0.03142977
10 47 0 902962  0.0074811   0.00187206 -0.0344038 
10 47 0 906216 -0.00425196  0.00479698 -0.04165268
10 47 0 909749 -0.0040679   0.00413609 -0.04134798
10 47 0 926669  0.01200819 -0.00010252 -0.03394461
10 47 0 929458  0.01235485  0.0002594  -0.03330135
10 47 0 932064 -0.0001545   0.00286531 -0.03827047
10 47 0 952204 -0.00291681  0.00274611 -0.03803778
10 47 0 955277  0.00544453  0.00207424 -0.03374434
10 47 0 962356  0.00825882  0.0009861  -0.03209639
10 47 0 974945  0.00814009  0.00181246 -0.03176117
10 47 0 978016  0.00204515  0.00209379 -0.04032135
10 47 0 980452 -0.00951147  0.00391865 -0.04631758
10 47 1 3848  0.00368309  0.00180864 -0.03543043
10 47 1 9393  0.01832199 -0.00177479 -0.03048944
10 47 1 12602  0.00566864  0.00169039 -0.03596926
10 47 1 25648 -0.00367069  0.00427532 -0.038342  
10 47 1 28256  0.00131941  0.00273418 -0.03371239
10 47 1 30999  0.00660515  0.00091076 -0.03048229
10 47 1 46912  0.01008272  0.00028801 -0.02999067
10 47 1 49793  0.00349379  0.00179768 -0.03595352
10 47 1 61454 -0.01030922  0.00356483 -0.04107666
10 47 1 72181 -0.00349903  0.00175428 -0.03663635
10 47 1 74724  0.01184797 -0.00081968 -0.03050089
10 47 1 77357  0.00701427  0.00038576 -0.03311777
10 47 1 95346 -0.00290537  0.00221062 -0.03590345
10 47 1 103373 -0.00437021  0.0022459  -0.03374243
10 47 1 105885 -8.86917114e-05  1.04999542e-03 -3.11956406e-02
10 47 1 118782  0.00532913  0.000319   -0.02861452
10 47 1 121832  0.00499487  0.00019169 -0.03263283
10 47 1 124440 -0.00825119  0.00233126 -0.04060936
10 47 1 144949 -0.00825882  0.0033021  -0.03668261
10 47 1 147511  0.00712872 -0.00110579 -0.03025532
10 47 1 150264  0.00814438 -0.00050592 -0.0314765 
10 47 1 166318 -0.00118065  0.00234604 -0.03582764
10 47 1 169118 -0.00404358  0.00287294 -0.03375673
10 47 1 171538 -0.00456238  0.00092506 -0.0309763 
10 47 1 190033 -0.00099754 -0.00061131 -0.02967787
10 47 1 203052  0.00256777  0.0006423  -0.029109  
10 47 1 205698 -0.00728893  0.00171709 -0.03767872
10 47 1 286890 -0.01226377  0.00272226 -0.03798628
10 47 1 289395 -0.00119448  0.00011301 -0.03188658
10 47 1 303404  0.00450325 -0.00086021 -0.0304637 
10 47 1 305951 -0.00067854  0.00154305 -0.03304911
10 47 1 308373 -0.00404119  0.00230646 -0.03254175
10 47 1 314153 -0.0056591   0.0015583  -0.03106642
10 47 1 317711 -0.00578642 -0.00050116 -0.02982187
10 47 1 320244 -0.00070858 -0.00034809 -0.02769518
10 47 1 323017 -0.00063848  0.00128508 -0.03176308
10 47 1 325871 -0.01303053  0.00269365 -0.03997612
10 47 1 329400 -0.0103755   0.00154877 -0.03727484
10 47 1 331900  0.00267744 -0.00088835 -0.0298214 
10 47 1 335132 -0.00059891 -0.00059795 -0.03113699
10 47 1 338504 -0.0071578   0.00285006 -0.03499317
10 47 1 355307 -0.00629759  0.00236559 -0.03340912
10 47 1 358005 -0.00636387  0.00159836 -0.03103781
10 47 1 360402 -0.0062604   0.00112772 -0.02984142
10 47 1 367831 -0.00049257  0.00118351 -0.02964115
10 47 1 372103 -0.00413704  0.00347281 -0.03622198
10 47 1 374585 -0.01555681  0.00286102 -0.04468822
10 47 1 377002 -0.00790024  0.0015173  -0.03645086
10 47 1 387089  4.08887863e-03 -8.48770142e-05 -2.88653374e-02
10 47 1 389670 -0.00261688  0.00131702 -0.0336132 
10 47 1 392391 -0.00990438  0.00430202 -0.03665733
10 47 1 407143 -0.00442123  0.00222683 -0.03356934
10 47 1 409979 -0.00613403  0.00256109 -0.03025818
10 47 1 412540 -0.00458813  0.00091982 -0.03021288
10 47 1 431700 -0.00112104  0.00230837 -0.03238297
10 47 1 434219 -0.01495266  0.00511837 -0.04021549
10 47 1 436564 -0.01489782  0.00378275 -0.03986025
10 47 1 455012 -0.0028739   0.0008049  -0.03351879
10 47 1 457531 -4.12940979e-04 -6.77108765e-05 -3.35750580e-02
10 47 1 459976 -0.01176262  0.00407171 -0.0367775 
10 47 1 478563 -0.01048756  0.00215292 -0.03709745
10 47 1 480992 -0.00597763  0.00223589 -0.03388643
10 47 1 483631 -0.00747442  0.00269032 -0.03265142
10 47 1 507189 -0.00309801  0.00174189 -0.03197718
10 47 1 509733 -0.00386715  0.00251579 -0.03756142
10 47 1 512251 -0.01622963  0.00487423 -0.04604816
10 47 1 526725 -0.0130229   0.00556183 -0.03998137
10 47 1 529672  0.00510645 -0.00123072 -0.03033829
10 47 1 532247 -0.0004673   0.0010066  -0.03401566
10 47 1 550644 -0.0144701   0.00604439 -0.03830719
10 47 1 557462 -0.00648069  0.00321531 -0.03509474
10 47 1 559929 -0.00297642  0.00292349 -0.03046703
10 47 1 574620 -0.00358391  0.00117397 -0.03098202
10 47 1 577112 -0.00301886  0.00296068 -0.03321505
10 47 1 579461 -0.01467657  0.00462484 -0.04105949
10 47 1 604299 -0.01664734  0.00493288 -0.04101181
10 47 1 606781 -0.00232553  0.00158358 -0.03388834
10 47 1 609237  0.00361776 -0.00105619 -0.03390551
10 47 1 626565 -0.01045561  0.00472832 -0.03738594
10 47 1 645422 -0.01259804  0.00264645 -0.03791666
10 47 1 648031 -0.00469542  0.00290203 -0.0336051 
10 47 1 650544 -0.00444031  0.00281906 -0.03250122
10 47 1 657342 -0.00096178  0.0013113  -0.0318594 
10 47 1 660144 -0.00553989  0.00367785 -0.03833294
10 47 1 670693 -0.01588249  0.00466681 -0.0454278 
10 47 1 676754 -0.00817823  0.00477219 -0.03859663
10 47 1 679331  0.00837851 -0.00108194 -0.03165245
10 47 1 700392  0.00150585  0.00109386 -0.03589725
10 47 1 702849 -0.01284266  0.00627136 -0.03962326
10 47 1 705359 -0.00527525  0.00336695 -0.03641605
10 47 1 718438  0.00134802  0.00198078 -0.03249645
10 47 1 720893  0.00159311  0.00171423 -0.03198957
10 47 1 723286  0.00194597  0.00236082 -0.03447294
10 47 1 746587 -0.01130247  0.00518131 -0.04381323
10 47 1 766002 -0.01332808  0.00526762 -0.04374886
10 47 1 768991  0.00576401  0.00089741 -0.03320932
10 47 1 772129  0.01290131 -0.00210762 -0.03288269
10 47 1 774762 -0.00543118  0.00488567 -0.03883362
10 47 1 777324 -0.00877047  0.00506258 -0.03827667
10 47 1 790539  0.00139713  0.00246954 -0.03298759
10 47 1 803131  0.00419521  0.00223398 -0.03212643
10 47 1 810065  0.00843525  0.00129557 -0.03382206
10 47 1 814313 -0.00310612  0.00445223 -0.04123116
10 47 1 821088 -0.01301336  0.00492334 -0.04455376
10 47 1 846865  0.00210333  0.00320101 -0.03639317
10 47 1 849298  0.01778936 -0.00131989 -0.03343153
10 47 1 851831  0.00678873  0.00165176 -0.03839111
10 47 1 854383 -0.00592899  0.00527954 -0.03973007
10 47 1 862655  0.00186062  0.0032258  -0.03651762
10 47 1 865105  0.00776005  0.00256395 -0.03359032
10 47 1 867592  0.01214075  0.00154924 -0.03394794
10 47 1 886388  0.00605488  0.00238752 -0.03933859
10 47 1 888998 -0.00640726  0.00470066 -0.04420519
10 47 1 899128  0.00162792  0.00346518 -0.0399785 
10 47 1 910559  1.73339844e-02 -9.87052917e-05 -3.47485542e-02
10 47 1 913238  0.01535273  0.00054407 -0.03670502
10 47 1 915726  0.00283575  0.00462961 -0.03947401
10 47 1 934453  0.00138998  0.00400019 -0.03767824
10 47 1 936928  0.00695419  0.00175381 -0.03511953
10 47 1 939446  0.01093054  0.00152445 -0.03328896
10 47 1 958288  0.01174021  0.00089645 -0.03534508
10 47 1 965047 -0.0005722   0.00405884 -0.04389858
10 47 1 967760 -0.00347185  0.00475931 -0.04366446
10 47 1 982253  0.01226711  0.00099564 -0.03500652
10 47 1 988873  0.01925516 -0.00064135 -0.03439665
10 47 1 991684  0.00807238  0.00310564 -0.03922892
10 47 2 6463  0.00219154  0.00509501 -0.03841639
10 47 2 9080  0.00596428  0.00215197 -0.03533936
10 47 2 11477  0.00940514  0.00091124 -0.03351927
10 47 2 34596  0.01490688  0.00104856 -0.03319645
10 47 2 37042  0.0088191   0.00273609 -0.04065228
10 47 2 39402 -0.00447941  0.00460243 -0.04578733
