10 46 56 994621 -0.05769348 -0.07688475  0.97911263
10 46 56 997266 -0.06169772 -0.11657429  0.98985457
10 46 57 14632 -0.07210279 -0.12291503  1.00112748
10 46 57 17425 -0.06931877 -0.0645082   1.02182817
10 46 57 20172 -0.05946088  0.03349495  1.02314019
10 46 57 38567 -0.05036354 -0.01148915  0.97972226
10 46 57 41214 -0.07298088 -0.15516424  0.96255136
10 46 57 43727 -0.08601451 -0.154006    0.99860954
10 46 57 62949 -0.07360554 -0.04738474  1.0063324 
10 46 57 66531 -0.05876112 -0.03601646  0.98694062
10 46 57 71937 -0.05571032 -0.0938828   0.98167133
10 46 57 86482 -0.06483054 -0.12463522  1.00888252
10 46 57 94033 -0.07334065 -0.09829879  1.02108288
10 46 57 96493 -0.0616591   0.01016331  1.0247817 
10 46 57 110588 -0.04892087  0.03209949  1.00390673
10 46 57 113592 -0.05930567 -0.10209489  0.96879649
10 46 57 116129 -0.08674264 -0.1724937   0.99154544
10 46 57 134383 -0.07459927 -0.0792439   1.02186275
10 46 57 136984 -0.05528402 -0.02086949  0.99775815
10 46 57 145250 -0.05195379 -0.07543349  0.97457027
10 46 57 158521 -0.0595324  -0.12089038  0.99330091
10 46 57 161091 -0.07388043 -0.11805701  1.02224326
10 46 57 163556 -0.07219219 -0.03040648  1.02110457
10 46 57 195712 -0.05540538  0.00751472  0.99577665
10 46 57 198529 -0.04949284 -0.07309461  0.96958518
10 46 57 202391 -0.07250571 -0.12838364  0.98411894
10 46 57 206657 -0.07498455 -0.09379435  1.01295567
10 46 57 210256 -0.06174541 -0.04303336  0.99979353
10 46 57 212960 -0.05488753 -0.05113673  0.97612834
10 46 57 230400 -0.05415416 -0.08917856  0.98106003
10 46 57 232892 -0.06790948 -0.12044287  1.00184941
10 46 57 235329 -0.07429385 -0.08676314  1.02337503
10 46 57 254404 -0.05723119  0.0311923   1.02361584
10 46 57 257425 -0.04538178  0.02857208  0.99012566
10 46 57 260349 -0.06336713 -0.13068247  0.96282983
10 46 57 279130 -0.08393002 -0.17300391  1.00530434
10 46 57 282392 -0.07209754 -0.0622189   1.02809167
10 46 57 285173 -0.05470014 -0.02470016  0.99511862
10 46 57 302805 -0.0520587  -0.08003306  0.97235012
10 46 57 305701 -0.06647086 -0.11956429  0.98729467
10 46 57 308365 -0.06979656 -0.11061072  1.01801658
10 46 57 326519 -0.0626123  -0.02426195  1.02937841
10 46 57 329705 -0.04866481  0.02496386  0.99904823
10 46 57 332318 -0.05787635 -0.07214522  0.96018958
10 46 57 350326 -0.07615852 -0.14627719  0.98314762
10 46 57 353171 -0.07589316 -0.09237719  1.01901913
10 46 57 355742 -0.06202078 -0.03848672  0.99765873
10 46 57 374263 -0.05636573 -0.05410075  0.9744401 
10 46 57 376747 -0.05486178 -0.09130096  0.97929597
10 46 57 379199 -0.06453252 -0.11649299  1.00097346
10 46 57 398595 -0.07178736 -0.08771634  1.02329707
10 46 57 402161 -0.05897832  0.02842188  1.02609968
10 46 57 405313 -0.04550648  0.02908039  0.98984694
10 46 57 446008 -0.0626843  -0.12665272  0.96229124
10 46 57 448568 -0.0803678  -0.1695168   0.99476314
10 46 57 451060 -0.06931281 -0.06770873  1.01749849
10 46 57 453475 -0.05431128 -0.02438855  0.99041414
10 46 57 455945 -0.05262136 -0.07586312  0.97178721
10 46 57 458650 -0.06389832 -0.11792111  0.99018168
10 46 57 470392 -0.06789589 -0.11094856  1.01568818
10 46 57 473025 -0.05985832 -0.02296281  1.02674723
10 46 57 475683 -0.05177307  0.04599261  1.00386143
10 46 57 495441 -0.05799031 -0.05668378  0.96498537
10 46 57 498112 -0.07944155 -0.16846871  0.97469378
10 46 57 500551 -0.07491493 -0.11074424  1.01156688
10 46 57 518590 -0.05810428 -0.02873683  1.00087166
10 46 57 521919 -0.05161333 -0.04933739  0.97258544
10 46 57 547641 -0.0560379  -0.10261536  0.98285484
10 46 57 615079 -0.06275654 -0.12272215  1.0098052 
10 46 57 618407 -0.06537533 -0.0643537   1.03150964
10 46 57 621834 -0.05019307  0.03385592  1.01978612
10 46 57 647819 -0.04483938 -0.01184106  0.97526979
10 46 57 650868 -0.0701108  -0.13579249  0.96812296
10 46 57 653362 -0.08420253 -0.13865018  1.01048136
10 46 57 657589 -0.06831074 -0.04201555  1.01951861
10 46 57 660439 -0.05287361 -0.03293967  0.98416924
10 46 57 663124 -0.06163955 -0.08511519  0.97088337
10 46 57 665737 -0.07314324 -0.12117338  0.99620414
10 46 57 669186 -0.07798672 -0.09610677  1.02492094
10 46 57 672113 -0.06457782  0.00662088  1.02875686
10 46 57 674841 -0.05446959  0.01228905  0.98672605
10 46 57 677542 -0.06792307 -0.09975028  0.96773505
10 46 57 680183 -0.08639264 -0.14754987  1.00184679
10 46 57 682790 -0.07783818 -0.07639241  1.02786207
10 46 57 686302 -0.05879354 -0.03123951  1.00070667
10 46 57 688978 -0.05645323 -0.06643844  0.9692955 
10 46 57 696711 -0.06659341 -0.10791969  0.98515534
10 46 57 700312 -0.07801032 -0.11992407  1.01195025
10 46 57 702967 -0.0675993  -0.03846765  1.02971959
10 46 57 710927 -0.05526161  0.04263425  1.00895596
10 46 57 713510 -0.05779409 -0.04578424  0.96766424
10 46 57 717152 -0.08502579 -0.16429615  0.97618389
10 46 57 735009 -0.08441496 -0.11842012  1.01991391
10 46 57 738052 -0.06653643 -0.0332706   1.01239634
10 46 57 747096 -0.06144762 -0.04672146  0.97853732
10 46 57 758652 -0.07011914 -0.09793043  0.97402263
10 46 57 761416 -0.0794487  -0.12472606  1.0011611 
10 46 57 765861 -0.08141398 -0.08031011  1.02842426
10 46 57 782806 -0.06427073  0.01696205  1.02289701
10 46 57 785687 -0.05587602 -0.01155448  0.98006463
10 46 57 838425 -0.07409668 -0.12186575  0.96797037
10 46 57 896093 -0.08627176 -0.13684154  1.00739932
10 46 57 945135 -0.07232761 -0.06450248  1.02179098
10 46 57 992144 -0.05945921 -0.04181075  0.99230027
10 46 58 32325 -0.05689788 -0.07649803  0.97373939
10 46 58 56944 -0.07061434 -0.10765481  0.98831344
10 46 58 98549 -0.07974172 -0.11131787  1.01541829
10 46 58 143738 -0.06617975 -0.02405548  1.02642918
10 46 58 186220 -0.05135608  0.04985499  1.00443101
10 46 58 225135 -0.0606842  -0.06506848  0.96444607
10 46 58 271557 -0.08922052 -0.17372441  0.98162341
10 46 58 287055 -0.08575702 -0.10974622  1.0215776 
10 46 58 315399 -0.06216073 -0.02979946  1.01332617
10 46 58 317992 -0.0553813  -0.05802846  0.98057151
10 46 58 320524 -0.06510377 -0.11061478  0.98074555
10 46 58 323655 -0.07851338 -0.12092924  1.00987411
10 46 58 326190 -0.07223749 -0.05909038  1.02923822
10 46 58 328678 -0.05746603  0.01032352  1.01748538
10 46 58 331646 -0.05347896 -0.04146242  0.98311782
10 46 58 334342 -0.07416892 -0.11694431  0.98236537
10 46 58 337270 -0.07927895 -0.1048851   1.01480365
10 46 58 340074 -0.06808257 -0.05151987  1.0102098 
10 46 58 348409 -0.05847716 -0.04230976  0.98571754
10 46 58 351145 -0.05671477 -0.07038045  0.97792649
10 46 58 353925 -0.06781006 -0.10081434  0.99966216
10 46 58 356717 -0.07597208 -0.10650492  1.01479912
10 46 58 359670 -0.06362152 -0.01911139  1.0251596 
10 46 58 362883 -0.04692149  0.04811692  1.00930762
10 46 58 366283 -0.05443716 -0.06067562  0.97953486
10 46 58 369032 -0.08143067 -0.1743021   0.98677349
10 46 58 371814 -0.08643651 -0.11343241  1.01687431
10 46 58 374503 -0.06782842 -0.03213024  1.0070169 
10 46 58 377134 -0.05758667 -0.0606091   0.98394394
10 46 58 380944 -0.06477261 -0.10898185  0.98527837
10 46 58 383948 -0.07593727 -0.11854649  1.0081408 
10 46 58 387145 -0.07316065 -0.07437801  1.02169085
10 46 58 390339 -0.0586555   0.02081943  1.02263999
10 46 58 398401 -0.05352139  0.00251818  0.99267936
10 46 58 401080 -0.07264686 -0.1218586   0.97484255
10 46 58 403770 -0.08500624 -0.14508176  1.00491452
10 46 58 406411 -0.07462549 -0.057971    1.01751852
10 46 58 409159 -0.06110072 -0.03465986  0.9903338 
10 46 58 411804 -0.0596714  -0.07916021  0.9828701 
10 46 58 414458 -0.07061148 -0.1091516   1.00839782
10 46 58 417019 -0.07795024 -0.10005236  1.0208137 
10 46 58 419753 -0.07223296 -0.01674795  1.02258396
10 46 58 422363 -0.05389452  0.04287505  1.00924301
10 46 58 424939 -0.06267142 -0.05993485  0.98460817
10 46 58 427353 -0.08852267 -0.16854548  0.98676682
10 46 58 429874 -0.09003639 -0.10912204  1.02014446
10 46 58 432693 -0.07048368 -0.02529383  1.01273775
10 46 58 435322 -0.06342912 -0.05671287  0.98292565
10 46 58 438066 -0.07318664 -0.10855794  0.98805094
10 46 58 440801 -0.09027123 -0.1185832   1.01998544
10 46 58 448772 -0.07928753 -0.05368185  1.02825236
10 46 58 451268 -0.05867457  0.02029753  1.01075053
10 46 58 454027 -0.0567286  -0.02619529  0.98362136
10 46 58 456647 -0.07874036 -0.12659001  0.98774934
10 46 58 459660 -0.08531117 -0.11822152  1.01612115
10 46 58 462230 -0.0723021  -0.0537641   1.01196671
10 46 58 464687 -0.06382203 -0.04296613  0.98145461
10 46 58 467136 -0.06410122 -0.0820384   0.97693872
10 46 58 469590 -0.07866096 -0.11137819  1.00891876
10 46 58 472093 -0.08513021 -0.10429311  1.02784944
10 46 58 474590 -7.07910061e-02 -3.04222107e-04  1.02793384e+00
10 46 58 477055 -0.05398607  0.05819726  1.0080955 
10 46 58 479547 -0.06433964 -0.07408476  0.97772264
10 46 58 481879 -0.09189224 -0.18877363  0.99470258
10 46 58 484195 -0.08490324 -0.10752201  1.02641773
10 46 58 486679 -0.06327343 -0.0213232   1.00896835
10 46 58 489305 -0.05474114 -0.05697322  0.97593999
10 46 58 491782 -0.06494737 -0.11217213  0.98933411
10 46 58 499447 -0.07568073 -0.11364746  1.02197862
10 46 58 502031 -0.0677619  -0.04408288  1.0357461 
10 46 58 504547 -0.04684353  0.03124666  1.01651478
10 46 58 507253 -0.04998827 -0.03083682  0.98385954
10 46 58 509877 -0.07175493 -0.12877154  0.98730016
10 46 58 512722 -0.07448697 -0.11552382  1.02089572
10 46 58 515468 -0.06107903 -0.04607201  1.01160932
10 46 58 518453 -0.05192399 -0.03821421  0.9827776 
10 46 58 521379 -0.05075526 -0.07329154  0.98402834
10 46 58 524304 -0.06165409 -0.10220933  1.0093329 
10 46 58 527108 -0.06635356 -0.09473538  1.02598906
10 46 58 530324 -0.05248308  0.00728416  1.02946234
10 46 58 533389 -0.03447223  0.06023002  1.00905752
10 46 58 535978 -0.04999018 -0.06876302  0.97967815
10 46 58 538807 -0.0724926  -0.17333007  0.9921279 
10 46 58 541409 -0.06996226 -0.09552217  1.02609825
10 46 58 549226 -0.04530025 -0.0196085   1.01023054
10 46 58 552671 -0.043293   -0.05527568  0.98296905
10 46 58 555470 -0.05207396 -0.10710096  0.99265265
10 46 58 558116 -0.05966091 -0.10917377  1.01908302
10 46 58 560759 -0.05342555 -0.03780627  1.03306246
10 46 58 563266 -0.03867722  0.05156064  1.02123904
10 46 58 575183 -0.04219222 -0.01063347  0.98210526
10 46 58 578130 -0.06443977 -0.1439569   0.98153782
10 46 58 580689 -0.07409048 -0.13394976  1.0119946 
10 46 58 583233 -0.05979991 -0.03907013  1.01448727
10 46 58 585844 -0.04568863 -0.03321028  0.98509192
10 46 58 588409 -0.04812407 -0.0783658   0.98610497
10 46 58 598886 -0.0597651  -0.10648727  1.0071497 
10 46 58 601610 -0.06448221 -0.07270932  1.02626967
10 46 58 604582 -0.04701781  0.0305388   1.02341652
10 46 58 645700 -0.03676128  0.03157496  0.99265647
10 46 58 648303 -0.05575275 -0.09018707  0.97213006
10 46 58 650816 -0.07622647 -0.13982558  0.99321008
10 46 58 653660 -0.06807423 -0.06364202  1.01481438
10 46 58 656322 -0.04717779 -0.02008486  0.99396253
10 46 58 659114 -0.04966593 -0.05917263  0.97677064
10 46 58 688952 -0.06211352 -0.09525871  0.98979712
10 46 58 697170 -0.06713843 -0.10336971  1.01171041
10 46 58 700444 -0.05712605 -0.01591969  1.02145743
10 46 58 703364 -0.04027271  0.03883314  1.00060058
10 46 58 706223 -0.04411793 -0.05476832  0.96913528
10 46 58 708973 -0.0673604  -0.13065481  0.98392153
10 46 58 718832 -0.06821632 -0.09906483  1.00555182
10 46 58 746028 -0.05401707 -0.04329801  0.99552393
10 46 58 748382 -0.04711437 -0.05421925  0.97160029
10 46 58 750887 -0.05079031 -0.08192754  0.97706747
10 46 58 753415 -0.06054616 -0.10716414  0.98909211
10 46 58 756009 -0.05863976 -0.08739877  1.00101662
10 46 58 766863 -0.04354692  0.01054525  1.01035762
10 46 58 769464 -0.0355072   0.01102495  0.98468614
10 46 58 772195 -0.05183816 -0.10225868  0.96104097
10 46 58 790568 -0.07348514 -0.14648342  0.97657156
10 46 58 798688 -0.06452823 -0.08905721  0.99640656
10 46 58 801326 -0.05522299 -0.05010414  0.98521018
10 46 58 814701 -0.05379486 -0.07408977  0.96983337
10 46 58 817286 -0.05677414 -0.09857631  0.9786284 
10 46 58 819985 -0.06744885 -0.10931611  0.98516393
10 46 58 847389 -0.06185627 -0.07555246  0.99496961
10 46 58 850160 -0.05065274  0.02850866  1.00712633
10 46 58 852933 -0.05150986  0.01713037  0.98305154
10 46 58 862774 -0.06578684 -0.12129903  0.95292425
10 46 58 866538 -0.07848358 -0.15093279  0.97030187
10 46 58 869182 -0.07023001 -0.06553984  0.99085689
10 46 58 886700 -0.05976152 -0.03744864  0.98558092
10 46 58 889694 -0.05875158 -0.07843733  0.98097396
10 46 58 902999 -0.06078839 -0.10086608  0.98757434
10 46 58 910564 -0.06695771 -0.09678197  0.98847747
10 46 58 913236 -0.06327319 -0.04985428  0.99885869
10 46 58 915872 -0.05213737  0.02181411  0.99940181
10 46 58 934842 -0.05277944 -0.02969193  0.97339463
10 46 58 937476 -0.07111573 -0.11915684  0.96114206
10 46 58 940258 -0.07528687 -0.11317658  0.97647452
10 46 58 958730 -0.06731796 -0.05443263  0.97766376
10 46 58 962128 -0.06429982 -0.04828405  0.98429537
10 46 58 965875 -0.06243443 -0.08472252  0.99181986
10 46 58 983444 -0.06588769 -0.09670258  0.99195623
10 46 58 986346 -0.07122946 -0.10002398  0.98643804
10 46 58 989194 -0.06405401 -0.03552866  1.00171232
10 46 59 6395 -0.05499625  0.03611398  1.00891209
10 46 59 9151 -0.05711174 -0.03401542  0.98231936
10 46 59 12149 -0.07600403 -0.13648295  0.96992159
10 46 59 30547 -0.08047009 -0.11395192  0.98464513
10 46 59 33343 -0.06640601 -0.04673576  0.9853735 
10 46 59 36180 -0.05724573 -0.05318689  0.99078178
10 46 59 54433 -0.05769253 -0.09422302  0.999681  
10 46 59 56874 -0.06216979 -0.09787321  0.99593472
10 46 59 59467 -0.06416559 -0.08685851  0.98859262
10 46 59 78468 -0.05535483 -0.00810075  1.0038085 
10 46 59 81317 -0.0466218   0.0792551   1.01284266
10 46 59 84078 -0.05813861 -0.05417538  0.97201538
10 46 59 102312 -0.08855057 -0.20356679  0.96070647
10 46 59 105071 -0.08832121 -0.12004042  0.99418712
10 46 59 107883 -0.06891894 -0.01802683  0.99913168
10 46 59 126585 -0.05724788 -0.05586171  0.99430466
10 46 59 129250 -0.06380582 -0.11717176  1.0064044 
10 46 59 131771 -0.07567739 -0.10534716  1.00891399
10 46 59 150327 -0.06969357 -0.03541541  1.01697946
10 46 59 152941 -0.05595708  0.02790499  1.00558782
10 46 59 155537 -0.04819751 -0.02816987  0.98725986
10 46 59 174257 -0.07392907 -0.11249018  0.98710918
10 46 59 176908 -0.08332515 -0.09842396  1.00556016
10 46 59 179807 -0.07112455 -0.0410428   1.00182176
10 46 59 198353 -0.06120634 -0.03459883  0.98368454
10 46 59 201534 -0.05795598 -0.07412791  0.99571276
10 46 59 204453 -0.06928444 -0.10943699  1.01551509
10 46 59 245604 -0.07631016 -0.09748268  1.01825976
10 46 59 248219 -0.06760716  0.00625062  1.01538086
10 46 59 251665 -0.04833698  0.07012296  1.00092912
10 46 59 255499 -0.05408049 -0.07503486  0.97960734
10 46 59 259385 -0.09084535 -0.19989777  0.99368596
10 46 59 262501 -0.08934116 -0.1051569   1.02512431
10 46 59 270320 -0.06495357 -0.01066375  1.00657678
10 46 59 273247 -0.05673814 -0.05501699  0.97726917
10 46 59 275993 -0.06874561 -0.1254251   0.99131608
10 46 59 299754 -0.08076644 -0.12396312  1.01974988
10 46 59 303798 -0.0675633  -0.02978063  1.03915453
10 46 59 307664 -0.05285954  0.03919387  1.01178074
10 46 59 399556 -0.05472803 -0.04424357  0.97588682
10 46 59 402253 -0.07709146 -0.13009357  0.99361587
10 46 59 404853 -0.0833354  -0.10285163  1.03040719
10 46 59 407383 -0.06669211 -0.04283142  1.01911426
10 46 59 410359 -0.05910635 -0.03926873  0.98091292
10 46 59 413663 -0.06292701 -0.08035016  0.98399019
10 46 59 416969 -0.07482338 -0.11200738  1.01824284
10 46 59 419794 -0.07840157 -0.09519649  1.03864574
10 46 59 422616 -0.06178927  0.01210999  1.02912211
10 46 59 447387 -0.04902434  0.04739046  1.00076127
10 46 59 450073 -0.06562161 -0.08959246  0.98594713
10 46 59 452630 -0.08871746 -0.17175603  1.01074457
10 46 59 455343 -0.08303213 -0.08693886  1.03790283
10 46 59 458232 -0.06216073 -0.01808381  1.01535153
10 46 59 460891 -0.06133986 -0.05405045  0.9812181 
10 46 59 463702 -0.07435369 -0.11219239  0.99603987
10 46 59 466543 -0.0741787  -0.12250495  1.02436543
10 46 59 469302 -0.07053304 -0.05176592  1.03695869
10 46 59 472232 -0.05556655  0.04189229  1.02084064
10 46 59 474957 -0.05733943 -0.01254106  0.98441958
10 46 59 477862 -0.07838011 -0.13981795  0.9892168 
10 46 59 486870 -0.08496833 -0.13890076  1.019557  
10 46 59 490715 -0.07074547 -0.05750585  1.02580357
10 46 59 503724 -0.05969024 -0.03963494  0.99109268
10 46 59 510862 -0.06095004 -0.07691765  0.9833703 
10 46 59 513801 -0.06910849 -0.11152315  1.00963163
10 46 59 516377 -0.07380056 -0.10232782  1.02644539
10 46 59 535110 -6.04906082e-02  4.19616699e-04  1.03479385e+00
10 46 59 537968 -0.04684496  0.07092381  1.01165795
10 46 59 545717 -0.05774832 -0.05643797  0.97796178
10 46 59 558794 -0.08486176 -0.17720985  0.98829055
10 46 59 561465 -0.08469892 -0.10183215  1.02794409
10 46 59 564329 -0.0617311  -0.01856232  1.01767373
10 46 59 582766 -0.05702376 -0.05216622  0.98369813
10 46 59 585394 -0.06983614 -0.10593176  0.98931694
10 46 59 588095 -0.07445979 -0.1164279   1.01410031
10 46 59 606839 -0.06717753 -0.05685091  1.03466058
10 46 59 609978 -0.05487537  0.01750565  1.01398277
10 46 59 613283 -0.05166268 -0.03885174  0.98079395
10 46 59 630632 -0.07013345 -0.10816121  0.99303079
10 46 59 633150 -0.07611942 -0.10006809  1.01649737
10 46 59 635687 -0.06389499 -0.06224918  1.00934601
10 46 59 654758 -0.06239057 -0.05071545  0.98671269
10 46 59 657459 -0.05956864 -0.0662353   0.9872787 
10 46 59 659981 -0.06176424 -0.09388518  1.00583124
10 46 59 678666 -0.07253599 -0.11360049  1.00883722
10 46 59 681285 -0.06617403 -0.04111362  1.01880932
10 46 59 683961 -0.05088997  0.05810165  1.0178535 
10 46 59 702707 -0.0505631   0.00209093  0.98921752
10 46 59 705947 -0.07035971 -0.14945769  0.97794747
10 46 59 708690 -0.08635688 -0.14960694  0.99588585
10 46 59 726664 -0.07176018 -0.05245566  1.00981259
10 46 59 729238 -0.06673217 -0.04614234  0.99337387
10 46 59 731805 -0.06818533 -0.09590364  0.99006057
10 46 59 750623 -0.06920266 -0.11704683  1.00264215
10 46 59 753351 -0.06784296 -0.1044414   1.00757647
10 46 59 756105 -0.061625   -0.02256417  1.02127099
10 46 59 774504 -0.05495095  0.03873158  1.01236534
10 46 59 777159 -0.05417204 -0.05207896  0.9849627 
10 46 59 779789 -0.07622647 -0.15072703  0.97778988
10 46 59 798583 -0.07570624 -0.11335945  0.99691629
10 46 59 801142 -0.06802058 -0.04534435  0.99163318
10 46 59 804444 -0.05923867 -0.0587647   0.98840475
10 46 59 846139 -0.056113   -0.09291744  1.00588417
10 46 59 849733 -0.06500173 -0.09987879  1.00953221
10 46 59 852405 -0.06925106 -0.08144474  1.00377369
10 46 59 858265 -0.05807734  0.00323367  1.0156467 
10 46 59 862021 -0.04712343  0.05213451  1.01067638
10 46 59 865191 -0.05684161 -0.06592989  0.97418213
10 46 59 870853 -0.08418083 -0.16961026  0.9732306 
10 46 59 874001 -0.08068728 -0.09795642  1.00090146
10 46 59 876650 -0.06735539 -0.03137827  1.00055075
10 46 59 897677 -0.06343532 -0.07227206  0.9942596 
10 46 59 900718 -0.06215715 -0.11994386  1.00312018
10 46 59 903358 -0.06858444 -0.11497998  1.00164318
10 46 59 918573 -0.0666306  -0.0517447   1.00980258
10 46 59 921153 -0.05576777  0.02372217  1.00730991
10 46 59 946757 -0.05231571 -0.03721476  0.98478913
10 46 59 949555 -0.07254267 -0.12833643  0.98241782
10 46 59 952404 -0.07934189 -0.1115346   0.99086118
10 46 59 955287 -0.06499577 -0.05343676  0.98788452
10 46 59 966526 -0.06083298 -0.05670667  0.97955704
10 46 59 970062 -0.06233621 -0.0855279   0.99840355
10 46 59 972771 -0.06763291 -0.10095906  1.00684834
10 46 59 990466 -0.06981969 -0.09685493  0.99958897
10 46 59 998821 -0.06103683 -0.02983928  0.99973226
10 47 0 1907 -0.04916048  0.03705525  1.00042415
10 47 0 14617 -0.05182099 -0.03494     0.99400568
10 47 0 17493 -0.07255507 -0.14109421  0.98130941
10 47 0 20262 -0.07816672 -0.11577582  0.99536943
10 47 0 38450 -0.07148862 -0.04267025  0.99032688
10 47 0 41256 -0.06331086 -0.05783868  0.98974299
10 47 0 43837 -0.06301713 -0.1011157   0.99680638
10 47 0 62517 -0.06901264 -0.11479712  0.99833202
10 47 0 65796 -0.06795502 -0.09616208  0.99684238
10 47 0 71070 -0.06258464 -0.00469756  1.00875425
10 47 0 86339 -0.05106139  0.07530069  1.01302934
10 47 0 94211 -0.05630422 -0.05335236  0.97515321
10 47 0 96959 -0.08362365 -0.20384192  0.96498823
10 47 0 110735 -0.08220506 -0.12749147  0.99456358
10 47 0 113765 -0.06628871 -0.02710295  0.99573064
10 47 0 116538 -0.05655003 -0.06381583  0.9887495 
10 47 0 134144 -0.05787182 -0.12208557  0.99651217
10 47 0 136610 -0.06810904 -0.11386204  1.00537777
10 47 0 138975 -0.06545615 -0.04312372  1.01493883
10 47 0 158372 -0.04724789  0.0558939   1.01329637
10 47 0 161507 -0.04436159  0.00864458  0.985291  
10 47 0 165255 -0.07185197 -0.15507555  0.96664858
10 47 0 182291 -0.08641338 -0.15244889  0.99787927
10 47 0 186804 -0.06685996 -0.02915931  1.00791121
10 47 0 189932 -0.05400419 -0.02216721  0.97948575
10 47 0 206732 -0.06393766 -0.0959115   0.98294544
10 47 0 210430 -0.07444811 -0.12968206  1.01056767
10 47 0 214483 -0.07838035 -0.06353164  1.02649856
10 47 0 230308 -0.05638385  0.0435071   1.00883722
10 47 0 234376 -0.0474205   0.00584936  0.96810079
10 47 0 237287 -0.06910038 -0.12664843  0.96997428
10 47 0 253923 -0.08714461 -0.15085506  1.01080704
10 47 0 256437 -0.06808543 -0.05420041  1.02505517
10 47 0 258979 -0.04749107 -0.02294469  0.98407078
10 47 0 351105 -0.0614984  -0.07258344  0.96185565
10 47 0 354014 -0.07631588 -0.12799263  0.99429536
10 47 0 357075 -0.07966256 -0.08809781  1.03367853
10 47 0 361128 -0.05968261  0.02570248  1.02468824
10 47 0 364354 -0.04507494  0.01959944  0.97128582
10 47 0 367998 -0.06718159 -0.11124587  0.95123553
10 47 0 371263 -0.08483028 -0.14542127  1.00921559
10 47 0 374400 -0.07260489 -0.0713532   1.03449774
10 47 0 377478 -0.05031323 -0.03400874  1.0007143 
10 47 0 380354 -0.05375791 -0.06644011  0.96414423
10 47 0 384812 -0.07745981 -0.10763788  0.97696924
10 47 0 388488 -0.07980442 -0.09238076  1.02614307
10 47 0 396475 -0.06394458  0.0025754   1.03538942
10 47 0 399162 -0.04375744  0.00649595  0.99279046
10 47 0 401732 -0.05807638 -0.08629704  0.96042323
10 47 0 404224 -0.07998157 -0.11852193  0.99716401
10 47 0 406852 -0.06677842 -0.07705617  1.0308032 
10 47 0 409363 -0.05328608 -0.05389738  1.00615406
10 47 0 446034 -0.05317807 -0.05981088  0.98375797
10 47 0 449578 -0.06718874 -0.08073521  0.97411966
10 47 0 452159 -0.07509661 -0.10490108  0.99782991
10 47 0 456440 -0.06660199 -0.03859854  1.02925682
10 47 0 463110 -0.04945278  0.03269291  1.01580524
10 47 0 466036 -0.04920554 -0.0450139   0.97498679
10 47 0 473520 -0.07528973 -0.14269376  0.97422862
10 47 0 477343 -0.08024549 -0.11635995  1.01151967
10 47 0 486394 -0.05969381 -0.05368638  1.016011  
10 47 0 502878 -0.0505414  -0.06050563  0.99340272
10 47 0 505512 -0.0565908  -0.08197117  0.98447895
10 47 0 507999 -0.06879783 -0.09978652  0.98795009
10 47 0 519085 -0.06754351 -0.07892156  1.01303387
10 47 0 546048 -0.05190587  0.00955486  1.02842283
10 47 0 549660 -0.04613471  0.01990938  1.00732636
10 47 0 554437 -0.06428957 -0.09825587  0.97392488
10 47 0 558737 -0.08454776 -0.14515352  0.98667431
10 47 0 565859 -0.07215071 -0.07614923  1.00915051
10 47 0 568483 -0.05869961 -0.0452013   1.00270343
10 47 0 572189 -0.05880809 -0.07595658  0.99506879
10 47 0 574871 -0.06301641 -0.08468103  0.99804306
10 47 0 590704 -0.07780313 -0.09244919  0.99671292
10 47 0 600866 -0.06858635 -0.03792977  1.01323724
10 47 0 603495 -0.04990888  0.04971242  1.02866387
10 47 0 615433 -0.05049419 -0.00843     0.99482846
10 47 0 617942 -0.07852125 -0.15208673  0.96997547
10 47 0 620358 -0.08692789 -0.13712597  0.99264026
10 47 0 647337 -0.06662011 -0.04806828  1.00883293
10 47 0 649866 -0.05699801 -0.0489049   1.00001931
10 47 0 652290 -0.06189942 -0.09567022  0.99555492
10 47 0 663219 -0.07100034 -0.10142541  1.00023413
10 47 0 665665 -0.07392979 -0.07416248  1.00781894
10 47 0 668079 -0.05651641  0.01186132  1.01800609
10 47 0 686596 -0.04517055  0.00952935  1.00345755
10 47 0 689074 -0.06346965 -0.09254241  0.98178887
10 47 0 699912 -0.08403826 -0.12916017  0.99146318
10 47 0 712051 -0.07308817 -0.07586217  1.00112104
10 47 0 715432 -0.06174874 -0.04370379  0.99192357
10 47 0 718321 -0.05827403 -0.07069445  0.99041224
10 47 0 734898 -0.06521916 -0.09541726  1.00475574
10 47 0 737908 -0.07091069 -0.09962845  1.00991082
10 47 0 741532 -0.06347513 -0.04024005  1.01392651
10 47 0 759353 -0.044873    0.03505015  1.01313663
10 47 0 761880 -0.04609847 -0.01342416  0.99817944
10 47 0 765104 -0.07012534 -0.12849903  0.98703837
10 47 0 782815 -0.08178854 -0.12673426  0.99780059
10 47 0 785791 -0.06761646 -0.04871273  1.00299191
10 47 0 788297 -0.05855012 -0.04514432  0.98826742
10 47 0 807124 -0.06254196 -0.09259439  0.99185085
10 47 0 809656 -0.06955791 -0.11101007  1.00497675
10 47 0 812105 -0.07166147 -0.09008718  1.00574255
10 47 0 830444 -0.05791259  0.00379252  1.01589274
10 47 0 840179 -0.04397178  0.0623374   1.00843501
10 47 0 847697 -0.0597682  -0.07284117  0.97683191
10 47 0 855198 -0.08753872 -0.18643045  0.97873521
10 47 0 857823 -0.08260584 -0.10831308  1.00106049
10 47 0 860352 -0.06228375 -0.02828574  0.99321222
10 47 0 878631 -0.05263066 -0.06591678  0.97954297
10 47 0 881435 -0.0658524  -0.11988163  0.99459434
10 47 0 884126 -0.07379746 -0.11337066  1.01591253
10 47 0 902962 -0.06671119 -0.03882408  1.02202773
10 47 0 906216 -0.04518414  0.03721976  1.00660586
10 47 0 909749 -0.04740834 -0.02339053  0.98389292
10 47 0 926669 -0.07480311 -0.13832021  0.98445153
10 47 0 929458 -0.08369613 -0.11802101  1.00934339
10 47 0 932064 -0.0700686  -0.03704023  0.99963641
10 47 0 952204 -0.05621052 -0.03441978  0.97692037
10 47 0 955277 -0.0586307  -0.08934808  0.98217249
10 47 0 962356 -0.07328248 -0.12214661  1.01007366
10 47 0 974945 -0.07573605 -0.08070588  1.02139831
10 47 0 978016 -0.05609989  0.04010201  1.01501274
10 47 0 980452 -0.04479671  0.04043102  0.98826218
10 47 1 3848 -0.06316495 -0.12642503  0.96986461
10 47 1 9393 -0.08885098 -0.18240285  1.00396585
10 47 1 12602 -0.07409048 -0.07410741  1.02119184
10 47 1 25648 -0.05253172 -0.02290821  0.99098277
10 47 1 28256 -0.05951619 -0.07894135  0.9684155 
10 47 1 30999 -0.07741165 -0.13342214  0.99269581
10 47 1 46912 -0.07349133 -0.11106038  1.02523685
10 47 1 49793 -0.06203723 -0.00505233  1.02477074
10 47 1 61454 -0.0439508   0.02869153  0.98656559
10 47 1 72181 -0.058321   -0.07756186  0.96264672
10 47 1 74724 -0.08530521 -0.15479708  0.99425983
10 47 1 77357 -0.07790351 -0.09924746  1.02686262
10 47 1 95346 -0.05953979 -0.03626132  0.99750543
10 47 1 103373 -0.0557971  -0.0542345   0.96758938
10 47 1 105885 -0.0715704  -0.10081983  0.98193097
10 47 1 118782 -0.0803988  -0.11908889  1.01598978
10 47 1 121832 -0.07015896 -0.04045367  1.03343606
10 47 1 124440 -0.04954791  0.03192306  1.0062058 
10 47 1 144949 -0.0506506  -0.05375075  0.96567416
10 47 1 147511 -0.07671428 -0.15327859  0.98025584
10 47 1 150264 -0.07974601 -0.11932492  1.01830125
10 47 1 166318 -0.05721998 -0.04173589  1.01015592
10 47 1 169118 -0.04901981 -0.04968452  0.98115683
10 47 1 171538 -0.06040573 -0.09122753  0.97007465
10 47 1 190033 -0.07752991 -0.12438869  0.99673033
10 47 1 203052 -0.07529283 -0.0832181   1.02819157
10 47 1 205698 -0.05292416  0.01167583  1.01842642
10 47 1 286890 -0.04888296 -0.01285577  0.9747746 
10 47 1 289395 -0.07163548 -0.11934423  0.97214365
10 47 1 303404 -0.08812141 -0.1382556   1.0037632 
10 47 1 305951 -0.07050967 -0.08110905  1.01232171
10 47 1 308373 -0.05691338 -0.05451632  0.99028802
10 47 1 314153 -0.06038833 -0.07501221  0.97391915
10 47 1 317711 -0.0702827  -0.0997057   0.98647404
10 47 1 320244 -0.07488632 -0.11305714  1.00620484
10 47 1 323017 -0.06572127 -0.03185797  1.02391577
10 47 1 325871 -0.04931045  0.03979158  1.0110271 
10 47 1 329400 -0.05781341 -0.04748011  0.97674751
10 47 1 331900 -0.07870102 -0.14784002  0.9758575 
10 47 1 335132 -0.08003831 -0.11881113  1.00430846
10 47 1 338504 -0.06320739 -0.0503664   1.00322247
10 47 1 355307 -0.05976534 -0.05847263  0.98734474
10 47 1 358005 -0.05797577 -0.08941746  0.98714566
10 47 1 360402 -0.07215238 -0.10433626  1.00019598
10 47 1 367831 -0.06954694 -0.09316754  1.01227236
10 47 1 372103 -0.0583725   0.00607562  1.02655792
10 47 1 374585 -0.0481534   0.04988313  1.00489879
10 47 1 377002 -0.06021571 -0.09282017  0.96640515
10 47 1 387089 -0.08384371 -0.18336463  0.97966719
10 47 1 389670 -0.07673526 -0.10375142  1.00836611
10 47 1 392391 -0.05776143 -0.03783679  0.99933529
10 47 1 407143 -0.05642939 -0.07378411  0.98602104
10 47 1 409979 -0.0583365  -0.11054516  0.99522257
10 47 1 412540 -0.0667007  -0.1044147   1.00563955
10 47 1 431700 -0.06236005 -0.04321527  1.01753497
10 47 1 434219 -0.0446372   0.02491784  1.01369071
10 47 1 436564 -0.04266    -0.0268662   0.97922277
10 47 1 455012 -0.06316185 -0.11972833  0.97072101
10 47 1 457531 -0.07557321 -0.11478496  0.99558616
10 47 1 459976 -0.06319928 -0.05862546  1.00116014
10 47 1 478563 -0.05976224 -0.05381727  0.98058534
10 47 1 480992 -0.05603576 -0.08408785  0.98490095
10 47 1 483631 -0.06079102 -0.10178614  1.01220632
10 47 1 507189 -0.0662756  -0.09294748  1.01187849
10 47 1 509733 -0.06010699 -0.00335145  1.02252913
10 47 1 512251 -0.04467392  0.0588603   1.00455785
10 47 1 526725 -0.05388856 -0.0782752   0.9697659 
10 47 1 529672 -0.08343482 -0.19363809  0.98396802
10 47 1 532247 -0.08481312 -0.11462307  1.01254177
10 47 1 550644 -0.0620842  -0.02892756  1.00328326
10 47 1 557462 -0.05291891 -0.06669044  0.97555137
10 47 1 559929 -0.0580194  -0.11866498  0.98951387
10 47 1 574620 -0.06820917 -0.11476541  1.01275992
10 47 1 577112 -0.06469107 -0.04917979  1.01938725
10 47 1 579461 -0.05108881  0.02789831  1.00058794
10 47 1 604299 -0.04397655 -0.0273211   0.97337008
10 47 1 606781 -0.06829333 -0.13074231  0.97934461
10 47 1 609237 -0.07681847 -0.13002753  1.0049212 
10 47 1 626565 -0.06757998 -0.06257534  1.00447011
10 47 1 645422 -0.05402946 -0.05349183  0.97168064
10 47 1 648031 -0.04952502 -0.08913493  0.97391629
10 47 1 650544 -0.06202936 -0.11739349  1.01040792
10 47 1 657342 -0.07327867 -0.09886265  1.02299261
10 47 1 660144 -0.05927372  0.00110197  1.01773357
10 47 1 670693 -0.04195476  0.03891826  0.99403048
10 47 1 676754 -0.05057383 -0.08725691  0.97149277
10 47 1 679331 -0.0830605  -0.17328358  0.99796247
10 47 1 700392 -0.07704473 -0.09932947  1.02152896
10 47 1 702849 -0.06000423 -0.03193235  1.00052953
10 47 1 705359 -0.05482817 -0.06768608  0.96684122
10 47 1 718438 -0.06224918 -0.11803317  0.98957801
10 47 1 720893 -0.07273054 -0.1211369   1.01705909
10 47 1 723286 -0.06442642 -0.05048013  1.02537727
10 47 1 746587 -0.04922175  0.05216575  1.00719357
10 47 1 766002 -0.04832435 -0.02343297  0.96634698
10 47 1 768991 -0.07331944 -0.17640615  0.97233963
10 47 1 772129 -0.08870578 -0.15242791  1.01617455
10 47 1 774762 -0.06481147 -0.04701138  1.01325536
10 47 1 777324 -0.05053687 -0.0484457   0.97211099
10 47 1 790539 -0.05516243 -0.10203552  0.96662068
10 47 1 803131 -0.06793857 -0.1238656   1.00935006
10 47 1 810065 -0.07156801 -0.07780528  1.03613043
10 47 1 814313 -0.0539732   0.02788711  1.02354956
10 47 1 821088 -0.04215455  0.01163864  0.97521806
10 47 1 846865 -0.06258368 -0.12349939  0.96598005
10 47 1 849298 -0.0855298  -0.15662193  1.00968719
10 47 1 851831 -0.07458043 -0.06305623  1.02941608
10 47 1 854383 -0.05305076 -0.03072262  0.99134517
10 47 1 862655 -0.05286956 -0.07497382  0.961694  
10 47 1 865105 -0.06530142 -0.12056708  0.99295497
10 47 1 867592 -0.07669592 -0.10294628  1.0375874 
10 47 1 886388 -0.05989528 -0.00737882  1.03451943
10 47 1 888998 -0.04477477  0.01916504  0.98692775
10 47 1 899128 -0.05641747 -0.08336353  0.96437478
10 47 1 910559 -0.07952929 -0.15172744  0.99968553
10 47 1 913238 -0.07679415 -0.10579777  1.02662134
10 47 1 915726 -0.0587616  -0.04840922  1.00671792
10 47 1 934453 -0.05300784 -0.06157947  0.9665885 
10 47 1 936928 -0.05817652 -0.10371184  0.96831536
10 47 1 939446 -0.07276416 -0.12565112  1.01477647
10 47 1 958288 -0.06667542 -0.05434966  1.03856635
10 47 1 965047 -0.04898071  0.03470349  1.00758243
10 47 1 967760 -0.04623318 -0.02560282  0.96223497
10 47 1 982253 -0.07312775 -0.1502645   0.97207355
10 47 1 988873 -0.08777714 -0.14005661  1.0177002 
10 47 1 991684 -0.06505775 -0.05995941  1.02332163
10 47 2 6463 -0.05036926 -0.04997468  0.98595619
10 47 2 9080 -0.05731153 -0.08750844  0.96702695
10 47 2 11477 -0.07144046 -0.11386871  1.00062799
10 47 2 34596 -0.07442236 -0.09352851  1.03089356
10 47 2 37042 -0.05592108  0.00718498  1.03354168
10 47 2 39402 -0.04414773  0.02841091  0.99542499
10 47 2 59147 -0.06188488 -0.10953188  0.96056199
10 47 2 61850 -0.08473778 -0.17740011  0.99344635
