14 45 46 417873  0.04793549 -0.28538322  0.95765495
14 45 46 422285  0.04929543 -0.2834053   0.95775604
14 45 46 425723  0.04727173 -0.28697205  0.95444679
14 45 46 457517  0.04822922 -0.28190613  0.95059586
14 45 46 464880  0.04886627 -0.27969742  0.95908928
14 45 46 509361  0.04892731 -0.28155899  0.95423698
14 45 46 513145  0.05021858 -0.28172874  0.95717812
14 45 46 558214  0.05119896 -0.28019524  0.95467758
14 45 49 283776  0.04751396 -0.27903938  0.96046257
14 45 49 333787  0.05062294 -0.27992821  0.95533562
14 45 49 381855  0.05076027 -0.28247452  0.95805359
14 45 49 435147  0.04945183 -0.28371811  0.95383644
14 45 49 484243  0.04699326 -0.28295326  0.95598793
14 45 49 533765  0.04925537 -0.28726768  0.95741844
14 45 49 582402  0.04834938 -0.28118515  0.95428467
14 45 49 632365  0.04980087 -0.2840004   0.95815086
14 45 49 692234  0.04911995 -0.28226662  0.95361519
14 45 49 745117  0.051548   -0.28495216  0.9551506 
14 45 49 782975  0.04842567 -0.28339005  0.95707893
14 45 49 832755  0.04971123 -0.28398705  0.95487213
14 45 49 885544  0.0509758  -0.28283691  0.95593071
14 45 49 935383  0.04999733 -0.28303719  0.95531082
14 45 49 983582  0.04802513 -0.28606987  0.95521545
14 45 50 33171  0.04921913 -0.28465462  0.95635033
14 45 50 81862  0.04865646 -0.2800293   0.96036148
14 45 50 136219  0.05218506 -0.2875042   0.95993805
14 45 50 184002  0.04986954 -0.28422165  0.95504189
14 45 50 234410  0.04838943 -0.28247833  0.95432472
14 45 50 282886  0.05077362 -0.28814888  0.95594597
14 45 50 332714  0.05060959 -0.2830162   0.95855522
14 45 50 385623  0.05233765 -0.28454399  0.95754814
14 45 50 434966  0.04766846 -0.28803062  0.95693779
14 45 50 483741  0.05009842 -0.28300476  0.95414352
14 45 50 537056  0.04706955 -0.28674507  0.95675659
14 45 50 586358  0.05317307 -0.28357506  0.95382118
14 45 50 635735  0.05219841 -0.27978134  0.95814514
14 45 50 683925  0.0470295  -0.28253746  0.95494461
14 45 50 746192  0.05063057 -0.28049088  0.95339775
14 45 50 786390  0.05328178 -0.2818737   0.9564724 
14 45 50 836008  0.04886436 -0.28431129  0.95424461
14 45 50 885110  0.05368423 -0.28262901  0.95892525
14 45 50 934532  0.05010986 -0.27838516  0.9557457 
14 45 50 987566  0.05111504 -0.2829895   0.95602226
14 45 51 37043  0.05053902 -0.28250122  0.95354843
14 45 51 85949  0.05210876 -0.27879143  0.95886612
14 45 51 135407  0.04678917 -0.28721809  0.96089935
14 45 51 184235  0.0492878  -0.28564262  0.95479393
14 45 51 246988  0.04933739 -0.28525162  0.95477295
14 45 51 293444  0.05359268 -0.28303909  0.95427895
14 45 51 344311  0.04872513 -0.28186226  0.95835304
14 45 51 384959  0.04994774 -0.2837162   0.95628548
14 45 51 434170  0.05069733 -0.28662109  0.95190811
14 45 51 487991  0.05345345 -0.28110123  0.95200348
14 45 51 535965  0.04771996 -0.28290939  0.9544754 
14 45 51 584623  0.05473709 -0.28330994  0.95752144
14 45 51 638804  0.04839516 -0.28309441  0.95737839
14 45 51 687682  0.05056381 -0.28116035  0.95829582
14 45 51 737331  0.05205727 -0.28336143  0.95947647
14 45 51 785860  0.04904938 -0.28293228  0.95720673
14 45 51 835583  0.05233574 -0.29095459  0.95565605
14 45 51 888160  0.04655266 -0.28863335  0.9586277 
14 45 51 938053  0.04999733 -0.28508949  0.95575523
14 45 51 986804  0.05064774 -0.28033447  0.95866013
14 45 52 36282  0.0483799  -0.2822628   0.96303177
14 45 52 88827 1.77383423e-04 1.87387848e+00 1.62873650e+00
14 45 52 138442  0.04898453 -0.28381538  0.96181107
14 45 52 188064  0.04718018 -0.28199196  0.95775032
14 45 52 237216  0.04844666 -0.28209686  0.95343399
14 45 52 285955  0.04696465 -0.28248978  0.95849419
14 45 52 339375  0.04984283 -0.27978897  0.95875549
14 45 52 388643  0.05560303 -0.28177452  0.95599365
14 45 52 437160  0.04758835 -0.28298378  0.95746994
