14 45 46 417873  0.00048923 -0.000278    0.00022936
14 45 46 422285 0.00048542 0.00027227 0.00015545
14 45 46 425723  3.71456146e-04 -1.55925751e-04 -3.33786011e-05
14 45 46 457517  1.29699707e-04  3.33786011e-06 -2.21729279e-04
14 45 46 464880 9.82284546e-05 2.61783600e-04 2.52246857e-04
14 45 46 509361 -0.00037098  0.00017118 -0.00018263
14 45 46 513145  2.90870667e-05 -1.62124634e-05 -8.58306885e-05
14 45 46 558214 -0.00025415 -0.00016308  0.00023794
14 45 49 283776  1.07765198e-04 -3.25202942e-04  3.67164612e-05
14 45 49 333787 -1.19209290e-05  6.05583191e-05 -2.24113464e-05
14 45 49 381855 -4.67777252e-04 -3.95774841e-05 -1.81674957e-04
14 45 49 435147 -0.00042009 -0.00030756  0.00037289
14 45 49 484243 -6.14166260e-04  6.10351562e-05  2.90870667e-05
14 45 49 533765 -4.95433807e-04 -1.23977661e-05 -1.14917755e-04
14 45 49 582402 -7.10964203e-04 -1.00135803e-05 -1.72615051e-04
14 45 49 632365 -0.00108624 -0.00048447 -0.00034285
14 45 49 692234 -4.74929810e-04  3.86238098e-04 -4.72068787e-05
14 45 49 745117 -4.16755676e-04  3.33786011e-05 -2.03609467e-04
14 45 49 782975 -1.22547150e-04 -5.05447388e-05 -1.03473663e-04
14 45 49 832755 -1.19209290e-04  2.24113464e-05 -1.33037567e-04
14 45 49 885544 -0.00023651  0.00015974 -0.00043249
14 45 49 935383 -7.15255737e-05 -1.62124634e-05 -8.48770142e-05
14 45 49 983582 -4.34398651e-04 -3.09944153e-05  2.65121460e-04
14 45 50 33171 -0.00037003  0.00019455  0.00054502
14 45 50 81862  4.10079956e-05 -1.10149384e-04  1.88350677e-04
14 45 50 136219 7.58171082e-05 2.94685364e-04 5.00679016e-05
14 45 50 184002 -0.00025368 -0.00014973 -0.00028419
14 45 50 234410 -0.00028515 -0.0004096  -0.00014067
14 45 50 282886 8.34465027e-05 7.15255737e-05 3.64780426e-04
14 45 50 332714 -9.87052917e-05  1.67846680e-04 -2.24113464e-04
14 45 50 385623  0.00058746  0.00018406 -0.00030088
14 45 50 434966  5.29289246e-04  9.34600830e-05 -3.51905823e-04
14 45 50 483741  3.07559967e-04  5.24520874e-05 -6.48498535e-04
14 45 50 537056  7.36713409e-04  7.15255737e-06 -7.05718994e-05
14 45 50 586358 -0.00015306 -0.00012159 -0.00043297
14 45 50 635735  0.00010967 -0.000278   -0.00034761
14 45 50 683925 -0.00029564 -0.00040007 -0.00030804
14 45 50 746192  9.53674316e-07  1.00612640e-04 -2.36988068e-04
14 45 50 786390  4.88758087e-04 -9.58442688e-05 -1.23023987e-04
14 45 50 836008 -1.52587891e-05  2.59876251e-04 -1.72615051e-04
14 45 50 885110 -1.28746033e-04  1.26361847e-04 -8.77380371e-05
14 45 50 934532 -0.00055027  0.00030327  0.00014305
14 45 50 987566 -0.00040913 -0.00015211  0.00019932
14 45 51 37043 -5.88893890e-04  7.05718994e-05  1.51157379e-04
14 45 51 85949 -6.16073608e-04 -1.04904175e-05  1.91688538e-04
14 45 51 135407 -5.00202179e-04 -8.10623169e-05  3.06129456e-04
14 45 51 184235 -6.09874725e-04  7.72476196e-05  5.85556030e-04
14 45 51 246988 -7.77244568e-05 -5.55515289e-04  9.48905945e-05
14 45 51 293444 -0.00052452 -0.0006566   0.00020504
14 45 51 344311 -0.00030518 -0.00020123 -0.00043392
14 45 51 384959 -0.00055885 -0.0001688   0.00010157
14 45 51 434170 -1.70707703e-04  9.01222229e-05 -5.19752502e-04
14 45 51 487991 -5.91754913e-04 -3.38554382e-05 -1.40190125e-04
14 45 51 535965 -6.22272491e-04  3.08036804e-04 -6.67572021e-06
14 45 51 584623 -0.00047398 -0.00023699 -0.00031519
14 45 51 638804 -3.21388245e-04  2.43186951e-05 -1.75952911e-04
14 45 51 687682 -1.97410583e-04  4.57763672e-05 -3.76701355e-05
14 45 51 737331  0.0002389   0.00028181 -0.00053358
14 45 51 785860 1.62124634e-04 4.52995300e-05 1.95980072e-04
14 45 51 835583 -7.15732574e-04  5.62667847e-05  8.77380371e-05
14 45 51 888160 -4.29153442e-06  1.28746033e-04 -3.94344330e-04
14 45 51 938053  2.86102295e-06  1.60217285e-04 -3.05652618e-04
14 45 51 986804  2.10762024e-04  5.38825989e-05 -4.26292419e-04
14 45 52 36282  1.91211700e-04  3.33786011e-05 -2.79903412e-04
14 45 52 88827  1.05857849e-04  9.53674316e-07 -3.12499952e+00
14 45 52 138442 0.00015497 0.00012922 0.00017929
14 45 52 188064  2.28881836e-04 -9.72747803e-05 -3.83853912e-04
14 45 52 237216  0.00053644  0.00023222 -0.00025034
14 45 52 285955 -9.05990601e-06 -2.60353088e-04 -3.18050385e-04
14 45 52 339375  0.00023794  0.00018454 -0.00050783
14 45 52 388643  0.00028467  0.00011063 -0.00018501
14 45 52 437160 -1.59263611e-04  2.24113464e-05 -3.65734100e-04
