10 37 45 96109 0.01794624 0.11786652 0.99139595
10 37 45 105188 0.01581955 0.12015724 0.99309921
10 37 45 114408 0.01757812 0.11772346 0.99479103
10 37 45 124269 0.01548958 0.11455917 0.9957962 
10 37 45 135144 0.02148628 0.11857605 0.9944706 
10 37 45 149082 0.01424408 0.11953354 0.99383545
10 37 45 160275 0.01625252 0.12233353 0.99930763
10 37 45 171389 0.01496506 0.11590576 0.99694061
10 37 45 182354 0.01963425 0.11791039 0.99403572
10 37 45 192227 0.01447105 0.12143898 0.99087715
10 37 45 205352 0.01612473 0.12242126 0.98609924
10 37 45 216136 0.01264191 0.12029839 0.99526024
10 37 45 224446 0.01458168 0.11549187 0.9887886 
10 37 45 236148 0.01495361 0.12342262 0.98995209
10 37 45 246110 0.01710701 0.12023163 0.99274635
10 37 45 254968 0.01726151 0.12068176 0.99108505
10 37 45 266012 0.01810265 0.12272072 0.99107933
10 37 45 275107 0.01767349 0.11915016 0.99408913
10 37 45 285181 0.02340508 0.11595726 0.99332237
10 37 45 296227 0.01578331 0.12328339 0.9924221 
10 37 45 306103 0.01878738 0.12329292 0.99393272
10 37 45 317398 0.01684189 0.12191391 0.99118996
10 37 45 330278 0.01809311 0.1213398  0.99248505
10 37 45 340024 0.02152824 0.12386131 0.99675179
10 37 45 350091 0.01436615 0.12160492 0.99281883
10 37 45 358551 0.01570511 0.12057304 0.99276924
10 37 45 370665 0.01541519 0.1241684  0.99272346
10 37 45 381394 0.01566315 0.11896896 0.99293327
10 37 45 390525 0.01885796 0.12107277 0.99207687
10 37 45 404110 0.01832962 0.12511444 0.99029541
10 37 45 415294 0.0162487  0.12704849 0.99351311
10 37 45 423819 0.01306152 0.1165638  0.99080849
10 37 45 433843 0.01272583 0.11668396 0.99580574
10 37 45 443849 0.02078056 0.11774635 0.99667358
10 37 45 452254 0.01571274 0.11780167 0.99706078
10 37 45 464778 0.01300621 0.11387253 0.99541473
10 37 45 479507 0.01552582 0.11622238 0.99541664
10 37 45 489406 0.01958084 0.11851501 0.99280548
10 37 45 501836 0.01986885 0.1141243  0.99954224
10 37 45 512434 0.01916695 0.12084579 0.99596405
10 37 45 521287 0.01932907 0.12187576 0.9979229 
10 37 45 531787 0.01896477 0.11886978 0.99146461
10 37 45 540175 0.01857758 0.11929512 0.99074173
10 37 45 553408 0.01776123 0.12386894 0.98915482
10 37 45 564497 0.01416397 0.11701393 0.99266815
10 37 45 573969 0.01761246 0.12017441 0.99291992
10 37 45 585743 0.01634979 0.12112045 0.99168587
10 37 45 595735 0.01722336 0.12105179 0.99643517
10 37 45 605259 0.01849937 0.11818314 0.99225235
10 37 45 617914 0.01498604 0.11710358 0.99227715
10 37 45 628936 0.01600456 0.1220932  0.99308968
10 37 45 638162 0.01437378 0.11611938 0.99279785
10 37 45 647759 0.02077675 0.12481308 0.99676132
10 37 45 659163 0.01826096 0.11970329 0.99444008
10 37 45 667375 0.01822853 0.1191864  0.99007797
10 37 45 677209 0.01810646 0.11950302 0.99399757
10 37 45 686930 0.01848793 0.12030983 0.99136543
10 37 45 695028 0.01603317 0.11796951 0.99154663
10 37 45 742481  5.72204590e-05 -2.87451172e+00 -3.99613571e+00
10 37 45 752767 0.01126671 0.12018204 0.98809242
10 37 45 762502 0.017313   0.12202263 0.99215508
10 37 45 771245 0.01965714 0.12569046 0.99320412
10 37 45 785560 0.02292061 0.11591148 0.99082184
10 37 45 798259 0.02511978 0.11445999 1.00086975
10 37 45 807281 0.02303123 0.11274338 1.00450706
10 37 45 819648 0.02303123 0.11135674 0.99929619
10 37 45 872696 0.01821518 0.11671257 0.99036026
10 37 45 881506 0.0209446  0.12031174 0.9911232 
10 37 45 889959 0.01854134 0.11907578 0.99188423
10 37 45 898977 0.01516342 0.1163826  0.98782539
10 37 45 908112 0.01360703 0.12376976 0.99424171
10 37 45 920999 0.01136589 0.11761665 0.99011421
10 37 45 932796 0.01488304 0.1180172  0.99468422
10 37 45 942274 0.00915718 0.11644745 0.99770546
10 37 45 954908 0.01566124 0.11760139 0.9958992 
10 37 45 967120 0.01425171 0.11606598 0.99721336
10 37 45 976236 0.01439476 0.11822701 0.99267006
10 37 45 984120 0.01379204 0.12262344 0.98913383
10 37 45 994922 0.01441193 0.12249184 0.987854  
10 37 46 35526 0.01703835 0.12057114 0.9910717 
10 37 46 37625 0.0189476  0.12169075 0.99629402
10 37 46 47085 0.02112579 0.11647606 0.99993515
10 37 46 96522 0.01995277 0.11937141 0.99860573
10 37 46 145602 0.02366447 0.11726761 0.99191475
10 37 46 194794 0.02025986 0.12216187 0.99626923
10 37 46 250684 0.02147865 0.12400436 0.98893356
10 37 46 299956 0.02402496 0.12312698 0.98779297
10 37 46 354840 0.0229702  0.12265205 0.98762703
10 37 46 404029 0.01921844 0.12006378 0.98922539
10 37 46 453794 0.02132607 0.12168503 0.99085426
10 37 46 505154 0.01522255 0.11754227 0.99392319
10 37 46 554305 0.01403427 0.11682701 0.99817467
10 37 46 605425 0.01538086 0.11766052 0.995718  
10 37 46 655049 0.01369476 0.12138176 0.9919529 
10 37 46 698371 0.01033401 0.12187767 0.98529053
10 37 46 747726 0.01401901 0.12412262 0.98919487
10 37 46 796584 0.00988579 0.12262535 0.99239922
10 37 46 846085 0.01579857 0.11928558 0.99163246
10 37 46 902105 0.01976776 0.11953163 0.99075317
10 37 46 948380 0.02182007 0.11576653 0.99973106
10 37 46 997379 0.01892853 0.11320877 1.00586319
10 37 47 46616 0.01900291 0.11897469 1.00228882
10 37 47 96039 0.0207386  0.11861038 0.9946785 
10 37 47 149492 0.01922989 0.12173462 0.9931469 
10 37 47 204711 0.02123642 0.12429619 0.99441528
10 37 47 254556 0.02100563 0.12518883 0.98833656
10 37 47 305405 0.02478409 0.12287521 0.99241257
10 37 47 349991 0.01724434 0.12485313 0.98802948
10 37 47 398890 0.01787567 0.12235069 0.99097633
10 37 47 448325 0.01857567 0.12178421 0.98935318
10 37 47 497000 0.01646423 0.11862946 0.99307632
10 37 47 550262 0.01352119 0.11517525 0.9948101 
10 37 47 599647 0.01845741 0.11588669 0.99112129
10 37 47 649230 0.01783371 0.11539841 0.99060249
10 37 47 698037 0.01514244 0.11828995 0.99287033
10 37 47 749415 0.01314926 0.11894417 0.99841309
10 37 47 800120 0.01508522 0.11275101 1.0036602 
10 37 47 854776 0.01686096 0.12018967 1.00133705
10 37 47 898681 0.01961327 0.11792755 0.99555779
10 37 47 947690 0.02014351 0.12075233 0.99612999
10 37 47 997149 0.01864815 0.12194824 0.99518013
10 37 48 56266 0.01879883 0.11889076 0.99085045
10 37 48 105328 0.01775932 0.12269402 0.99111557
10 37 48 155627 0.02476311 0.12010765 0.99206924
10 37 48 203841 0.02002335 0.12493324 0.99437714
10 37 48 256124 0.0229435  0.12015724 0.99110413
10 37 48 300130 0.02226639 0.11996269 0.99217415
10 37 48 349282 0.02218819 0.12381172 0.99575043
10 37 48 398218 0.0207386  0.12525177 0.98742294
10 37 48 447638 0.01629257 0.12418175 0.99061966
10 37 48 500884 0.01867294 0.12068558 0.99270058
10 37 48 549890 0.01572037 0.1184597  0.9963131 
10 37 48 598839 0.0182457  0.11569786 0.9923954 
10 37 48 648121 0.01774025 0.10956573 0.99878883
10 37 48 697215 0.0202198  0.11388779 0.99473572
10 37 48 750807 0.01644897 0.1169529  0.99543381
10 37 48 800341 0.01828003 0.11772728 0.99675179
10 37 48 848928 0.01210403 0.11638451 0.99522591
10 37 48 897364 0.01399231 0.11524391 0.99433136
10 37 48 950985 0.01863861 0.11520004 0.99930191
10 37 49 5507 0.01818466 0.11927605 0.99139404
10 37 49 55907 0.01902771 0.12034416 0.99341583
10 37 49 99719 0.01422691 0.12068367 0.99990845
10 37 49 147963 0.01904678 0.12125397 0.99918365
10 37 49 200862 0.01737976 0.11671638 0.99930954
10 37 49 250323 0.02023506 0.11706352 0.99146652
10 37 49 306043 0.01920128 0.11606407 0.99201393
10 37 49 357311 0.02096558 0.11847305 0.98596764
10 37 49 409650 0.01691818 0.12332153 0.98914146
10 37 49 450885 0.01482391 0.12072372 0.99149513
10 37 49 500341 0.01787186 0.13045883 0.99276733
10 37 49 549654 0.01640129 0.12233543 0.99129677
10 37 49 598223 0.01847458 0.12498856 0.99200249
10 37 49 651959 0.01891136 0.12269783 0.98967934
10 37 49 700921 0.01590919 0.12478065 0.98910713
10 37 49 750036 0.01673317 0.12340736 0.99511147
10 37 49 798885 0.01690292 0.12220001 0.99020195
10 37 49 855746 0.01682472 0.12190628 0.99340248
10 37 49 902154 0.01621437 0.11603355 0.99027443
10 37 49 950643 5.72204590e-05 3.62546158e+00 1.41288967e+01
10 37 50 6103 0.01809502 0.1189537  0.99450874
10 37 50 53721 0.01833534 0.11747169 0.99202728
10 37 50 102191 0.02253914 0.12195778 0.98944092
10 37 50 151573 0.01675606 0.11766243 0.99843407
10 37 50 200575 0.01733398 0.1247921  0.99271011
10 37 50 254057 0.01656342 0.1169014  0.99519539
10 37 50 302788 0.01685905 0.11786461 0.99445724
10 37 50 357042 0.01722717 0.11885071 0.99181938
10 37 50 401193 0.01776695 0.12223434 0.99248695
10 37 50 450308 0.02005196 0.12092972 0.99297142
10 37 50 503599 0.01764107 0.12847519 0.99009895
10 37 50 552865 0.01913834 0.12290955 0.99149323
10 37 50 601641 0.01828957 0.12117577 0.99114227
10 37 50 656608 0.02000809 0.12628555 0.99647522
10 37 50 707163 0.02082062 0.12433052 0.99231148
10 37 50 759460 0.02067757 0.11843491 0.99296761
10 37 50 810498 0.01421165 0.12382126 0.99519348
10 37 50 851798 0.01947212 0.12118912 0.9919014 
10 37 50 901310 0.01962662 0.11941338 0.99340439
10 37 50 950349 0.02119827 0.12272453 0.99133301
10 37 51 3574 0.0159111  0.11770058 0.99316216
10 37 51 52530 0.02186394 0.12102699 0.99239159
10 37 51 101646 0.01544571 0.11676598 0.99332237
10 37 51 155049 0.0156517  0.12068939 0.99297333
10 37 51 204077 0.01773071 0.11979103 0.99239922
10 37 51 253308 0.0143261  0.12034416 0.99186325
10 37 51 302241 0.01940346 0.11946106 0.99720192
10 37 51 351534 0.01444817 0.12322998 0.99676132
10 37 51 404947 0.01639938 0.12081718 0.99399567
10 37 51 453793 0.01674652 0.11798096 0.99568367
10 37 51 503140 0.0174942  0.12363052 0.99520683
10 37 51 552169 0.01716995 0.11972809 0.99476242
10 37 51 605518 0.0171032  0.11798668 0.99630165
10 37 51 654376 0.01968956 0.11613846 0.99619484
10 37 51 703566 0.01682854 0.11823273 0.98698235
10 37 51 752819 0.01770782 0.11811066 0.99413872
10 37 51 802416 0.02059555 0.12335587 0.99098587
10 37 51 855299 0.01998329 0.1184597  0.9910984 
10 37 51 904554 0.01881599 0.11875153 0.99531174
10 37 51 954301 0.01717567 0.12301826 0.99620247
10 37 52 2664 0.01669884 0.11917305 0.99601936
10 37 52 55655 0.01679611 0.11869812 0.99641228
10 37 52 105141 0.01804733 0.12142372 0.99238014
10 37 52 154314 0.01261139 0.12019348 0.99695587
10 37 52 203175 0.01568031 0.12120056 0.99415588
10 37 52 256479 0.01780891 0.12068939 0.99147415
10 37 52 305733 0.01392174 0.12592125 0.98941422
10 37 52 354952 0.0152874  0.12330055 0.99283028
10 37 52 404044 0.01701546 0.12277985 0.99120522
10 37 52 453348 0.01722527 0.12180138 0.99102783
10 37 52 511586 0.0187912  0.12100601 0.9918499 
10 37 52 561106 0.01907921 0.12088585 0.99251366
10 37 52 610425 0.0210228  0.12146187 0.99355698
10 37 52 659832 0.01726151 0.11990929 0.99146461
10 37 52 708458 0.01726151 0.11937141 0.99292183
10 37 52 756067 0.02568626 0.1247406  0.99345016
10 37 52 805333 0.01257896 0.11772346 0.99606705
10 37 52 854612 0.02638626 0.11652756 0.99180412
10 37 52 903686 0.01521111 0.1165657  0.99311256
10 37 52 953195 0.01816177 0.12395859 0.98770523
10 37 53 6260 0.01840401 0.12085533 0.99221039
10 37 53 55425 0.02037048 0.12236023 0.9926815 
10 37 53 104453 0.01646233 0.12151337 0.99503326
10 37 53 153575 0.01910591 0.11989594 0.99669266
10 37 53 206978 0.0165329  0.11527824 0.99433517
10 37 53 262459 0.01798058 0.11802292 0.99645996
10 37 53 312646 0.01349449 0.11158562 0.99440002
10 37 53 354547 0.01415443 0.11785507 0.99700546
10 37 53 407489 0.01931953 0.12316132 0.9958992 
10 37 53 456795 0.02009392 0.11573982 0.99328041
10 37 53 505991 0.01538277 0.1174202  0.99527931
10 37 53 561750 0.02180672 0.11606407 0.99333572
10 37 53 609448 0.01711655 0.12272644 0.98749924
10 37 53 657220  8.58306885e-05 -9.99954033e+00  9.37887192e+00
10 37 53 706895 0.02030754 0.12311363 0.99793243
10 37 53 756070 0.01585007 0.12001419 0.99221611
10 37 53 804903 0.01563644 0.12481689 0.99250221
10 37 53 854195 0.01145172 0.11906815 0.99348831
10 37 53 914168 0.01602173 0.12049103 0.99244118
10 37 53 964569 0.01600456 0.11514854 0.99020386
10 37 54 5749 0.01665306 0.12597847 0.99743652
10 37 54 60293 0.01654625 0.11764526 0.99566269
10 37 54 112518 0.01689529 0.12065887 1.00178528
10 37 54 157228 0.01615143 0.1180954  0.99958038
10 37 54 206326 0.01673126 0.11888885 0.99272156
10 37 54 256545 0.01931572 0.11615562 0.9928894 
10 37 54 304710 0.01692772 0.11439896 0.99532318
10 37 54 363109 0.0166893  0.11568451 0.99070358
10 37 54 412543 0.01890373 0.1145401  0.99611092
10 37 54 456710 0.01831436 0.11816216 0.99274445
10 37 54 509137 0.0184536  0.1200428  0.99634361
10 37 54 558541 0.01780891 0.11784172 0.99371147
10 37 54 607792 0.02051544 0.11839294 0.99655914
10 37 54 657572 0.01839828 0.12109756 0.99408531
10 37 54 706002 0.02203369 0.11981964 0.99732971
10 37 54 759111 0.01686287 0.12095833 0.99526405
10 37 54 814208 0.01551437 0.1193428  0.9941349 
10 37 54 857692 0.0163269  0.1195488  0.99316788
10 37 54 906726 0.01337242 0.12317848 0.99201393
10 37 54 956080 0.01329994 0.12817955 0.988657  
10 37 55 8803 0.0140667  0.12001228 0.99398232
10 37 55 58295 0.01902771 0.1212883  0.99217224
10 37 55 107270 0.02004433 0.12474442 0.99609184
10 37 55 157235 0.01730728 0.11949539 0.98790932
10 37 55 209694 0.01868057 0.12635231 0.99506187
10 37 55 258919 0.01556206 0.1245079  0.99261475
10 37 55 308154 0.01780891 0.12413216 0.99277496
10 37 55 362665 0.01609612 0.1203537  0.98721313
10 37 55 406397 0.02011681 0.12154388 0.9944458 
10 37 55 459946 0.01968575 0.12607956 0.9893055 
10 37 55 508812 0.0214119  0.12281418 0.98971367
10 37 55 558131 0.01554871 0.12302208 0.98880768
10 37 55 607387 0.01861382 0.12352371 0.99382019
10 37 55 660274 0.01779366 0.11502647 0.99837303
10 37 55 719206 0.01537323 0.11447334 0.99699593
