10 18 51 214783 -0.00312233  0.09927368  1.03795242
10 18 51 217016  0.02571869 -0.01207352  0.96548653
10 18 51 236960 -0.02485847 -0.24110222  0.98092651
10 18 51 239623 -0.0512104  -0.1244297   1.03427315
10 18 51 242054 -0.02674675  0.04076958  0.99617195
10 18 51 302757 -5.72204590e-05 -1.45969391e-02  9.86957550e-01
10 18 51 353663 -0.0133934  -0.10495186  0.99269485
10 18 51 402675 -0.06497955 -0.12594795  0.97480583
10 18 51 454999 -0.05274582 -0.00923538  1.01986313
10 18 51 503519 0.01099777 0.08810425 1.00628662
10 18 51 550380  0.02105331 -0.08811951  0.98013878
10 18 51 602784 -0.03284836 -0.2129097   0.99933624
10 18 51 651510 -0.05265808 -0.07119942  1.00594521
10 18 51 719380 -0.02326775  0.02686119  1.00882912
10 18 51 768196 -0.01267052 -0.05932045  0.99408722
10 18 51 804364 -0.0345726  -0.10314941  0.98789024
10 18 51 853027 -0.0552845  -0.09236717  1.00525093
10 18 51 902734 -0.03301048  0.03220177  1.01468086
10 18 51 957173 0.01864052 0.04078102 1.00411034
10 18 52 16819 -0.00454521 -0.13383675  1.00667191
10 18 52 91786 -0.06167603 -0.18434906  1.02911949
10 18 52 167225 -0.05736542 -0.00218964  0.9910984 
10 18 52 225703 5.20133972e-03 1.22070312e-04 9.84308243e-01
10 18 52 238931  1.67846680e-04 -7.24353790e-02  1.02283478e+00
10 18 52 252624 -0.04831886 -0.10716629  0.98122215
10 18 52 304000 -0.06382942 -0.05088997  0.99161148
10 18 52 352528 -0.01615524  0.05989456  1.03927994
10 18 52 404336  0.01886177 -0.04514885  0.99181557
10 18 52 454017 -0.025177   -0.18673515  1.00498962
10 18 52 502387 -0.04571342 -0.09687614  1.02780151
10 18 52 554398 -0.03548622  0.00154495  0.9755764 
10 18 52 604034  0.003479   -0.03158188  0.98967552
10 18 52 655594 -0.01061249 -0.09155655  1.00309944
10 18 52 703281 -0.0614624  -0.10818863  0.98818588
10 18 52 750894 -0.05793953  0.01300812  1.01520157
10 18 52 802832 -0.00517082  0.03453636  0.99454308
10 18 52 852456  0.01404762 -0.12263298  0.99608421
10 18 52 903303 -0.03598595 -0.16634941  1.03796196
10 18 52 952589 -0.05001068 -0.0280571   0.99345779
10 18 53 10031 -0.02689934 -0.01391983  0.9833374 
10 18 53 53180 -0.00505638 -0.07170868  0.99262619
10 18 53 102420 -0.03095245 -0.09405899  0.99103546
10 18 53 154192 -0.06435013 -0.08380318  1.01258469
10 18 53 203444 -0.03623009  0.05669403  1.01672363
10 18 53 255038 0.01395798 0.03616524 0.98470497
10 18 53 304576 -0.00102234 -0.19579124  1.00431061
10 18 53 350713 -0.04818726 -0.1830864   1.03567886
10 18 53 402377 -0.04933357  0.00790024  0.97908211
10 18 53 451809 -0.01106644 -0.0137825   0.9931469 
10 18 53 503985  1.77383423e-04 -8.90293121e-02  1.00006485e+00
10 18 53 553057 -0.04655266 -0.12735176  0.96545219
10 18 53 604769 -0.05933571 -0.04047775  1.00433159
10 18 53 655032 -0.00286293  0.06808472  1.00504684
10 18 53 701819  0.02655411 -0.05880165  0.97469711
10 18 53 754891 -0.02589035 -0.19878006  1.00664902
10 18 53 805394 -0.0489521  -0.0862484   1.04478264
10 18 53 857660 -0.02139854  0.0113163   0.97926903
10 18 53 905218 -0.00223541 -0.03924561  0.99269104
10 18 53 951761 -0.01330757 -0.08921814  1.0001564 
10 18 54 9925 -0.06535149 -0.11572838  0.98568344
10 18 54 51465 -0.05364799  0.0145359   1.02137947
10 18 54 103035 0.0018158  0.03984642 0.98788261
10 18 54 152753  0.01359177 -0.11127281  0.99835205
10 18 54 203876 -0.04836845 -0.17961311  1.01230812
10 18 54 253591 -0.05692673 -0.04942131  0.98414612
10 18 54 302312 -0.0163784  -0.00866127  1.00607872
10 18 54 354286 -0.00148392 -0.07054329  1.01625824
10 18 54 406104 -0.02754211 -0.09932899  0.96719742
10 18 54 454907 -0.06356049 -0.08992958  0.9970932 
10 18 54 503179 -0.022295    0.04838181  1.01933289
10 18 54 551416 0.020504   0.04550743 0.99450874
10 18 54 603298  0.00521278 -0.16635513  0.97613335
10 18 54 651425 -0.05361748 -0.19963074  1.01080513
10 18 54 708374 -0.04981232 -0.00371552  1.01019096
10 18 54 752544 -0.00337601 -0.00304985  0.98030663
10 18 54 803987 -0.00992966 -0.09272003  1.00831413
10 18 54 853765 -0.04773712 -0.11488342  0.96527481
10 18 54 902387 -0.06788445 -0.0636158   1.00640297
10 18 54 953495 -0.02087402  0.07754135  1.03502846
10 18 55 5914  0.02099609 -0.00355339  0.97057915
10 18 55 56394 -0.00853348 -0.1981411   0.99024773
10 18 55 103240 -0.05496979 -0.14603615  1.03294945
10 18 55 150709 -0.04164505  0.00643539  0.99171829
10 18 55 203832  0.00136185 -0.01781654  1.00719643
10 18 55 251875 -0.00938797 -0.08872986  1.0056076 
10 18 55 317488 -0.05377579 -0.12546539  0.96389198
10 18 55 376965 -0.05897522 -0.02524757  1.00778198
10 18 55 425532 0.00424385 0.11304092 1.02085686
10 18 55 472340  0.03004646 -0.07076263  0.96213722
10 18 55 527226 -0.04372978 -0.25658798  0.99635124
10 18 55 582541 -0.06225204 -0.08372307  1.02385902
10 18 55 628115 -0.02603531  0.03903008  0.99271965
10 18 55 654206 -0.00128365 -0.04234505  1.01322365
10 18 55 703171 -0.02071571 -0.11133575  0.96943283
10 18 55 750760 -0.07019043 -0.10898781  0.98752213
10 18 55 802549 -0.04794121  0.0368309   1.01655197
10 18 55 852578 0.01359177 0.05610466 1.00327682
10 18 55 903316  0.00592804 -0.16319275  0.98051453
10 18 55 951649 -0.0552845  -0.19881248  1.01597404
10 18 56 9186 -0.05195427 -0.00359154  0.9968853 
10 18 56 53591 -0.00429344 -0.00389099  0.98075104
10 18 56 102463 -0.00436974 -0.08441925  1.01495552
10 18 56 154315 -0.05412483 -0.12991905  0.96589661
10 18 56 203218 -0.06245804 -0.02792168  1.00887299
10 18 56 255196 -0.00358963  0.07913399  1.01744461
10 18 56 304459  0.02274513 -0.06613541  0.97280312
10 18 56 351721 -0.02693367 -0.20009995  1.01879311
10 18 56 402753 -0.05098724 -0.07221794  1.03655243
10 18 56 451575 -0.03133392  0.01232338  0.98793411
10 18 56 503702  6.27517700e-04 -4.63199615e-02  9.95479584e-01
10 18 56 553268 -0.02159309 -0.107481    0.99484634
10 18 56 605231 -0.06436157 -0.09633064  1.00366592
10 18 56 688929 -0.04462433  0.05905342  1.00490761
10 18 56 761972 0.01340866 0.05669975 0.97732162
10 18 56 815788  8.90731812e-04 -1.99438095e-01  9.91945267e-01
10 18 56 862002 -0.05675697 -0.18705559  1.04680824
10 18 56 897293 -0.04358864  0.01436806  0.99343872
10 18 56 935485 -0.00195694  0.00232315  0.99623299
10 18 56 973411 -0.00721741 -0.09999275  1.00349236
10 18 57 32165 -0.0653038  -0.13733292  0.97616386
10 18 57 68243 -0.05891228 -0.01418304  1.01992798
10 18 57 136160 -0.00755882  0.05721474  1.00557327
10 18 57 176069  0.03583527 -0.09242249  0.97495461
10 18 57 218852 -0.0360527  -0.17226982  1.01861191
10 18 57 279481 -0.03867912 -0.04331017  1.05354118
10 18 57 330621 -0.01621819  0.00250816  0.98611069
10 18 57 383212 -0.01442337 -0.07201195  0.9849472 
10 18 57 427086 -0.02947235 -0.11698914  0.97963333
10 18 57 490836 -0.03923225  0.07066917  1.01646614
10 18 57 506459 0.01385307 0.03240395 0.97671509
10 18 57 552865  0.1249752  -2.00079155 -5.99608612
10 18 57 604460 -0.05316162 -0.16070938  1.03806114
10 18 57 652327 -0.04776382  0.0214653   0.98309517
10 18 57 703169 -1.99127197e-03 -2.73246765e-02 -1.36249905e+01
10 18 57 752857 -0.01280022  0.08475304  1.03622055
10 18 57 804472 -0.01198196 -0.03889656  0.93442726
10 18 57 852825 -0.04969215 -0.20389175  0.93347168
10 18 57 901749 -5.33428192e-02  9.91821289e-05  1.07482338e+00
10 18 57 954539 0.02946663 0.15738869 1.07059097
10 18 58 7277  0.02417374 -0.12637901  0.91338158
10 18 58 56647 -0.04653931 -0.25410843  0.95540237
10 18 58 103902 -0.03131485  0.00866318  1.07015991
10 18 58 152185 0.02620125 0.05918503 1.06512833
10 18 58 202443 -0.04466057 -0.17015648  0.9580822 
10 18 58 253145 -0.08550453 -0.097229    0.94692993
10 18 58 302979 0.01305962 0.18971252 1.05814362
10 18 58 353099  0.05923271 -0.08489227  0.98402214
10 18 58 403503 -0.05537033 -0.27098846  0.99497032
10 18 58 453666 -0.04903221  0.00922966  0.96533394
10 18 58 501931 0.0353508  0.10260201 1.04531097
10 18 58 555107 -0.0247364  -0.19450569  1.04763985
10 18 58 605101 -0.08026505 -0.03151512  0.97538376
10 18 58 656204 0.03219414 0.16813278 0.95351601
10 18 58 702436  0.06457138 -0.17709923  1.04660225
10 18 58 750146 -0.06327438 -0.19934082  1.05827332
10 18 58 801910 -0.03973579  0.06228447  0.91288567
10 18 58 851576 -0.01213837 -0.06809807  0.99346161
10 18 58 902489 -0.06423759 -0.06264114  1.12128258
10 18 58 953868 0.03598595 0.16643143 0.96990776
10 18 59 12722  0.06963539 -0.17416382  0.92378616
10 18 59 49035 -0.05128479 -0.21152496  1.10613441
10 18 59 102162 -0.04859734  0.07744789  0.92352486
10 18 59 153415 -0.04129601 -0.10591698  0.94556618
10 18 59 202417 -0.03930283 -0.02915573  1.06196785
10 18 59 255414 0.07211685 0.03622627 0.93691063
10 18 59 304090  0.05560493 -0.20067596  1.09054756
10 18 59 349937 -0.02062416 -0.02833748  1.06719398
10 18 59 401684 -0.06689835  0.00130081  0.86801529
10 18 59 451385 -0.06384277 -0.07982063  1.01901436
10 18 59 502714 0.06711197 0.03113365 0.99096298
10 18 59 552791  0.05721664 -0.1510067   0.97668457
10 18 59 604237  9.09805298e-04 -5.15689850e-02  1.08160591e+00
10 18 59 653571 -0.06171799  0.0342083   0.97082329
10 18 59 701279 -0.07718468 -0.10987091  0.97563744
10 18 59 755767  0.08116913 -0.01895332  0.94031906
10 18 59 803050  0.0821991  -0.08044052  0.98523331
10 18 59 855448  0.00554466 -0.01309395  1.08031464
10 18 59 903862 -0.11268616 -0.04362488  0.97097015
10 18 59 950097 -0.07782173 -0.06984329  0.96314049
10 19 0 10429  0.11806679 -0.03481865  0.96668053
10 19 0 51112  0.11268234 -0.07167435  1.07628059
10 19 0 102491 -0.03362846  0.02769089  1.06507301
10 19 0 152425 -0.13250542 -0.08531952  0.89086151
10 19 0 203197 -0.02490807 -0.09180641  0.97068787
10 19 0 253730  0.16146278 -0.05683708  0.97897339
10 19 0 302286 0.08188057 0.00838852 1.11692429
10 19 0 355802 -0.08308983  0.01553154  1.01686478
10 19 0 403315 -0.10915375 -0.11896706  0.92877007
10 19 0 454538  0.06506538 -0.09104919  0.9713974 
10 19 0 503482  0.13306808 -0.0725193   1.05138016
10 19 0 550318 0.01003456 0.06063843 1.08758736
10 19 0 602816 -0.14455414 -0.08540344  0.91458511
10 19 0 651035 -0.03727913 -0.08939171  0.93706131
10 19 0 707802  0.14129829 -0.10899353  1.02703285
10 19 0 753759 0.09223938 0.07310867 1.0920372 
10 19 0 803191 -0.09617615  0.00843811  0.99127388
10 19 0 852439 -0.11976624 -0.12881088  0.95472336
10 19 0 901600  0.10775566 -0.13391685  0.90240288
10 19 0 957931 0.17437172 0.00748444 1.10032463
10 19 1 5648 -0.03005791  0.10170937  1.13081932
10 19 1 55353 -0.14264679 -0.11922836  0.87793159
10 19 1 103233  0.05789185 -0.17101669  0.90097809
10 19 1 156211  0.14736938 -0.06497383  1.18163681
10 19 1 201989 0.02924347 0.14187431 1.09755135
10 19 1 252751 -0.16197014 -0.07843018  0.90652657
10 19 1 302485  0.03277969 -0.18759918  0.87812424
10 19 1 352174  0.12213516 -0.07906342  1.25882149
10 19 1 403393 0.05339432 0.17699432 1.10030937
10 19 1 452683 -0.14942551 -0.05247498  0.91109657
10 19 1 501712  0.02718925 -0.17997932  0.87130928
10 19 1 553714  0.11728668 -0.10777855  1.22339249
10 19 1 603176 0.08717155 0.16668892 1.10083771
10 19 1 654371 -0.1509304  -0.06727219  0.93374062
10 19 1 702181  0.03670311 -0.20706367  0.87918091
10 19 1 750001  0.13094139 -0.07252693  1.13720512
10 19 1 801561 0.05443573 0.18092728 1.10344887
10 19 1 851010 -0.12313843 -0.07925224  0.93827248
10 19 1 902436  0.06893921 -0.24130821  0.8668499 
10 19 1 953760 0.13942146 0.0065403  1.2019577 
10 19 2 10459 0.01678467 0.18965912 1.10265541
10 19 2 60470 -0.09200478 -0.1192627   0.92674255
10 19 2 130139  0.10068893 -0.24613571  0.86334991
10 19 2 183285 0.11487198 0.08890915 1.10473824
10 19 2 213064 -0.06877518  0.10745621  1.06219292
10 19 2 254888 -0.0273056  -0.1817112   0.87462807
10 19 2 303664  0.09944534 -0.16379166  0.95013237
10 19 2 353857 0.0528965  0.13879013 1.05345154
10 19 2 404707 -0.08421516 -0.00746727  1.01344872
10 19 2 452007  0.07149887 -0.24572182  0.84571457
10 19 2 503214 0.14810753 0.02951241 1.15355301
10 19 2 553533 0.01274872 0.17729378 1.01268768
10 19 2 604444 -0.05846405 -0.19513321  0.98103142
10 19 2 653452  0.08421898 -0.23593521  0.84115028
10 19 2 700474 0.08722115 0.17790031 1.10766029
10 19 2 753773 -0.05089378  0.04006958  0.98264313
10 19 2 802385  0.06363297 -0.31572914  0.90112877
10 19 2 855167 0.13424683 0.06570816 1.0927372 
10 19 2 903878 0.03213501 0.22372437 1.03083992
10 19 2 950903  0.00611305 -0.20506859  0.97302818
10 19 3 9684  0.04463768 -0.25883675  0.92669296
10 19 3 51704 0.05681801 0.1914196  1.0355072 
10 19 3 103377 -0.03028679 -0.01332664  0.93936348
10 19 3 153630  0.07654572 -0.33833504  0.88533211
10 19 3 204349 0.09715843 0.16075516 1.12166786
10 19 3 252803 0.01726913 0.21930504 1.0058918 
10 19 3 301597  0.08538628 -0.26430893  0.95379448
10 19 3 355321  0.09180641 -0.07799911  1.02628899
10 19 3 403251 0.02179527 0.22308731 1.01800346
10 19 3 456593  0.06579018 -0.33470345  0.90589905
10 19 3 505186 0.04955864 0.20761299 1.07156754
10 19 3 550302 -0.00232124  0.0472374   0.93516159
10 19 3 602724  0.09897995 -0.35509872  0.98509598
10 19 3 651627 0.09135818 0.15631294 1.09670067
10 19 3 704140  0.02339935  0.19529724 -1.27381897
10 19 3 752706 -0.02849579 -0.17450523  0.72309494
10 19 3 804006  0.10021591 -0.39165306  1.65735054
10 19 3 853575 0.06889153 0.22522163 0.96790886
10 19 3 901702  0.02571487 -0.3019886   0.56040764
10 19 3 953542  0.22630882 -0.23641586  1.10116768
10 19 4 6434 0.07247353 0.26125717 1.20374107
10 19 4 54679  0.14473724 -0.40866089  0.71616745
10 19 4 103926 0.0130558  0.03876495 1.08789635
10 19 4 150538 0.04517365 0.0053215  0.80486488
10 19 4 201826  0.11988258 -0.61533165  1.44258881
10 19 4 250898 0.0677433  0.12221718 0.9941864 
10 19 4 303277 -0.00274849 -0.26050949  0.66358185
10 19 4 352285  0.24671173 -0.21870613  1.16402626
10 19 4 403470 0.03993607 0.28972816 1.16144753
10 19 4 452653  0.09045792 -0.38311577  0.65005875
10 19 4 501640  0.06544876 -0.05727959  1.22811317
10 19 4 554251 0.11207199 0.1223278  1.00432777
10 19 4 604753  0.12869835 -0.51562881  1.07981682
10 19 4 655097 0.05894852 0.07697868 1.0188427 
10 19 4 703198  0.02206802 -0.21531105  0.71386337
10 19 4 751839  0.14743233 -0.13107872  1.33833885
10 19 4 824866 0.05931854 0.25188065 1.02761078
10 19 4 869938  0.06276131 -0.34029961  0.53396416
10 19 4 903222  0.15357971 -0.10805511  1.09891129
10 19 4 951885 0.07751656 0.1771965  1.17888451
10 19 5 9809  0.1328373  -0.39043427  0.71151924
10 19 5 55133 -0.02160263  0.05549812  1.01044273
10 19 5 101779  0.04792213 -0.12218666  0.67850685
10 19 5 153783  0.09319496 -0.37637138  1.72615814
10 19 5 203332 0.04613876 0.20492744 0.97740364
10 19 5 254815  0.05780602 -0.33390427  0.50333405
10 19 5 303824  0.2171936  -0.18502426  1.08083344
10 19 5 350803 0.05443573 0.25127029 1.17719269
10 19 5 401917  0.12924385 -0.42852211  0.71730995
10 19 5 453400 -0.02008247  0.05436516  1.06223679
10 19 5 502494  0.05456352 -0.10536766  0.68122673
10 19 5 554267  0.11154938 -0.43397713  1.75264931
10 19 5 604696 0.04401588 0.21101761 0.99167061
10 19 5 652700  0.05414009 -0.34161377  0.53275108
10 19 5 701685  0.224823   -0.19165611  1.104599  
10 19 5 754251 0.06918716 0.29742622 1.18618584
10 19 5 803265  0.15538788 -0.42304039  0.69044495
10 19 5 856039 -0.01470947  0.05287361  1.16305733
10 19 5 904611  0.06280136 -0.05295372  0.73524284
10 19 5 951005  0.11437035 -0.54255104  1.86286163
10 19 6 9236 0.07752037 0.17938805 0.97236443
10 19 6 51295  0.05569458 -0.32345581  0.57312965
10 19 6 103455  0.24587631 -0.17102432  1.15770149
10 19 6 152434 0.04721832 0.25864029 1.12417221
10 19 6 205011  0.12942505 -0.42738724  0.63924789
10 19 6 252633  0.01889801 -0.03583717  1.20025826
10 19 6 301773  0.07696915 -0.00764275  0.85078049
10 19 6 369838  0.09446907 -0.60529137  1.40010643
10 19 6 429604 0.05899811 0.11124039 0.97229004
10 19 6 455636  0.05742836 -0.33151436  0.5997448 
10 19 6 504009  0.24012375 -0.1344223   1.2352066 
10 19 6 551342 0.03741837 0.27681351 1.10388565
10 19 6 603683  0.14209747 -0.43321419  0.62944031
10 19 6 652058  0.02264786 -0.04354668  1.2106266 
10 19 6 705448 0.06554031 0.04611588 0.89817238
10 19 6 752989  0.10900307 -0.50379372  1.17443466
10 19 6 804754 0.06605339 0.10274124 0.99365234
10 19 6 852966  0.04890823 -0.32632828  0.63593674
10 19 6 902028  0.25516891 -0.18691063  1.25531387
10 19 6 954825 0.03560448 0.2857933  1.14888191
10 19 7 6675  0.16195679 -0.44941711  0.6743927 
10 19 7 55303  0.0288372  -0.05150032  1.22963524
10 19 7 103763  5.54561615e-02 -8.83102417e-04  9.41301346e-01
10 19 7 150255  0.08151436 -0.61605644  1.40981865
10 19 7 202113 0.05369949 0.1100769  0.97974968
10 19 7 251899  0.05658531 -0.31274986  0.61005211
10 19 7 302783  0.23258018 -0.17208099  1.23142815
10 19 7 355591 0.04796028 0.25457191 1.0967865 
10 19 7 403578  0.14367676 -0.44594574  0.65525627
10 19 7 453012 -0.00293159 -0.03741455  1.17627716
10 19 7 502978  0.04646492 -0.04390335  0.82587242
10 19 7 554217  0.0767746  -0.57845497  1.39570236
10 19 7 604295 0.07801437 0.12792969 0.95469284
10 19 7 653450  0.0424633  -0.32847404  0.61751366
10 19 7 713353  0.26278114 -0.16887283  1.19801331
10 19 7 750736 0.04558372 0.29598999 1.1595192 
10 19 7 801695  0.15180397 -0.41780853  0.66838837
10 19 7 851596  0.00903893 -0.03522873  1.19394875
10 19 7 902800  0.042593   -0.04641342  0.82297516
10 19 7 952101  0.09893608 -0.58694649  1.47662926
10 19 8 4650 0.08751488 0.13730431 0.95300484
10 19 8 52909  0.04039192 -0.32338524  0.63959885
10 19 8 100811  0.242836   -0.06488228  1.23561668
10 19 8 152825 0.08716774 0.27138901 1.12234879
10 19 8 203044  0.13206482 -0.44724464  0.67501831
10 19 8 253626 -0.020401   -0.00211334  1.15182114
10 19 8 302725  0.04101372 -0.073349    0.80251503
10 19 8 350704  0.07845879 -0.58896065  1.69913864
10 19 8 403027 0.05431557 0.18905067 0.94200325
10 19 8 451432  0.04118347 -0.34219742  0.57381248
10 19 8 502926  0.24828911 -0.1061039   1.17421913
10 19 8 552131 0.08280182 0.26595879 1.14492035
10 19 8 607504  0.13850784 -0.45000076  0.70046997
10 19 8 652849 -0.03195     0.01564217  1.13859558
10 19 8 701050  0.04372597 -0.06703949  0.7319622 
10 19 8 752955  0.06624031 -0.62268066  1.72950172
10 19 8 801920 0.04636574 0.14909744 0.9322319 
10 19 8 854620  0.05550575 -0.33805656  0.54192924
10 19 8 902663  0.24171257 -0.13028526  1.1631546 
10 19 8 950486 0.06956482 0.26912117 1.15411758
10 19 9 9739  0.12822151 -0.44881821  0.66170502
10 19 9 51247 -0.01709557 -0.0233593   1.14997482
10 19 9 103188  0.01065063 -0.08864212  0.82037354
10 19 9 152276  0.11440849 -0.56326103  1.72992706
10 19 9 203650 0.04615974 0.1895256  0.98945427
10 19 9 254173  0.0616436  -0.34610176  0.58688164
10 19 9 302697  0.24543762 -0.0935936   1.15981483
10 19 9 353092 0.09380341 0.26625633 1.12010574
10 19 9 401756  0.11758995 -0.4461441   0.69797325
10 19 9 456721  0.01172638 -0.11896896  0.68504906
10 19 9 502823  0.10919189 -0.51687431  1.74882317
10 19 9 549916  1.27792358e-04 -1.28742809e+01 -1.16211720e+01
10 19 9 602442  0.08516121 -0.36740303  0.5382328 
10 19 9 651205  0.23310089 -0.06089401  1.1073494 
10 19 9 702710   0.11415482   0.23244095 -13.50000572
10 19 9 752601  0.17778397 -0.54182243  0.59456635
10 19 9 803959 -0.12273788  0.08372498  0.96299171
10 19 9 855479  0.10203552 -0.27157593  0.5013752 
10 19 9 901655 0.28928757 0.03059959 1.31757545
10 19 9 954692 0.07630157 0.3372612  1.24831772
10 19 10 6457  0.19769478 -0.54561806  0.57479477
10 19 10 54523 -0.08635902  0.07404709  0.94052887
10 19 10 105290  0.10618782 -0.23840904  0.52426529
10 19 10 150263 0.23846626 0.0978756  1.35003662
10 19 10 202601 0.06271935 0.32059479 1.20995522
10 19 10 251837  0.17874718 -0.55035973  0.49639702
10 19 10 302528 -0.07064629  0.0179348   0.99547958
10 19 10 352837  0.11658669 -0.23406982  0.58608055
10 19 10 404338 0.24326897 0.11194611 1.39167023
10 19 10 453114 0.07202911 0.29945946 1.21406364
10 19 10 502139  0.18806267 -0.55751038  0.49801826
10 19 10 554684 -0.07112122 -0.02382851  0.98604012
10 19 10 629454  0.10650253 -0.22953606  0.59020615
10 19 10 678219 0.24012566 0.10995674 1.41460037
10 19 10 722344 0.0633049  0.28195572 1.16279411
10 19 10 768424  0.2023201  -0.55628586  0.4376545 
10 19 10 822657 -0.0960598  -0.05887032  0.99367714
10 19 10 851377  0.1152916  -0.26730156  0.57041359
10 19 10 903284 0.27133942 0.14458084 1.44919205
10 19 10 952374 0.0943718  0.27541161 1.17127228
10 19 11 10363  0.18245506 -0.56079102  0.45799446
10 19 11 53038 -0.11865044 -0.00563812  0.98300552
10 19 11 101867  0.12246704 -0.27670097  0.57916069
10 19 11 155623 0.27500916 0.08734512 1.391222  
10 19 11 203192 0.0928936  0.26581764 1.16323853
10 19 11 254595  0.15729523 -0.56501579  0.51422882
10 19 11 303586 -0.13457108  0.03939629  0.96627998
10 19 11 350923  0.14717102 -0.257967    0.55088425
10 19 11 402234 0.28322029 0.01878166 1.37091064
10 19 11 450380 0.09866905 0.24086761 1.18342781
10 19 11 502997  0.15317726 -0.55764198  0.53142738
10 19 11 551099 -0.14790535  0.08503914  0.94315147
10 19 11 604726  0.13665009 -0.29654884  0.51796532
10 19 11 656062 0.28715706 0.01337814 1.35165977
10 19 11 701176 0.12663269 0.26447296 1.21338844
10 19 11 752258  0.1281929  -0.56990433  0.58786011
10 19 11 803423 -0.09729958  0.09539986  0.9783783 
10 19 11 856338  0.13559532 -0.33329201  0.49874878
10 19 11 903026  0.26790237 -0.04087639  1.19895363
10 19 11 949946 0.14464951 0.2483902  1.19212914
10 19 12 9765  0.10914993 -0.61216164  0.73461342
10 19 12 51600 -0.09352303  0.11846542  1.05652809
10 19 12 103829  0.17459106 -0.40395164  0.45718575
10 19 12 152296 0.21914482 0.00565147 1.10309601
10 19 12 203859 0.13274765 0.19061279 1.2015686 
10 19 12 252977  0.10432053 -0.79489708  1.31926346
10 19 12 300949 -0.04709816  0.14802933  1.08442116
10 19 12 354194  0.21300888 -0.42550468  0.44437218
10 19 12 403135 0.09441566 0.01072311 1.11712456
10 19 12 455761 0.07639694 0.07450104 1.1873455 
10 19 12 505900  0.15764999 -0.59744644  1.93099403
10 19 12 549465 -0.00540733  0.2113018   1.03408432
10 19 12 601782  0.20212364 -0.45882797  0.36260033
10 19 12 650592 -0.01862526 -0.07681847  1.19065285
10 19 12 701756  0.08205223 -0.11246109  0.98727798
10 19 12 751444 0.16851807 0.04265022 1.63741112
10 19 12 803318 0.08313942 0.25093842 1.01918411
10 19 12 852460  0.20620346 -0.50743675  0.42077255
10 19 12 902739 -0.13312531 -0.01264381  0.96542549
10 19 12 953858  0.13697815 -0.27532387  0.66482353
10 19 13 5106 0.2817955  0.14700508 1.4103756 
10 19 13 54003 0.17736816 0.2152462  1.08904457
10 19 13 103872  0.1361599  -0.56680298  0.54517555
10 19 13 149792 -0.15053749  0.13838768  0.96072006
10 19 13 202392  0.17669487 -0.36044502  0.45916367
10 19 13 255816  0.22518349 -0.01992607  1.18717766
10 19 13 303120 0.12169075 0.14293861 1.16104126
10 19 13 351335  0.09030342 -0.82970428  1.43618011
10 19 13 403440 -0.0290432   0.17216492  1.04774475
10 19 13 455531  0.22180939 -0.45985794  0.45425987
10 19 13 502034  0.07348442 -0.06518555  1.18929291
10 19 13 555146  0.07299614 -0.07495308  1.04568863
10 19 13 602818  0.15444374 -0.0123558   1.61587524
10 19 13 654532 0.06587219 0.22134399 1.08860016
10 19 13 702138  0.22569084 -0.53243446  0.43222427
10 19 13 749659 -0.13300133  0.02814293  0.9493618 
10 19 13 801790  0.17507362 -0.26108932  0.59448433
10 19 13 851275 0.29250336 0.08364296 1.41977882
10 19 13 904114 0.18752861 0.23305511 1.08346367
10 19 13 951250  0.09330368 -0.5955143   0.57946777
10 19 14 31965 -0.14581299  0.16865349  1.02318954
10 19 14 76151  0.20000648 -0.4060688   0.46816063
10 19 14 118995 0.18005753 0.01051712 1.12638855
10 19 14 177682 0.17493057 0.11856079 1.10381699
10 19 14 217099  0.06057739 -0.68274307  1.89531136
10 19 14 271665 -0.00213814  0.20701218  1.07297325
10 19 14 324145  0.24213219 -0.45473289  0.40389442
10 19 14 365695 -0.02606773 -0.1174984   1.14201736
10 19 14 412240  0.09794426 -0.24706459  0.78997421
10 19 14 463869 0.21526146 0.21351051 1.44735146
10 19 14 518008 0.16804314 0.19610023 0.96346283
10 19 14 574739  0.14560509 -0.5398407   0.48501778
10 19 14 624576 -0.16908264  0.15421295  0.97181129
10 19 14 672971  0.18836975 -0.36533928  0.53960037
10 19 14 718182  0.22719574 -0.00468445  1.16353226
10 19 14 761753 0.15015602 0.12002563 1.08496284
10 19 14 819252  0.03415298 -0.76162148  1.77651024
10 19 14 871915 0.02807617 0.16912842 1.01127625
10 19 14 919372  0.22696495 -0.46153259  0.44408035
10 19 14 963987 -0.01535416 -0.09815407  1.28525925
10 19 15 8725  0.08355713 -0.17400742  0.86133766
10 19 15 50620 0.23071861 0.19913483 1.38766479
10 19 15 102764 0.11941338 0.20148659 1.08900833
10 19 15 152468  0.16358566 -0.5541172   0.50145721
10 19 15 203057 -0.17843246  0.11276436  0.84683418
10 19 15 253248  0.1881752  -0.36091995  0.52525139
10 19 15 302878  0.24435043 -0.00810051  1.30339622
10 19 15 355302 0.19576073 0.16891861 1.06102371
10 19 15 403111  0.03556442 -0.83699036  1.59638977
10 19 15 456288  0.21028137 -0.45110893  0.48381042
10 19 15 503915 -0.01277351 -0.08294106  1.16377449
10 19 15 551068  4.52041626e-04 -4.87575150e+00 -1.52467384e+01
10 19 15 602719 0.13695908 0.15808105 1.51121902
10 19 15 651714 0.11922073 0.18284988 1.0039711 
10 19 15 702050   0.18798256  -0.54197311 -13.50013924
10 19 15 752010 -0.0339222  -0.49902916  1.74485397
10 19 15 803222 0.14120674 0.0983181  1.01050186
10 19 15 852383  0.08382416 -0.46610832  0.62633324
10 19 15 901748 -0.03834724  0.14778709  1.0463829 
10 19 15 953895  0.14836502 -0.41308975  0.75667   
10 19 16 5914 -0.13139343  0.06431389  0.99738312
10 19 16 54418  0.24983978 -0.31844521  0.59614563
10 19 16 103296 0.07966995 0.08507919 1.27214432
10 19 16 150127  0.23174667 -0.22737312  0.77057648
10 19 16 201951 0.18988609 0.12248802 1.30428696
10 19 16 251640 0.29636002 0.06295204 0.81975365
10 19 16 302537 0.04883957 0.0857811  1.47927094
10 19 16 352347 0.223032   0.18938637 0.95394707
10 19 16 403574  0.05492592 -0.63604927  0.94693565
10 19 16 453624 0.03232384 0.12183762 1.1410408 
10 19 16 501456  0.15071297 -0.42281532  0.74127007
10 19 16 553715 -0.15960884  0.1997757   0.99446678
10 19 16 603303  0.21016312 -0.33171844  0.66427803
10 19 16 655606 0.00200844 0.00288391 1.26857948
10 19 16 702330  0.2320118  -0.28348351  0.69498444
10 19 16 750620 0.1289444  0.08646584 1.19437218
10 19 16 802031  0.26389694 -0.11130905  0.9357357 
10 19 16 851169 0.1073494  0.14840317 1.34815407
10 19 16 902596 0.27415085 0.19002151 0.84267616
10 19 16 952092  0.04319572 -0.31392097  1.58809471
10 19 17 9378 0.15801048 0.14704132 0.97521973
10 19 17 52904  0.06490517 -0.44116783  0.60651588
10 19 17 101620 -0.05154991  0.18071938  1.00590706
10 19 17 153775  0.17055321 -0.38140678  0.74936104
10 19 17 202473 -0.18740654  0.16190529  0.99513435
10 19 17 254651  0.28175926 -0.30070496  0.5787735 
10 19 17 303114 0.02850151 0.09591484 1.30694008
10 19 17 351095  0.23257828 -0.25134659  0.81985283
10 19 17 401824 0.13793945 0.07188797 1.24258423
10 19 17 451968  0.30078125 -0.00553703  0.90935326
10 19 17 503512 0.06264305 0.18298149 1.43822861
10 19 17 552863 0.26832581 0.1943512  0.88307571
10 19 17 603685  0.00388908 -0.615345    1.28684235
10 19 17 653232 0.15031052 0.11355782 1.0515461 
10 19 17 708498  0.09836769 -0.40898132  0.64849663
10 19 17 770197 -0.13533783  0.20324326  0.90049934
10 19 17 826029  0.20628929 -0.39334679  0.70125389
10 19 17 873864 -0.1564846   0.06749725  1.11273575
10 19 17 922219  0.29485893 -0.29348946  0.50983429
10 19 17 970624 0.0639801  0.08832741 1.20640373
10 19 18 19666  0.22794533 -0.25366402  0.86944962
10 19 18 51636 0.14813042 0.13404846 1.29055023
10 19 18 103306 0.32941055 0.12460899 0.85944557
10 19 18 155747 -0.03209686 -0.06087685  1.77897072
10 19 18 203540 0.25467682 0.17358971 0.8769455 
10 19 18 252919  0.0369072  -0.54888344  0.80528641
10 19 18 301697 0.08740616 0.08938599 1.06901169
10 19 18 353976  0.1047039  -0.44472122  0.65145111
10 19 18 403215 -0.2311573   0.11286545  0.84745216
10 19 18 454330  0.26325035 -0.34643555  0.52164459
10 19 18 504395 -0.05034447  0.07303429  1.27457047
10 19 18 551140  0.25529099 -0.27472878  0.608675  
10 19 18 602752 0.16438103 0.06476593 1.15983391
10 19 18 650776  0.23774529 -0.08499146  0.9374752 
10 19 18 702365 0.10525513 0.20324898 1.38714409
10 19 18 752571 0.31474304 0.22053909 0.83166122
10 19 18 803212  0.03448868 -0.52872086  1.65309525
10 19 18 854072 0.18619156 0.10423279 1.09152794
10 19 18 902990  0.05432129 -0.40010834  0.63513374
10 19 18 954860 -0.08290291  0.14287949  1.00260925
10 19 19 5880  0.13336563 -0.3979702   0.71975899
10 19 19 56358 -0.20744705  0.10158348  0.98949051
10 19 19 105468  0.27099419 -0.30106354  0.50060081
10 19 19 151108 0.03410339 0.08311081 1.23768234
10 19 19 203163  0.23118401 -0.23605347  0.71938705
10 19 19 251216 0.18527222 0.11561775 1.19849205
10 19 19 302754 0.2729969  0.04426003 0.90644646
10 19 19 353167 0.0594101  0.19017982 1.5736351 
10 19 19 403891 0.28774071 0.23451424 0.83117867
10 19 19 453458  0.03174591 -0.57489014  1.26259995
10 19 19 502954 0.1535511  0.10434532 1.10485077
10 19 19 554791  0.08407784 -0.40738106  0.72915459
10 19 19 604452 -0.16947746  0.16008186  0.93540955
10 19 19 654102  0.18546295 -0.3756237   0.69171143
10 19 19 703985 -0.1621685   0.04406738  1.13155365
10 19 19 751523  0.25278282 -0.26827431  0.51925278
10 19 19 802039 0.05849648 0.1018219  1.18899345
10 19 19 852061  0.23498535 -0.20551109  0.78954124
10 19 19 902904 0.15119553 0.14259911 1.32963181
10 19 19 958098 0.30112076 0.13771629 0.8733139 
10 19 20 29465 0.07805061 0.10000229 1.6463089 
10 19 20 72473 0.28517151 0.24782372 0.93515968
10 19 20 138576  0.05158806 -0.56371498  1.02604294
10 19 20 177061 0.08870697 0.10413551 1.05928421
10 19 20 221836  0.10580444 -0.41142082  0.71232986
10 19 20 271422 -0.25634956  0.13023186  0.88581657
10 19 20 326653  0.22215843 -0.38002396  0.60244942
10 19 20 374057 -8.86306763e-02 -4.04357910e-04  1.18517685e+00
10 19 20 417991  0.24827385 -0.3021431   0.64921761
10 19 20 471284 0.1047821  0.08641243 1.19013405
10 19 20 503455  0.27511597 -0.12015724  0.83678055
10 19 20 568052 0.12783051 0.17820358 1.40809059
10 19 20 619038 0.3378315  0.16796112 0.83355331
10 19 20 665985  0.02281761 -0.20733261  1.8085041 
10 19 20 719498 0.26581764 0.19420052 0.93603325
10 19 20 770744  0.06297112 -0.46026611  0.65550613
10 19 20 822455 -0.05873871  0.13596725  1.03875542
10 19 20 876126  0.13280106 -0.40043449  0.75748825
10 19 20 923068 -0.28626251  0.10891342  0.89629173
10 19 20 969202  0.24982643 -0.31306648  0.53050423
10 19 21 30502 -0.00474548  0.06220055  1.17697525
10 19 21 68009  0.24279594 -0.23193741  0.75430679
10 19 21 116016 0.13834763 0.11962128 1.30612373
10 19 21 154715 0.31934929 0.02757072 0.98110199
10 19 21 202954 0.02219009 0.20667648 1.52770233
10 19 21 254717 0.30225372 0.2190361  0.86280823
10 19 21 303707  0.03155136 -0.5933876   1.41117477
10 19 21 352909 0.19701195 0.12828064 1.06212234
10 19 21 402108  0.08536148 -0.39583969  0.65746689
10 19 21 457645  0.18612099 -0.37527847  0.66033936
10 19 21 504441 -0.21949959  0.04745483  1.06417084
10 19 21 551573  1.06430054e-03 -4.75110435e+00  7.62695885e+00
10 19 21 602615 0.07534981 0.07623482 1.1654377 
10 19 21 650876  0.24504471 -0.21317863  0.88383675
10 19 21 702452   0.15220451   0.16212845 -13.62496567
10 19 21 753631  0.15235138 -0.35000229  0.62761116
10 19 21 802895 -0.30713463  0.14728928  0.8960228 
10 19 21 852676  0.29861069 -0.29453659  0.47147751
10 19 21 902258 -0.02128029  0.03575134  1.17640877
10 19 21 954970  0.22969818 -0.24852371  0.61589432
10 19 22 5865 0.19783401 0.13635826 1.21440315
10 19 22 53739  0.29915047 -0.03989983  0.88860321
10 19 22 102957 0.1446228  0.27137375 1.51418877
10 19 22 149523 0.36061287 0.17350197 0.84344482
10 19 22 201357  0.09697914 -0.27130318  1.85791969
10 19 22 252273 0.23962402 0.16631508 0.9988327 
10 19 22 303976  0.02204132 -0.43580627  0.67464638
10 19 22 352212 -0.09705353  0.0576973   1.02074814
10 19 22 403527  0.11968422 -0.37797546  0.62288666
10 19 22 452785 -0.29669571  0.14817619  0.87603569
10 19 22 502434  0.30708122 -0.28882217  0.4728756 
10 19 22 553629 -0.03030777  0.09099388  1.19817924
10 19 22 602928  0.22292519 -0.27243805  0.68716431
10 19 22 654030 0.20611    0.10427856 1.18263626
10 19 22 703364  0.27592087 -0.05806923  0.85938835
10 19 22 750725 0.10139656 0.33505249 1.4935627 
10 19 22 802243 0.37171745 0.11937714 0.77541924
10 19 22 851975  0.0677681  -0.02243233  1.86713791
10 19 22 904567 0.27787781 0.19867134 0.87463379
10 19 22 952149 -0.00982475 -0.39008522  0.7364502 
10 19 23 10851 -0.02147102  0.09985542  1.03176498
10 19 23 52865  0.12744331 -0.3557148   0.66209221
10 19 23 102141 -0.33070564  0.19086266  0.85784149
10 19 23 153878  0.29093742 -0.32003021  0.5131073 
10 19 23 203035 -0.0782795   0.03670883  1.19005394
10 19 23 253883  0.25876427 -0.29667854  0.58231544
10 19 23 302941 0.16439247 0.09634781 1.11360931
10 19 23 363762  0.27336311 -0.12579727  0.8602581 
10 19 23 402144 0.14140892 0.24034309 1.44897842
10 19 23 451917 0.37290382 0.13324738 0.84351158
10 19 23 502210  0.05946541 -0.02664948  1.87339401
10 19 23 552380 0.25309181 0.21333122 0.83725166
10 19 23 622730  0.0190773  -0.40643501  0.74160576
10 19 23 677681 -4.25338745e-04  5.56430817e-02  1.04622459e+00
10 19 23 715973  0.09885025 -0.40121841  0.68590355
10 19 23 766914 -0.28024483  0.21006203  0.80090332
10 19 23 817743  0.29284096 -0.30848312  0.52695274
10 19 23 876124 -0.04921913  0.0810318   1.21833038
10 19 23 920166  0.26044655 -0.29210854  0.64357376
10 19 23 968283 0.14923668 0.11288834 1.1240139 
10 19 24 29194  0.27889252 -0.10128593  0.89055252
10 19 24 66980 0.15966225 0.2682724  1.49434662
10 19 24 111293 0.34817696 0.16760826 0.89407158
10 19 24 166324  0.01930428 -0.26334953  1.99484062
10 19 24 212401 0.27096748 0.16398811 0.91819763
10 19 24 267566 -0.01604843 -0.41871262  0.79188347
10 19 24 319215 -0.03954315  0.06713676  1.00708961
10 19 24 372967  0.13843727 -0.42426872  0.668293  
10 19 24 420548 -0.35944939  0.19959831  0.81779671
10 19 24 471744  0.33703613 -0.32214165  0.49395752
10 19 24 520028 -0.04832077  0.07548332  1.27017975
10 19 24 567622  0.28544426 -0.29678535  0.61525154
10 19 24 617402 0.15725708 0.08513832 1.19874382
10 19 24 669841  0.29698372 -0.12606812  0.91941452
10 19 24 711090 0.13280869 0.3679657  1.54951286
10 19 24 773238 0.39574242 0.19349098 0.87152672
10 19 24 813827  0.00843048 -0.20292854  2.05829048
10 19 24 876258 0.2812767  0.18646049 1.01030922
10 19 24 919549  0.01976013 -0.43901062  0.64808464
10 19 24 974313 -0.12279701  0.07990837  1.01803207
10 19 25 17405  0.15477943 -0.42966461  0.62061691
10 19 25 80764 -0.37680244  0.15476799  0.8218689 
10 19 25 111638  0.3018856  -0.34724236  0.48851013
10 19 25 150822 -0.02752495  0.08550262  1.24936676
10 19 25 202261  0.31072426 -0.24696732  0.63505173
10 19 25 250638 0.17646408 0.08436584 1.15790176
10 19 25 302088  0.31215668 -0.11614609  0.96180153
10 19 25 351448 0.15760803 0.3679657  1.59543228
10 19 25 403101 0.41988373 0.22587013 0.94424057
10 19 25 452684 -0.01536942 -0.28015327  1.99035454
10 19 25 501089 0.25848579 0.1380291  0.95763779
10 19 25 553145  0.00233269 -0.4205761   0.71515083
10 19 25 603110 -0.0822258   0.09606743  0.96990395
10 19 25 655962  0.15231705 -0.43340302  0.65904427
10 19 25 702011 -0.36543083  0.13571167  0.81695175
10 19 25 750154  0.31552887 -0.36699677  0.46153641
10 19 25 801548 -0.02468491  0.00938988  1.25088501
10 19 25 850723  0.33702278 -0.27771187  0.54102325
10 19 25 902514 0.17040062 0.08007431 1.25319672
10 19 25 951639  0.32932472 -0.11971092  0.89910126
10 19 26 11802 0.18660927 0.29874802 1.53583336
10 19 26 52231 0.40900993 0.20253181 0.9712925 
10 19 26 101127  0.03010941 -0.04421234  1.98720551
10 19 26 153195 0.33516121 0.17631912 0.93168831
10 19 26 202409 -0.00508118 -0.47949219  0.64518738
10 19 26 254549 -0.14441681  0.03837013  1.00177574
10 19 26 304078  0.13823509 -0.42667007  0.61965752
10 19 26 354061 -0.34667969  0.133955    0.82935524
10 19 26 401651  0.31503105 -0.33132172  0.44565964
10 19 26 452933 -0.04339981  0.03591919  1.26804924
10 19 26 506098  0.31295776 -0.26788139  0.6019783 
10 19 26 552264 0.17481041 0.11994743 1.26915741
10 19 26 604453  0.34529114 -0.08220482  0.90259171
10 19 26 653332 0.16931534 0.2634182  1.51393318
10 19 26 701801 0.33712959 0.19254303 0.92329788
10 19 26 751813  0.07316208 -0.27345657  1.91638947
10 19 26 801873 0.23778152 0.12078667 0.97728729
10 19 26 855399  0.03181458 -0.46364403  0.63132858
10 19 26 903230 -0.11858368  0.07057953  0.99545479
10 19 26 950236  0.13318825 -0.40330887  0.62602425
10 19 27 9231 -0.30035782  0.09386635  0.83241653
10 19 27 50869  0.29966354 -0.37508774  0.45883751
10 19 27 102391 2.09808350e-05 3.89919281e-02 1.21649742e+00
10 19 27 151730  0.28550911 -0.27152443  0.71113014
10 19 27 203595 0.18257523 0.09998703 1.30214119
10 19 27 252153  0.37401772 -0.04868317  0.91759682
10 19 27 304646 0.14551735 0.26069832 1.56394958
10 19 27 353516 0.36699677 0.19095802 0.88589096
10 19 27 402227  0.0186367  -0.52152634  1.89067841
10 19 27 455087  0.0426178  -0.44308662  0.66823578
10 19 27 503196 -0.22524071  0.08164406  0.97794533
10 19 27 549896 7.85827637e-04 1.58734074e+01 1.18772373e+01
10 19 27 602329 -0.26926422  0.0054245   0.98729897
10 19 27 651104  0.32944489 -0.35502052  0.4247036 
10 19 27 702671  2.37483978e-02  1.27143860e-02 -1.35000381e+01
10 19 27 752244 -0.04236984 -0.12703705  1.03442192
10 19 27 803692 -0.03452682  0.04290581  1.05348778
10 19 27 852896  0.01649857 -0.0255394   0.94177437
10 19 27 903695  0.03322411 -0.17998123  0.9681797 
10 19 27 953521 -0.02772141 -0.09190369  1.06604576
10 19 28 6730 -0.03281593  0.01206017  1.0494957 
10 19 28 54480 -0.00988388 -0.04516983  0.97275543
10 19 28 112504 -0.00163269 -0.15280342  0.9614048 
10 19 28 169458 -0.04416847 -0.12059021  1.04582596
10 19 28 215823 -0.03735924  0.09229851  1.08140755
10 19 28 269368  0.01700401 -0.0544548   0.91447449
10 19 28 325844  0.02990532 -0.22587585  0.96465492
10 19 28 353626 -0.02736855 -0.09587288  1.06576347
10 19 28 403398 -0.02824783  0.02119827  1.05182457
10 19 28 455255 -0.01047707 -0.05320549  0.97089958
10 19 28 502505 -0.00539398 -0.16656685  0.91776085
10 19 28 553978 -0.03584099 -0.11041641  1.03862   
10 19 28 604413 -0.0173912   0.07526016  1.07301331
10 19 28 656758  0.0211544  -0.08325005  0.89873123
10 19 28 704551  0.0219841  -0.21303558  0.94107246
10 19 28 750448 -0.02597809 -0.07537079  1.07263947
10 19 28 803728 -0.0310154   0.01873779  1.03878593
10 19 28 854992 -0.00796318 -0.07860947  0.93840027
10 19 28 902770 -0.02526665 -0.18073273  0.93349648
10 19 28 952898 -0.04645348 -0.05752563  1.08524895
10 19 29 9498 -0.01723671  0.05265427  1.05627251
10 19 29 53582  0.01601982 -0.11878204  0.91020203
10 19 29 102700 -0.00715446 -0.18082237  0.9681015 
10 19 29 156036 -0.02756882 -0.03614998  1.07621384
10 19 29 202881 -2.15339661e-02  6.67572021e-04  1.03168869e+00
10 19 29 255494 -0.01636696 -0.10941887  0.92512131
10 19 29 302592 -0.01875496 -0.16516876  0.94810677
10 19 29 350845 -0.0439415   0.0040741   1.10064888
10 19 29 402445 0.0142231  0.01736259 0.97778702
10 19 29 454000  0.00860214 -0.16584587  0.90683937
10 19 29 505930  0.00252533 -0.13906479  0.98351479
10 19 29 553043 -0.02975655 -0.00119972  1.0635376 
10 19 29 604641 -0.01703644 -0.02469826  0.98244095
10 19 29 653044 -0.00826263 -0.14652061  0.89821434
10 19 29 702886 -0.02806091 -0.14229202  0.98137093
10 19 29 752890 -0.02251053  0.04624367  1.06463623
10 19 29 802920  0.00739288 -0.03925133  0.92093658
10 19 29 857963  0.02659035 -0.20184708  0.90814209
10 19 29 903586 -0.01293755 -0.09470177  1.02723885
10 19 29 950492 -0.02513885  0.02109528  1.04063034
10 19 30 12059 -0.00964355 -0.04494667  0.95352554
10 19 30 53284 -0.01852036 -0.16147232  0.90172768
10 19 30 103163 -0.02584076 -0.09304428  1.0346756 
10 19 30 152282 -0.03307152  0.05709267  1.07869339
10 19 30 204859  0.02714729 -0.08475494  0.88290787
10 19 30 257174  0.00414848 -0.19318962  0.93481636
10 19 30 301778 -0.0124073  -0.05629921  1.05020142
10 19 30 353427 -0.0302372   0.01498032  1.04427338
10 19 30 402727 -0.00326538 -0.07799911  0.91080856
10 19 30 454066 -0.0180645  -0.17104149  0.92565536
10 19 30 507759 -0.03516579 -0.00621033  1.0829277 
10 19 30 550349 -0.00488663  0.04552269  0.99729919
10 19 30 602357  0.03323174 -0.16586113  0.83952522
10 19 30 651910  0.01123047 -0.16443253  0.99963951
10 19 30 702479 -0.02378082  0.00175285  1.06315041
10 19 30 755577 -0.01461983  0.00456429  0.97032356
10 19 30 804475 -0.00762558 -0.11729622  0.8621788 
10 19 30 854439 -0.03870392 -0.15830421  0.97631073
10 19 30 902200 -0.01370049 -0.00416374  1.07442093
