10 18 51 214783 -0.01343298  0.01698256 -0.01250792
10 18 51 217016 -0.0241251   0.01633692 -0.0172205 
10 18 51 236960 -0.0281601   0.01535749 -0.01329565
10 18 51 239623 -0.01176643  0.01879883 -0.00897551
10 18 51 242054 -0.01344681  0.01394272 -0.01219511
10 18 51 302757 -0.02235937  0.01391268 -0.01413488
10 18 51 353663 -0.02142906  0.01879406 -0.01258039
10 18 51 402675 -0.02100182  0.01309443 -0.01022196
10 18 51 454999 -0.01785612  0.01214075 -0.01109695
10 18 51 503519 -0.01665545  0.0133338  -0.01656437
10 18 51 550380 -0.027946    0.01122618 -0.01841593
10 18 51 602784 -0.02682829  0.01492691 -0.01409912
10 18 51 651510 -0.01348352  0.01606607 -0.01225376
10 18 51 719380 -0.01605034  0.00960732 -0.01506186
10 18 51 768196 -0.02063847  0.00972223 -0.01612329
10 18 51 804364 -0.02162743  0.01335716 -0.01383543
10 18 51 853027 -0.02251577  0.0099597  -0.01195478
10 18 51 902734 -0.01473331  0.01004362 -0.01423407
10 18 51 957173 -0.01645327  0.00768995 -0.01955462
10 18 52 16819 -0.02594233  0.00771046 -0.01780891
10 18 52 91786 -0.01962042  0.01211643 -0.01312923
10 18 52 167225 -0.01080275  0.00967073 -0.01407719
10 18 52 225703 -0.01430082  0.00448084 -0.0168519 
10 18 52 238931 -0.01365566  0.01020956 -0.01583576
10 18 52 252624 -0.01660681  0.00930882 -0.01353598
10 18 52 304000 -0.01582003  0.00476074 -0.01274872
10 18 52 352528 -0.00971794  0.0055871  -0.01728821
10 18 52 404336 -0.0156827   0.00440454 -0.02003908
10 18 52 454017 -0.0166955   0.00649691 -0.0166378 
10 18 52 502387 -0.00664425  0.0110054  -0.01332617
10 18 52 554398 -0.00596571  0.00498772 -0.01636267
10 18 52 604034 -0.00774384  0.002635   -0.01764393
10 18 52 655594 -0.00665045  0.00658941 -0.01576662
10 18 52 703281 -0.01113415  0.0051837  -0.01386881
10 18 52 750894 -0.0064435   0.00422382 -0.01466227
10 18 52 802832 -0.00439692  0.00163937 -0.01953554
10 18 52 852456 -0.0115757  -0.00019836 -0.01911783
10 18 52 903303 -0.00535393  0.00498629 -0.01492071
10 18 52 952589  0.00237322  0.00499392 -0.01449585
10 18 53 10031 -0.00036049 -0.00056362 -0.01730156
10 18 53 53180 -0.00035858  0.00060368 -0.01689053
10 18 53 102420 -0.00111961  0.00140333 -0.01467562
10 18 53 154192 -0.00179005  0.00059128 -0.01292467
10 18 53 203444  0.00561905 -0.00123405 -0.01537228
10 18 53 255038  0.00223494 -0.00535822 -0.02075815
10 18 53 304576 -0.00632477 -0.00427961 -0.0177002 
10 18 53 350713  0.0069356   0.00334454 -0.01217175
10 18 53 402377  0.01340342 -0.00372696 -0.01389551
10 18 53 451809  0.00772381 -0.00882673 -0.01681662
10 18 53 503985  0.00941658 -0.00189781 -0.01540136
10 18 53 553057  0.00791788 -0.00429296 -0.01329517
10 18 53 604769  0.00972557 -0.00815105 -0.01204205
10 18 53 655032  0.01405287 -0.00955296 -0.01691675
10 18 53 701819  0.00562859 -0.01122856 -0.01901913
10 18 53 754891  0.0053668  -0.01180458 -0.01512957
10 18 53 805394  0.01833773 -0.00704479 -0.01223326
10 18 53 857660  0.01733351 -0.01053905 -0.01518488
10 18 53 905218  0.01633739 -0.01398039 -0.01548672
10 18 53 951761  0.01623249 -0.01072025 -0.0140152 
10 18 54 9925  0.01119852 -0.01118994 -0.01125431
10 18 54 51465  0.01724243 -0.01270771 -0.01290703
10 18 54 103035  0.01820135 -0.01553822 -0.01741314
10 18 54 152753  0.01117992 -0.01429462 -0.01721382
10 18 54 203876  0.01488447 -0.01056147 -0.0133853 
10 18 54 253591  0.02333975 -0.01205111 -0.01187992
10 18 54 302312  0.02269363 -0.01721478 -0.01445723
10 18 54 354286  0.02233458 -0.01248455 -0.01415443
10 18 54 406104  0.01832628 -0.0098834  -0.01179028
10 18 54 454907  0.01615477 -0.01585436 -0.00996494
10 18 54 503179  0.02325535 -0.01548386 -0.01285696
10 18 54 551416  0.01956367 -0.01550531 -0.01751757
10 18 54 603298  0.01033974 -0.01518488 -0.01635647
10 18 54 651425  0.01810026 -0.01182175 -0.01107597
10 18 54 708374  0.02661753 -0.01373243 -0.01180267
10 18 54 752544  0.02015018 -0.01807594 -0.01432562
10 18 54 803987  0.02006721 -0.01245165 -0.0132308 
10 18 54 853765  0.01817226 -0.01402283 -0.01058912
10 18 54 902387  0.01884985 -0.01669025 -0.00901985
10 18 54 953495  0.02309036 -0.01477861 -0.01280403
10 18 55 5914  0.01506281 -0.01732445 -0.01695871
10 18 55 56394  0.00940037 -0.01538181 -0.01350594
10 18 55 103240  0.02209949 -0.0112958  -0.00948095
10 18 55 150709  0.02463007 -0.01606464 -0.01113176
10 18 55 203832  0.01877451 -0.01663733 -0.01301146
10 18 55 251875  0.0185523  -0.00939226 -0.01092768
10 18 55 317488  0.01580143 -0.0132041  -0.00877094
10 18 55 376965  0.01772499 -0.01461363 -0.00858641
10 18 55 425532  0.02027225 -0.01431513 -0.01416683
10 18 55 472340  0.00731993 -0.01644611 -0.01708317
10 18 55 527226  0.00553513 -0.01132202 -0.01091576
10 18 55 582541  0.02264881 -0.00806618 -0.00822067
10 18 55 628115  0.01862717 -0.01626396 -0.01200151
10 18 55 654206  0.01426888 -0.0121336  -0.01274061
10 18 55 703171  0.01334143 -0.00608873 -0.01017857
10 18 55 750760  0.01031303 -0.01155519 -0.00800848
10 18 55 802549  0.01406145 -0.01152897 -0.0103097 
10 18 55 852578  0.0104785  -0.01079512 -0.01568937
10 18 55 903316 -0.00086546 -0.01080704 -0.01474524
10 18 55 951649  0.00719595 -0.0055747  -0.00862598
10 18 56 9186  0.01613951 -0.00667381 -0.00933552
10 18 56 53591  0.00908089 -0.01071644 -0.01271677
10 18 56 102463  0.0073905  -0.00449038 -0.01174068
10 18 56 154315  0.00395679 -0.00382948 -0.00853395
10 18 56 203218  0.00428677 -0.00670624 -0.00760031
10 18 56 255196  0.00599194 -0.00662374 -0.0125351 
10 18 56 304459 -0.00316238 -0.00757933 -0.01495218
10 18 56 351721 -0.00383854 -0.00445032 -0.01060867
10 18 56 402753  0.00788689  0.00063753 -0.00762892
10 18 56 451575  0.0051403  -0.00334072 -0.01094341
10 18 56 503702  0.00236511 -0.00414991 -0.01217699
10 18 56 553268  8.98361206e-04 -1.57356262e-05 -9.72795486e-03
10 18 56 605231 -0.00361872 -0.00063038 -0.00705481
10 18 56 688929  0.00111532 -0.00163412 -0.00981665
10 18 56 761972 -0.00284672 -0.00359344 -0.01573181
10 18 56 815788 -0.01573992 -0.00323725 -0.01364756
10 18 56 862002 -0.00434685  0.00328875 -0.00677967
10 18 56 897293  0.00296402 -0.00012779 -0.00823927
10 18 56 935485 -0.00555944 -0.0012064  -0.01145935
10 18 56 973411 -0.00530815  0.00459814 -0.01040697
10 18 57 32165 -0.00777388  0.00316143 -0.0069623 
10 18 57 68243 -0.00771189  0.00062132 -0.00670147
10 18 57 136160 -0.00872993  0.00217342 -0.01149416
10 18 57 176069 -0.01635504  0.00120068 -0.01289845
10 18 57 218852 -0.01331902  0.00239038 -0.0086751 
10 18 57 279481 -0.00362444  0.00669718 -0.00795698
10 18 57 330621 -0.00718832  0.00532722 -0.01072407
10 18 57 383212 -0.00819921  0.00559473 -0.01113844
10 18 57 427086 -0.01148844  0.00644016 -0.00914145
10 18 57 490836 -0.00868988  0.00821877 -0.01010227
10 18 57 506459 -0.01342535  0.00416899 -0.01584101
10 18 57 552865 -2.29091644e-02  2.90870667e-05  3.18745327e+00
10 18 57 604460 -0.00976896  0.01425505 -0.00666618
10 18 57 652327 -0.00470018  0.00858688 -0.00952959
10 18 57 703169 -0.01055861  0.00826454 -0.01242113
10 18 57 752857 -0.00035906 -0.00407362 -0.01801682
10 18 57 804472 -0.01309013  0.00346947 -0.02116251
10 18 57 852825 -0.00969887 -0.00640249 -0.01717472
10 18 57 901749  0.00158787 -0.01626539 -0.01495218
10 18 57 954539 -0.00220966 -0.00653839 -0.02275181
10 18 58 7277 -0.02113914  0.00400591 -0.02338219
10 18 58 56647 -0.00884676 -0.0059948  -0.0161128 
10 18 58 103902  0.0077529  -0.01728344 -0.01587486
10 18 58 152185 -0.0047369  -0.00258589 -0.02018452
10 18 58 202443 -0.01180363  0.01206779 -0.01747561
10 18 58 253145  0.00272751 -0.00959444 -0.01408386
10 18 58 302979  0.00790358 -0.0242095  -0.02354956
10 18 58 353099 -0.01567936 -0.0015769  -0.0252142 
10 18 58 403503 -0.00866699  0.01457834 -0.01592112
10 18 58 453666  0.01195097 -0.01461792 -0.01593876
10 18 58 501931 -0.00034904 -0.02227879 -0.02225304
10 18 58 555107 -0.00783968  0.01258898 -0.01840067
10 18 58 605101  0.01258183  0.00563717 -0.01545382
10 18 58 656204  0.01026917 -0.02754593 -0.02697992
10 18 58 702436 -0.01246881 -0.01104975 -0.02480841
10 18 58 750146  0.00454283  0.01853514 -0.01566219
10 18 58 801910  0.01339197 -0.01081514 -0.01960135
10 18 58 851576 -0.00634003 -0.01779699 -0.02208757
10 18 58 902489  0.01002359  0.00954437 -0.01773453
10 18 58 953868  0.0196147  -0.00923872 -0.02766848
10 18 59 12722 -0.01005745 -0.02172232 -0.02750301
10 18 59 49035  0.0095253   0.01235962 -0.01716566
10 18 59 102162  0.01849842 -0.00017691 -0.02083206
10 18 59 153415 -0.00566769 -0.01006413 -0.02408028
10 18 59 202417  0.01489401  0.00350904 -0.02064323
10 18 59 255414  0.0170598  -0.01939535 -0.02683544
10 18 59 304090  0.00066614 -0.01366377 -0.02256918
10 18 59 349937  0.02191067  0.01523113 -0.01832533
10 18 59 401684  0.01060772 -0.000947   -0.02322197
10 18 59 451385  0.00722361 -0.00838614 -0.02203369
10 18 59 502714  0.02598143 -0.01423645 -0.02717733
10 18 59 552791  0.00785542 -0.01818371 -0.02386999
10 18 59 604237  0.02228642  0.00038481 -0.01980877
10 18 59 653571  0.01823092 -0.0006938  -0.02342176
10 18 59 701279  0.00575113 -0.00155878 -0.02257872
10 18 59 755767  0.02688074 -0.01483917 -0.02508688
10 18 59 803050  0.01992369 -0.03047848 -0.02520609
10 18 59 855448  0.02325773 -0.00331116 -0.02220011
10 18 59 903862  0.01685143  0.00431156 -0.02363205
10 18 59 950097  0.0115509  -0.01024294 -0.0232687 
10 19 0 10429  0.02809477 -0.02429581 -0.02700758
10 19 0 51112  0.02375174 -0.01756525 -0.02363205
10 19 0 102491  0.02610636  0.00303793 -0.02253723
10 19 0 152425  0.01204634 -0.00391102 -0.02377653
10 19 0 203197  0.01787281 -0.01887178 -0.02346039
10 19 0 253730  0.02639389 -0.02110434 -0.02497101
10 19 0 302286  0.02766848 -0.00781822 -0.0232501 
10 19 0 355802  0.02803755 -0.00283813 -0.02590322
10 19 0 403315  0.01305056 -0.01111221 -0.02447176
10 19 0 454538  0.02620745 -0.02299309 -0.02547503
10 19 0 503482  0.02895784 -0.01812363 -0.02362776
10 19 0 550318  0.03166056  0.00403881 -0.02389574
10 19 0 602816  1.64260864e-02  6.77108765e-05 -2.55532265e-02
10 19 0 651035  0.01856756 -0.02532578 -0.02610874
10 19 0 707802  0.03500557 -0.03075743 -0.02570438
10 19 0 753759  0.03405571 -0.00253439 -0.02326775
10 19 0 803191  0.02685499  0.01011896 -0.02731371
10 19 0 852439  0.01564407 -0.01051807 -0.02664757
10 19 0 901600  0.02814913 -0.03507423 -0.02752304
10 19 0 957931  0.0398674  -0.01507092 -0.02503061
10 19 1 5648  0.03244781  0.00515842 -0.02791023
10 19 1 55353  0.00990534 -0.0003252  -0.0273838 
10 19 1 103233  0.02250671 -0.02991438 -0.02766895
10 19 1 156211  0.04001427 -0.01907921 -0.02544355
10 19 1 201989  0.03668451  0.00224304 -0.02733278
10 19 1 252751  0.01566029  0.00511694 -0.0293498 
10 19 1 302485  0.01981258 -0.02908325 -0.02883101
10 19 1 352174  0.04214191 -0.02120018 -0.02514315
10 19 1 403393  0.03502274  0.00287819 -0.02732372
10 19 1 452683  0.01468039  0.00888109 -0.0303812 
10 19 1 501712  0.01836395 -0.02806282 -0.03005695
10 19 1 553714  0.04208803 -0.02609396 -0.0270381 
10 19 1 603176  0.03366661  0.00189734 -0.02867794
10 19 1 654371  0.01269388  0.01038361 -0.03179264
10 19 1 702181  0.01616955 -0.02509594 -0.03146791
10 19 1 750001  0.04259014 -0.02588654 -0.02836514
10 19 1 801561  0.03269053  0.00398684 -0.03036404
10 19 1 851010  0.00666428  0.01042795 -0.03328657
10 19 1 902436  0.01148939 -0.03005171 -0.03185892
10 19 1 953760  0.04270697 -0.02211809 -0.02920961
10 19 2 10459  0.02705765  0.00689268 -0.03197336
10 19 2 60470  0.00106668  0.0069499  -0.03401804
10 19 2 130139  0.010396   -0.0351634  -0.03007889
10 19 2 183285  0.04255152 -0.01641941 -0.02975655
10 19 2 213064  0.01621103  0.01208115 -0.0337081 
10 19 2 254888 -0.0043087  -0.00142193 -0.03490782
10 19 2 303664  0.01797581 -0.0350008  -0.02869701
10 19 2 353857  0.03081989 -0.00865459 -0.03116751
10 19 2 404707 -0.00021696  0.01321793 -0.03527355
10 19 2 452007 -0.00585604 -0.01582003 -0.03440809
10 19 2 503214  0.03166866 -0.02726316 -0.02932596
10 19 2 553533  0.01651144 -0.00072861 -0.03390408
10 19 2 604444 -0.01597309  0.00452662 -0.03571081
10 19 2 653452  0.00761557 -0.0250392  -0.02966166
10 19 2 700474  0.03143358 -0.01785803 -0.03263903
10 19 2 753773 -0.00882626  0.00768661 -0.0377059 
10 19 2 802385 -0.01778746 -0.00920963 -0.0357976 
10 19 2 855167  0.02477789 -0.02373934 -0.03110933
10 19 2 903878  0.005723  -0.0053215 -0.0387907
10 19 2 950903 -0.03004026  0.00393105 -0.04004145
10 19 3 9684  0.0031805  -0.01911116 -0.03221083
10 19 3 51704  0.02061224 -0.01536751 -0.03799772
10 19 3 103377 -0.02613592  0.00282478 -0.04312229
10 19 3 153630 -0.02443218 -0.00912285 -0.03809357
10 19 3 204349  0.02478647 -0.0184226  -0.0363965 
10 19 3 252803 -0.01219749 -0.00495005 -0.04576969
10 19 3 301597 -0.04287958 -0.00158167 -0.04442596
10 19 3 355321  0.0061698  -0.015903   -0.03600407
10 19 3 403251  0.00563574 -0.01331139 -0.04496098
10 19 3 456593 -0.02009583 -0.0106492  -0.04059887
10 19 3 505186  0.01571989 -0.01635122 -0.04417372
10 19 3 550302 -0.03582764 -0.0087471  -0.05082893
10 19 3 602724 -0.03879595 -0.01104212 -0.04405069
10 19 3 651627  0.01472044 -0.01238298 -0.04189348
10 19 3 704140 -0.02543354 -0.01366663 -0.05243444
10 19 3 752706 -0.00017786  0.02864552 -0.17285538
10 19 3 804006 -1.78995132e-02  1.33991241e-04 -1.64820671e-01
10 19 3 853575  0.0200901   0.04476404 -0.1642909 
10 19 3 901702 -0.02265358  0.0035615  -0.17390442
10 19 3 953542  0.00182533  0.02131176 -0.16294289
10 19 4 6434  0.02726793  0.04326487 -0.16943502
10 19 4 54679 -0.0245986  -0.01657009 -0.170959  
10 19 4 103926  0.00843859  0.04408121 -0.16103983
10 19 4 150538  0.01617002  0.03558254 -0.17371321
10 19 4 201826 -0.01747322 -0.00999403 -0.16728544
10 19 4 250898  0.02281237  0.04521894 -0.16408157
10 19 4 303277 -0.00778961  0.01272249 -0.17508268
10 19 4 352285 -0.00087833  0.01464319 -0.16450167
10 19 4 403470  0.03064299  0.0457015  -0.16978502
10 19 4 452653 -0.01697111 -0.01507998 -0.17312717
10 19 4 501640  0.01357365  0.03781366 -0.16369152
10 19 4 554251  0.02925205  0.04043102 -0.17640734
10 19 4 604753 -0.01516676 -0.0133729  -0.1710844 
10 19 4 655097  0.02723026  0.04738283 -0.16630316
10 19 4 703198  0.00618839  0.01993513 -0.17889309
10 19 4 751839  0.00066519  0.00833797 -0.16867113
10 19 4 824866  0.03424263  0.04517508 -0.17150116
10 19 4 869938 -0.01330662 -0.00760555 -0.17704773
10 19 4 903222  0.01422119  0.02855968 -0.16732359
10 19 4 951885  0.03013706  0.04385185 -0.17619801
10 19 5 9809 -0.01895761 -0.01947355 -0.17327881
10 19 5 55133  0.02444792  0.04134417 -0.16804838
10 19 5 101779  0.01105309  0.02786779 -0.17932463
10 19 5 153783 -0.00624323 -0.00119162 -0.17007017
10 19 5 203332  0.03102541  0.03897524 -0.16937923
10 19 5 254815 -0.0157342  -0.0002141  -0.17744732
10 19 5 303824  0.0105691   0.01988029 -0.16559172
10 19 5 350803  0.03503275  0.03796005 -0.17448282
10 19 5 401917 -0.01757765 -0.02507257 -0.17173052
10 19 5 453400  0.01925707  0.0391345  -0.1634016 
10 19 5 502494  0.01460361  0.02528524 -0.17564201
10 19 5 554267 -0.00564718 -0.0089426  -0.16664028
10 19 5 604696  0.03092051  0.03945589 -0.16619492
10 19 5 652700 -0.01060724 -0.00480556 -0.17495155
10 19 5 701685  0.01563263  0.0157609  -0.16440773
10 19 5 754251  0.03620434  0.04006338 -0.17246628
10 19 5 803265 -0.01969433 -0.02826929 -0.172122  
10 19 5 856039  0.0218277   0.03766966 -0.16349888
10 19 5 904611  0.02101135  0.02554846 -0.17694092
10 19 5 951005 -0.00655031 -0.0132823  -0.16808987
10 19 6 9236  0.03068924  0.03553343 -0.16682959
10 19 6 51295 -0.01000261 -0.00114965 -0.17587137
10 19 6 103455  0.01273537  0.01212502 -0.16533709
10 19 6 152434  0.03437471  0.03766203 -0.17276287
10 19 6 205011 -0.0160656  -0.02872944 -0.17311525
10 19 6 252633  0.02094984  0.03107786 -0.16604948
10 19 6 301773  0.01920462  0.02868652 -0.17797565
10 19 6 369838 -0.01478052 -0.01770067 -0.16942978
10 19 6 429604  0.02738047  0.03305292 -0.16765213
10 19 6 455636 -0.00865936  0.00303078 -0.17613173
10 19 6 504009  0.00688076  0.00545025 -0.16544628
10 19 6 551342  0.03020763  0.03345156 -0.17082977
10 19 6 603683 -0.01903486 -0.02638435 -0.171453  
10 19 6 652058  0.01454592  0.03079796 -0.16319847
10 19 6 705448  0.02020693  0.0296154  -0.17653513
10 19 6 752989 -0.01587439 -0.02451468 -0.16884661
10 19 6 804754  0.02792358  0.03108311 -0.16715431
10 19 6 852966 -0.00542164  0.00174332 -0.17757177
10 19 6 902028  0.00875282  0.00367451 -0.16656828
10 19 6 954825  0.03144979  0.0299387  -0.17242765
10 19 7 6675 -0.01202869 -0.0297513  -0.17316771
10 19 7 55303  0.01973104  0.02524519 -0.1655755 
10 19 7 103763  0.02199936  0.02388859 -0.17735291
10 19 7 150255 -0.00887489 -0.02402258 -0.16840649
10 19 7 202113  0.02939987  0.02806187 -0.16718531
10 19 7 251899 -0.00686884 -0.00278234 -0.17803955
10 19 7 302783  0.00830889  0.000844   -0.16689539
10 19 7 355591  0.03328323  0.02395201 -0.17330217
10 19 7 403578 -0.01563978 -0.03306198 -0.17292261
10 19 7 453012  0.01415873  0.02510977 -0.16523027
10 19 7 502978  0.01758957  0.01913691 -0.17820644
10 19 7 554217 -0.01235723 -0.02681541 -0.16875315
10 19 7 604295  0.02681589  0.02449131 -0.16906929
10 19 7 653450 -0.00953293 -0.00766945 -0.17806101
10 19 7 713353  0.0052042  -0.00037861 -0.16710567
10 19 7 750736  0.03052425  0.02253914 -0.1748848 
10 19 7 801695 -0.01715851 -0.03473091 -0.17553139
10 19 7 851596  0.01281834  0.02164602 -0.16799879
10 19 7 902800  0.018682    0.01469517 -0.1808033 
10 19 7 952101 -0.0102191  -0.03050613 -0.17260742
10 19 8 4650  0.01958656  0.0235939  -0.17135239
10 19 8 52909 -0.0138936  -0.00921822 -0.1812582 
10 19 8 100811  0.00778246 -0.00754595 -0.17111397
10 19 8 152825  0.02339029  0.019279   -0.17821169
10 19 8 203044 -0.02182674 -0.03954887 -0.17652369
10 19 8 253626  0.01140404  0.01808643 -0.17021465
10 19 8 302725  0.00688601  0.01094055 -0.18256235
10 19 8 350704 -0.0146699  -0.02833271 -0.1723752 
10 19 8 403027  0.02162457  0.01882315 -0.17344141
10 19 8 451432 -0.0193696  -0.01772451 -0.18164587
10 19 8 502926  0.00649548 -0.00294685 -0.17096519
10 19 8 552131  0.02160597  0.02108145 -0.17919493
10 19 8 607504 -0.02512646 -0.0426321  -0.17644644
10 19 8 652849  0.01409101  0.0185709  -0.1702137 
10 19 8 701050  0.00902176  0.01142597 -0.1838522 
10 19 8 752955 -0.01609755 -0.02836132 -0.17266703
10 19 8 801920  0.02092075  0.01958036 -0.17154598
10 19 8 854620 -0.01940393 -0.01488829 -0.18111134
10 19 8 902663  0.00109291 -0.00282717 -0.16858816
10 19 8 950486  0.02357435  0.022017   -0.17653942
10 19 9 9739 -0.02459002 -0.04417086 -0.17387056
10 19 9 51247  0.01181459  0.01845741 -0.16738749
10 19 9 103188  0.0065527   0.01247835 -0.17991638
10 19 9 152276 -0.01495266 -0.02749348 -0.1701293 
10 19 9 203650  0.02324438  0.01951742 -0.17006159
10 19 9 254173 -0.01954651 -0.01529932 -0.17967558
10 19 9 302697  0.00653362 -0.00173187 -0.16801882
10 19 9 353092  0.02178335  0.02170134 -0.17636013
10 19 9 401756 -0.02605295 -0.04154015 -0.17421818
10 19 9 456721  0.00150013  0.01156998 -0.1820569 
10 19 9 502823 -0.01630211 -0.02599812 -0.17175007
10 19 9 549916  1.43475533e-02  7.53402710e-05 -3.75067616e+00
10 19 9 602442 -0.03203344 -0.0154705  -0.17933226
10 19 9 651205  0.00447798  0.00057173 -0.16919708
10 19 9 702710  0.01257324  0.02059555 -0.17895842
10 19 9 752601 -0.04116249 -0.03167772 -0.15940571
10 19 9 803959  0.00153303  0.04114485 -0.15425634
10 19 9 855479 -0.03467083  0.00834846 -0.17148733
10 19 9 901655 -0.010427    0.00456715 -0.1534481 
10 19 9 954692  0.00139141  0.03706837 -0.16302633
10 19 10 6457 -0.04587889 -0.03379726 -0.16188478
10 19 10 54523 -0.00081778  0.04183102 -0.15473175
10 19 10 105290 -0.03043795  0.01157475 -0.17262936
10 19 10 150263 -0.01759815 -0.00041008 -0.15485096
10 19 10 202601 -0.00037384  0.03679562 -0.16278124
10 19 10 251837 -0.04201603 -0.03352165 -0.16336107
10 19 10 302528 -0.00084209  0.04055119 -0.15542126
10 19 10 352837 -0.02658319  0.01352072 -0.17175055
10 19 10 404338 -0.01323271 -0.00051689 -0.15502977
10 19 10 453114  0.0032692   0.03664875 -0.16189098
10 19 10 502139 -0.03968573 -0.0335288  -0.16329336
10 19 10 554684  0.0012784   0.04006433 -0.15431452
10 19 10 629454 -0.02309179  0.01324224 -0.17203283
10 19 10 678219 -0.0152154  -0.00285244 -0.1542325 
10 19 10 722344  0.00601292  0.03751373 -0.16058064
10 19 10 768424 -0.03549004 -0.0356245  -0.16229868
10 19 10 822657  0.000453    0.04168415 -0.15189886
10 19 10 851377 -0.02092981  0.01338959 -0.16943455
10 19 10 903284 -0.01097965 -0.00420952 -0.15180683
10 19 10 952374  0.00212717  0.03720474 -0.1577282 
10 19 11 10363 -0.03360415 -0.0362196  -0.15949011
10 19 11 53038  0.00368834  0.04006767 -0.15079308
10 19 11 101867 -0.02193356  0.01064539 -0.16816998
10 19 11 155623 -0.00778103 -0.00137424 -0.15090799
10 19 11 203192  0.00480127  0.03566694 -0.15791798
10 19 11 254595 -0.03207731 -0.03809357 -0.15826035
10 19 11 303586  0.00522518  0.03901339 -0.15101862
10 19 11 350923 -0.02180624  0.00737143 -0.16887236
10 19 11 402234 -0.00713634  0.00127459 -0.15018082
10 19 11 450380  0.00418425  0.03432512 -0.15883112
10 19 11 502997 -0.02995825 -0.0400033  -0.15713358
10 19 11 551099  0.00562096  0.03899527 -0.14932156
10 19 11 604726 -0.02478838  0.00229025 -0.16676331
10 19 11 656062 -0.00341368  0.00128603 -0.14809942
10 19 11 701176  0.00356865  0.03144312 -0.1571312 
10 19 11 752258 -0.03141117 -0.03935575 -0.1537118 
10 19 11 803423  0.00415182  0.03570652 -0.14800024
10 19 11 856338 -0.02941513 -0.00644159 -0.16511726
10 19 11 903026 -0.00264168  0.00637627 -0.14622593
10 19 11 949946  0.00049973  0.02953386 -0.15777159
10 19 12 9765 -0.02910995 -0.04067469 -0.15175819
10 19 12 51600  0.00297213  0.03462648 -0.14776516
10 19 12 103829 -0.03435707 -0.01710415 -0.16317892
10 19 12 152296  8.53538513e-05  8.71324539e-03 -1.45092010e-01
10 19 12 203859 -0.00364733  0.02544308 -0.15816402
10 19 12 252977 -0.02709675 -0.03711414 -0.14929962
10 19 12 300949  0.00394678  0.02996397 -0.14811039
10 19 12 354194 -0.03075933 -0.0267787  -0.16090059
10 19 12 403135 -0.00126839  0.01695442 -0.1440239 
10 19 12 455761 -0.00608826  0.02039051 -0.1595149 
10 19 12 505900 -0.02150631 -0.03136778 -0.14775085
10 19 12 549465  0.00225019  0.02665758 -0.14794731
10 19 12 601782 -0.02663565 -0.03666973 -0.15701199
10 19 12 650592  0.00083876  0.02015352 -0.14327812
10 19 12 701756 -0.01011944  0.01207256 -0.16082382
10 19 12 751444 -0.01350403 -0.02319717 -0.14507198
10 19 12 803318  0.00706673  0.02096272 -0.14962387
10 19 12 852460 -0.02458954 -0.04690552 -0.15382528
10 19 12 902739 -0.00025415  0.02835321 -0.14227009
10 19 12 953858 -0.01930475 -0.00099373 -0.16029215
10 19 13 5106 -0.00079155 -0.01514435 -0.14313316
10 19 13 54003  1.29699707e-04  2.02679634e-02 -1.50457859e-01
10 19 13 103872 -0.02817726 -0.04781246 -0.14857244
10 19 13 149792  0.00622892  0.02567387 -0.14311504
10 19 13 202392 -0.02838039 -0.01997852 -0.15851831
10 19 13 255816  0.00270844  0.00428629 -0.13913822
10 19 13 303120 -0.00168848  0.01498127 -0.1529088 
10 19 13 351335 -0.02238655 -0.04159975 -0.14396477
10 19 13 403440  0.00016737  0.02437162 -0.14232063
10 19 13 455531 -0.02850294 -0.03694868 -0.1535511 
10 19 13 502034 -0.00081015  0.01391363 -0.13741207
10 19 13 555146 -0.01342726  0.00827217 -0.15384865
10 19 13 602818 -0.01823997 -0.02860308 -0.13984108
10 19 13 654532 -0.00137377  0.01837683 -0.14404726
10 19 13 702138 -0.03133535 -0.04903078 -0.14697647
10 19 13 749659 -0.00142097  0.02589512 -0.13695765
10 19 13 801790 -0.02488136 -0.00624323 -0.15470219
10 19 13 851275 -0.00710917 -0.0152998  -0.13684273
10 19 13 904114 -0.00666189  0.017869   -0.14543867
10 19 13 951250 -0.02941036 -0.05110168 -0.14101648
10 19 14 31965 -0.00109959  0.0243144  -0.13765574
10 19 14 76151 -0.03796148 -0.02502632 -0.15172958
10 19 14 118995  0.00124216  0.00263977 -0.1340518 
10 19 14 177682 -0.01253796  0.01158428 -0.14913893
10 19 14 217099 -0.02685022 -0.03703833 -0.1368022 
10 19 14 271665 -0.0038991   0.01873589 -0.13881397
10 19 14 324145 -0.03080416 -0.04469204 -0.14497519
10 19 14 365695 -0.00646925  0.02019453 -0.13360929
10 19 14 412240 -0.0264039   0.00045538 -0.1497407 
10 19 14 463869 -0.01436806 -0.02185726 -0.13355303
10 19 14 518008 -0.01082706  0.01594639 -0.14049911
10 19 14 574739 -0.03473043 -0.04826689 -0.13857412
10 19 14 624576 -0.00450087  0.02332115 -0.13442421
10 19 14 672971 -0.039258   -0.01906538 -0.14789104
10 19 14 718182 -4.33492661e-03 -2.86102295e-06 -1.31751060e-01
10 19 14 761753 -0.01796961  0.01241064 -0.14453983
10 19 14 819252 -0.02565956 -0.03853893 -0.13501549
10 19 14 871915 -0.00522709  0.02062511 -0.13658333
10 19 14 919372 -0.03632593 -0.04041862 -0.14378786
10 19 14 963987 -0.00894928  0.01854134 -0.13110924
10 19 15 8725 -0.02309847  0.00307178 -0.14752817
10 19 15 50620 -0.01491261 -0.02019262 -0.1330452 
10 19 15 102764 -0.01070166  0.01711559 -0.13990355
10 19 15 152468 -0.03344297 -0.04759693 -0.13818169
10 19 15 203057 -0.00591135  0.02549887 -0.1329422 
10 19 15 253248 -0.03918552 -0.01616573 -0.1471076 
10 19 15 302878 -0.00103951 -0.00235701 -0.13179207
10 19 15 355302 -0.01566029  0.01441479 -0.14378452
10 19 15 403111 -0.02829266 -0.03739071 -0.13371468
10 19 15 456288 -0.03211689 -0.03697634 -0.14246798
10 19 15 503915 -0.00771475  0.02026701 -0.13040972
10 19 15 551068 -2.44388580e-02  2.43186951e-05 -2.93807745e+00
10 19 15 602719 -0.01584482 -0.02097225 -0.13137054
10 19 15 651714 -0.00755167  0.01866865 -0.13759422
10 19 15 702050 -0.0323329  -0.04501295 -0.13711119
10 19 15 752010 -0.01094198 -0.02748632 -0.0871253 
10 19 15 803222  0.00040531  0.01401997 -0.09495401
10 19 15 852383 -0.01289654 -0.03655243 -0.0908165 
10 19 15 901748 -0.00102329  0.02442455 -0.09146214
10 19 15 953895 -0.01977015 -0.03665066 -0.09583187
10 19 16 5914  0.00389481  0.02172852 -0.08761406
10 19 16 54418 -0.02364111 -0.02471542 -0.09745121
10 19 16 103296  0.00610447  0.01137972 -0.08418608
10 19 16 150127 -0.02418613 -0.00962591 -0.10006666
10 19 16 201951  0.00371647 -0.00475788 -0.08449841
10 19 16 251640 -0.01434135  0.00169277 -0.09791803
10 19 16 302537 -0.00483561 -0.02039671 -0.08629751
10 19 16 352347 -0.00705671  0.0160594  -0.09494352
10 19 16 403574 -0.01297092 -0.03185368 -0.08884621
10 19 16 453624  0.00165653  0.02296352 -0.09148645
10 19 16 501456 -0.01364231 -0.03547001 -0.0915637 
10 19 16 553715  0.00611687  0.02987242 -0.08761454
10 19 16 603303 -0.01832485 -0.02802515 -0.09662008
10 19 16 655606  0.00807095  0.02067184 -0.08429337
10 19 16 702330 -0.0189209  -0.01200294 -0.09799433
10 19 16 750620  0.01162004  0.00777245 -0.08314323
10 19 16 802031 -0.01278782  0.00286913 -0.09800243
10 19 16 851169  0.00803328 -0.00721788 -0.08453989
10 19 16 902596 -0.00235176  0.01502132 -0.09544849
10 19 16 952092  0.00194883 -0.01945782 -0.08617306
10 19 17 9378  0.00435925  0.02643442 -0.09262991
10 19 17 52904 -0.0041151  -0.0257864  -0.08912134
10 19 17 101620  0.0119791   0.03264713 -0.08985138
10 19 17 153775 -0.005548   -0.02526903 -0.09274721
10 19 17 202473  0.01529026  0.03546333 -0.08667231
10 19 17 254651 -0.01066923 -0.01446867 -0.09740543
10 19 17 303114  0.01959658  0.02676916 -0.08464813
10 19 17 351095 -0.00852871 -0.00127363 -0.09882784
10 19 17 401824  0.02047777  0.01399946 -0.08312368
10 19 17 451968 -0.00149012  0.01449537 -0.09813595
10 19 17 503512  0.01429701 -0.00356674 -0.08462858
10 19 17 552863  0.0053544   0.02772474 -0.0947504 
10 19 17 603685  0.0024085  -0.0171051  -0.08614254
10 19 17 653232  0.01117229  0.0350709  -0.09210014
10 19 17 708498 -0.00392914 -0.02419233 -0.09070301
10 19 17 770197  0.01422882  0.04023218 -0.08945894
10 19 17 826029 -0.00580168 -0.02229691 -0.09505177
10 19 17 873864  0.01356792  0.03494883 -0.08632326
10 19 17 922219 -0.01622677 -0.00929403 -0.0980072 
10 19 17 970624  0.01822805  0.02119637 -0.0829339 
10 19 18 19666 -0.01232529  0.00222635 -0.0969224 
10 19 18 51636  0.01462793  0.00392103 -0.08180618
10 19 18 103306 -0.00625181  0.01578331 -0.09558725
10 19 18 155747  0.00106478 -0.0134654  -0.08313894
10 19 18 203540  0.00428915  0.02440786 -0.09153366
10 19 18 252919 -0.00605202 -0.02771854 -0.08427334
10 19 18 301697  0.00356007  0.03237867 -0.08755636
10 19 18 353976 -0.01445293 -0.0337081  -0.0877142 
10 19 18 403215  0.00725126  0.0313201  -0.08464861
10 19 18 454330 -0.01813936 -0.02409935 -0.09180689
10 19 18 504395  0.00347185  0.02227259 -0.08103228
10 19 18 551140 -0.02720881 -0.01291132 -0.09428692
10 19 18 602752  0.00819349  0.00396538 -0.07980824
10 19 18 650776 -0.02091122  0.00033951 -0.09423065
10 19 18 702365 -0.00368977 -0.01321125 -0.08039808
10 19 18 752571 -0.01411772  0.01167011 -0.09179497
10 19 18 803212 -0.01501322 -0.03018236 -0.08221865
10 19 18 854072 -0.00791359  0.01734877 -0.08927393
10 19 18 902990 -0.02064896 -0.03678179 -0.08586311
10 19 18 954860 -0.00684452  0.02438879 -0.08657217
10 19 19 5880 -0.02802467 -0.03841305 -0.08964586
10 19 19 56358 -0.0040741   0.02185106 -0.08379889
10 19 19 105468 -0.03250408 -0.02613306 -0.0941081 
10 19 19 151108 -0.00449038  0.01259947 -0.0817194 
10 19 19 203163 -0.03402281 -0.01372576 -0.09662819
10 19 19 251216 -0.00125647 -0.00436068 -0.08086157
10 19 19 302754 -0.02548885  0.00304747 -0.09507561
10 19 19 353167 -0.01015139 -0.0213151  -0.0826869 
10 19 19 403891 -0.018188    0.01346731 -0.09209442
10 19 19 453458 -0.01927662 -0.03349352 -0.08458948
10 19 19 502954 -0.01295853  0.0210557  -0.08948517
10 19 19 554791 -0.02294874 -0.03816128 -0.08667994
10 19 19 604452 -0.00752974  0.02735853 -0.0855937 
10 19 19 654102 -0.02945423 -0.03624582 -0.08989096
10 19 19 703985 -0.00294209  0.02351952 -0.08142519
10 19 19 751523 -0.03007936 -0.02087975 -0.09231091
10 19 19 802039  0.00013113  0.01293373 -0.07896185
10 19 19 852061 -0.0297718  -0.00615644 -0.09418011
10 19 19 902904  0.00189924 -0.00570107 -0.07835817
10 19 19 958098 -0.01738214  0.00715303 -0.09140301
10 19 20 29465 -0.00469637 -0.01962757 -0.08056831
10 19 20 72473 -0.00919437  0.01916981 -0.08818293
10 19 20 138576 -0.01243067 -0.03178501 -0.08141851
10 19 20 177061 -0.00305367  0.02560186 -0.08484077
10 19 20 221836 -0.01699924 -0.03611183 -0.08396721
10 19 20 271422  0.00080824  0.03108788 -0.08022928
10 19 20 326653 -0.02003098 -0.03294849 -0.08717489
10 19 20 374057  0.00249434  0.02214718 -0.07650995
10 19 20 417991 -0.02442932 -0.01775599 -0.08704805
10 19 20 471284  0.01134872  0.00888014 -0.07400417
10 19 20 503455 -0.02216196 -0.00349569 -0.08994055
10 19 20 568052  0.00320578 -0.00804186 -0.07471609
10 19 20 619038 -0.00969696  0.00924969 -0.0865531 
10 19 20 665985 -0.0038414  -0.02603531 -0.07692814
10 19 20 719498 -0.00548124  0.02153587 -0.08346081
10 19 20 770744 -0.00854492 -0.03599739 -0.07914114
10 19 20 822455  0.00164986  0.02735376 -0.0804801 
10 19 20 876126 -0.01208782 -0.03879023 -0.08210945
10 19 20 923068  0.00501966  0.03104925 -0.07631779
10 19 20 969202 -0.01692915 -0.02669239 -0.08701181
10 19 21 30502  0.01350594  0.01735306 -0.0744915 
10 19 21 68009 -0.01892138 -0.0116024  -0.08848238
10 19 21 116016  0.01483631  0.00263786 -0.07306814
10 19 21 154715 -0.0076313   0.00333691 -0.08868456
10 19 21 202954  0.00961351 -0.01711464 -0.07451248
10 19 21 254717  0.00017262  0.0141921  -0.08362627
10 19 21 303707  0.00454807 -0.03113413 -0.07555389
10 19 21 352909  0.00859308  0.02355623 -0.08003807
10 19 21 402108 -0.00076675 -0.0385294  -0.07792091
10 19 21 457645 -0.00281048 -0.03790569 -0.08171892
10 19 21 504441  0.01403332  0.02603865 -0.07390594
10 19 21 551573 -0.01199722  0.03116179 -1.78158569
10 19 21 602615  0.02266502  0.00974846 -0.07242584
10 19 21 650876 -0.01130486 -0.01098633 -0.08649254
10 19 21 702452  0.02032423 -0.00608778 -0.07211399
10 19 21 753631 -0.01292229 -0.03103209 -0.15710211
10 19 21 802895  0.00998878  0.03366041 -0.15713835
10 19 21 852676 -0.02085304 -0.02297258 -0.16474533
10 19 21 902258  0.00316858  0.02673197 -0.15637302
10 19 21 954970 -0.0339036  -0.00770044 -0.1688509 
10 19 22 5865  0.00611496  0.00289202 -0.15780544
10 19 22 53739 -0.03162193  0.00196791 -0.17052698
10 19 22 102957 -0.01019573 -0.00852394 -0.15939522
10 19 22 149523 -0.03011608  0.01226902 -0.17092657
10 19 22 201357 -0.02289343 -0.0282402  -0.16236305
10 19 22 252273 -0.02585793  0.01865721 -0.17072248
10 19 22 303976 -0.03462219 -0.03488779 -0.16565418
10 19 22 352212 -0.02060747  0.02640104 -0.16994333
10 19 22 403527 -0.04133844 -0.04278564 -0.16986656
10 19 22 452785 -0.01748276  0.02406836 -0.16789198
10 19 22 502434 -0.04765654 -0.03078365 -0.17426252
10 19 22 553629 -0.01951599  0.0162735  -0.16514826
10 19 22 602928 -0.05692196 -0.0192275  -0.17683601
10 19 22 654030 -0.01303768 -0.00288534 -0.16450787
10 19 22 703364 -0.0522418  -0.00477743 -0.17803144
10 19 22 750725 -0.02586079 -0.01587486 -0.16552639
10 19 22 802243 -0.04775143  0.00403452 -0.17684984
10 19 22 851975 -0.03475237 -0.02853203 -0.16726065
10 19 22 904567 -0.04290199  0.01565933 -0.17649174
10 19 22 952149 -0.04802704 -0.03818369 -0.16927862
10 19 23 10851 -0.03436947  0.02120304 -0.17688656
10 19 23 52865 -0.05454397 -0.04427242 -0.1741519 
10 19 23 102141 -0.03366184  0.02491474 -0.17569494
10 19 23 153878 -0.0607338  -0.03527975 -0.18007565
10 19 23 203035 -0.0295682   0.0166955  -0.17408895
10 19 23 253883 -0.07297039 -0.02375746 -0.18525314
10 19 23 302941 -0.02847052 -0.0007906  -0.17417383
10 19 23 363762 -0.06686592 -0.00955677 -0.187994  
10 19 23 402144 -0.03655577 -0.01517344 -0.17593193
10 19 23 451917 -0.05895853  0.00155163 -0.18947792
10 19 23 502210 -0.0494976  -0.02964592 -0.1780057 
10 19 23 552380 -0.05068445  0.01213646 -0.18939829
10 19 23 622730 -0.05959129 -0.04230785 -0.18227291
10 19 23 677681 -0.04567242  0.02048016 -0.1883626 
10 19 23 715973 -0.06483698 -0.04496288 -0.18615675
10 19 23 766914 -0.04064751  0.02265787 -0.18635988
10 19 23 817743 -0.06867123 -0.03495836 -0.19093084
10 19 23 876124 -0.03632975  0.01442814 -0.18442917
10 19 23 920166 -0.0738616  -0.02195311 -0.19524145
10 19 23 968283 -0.03315592  0.00117397 -0.18291426
10 19 24 29194 -0.06875801 -0.00631809 -0.19791889
10 19 24 66980 -0.03909826 -0.01629543 -0.18514061
10 19 24 111293 -0.05785131  0.00819254 -0.19776297
10 19 24 166324 -0.05056286 -0.03304386 -0.18807364
10 19 24 212401 -0.05122328  0.01663828 -0.19628334
10 19 24 267566 -0.05390596 -0.03874588 -0.18991995
10 19 24 319215 -0.04416275  0.02514648 -0.19511032
10 19 24 372967 -0.06066561 -0.0422821  -0.19283247
10 19 24 420548 -0.03352499  0.02645111 -0.19133234
10 19 24 471744 -0.06388569 -0.03432274 -0.19753838
10 19 24 520028 -0.03003693  0.01915789 -0.18880033
10 19 24 567622 -0.06658888 -0.01902151 -0.20110893
10 19 24 617402 -0.02180958  0.00219536 -0.18664217
10 19 24 669841 -0.05853081 -0.0039587  -0.20197058
10 19 24 711090 -0.02301407 -0.01464462 -0.18719339
10 19 24 773238 -0.04377747  0.00800085 -0.20136356
10 19 24 813827 -0.03419352 -0.0305624  -0.18936682
10 19 24 876258 -0.03369665  0.01964569 -0.19801807
10 19 24 919549 -0.03561401 -0.04278231 -0.19236565
10 19 24 974313 -0.02264071  0.02772999 -0.19714403
10 19 25 17405 -0.03898239 -0.04404783 -0.19679785
10 19 25 80764 -0.01510763  0.03097105 -0.19399595
10 19 25 111638 -0.04115582 -0.03563881 -0.20229912
10 19 25 150822 -0.00590277  0.01877928 -0.19262409
10 19 25 202261 -0.04408646 -0.01782656 -0.20596504
10 19 25 250638 -0.0032444   0.00356054 -0.19150114
10 19 25 302088 -0.03544903 -0.00221491 -0.20615864
10 19 25 351448 -0.00174856 -0.01851654 -0.19349337
10 19 25 403101 -0.02719021  0.01129818 -0.20522451
10 19 25 452684 -0.01591444 -0.03012562 -0.19557381
10 19 25 501089 -0.01871061  0.01959419 -0.20312548
10 19 25 553145 -0.01751661 -0.04326153 -0.19732094
10 19 25 603110 -0.01023531  0.02648926 -0.20260429
10 19 25 655962 -0.02495098 -0.04368973 -0.20169115
10 19 25 702011 -0.00138807  0.03018713 -0.19928408
10 19 25 750154 -0.0258956  -0.03893375 -0.20541573
10 19 25 801548  0.00269127  0.02129126 -0.1961751 
10 19 25 850723 -0.0366745  -0.01859665 -0.20774794
10 19 25 902514  0.01244354  0.00263977 -0.19266796
10 19 25 951639 -0.02715492 -0.00642776 -0.20702076
10 19 26 11802  0.01008606 -0.01511621 -0.19247627
10 19 26 52231 -0.01596594  0.0085969  -0.20385504
10 19 26 101127 -0.00158596 -0.02975655 -0.19343853
10 19 26 153195 -0.00756598  0.02200747 -0.20087767
10 19 26 202409 -0.00814342 -0.04360771 -0.19459486
10 19 26 254549  0.0014739   0.02637339 -0.19862127
10 19 26 304078 -0.01303291 -0.04165173 -0.19791317
10 19 26 354061  0.0068121   0.03374052 -0.19424295
10 19 26 401651 -0.0166831  -0.03377199 -0.20167065
10 19 26 452933  0.01604271  0.0235815  -0.19237232
10 19 26 506098 -0.02656317 -0.01713705 -0.20497417
10 19 26 552264  0.02104092  0.007586   -0.19144583
10 19 26 604453 -0.01391697 -0.00191259 -0.20586157
10 19 26 653332  0.01711845 -0.01034832 -0.19275141
10 19 26 701801 -0.0073781   0.01477861 -0.20343065
10 19 26 751813  0.00472164 -0.02714539 -0.193995  
10 19 26 801873  0.00199318  0.02497292 -0.2007513 
10 19 26 855399 -0.00216866 -0.03628588 -0.19573975
10 19 26 903230  0.01055241  0.03116608 -0.19898844
10 19 26 950236 -0.00985289 -0.03910828 -0.19919109
10 19 27 9231  0.01227474  0.03482389 -0.19550514
10 19 27 50869 -0.01134491 -0.03086615 -0.20356131
10 19 27 102391  0.01756144  0.01897526 -0.19316244
10 19 27 151730 -0.02231455 -0.01469231 -0.20679903
10 19 27 203595  0.02282524  0.00173187 -0.19262695
10 19 27 252153 -0.01173353 -0.0018816  -0.20572186
10 19 27 304646  0.01462555 -0.01618433 -0.19264603
10 19 27 353516 -0.00632095  0.0110054  -0.20304823
10 19 27 402227  0.00720882 -0.03566408 -0.19349909
10 19 27 455087 -0.00417995 -0.04142952 -0.19503546
10 19 27 503196  0.00477695  0.03012276 -0.19751024
10 19 27 549896 -0.01576471  0.03107119  3.40547276
10 19 27 602329  0.01129723  0.02652836 -0.19521427
10 19 27 651104 -0.01749992 -0.0320096  -0.20379019
10 19 27 702671  0.00680161  0.01773596 -0.19138861
10 19 27 752244 -0.00289774 -0.00608349 -0.10193491
10 19 27 803692  0.00115252  0.00120831 -0.10480881
10 19 27 852896 -0.00771666 -0.00406599 -0.10953665
10 19 27 903695 -0.00663805 -0.0085659  -0.10661602
10 19 27 953521  0.00750685 -0.00171757 -0.10277462
10 19 28 6730  0.00444746  0.00166225 -0.10501623
10 19 28 54480  0.00032902 -0.00116682 -0.10753822
10 19 28 112504  0.00151777 -0.00743961 -0.10575485
10 19 28 169458  0.00265646 -0.00609732 -0.10150337
10 19 28 215823  0.00837946  0.00318098 -0.10556698
10 19 28 269368 -0.0047102  -0.00441599 -0.1102705 
10 19 28 325844 -0.00196218 -0.00951338 -0.10527229
10 19 28 353626  0.01654005 -0.00399065 -0.10209846
10 19 28 403398  0.01068974  0.00092554 -0.10490799
10 19 28 455255  0.00644159  0.00379801 -0.10661221
10 19 28 502505  0.00848198 -0.00581074 -0.10467958
10 19 28 553978  0.00933218 -0.00942087 -0.10115242
10 19 28 604413  0.01248837  0.00360394 -0.10508585
10 19 28 656758 -0.00037336 -0.00066614 -0.10783005
10 19 28 704551  0.00433493 -0.00910234 -0.10301447
10 19 28 750448  0.01960754 -0.00345278 -0.10020018
10 19 28 803728  0.01063061  0.00543118 -0.10251141
10 19 28 854992  0.00661612  0.00432634 -0.10388327
10 19 28 902770  0.01102161 -0.00893831 -0.10109234
10 19 28 952898  0.01562929 -0.00666094 -0.09878206
10 19 29 9498  0.01289272  0.00718307 -0.10178947
10 19 29 53582  0.00259542  0.00129986 -0.10240459
10 19 29 102700  0.01434135 -0.00816154 -0.09787369
10 19 29 156036  0.02461243 -0.00375652 -0.09698629
10 19 29 202881  0.01660776  0.00673676 -0.09898853
10 19 29 255494  0.01346779  0.0045557  -0.0983901 
10 19 29 302592  0.01689482 -0.00812912 -0.09512568
10 19 29 350845  0.02232504 -0.00236845 -0.09438419
10 19 29 402445  0.01451969  0.00769091 -0.09836769
10 19 29 454000  0.00841761 -0.00188923 -0.09694386
10 19 29 505930  0.02392006 -0.00795221 -0.09284782
10 19 29 553043  0.02675486  0.0008316  -0.09369087
10 19 29 604641  0.01702785  0.00928259 -0.0953331 
10 19 29 653044  1.69658661e-02 -2.14576721e-05 -9.50698853e-02
10 19 29 702886  0.02025127 -0.00910997 -0.09126377
10 19 29 752890  0.02400255  0.00174141 -0.09332037
10 19 29 802920  0.010993    0.00453186 -0.09719181
10 19 29 857963  0.01038599 -0.0052371  -0.09315729
10 19 29 903586  0.02788591 -0.00556087 -0.09062481
10 19 29 950492  0.0240221   0.00252008 -0.09244442
10 19 30 12059  0.01593113  0.00760889 -0.09403086
10 19 30 53284  0.01718044 -0.00530624 -0.09237194
10 19 30 103163  0.02250767 -0.0087595  -0.08985615
10 19 30 152282  0.02378464  0.00569439 -0.09291124
10 19 30 204859  0.00897551  0.0036459  -0.09469652
10 19 30 257174  0.01547337 -0.00807381 -0.09059238
10 19 30 301778  0.03084469 -0.00620031 -0.08895731
10 19 30 353427  0.02311182  0.00656557 -0.0914855 
10 19 30 402727  0.01663208  0.00610352 -0.09206343
10 19 30 454066  0.02054691 -0.01037455 -0.08940935
