14 30 7 355096 
14 30 7 377894 1154 146566
14 30 7 400759 54 146116
14 30 7 404148 1154 146166
14 30 7 451433 1154 146216
14 30 7 454644 1154 146266
14 30 7 503661 1154 146316
14 30 7 507344 1154 146366
14 30 7 552043 1154 146416
14 30 7 554826 1154 146466
14 30 7 612095 1154 146516
14 30 7 624021 1154 146566
14 30 10 228033 54 146116
14 30 10 277200 1154 146166
14 30 10 326352 1154 146216
14 30 10 379406 1154 146266
14 30 10 428757 1154 146316
14 30 10 478035 1154 146366
14 30 10 527038 1154 146416
14 30 10 576211 1154 146466
14 30 10 630600 1154 146516
14 30 10 680296 1154 146566
14 30 10 727722 0 1999
14 30 10 776831 0 2049
14 30 10 826020 0 2099
14 30 10 875291 0 2149
14 30 10 928392 0 2199
14 30 10 977495 0 2249
14 30 11 26702 0 2299
14 30 11 75899 0 2349
14 30 11 129067 0 2399
14 30 11 178540 0 2449
14 30 11 227418 0 2499
14 30 11 276506 0 2549
14 30 11 325730 0 2599
14 30 11 378992 0 2649
14 30 11 428102 0 2699
14 30 11 477248 0 2749
14 30 11 526371 0 2799
14 30 11 579479 0 2849
14 30 11 628804 0 2899
14 30 11 677868 0 2949
14 30 11 727082 0 2999
14 30 11 776201 0 3049
14 30 11 825430 0 3099
14 30 11 878793 0 3149
14 30 11 927717 0 3200
14 30 11 976906 0 3250
14 30 12 27439 0 3300
14 30 12 75234 0 3350
14 30 12 128498 0 3400
14 30 12 177630 0 3450
14 30 12 226719 0 3500
14 30 12 275926 0 3550
14 30 12 325097 0 3600
14 30 12 378362 0 3650
14 30 12 427484 0 3700
14 30 12 476642 0 3750
14 30 12 525734 0 3800
14 30 12 578796 0 3850
14 30 12 627931 0 3900
14 30 12 678514 0 3950
14 30 12 726502 0 4000
14 30 12 775678 0 4050
14 30 12 824779 0 4100
14 30 12 878038 0 4150
14 30 12 927181 0 4200
14 30 12 976363 0 4250
14 30 13 25513 0 4300
14 30 13 78744 0 4350
14 30 13 127878 0 4400
14 30 13 177020 0 4450
14 30 13 226192 0 4500
14 30 13 275335 0 4550
14 30 13 328473 0 4600
14 30 13 379186 0 4651
14 30 13 428217 0 4701
14 30 13 477380 0 4751
