11 16 24 465005 -0.15052962  0.01194453  0.99206114
11 16 24 467363 -0.1491015   0.00689697  0.9905827 
11 16 24 486868 -0.1464088   0.00920558  0.99200821
11 16 24 489277 -0.14417338  0.00687337  0.99298596
11 16 24 491776 -0.14716363  0.0045042   0.99158573
11 16 24 512256 -0.14754224  0.00676322  0.99223089
11 16 24 560399 -0.14642191  0.00469804  0.99092889
11 16 24 612836 -0.14793682  0.00513792  0.99232912
11 16 24 663522 -0.14553428  0.00683761  0.99081731
11 16 24 712820 -0.14580441  0.01057458  0.99100471
11 16 24 765029 -0.14533019  0.00761414  0.99228644
11 16 24 812281 -0.14618802  0.00644469  0.9909544 
11 16 24 863854 -0.14922881  0.00995922  0.99100232
11 16 24 911125 -0.14809394  0.00981164  0.99310684
11 16 24 961725 -0.14838243  0.00850701  0.99068189
11 16 25 10704 -0.14715791  0.00770164  0.98988771
11 16 25 62746 -0.14813852  0.00688958  0.99274302
11 16 25 112932 -0.14478445  0.0072844   0.99151039
11 16 25 161338 -0.14714575  0.00677586  0.99570274
11 16 25 213449 -0.14822483  0.00946951  0.99413228
11 16 25 261974 -0.14596581  0.0095675   0.9924562 
11 16 25 313428 -0.14492059  0.009408    0.99074364
11 16 25 366375 -0.14775157  0.01260781  0.98878217
11 16 25 410569 -0.14587975  0.01035666  0.98890328
11 16 25 461516 -0.14534664  0.00833297  0.99017572
11 16 25 510613 -0.14707971  0.00848651  0.99052715
11 16 25 561687 -0.14655089  0.00962138  0.99137831
11 16 25 612225 -0.14511847  0.01059961  0.9920373 
11 16 25 660805 -0.1497879   0.00888848  0.99078703
11 16 25 711877 -0.14423847  0.00804591  0.99202752
11 16 25 764090 -0.14627552  0.00729966  0.99042511
11 16 25 814766 -0.14559364  0.01196599  0.99132538
11 16 25 866200 -0.14655614  0.00801897  0.9877429 
11 16 25 914024 -0.14447188  0.00695372  0.99017143
11 16 25 962357 -0.1451962   0.00960779  0.99029088
11 16 26 9433 -0.14687133  0.00832415  0.99067307
11 16 26 69369 -0.14596105  0.00642419  0.99307799
11 16 26 111473 -0.14760041  0.00771689  0.99123383
11 16 26 162396 -0.14588785  0.01055312  0.9903965 
11 16 26 212192 -0.1491034   0.0083046   0.98810959
11 16 26 260798 -0.14622736  0.00873709  0.99059677
11 16 26 312198 -0.14778876  0.00964546  0.98780203
11 16 26 360976 -0.14568615  0.01036549  0.99394655
11 16 26 412845 -0.14782238  0.00731564  0.99005842
11 16 26 462715 -0.14676929  0.00503612  0.99008965
11 16 26 513683 -0.1449616   0.00849247  0.99089146
11 16 26 565477 -0.1456399   0.00767159  0.99499488
11 16 26 611276 -0.14970469  0.0074842   0.99135327
11 16 26 661287 -0.14625454  0.00742531  0.9907465 
11 16 26 710204 -0.14610744  0.00746775  0.99123216
11 16 26 765901 -0.14412403  0.00645304  0.99376321
11 16 26 811788 -0.14616013  0.00395632  0.99049044
11 16 26 861573 -0.14535928  0.00793552  0.99207091
11 16 26 911963 -0.14551687  0.00770164  0.99214244
11 16 26 960928 -0.14780188  0.00508785  0.99364376
11 16 27 13980 -0.14662814  0.00603127  0.99448419
11 16 27 64822 -0.14441347  0.00652671  0.99425888
11 16 27 114256 -0.14304566  0.00811553  0.99261117
11 16 27 162612 -0.14777946  0.00670767  0.99122882
11 16 27 210249 -0.14451551  0.00605273  0.99234033
11 16 27 260864 -0.14578056  0.00796866  0.99290824
11 16 27 310696 -0.14618945  0.00631094  0.99238634
11 16 27 364037 -0.14706039  0.00661349  0.99317455
11 16 27 412052 -0.14528775  0.00583577  0.98944402
11 16 27 460439 -0.14211917  0.00873566  0.99203801
11 16 27 513827 -0.14590669  0.00326514  0.99199677
11 16 27 561277 -0.14722466  0.0052917   0.99145317
11 16 27 613689 -0.14603162  0.00690866  0.99149752
11 16 27 662476 -0.14882255  0.00669169  0.99166059
11 16 27 713889 -0.14617658  0.00391865  0.98969555
11 16 27 765505 -0.14696383  0.00487924  0.99133992
11 16 27 811670 -0.146945    0.00584817  0.99082065
11 16 27 863534 -0.14743638  0.0048852   0.99179602
11 16 27 911254 -0.14759302  0.00368738  0.99240065
11 16 27 962567 -0.1438756   0.0058713   0.99147367
11 16 28 11349 -0.14497852  0.0074327   0.99053741
11 16 28 63077 -0.14487386  0.00503922  0.99026299
11 16 28 112271 -0.14800048  0.0048492   0.99251652
11 16 28 161793 -0.14848232  0.00531793  0.99047399
11 16 28 213399 -0.14871407  0.00437665  0.98892093
11 16 28 262191 -0.15043163  0.00488734  0.99473715
11 16 28 344977 -0.14729285  0.00425959  0.9907124 
11 16 28 380689 -0.14900637  0.00564742  0.99060249
11 16 28 410133 -0.14834237  0.0060246   0.99066496
11 16 28 461982 -0.14458442  0.00267792  0.98887992
11 16 28 511384 -0.14559245  0.00510502  0.99235344
11 16 28 562790 -0.14652824  0.00398684  0.9906404 
11 16 28 611931 -0.14975929  0.00701189  0.99394608
11 16 28 660870 -0.14497209  0.00700569  0.9902873 
11 16 28 712659 -0.14365196  0.00511742  0.98990655
11 16 28 764675 -0.14666104  0.00708246  0.99197054
11 16 28 815367 -0.14511347  0.00676727  0.99136138
11 16 28 864921 -0.14779782  0.00566173  0.99181104
11 16 28 914139 -0.14793658  0.00570607  0.99026012
11 16 28 988558 -0.14861989  0.00808859  0.99259186
11 16 29 36678 -0.14943504  0.00911546  0.98957539
11 16 29 103181 -0.14782977  0.00798392  0.98939681
11 16 29 149951 -0.1479876   0.00932431  0.99045777
11 16 29 197850 -0.1477859   0.00830269  0.98801208
11 16 29 244337 -0.14485288  0.0101223   0.99082494
11 16 29 285466 -0.14827871  0.00618076  0.99091578
11 16 29 312568 -0.14990473  0.00885081  0.99149132
11 16 29 360949 -0.15203929  0.00545001  0.99117851
11 16 29 412908 -0.14962554  0.00470757  0.99074221
11 16 29 461991 -0.14871979  0.00493073  0.99075055
11 16 29 514814 -0.14976907  0.0058713   0.99182487
11 16 29 562863 -0.1489532   0.00761819  0.99183083
11 16 29 608997 -0.14484572  0.00462103  0.99079776
11 16 29 660661 -0.14959741  0.00470996  0.98899603
11 16 29 710497 -0.14835     0.00529838  0.9899199 
11 16 29 767214 -0.14804912  0.00641131  0.99056458
11 16 29 812791 -0.14646316  0.00567818  0.99039888
11 16 29 861051 -0.14552116  0.00605726  0.98963976
11 16 29 912113 -0.14855456  0.0045135   0.98948908
11 16 29 961621 -0.14994478  0.00800419  0.9908576 
11 16 30 12668 -0.14526486  0.00675845  0.99235749
11 16 30 64423 -0.14420867  0.00788522  0.99295187
11 16 30 113384 -0.1483047   0.00530243  0.99197102
11 16 30 168117 -0.14816117  0.00704837  0.99030399
11 16 30 210052 -0.14929914  0.00668979  0.99362707
11 16 30 261598 -0.1470592   0.00702667  0.99516749
11 16 30 312232 -0.14527011  0.00463223  0.99005032
11 16 30 363044 -0.14737821  0.00517154  0.99248791
11 16 30 411957 -0.14677262  0.00631857  0.98846173
11 16 30 460996 -0.14438486  0.00685501  0.98873425
11 16 30 512019 -0.14418125  0.00459623  0.99161339
11 16 30 561398 -0.14881873  0.0062449   0.99108553
11 16 30 612906 -0.14800358  0.0056932   0.99167442
11 16 30 688404 -0.14690709  0.008919    0.98997355
11 16 30 713546 -0.14927077  0.0042603   0.99041438
11 16 30 765017 -0.1458528   0.00683475  0.98936486
11 16 30 846014 -0.15620875 -0.24996543 -1.68362737
11 16 30 887249 -0.14255714  0.00727296  0.98929381
11 16 30 930219 0.01505756 0.20314646 1.28512025
11 16 30 984383 -0.14535332  0.00549316 -1.3555088 
11 16 31 14827 -0.14844656  0.00500774  0.99224496
11 16 31 63518 -0.00037098  0.00120378  0.01555324
11 16 31 112616 -0.14742255  0.00874209  0.98966527
11 16 31 161696 -0.1467092   0.00889754  0.99068069
11 16 31 212685 -0.14233828  0.00628042  0.9917593 
11 16 31 263133 -0.14534068  0.00881505  0.99164653
11 16 31 314155 -0.14771271  0.00865388  0.99258542
11 16 31 362496 -0.14701629  0.00891924  0.99402142
11 16 31 409473 -0.14718723  0.00921464  0.99097896
11 16 31 461168 -0.14646125  0.00718951  0.99145412
11 16 31 510931 -0.14628959  0.00642014  0.99033856
11 16 31 580079 -0.14837813  0.00840306  0.9910717 
11 16 31 611384 -0.14647198  0.00821757  0.99111152
11 16 31 660640 -0.14686322  0.00869751  0.99365425
11 16 31 722073 -0.14773464  0.01030064  0.99054384
11 16 31 788161 -0.14601493  0.00754166  0.98888803
11 16 31 838367 -0.14728522  0.00599647  0.98917532
11 16 31 871820 -0.14904118  0.00638199  0.99027348
11 16 31 914362 -0.15131164  0.00466442  0.99316931
11 16 31 962840 -0.14614677  0.00870347  0.99167824
11 16 32 10890 -0.14649487  0.00732112  0.99053931
11 16 32 69643 -0.1459949   0.00704026  0.99395776
