10 56 9 508918 -0.16973376 -0.03237987  0.91618609
10 56 9 542444 -0.17889428  0.0117557   1.04937053
10 56 9 585413 -0.14816332  0.0737288   1.05743456
10 56 9 633978 -0.14254999  0.05640292  0.97159004
10 56 9 685309 -0.1426599  -0.0377624   0.92954469
10 56 9 731665 -0.15664792 -0.07455611  0.99810982
10 56 9 803631 -0.18334961  0.01059651  1.08594108
10 56 9 843392 -0.170156    0.10075092  1.05185676
10 56 9 882001 -0.15091753  0.07803464  0.91705751
10 56 9 938376 -1.65895462e-01 -2.31266022e-05  8.91539812e-01
10 56 9 986181 -0.17228389  0.00163674  0.99253893
10 56 10 14589 -0.1555748   0.0459764   1.07073689
10 56 10 66464 -0.15119743  0.05998206  1.02874541
10 56 10 115896 -0.13948154  0.03373814  0.94414592
10 56 10 164792 -0.12178326 -0.05323982  0.9250598 
10 56 10 217881 -0.15301323 -0.09784174  1.01268697
10 56 10 265229 -0.20352435  0.00906444  1.10446715
10 56 10 317135 -0.16841936  0.12972951  1.04894781
10 56 10 366310 -0.11811256  0.0860424   0.89224052
10 56 10 413446 -0.15902233 -0.02292037  0.87020254
10 56 10 464749 -0.18164396 -0.00869608  1.00680614
10 56 10 514318 -0.15295124  0.06346726  1.07683182
10 56 10 565700 -0.13942528  0.07795     1.01144695
10 56 10 618175 -1.36012793e-01  9.17911530e-04  9.29558992e-01
10 56 10 663191 -0.14801788 -0.07138157  0.95799375
10 56 10 716336 -0.17132783 -0.01052547  1.06549954
10 56 10 767819 -0.16437864  0.09068847  1.08300757
10 56 10 818148 -0.14310813  0.08946157  0.95806766
10 56 10 865470 -0.15379095  0.00742984  0.87272525
10 56 10 918008 -0.1754539  -0.01481915  0.95456719
10 56 10 966808 -0.14264917  0.04303455  1.06111193
10 56 11 13143 -0.14800644  0.0564878   1.0539577 
10 56 11 73148 -0.14305615  0.0468533   0.97240424
10 56 11 114480 -0.11588931 -0.01712728  0.91231465
10 56 11 169057 -0.13235211 -0.0953424   0.96785355
10 56 11 215750 -0.18794131 -0.04225802  1.08171296
10 56 11 263876 -0.1875608   0.10122013  1.09313583
10 56 11 316480 -0.11986351  0.12942791  0.95061636
10 56 11 364442 -0.13300872  0.0155561   0.84808946
10 56 11 416929 -0.1870501  -0.02724481  0.9352262 
10 56 11 466538 -0.15990186  0.04600644  1.06374645
10 56 11 517474 -0.13271236  0.091995    1.04928684
10 56 11 566063 -0.13455844  0.04096103  0.95931888
10 56 11 613062 -0.14562869 -0.05117702  0.93556714
10 56 11 664630 -0.16573429 -0.03690434  1.0286324 
10 56 11 714617 -0.16224432  0.06023788  1.07961965
10 56 11 768166 -0.13923478  0.09092259  1.00563073
10 56 11 814892 -0.15152478  0.03280282  0.89806199
10 56 11 862786 -0.17154312 -0.01473784  0.92852807
10 56 11 916019 -0.13886356  0.02361059  1.03576517
10 56 11 964482 -0.14546537  0.04702568  1.05950499
10 56 12 16627 -0.15328407  0.0526166   1.00048757
10 56 12 68190 -0.13055849  0.02642369  0.92331553
10 56 12 120633 -0.11452627 -0.06713772  0.93127894
10 56 12 167888 -0.15118313 -0.10425591  1.02926731
10 56 12 214543 -0.20261788  0.0224812   1.11097574
10 56 12 264691 -0.16375232  0.14352512  1.03504634
10 56 12 314645 -0.11254954  0.08263922  0.87776875
10 56 12 365591 -0.16375327 -0.03012896  0.86203671
10 56 12 415137 -0.18542385 -0.00324583  1.01105094
10 56 12 475110 -0.14977098  0.06958461  1.07859063
10 56 12 537772 -0.14177918  0.07688785  1.00722384
10 56 12 573963 -0.13991404 -0.00849867  0.93965816
10 56 12 616675 -0.15225172 -0.06565928  0.97499013
10 56 12 665649 -0.17730451  0.00175762  1.06453753
10 56 12 717643 -0.1727562   0.08472514  1.06089449
10 56 12 768868 -0.14883876  0.08066177  0.95081401
10 56 12 814551 -0.16108108  0.01343918  0.89388824
10 56 12 864920 -0.17526031 -0.00263548  0.9724462 
10 56 12 914723 -0.14978456  0.04872227  1.05515671
10 56 12 977031 -0.15088201  0.06059718  1.03115058
10 56 13 46215 -0.13376069  0.0420475   0.95774412
10 56 13 87449 -0.11804605 -0.04580832  0.91583562
10 56 13 136563 -0.15995836 -0.09974408  0.9917171 
10 56 13 189218 -0.20381665  0.00417161  1.09502816
10 56 13 242076 -0.16987658  0.13348007  1.06197405
10 56 13 292537 -0.11114597  0.09685779  0.90575862
10 56 13 331787 -0.16074896 -0.0241797   0.85900831
10 56 13 381979 -0.19640064 -0.01784492  0.98676443
10 56 13 446991 -0.15466309  0.06448245  1.07865524
10 56 13 485760 -0.12199259  0.08561349  1.01785612
10 56 13 514436 -0.12479782 -0.0103159   0.93321633
10 56 13 565951 -0.15537047 -0.09479451  0.96019578
10 56 13 613779 -0.17730618 -0.02466178  1.0613184 
10 56 13 686231 -0.16286778  0.09504032  1.0777669 
10 56 13 737407 -0.12886119  0.10930324  0.96713471
10 56 13 789987 -0.14442396  0.01087689  0.87889647
10 56 13 818995 -0.18065882 -0.02276063  0.95185947
10 56 13 864471 -0.14780545  0.04309416  1.06012082
10 56 13 916609 -0.12830877  0.07663655  1.0483377 
10 56 13 968533 -0.11610055  0.04809284  0.96876121
10 56 14 13332 -0.10808659 -0.06296611  0.90924406
10 56 14 72155 -0.16574574 -0.11301112  0.99038601
10 56 14 114082 -0.195081    0.02376461  1.10506415
10 56 14 166091 -0.13649058  0.15103316  1.06874418
10 56 14 215280 -0.09632611  0.08580422  0.89857006
10 56 14 264017 -0.16498756 -0.04070878  0.85703683
10 56 14 314914 -0.19479322 -0.01903629  1.00037122
10 56 14 364058 -0.13812852  0.07573891  1.0846312 
10 56 14 416314 -0.11100817  0.08801746  1.02057004
10 56 14 466278 -0.12192535 -0.01765728  0.9288373 
10 56 14 516753 -0.16939092 -0.08823729  0.96180367
10 56 14 566229 -0.18118453 -0.0011878   1.06024265
10 56 14 613073 -0.1353755   0.10065675  1.06168175
10 56 14 664445 -0.12664843  0.07887721  0.95304608
10 56 14 714030 -1.59085512e-01 -3.79562378e-04  8.93650770e-01
10 56 14 784775 -0.17378235 -0.01169395  0.97246313
10 56 14 839849 -0.14600301  0.03474307  1.05353069
10 56 14 884576 -0.13104534  0.06545353  1.04222918
10 56 14 938111 -0.11819458  0.05170274  0.97857809
10 56 14 967681 -0.11677313 -0.0546639   0.91510749
10 56 15 16438 -0.18000293 -0.10030937  0.99318314
10 56 15 68219 -0.19554639  0.0315659   1.09463382
10 56 15 116912 -0.13204551  0.14882898  1.06419778
10 56 15 165520 -0.11711073  0.0865593   0.91043901
10 56 15 213308 -0.18076134 -0.02325773  0.87020826
10 56 15 264862 -0.19195318 -0.00528097  0.99596143
10 56 15 313962 -0.15372586  0.06702328  1.06848383
10 56 15 364774 -0.13789773  0.08008981  1.02563572
10 56 15 414306 -0.13196564  0.01096749  0.94465351
10 56 15 463371 -0.15784359 -0.06332111  0.95233345
10 56 15 515257 -0.18459392 -0.03646255  1.03316212
10 56 15 565015 -0.17688966  0.0739615   1.07115626
10 56 15 616354 -0.1450448   0.11010575  0.99061751
10 56 15 669637 -0.14769983  0.03919411  0.88689923
10 56 15 718689 -0.17186809  1.37508225 -0.18345666
10 56 15 768678 -0.14395237  0.05941248  1.04244208
10 56 15 812563  0.01506066 -0.74976468  0.48825598
10 56 15 864828 -0.11748672 -0.00457764 -1.7463727 
10 56 15 913911 -0.14364505 -0.10247803  0.96002412
10 56 15 979747 -0.00269699  0.00020766  0.01555872
10 56 16 36539 -0.15042353  0.02317023  1.02709079
10 56 16 83550 -0.1520021   0.03317142  1.04434729
10 56 16 134265 -0.14984012  0.05671072  1.00792789
10 56 16 181647 -0.11530924  0.04247212  0.94688129
10 56 16 239407 -0.11235785 -0.07468438  0.9353683 
10 56 16 284291 -0.16442204 -0.07749104  1.02519274
10 56 16 336099 -0.17942095  0.08170056  1.09980488
10 56 16 366710 -0.11777258  0.15690184  1.01245785
10 56 16 412829 -0.1123879   0.04876661  0.86960626
10 56 16 464064 -0.18725348 -0.04218817  0.89888096
10 56 16 513285 -0.17875862  0.02693963  1.04497671
10 56 16 567186 -0.13511515  0.09210682  1.08362412
10 56 16 614215 -0.12818027  0.04747534  0.99238539
10 56 16 663086 -0.13743758 -0.04942274  0.93698072
10 56 16 715412 -0.16044044 -0.03463411  1.00787568
10 56 16 766986 -0.15165854  0.0749464   1.06803417
10 56 16 818648 -0.12524176  0.09842038  0.99795318
10 56 16 864912 -0.14587402  0.03248477  0.90424705
10 56 16 943878 -0.17094994 -0.00283194  0.94493914
10 56 16 983721 -0.14187026  0.0346725   1.0345211 
10 56 17 33174 -0.14781141  0.05108833  1.04705048
10 56 17 101251 -0.14060521  0.0558722   0.99300075
10 56 17 137928 -0.10921288 -0.00378108  0.92357397
10 56 17 168444 -0.13982296 -0.0828073   0.96321726
10 56 17 215134 -0.17851615 -0.00406408  1.07432652
10 56 17 263437 -0.14058137  0.131392    1.06937504
10 56 17 317289 -0.10120964  0.10342741  0.93397856
10 56 17 366769 -0.14871478 -0.01459455  0.86615133
10 56 17 417541 -0.18997073 -0.01867151  0.97698069
10 56 17 465118 -0.15042567  0.06761789  1.08420587
10 56 17 517757 -0.1193428   0.0927577   1.04653049
10 56 17 566459 -0.11948323 -0.00514126  0.93835759
10 56 17 612880 -0.17267632 -0.05180192  0.95704436
10 56 17 668617 -0.16322207  0.05043507  1.04913116
10 56 17 717272 -0.11123013  0.09631371  1.02918601
10 56 17 766785 -0.13037586  0.03580236  0.92775249
10 56 17 815529 -0.17987704 -0.01032233  0.93416262
10 56 17 863378 -0.14964271  0.02397585  1.00734878
10 56 17 916394 -0.14186835  0.03115439  1.04911113
10 56 17 964798 -0.14969635  0.05072927  1.02637315
10 56 18 17103 -0.11314869  0.0534761   0.95644569
10 56 18 68267 -0.11026192 -0.06520939  0.91267633
10 56 18 136942 -0.18046761 -0.07504773  1.01698971
10 56 18 186074 -0.17647648  0.09250379  1.10510826
10 56 18 233837 -0.10207176  0.16080475  1.01977992
10 56 18 278117 -0.11408758  0.05489039  0.87117696
10 56 18 331643 -0.19475365 -0.03684807  0.8972559 
10 56 18 378107 -0.18168521  0.02345347  1.03547978
10 56 18 441726 -0.13332176  0.09408355  1.08712721
10 56 18 481330 -0.1210978   0.0552392   1.00737333
10 56 18 534127 -0.14738822 -0.03042722  0.9365325 
10 56 18 564514 -0.1794765  -0.01930523  0.98466587
10 56 18 617744 -0.14506531  0.07516551  1.04948902
10 56 18 665379 -0.11968684  0.08716655  0.99505734
10 56 18 718089 -0.14767456  0.02249241  0.91751671
10 56 18 776653 -0.1732688  -0.00755072  0.96238375
10 56 18 833649 -0.14973211  0.02973199  1.03377724
10 56 18 886802 -0.14826465  0.04808974  1.05327034
10 56 18 937914 -0.12317538  0.06333613  0.99599719
10 56 18 965380 -0.10751438 -0.019068    0.91242743
10 56 19 15114 -0.16756415 -0.08237028  0.96445632
10 56 19 66951 -0.18863726  0.03094172  1.08203578
10 56 19 115727 -0.1129427   0.14002466  1.05741   
10 56 19 176431 -0.09073877  0.07243156  0.91704297
10 56 19 253114 -0.17532945 -0.03675389  0.89046454
10 56 19 294642 -0.19122314 -0.00496268  1.00425863
10 56 19 346342 -0.13532877  0.08278275  1.0750587 
10 56 19 390481 -0.11284685  0.06852269  1.01887965
10 56 19 430756 -0.1345005  -0.02672744  0.94296908
10 56 19 481916 -0.18333483 -0.02861595  0.98054743
10 56 19 535574 -0.15336752  0.06872702  1.04252696
10 56 19 584794 -0.10916638  0.07405949  0.99431658
10 56 19 640375 -0.14586687  0.01363587  0.9366684 
10 56 19 664448 -1.74128294e-01 -7.86781311e-06  9.67533588e-01
10 56 19 715913 -0.14593172  0.03504252  1.02822995
10 56 19 767233 -0.1530652   0.04704404  1.03908348
10 56 19 817258 -0.13101101  0.06457162  0.99666739
10 56 19 867491 -9.92665291e-02 -5.45978546e-05  9.23335075e-01
10 56 19 917414 -0.15359306 -0.08186531  0.95901895
10 56 19 965399 -0.19507718  0.01362252  1.06836653
10 56 20 13703 -0.13047123  0.14492345  1.06048155
10 56 20 75683 -0.09255862  0.09497356  0.92303252
10 56 20 113705 -0.16883326 -0.02114677  0.87994838
10 56 20 165264 -0.20153522 -0.00675058  0.99126911
10 56 20 215458 -0.14880157  0.06546402  1.06985712
10 56 20 263164 -0.12385607  0.06789732  1.03680325
10 56 20 318477 -0.12529087 -0.01676297  0.94914627
10 56 20 385867 -0.17350078 -0.0473628   0.96478653
10 56 20 442578 -0.1701417   0.04533768  1.03830981
10 56 20 489524 -0.12146735  0.09603667  1.01540923
10 56 20 540326 -0.13157058  0.04000378  0.92551875
10 56 20 565524 -0.18091989 -0.01339722  0.94634604
10 56 20 612886 -0.1580267  0.0235312  1.0170424
10 56 20 663950 -0.14579654  0.04726911  1.05012608
10 56 20 713377 -0.13815951  0.05441141  1.01246619
10 56 20 768265 -0.10386872  0.00916147  0.93807387
10 56 20 814413 -0.13892579 -0.07154417  0.94867921
10 56 20 863036 -0.19008684 -0.00355911  1.04807377
10 56 20 915178 -0.14164972  0.13269114  1.06606936
10 56 20 965046 -0.09693432  0.10859656  0.94174266
10 56 21 15643 -0.15627003 -0.00616288  0.88270259
10 56 21 68221 -0.20199275 -0.01928425  0.97921824
10 56 21 117194 -0.1534853   0.06306386  1.07183313
10 56 21 165724 -0.12348986  0.08075929  1.04804087
10 56 21 220317 -0.11923528 -0.00743937  0.95460892
10 56 21 266221 -0.17437506 -0.04908776  0.95812011
10 56 21 326665 -0.1753056   0.03786016  1.03692627
10 56 21 390680 -0.11766458  0.08930469  1.02334738
10 56 21 435669 -0.12863803  0.04189444  0.93378615
10 56 21 463228 -0.17933488  0.00107098  0.94023037
10 56 21 515394 -0.15346766  0.02920222  1.00703049
10 56 21 563959 -0.15503597  0.03692722  1.04139876
10 56 21 616227 -0.14772725  0.05075884  1.01898742
10 56 21 664752 -0.10645723  0.03168797  0.95302486
10 56 21 716591 -0.12328911 -0.07351398  0.9375608 
10 56 21 768854 -0.19143748 -0.04771018  1.03412604
10 56 21 812832 -0.16447711  0.11353397  1.08417034
10 56 21 864081 -0.09407353  0.13850927  0.98579502
10 56 21 913558 -0.13013244  0.02015924  0.87683725
10 56 21 965276 -0.20304108 -0.02929688  0.94228435
10 56 22 31874 -0.1650188   0.04880524  1.05739355
10 56 22 70021 -0.12930679  0.09189439  1.07272935
10 56 22 115353 -0.11637568  0.02456427  0.97748828
10 56 22 163995  0.01504636  1.17166781 -1.10570812
10 56 22 216842 -1.73781157e-01 -5.93900681e-04  1.01325393e+00
10 56 22 265065 -0.13687229  0.08816481  1.04482412
10 56 22 318159  0.01517153  1.07841349 -1.0587604 
10 56 22 366264 -0.16018701  0.00702643  0.92133188
10 56 22 416675 -0.15085387  0.03918266  1.04504633
10 56 22 465589 -0.14700174  0.01650095  0.91924405
10 56 22 513939 -0.1714704   0.00980163  0.96452951
10 56 22 565157 -0.14533138  0.03764391  1.03437877
10 56 22 614700 -0.15217423  0.05113053  1.04053187
10 56 22 665683 -0.13192439  0.05801797  0.9961915 
10 56 22 715731 -0.09987164 -0.02350974  0.92592669
10 56 22 766698 -0.15669227 -0.09283638  0.97593069
10 56 22 818599 -0.19801855  0.02699709  1.07923913
10 56 22 865775 -0.12204766  0.15534377  1.04898977
10 56 22 916914 -0.09620357  0.08840942  0.90113807
10 56 22 966119 -0.18055654 -0.0237422   0.8847096 
10 56 23 13136 -0.20600605  0.00335455  1.00518703
10 56 23 72691 -0.15108061  0.0859499   1.08383918
10 56 23 125583 -0.12249255  0.07139421  1.03047132
10 56 23 168582 -0.13997626 -0.03399396  0.94814563
10 56 23 215020 -0.17918897 -0.04350805  0.98229146
10 56 23 264805 -0.16277122  0.06571627  1.04108405
10 56 23 316400 -0.11529088  0.09641337  0.99949479
10 56 23 366809 -0.14432812  0.02935123  0.91693187
10 56 23 417056 -0.18763399 -0.00426316  0.94974685
10 56 23 465865 -0.16151524  0.04052925  1.02513766
10 56 23 517970 -0.15611291  0.05729866  1.04965639
10 56 23 566808 -0.1404686   0.0538075   1.00418854
10 56 23 614109 -0.10722494 -0.01514935  0.9323349 
10 56 23 665281 -0.16681647 -0.07137012  0.97566772
10 56 23 714281 -0.19184875  0.0315032   1.0679307 
10 56 23 766820 -0.12203002  0.13745928  1.04037452
10 56 23 814015 -0.09984493  0.0766964   0.90952063
10 56 23 863023 -0.17629838 -0.02497292  0.89732194
10 56 23 915062 -0.19138908  0.00368977  1.00581241
10 56 23 963534 -0.1440146   0.08385992  1.07744884
10 56 24 18368 -0.11916137  0.06844974  1.02641797
10 56 24 70625 -0.13301587 -0.02166677  0.94685888
10 56 24 117364 -0.18471956 -0.03244424  0.9820745 
10 56 24 165565 -0.15843606  0.05805802  1.03680658
10 56 24 213339 -0.11119509  0.08432531  0.99763989
10 56 24 264698 -0.14155555  0.02660561  0.92705011
10 56 24 314630 -1.77192211e-01  8.18729401e-04  9.50486422e-01
10 56 24 365373 -0.15452671  0.03592706  1.01716948
10 56 24 415134 -0.15413332  0.04409194  1.04720235
10 56 24 479729 -0.13529778  0.06087828  1.01153159
10 56 24 545606 -0.10311007  0.00325322  0.93775034
10 56 24 593787 -0.1491313  -0.08027053  0.95741224
10 56 24 636596 -0.19563031  0.00777817  1.05975723
10 56 24 681477 -0.13052559  0.13955355  1.05373955
10 56 24 716321 -0.09346294  0.0969522   0.92727566
10 56 24 768806 -0.1667943  -0.0156126   0.88309312
10 56 24 816536 -0.20091701 -0.00961876  0.98607564
10 56 24 864071 -0.15157795  0.07425666  1.06746674
10 56 24 916557 -0.12686729  0.0776825   1.04368377
10 56 24 967911 -0.13341951 -0.00563765  0.96545124
10 56 25 14163 -0.17935681 -0.03059292  0.96947885
10 56 25 67151 -0.1703124   0.04996896  1.03054547
10 56 25 114699 -0.11715198  0.0812633   1.00064445
10 56 25 164745 -0.13467336  0.02174115  0.92698121
10 56 25 215584 -0.17789125 -0.01178384  0.95573449
10 56 25 265079 -0.15143108  0.02256536  1.01682162
10 56 25 317121 -0.15212536  0.03749251  1.04179978
10 56 25 365879 -0.14984298  0.05595899  1.01094699
10 56 25 412566 -0.1126194   0.03832984  0.94474077
10 56 25 464781 -0.133044   -0.05863619  0.94187427
10 56 25 513529 -0.18464279 -0.03952169  1.03257585
10 56 25 564984 -0.1532495   0.09638238  1.06781578
10 56 25 614308 -0.09295416  0.12297177  0.97417235
10 56 25 663665 -0.13401842  0.02300334  0.88586617
10 56 25 715634 -0.195189   -0.02400374  0.9442811 
10 56 25 767831 -0.15911674  0.04742312  1.04739642
10 56 25 817936 -0.13136005  0.08926439  1.05520654
10 56 25 864962 -0.12410998  0.04541326  0.98172307
10 56 25 916991 -0.13845491 -0.04122686  0.93616295
10 56 25 966052 -0.17577195 -0.02337456  1.00931406
10 56 26 12974 -0.14886427  0.08110499  1.06210589
10 56 26 72355 -0.10984898  0.10291028  0.98379207
10 56 26 113764 -0.1440618   0.02437425  0.90354395
10 56 26 167579 -0.18396282 -0.00843072  0.95140553
10 56 26 214718 -0.14873266  0.04152298  1.03948307
10 56 26 263422 -0.1415081   0.07191133  1.05101299
10 56 26 319210 -0.12338734  0.05927062  0.98286057
10 56 26 363706 -0.10964203 -0.03194404  0.91769862
10 56 26 417408 -0.16505361 -0.08387375  0.97544765
10 56 26 465459 -0.17754483  0.05621338  1.08550572
10 56 26 517169 -0.10345602  0.14427876  1.03518724
10 56 26 565619 -0.09865689  0.0611732   0.88750863
10 56 26 612606 -0.18570518 -0.03853774  0.89429808
10 56 26 664002 -0.19022274  0.01675057  1.01996803
10 56 26 713243 -0.13007617  0.09453011  1.08252788
10 56 26 765857 -0.11391163  0.05555344  1.0049293 
10 56 26 814087 -0.15136886 -0.03997517  0.94611573
10 56 26 862730 -0.18754101 -0.01113629  0.99459839
10 56 26 913982 -0.13808298  0.08500004  1.03688526
10 56 26 963832 -0.10522938  0.07209706  0.96832633
10 56 27 15742 -0.15584111 -0.0014863   0.92625427
10 56 27 68330 -1.78093195e-01 -6.15119934e-04  9.73995447e-01
10 56 27 126265 -0.14375877  0.04001403  1.03444338
10 56 27 183932 -0.14812446  0.0526154   1.03985143
10 56 27 240324 -0.12432194  0.06419826  0.98725724
10 56 27 283159 -0.11832261 -0.01891589  0.92190313
10 56 27 331203 -0.17695308 -0.06429863  0.98381591
10 56 27 376632 -0.17999911  0.04835963  1.07433414
10 56 27 433326 -0.10878158  0.13172126  1.03090978
10 56 27 485403 -0.10940695  0.06359267  0.91096067
10 56 27 534363 -0.18471599 -0.02486849  0.90797758
10 56 27 583928 -0.18046522  0.0151875   1.01199102
10 56 27 637245 -0.1436522   0.07642174  1.0676465 
10 56 27 683786 -0.12656617  0.0639143   1.0221498 
10 56 27 738492 -0.1350019  -0.01536298  0.9470253 
10 56 27 790306 -0.17635679 -0.03795671  0.97968173
10 56 27 833898 -0.16256499  0.04477596  1.0405643 
10 56 27 880705 -0.12224174  0.08218026  1.00899863
10 56 27 933292 -0.13500524  0.04344964  0.92854238
10 56 27 984123 -0.1727612   0.00722861  0.94014144
10 56 28 35921 -0.16239238  0.02611136  1.00900865
10 56 28 83408 -0.15250969  0.04444265  1.05020809
10 56 28 135833 -0.13573956  0.06654334  1.02000928
10 56 28 185951 -0.10785842  0.01942039  0.94463015
10 56 28 241668 -0.13712668 -0.07190251  0.94373655
10 56 28 290804 -0.18725657 -0.01914334  1.04547548
10 56 28 338247 -0.13985372  0.12244868  1.06991243
10 56 28 387242 -0.09154177  0.11438107  0.9547298 
10 56 28 428801 -0.14677358  0.00133276  0.87981391
10 56 28 476284 -0.20271873 -0.01559639  0.96582079
10 56 28 535753 -0.15457511  0.06330466  1.06568456
10 56 28 576115 -0.12691545  0.08638048  1.05242848
10 56 28 632783 0.01515818 0.26565242 1.34750724
10 56 28 689285 -0.15368915 -0.0646162   0.9487865 
10 56 28 738305 -0.17917705  0.00357771  1.03439045
10 56 28 782105  0.01508021 -1.0933156   1.14474797
10 56 28 843213 -0.11241508  0.09197354  0.94818711
10 56 28 885354 -0.16256022  0.00131774  0.89909005
10 56 28 935469 -0.18377566  0.00461078  0.16528296
10 56 28 966944 -0.16946077  0.02080512  0.980654  
10 56 29 13273 -0.15145659  0.03342056  1.03129435
10 56 29 72569 -0.15971088  0.03471279  1.02104425
10 56 29 114671 -0.13619828  0.06642771  0.97647619
10 56 29 165417 -0.10684872  0.01924658  0.93399405
10 56 29 214148 -0.14536095 -0.09301877  0.9641993 
10 56 29 263234 -0.2150979  -0.04085255  1.06904411
10 56 29 318205 -0.19099045  0.12476182  1.07998419
10 56 29 363860 -0.10653138  0.1607163   0.96311808
10 56 29 415963 -0.12707496  0.03694725  0.85535908
10 56 29 465318 -0.20400906 -0.02411771  0.93469787
10 56 29 519569 -0.17687964  0.04794049  1.05819964
10 56 29 565377 -0.13220239  0.09527016  1.04109836
10 56 29 614832 -0.12857795  0.03848791  0.96579695
10 56 29 664196 -0.15515304 -0.05055952  0.94814897
10 56 29 713588 -0.17897153 -0.03690958  1.02343225
10 56 29 765845 -0.18171024  0.06047702  1.06377387
10 56 29 814170 -0.14419699  0.11845255  1.0017693 
10 56 29 862987 -0.13937378  0.05608058  0.90766478
10 56 29 915867 -0.17953038 -0.00614476  0.93262863
10 56 29 964041 -0.16636658  0.02433133  1.02189326
10 56 30 17640 -0.14335299  0.06037092  1.04305744
10 56 30 68840 -0.13079286  0.06402516  0.98852968
10 56 30 117279 -0.11434364 -0.0030818   0.9321816 
10 56 30 165435 -0.15046215 -0.08728862  0.95964146
10 56 30 212283 -0.20566726 -0.01671529  1.06689215
10 56 30 264541 -0.17762542  0.13169861  1.07233214
10 56 30 313960 -0.10665679  0.13944125  0.94804811
10 56 30 375993 -0.14210176  0.01017046  0.85502839
10 56 30 429738 -0.20516396 -0.0295279   0.95072675
10 56 30 488004 -0.16703105  0.05017066  1.06372166
10 56 30 533047 -0.12807465  0.09856391  1.0440526 
10 56 30 579724 -0.12119222  0.02434254  0.95006394
10 56 30 635106 -0.16165853 -0.07220697  0.94045925
10 56 30 665552 -0.19500542 -0.03232384  1.03950453
10 56 30 716482 -0.1751008   0.10333824  1.07815385
10 56 30 769780 -0.12564564  0.13178325  0.98464894
10 56 30 812284 -0.14565945  0.0361886   0.88409567
10 56 30 864522 -0.19372559 -0.01632285  0.93382072
10 56 30 920654 -0.16205502  0.03849077  1.03597903
10 56 30 965437 -0.12892938  0.08429098  1.04473639
10 56 31 14898 -0.11797619  0.05482578  0.97817516
10 56 31 67540 -0.13260531 -0.04147029  0.92735672
10 56 31 115828 -0.18856859 -0.07035327  0.99452329
10 56 31 163773 -0.1953938   0.05144191  1.07587266
10 56 31 215925 -0.12638235  0.13996148  1.03516006
10 56 31 265228 -0.12164474  0.07115269  0.90711546
10 56 31 323312 -0.19236898 -0.02398181  0.89929008
10 56 31 365501 -0.19003391  0.00388908  1.00534821
10 56 31 413659 -0.13715649  0.07355762  1.06061721
10 56 31 464838 -0.12598205  0.07782865  1.01479483
10 56 31 513516 -0.12960815 -0.00481153  0.9379859 
10 56 31 565343 -0.18364668 -0.07073879  0.96270275
10 56 31 614507 -0.1983757   0.00778532  1.0522337 
10 56 31 662988 -0.14163923  0.11816669  1.05388761
10 56 31 715333 -0.11456895  0.09973288  0.94794345
10 56 31 767099 -0.17089152  0.00955701  0.89835882
10 56 31 819298 -1.87885523e-01 -7.73429871e-04  9.72905159e-01
10 56 31 865021 -0.15049148  0.04800463  1.04044414
10 56 31 916771 -0.13273978  0.07577777  1.03185749
10 56 31 966305 -0.11914825  0.04701185  0.96798801
10 56 32 12582 -0.13064957 -0.06737256  0.92878151
10 56 32 72534 -0.20459175 -0.08337665  1.0133462 
10 56 32 124523 -0.20915961  0.07348824  1.0884726 
10 56 32 182315 -0.11588907  0.16976166  1.02555132
10 56 32 230237 -0.10648298  0.06951833  0.88193846
10 56 32 284842 -0.19754744 -0.03067327  0.8900106 
10 56 32 335417 -0.20028687  0.01882744  1.01599789
10 56 32 381296 -0.13050818  0.09162188  1.06269813
10 56 32 417194 -0.10797906  0.06451011  0.9923656 
10 56 32 465333 -0.14352942 -0.03598237  0.95104265
10 56 32 517383 -0.18720055 -0.05553913  0.99449086
10 56 32 569486 -0.18952322  0.04041624  1.04636979
10 56 32 612631 -0.13728452  0.11696815  1.01608109
10 56 32 664340 -0.12664032  0.0716269   0.9263339 
10 56 32 714543 -0.18270516 -0.00165772  0.9289608 
10 56 32 766060 -0.18474054  0.01259732  1.00860071
10 56 32 814583 -0.14524102  0.05656958  1.04016566
10 56 32 868441 -0.12533808  0.06702185  1.0070169 
10 56 32 916088 -0.10798812  0.00417829  0.94307899
10 56 32 970609 -0.16140413 -0.08633399  0.95822048
10 56 33 20794 -0.21991539 -0.02092934  1.06276345
10 56 33 69353 -0.1699059   0.13270116  1.07040215
10 56 33 117400 -0.09367204  0.13715291  0.95365477
10 56 33 165961 -0.14445305  0.0105505   0.86368942
10 56 33 212901 -0.20946836 -0.02364087  0.95601606
10 56 33 265386 -0.16977787  0.05145717  1.05331635
10 56 33 313555 -0.12351251  0.09152079  1.03880286
10 56 33 365752 -0.12031221  0.02182746  0.96007729
10 56 33 415169 -0.16444826 -0.06189227  0.95758152
10 56 33 464028 -0.20050883 -0.01072907  1.03742504
10 56 33 517987 -0.1648581   0.09526587  1.05187249
10 56 33 564206 -0.12163234  0.1014595   0.96316433
10 56 33 616210 -0.15955234  0.02511168  0.90873337
10 56 33 664292 -0.1875658   0.0045948   0.96749949
10 56 33 717103 -0.15785718  0.04151106  1.0361979 
10 56 33 767999 -0.14106345  0.06176782  1.0260973 
10 56 33 814120 -0.12043858  0.05897355  0.97390938
10 56 33 864436 -0.10995412 -0.03572154  0.9312911 
10 56 33 914393 -0.19158006 -0.09370947  0.99453068
10 56 33 965603 -0.22641325  0.04282665  1.08843613
10 56 34 14709 -0.13375497  0.17089462  1.04536486
10 56 34 77612 -0.0915482   0.10046411  0.89927602
10 56 34 138273 -0.17496657 -0.02228379  0.87248969
10 56 34 194707 -2.10347414e-01 -7.17401505e-04  1.00569701e+00
10 56 34 226047 -0.14471364  0.08376098  1.07253671
10 56 34 265021 -0.10690522  0.07484126  1.0065248 
10 56 34 320281 -0.13598657 -0.03369212  0.94740582
10 56 34 365826 -0.19083834 -0.05800128  0.99885678
10 56 34 414784 -0.18861628  0.04088593  1.05446529
10 56 34 463530 -0.13668609  0.11630392  1.02088428
10 56 34 514079 -0.13370395  0.06573296  0.92910051
10 56 34 565175 -0.17841744  0.00485682  0.92880559
10 56 34 614578 -0.17267394  0.01660514  1.00891542
10 56 34 663502 -0.1406014   0.64086223 -0.80856848
10 56 34 716033 -0.10744905  0.01174259  0.94471407
10 56 34 766552  0.01503062 -1.03159857  1.11307764
10 56 34 818327 -0.22137451 -0.0355835   1.41037536
10 56 34 865242 -0.18441796  0.13245749  1.0815444 
10 56 34 916336 -0.00364757  0.00527334  0.01557493
10 56 34 966712 -0.11564755 -0.02260232  0.91827393
10 56 35 12212 -0.17516065 -0.09725976  0.97242999
10 56 35 72923 -0.21245885  0.01865983  1.0942502 
10 56 35 113906 -0.13248062  0.16289353  1.0693059 
10 56 35 165898 -0.08818841  0.11500001  0.92257285
10 56 35 214081 -0.17096663 -0.01509714  0.86921334
10 56 35 263005 -0.2079463  -0.00497365  0.98079586
10 56 35 314653 -0.14342713  0.07598901  1.06251621
10 56 35 365798 -0.11360002  0.0919652   1.02095366
10 56 35 416697 -0.13444138  0.00964546  0.95649028
10 56 35 464997 -0.17809439 -0.0412612   0.97498703
10 56 35 516386 -0.17860699  0.03689075  1.04405618
10 56 35 566269 -0.13500571  0.09204936  1.03037906
10 56 35 632308 -0.13286185  0.06037545  0.94500494
10 56 35 664845 -0.17221546  0.005404    0.93477559
10 56 35 712973 -0.16546679  0.01394558  0.99597454
10 56 35 766355 -0.14559174  0.02913189  1.03902364
10 56 35 814652 -0.14391446  0.05307007  1.01759768
10 56 35 861860 -0.12336016  0.0776732   0.9676199 
10 56 35 913454 -0.11821032 -0.01688027  0.9169817 
10 56 35 964052 -0.17431808 -0.10843968  0.9683218 
10 56 36 15587 -2.14224577e-01  3.76224518e-04  1.09188128e+00
10 56 36 67423 -0.14630461  0.17286539  1.08100724
10 56 36 116824 -0.08926678  0.13787436  0.93590093
10 56 36 166329 -0.1567812  -0.00612926  0.85178447
10 56 36 213151 -0.21243    -0.01390934  0.96635222
10 56 36 264048 -0.14910555  0.07256317  1.06686664
10 56 36 313457 -0.10591245  0.09483862  1.01833177
10 56 36 367804 -0.13240361  0.01038575  0.96539545
10 56 36 414634 -0.16877985 -0.04249907  0.98306298
10 56 36 463648 -0.17706347  0.0266223   1.03486514
10 56 36 515594 -0.14123583  0.08899164  1.0246408 
10 56 36 564298 -0.13585138  0.07112646  0.95274711
10 56 36 619141 -0.17230868  0.01546526  0.93444872
10 56 36 665158 -0.16301894  0.00963545  0.9943738 
10 56 36 717002 -0.14739251  0.03071499  1.03457856
10 56 36 768596 -0.14321041  0.05105591  1.0137651 
10 56 36 813482 -0.12303281  0.07672954  0.96777344
10 56 36 864508 -0.11354375 -0.00863957  0.92652726
10 56 36 913735 -0.16425705 -0.09802604  0.9717989 
10 56 36 965336 -0.20825887 -0.00613475  1.08217597
10 56 37 14530 -0.15508008  0.15891457  1.07238817
10 56 37 67086 -0.09321499  0.13701057  0.9409678 
10 56 37 115291 -0.15480709  0.00217581  0.85969782
10 56 37 174649 -0.21081853 -0.01469326  0.9640038 
10 56 37 238357 -0.15529156  0.07002306  1.05876851
10 56 37 287315 -0.11615634  0.09601784  1.01915503
10 56 37 341968 -0.12965894  0.00994349  0.95733714
10 56 37 392161 -0.16680551 -0.05541968  0.97606754
10 56 37 432364 -0.19001627 -0.00133562  1.04346752
10 56 37 481324 -0.16183615  0.09564161  1.04415441
10 56 37 532988 -0.12953281  0.10543418  0.96177554
10 56 37 578284 -0.15645552  0.02397752  0.90982342
10 56 37 635598 -1.78443432e-01 -3.52144241e-04  9.73236561e-01
10 56 37 680713 -0.15001678  0.04130578  1.03808022
10 56 37 737116 -0.13413882  0.07178545  1.02408743
10 56 37 791523 -0.11740446  0.06955862  0.97011375
10 56 37 818481 -0.12696266 -0.02303934  0.93346786
10 56 37 866260 -0.1786139  -0.0638876   0.99288011
10 56 37 917427 -0.18465185  0.03881145  1.06876349
10 56 37 965677 -0.11873722  0.13453269  1.03220415
10 56 38 13096 -0.11394811  0.08283114  0.91909218
10 56 38 72094 -0.18326497 -0.0143435   0.90501142
10 56 38 113837 -0.18495131  0.00896859  1.00641656
10 56 38 165698 -0.13852692  0.07257247  1.05612063
10 56 38 214887 -0.13207364  0.08238864  1.00662327
10 56 38 263951 -0.1271584   0.01653671  0.94701123
10 56 38 316059 -0.15986848 -0.06057811  0.9618504 
10 56 38 363263 -0.19869208 -0.01439166  1.04845309
10 56 38 415472 -0.16322517  0.11488771  1.06407738
10 56 38 470746 -0.11237979  0.12622571  0.96896267
10 56 38 516069 -0.1513679   0.02696252  0.89258862
10 56 38 565378 -0.18993521 -0.00936675  0.95683193
10 56 38 613807 -0.15541124  0.04370904  1.04315662
10 56 38 664366 -0.12162614  0.07613564  1.03586197
10 56 38 713739 -0.12407589  0.05368185  0.97250438
10 56 38 769503 -0.13004303 -0.04459786  0.93635583
10 56 38 813889 -0.18680978 -0.08163834  1.00366044
10 56 38 863254 -0.20546055  0.04953241  1.08243346
10 56 38 915104 -0.12433505  0.16294837  1.03713655
10 56 38 963730 -0.10846424  0.08441067  0.90484476
10 56 39 17981 -0.19248986 -0.02249193  0.89407158
10 56 39 67869 -0.19375896  0.00911546  1.01287317
10 56 39 117185 -0.13333893  0.08211637  1.06046438
10 56 39 167236 -0.11322665  0.07560682  0.99277949
10 56 39 213321 -0.14047074 -0.02466822  0.93724251
10 56 39 264629 -0.1866262  -0.06104064  0.98105717
10 56 39 313351 -0.19086862  0.03853846  1.05269837
10 56 39 366194 -0.13150454  0.12267733  1.02898693
10 56 39 415240 -0.12672925  0.07760763  0.93122435
10 56 39 463877 -0.18141055  0.00212693  0.91890311
10 56 39 518232 -0.17986155  0.00908136  1.00233364
10 56 39 565775 -0.14184594  0.05454445  1.04346228
10 56 39 615434 -0.13205767  0.07165694  1.01485801
10 56 39 668176 -0.1154213   0.02571988  0.95162416
10 56 39 716633 -0.15004802 -0.08003259  0.94397211
10 56 39 768618 -0.21805334 -0.04316211  1.05104303
10 56 39 812635 -0.18354201  0.11985326  1.08968949
10 56 39 863955 -0.09466028  0.15692544  0.98227119
10 56 39 913107 -0.12611651  0.03569603  0.8712616 
10 56 39 964970 -0.21196747 -0.02329135  0.92894268
10 56 40 13986 -0.17146087  0.04540896  1.04161668
10 56 40 68665 -0.11250544  0.0976603   1.04191661
10 56 40 114839 -0.11163449  0.0393703   0.97006488
10 56 40 164169 -0.1660459  -0.04481506  0.95691061
10 56 40 216023 -0.1945982  -0.00689173  1.02277207
10 56 40 265899 -0.15308452  0.08391833  1.04298425
10 56 40 317463 -0.12106681  0.08440399  0.9742434 
10 56 40 365848 -0.16314745  0.02430391  0.92656231
10 56 40 413329 -0.17668152  0.01389742  0.97565556
10 56 40 464518 -0.15364957  0.02680612  1.03081179
10 56 40 512981 -0.14543176  0.04541802  1.02634883
10 56 40 565701 -0.12701368  0.07358599  0.98717403
10 56 40 614683 -0.1049242   0.00759792  0.93129826
10 56 40 668007 -0.21874642  0.81238818 -0.41770315
10 56 40 717298 -0.16538334  0.14256358  1.07693696
10 56 40 767360  0.01528478 -1.09316444 -0.63688445
10 56 40 819360 -0.1386044   0.02032471  0.61274266
10 56 40 865963 -0.21562958 -0.01616502  0.9476285 
10 56 40 917583 0.00989246 0.01251054 0.01549959
10 56 40 967839 -0.22081327  0.00811315  1.08092141
10 56 41 12679 -0.13637543  0.16915846  1.06514049
10 56 41 72765 -0.07764578  0.12514138  0.92937136
10 56 41 118408 -0.15326405 -0.01287436  0.85716438
10 56 41 168095 -0.21192718 -0.02542925  0.97163844
10 56 41 244741 -0.15030503  0.06982851  1.07668233
10 56 41 290751 -0.10551381  0.08700752  1.02906919
10 56 41 334563 -0.12743497 -0.00151443  0.95775533
10 56 41 385583 -0.1777246  -0.05927515  0.97279191
10 56 41 436672 -0.1847167   0.01355886  1.03772378
10 56 41 485874 -0.15138245  0.10165715  1.03790712
10 56 41 535432 -0.12602663  0.08839846  0.95393014
10 56 41 588068 -0.16710806  0.01764035  0.91924071
10 56 41 631120 -0.17815661  0.00872183  0.98527956
10 56 41 674232 -0.15191841  0.04089093  1.03752375
10 56 41 734061 -0.13530588  0.05647635  1.02007318
10 56 41 768503 -0.10980487  0.04236221  0.96617484
10 56 41 814728 -0.11898565 -0.05724096  0.93019557
10 56 41 862438 -0.20445561 -0.07374239  1.00780559
10 56 41 914158 -0.20367098  0.07109118  1.08340263
10 56 41 964987 -0.10460234  0.16903305  1.0209198 
10 56 42 18685 -0.10015965  0.06598616  0.88749385
10 56 42 68956 -0.19573355 -0.04073     0.897223  
10 56 42 117663 -0.19702268  0.00541568  1.02580237
10 56 42 166475 -0.12796211  0.08526492  1.06882405
10 56 42 213490 -0.1073463   0.05517244  0.99492192
10 56 42 264621 -0.14783335 -0.04958057  0.94713092
10 56 42 314031 -0.19712687 -0.04947495  1.00430036
10 56 42 366012 -0.1783669   0.06994081  1.05548644
10 56 42 416517 -0.12299299  0.12260818  1.00821686
10 56 42 464293 -0.13314605  0.0473206   0.91830015
10 56 42 516903 -0.18685389 -0.00438952  0.93834877
10 56 42 565200 -0.16328764  0.0266366   1.01938176
10 56 42 618359 -0.13939333  0.05621314  1.03553271
10 56 42 668673 -0.12488103  0.06001806  1.00070763
10 56 42 717116 -0.11010432 -0.01707721  0.93397164
10 56 42 768425 -0.18034863 -0.09574986  0.96068311
10 56 42 813066 -0.22839189  0.00853205  1.06904292
10 56 42 865079 -0.14191365  0.16069937  1.06608915
10 56 42 916063 -0.08138657  0.11288118  0.93094802
10 56 42 965177 -0.16141415 -0.0195272   0.8660059 
10 56 43 14803 -0.21905041 -0.02429223  0.97605658
10 56 43 66816 -0.14751959  0.0642283   1.07058144
10 56 43 115862 -0.10011053  0.07919645  1.02947044
10 56 43 164648 -0.12977505 -0.01582456  0.95846748
10 56 43 216921 -0.19741893 -0.04085302  0.98140168
10 56 43 267910 -0.17838097  0.04566455  1.03062892
10 56 43 317729 -0.12495971  0.08821368  1.00757837
10 56 43 366947 -0.13837004  0.0448637   0.94036102
10 56 43 413070 -0.17445612  0.01392365  0.9523344 
10 56 43 465114 -0.15613818  0.02281141  1.00634336
10 56 43 513849 -0.15179539  0.02931404  1.02539563
10 56 43 566002 -0.14042377  0.05706072  1.01576757
10 56 43 615441 -0.1023984   0.0405066   0.96418309
10 56 43 664470 -0.14110327 -0.0693717   0.94000649
10 56 43 716301 -0.21688819 -0.06494594  1.02697396
10 56 43 766399 -0.18570805  0.09825587  1.07603359
10 56 43 821258 -0.09410524  0.15902114  1.00186348
10 56 43 864359 -0.11549377  0.04410505  0.88397074
10 56 43 916367 -0.20394182 -0.03738379  0.91918206
10 56 43 965537 -0.18116689  0.0198431   1.03660989
10 56 44 13124 -0.1234889   0.08336854  1.05950212
10 56 44 73279 -0.11399198  0.04759765  0.99059105
10 56 44 109587 -0.1506896  -0.03680348  0.95395517
10 56 44 167957 -0.19392419 -0.02701545  1.00739622
10 56 44 213811 -0.16088915  0.07048249  1.04451132
10 56 44 264179 -0.1224823   0.09033132  0.98952556
10 56 44 315112 -0.15502524  0.03997469  0.92945004
10 56 44 364432 -0.17590308  0.01318741  0.97017694
10 56 44 416648 -0.15282845  0.02311969  1.01479983
10 56 44 464162 -0.15099263  0.03051186  1.02881289
10 56 44 516297 -0.13781381  0.05253458  1.00431156
10 56 44 566114 -0.10831952  0.03255725  0.95610857
10 56 44 612255 -0.13343048 -0.08027911  0.94504476
10 56 44 664806 -0.20287752 -0.07707739  1.02974844
10 56 44 712982 -0.19569683  0.09435606  1.08156705
10 56 44 771977 -0.09928584  0.17115045  1.00300002
10 56 44 814123 -0.10681057  0.05047321  0.87530303
10 56 44 862521 -0.19612694 -0.04858756  0.90443254
10 56 44 916134 -0.18482804  0.01262808  1.03846598
10 56 44 963979 -0.1229167   0.09095049  1.0632391 
10 56 45 16975 -0.11339927  0.05941796  0.98717856
10 56 45 68475 -0.1513145  -0.04504013  0.95235872
10 56 45 116378 -0.18626523 -0.03822136  1.00817442
10 56 45 165615 -0.17415738  0.0702517   1.05538297
10 56 45 212561 -0.13280344  0.1133678   1.00359726
10 56 45 264192 -0.1438303   0.04768515  0.91857314
10 56 45 312821 -0.17839551 -0.00448799  0.94412518
10 56 45 364904 -0.16363883  0.02116728  1.02705431
10 56 45 414223 -0.14423943  0.05170178  1.04039359
10 56 45 463393 -0.13170004  0.05942059  0.99859786
10 56 45 517239 -0.1117177   0.01209283  0.94314575
10 56 45 563808 -0.1430788  -0.07474375  0.95161533
10 56 45 618981 -0.19621801 -0.03505445  1.04649568
10 56 45 666735 -0.1737287   0.10610056  1.07087851
10 56 45 718053 -0.10204005  0.13837123  0.97063684
10 56 45 769364 -0.13531899  0.02205443  0.8760376 
10 56 45 813564 -0.19969773 -0.03336692  0.94439816
10 56 45 865017 -0.16631508  0.03530645  1.05534506
10 56 45 916473 -0.12274504  0.08804345  1.04868317
10 56 45 964904 -0.1228404   0.04549527  0.96817183
10 56 46 15771 -0.14014912 -0.05258083  0.9431057 
10 56 46 67856 -0.18724012 -0.05246758  1.01565623
10 56 46 116148 -0.17935014  0.06312704  1.07475257
10 56 46 165003 -0.12987614  0.12148976  1.0100596 
10 56 46 216991 -0.13653684  0.05703259  0.9022665 
10 56 46 266192 -0.18100238 -0.0125668   0.92318892
10 56 46 318535 -0.16612601  0.01855063  1.02850199
10 56 46 366934 -0.14083314  0.05864286  1.05198717
10 56 46 414088 -0.12975001  0.06726789  1.00224948
10 56 46 464380 -0.11092162  0.0020802   0.93597007
10 56 46 514728 -0.15063381 -0.08310151  0.95283937
10 56 46 566042 -0.19865251 -0.02699304  1.05706239
10 56 46 614868 -0.16794515  0.11876965  1.07605553
10 56 46 664650  0.01522899 -1.6557169  -1.37123251
10 56 46 717833 -1.39406443e-01  5.86509705e-05 -2.62233734e-01
10 56 46 768046 -0.20362186 -0.03566575  0.94710827
10 56 46 818726  0.01497293 -0.71859264 -1.01147032
10 56 46 866245 -0.12246513  0.09294987  1.05419922
10 56 46 917991 -0.11634159  0.03980279  0.96428204
10 56 46 966471 -0.00291991  0.0086751   0.00345039
10 56 47 13659 -0.1798861   0.0763588   1.09219074
10 56 47 73069 -0.11122656  0.14780617  1.01923966
10 56 47 114664 -0.12595534  0.05798697  0.88930368
10 56 47 169824 -0.19870639 -0.02530432  0.90728641
10 56 47 215801 -0.17488003  0.02373171  1.02893972
10 56 47 267679 -0.12912631  0.08300543  1.05602288
10 56 47 317106 -0.12989163  0.07175589  0.9974196 
10 56 47 364543 -0.13731241 -0.01400638  0.93644643
10 56 47 419034 -0.17337418 -0.07149243  0.97469044
10 56 47 467059 -0.19777489  0.01872134  1.0662787 
10 56 47 517237 -0.14183497  0.13013744  1.05499744
10 56 47 566482 -0.11726999  0.09703159  0.93630838
10 56 47 613537 -0.17180967 -0.00568271  0.89398932
10 56 47 665210 -0.18437481 -0.00277805  0.98714328
10 56 47 714696 -0.13628888  0.05973339  1.05662751
10 56 47 767631 -0.1244657   0.07911921  1.02805209
10 56 47 814856 -0.11575246  0.01890898  0.95046425
10 56 47 862648 -0.14673686 -0.08351302  0.93646479
10 56 47 915841 -0.20615125 -0.04049611  1.04437447
10 56 47 964653 -0.1707871   0.11954618  1.08533907
10 56 48 16403 -0.0962863   0.14006424  0.98094654
10 56 48 69011 -0.14082694  0.02174687  0.87554097
10 56 48 117185 -0.20844007 -0.03080893  0.94512868
10 56 48 167457 -0.16328335  0.04579878  1.05128098
10 56 48 213565 -0.11643791  0.09425449  1.05079031
10 56 48 264696 -0.11152983  0.02540708  0.96851039
10 56 48 314110 -0.16451168 -0.05401683  0.94980145
10 56 48 365310 -0.19506073 -0.01093507  1.02129722
10 56 48 414934 -0.14865065  0.08876753  1.04252148
10 56 48 464055 -0.11450291  0.08978367  0.97432756
10 56 48 515466 -0.16170526  0.01819253  0.91840863
10 56 48 564635 -1.80211067e-01  6.61611557e-04  9.67159748e-01
10 56 48 617748 -0.14968729  0.03051257  1.03302097
10 56 48 665548 -0.13577104  0.06164789  1.03759146
10 56 48 719599 -0.11132073  0.05520797  0.97915959
10 56 48 769237 -0.11736226 -0.05531955  0.91661954
10 56 48 814380 -0.2095201  -0.08524823  1.0012784 
10 56 48 865395 -0.2108748   0.07165647  1.09422445
10 56 48 914970 -0.10262585  0.16850424  1.03619218
10 56 48 966660 -0.10178232  0.06618166  0.89221859
10 56 49 14736 -0.19601321 -0.02905107  0.89494395
10 56 49 66957 -0.19094419  0.01952672  1.01695275
10 56 49 116819 -0.12491107  0.09001732  1.06058717
10 56 49 165347 -0.09960628  0.0469327   0.99068165
10 56 49 218345 -0.14509034 -0.04101372  0.95887256
10 56 49 265480 -0.19098306 -0.01862812  1.01132774
10 56 49 317430 -0.16060567  0.06805801  1.0317955 
10 56 49 366222 -0.1219852   0.08041549  0.98252892
10 56 49 412961 -0.15480256  0.0260222   0.93619943
10 56 49 464623 -0.17115808  0.01088428  0.97057581
10 56 49 514800 -0.15816236  0.02789736  1.01697659
10 56 49 566107 -0.15073085  0.0421555   1.02952909
10 56 49 615102 -0.11818624  0.05713916  0.99654579
10 56 49 663782 -0.10109901 -0.01938629  0.93528509
10 56 49 715645 -0.17920518 -0.08166265  0.97576928
10 56 49 768863 -0.22149277  0.02722549  1.07246089
10 56 49 819396 -0.12686324  0.15772533  1.04747462
10 56 49 867117 -0.09312415  0.10093641  0.91644168
10 56 49 919960 -0.16648269 -0.01573038  0.88649845
10 56 49 966115 -2.01157570e-01  1.49250031e-04  9.96457577e-01
10 56 50 15400 -0.14516139  0.07448602  1.06206322
10 56 50 74880 -0.10990429  0.06809378  1.01155758
10 56 50 109550 -0.12563515 -0.02489781  0.94958353
10 56 50 167497 -0.18419266 -0.05795193  0.98894   
10 56 50 214643 -0.1926806   0.04354477  1.05620456
10 56 50 264338 -0.1332798   0.11829662  1.02530932
10 56 50 320161 -0.12780809  0.06001353  0.92510009
10 56 50 364818 -0.17709827 -0.00152373  0.93311787
10 56 50 416594 -0.16429543  0.02348661  1.00759101
10 56 50 465643 -0.1416297   0.05196667  1.03495884
10 56 50 517323 -0.13123298  0.05471206  1.0069139 
10 56 50 568389 -0.10245299  0.00728726  0.95181179
10 56 50 613170 -0.14942622 -0.0571847   0.96024752
10 56 50 664389 -0.1963973  -0.00901937  1.03941345
10 56 50 714084 -0.15205002  0.1064074   1.0458827 
10 56 50 766353 -0.10207415  0.10711551  0.95577621
10 56 50 815343 -0.14904094  0.00936413  0.90281773
10 56 50 862499 -0.18893886 -0.01363635  0.97238183
10 56 50 916232 -0.15939784  0.03981829  1.05132604
10 56 50 964279 -0.1326921   0.07144976  1.03780317
10 56 51 16362 -0.11434865  0.03141689  0.96452379
10 56 51 68682 -0.14739251 -0.04749966  0.9509089 
10 56 51 117380 -0.19489813 -0.01551652  1.02753878
10 56 51 166245 -0.15244031  0.07783031  1.05148196
10 56 51 212943 -0.12128377  0.09109998  0.97232342
10 56 51 264767 -0.15791273  0.03663278  0.91790199
10 56 51 315068 -0.16539931  0.01211596  0.95979643
10 56 51 365445 -0.14675903  0.02731681  1.02652812
10 56 51 414744 -0.14498949  0.04660225  1.03631186
10 56 51 463878 -0.13042164  0.06175876  0.9955318 
10 56 51 517024 -0.10534358  0.01042652  0.9455812 
10 56 51 564728 -0.14699984 -0.0796082   0.96566105
10 56 51 617127 -0.19356656 -0.03206801  1.05390978
10 56 51 665271 -0.16117454  0.11480618  1.06823039
10 56 51 718194 -0.10154819  0.13369155  0.97111154
10 56 51 769475 -0.13689423  0.01673794  0.87893987
10 56 51 813735 -0.18957567 -0.01857686  0.95295405
10 56 51 865232 -0.15712333  0.04115415  1.05531907
10 56 51 913668 -0.1309638   0.07109642  1.04195809
10 56 51 965106 -0.13335013  0.03844547  0.97186875
10 56 52 15138 -0.11998558 -0.03476882  0.93790007
10 56 52 68019 -0.1590476  -0.07301855  0.99513078
10 56 52 115573 -0.19369745  0.0201745   1.07450795
10 56 52 164360 -0.15067339  0.13752294  1.04142046
10 56 52 216560 -0.11398244  0.10026598  0.92133069
10 56 52 266632 -1.63603306e-01  5.66482544e-04  8.92166615e-01
10 56 52 319101 -0.18333101  0.00734735  0.99682117
10 56 52 367916 -0.1466651   0.05653739  1.05711484
10 56 52 413289 -0.12662411  0.05859184  1.01327634
10 56 52 465702 -0.11602163 -0.00818467  0.95281601
10 56 52 515153 -0.13297105 -0.07921696  0.95838642
10 56 52 565985 -0.18744135 -0.02896619  1.04983234
10 56 52 615141 -0.17194223  0.10266042  1.06927872
10 56 52 663846 -0.11243844  0.11968207  0.96408033
10 56 52 717748 -0.13958359  0.0162394   0.87976599
10 56 52 768860 -0.1862607  -0.01663685  0.9540832 
10 56 52 818322 -0.16099548  0.04872918  1.05511904
10 56 52 867239 -0.12587881  0.0836122   1.03841996
10 56 52 917946 -0.11896348  0.02651095  0.95935154
10 56 52 967246 -0.1442945  -0.05830264  0.94422054
10 56 53 13101  0.01490164 -1.1407454  -1.33971643
10 56 53 74181 -1.59543514e-01  2.96354294e-04  1.48853636e+00
10 56 53 114489 -0.12111712  0.10340405  0.98716235
10 56 53 167873  0.0150342  -0.09360933 -1.27772546
10 56 53 214621 -0.17658734 -0.00656796  0.93754172
10 56 53 264050 -0.1517086   0.02642584  1.03536296
10 56 53 315563  1.11224341 -0.55090332 -1.67529297
10 56 53 366943 -0.12377954  0.03305864  0.96398592
10 56 53 418447 -0.1644876  -0.03963447  0.96879125
10 56 53 466139 -0.19016552  0.00108552  1.02522635
10 56 53 518203 -0.15634966  0.0937829   1.04214573
10 56 53 566146 -0.11795568  0.10487723  0.97662115
10 56 53 614784 -0.15458918  0.02745247  0.92395616
10 56 53 664333 -0.18077588  0.0061183   0.97683334
10 56 53 713738 -0.15070295  0.04414272  1.02787137
10 56 53 766673 -0.13274288  0.06994772  1.01376987
10 56 53 816085 -0.12352419  0.06915474  0.97475076
10 56 53 863017 -0.11638069 -0.01291394  0.94442272
10 56 53 920087 -0.17114139 -0.08682561  0.97975636
10 56 53 964510 -0.2152164   0.00652909  1.07324839
10 56 54 17509 -0.14203835  0.16349077  1.05874896
10 56 54 68241 -0.07988453  0.13561726  0.93873715
10 56 54 117294 -1.57062531e-01  2.78711319e-04  8.81007433e-01
10 56 54 165472 -0.21052408 -0.00725007  0.97814012
10 56 54 213462 -0.14719343  0.0801363   1.06065917
10 56 54 264681 -0.09904671  0.09917068  1.01027942
10 56 54 318121 -0.12611818 -0.00248051  0.9557097 
10 56 54 366321 -0.1819489  -0.05479789  0.98844266
10 56 54 415079 -0.18343687  0.02731729  1.05075812
10 56 54 464196 -0.13567185  0.10852027  1.02946615
10 56 54 516854 -0.12104678  0.08201122  0.9444809 
10 56 54 565525 -0.16867805  0.01603508  0.92519069
10 56 54 615945 -0.17591119  0.0199275   0.99462724
10 56 54 665748 -0.14124918  0.05712032  1.03445864
10 56 54 721753 -0.13011813  0.07425189  1.00927663
10 56 54 768310 -0.10948348  0.04924393  0.95816755
10 56 54 813394 -0.13374543 -0.06423497  0.93251514
10 56 54 864513 -0.21729445 -0.06409883  1.02474523
10 56 54 914159 -0.19788241  0.10110235  1.08988929
10 56 54 965373 -0.08679795  0.18135214  1.01437092
10 56 55 15968 -0.103333    0.06665683  0.88105702
10 56 55 68374 -0.21170902 -0.02355647  0.90663695
10 56 55 116074 -0.19041419  0.03202772  1.03443193
10 56 55 165232 -0.10990191  0.10716152  1.05806851
10 56 55 217532 -0.10338187  0.05453038  0.98444247
10 56 55 265263 -0.16937995 -0.04601049  0.96607542
10 56 55 318462 -0.20859122 -0.018327    1.0193243 
10 56 55 367570 -0.16810966  0.08804107  1.04088998
10 56 55 414145 -0.11769295  0.11470437  0.982656  
10 56 55 466400 -0.15150857  0.03466535  0.92223716
10 56 55 514898 -0.19250226  0.00944757  0.96431518
10 56 55 565250 -0.15606117  0.04754305  1.02226877
10 56 55 614909 -0.12287569  0.07066035  1.02206945
10 56 55 664850 -0.11211634  0.05455923  0.97869539
10 56 55 715663 -0.13037634 -0.03345942  0.93758607
10 56 55 766780 -0.20341563 -0.05518413  0.99174953
10 56 55 818575 -0.19745231  0.07210994  1.07278728
10 56 55 865510 -0.09749293  0.1626482   1.02983427
10 56 55 921181 -0.09780431  0.0755229   0.91117096
10 56 55 966332 -0.19429803 -0.00855875  0.91415334
10 56 56 16567 -0.19105864  0.02737904  1.02024126
10 56 56 72839 -0.11504364  0.08813477  1.05010104
10 56 56 114115 -0.10246849  0.05961561  0.99457145
10 56 56 165579 -0.14657521 -0.02467847  0.957129  
10 56 56 217029 -0.19845676 -0.01973104  1.00225163
10 56 56 264915 -0.17059231  0.07404757  1.04379606
10 56 56 315903 -0.11583686  0.10218596  0.99378133
10 56 56 364746 -0.14376211  0.04751086  0.92968774
10 56 56 417231 -0.18302798  0.02433324  0.95851731
10 56 56 466762 -0.15973949  0.04340219  1.0149498 
10 56 56 518338 -0.13563704  0.05721593  1.02060843
10 56 56 565984 -0.12451148  0.06144071  0.99391365
10 56 56 613943 -0.10932899  0.01068521  0.94780922
10 56 56 665015 -0.17008162 -0.05060244  0.96803522
10 56 56 714795 -0.20167565  0.00752878  1.0432303 
10 56 56 766925 -0.13222241  0.12480044  1.04201293
10 56 56 814951 -0.09212303  0.11170745  0.9441483 
10 56 56 863028 -0.15821886  0.01232243  0.90172911
10 56 56 917073 -0.19418883  0.0019145   0.98336864
10 56 56 965225 -0.1486907   0.06128931  1.04349446
10 56 57 17097 -0.11965704  0.07754159  1.01149893
10 56 57 68658 -0.12365699  0.03209066  0.96452832
10 56 57 117579 -0.15894079 -0.03603482  0.96192741
10 56 57 166936 -0.19618917 -0.0026803   1.03013611
10 56 57 213115 -0.15278411  0.08636045  1.04375076
10 56 57 264546 -0.11348486  0.10008407  0.97079968
10 56 57 314194 -0.1563468   0.04124451  0.92378068
10 56 57 365556 -0.17315102  0.02238345  0.97547388
10 56 57 414613 -0.14604187  0.04012251  1.02427435
10 56 57 464840 -0.13832092  0.0497787   1.01734519
10 56 57 515591 -0.1317234   0.06878901  0.98694038
10 56 57 566796 -0.11020446  0.02628183  0.95790744
10 56 57 617868 -0.14172888 -0.06954932  0.96236563
10 56 57 666101 -0.20758295 -0.04821968  1.03622699
10 56 57 718517 -0.18455625  0.11075044  1.06516123
10 56 57 768254 -0.09365797  0.17116094  0.99005795
10 56 57 813810 -0.11934733  0.0588119   0.89234281
10 56 57 865464 -0.2041173  -0.01246452  0.93168497
10 56 57 913895 -0.17514277  0.04940748  1.02870369
10 56 57 965455 -0.11945248  0.09836698  1.02275562
10 56 58 16052 -0.12288499  0.04696465  0.97414899
10 56 58 66612 -0.14489031 -0.03454757  0.97295785
10 56 58 116775 -0.17810202 -0.04148555  1.01246548
10 56 58 164972 -0.18847656  0.0537169   1.04458237
10 56 58 215699 -0.13932681  0.12989807  1.00305033
10 56 58 265601 -0.12154245  0.07383227  0.92395163
10 56 58 317709 -0.17502522 -0.00117993  0.93544245
10 56 58 366019 -0.17425346  0.02578878  1.0182941 
10 56 58 414020 -0.13174534  0.06828547  1.03097367
10 56 58 464587 -0.11584401  0.06680679  0.98207426
10 56 58 515823 -0.11397409  0.00173712  0.94737577
10 56 58 566528 -0.15518332 -0.06530452  0.97595978
10 56 58 615999 -0.19643855 -0.00844431  1.05768037
10 56 58 668525 -0.16070247  0.12601542  1.05753493
10 56 58 717226 -0.09553909  0.13376474  0.95842099
10 56 58 767042 -0.13730597  0.01521182  0.88330579
10 56 58 819262 -0.19988942 -0.01319194  0.96564102
10 56 58 866703 -0.15625691  0.05978608  1.05291796
10 56 58 917860 -0.11324024  0.10510278  1.02587557
10 56 58 966706 -0.11515164  0.03190017  0.94733429
10 56 59 15009 -0.162992   -0.06045175  0.95233822
10 56 59 75446 -0.16089821  0.10086942  1.07018018
10 56 59 109486 -0.11020851  0.12302184  0.98600531
10 56 59 169736 -0.14819551  0.03789043  0.90007901
10 56 59 214988 -0.18441916 -0.00388837  0.95413995
10 56 59 264053 -0.15575433  0.04290676  1.03480935
10 56 59 316010 -0.76208305  1.75793457 -0.15248966
10 56 59 364418 -0.1767633   0.00256991  1.04420424
10 56 59 416954 -0.14761972  0.08125329  1.06045651
10 56 59 464750 -0.12708616  0.06668591  0.96059442
10 56 59 517859 -0.15713191  0.00521731  0.90535402
10 56 59 566953 -0.15615463  0.00357151  0.98088861
10 56 59 613827 -0.15065384  0.0294404   1.05032444
10 56 59 665277 -0.14552808  0.05935311  1.04363441
10 56 59 714525 -0.11489391  0.05659819  0.96899271
10 56 59 771843 -0.10645175 -0.03293824  0.91057229
10 56 59 815084 -0.16838121 -0.0709095   0.98356795
10 56 59 864281 -0.17290092  0.02900219  1.08250833
10 56 59 916652 -0.13066959  0.10201836  1.03751707
10 56 59 965227 -0.12978554  0.04845667  0.92144156
10 57 0 17492 -0.16730738 -0.02406788  0.90815449
10 57 0 69035 -1.68440342e-01  5.37872314e-04  1.01300526e+00
10 57 0 118530 -0.1517849   0.04854155  1.05923605
10 57 0 167856 -0.14711905  0.06188416  1.02260423
10 57 0 212787 -0.12198782  0.01727605  0.9416256 
10 57 0 264797 -0.12526822 -0.07410812  0.93268347
10 57 0 314493 -0.17881823 -0.061553    1.0353868 
10 57 0 365179 -0.17751837  0.07023954  1.09554863
10 57 0 415052 -0.12233829  0.11649966  0.99384713
10 57 0 463722 -0.12888861  0.0286572   0.87840796
10 57 0 515449 -0.16889358 -0.0251832   0.92872834
10 57 0 564258 -0.15104938  0.02774334  1.04273915
10 57 0 616484 -0.13584518  0.07218003  1.05992341
10 57 0 665521 -0.12823009  0.05691242  0.9901619 
10 57 0 716983 -0.10186362 -0.03404999  0.91622639
10 57 0 769671 -0.14002562 -0.08987045  0.97341537
10 57 0 812793 -0.18660975  0.01318383  1.09776425
10 57 0 864313 -0.15551209  0.11476564  1.06311655
10 57 0 913973 -0.12118578  0.06446552  0.9124825 
10 57 0 968183 -0.16137481 -0.02753854  0.87800479
10 57 1 14671 -0.17303038 -0.00334954  1.00388384
10 57 1 67728 -0.14868069  0.06804657  1.07834697
10 57 1 115423 -0.13560104  0.07491732  1.02362561
10 57 1 164397 -0.11491609 -0.00998187  0.92653894
10 57 1 219442 -0.14463282 -0.07710695  0.94257498
10 57 1 265393 -0.18237495  0.00166416  1.05229092
10 57 1 317400 -0.15406799  0.09243345  1.06867051
10 57 1 367005 -0.12057686  0.07067323  0.94711542
10 57 1 412758 -0.15515614 -0.01304936  0.88943601
10 57 1 464311 -0.16254449 -0.00690961  0.98332047
10 57 1 514030 -0.14337945  0.04856586  1.06847596
10 57 1 565245 -0.14226508  0.07515216  1.04751754
10 57 1 614516 -0.1076386   0.01862144  0.94228411
10 57 1 664657 -0.12002206 -0.09510756  0.90934992
10 57 1 716382 -0.19734502 -0.0565629   1.03929996
10 57 1 767863 -0.17701268  0.10310054  1.10742664
10 57 1 818561 -0.10502577  0.11498809  0.98485065
10 57 1 865349 -0.13531613  0.00254059  0.86241341
10 57 1 917331 -0.19334769 -0.03159571  0.93382192
10 57 1 966817 -0.16022706  0.04650378  1.0611372 
10 57 2 13639 -0.13329625  0.09378362  1.06159854
10 57 2 74527 -0.11505389  0.02329087  0.96984291
10 57 2 109889 -0.14639878 -0.05578971  0.93222451
10 57 2 168043 -0.18243289 -0.00693202  1.01352501
10 57 2 215207 -0.14131451  0.06891608  1.05162573
10 57 2 263663 -0.11944532  0.05343199  0.97328258
10 57 2 315814 -0.16061592 -0.00189042  0.93046784
10 57 2 364839 -1.60870790e-01  9.23633575e-04  9.73149776e-01
10 57 2 418299 -0.15115547  0.01665163  1.03977466
10 57 2 466039 -0.14628482  0.04806805  1.05330372
10 57 2 517630 -0.10987711  0.05107474  0.98108888
10 57 2 566729 -0.09498167 -0.05624771  0.90949225
10 57 2 613515 -0.17730284 -0.09477854  0.98349047
10 57 2 664929 -0.20054245  0.04440594  1.09130216
10 57 2 714640 -0.1166153   0.13330221  1.03179407
10 57 2 766415 -0.10563207  0.05617428  0.89199948
10 57 2 814335 -0.17917871 -0.03205347  0.90261722
10 57 2 863017 -0.18217564  0.00485349  1.02054214
10 57 2 915701 -0.1502955   0.07403851  1.06955075
10 57 2 964891 -0.1221354   0.05785394  1.01304555
10 57 3 15598 -0.12204766 -0.02413249  0.94267583
10 57 3 67990 -0.17781734 -0.0193975   0.98785305
10 57 3 117413 -0.1651969   0.0476737   1.04419255
10 57 3 165442 -0.1315093   0.05392623  0.98863816
10 57 3 213225 -0.15462303  0.02132916  0.93648863
10 57 3 264781 -0.15684414  0.02298474  0.96940875
10 57 3 314024 -0.14434814  0.02423334  1.02330327
10 57 3 365430 -0.15874434  0.00381088  1.03333664
10 57 3 413859 -0.14921951  0.04233885  1.01472831
10 57 3 464071 -0.10882688  0.05197263  0.9582448 
10 57 3 514919 -0.09970832 -0.05282736  0.92431903
10 57 3 564546 -0.16057968 -0.09527922  1.00305343
10 57 3 617658 -0.18997788  0.03162646  1.08649182
10 57 3 665270 -0.13705087  0.13520813  1.0239253 
10 57 3 722611 -0.12143707  0.0690856   0.89322233
10 57 3 800572 -0.16561007 -0.01842475  0.8919208 
10 57 3 839562 -0.17718077  0.00506878  1.01721168
10 57 3 885148 -0.14872265  0.05631971  1.06436563
10 57 3 940093 -0.1443336   0.05177879  1.0190289 
10 57 3 976288 -1.19656324e-01  7.65085220e-04  9.46573734e-01
10 57 4 32931 -0.11658788 -0.05057502  0.96026945
10 57 4 77424 -0.17032528 -0.02574539  1.04966187
10 57 4 133086 -0.18394709  0.06885791  1.069031  
10 57 4 182308 -0.1468358   0.09632373  0.96520114
10 57 4 243506 -0.13967323  0.03830814  0.88849902
10 57 4 283227 -0.16026878  0.00534678  0.96156979
10 57 4 331940 -0.16085267  0.02091169  1.04180574
10 57 4 385552 -0.1488986   0.03958249  1.03609276
10 57 4 436003 -0.13203144  0.0426712   0.97962332
10 57 4 467031 -0.08754945 -0.01792741  0.92003298
10 57 4 513603 -0.11591434 -0.09778881  0.9694531 
10 57 4 564887 -0.19445252 -0.01850295  1.09247923
10 57 4 615068 -0.180269    0.12222528  1.07643914
10 57 4 664185 -0.11798191  0.09781909  0.91644239
10 57 4 717511 -0.14119625 -0.00918746  0.8517518 
10 57 4 768032 -0.17755342 -0.00451922  0.98163033
10 57 4 818932 -0.16020274  0.05708289  1.08225536
10 57 4 866193 -0.13813376  0.06755757  1.02888894
10 57 4 916885 -0.11351848 -0.00870752  0.93942714
10 57 4 967055 -0.13336086 -0.06784439  0.95296144
10 57 5 13853 -0.16189742  0.00423384  1.05679822
10 57 5 74275 -0.16025901  0.08641934  1.0677743 
10 57 5 115924 -0.14268899  0.07684422  0.9466846 
10 57 5 170514 -0.15410614  0.00797582  0.97613573
10 57 5 215604 -0.15354228  0.0408752   1.06361079
10 57 5 263688 -0.15426946  0.06002522  1.04246187
10 57 5 315452 -0.11652803  0.0350275   0.95630693
10 57 5 364419 -0.10672951 -0.05271387  0.91081977
10 57 5 416179  1.76568556 -1.32025146  1.36828804
10 57 5 465599 -0.1595695   0.04186106  1.03277183
10 57 5 519941 -0.14484525  0.07882333  1.05226016
10 57 5 566817 -0.12405944  0.06831408  0.98802543
10 57 5 614369 -0.10264397 -0.02822924  0.91750789
10 57 5 664237 -0.16402578 -0.07635093  0.97954583
10 57 5 713977 -0.20866966  0.05084896  1.09737229
10 57 5 766228 -0.1575613   0.15196848  1.0486753 
10 57 5 814868 -0.11705995  0.08963585  0.89249468
10 57 5 862598 -0.16848016 -0.00709844  0.87985659
10 57 5 916300 -0.18744922  0.01389861  1.00950122
10 57 5 964902 -0.15266871  0.08400774  1.0673089 
10 57 6 16813 -0.12962294  0.07799816  1.02089596
10 57 6 70254 -0.1114192  -0.00102162  0.93639421
10 57 6 118760 -0.16600084 -0.02943015  0.97525954
10 57 6 167303 -0.17816949  0.03717923  1.05048895
10 57 6 214524 -0.1457572   0.090451    1.01945376
10 57 6 264442 -0.14175272  0.06197166  0.93397164
10 57 6 314780 -0.15533471  0.03371835  0.93053961
10 57 6 365122 -0.15699148  0.0322721   1.00037169
10 57 6 414883 -0.15978098  0.04014778  1.03926492
10 57 6 464144 -0.14692783  0.07288623  1.02052426
10 57 6 515664 -0.11444592  0.0582366   0.94971776
10 57 6 564603 -0.10757804 -0.05334949  0.92050409
10 57 6 616589 -0.1848619  -0.06532717  1.02654362
10 57 6 665286 -0.20069122  0.08659816  1.11134696
10 57 6 718002 -0.13327742  0.15813351  1.0066936 
10 57 6 768418 -0.12350559  0.064466    0.86520386
10 57 6 813427 -0.17851949 -0.00933671  0.89579368
10 57 6 864702 -0.17673135  0.03455043  1.03048539
10 57 6 914333 -0.15492797  0.09495091  1.06903005
10 57 6 965324 -0.12924838  0.07395244  1.00189185
10 57 7 15156 -0.1137743  -0.00942898  0.92763567
10 57 7 67704 -0.16431952 -0.026649    0.99032903
10 57 7 116860 -0.17221498  0.05035782  1.06836057
10 57 7 164460 -0.14378691  0.09548521  1.0116291 
10 57 7 217209 -0.1474824   0.06339121  0.9191153 
10 57 7 265845 -0.16096139  0.03014874  0.93109822
10 57 7 317423 -0.15340781  0.03589535  1.01464367
10 57 7 366402 -0.15507698  0.04726624  1.04387999
10 57 7 414448 -0.14863324  0.07042885  1.01663542
10 57 7 464871 -0.11254239  0.05665493  0.94932151
10 57 7 515932 -0.10176659 -0.05437589  0.91834474
10 57 7 567816 -0.17857265 -0.06507587  1.02685189
10 57 7 615157 -0.2044127   0.09173846  1.11334062
10 57 7 664033 -0.1412456   0.16728044  1.0128696 
10 57 7 715914 -0.12402272  0.06635356  0.86432004
10 57 7 767894 -0.17972946 -0.0111196   0.88790393
10 57 7 820935 -0.17503524  0.03636026  1.03394151
10 57 7 865098 -0.15452623  0.09825802  1.06906581
10 57 7 917153 -0.13143444  0.07066894  1.00198126
10 57 7 966332 -0.12004638 -0.0176065   0.93168211
10 57 8 13574 -0.16232753 -0.03303671  0.99575686
10 57 8 72608 -0.17435622  0.05129933  1.07380033
10 57 8 114370 -0.15286255  0.10498571  1.01845217
10 57 8 166504 -0.14606714  0.07166648  0.91177702
10 57 8 214447 -0.16291261  0.02784109  0.92225528
10 57 8 262907 -0.15746856  0.03465676  1.01359034
10 57 8 316416 -0.15331411  0.05771446  1.05242562
10 57 8 364049 -0.14634728  0.07585764  1.01186228
10 57 8 415798 -0.11021066  0.03809595  0.93368101
10 57 8 464833 -0.1187079  -0.06500411  0.92839909
10 57 8 516773 -0.18927169 -0.03999329  1.04641676
10 57 8 566206 -0.19399142  0.11350179  1.10468936
10 57 8 613964 -0.12874961  0.14631438  0.97843909
10 57 8 664183 -0.1339469   0.04437518  0.85487628
10 57 8 713428 -0.18654323 -0.01109648  0.9231143 
10 57 8 770768 -0.16940022  0.05494523  1.05255866
10 57 8 814057 -0.14883614  0.0995028   1.06594133
10 57 8 866279 -0.12413168  0.05527139  0.98052955
10 57 8 914843 -0.12683058 -0.03467155  0.92809606
10 57 8 963892 -0.18062472 -0.01287293  1.01488972
10 57 9 16013 -0.16441512  0.07397604  1.06894302
10 57 9 68629 -0.1393292   0.09570384  0.98903418
10 57 9 117349 -0.15645027  0.05366325  0.90786362
10 57 9 166305 -0.16568089  0.02630377  0.94339013
10 57 9 212721 -0.15482354  0.03437257  1.02822256
10 57 9 264309 -0.15384746  0.05810332  1.04945946
10 57 9 315295 -0.14096856  0.08155632  0.99724388
10 57 9 366965 -0.10253549  0.02393627  0.92198157
10 57 9 414084 -0.12407851 -0.08556128  0.93120503
10 57 9 465859 -0.20223165 -0.03001094  1.07316995
10 57 9 515814 -0.18685031  0.1377809   1.10538316
10 57 9 565028 -0.12267709  0.14670277  0.95572424
10 57 9 615976 -0.14151931  0.02410245  0.84067631
10 57 9 665265 -0.18870568 -0.011796    0.93215799
10 57 9 718266 -0.17026567  0.06009817  1.06783223
10 57 9 769315 -0.14565539  0.10766768  1.06129718
10 57 9 812616 -0.11643767  0.04715371  0.96954966
10 57 9 864764 -0.14248776 -0.04108143  0.93451881
10 57 9 915650 -1.79585218e-01 -5.79833984e-04  1.02637291e+00
10 57 9 966054 -0.15886879  0.08382726  1.05889058
10 57 10 14407 -0.14133859  0.09294796  0.97365928
10 57 10 66840 -0.15671134  0.04939032  0.91064   
10 57 10 115535 -0.16058326  0.02645731  0.96345234
10 57 10 164560 -0.15456223  0.0364418   1.03967881
10 57 10 216507 -0.15420961  0.05748796  1.04260778
10 57 10 266334 -0.13117337  0.07939601  0.98476958
10 57 10 317757 -0.09993434  0.00901246  0.9165833 
10 57 10 366914 -0.1366148  -0.08917928  0.952811  
10 57 10 412982 -0.20376205 -0.00446653  1.08920503
10 57 10 465008 -0.17592001  0.15231895  1.08693957
10 57 10 513896 -0.11606216  0.13269591  0.92801452
10 57 10 565455 -0.14710569  0.01083374  0.84793901
10 57 10 614694 -0.19146276 -0.00525928  0.95973086
10 57 10 663822 -0.16552758  0.06908178  1.07013106
10 57 10 715945 -0.14112639  0.10308743  1.05115247
10 57 10 767689 -0.1106019   0.02881145  0.95516944
10 57 10 818165 -0.14007521 -0.06040406  0.93837023
10 57 10 865530 -0.18588281 -0.00467134  1.03927159
10 57 10 916982 -0.17092991  0.10181713  1.07062006
10 57 10 966234 -0.13580251  0.11368871  0.96372366
10 57 11 13544 -0.15319109  0.03694582  0.8873601 
10 57 11 72775 -0.17504573  0.01550531  0.95965505
10 57 11 114427 -0.15678     0.04716253  1.04412937
10 57 11 169119 -0.12494969  0.93769908  1.17567301
10 57 11 215215 -0.11033773 -0.04273129  0.91552138
10 57 11 265068  0.01491618 -1.65647864 -0.69920921
10 57 11 316535 -0.20254946  0.08447266  1.66055131
10 57 11 365686 -0.13705087  0.14853954  1.02302933
10 57 11 417147 -0.00134301  0.01530075  0.01556659
10 57 11 466294 -0.12895894  0.08401203  0.96148825
10 57 11 517402 -0.1395905  -0.00813866  0.94824123
10 57 11 566453 -0.18116546 -0.03718615  1.00085926
10 57 11 613104 -0.18746424  0.05408359  1.06074595
10 57 11 664666 -0.12834191  0.13486266  1.02875113
10 57 11 716222 -0.1208384   0.09293365  0.93071747
10 57 11 766807 -0.17241597  0.00486207  0.92973518
10 57 11 814359 -0.16682744  0.02139711  1.00917268
10 57 11 863445 -0.13834     0.07325196  1.04405665
10 57 11 917096 -0.13241601  0.09385633  0.99001479
10 57 11 966634 -0.12450314  0.05652571  0.94614959
10 57 12 19654 -0.13537693 -0.0418241   0.94806314
10 57 12 68019 -0.19252348 -0.06194139  1.01600289
10 57 12 118020 -0.20614624  0.07251096  1.07576108
10 57 12 168395 -0.11264348  0.18588543  1.02071214
10 57 12 215073 -0.09927297  0.092417    0.89809895
10 57 12 265485 -0.19319487 -0.01783109  0.90601444
10 57 12 315118 -0.19656038  0.02457643  1.01977468
10 57 12 367115 -0.12341595  0.11205816  1.05027604
10 57 12 415720 -0.10492349  0.09236002  0.97931767
10 57 12 465818 -0.13928747 -0.00727749  0.9548173 
10 57 12 518015 -0.18486142 -0.03123903  1.00399756
10 57 12 565332 -0.17987823  0.05839038  1.04855156
10 57 12 615510 -0.1304915   0.12336111  1.01528406
10 57 12 665021 -0.13266802  0.07881975  0.92980576
10 57 12 716418 -0.17862988  0.00489211  0.94413137
10 57 12 768598 -0.16532302  0.0221107   1.0193491 
10 57 12 813255 -0.14202189  0.06671929  1.03789115
10 57 12 865166 -0.12600327  0.09084129  0.99300814
10 57 12 913378 -0.11663795  0.05252457  0.94461679
10 57 12 964831 -0.15156841 -0.05307651  0.94817376
10 57 13 14127 -0.2055223  -0.03986216  1.0402751 
10 57 13 66147 -0.18238878  0.10332203  1.07795358
10 57 13 115294 -0.09669232  0.17313933  0.99484825
10 57 13 164674 -0.12352729  0.06876826  0.88422847
10 57 13 219726 -0.20377469 -0.01565051  0.92231011
10 57 13 264710 -0.17117333  0.03865457  1.02753162
10 57 13 318239 -0.11500835  0.11022043  1.04563046
10 57 13 366186 -0.11099434  0.07588649  0.97701335
10 57 13 413954 -0.14945579 -0.03275323  0.94311357
10 57 13 464538 -0.20146275 -0.04791474  1.00263929
10 57 13 514136 -0.18967366  0.07086945  1.06293297
10 57 13 566184 -0.1154871   0.15209699  1.02337766
10 57 13 614661 -0.11841774  0.0764215   0.9180994 
10 57 13 664998 -1.94445372e-01 -8.51631165e-04  9.22706366e-01
10 57 13 715703 -0.17530942  0.02823997  1.01120973
10 57 13 777556 -0.12211847  0.08171058  1.03321648
10 57 13 819335 -0.11165142  0.08315158  0.99081421
10 57 13 865364 -0.12788987  0.00875711  0.94576073
10 57 13 917465 -0.1841166  -0.05580664  0.97079563
10 57 13 969005 -0.20800543  0.01401949  1.05036092
10 57 14 12759 -0.13842511  0.14271641  1.05261087
10 57 14 73776 -0.08995247  0.13008976  0.95425582
10 57 14 114439 -0.16639352  0.0195787   0.90112996
10 57 14 165478 -0.21014547  0.00287485  0.97973013
10 57 14 214764 -0.14246202  0.07160902  1.03876781
10 57 14 265417 -0.10475731  0.09884501  1.01567936
10 57 14 316261 -0.11530423  0.03061557  0.95918393
10 57 14 364572 -0.18062472 -0.03941536  0.96907473
10 57 14 416090 -0.20798373  0.0038991   1.03100801
10 57 14 465562 -0.14907861  0.10783339  1.04022551
10 57 14 517695 -0.10618997  0.11814857  0.96981883
10 57 14 565999 -0.15621829  0.04113173  0.92309141
10 57 14 614516 -0.19183397  0.01546693  0.9792738 
10 57 14 669175 -0.14763808  0.04899645  1.02294278
10 57 14 714670 -0.12410069  0.07745337  1.01250434
10 57 14 767710 -0.11746788  0.07060671  0.97139716
10 57 14 816248 -0.13338828 -0.01865196  0.94997406
10 57 14 863804 -0.20650363 -0.06445265  1.00332999
10 57 14 914648 -0.21119571  0.04677725  1.06442213
10 57 14 965193 -0.11135387  0.16373205  1.03149533
10 57 15 17046 -0.09020448  0.10642934  0.92179656
10 57 15 69252 -0.19338131 -0.00161648  0.91348791
10 57 15 119576 -0.20421362  0.01962304  1.00338984
10 57 15 166721 -0.13034177  0.08434629  1.03486776
10 57 15 214299 -0.10932779  0.08144283  0.99134517
10 57 15 265032 -1.33100271e-01  7.03096390e-04  9.58820105e-01
10 57 15 315503 -0.18864202 -0.03920794  0.99218082
10 57 15 366083 -0.19467449  0.03248215  1.0381906 
10 57 15 416616 -0.13329482  0.11581349  1.02058101
10 57 15 464253 -0.11396098  0.0997169   0.94294596
10 57 15 516326 -0.1737988   0.02079678  0.9343698 
10 57 15 565136 -0.18349385  0.01957464  0.99850082
10 57 15 616999 -0.139112    0.06464553  1.03305101
10 57 15 678838 -0.12317181  0.08089685  0.99398708
10 57 15 751156 -0.11577272  0.03887773  0.95001745
10 57 15 805627 -0.15387464 -0.0446558   0.96338558
10 57 15 845962 -0.20751667 -0.02581191  1.0381918 
10 57 15 887837 -0.17524195  0.10436559  1.06475043
10 57 15 931572 -0.09123421  0.15195394  0.98203206
10 57 15 981863 -0.12244034  0.05529094  0.89872766
10 57 16 41623 -0.20379424 -0.00363135  0.95227194
10 57 16 90218 -0.17103601  0.04965496  1.03490043
10 57 16 136440 -0.11377263  0.09598613  1.02860522
10 57 16 184353 -0.11461353  0.06050038  0.967134  
10 57 16 234429 -0.14801383 -0.02547979  0.95416617
10 57 16 292243 -0.19854712 -0.0268352   1.01910186
10 57 16 339888 -0.1834929   0.07268381  1.05972242
10 57 16 387129 -0.11784577  0.13017106  1.0008018 
10 57 16 442014 -0.12654233  0.06911016  0.91757178
10 57 16 498819 -0.18480825  0.00909686  0.94823766
10 57 16 546840 -0.17325211  0.0332942   1.02194786
10 57 16 594388 -0.13203788  0.07311392  1.02493477
10 57 16 641773 -0.11964178  0.07463646  0.98250628
10 57 16 667920 -0.11587501  0.01899242  0.94703555
10 57 16 717108 -0.16177249 -0.05232215  0.97457576
10 57 16 767766 -0.20228052 -0.00958681  1.05008912
10 57 16 819541 -0.16188693  0.11770535  1.05057359
10 57 16 865839 -0.09057903  0.14460993  0.96564269
10 57 16 916970 -0.14234281  0.03174996  0.89853477
10 57 16 966450 -0.20321846 -0.0084393   0.97178721
10 57 17 14691 -0.15736008  0.05505252  1.04434872
10 57 17 76635 -0.1151402   0.09549689  1.01932478
10 57 17 109945 -0.11860251  0.05605769  0.95972347
10 57 17 170077 -0.14424944 -0.02954102  0.95370269
10 57 17 214601 -0.18839478 -0.02638221  1.01686001
10 57 17 264175 -0.17387271  0.06585574  1.05478215
10 57 17 316607 -0.11724496  0.12363458  1.00112867
10 57 17 365145 -0.13198042  0.07753396  0.92001319
10 57 17 416801 -0.17553353  0.00975418  0.94738269
10 57 17 466138 -0.16593909  0.03093338  1.01569319
10 57 17 517972 -0.13797617  0.06878614  1.02868032
10 57 17 567566 -0.13111353  0.07783198  0.98396063
10 57 17 613238  0.01514888 -0.92171907  0.22247005
10 57 17 664556 -0.14310598 -0.04426336  0.00377631
10 57 17 714036 -0.18968344 -0.04595089  1.02993417
10 57 17 767145  0.01488447  1.46901369 -0.69899178
10 57 17 815055 -0.11082816  0.16097689  1.00021648
10 57 17 863012 -0.11404705  0.07916737  0.91408849
10 57 17 916624 0.16528296 1.8507688  1.99975586
10 57 17 966113 -0.18217087 -0.03205395  0.88692927
10 57 18 16667 -0.17148471  0.00398088  1.01445436
10 57 18 67828 -0.14180636  0.06059504  1.08267713
10 57 18 119750 -0.13544583  0.05533671  1.02419615
10 57 18 166690 -0.11857367 -0.01119447  0.93029022
10 57 18 214972 -0.14508009 -0.07064176  0.94691086
10 57 18 264794 -0.17506051  0.0012455   1.0559144 
10 57 18 325518 -0.13918781  0.08490562  1.06243587
10 57 18 383512 -0.13203287  0.07059622  0.94824171
10 57 18 432551 -0.16570807  0.00780678  0.8994875 
10 57 18 486554 -0.156317    0.00373507  0.97168803
10 57 18 529741 -0.13887954  0.02468491  1.04758215
10 57 18 587579 -0.14213371  0.04005647  1.04202938
10 57 18 633652 -0.13349581  0.04433942  0.97911811
10 57 18 686636 -0.10738778 -0.02675247  0.92525744
10 57 18 742258 -0.13932467 -0.09839225  0.97330689
10 57 18 803454 -0.18695569 -0.01986885  1.0781095 
10 57 18 855709 -0.15678024  0.11995769  1.06281161
10 57 18 922367 -0.11418486  0.10797882  0.93328691
10 57 18 971893 -0.15584588 -0.00910711  0.86497092
10 57 19 21447 -0.18271661 -0.01341176  0.97347975
10 57 19 65409 -0.1493237   0.04649687  1.07077503
10 57 19 124662 -0.14616585  0.05967355  1.04077291
10 57 19 173320 -0.1439817   0.02596259  0.96527624
10 57 19 220687 -0.11288691 -0.04496193  0.9278028 
10 57 19 266617 -0.1503706  -0.07228756  1.00593424
10 57 19 322682 -0.18645477  0.02437186  1.09083319
10 57 19 359333 -0.15824246  0.11178613  1.02976108
10 57 19 394576 -0.12921333  0.07544112  0.90412569
10 57 19 430220 -0.1618495  -0.01154232  0.90171933
10 57 19 478384 -0.17090273  0.00491238  1.01333857
10 57 19 541318 -0.15188336  0.04656386  1.05949593
10 57 19 577469 -0.14423323  0.05233192  1.01238465
10 57 19 614065 -0.12471104  0.00737548  0.93646669
10 57 19 667261 -0.11754298 -0.08299804  0.93679738
10 57 19 716840 -0.17392254 -0.07005858  1.05306625
10 57 19 767660 -0.19258523  0.07913518  1.10204291
10 57 19 818359 -0.12312174  0.12703204  0.98978496
10 57 19 868484 -0.12088108  0.02039957  0.85616851
10 57 19 916610 -0.18704939 -0.03284669  0.92235565
10 57 19 965324 -0.16529703  0.03263497  1.05671096
10 57 20 13259 -0.13679481  0.07724071  1.05654216
10 57 20 72883 -0.12948561  0.03708553  0.97122955
10 57 20 114381 -0.13167    -0.05107975  0.92369604
10 57 20 165629 -0.1647296  -0.03640699  1.00958157
10 57 20 214627 -0.1609385   0.05884504  1.08235431
10 57 20 264084 -0.1257689   0.07662058  1.00225163
10 57 20 315683 -0.14429474  0.01250386  0.90210152
10 57 20 364508 -0.16738582 -0.01808667  0.93937302
10 57 20 415588 -0.13240886  0.02341151  1.03798866
10 57 20 465283 -0.14827108  0.03599     1.05614018
10 57 20 517410 -0.14781451  0.05217409  0.99625111
10 57 20 565983 -0.11757994  0.02650118  0.92800641
10 57 20 617175 -0.11214542 -0.07606721  0.93230462
10 57 20 664615 -0.16180968 -0.0883522   1.03753543
10 57 20 713694 -0.17516494  0.04330325  1.10268164
10 57 20 770366 -0.1340394   0.12442541  1.01255322
10 57 20 814225 -0.12055206  0.04556751  0.86903334
10 57 20 862911 -0.17272758 -0.03301191  0.89924502
10 57 20 914917 -0.16516066  0.01896644  1.04138494
10 57 20 964139 -0.13778973  0.07485986  1.0651679 
10 57 21 15980 -0.1483109   0.06198025  0.99417567
10 57 21 68899 -0.12755394 -0.0042665   0.91968799
10 57 21 116791 -0.11308575 -0.08231688  0.95040298
10 57 21 165901 -0.17255497 -0.04609871  1.07116747
10 57 21 212754 -0.18787265  0.08742476  1.09844542
10 57 21 263856 -0.13180232  0.11396432  0.96432376
10 57 21 312985 -0.13153291  0.01480937  0.85538197
10 57 21 364624 -0.17249179 -0.02355337  0.94701529
10 57 21 416206 -0.15732694  0.03742051  1.06279874
10 57 21 464695 -0.13863301  0.07557344  1.05276728
10 57 21 515953 -0.12515831  0.0388875   0.95564413
10 57 21 566056 -0.11599636 -0.06436372  0.91292357
10 57 21 617153 -0.15529633 -0.07398319  1.00543785
10 57 21 664337 -0.17853856  0.04607272  1.10727191
10 57 21 716339 -0.14221358  0.10368085  1.02798772
10 57 21 768402 -0.13000822  0.03121948  0.87677097
10 57 21 812739 -0.17420268 -0.04711342  0.90179062
10 57 21 864469 -0.1658814   0.01164722  1.03364325
10 57 21 917506 -0.14879084  0.0685668   1.08601713
10 57 21 964808 -0.13907862  0.05997825  0.99927139
10 57 22 15082 -0.11998415 -0.02882099  0.90807247
10 57 22 65922 -0.16884184 -0.07134986  0.9572494 
10 57 22 115101 -0.17132235  0.02694511  1.07937217
10 57 22 163877 -0.13678765  0.08582067  1.05496168
10 57 22 215839 -0.13144922  0.04266596  0.92755198
10 57 22 265718 -0.16947627 -0.01932454  0.89865518
10 57 22 317652 -0.15127063  0.00550151  0.99894238
10 57 22 365458 -0.14357853  0.03391385  1.06780577
10 57 22 412441 -0.14856935  0.0654366   1.04081488
10 57 22 464045 -0.12971401  0.05514193  0.95273018
10 57 22 513073 -0.10776377 -0.05352998  0.90069127
10 57 22 565199 -0.16025519 -0.10526109  0.99608803
10 57 22 615140 -0.19031143  0.02542448  1.11766744
10 57 22 663007 -0.13728261  0.1360929   1.06157804
10 57 22 715021 -0.11750698  0.0673306   0.88331699
10 57 22 766964 -0.17204142 -0.03753781  0.86628485
10 57 22 817679 -0.17187715 -0.00152731  1.01236773
10 57 22 865479 -0.14133406  0.06792021  1.08609724
10 57 22 916733 -0.13977456  0.07497096  1.03045654
10 57 22 965578 -0.12678313  0.01036143  0.93329096
10 57 23 13097 -0.12444377 -0.07230473  0.92467666
10 57 23 73213 -0.16662264 -0.03640437  1.04075074
10 57 23 114453 -0.1730535   0.07008624  1.09722018
10 57 23 165857 -0.13730216  0.09700894  0.98667669
10 57 23 214361 -0.14457846  0.02488589  0.87616801
10 57 23 263864 -0.16757178 -0.02091455  0.93541455
10 57 23 315187 -0.15140605  0.02169871  1.05281973
10 57 23 363837 -0.14646912  0.05925035  1.06445861
10 57 23 415649 -0.13864684  0.05613637  0.98714423
10 57 23 464803 -0.10426092 -0.02953291  0.90402985
10 57 23 516569 -0.13377571 -0.09770918  0.96100807
10 57 23 565682 -0.18969297  0.00432634  1.10195303
10 57 23 612236 -0.1585815   0.12796426  1.08078551
10 57 23 665978 -0.17181993  1.93739128 -0.13730359
10 57 23 713436 -0.17455983 -0.01101804  0.98043942
10 57 23 765994  0.01503825 -1.37475753  1.47298884
10 57 23 814546 -0.13878393  0.07653809  0.84782195
10 57 23 863537 -0.12500739  0.01274943  0.94081664
10 57 23 915780  0.00520277 -0.01935101  0.01556158
10 57 23 964559 -0.13850617  0.1049757   1.07178783
10 57 24 15989 -0.12401819  0.05428529  0.97239852
10 57 24 67867 -0.13963389 -0.04924798  0.91397262
10 57 24 116862 -0.1790061  -0.03974891  1.00591803
10 57 24 165854 -0.15919471  0.07821774  1.08446431
10 57 24 213401 -0.13500953  0.11513925  1.01502419
10 57 24 264869 -0.15182233  0.05368519  0.89304209
10 57 24 313739 -0.17568636  0.00255013  0.91394758
10 57 24 365282 -0.15224051  0.02901649  1.01700568
10 57 24 414403 -0.14610243  0.07178998  1.06616783
10 57 24 463571 -0.13599324  0.08555365  1.0147326 
10 57 24 516264 -0.11218095  0.0041604   0.91186285
10 57 24 564391 -0.14971638 -0.10026908  0.93223286
10 57 24 616226 -0.20647383 -0.01297951  1.07987404
10 57 24 669325 -0.16896486  0.14810896  1.10012245
10 57 24 718107 -0.11361146  0.12732172  0.94699717
10 57 24 769515 -0.162637    0.00353146  0.84358716
10 57 24 812956 -0.2019124  -0.01293302  0.94143057
10 57 24 864970 -0.15506458  0.06406093  1.07187772
10 57 24 914674 -0.13682604  0.09980321  1.0601244 
10 57 24 965854 -0.11805773  0.03848052  0.96389437
10 57 25 16664 -0.14790177 -0.03578663  0.93244267
10 57 25 67343 -0.17475963  0.00662518  1.0160532 
10 57 25 116205 -0.14149451  0.07744241  1.05396366
10 57 25 165043 -0.13416171  0.07658076  0.97377539
10 57 25 217115 -0.171808    0.03763342  0.92270088
10 57 25 265983 -0.15971494  0.03036404  0.96409559
10 57 25 317067 -0.14453435  0.02106333  1.02001905
10 57 25 365968 -0.15398407  0.04030991  1.03977346
10 57 25 412738 -0.14124751  0.08629322  1.00380397
10 57 25 469099 -0.11487722  0.04402828  0.93068075
10 57 25 513637 -0.12158275 -0.08018136  0.92930508
10 57 25 565068 -0.18038964 -0.06656194  1.0421474 
10 57 25 614752 -0.19110751  0.10211849  1.11208606
10 57 25 664125 -0.13179016  0.1689589   1.00336838
10 57 25 715308 -0.13156319  0.06553531  0.857476  
10 57 25 766558 -0.1797266  -0.01427889  0.8900485 
10 57 25 821049 -0.16957188  0.03308558  1.03696895
10 57 25 865327 -0.14942956  0.09017706  1.06682968
10 57 25 917371 -0.14448833  0.07229018  1.00421929
10 57 25 965818 -0.12248492  0.00739646  0.93156672
10 57 26 13092 -0.13777471 -0.04001713  0.97170234
10 57 26 73166 -0.17635703  0.01377678  1.06030393
10 57 26 113430 -0.16832137  0.10001159  1.0521338 
10 57 26 165436 -0.14327455  0.10173655  0.94257665
10 57 26 214456 -0.15335703  0.03695202  0.90048265
10 57 26 263704 -0.16140509  0.01718616  0.97705746
10 57 26 315359 -0.14784217  0.04379582  1.04507446
10 57 26 364332 -0.14951587  0.05966258  1.02368474
10 57 26 416714 -0.13380337  0.06087971  0.96778059
10 57 26 465613 -0.11346078 -0.00415206  0.93479061
10 57 26 520982 -0.14338279 -0.06121564  0.99038291
10 57 26 566301 -0.18781614  0.01801348  1.07988   
10 57 26 614075 -0.16678023  0.12330317  1.04717064
10 57 26 664388 -0.12509632  0.10198879  0.91283226
10 57 26 714044 -0.16333818  0.00565314  0.88673162
10 57 26 767302 -0.17301273  0.02176881  1.00063658
10 57 26 815964 -0.15805435  0.07635331  1.06314993
10 57 26 865141 -0.15372133  0.09045863  1.02090621
10 57 26 916931 -0.13686705  0.04664898  0.94130611
10 57 26 965646 -0.13180399 -0.0168035   0.95145273
10 57 27 15943 -1.66610718e-01  6.65426254e-04  1.04649687e+00
10 57 27 67869 -0.16578078  0.07398701  1.06463504
10 57 27 117938 -0.1445601   0.09480572  0.97575879
10 57 27 167261 -0.15047693  0.04776812  0.90646744
10 57 27 215328 -0.15424705  0.0123117   0.95893621
10 57 27 264993 -0.1484313   0.03425264  1.04541802
10 57 27 314818 -0.15585709  0.06635547  1.04276371
10 57 27 365053 -0.14874601  0.07679915  0.97826552
10 57 27 415773 -0.12274551  0.02797866  0.92214751
10 57 27 464655 -0.13323355 -0.05289197  0.96533322
10 57 27 515754 -0.16732669 -0.02105594  1.06332707
10 57 27 564105 -0.17471051  0.08951306  1.07839847
10 57 27 615905 -0.14172959  0.11285305  0.96397376
10 57 27 664938 -0.14783025  0.03454161  0.87692308
10 57 27 716749 -0.16953945  0.00380635  0.95785499
10 57 27 768712 -0.15278745  0.05694628  1.05467343
10 57 27 814004 -0.15056086  0.09026408  1.04480314
10 57 27 868169 -0.15411568  0.07825971  0.97116923
10 57 27 913735 -0.12175894  0.00871301  0.92272496
10 57 27 965218 -0.13791561 -0.05496883  0.9810214 
10 57 28 13794 -0.18762231  0.00217128  1.08006549
10 57 28 67964 -0.17642093  0.11972332  1.06978941
10 57 28 114824 -0.13101268  0.11649752  0.94025564
10 57 28 166741 -0.14884329  0.02461219  0.87562847
10 57 28 216866 -0.17279029  0.01667857  0.98066831
10 57 28 266468 -0.1625154   0.07697129  1.06609702
10 57 28 321072 -0.15272784  0.10558748  1.02852106
10 57 28 365946 -0.13563633  0.04846358  0.94055867
10 57 28 412194 -0.11890101 -0.05318594  0.92468691
10 57 28 464568 -0.16808987 -0.05255628  1.03667808
10 57 28 513404 -0.19434404  0.09114289  1.11897635
10 57 28 564769 -0.15033555  0.14623141  1.018435  
10 57 28 614095 -0.13081765  0.04765844  0.86222148
10 57 28 665455 -0.18177509 -0.02243614  0.90492201
10 57 28 716803 -0.16699076  0.05354238  1.04729795
10 57 28 766783 -0.14422393  0.11702085  1.0752058 
10 57 28 817764 -0.13030481  0.0784514   0.97589993
10 57 28 864794 -0.13426208 -0.03237557  0.90856051
10 57 28 917195 -0.17495084 -0.03829432  0.99530649
10 57 28 966250 -0.16652203  0.07159066  1.08461499
10 57 29 12507 -0.13277674  0.11157751  1.02333283
10 57 29 72697 -0.14073563  0.04362893  0.9052701 
10 57 29 113852 -0.17315459 -0.01621222  0.92225885
10 57 29 165387 -0.15354276  0.03407598  1.02686477
10 57 29 214071 -0.1428597   0.085814    1.07192254
10 57 29 263447 -0.13590527  0.09583855  1.00375414
10 57 29 314901 -0.11541867  0.02412558  0.90955496
10 57 29 368909 -0.15966153 -0.06818867  0.93679571
10 57 29 416548 -0.19702339 -0.00215387  1.06938314
10 57 29 466395 -0.15936255  0.13007951  1.09350181
10 57 29 517275 -0.11798573  0.12025595  0.95840406
10 57 29 565654 -0.16486025  0.01000667  0.86426115
10 57 29 613198 -0.19577098 -0.00200009  0.95353508
10 57 29 665384 -0.14059901  0.60986185 -0.68341398
10 57 29 714690 -0.12462306  0.06759334  0.95041013
10 57 29 766748  0.01502919  1.43742943 -0.23077202
10 57 29 833939 -0.18720365  0.01043701 -1.4491725 
10 57 29 893176 -0.14698052  0.08639097  1.06182337
10 57 29 944241 0.00308633 0.00575399 0.01557589
10 57 29 991353 -0.12222648  0.10144806  0.95456815
10 57 30 39380 -0.15912676  0.01719332  0.89133   
10 57 30 83315 -0.17590523 -0.00587344  0.97064757
10 57 30 139051 -0.15022278  0.04179645  1.05011797
10 57 30 181360 -0.13953853  0.07115936  1.04491138
10 57 30 212767 -0.1290741   0.06216311  0.97542763
10 57 30 264212 -0.11131191 -0.03674269  0.91689062
10 57 30 314610 -0.1673615  -0.09518838  0.98600054
10 57 30 365531 -0.20789576  0.03160548  1.10327625
10 57 30 414491 -0.14038944  0.15636396  1.06373096
10 57 30 463642 -0.10597563  0.09254837  0.90516758
10 57 30 514989 -0.17179632 -0.02945781  0.86745501
10 57 30 564991 -0.19234014 -0.00372553  0.99986768
10 57 30 617207 -0.14392209  0.08008575  1.0826304 
10 57 30 665430 -0.12212729  0.08805156  1.02503538
10 57 30 731737 -0.12128448 -0.00182223  0.93448973
10 57 30 790694 -0.16848612 -0.05585718  0.96399379
10 57 30 841026 -0.18441772  0.0282495   1.05358148
10 57 30 881214 -0.14425135  0.10718727  1.04506779
10 57 30 932130 -0.12507534  0.07240796  0.93339491
10 57 30 978697 -0.16858149 -0.01023412  0.91247249
10 57 31 35650 -0.16138244  0.00276375  0.99711871
10 57 31 83428 -0.14272809  0.04860091  1.05611467
10 57 31 135193 -0.13380361  0.07215309  1.02312326
10 57 31 187746 -0.10497022  0.03173304  0.93613887
10 57 31 235397 -0.12476444 -0.08285785  0.91886902
10 57 31 266443 -0.19772434 -0.06320095  1.0415132 
10 57 31 316717 -0.18252468  0.09700751  1.10196447
10 57 31 367116 -0.10301971  0.13800526  0.99063277
10 57 31 412883 -0.12610793  0.02399802  0.85624504
10 57 31 464393 -0.19620705 -0.03516293  0.91577101
10 57 31 513799 -0.17242908  0.03821564  1.05002546
10 57 31 565809 -0.12873125  0.10366559  1.06127954
10 57 31 615482 -0.10905528  0.05041623  0.96945095
10 57 31 663982 -0.14874029 -0.04603648  0.92857456
10 57 31 716645 -0.18914509 -0.00912738  1.01024532
10 57 31 768044 -0.15091681  0.07833958  1.06196499
10 57 31 819117 -0.11605835  0.07937336  0.983495  
10 57 31 865935 -0.15128255  0.0129931   0.91765785
10 57 31 918887 -0.16974378  0.00106692  0.96482992
10 57 31 967212 -0.14920878  0.02499461  1.0381341 
10 57 32 13859 -0.14641953  0.05377817  1.04591441
10 57 32 73701 -0.1260097   0.0725317   0.98878622
10 57 32 109177 -0.10159636 -0.00882697  0.91005492
10 57 32 168103 -0.15939641 -0.08647346  0.95674777
10 57 32 216014 -1.95464373e-01 -8.58545303e-04  1.07608747e+00
10 57 32 263897 -0.13917732  0.12479568  1.06320262
10 57 32 315284 -0.1023922   0.09056139  0.9248879 
10 57 32 365149 -0.16226935 -0.01333475  0.87628055
10 57 32 417299 -0.1873529  -0.00882959  0.98296571
10 57 32 465987 -0.14794111  0.06123686  1.06692624
10 57 32 517965 -0.13358307  0.09177876  1.04178452
10 57 32 565978 -0.1173687   0.03448582  0.95897508
10 57 32 613835 -0.14608359 -0.044806    0.94035172
10 57 32 664042 -0.17789435 -0.00742817  1.02843904
10 57 32 713705 -0.14743304  0.07537222  1.05821872
10 57 32 766194 -0.12890387  0.08033156  0.9677968 
10 57 32 814943 -0.15459919  0.02974415  0.91712928
10 57 32 868692 -0.16000938  0.00593376  0.97125292
10 57 32 913713 -0.1535542   0.0226059   1.03558302
10 57 32 965744 -0.15059662  0.0560143   1.03920698
10 57 33 16601 -0.12862754  0.07329154  0.98795033
10 57 33 68198 -0.1056881  -0.00138259  0.92186952
10 57 33 117077 -0.14107084 -0.0976212   0.95072055
10 57 33 166411 -0.20038009 -0.02082086  1.07685471
10 57 33 213804 -0.16576958  0.13129425  1.08259082
10 57 33 264441 -0.10628223  0.11927843  0.94158292
10 57 33 313711 -0.15270686 -0.00616527  0.86082458
10 57 33 364943 -0.1904881  -0.0202415   0.96699405
10 57 33 414257 -0.158638    0.05219126  1.07275271
10 57 33 463486 -0.14087129  0.09116578  1.04524636
10 57 33 515178 -0.12665796  0.03277373  0.95690799
10 57 33 564521 -0.13662791 -0.04589462  0.93608046
10 57 33 617015 -0.17834949 -0.01426291  1.03027534
10 57 33 665104 -0.17478848  0.07871985  1.07286954
10 57 33 716953 -0.13921022  0.10033727  0.97781038
10 57 33 769200 -0.15056324  0.03456998  0.89904189
10 57 33 812937 -0.16488767  0.00218391  0.96101904
10 57 33 864643 -0.15141797  0.03294063  1.04559159
10 57 33 914270 -0.15066695  0.05943871  1.04705   
10 57 33 964933 -0.13417816  0.06171513  0.97782159
10 57 34 14633 -0.10521746 -0.00974131  0.92016125
10 57 34 66978 -0.14842534 -0.07303238  0.97748899
10 57 34 115821 -0.18969131  0.01177955  1.08294249
10 57 34 169287 -0.14766359  0.12192583  1.05740499
10 57 34 216286 -0.1150496  0.0889895  0.9130013
10 57 34 265235 -0.16222715 -0.01188397  0.87468266
10 57 34 317064 -1.78477764e-01 -8.95738602e-04  9.94674444e-01
10 57 34 365894 -0.1497159   0.06180358  1.06831241
10 57 34 412810 -0.14059067  0.07722425  1.03366685
10 57 34 464084 -0.12130928  0.01929951  0.9424746 
10 57 34 513811 -0.1266675  -0.06056023  0.93355012
10 57 34 565082 -0.17371178 -0.01749611  1.04576564
10 57 34 615046 -0.16560268  0.08771563  1.07687521
10 57 34 663759 -0.13045073  0.10260367  0.96803427
10 57 34 715515 -0.14953828  0.03120923  0.88393426
10 57 34 767114 -0.16695356 -0.00132775  0.95749474
10 57 34 818126 -0.15403152  0.03218865  1.05230737
10 57 34 865152 -0.14836097  0.06315446  1.05212379
10 57 34 917365 -0.13705659  0.06272078  0.98526073
10 57 34 965927 -0.10575461 -0.0188601   0.91308093
10 57 35 30489 -0.1425755  -0.09468889  0.96385288
10 57 35 95291 -0.20226216  0.00404859  1.09499407
10 57 35 144415 -0.16506052  0.1405611   1.07960486
10 57 35 196195 -0.11588526  0.10645008  0.9146688 
10 57 35 240676 -0.15982318 -0.01519918  0.85338688
10 57 35 291718 -0.19172549 -0.00743341  0.98305964
10 57 35 341300 -0.15685868  0.06628704  1.08065057
10 57 35 392641 -0.13755631  0.0871551   1.03960299
10 57 35 452409 -0.12136078  0.01492333  0.9385674 
10 57 35 469459 -0.15596461 -0.04807568  0.94662666
10 57 35 517207 -0.17496705  0.0280633   1.04799914
10 57 35 566894 -0.13637257  0.08023667  1.04406667
10 57 35 614093 -0.13778019  0.05089498  0.94531798
10 57 35 665557 -0.17050791  0.00166464  0.92438698
10 57 35 713968 -0.14715242  0.0091362   0.99430013
10 57 35 767425 -0.14458346  0.01646161  1.05350399
10 57 35 815139 -0.15161991  0.03611207  1.03938723
10 57 35 864808 -0.14045954  0.06696749  0.97484875
10 57 35 915374 -0.10960841  0.00640035  0.91563845
10 57 35 964816  0.01511931  0.65591383 -1.69938517
10 57 36 16461 -0.1689024  -0.04306173  1.06770992
10 57 36 68009 -0.16370249  0.09147835  1.08753729
10 57 36 117561 0.01513386 0.10984445 1.80063033
10 57 36 169587 -0.13808489  0.01935053  0.86428428
10 57 36 213040 -0.16907716 -0.01327372  0.94290376
10 57 36 264197 -0.15634155  0.0439477  -1.70310688
10 57 36 314422 -0.12665701  0.04647374  0.89073491
10 57 36 365115 -0.21646333 -0.00659466  0.94621634
10 57 36 414897 -0.17018437  0.0525558   1.03365231
10 57 36 463669 -0.10345817  0.10208416  1.0246942 
10 57 36 515650 -0.10688877  0.0519228   0.96991134
10 57 36 564489 -0.16650581 -0.01836586  0.97111988
10 57 36 616373 -0.19835806  0.01158881  1.02153015
10 57 36 665296 -0.14978456  0.08515215  1.02578902
10 57 36 718456 -0.11738324  0.0887177   0.96240783
10 57 36 768258 -0.14862847  0.04778814  0.93928719
10 57 36 819610 -0.1686275   0.03036809  0.98597741
10 57 36 864391 -0.15274787  0.03821564  1.01912594
10 57 36 913907 -0.14023137  0.05881572  1.01414347
10 57 36 965366 -0.11660314  0.08657479  0.97647357
10 57 37 15162 -0.11112928  0.02222753  0.94554901
10 57 37 67685 -0.18135428 -0.0757215   0.97956705
10 57 37 115593 -0.22658563 -0.00162625  1.06587076
10 57 37 165765 -0.14889979  0.16210175  1.05989289
10 57 37 216265 -0.06804419  0.16017127  0.94604158
10 57 37 267827 -0.14934397  0.027179    0.88366437
10 57 37 318178 -0.21218061  0.00264716  0.96532059
10 57 37 366064 -0.15446687  0.07864952  1.04486704
10 57 37 413927 -0.10340738  0.10276318  1.01602077
10 57 37 464505 -0.11505079  0.03086638  0.96295714
10 57 37 513979 -0.16476703 -0.02729297  0.98340034
10 57 37 565841 -0.18649173  0.0230298   1.0320487 
10 57 37 619674 -0.15015483  0.09591317  1.02528477
10 57 37 664111 -0.12601972  0.09340191  0.95705605
10 57 37 720048 -0.15751028  0.0332787   0.93470049
10 57 37 766554 -0.1711061   0.02428985  1.0006187 
10 57 37 818465 -0.15689588  0.04678965  1.02875876
10 57 37 864350 -0.14285326  0.06318593  1.00320315
10 57 37 916661 -0.11502051  0.07186294  0.96431398
10 57 37 965585 -0.1131115  -0.01206446  0.94992685
10 57 38 13365 -0.18396521 -0.06533313  1.00341725
10 57 38 73095 -0.20637965  0.03572845  1.07098722
10 57 38 113816 -0.12867403  0.16344094  1.03363609
10 57 38 169835 -0.08698916  0.11614299  0.91937685
10 57 38 214130 -1.74339533e-01 -6.81638718e-04  9.04326677e-01
10 57 38 263532 -0.2018199   0.01575851  1.01309323
10 57 38 315251 -0.13775873  0.09256315  1.05706048
10 57 38 363857 -0.11222029  0.09936714  1.00057769
10 57 38 415697 -0.13066745  0.01062346  0.95396471
10 57 38 465189 -0.17505741 -0.04555535  0.98918486
10 57 38 516842 -0.19652653  0.02580905  1.05646086
10 57 38 565450 -0.15167785  0.12360168  1.0410893 
10 57 38 612861 -0.11566591  0.11388898  0.95127916
10 57 38 664059 -0.16276908  0.03002691  0.91633844
10 57 38 713584 -0.18369579  0.01906228  0.99032235
10 57 38 765995 -0.14436412  0.06485271  1.03538728
10 57 38 815034 -0.12881708  0.07896042  1.00507951
10 57 38 863106 -0.11972904  0.05848837  0.95915961
10 57 38 915781 -0.13781595 -0.03035855  0.94679594
10 57 38 966408 -0.19333172 -0.04080677  1.01375794
10 57 39 16592 -0.19005799  0.07567573  1.06964874
10 57 39 68120 -0.10874629  0.15619802  1.01186585
10 57 39 117668 -0.11739182  0.0756855   0.90462708
10 57 39 165701 -0.19293451 -0.01649642  0.9232614 
10 57 39 212366 -0.18534517  0.02250266  1.02183509
10 57 39 264031 -0.12892103  0.09140539  1.04855347
10 57 39 314385 -0.11711693  0.08645988  0.9905057 
10 57 39 365680 -0.13701773 -0.00444603  0.94330025
10 57 39 414893 -0.17921901 -0.04894066  0.98218489
10 57 39 465042 -0.18910289  0.03923154  1.05381346
10 57 39 515608 -0.14417768  0.13943076  1.03917003
10 57 39 564862 -0.11772656  0.11539674  0.93893862
10 57 39 616495 -0.17121768  0.01846719  0.91463995
10 57 39 665403 -0.1843822   0.01710653  0.99368501
10 57 39 717255 -0.14042807  0.07083249  1.04141307
10 57 39 769046 -0.1236372   0.09337044  1.01048732
10 57 39 814005 -0.12285423  0.04098749  0.96287298
10 57 39 865073 -0.15776491 -0.04888487  0.95783186
10 57 39 914400 -0.19157696 -0.02982068  1.02551818
10 57 39 966267 -0.17145228  0.09011841  1.06237102
10 57 40 16690 -0.10561466  0.15064096  0.99676061
10 57 40 67233 -0.1314671   0.06369996  0.90313315
10 57 40 116493 -0.19381356 -0.0086298   0.93483901
10 57 40 164116 -0.17049623  0.02941346  1.02618361
10 57 40 217744 -0.11887622  0.09554744  1.03704882
10 57 40 266792 -0.11088467  0.08442712  0.98466063
10 57 40 318206 -0.12940669 -0.00498772  0.9447937 
10 57 40 365658 -0.17914271 -0.04533148  0.98941898
10 57 40 418225 -0.18587184  0.03562117  1.05164886
10 57 40 464043 -0.12413573  0.13667727  1.02775884
10 57 40 513943 -0.11283922  0.11410141  0.93719196
10 57 40 585001 -0.1668098   0.01478577  0.91205597
10 57 40 655548 -0.17214823  0.00778222  0.98799157
10 57 40 710405 -0.13212776  0.06064916  1.04544973
10 57 40 756890 -0.11666369  0.08919048  1.0078826 
10 57 40 803781 -0.11125803  0.04997301  0.95744658
10 57 40 844340 -0.1360352  -0.04883838  0.94953871
10 57 40 906918 -0.19223976 -0.0551486   1.01993632
10 57 40 949079 -0.18587279  0.0825429   1.07373714
10 57 41 5303 -0.09555912  0.16571021  1.01344943
10 57 41 48703 -0.10736704  0.07412124  0.90171027
10 57 41 101471 -0.19650912 -0.0204668   0.91452551
10 57 41 145509 -0.18456507  0.01888347  1.01871896
10 57 41 175255 -0.12054801  0.09623313  1.04726529
10 57 41 214366 -0.11349988  0.08427358  0.98831987
10 57 41 263641 -0.14389253 -0.01685977  0.94438267
10 57 41 316126 -0.1931262  -0.05715704  0.98049307
10 57 41 368041 -0.19995642  0.0458703   1.05043936
10 57 41 418802 -0.12940359  0.13782382  1.02571273
10 57 41 466035 -0.11376595  0.09439278  0.92880225
10 57 41 517494 -0.18378949 -0.00561547  0.91952896
10 57 41 566726 -0.19303465  0.00427723  1.00513005
10 57 41 612987 -0.13718605  0.0764997   1.04509187
10 57 41 664772 -0.11584139  0.09648848  1.00221848
10 57 41 714051 -0.11995506  0.02698708  0.94468617
10 57 41 766368 -0.17738771 -0.06114411  0.95792317
10 57 41 814453 -0.20753932  0.00351572  1.04673505
10 57 41 863769 -0.14908218  0.13629484  1.06299233
10 57 41 916559 -0.08985972  0.12681246  0.96078372
10 57 41 964511 -0.15801024  0.01061392  0.89957356
10 57 42 18355 -0.15621686  0.23461604  0.89471936
10 57 42 68502 -0.10608172  0.10106683  1.02639794
10 57 42 117323  0.01517749 -1.6560936   0.40997601
10 57 42 166701 -0.1728878  -0.04199219  0.58184052
10 57 42 213268 -0.19733429  0.00438261  1.02435637
10 57 42 264251  0.00388074 -0.01197577  0.01556349
10 57 42 314369 -0.14114404  0.0690949   1.03167343
10 57 42 365241 -0.11816788  0.03752232  0.95579672
10 57 42 414656 -0.12739468 -0.05123067  0.93894076
10 57 42 464156 -0.1841464  -0.0423398   1.02512288
10 57 42 515674 -0.17736483  0.08468366  1.07970858
10 57 42 566133 -0.12842655  0.12222838  0.98687387
10 57 42 617420 -0.13438749  0.04541302  0.87966967
10 57 42 665799 -0.17659497 -0.01748896  0.93552899
10 57 42 717725 -0.16416264  0.02456117  1.04237676
10 57 42 768004 -0.1412077   0.06660771  1.05993414
10 57 42 814971 -0.12394643  0.06311822  0.9965384 
10 57 42 864892 -0.10301447 -0.01405096  0.92666197
10 57 42 914166 -0.15113187 -0.07301855  0.97644997
10 57 42 965618 -0.19103217  0.02293062  1.07688165
10 57 43 15685 -0.15968752  0.12569237  1.05433035
10 57 43 68064 -0.11818004  0.0862031   0.91289067
10 57 43 121111 -0.16278005 -0.00755119  0.88521504
10 57 43 166829 -0.18058205  0.00445509  0.99997616
10 57 43 218769 -0.15722179  0.06187057  1.06754279
10 57 43 264369 -0.1364255   0.07324696  1.0247314 
10 57 43 316690 -0.11173463  0.01202488  0.94000578
10 57 43 367305 -0.14070797 -0.05693507  0.94778681
10 57 43 413084 -0.18097472 -0.00579619  1.04643631
10 57 43 464656 -0.164994    0.09940934  1.06587195
10 57 43 513603 -0.12826514  0.10035038  0.95378065
10 57 43 564583 -0.14398217  0.02231574  0.88586926
10 57 43 614500 -1.71563387e-01 -1.33514404e-04  9.74353790e-01
10 57 43 664162 -0.15577459  0.04003525  1.05492544
