14 59 24 859586 -0.00073719 -0.000103   -0.00012875
14 59 24 883195 -0.00036716 -0.00059462 -0.00026655
14 59 24 907110 -3.17573547e-04 -2.43186951e-05 -1.81198120e-05
14 59 24 910164 -6.65187836e-04 -1.95503235e-05 -5.17845154e-04
14 59 24 958045 -3.87191772e-04 -7.91549683e-05 -3.28063965e-04
14 59 24 961498 -0.00021124  0.00052214 -0.00045824
14 59 25 6914 -5.57899475e-05 -2.60353088e-04 -5.43594360e-05
14 59 25 10493 -3.69548798e-04  1.54495239e-04  1.38282776e-05
14 59 25 64308 -2.32219696e-04  4.24385071e-05  2.76088715e-04
14 59 25 67441 -0.00038481  0.00032616  0.00028276
14 59 25 101420 -0.00021076  0.00015974  0.00016308
14 59 25 105034 8.44001770e-05 2.57968903e-04 4.64439392e-04
14 59 25 161225 -0.00043106  0.00020361  0.00027561
14 59 25 164241  5.19752502e-05 -2.78472900e-04  5.58376312e-04
14 59 25 208820  0.00035477 -0.00043249  0.0001111 
14 59 25 212785 -6.72340393e-05 -2.26497650e-04  7.91549683e-05
14 59 25 260684  0.0003314  -0.00012016 -0.00015783
14 59 25 264040 -2.79903412e-04 -1.96933746e-04  7.62939453e-05
14 59 25 307133 -1.26361847e-04  1.09672546e-05 -8.82148743e-05
14 59 25 310395  5.14984131e-05  2.79903412e-04 -1.40190125e-04
14 59 25 356108 -7.29560852e-05  1.83582306e-04 -3.97205353e-04
14 59 25 359384 -1.08718872e-04  7.67707825e-05 -3.79562378e-04
14 59 25 408180 -0.00028944 -0.00017071 -0.00022984
14 59 27 745236 -7.53402710e-05 -4.83512878e-04 -3.04698944e-04
14 59 27 795124  7.15255737e-06  4.63485718e-04 -4.77790833e-04
14 59 27 843815  9.53674316e-07 -2.67028809e-04 -4.39167023e-04
14 59 27 892819 -0.00028563 -0.00012398 -0.0001936 
14 59 27 945742 -5.07831573e-04 -4.52995300e-05 -1.68800354e-04
14 59 27 995002 -0.00047398  0.00026035 -0.00025845
14 59 28 43919 -2.77996063e-04  9.01222229e-05  2.87532806e-04
14 59 28 93366 5.07831573e-04 1.44004822e-04 3.14712524e-05
14 59 28 142381 -1.93595886e-04  5.96046448e-05  6.81877136e-05
14 59 28 196207 -9.05990601e-05 -2.89916992e-04  3.51428986e-04
14 59 28 244560 -3.40938568e-04  1.71661377e-05  1.10149384e-04
14 59 28 294267 -1.09672546e-05  2.61306763e-04  2.78949738e-04
14 59 28 355020 -6.19888306e-06 -1.00135803e-05  1.44481659e-04
14 59 28 407944 -2.93254852e-04  1.83582306e-04 -2.19345093e-05
14 59 28 452589 -1.38759613e-04 -1.79290771e-04 -1.33514404e-05
14 59 28 506322 -0.00034952 -0.00023699 -0.00053215
14 59 28 551309 -0.00023746 -0.00072336 -0.00036764
14 59 28 597812 -3.29017639e-05 -2.77996063e-04 -1.28269196e-04
14 59 28 645915 -8.91685486e-05  6.86645508e-05  1.95503235e-04
14 59 28 695617  6.19888306e-06 -2.64167786e-04 -1.98841095e-04
14 59 28 744325  1.62124634e-05 -1.55448914e-04 -2.25067139e-04
14 59 28 794033  9.63211060e-05  1.44481659e-04 -2.39849091e-04
14 59 28 846525  0.00029612  0.00031805 -0.00013542
14 59 28 896197 4.19616699e-05 1.86443329e-04 9.01222229e-05
14 59 28 952004  1.61647797e-04 -4.33921814e-05 -2.77042389e-04
14 59 28 994799  9.63211060e-05 -8.67843628e-05  2.31742859e-04
14 59 29 47490  3.98635864e-04 -1.95503235e-05  6.18457794e-04
14 59 29 97124  9.20295715e-05 -2.13146210e-04  2.28881836e-05
14 59 29 145707  0.00024128 -0.0001297  -0.00025558
14 59 29 195163  0.0001502  -0.0003562  -0.00020695
14 59 29 243984  0.00013304 -0.00025463  0.00011778
14 59 29 298065 -1.26361847e-04 -1.09672546e-05  2.09808350e-05
14 59 29 346522 -0.00020742 -0.00014305  0.00020838
14 59 29 395768 -1.29699707e-04 -1.13964081e-04  3.57627869e-05
14 59 29 448732  2.38418579e-05 -5.67436218e-05 -5.72204590e-05
14 59 29 498146  0.00012445 -0.00022602 -0.00018167
14 59 29 547262 -6.00814819e-05 -3.42845917e-04 -3.29017639e-05
14 59 29 608207 -1.71184540e-04  6.67572021e-05 -6.67572021e-05
14 59 29 652687  2.08377838e-04 -5.48362732e-05 -9.34600830e-05
14 59 29 698855 -3.80992889e-04  5.81741333e-05 -5.47885895e-04
14 59 29 754270 -1.64031982e-04 -5.19752502e-05 -2.86102295e-04
14 59 29 797678 -3.41415405e-04  1.57356262e-05  3.28540802e-04
14 59 29 845929 -4.02927399e-04 -3.48091125e-05 -2.21252441e-04
14 59 29 896091  5.76972961e-05 -3.59058380e-04 -1.45912170e-04
14 59 29 948357 -0.0002079   0.00019264 -0.00012779
14 59 29 997983  9.25064087e-05 -4.94003296e-04  1.64508820e-04
14 59 30 46764 -0.00041723 -0.00026608 -0.00039005
14 59 30 96280 -0.00028467 -0.00013876  0.00014019
14 59 30 152753 -9.58442688e-05 -4.92095947e-04 -3.80992889e-04
14 59 30 198648 -5.14984131e-05  2.57968903e-04 -2.62260437e-04
14 59 30 247537 -1.28746033e-05 -2.56061554e-04  3.64780426e-04
14 59 30 297464 -2.19821930e-04 -8.05854797e-05  2.04086304e-04
14 59 30 354453  1.70230865e-04 -3.10420990e-04 -7.10487366e-05
14 59 30 412959  6.43730164e-05 -8.24928284e-05  1.81198120e-05
14 59 30 456152  1.54972076e-04  0.00000000e+00 -1.15625191e+00
14 59 30 510358 1.95980072e-04 2.57492065e-05 6.43730164e-05
14 59 30 558208  0.00018263  0.0001955  -0.00022411
14 59 30 611267 -0.0010376   0.00068045 -0.00098753
14 59 30 648844 -0.00103951  0.00063086 -0.00095272
14 59 30 699038 -6.02245331e-04  7.10487366e-05 -1.23357773e-03
14 59 30 747348 -0.00088978  0.00033855 -0.00132179
14 59 30 800674 -0.0006876  -0.00037575 -0.00106001
14 59 30 849312 -0.00116062 -0.00049496 -0.00152254
14 59 30 899328 -0.00080729 -0.00034237 -0.00058603
14 59 30 947945 -7.06672668e-04 -9.04083252e-04 -5.86509705e-05
14 59 31 6445 -0.00053644 -0.00035954 -0.00034618
14 59 31 57333 -0.00028801 -0.00016117  0.00055647
14 59 31 99750  4.86373901e-05 -5.57899475e-04  3.20911407e-04
14 59 31 148734 2.78949738e-04 5.48362732e-05 1.02758408e-03
14 59 31 198101 -2.28881836e-05  9.01222229e-05  1.23262405e-03
14 59 31 251331  5.14984131e-04 -5.86509705e-05  1.22594833e-03
14 59 31 300527 0.00063992 0.00014544 0.00080347
14 59 31 349228  0.00010777 -0.00014734  0.00093174
14 59 31 399492 7.67707825e-05 2.00271606e-05 1.66893005e-04
14 59 31 455854  1.18255615e-04 -4.05311584e-04  4.76837158e-06
14 59 31 512652  1.06811523e-04 -3.23772430e-04 -9.01222229e-05
14 59 31 557193  0.00034952 -0.00069141 -0.00027275
14 59 31 610367  0.00073051 -0.00055504 -0.00045729
14 59 31 656238  7.27176666e-04 -1.90734863e-05 -1.15871429e-04
14 59 31 711997  0.00035143  0.0005331  -0.00068045
14 59 31 758273  0.00050259  0.001122   -0.00020504
14 59 31 812143  0.0006609   0.00094795 -0.00015593
14 59 31 848803  2.38418579e-05  1.31368637e-03 -6.53266907e-04
14 59 31 902739  0.0003624   0.00077724 -0.00058937
14 59 31 951109 -5.93662262e-04  7.10487366e-05 -5.78880310e-04
14 59 32 1865 -8.30173492e-04 -8.58306885e-06 -3.75270844e-04
14 59 32 49590 -0.00021553 -0.00055313 -0.00043821
14 59 32 103111 -5.57899475e-05 -7.50064850e-04 -6.69956207e-04
14 59 32 151829 -1.47819519e-05 -1.14345551e-03  3.07083130e-04
14 59 32 202315  3.33786011e-05 -1.23405457e-03  5.29289246e-04
14 59 32 250382 -6.72340393e-05 -6.45637512e-04  2.56061554e-04
14 59 32 299632 -0.0008955  -0.00071764  0.00047636
14 59 32 352870 -0.00091696  0.00018215  0.00067568
14 59 32 402476 -0.00055933  0.0001235   0.00092316
14 59 32 451402 -6.54220581e-04 -4.05311584e-05  6.11305237e-04
14 59 32 500670 -0.00065184  0.00099659  0.00089884
14 59 32 549278 -0.00022793  0.00026035  0.00044346
14 59 32 602863 -0.00074053  0.0004096   0.00065899
14 59 32 651799 -0.00014734  0.0004406   0.00020456
14 59 32 702056 -0.00039101 -0.00011539 -0.00013638
14 59 32 749925 -0.00060463 -0.00072193 -0.00056267
14 59 32 803428 -0.00082779 -0.00050783 -0.0007534 
14 59 32 852295 -6.43730164e-05 -5.92708588e-04 -9.02175903e-04
14 59 32 912528 -0.00043154 -0.00062227 -0.00138283
14 59 32 958110 -0.00020027 -0.00015831 -0.00140905
14 59 33 12637  0.00015163 -0.00015211 -0.00100994
14 59 33 53334  0.00021839 -0.00015259 -0.00128508
14 59 33 102702  0.00058079  0.00033522 -0.00067234
14 59 33 151400 -0.00019312  0.00069284 -0.00080967
14 59 33 201015  0.00047398  0.00042534 -0.00024462
14 59 33 261263 0.00013018 0.00048971 0.00020885
14 59 33 312831  0.0003767  -0.00016022  0.0003438 
14 59 33 359354  0.00012255 -0.00030279  0.00034428
14 59 33 402048  0.00011873 -0.00012827  0.00055981
14 59 33 450185  0.00045872 -0.00046396  0.0012331 
14 59 33 504880  0.00061512 -0.00094271  0.00063515
14 59 33 552873  0.00067091 -0.00075579  0.00045538
14 59 33 611638 -3.76701355e-05 -1.47056580e-03  2.46524811e-04
14 59 33 660960  4.08649445e-04 -8.28742981e-04 -8.01086426e-05
14 59 33 701352 -0.00079775 -0.00065231 -0.00055981
14 59 33 753783 -8.59737396e-04 -6.48498535e-05 -3.32832336e-04
14 59 33 802925 -0.00012445 -0.0002408  -0.00091791
14 59 33 851623 -0.00056648 -0.00045633 -0.00125647
14 59 33 901283 -0.0006218  -0.00015688 -0.0013628 
14 59 33 959773 -0.00089073 -0.00016117 -0.00166035
14 59 34 4274 -0.00044727 -0.00043964 -0.00126934
14 59 34 52585 -0.00029087 -0.00015831 -0.00127792
14 59 34 102009 -0.00047541  0.00040197 -0.00102329
14 59 34 154786 -0.00053072  0.0005641  -0.00050402
14 59 34 214971 -1.64508820e-04  5.24520874e-06 -3.06249905e+00
14 59 34 262262 -0.00070381  0.000947    0.00081301
14 59 34 315986 -0.00013781 -0.00179434  0.00385666
14 59 34 351584  0.00026464 -0.00217056  0.0043726 
14 59 34 405142  0.00130844 -0.00273848  0.00435114
14 59 34 453855  0.00162983 -0.00317907  0.00458336
14 59 34 504481  0.00131178 -0.00300026  0.00436735
14 59 34 552338  0.00114012 -0.00189972  0.00403404
14 59 34 601638  0.00050163 -0.00093222  0.0036335 
14 59 34 654702 -0.00079155  0.00066137  0.00276136
14 59 34 704168 -2.86102295e-05  1.82342529e-03  1.45292282e-03
14 59 34 752839 -2.28881836e-04  2.47764587e-03 -4.48226929e-05
14 59 34 802573  0.00015497  0.00240374 -0.00196886
14 59 34 855169  0.00044775  0.00189447 -0.00346708
14 59 34 914255 -0.00013399  0.00174141 -0.00517178
14 59 34 961757 -9.25064087e-05  1.76239014e-03 -6.17742538e-03
14 59 35 16294 -0.0004077   0.00139093 -0.00651741
14 59 35 63346 -0.00159883  0.00125265 -0.00660038
14 59 35 116098 -0.00162458  0.00126266 -0.00519133
14 59 35 162198 -0.00156212  0.00110865 -0.00457764
14 59 35 213884 -0.0009737   0.00096226 -0.00335407
14 59 35 263713 -0.00021696  0.00131655 -0.00202894
14 59 35 306627  0.0002346   0.0008812  -0.00082827
14 59 35 354789 0.0002799  0.00023842 0.00036669
14 59 35 404279  0.00050354 -0.00094128  0.00200319
14 59 35 453542 -0.00035095 -0.00118589  0.0036726 
14 59 35 518694 -0.00026655 -0.00128365  0.00513887
14 59 35 563222 -0.00058889 -0.00265694  0.00576258
14 59 35 619352 -0.00066376 -0.00308275  0.00625324
14 59 35 661929  0.00026655 -0.00304461  0.00575161
14 59 35 703553  0.00059319 -0.00248718  0.00512552
14 59 35 756078  0.00088358 -0.00140381  0.00383997
14 59 35 806383  0.00079155 -0.00030851  0.00304222
14 59 35 854458 0.00016642 0.00072575 0.00170946
14 59 35 904279 -0.00082445  0.00167418 -0.00020456
14 59 35 952777 -0.00133753  0.00257158 -0.00189209
14 59 36 6811 -0.00113964  0.00289631 -0.00393391
14 59 36 55346 -0.00101566  0.0024662  -0.00518608
14 59 36 105766 -0.00070572  0.00153589 -0.00582457
14 59 36 164745 -0.00097418  0.00118923 -0.0062542 
14 59 36 218166 -0.00120592  0.00065422 -0.0062089 
14 59 36 256130 -4.10079956e-04 -8.15391541e-05 -6.09970093e-03
14 59 36 305660  1.04904175e-05 -6.59942627e-04 -5.53989410e-03
14 59 36 358312  0.00021553 -0.00150394 -0.00383568
14 59 36 423004  0.00084639 -0.0017128  -0.00207424
14 59 36 463407  0.00102472 -0.00154972  0.00016594
14 59 36 517622  0.00071287 -0.00107718  0.00229931
14 59 36 563488  0.00103474 -0.0008893   0.00317574
14 59 36 608773  0.00109816 -0.00053215  0.00528336
14 59 36 665658  0.00149632 -0.00036001  0.00593615
14 59 36 707556  0.00137281 -0.00017309  0.00639582
14 59 36 763215  0.00065231 -0.00016785  0.00647354
14 59 36 805625  4.66346741e-04 -8.15391541e-05  5.74159622e-03
14 59 36 858039  6.47068024e-04 -2.00271606e-05  4.68254089e-03
14 59 36 908299  0.00047541 -0.00030231  0.00336885
14 59 36 956510  0.00031233 -0.00071049  0.00173712
14 59 37 5990 -0.00037384 -0.00063562 -0.00025082
14 59 37 58756 -0.00116682 -0.00065708 -0.00135374
14 59 37 108377 -0.00182819 -0.00085735 -0.00276089
14 59 37 157260 -0.00196695 -0.00012732 -0.00417089
14 59 37 207334 -2.06470490e-03  6.29425049e-05 -4.34541702e-03
14 59 37 259358 -0.00174713  0.00073528 -0.00461102
14 59 37 309130 -0.00115633  0.00056696 -0.00424767
14 59 37 357816 -0.00120926  0.00081253 -0.00393248
14 59 37 407958 -0.00047827  0.00110483 -0.00305891
14 59 37 456108  0.00061321  0.00087309 -0.00200462
14 59 37 509832  0.00076914  0.0010767  -0.00098276
14 59 37 558476 0.00061655 0.00052357 0.00088453
14 59 37 607954  0.00049448 -0.00043964  0.00165224
14 59 37 656846  0.00022602 -0.00049973  0.00247288
14 59 37 706250  0.00044298 -0.00068092  0.00372505
14 59 37 759665  0.00123501 -0.0013752   0.00428581
14 59 37 809751 1.95312500e-03 3.12438011e-02 3.28126526e+00
14 59 37 857620  0.00169373 -0.00206566  0.00387001
14 59 37 907245 0.00022316 0.00294304 0.00400543
14 59 37 963705 9.29832458e-05 2.52056122e-03 3.83996964e-03
14 59 38 9559 -0.00019693  0.00112629  0.00388193
14 59 38 57767 -7.15255737e-05  1.05333328e-03  3.68070602e-03
14 59 38 107569 -0.00024176 -0.00034571  0.00273561
14 59 38 156576 -0.00016928 -0.00202703  0.00118446
14 59 38 210279 -0.00018072 -0.00344992 -0.00020361
14 59 38 258468 -0.00039577 -0.00325489 -0.00073004
14 59 38 309152 -0.00098896 -0.00345707 -0.00198841
14 59 38 357181 -0.0020647  -0.0031209  -0.00259495
14 59 38 422104 -0.00203753 -0.00207424 -0.00318909
14 59 38 467605 -2.25257874e-03  7.91549683e-05 -3.00121307e-03
14 59 38 521271 -0.00167322  0.00188589 -0.00298548
14 59 38 557890 -0.00122499  0.0030694  -0.00219154
14 59 38 608563 -0.00107527  0.00452423 -0.00162077
14 59 38 660192 -0.0008769   0.00413227 -0.00135899
14 59 38 709669 -0.0008378   0.00376415 -0.00113392
14 59 38 758782 -0.00075626  0.00217533 -0.00024939
14 59 38 808338 -6.56604767e-04  8.34465027e-05 -6.89029694e-04
14 59 38 857136  0.00069094 -0.00187159  0.00032663
14 59 38 910237  0.00035667 -0.00219631  0.0006299 
14 59 38 958979  0.0011816  -0.00302696  0.00125456
14 59 39 9325  0.00178289 -0.00329161  0.00163126
14 59 39 65898  0.00170565 -0.00274515  0.00231218
14 59 39 123521  0.00146532 -0.00212002  0.00246096
14 59 39 167913  0.00170851 -0.00101948  0.00352669
