15 28 13 978983 -0.00701857 -0.05787039  0.9985311 
15 28 15 89393 -0.00913835 -0.05671501  1.00187063
15 28 16 367632 -0.00482631 -0.05577922  1.00063467
15 28 17 727334 -0.00466442 -0.0578568   1.00312448
15 28 19 173597 -0.00753784 -0.05667138  1.00091481
15 28 20 789439 -0.00757575 -0.05647397  1.00158763
15 28 22 492191 -0.00883126 -0.05508971  1.00301361
15 28 24 364204 -0.00448513 -0.05392647  0.99942541
15 28 26 404409 -0.01048708 -0.05706811  1.00419712
15 28 28 618947 -0.00660872 -0.05829334  0.99996018
15 28 31 1435 -0.00506401 -0.05454469  0.99786568
15 28 33 553420 -0.00493407 -0.05356455  0.99719572
15 28 36 360307 -0.00603485 -0.05530715  0.99863267
15 28 39 423303 -0.00852489 -0.0564146   1.00019741
