16 4 24 227732 -0.07039452 -0.13143349  0.98329544
16 4 24 230110 -0.05127144 -0.00580978  1.00319862
16 4 24 249362 0.00611305 0.06385422 0.982687  
16 4 24 251611  0.01965332 -0.08945656  0.97947884
16 4 24 253817 -0.02775383 -0.14545059  1.02522087
16 4 24 315771 -0.04725647 -0.0585022   1.0029335 
16 4 24 363663 -0.01424026  0.01022148  1.00536537
16 4 24 416008  5.32150269e-04 -5.42354584e-02  1.00755882e+00
16 4 24 465585 -0.03206444 -0.10051918  0.98857689
16 4 24 521189 -0.06200981 -0.10107422  0.98432732
16 4 24 565120 -0.04001808  0.04333305  1.01321793
16 4 24 612874 0.01139641 0.07378769 1.00013161
16 4 24 665962 -0.00556374 -0.15465355  0.97491074
16 4 24 716276 -0.06301498 -0.19574738  1.00564766
16 4 24 766757 -0.05563164 -0.01290703  1.0176506 
16 4 24 813264 -0.01252556  0.01853561  0.997612  
16 4 24 866709 -0.02003479 -0.08125877  0.97924995
16 4 24 914614 -0.05980492 -0.11793709  0.99660683
16 4 24 963538 -0.07401276 -0.05265999  0.99912262
16 4 25 16948 -0.03260994  0.07073212  0.98448181
16 4 25 70056  0.00402069 -0.02542686  1.00291252
16 4 25 116497 -0.02418327 -0.13299751  1.01263428
16 4 25 165859 -0.06189919 -0.08215523  1.01065254
16 4 25 212697 -0.03701782 -0.00623703  1.00782967
16 4 25 264153 -0.00725555 -0.02284813  1.00889015
16 4 25 313973 -0.02774048 -0.07971764  0.98678589
16 4 25 365097 -0.06061554 -0.11090088  0.98071098
16 4 25 414499 -0.06048965 -0.01816368  1.02223778
16 4 25 468698 -0.0071125   0.1334095   1.02806091
16 4 25 515639  0.01241875 -0.06774902  0.98077583
16 4 25 565168 -0.04523849 -0.23964119  1.00886154
16 4 25 616089 -0.07044983 -0.08170319  1.02222443
16 4 25 670039 -0.02761269  0.04395294  1.00252151
16 4 25 720467  0.00112724 -0.04172134  0.99360275
16 4 25 767178 -0.03380775 -0.11954498  0.99251747
16 4 25 812691 -0.06777954 -0.0911274   1.01068497
16 4 25 869285 -0.03602791  0.04805183  1.01134682
16 4 25 915125 0.01506615 0.0250473  0.99969101
16 4 25 965436 -0.0018158  -0.12446404  1.00003624
16 4 26 22841 -0.05457115 -0.13891602  1.01843643
16 4 26 74357 -0.04679298 -0.01885414  1.0274601 
16 4 26 115924 -0.01205444  0.00375557  1.00782013
16 4 26 163356 -0.02438736 -0.07370377  1.00139236
16 4 26 215543 -0.0614624  -0.11859322  1.00457191
16 4 26 265005 -0.0749073  -0.05298042  1.01933479
16 4 26 316284 -0.035532    0.09784126  1.02041435
16 4 26 367765  0.00848007 -0.01395416  0.98967171
16 4 26 412333 -0.03515816 -0.20680237  1.00059891
16 4 26 463837 -0.0795536  -0.10513306  1.03115845
16 4 26 513593 -0.04445648  0.02008438  1.01600266
16 4 26 564923 -0.01338005 -0.02116394  1.00229836
16 4 26 613898 -0.04594421 -0.10376167  0.99265671
16 4 26 675962 -0.08181763 -0.11199188  1.00852203
16 4 26 716901 -0.06659889  0.01332474  1.03128052
16 4 26 765674 -0.00382423  0.065588    1.00586128
16 4 26 816182  0.00182343 -0.09633446  1.00786209
16 4 26 864623 -0.05121803 -0.16702652  1.03219604
16 4 26 916756 -0.05438995 -0.04127693  1.01600647
16 4 26 967341 -0.01794243  0.01330185  1.00934601
16 4 27 13382 -0.01094437 -0.06128502  1.00062752
16 4 27 73662 -0.0571804  -0.10519791  1.0025692 
16 4 27 118409 -0.0734539 -0.0817585  1.0064106
16 4 27 168409 -0.0403347   0.08953285  1.03494072
16 4 27 214248 0.01478195 0.04836845 1.00814247
16 4 27 265848 -0.024786   -0.21557045  0.98867607
16 4 27 316807 -0.07839966 -0.16334915  1.03987312
16 4 27 365268 -0.03929901  0.02723503  1.00886917
16 4 27 417276 -6.00814819e-04  8.77761841e-03  1.00096703e+00
16 4 27 464299 -0.03345871 -0.09549141  0.99274254
16 4 27 517481 -0.0857563  -0.14214134  1.00715256
16 4 27 566896 -0.06251526 -0.00572777  1.01847267
16 4 27 614155 -0.01220322  0.07201767  0.9972229 
16 4 27 665939  0.00269508 -0.0814476   1.00223351
16 4 27 718637 -0.04876137 -0.14731407  1.04021454
16 4 27 769451 -0.06075859 -0.04695129  1.02089691
16 4 27 813738 -0.02270126  0.01852798  0.99854088
16 4 27 865505 -0.00975037 -0.04164314  1.00588036
16 4 27 919052 -0.05641556 -0.10394669  1.00836754
16 4 27 963712 -0.0807209  -0.07683372  1.00597763
16 4 28 15291 -0.03722763  0.06777382  1.03376389
16 4 28 68508 0.00989532 0.03529739 1.0043869 
16 4 28 117517 -0.02740479 -0.18361092  0.99315453
16 4 28 165299 -0.07420921 -0.13452721  1.03541374
16 4 28 211820 -0.04346848  0.01212883  1.02406693
16 4 28 266623 -0.00562859 -0.00123215  0.99948502
16 4 28 314404 -0.0235939  -0.08650589  0.99000168
16 4 28 365722 -0.08127403 -0.12055588  0.99184799
16 4 28 416350 -0.06665421 -0.00669289  1.023983  
16 4 28 467730 -0.00569153  0.0777092   1.00245094
16 4 28 515669  0.01387787 -0.07906723  0.9795742 
16 4 28 566026 -0.03953171 -0.15999603  1.02321625
16 4 28 621640 -0.05478096 -0.05421448  1.01635933
16 4 28 670433 -0.0216198   0.02155876  0.98689651
16 4 28 720885  0.00401497 -0.04957199  1.00308418
16 4 28 768041 -0.04542732 -0.10899162  1.00270653
16 4 28 813565 -0.07612991 -0.08349037  0.9913578 
16 4 28 865084 -0.03839302  0.0653553   1.01058769
16 4 28 917239 0.01725578 0.04927063 0.98753738
16 4 28 966954 -0.01451683 -0.17708778  0.97719955
16 4 29 14777 -0.06882095 -0.15124702  1.01477623
16 4 29 76758 -0.04817772  0.0094471   1.00421524
16 4 29 116325 -0.00617981  0.02267265  0.98106384
16 4 29 165016 -0.02591133 -0.08269501  0.97949409
16 4 29 216861 -0.08477211 -0.12961769  0.97966194
16 4 29 265737 -0.07352448 -0.0158577   0.99650002
16 4 29 316679 -0.00681877  0.09125328  0.97973061
16 4 29 367093  0.02091217 -0.06021118  0.96503258
16 4 29 412477 -0.04061508 -0.16650391  1.00776672
16 4 29 465085 -0.0600338  -0.05989456  0.99720955
16 4 29 515980 -0.02713394  0.02754974  0.97602654
16 4 29 566219  0.01055527 -0.03552437  0.98561478
16 4 29 616584 -0.04251099 -0.10391235  0.97298431
16 4 29 675482 -0.07742882 -0.08602142  0.96953392
16 4 29 720416 -0.03646278  0.07576752  1.00655174
16 4 29 764163 0.01968193 0.06733704 0.97132683
16 4 29 818840 -0.01209068 -0.1902256   0.95357704
16 4 29 866201 -0.06772041 -0.16349411  0.99123764
16 4 29 920811 -0.04338455  0.01573181  0.99070549
16 4 29 967123 0.00570297 0.01721764 0.97962379
16 4 30 13818 -0.02391624 -0.08830452  0.96330452
16 4 30 76429 -0.07919121 -0.13721085  0.96153069
16 4 30 110391 -0.06080818  0.00479889  0.98683929
16 4 30 162655 0.00711632 0.09412956 0.9500103 
16 4 30 217146  0.01779747 -0.09934807  0.94311333
16 4 30 266077 -0.03910065 -0.1754055   1.004282  
16 4 30 316007 -0.05168152 -0.02898598  0.97581482
16 4 30 365985 -0.00460625  0.02529907  0.95366478
16 4 30 420309  2.23159790e-04 -6.15768433e-02  9.76831436e-01
16 4 30 465194   0.12477493 -11.62546921  -6.62122345
16 4 30 519581 -0.07036209 -0.04979897  0.95771027
16 4 30 567428 -0.02080727  0.09639359  0.97335243
16 4 30 616437 0.01250076 0.12491417 9.12870026
16 4 30 672525 -0.02642059 -0.18050957  0.95681953
16 4 30 719089 -0.06838417 -0.07034874  0.98415375
16 4 30 768806 -0.03597641  0.02279663  0.97279167
16 4 30 816284  0.05704117 -0.02247238  1.01236153
16 4 30 866396 -0.03137207  0.07773209  1.02952003
16 4 30 918572 -0.06189156 -0.08524513  0.9848671 
16 4 30 965295 -0.00784302 -0.13858223  0.99417877
16 4 31 17758  0.08444405 -0.06420517  0.98864365
16 4 31 71411 0.04180527 0.02100372 1.00648499
16 4 31 116448 -0.04473495  0.05439186  1.00416756
16 4 31 164468 -0.07984543 -0.13542366  0.99669266
16 4 31 212837  0.02799034 -0.10514641  0.9924736 
16 4 31 264162  0.08603477 -0.08152771  0.97233009
16 4 31 316772 0.01196671 0.06160355 1.06040001
16 4 31 364934 -0.05229568  0.0186615   0.98718452
16 4 31 413317 -0.05105209 -0.17626572  0.98054695
16 4 31 465330  0.02955055 -0.12900162  0.99539375
16 4 31 519022 0.05479622 0.01309967 1.00777245
16 4 31 564624 -0.00391579  0.11140251  1.04232597
16 4 31 619555 -0.07552147 -0.06258965  0.9733429 
16 4 31 666760 -0.0546627 -0.1636219  1.024189 
16 4 31 719706  0.0743885  -0.08913803  0.97418022
16 4 31 764961  0.06020164 -0.00314331  1.00593185
16 4 31 812079 -0.03866005  0.08425903  1.02806854
16 4 31 863994 -0.06753159 -0.09647942  0.97974968
16 4 31 913744 -0.00809288 -0.15108681  1.02074051
16 4 31 966071  0.08743477 -0.10107231  0.98871803
16 4 32 15702 0.0362339  0.04794312 1.01177406
16 4 32 78992 -0.06284523  0.08024979  0.96878242
16 4 32 115536 -0.08793449 -0.16492081  1.00036049
16 4 32 163655  0.01172829 -0.15684891  1.01599693
16 4 32 215980  0.0774765  -0.04951859  0.99512672
16 4 32 265312 0.01239204 0.12198257 1.01270294
16 4 32 317941 -0.06875229 -0.014534    0.94002151
16 4 32 366959 -0.05988503 -0.19602776  1.02247047
16 4 32 412865  0.0563488  -0.11662483  1.00852966
16 4 32 464066 0.05370331 0.0138073  0.9786644 
16 4 32 513762 -0.02018356  0.12349701  1.00118446
16 4 32 564602 -0.07026863 -0.09598351  0.97827339
16 4 32 614551 -0.01049805 -0.14650154  1.03671074
16 4 32 672294  0.08823586 -0.12417793  0.99421692
16 4 32 717864 0.02401161 0.03527832 1.00947189
16 4 32 764066 -0.06835938  0.09917641  0.9703846 
16 4 32 814920 -0.07478142 -0.1491127   0.98386765
16 4 32 865647  0.01993752 -0.18165207  1.02006149
16 4 32 917759  0.08028984 -0.06297493  1.01349449
16 4 32 966951 0.01288605 0.14024544 1.01752281
16 4 33 12638 -0.0795536  -0.00346565  0.92165947
16 4 33 73522 -0.07679176 -0.18071556  1.00658607
16 4 33 114427  0.06058693 -0.15213966  0.99794388
16 4 33 165507 0.05963707 0.00228119 1.0059948 
16 4 33 214035 -0.02198601  0.14605904  1.00954628
16 4 33 267918 -0.08911324 -0.1026268   0.96159363
16 4 33 316404 -0.0212326  -0.18873978  1.02548599
16 4 33 364932  0.06912422 -0.10009766  1.01497459
16 4 33 420384 0.03033066 0.10161781 1.01791763
16 4 33 468327 -0.06190491  0.07300186  0.94459915
16 4 33 516118 -0.08973312 -0.15766907  0.97328568
16 4 33 565553  0.03804207 -0.17424011  1.00712013
16 4 33 613089  0.06304169 -0.03712654  1.00268555
16 4 33 666276 -0.00850296  0.15274048  1.02234459
16 4 33 716778 -0.08595085 -0.04794502  0.94953537
16 4 33 771479 -0.03793526 -0.16194344  1.01642227
16 4 33 815163  0.07719612 -0.13480186  1.00545883
16 4 33 868493 0.05594444 0.03146362 1.03644562
16 4 33 916128 -0.03813362  0.12311363  0.95976067
16 4 33 964936 -0.08065224 -0.15463829  0.96830177
16 4 34 18013  0.00474739 -0.17899513  1.02321625
16 4 34 73279  0.06196976 -0.05099106  1.00966263
16 4 34 118375 0.0197506  0.16017532 1.03494453
16 4 34 167416 -0.06198692 -0.00658035  0.94035721
16 4 34 212771 -0.0665226  -0.18726349  0.99787521
16 4 34 293833  0.06191826 -0.14313889  1.00392532
16 4 34 313567 0.05895996 0.03521347 1.02132988
16 4 34 364878 -0.02385712  0.13896751  0.98084831
16 4 34 414117 -0.0909996  -0.12992668  0.96877861
16 4 34 466117 -0.00881386 -0.18930626  0.99926376
16 4 34 515377  0.07419586 -0.08630943  1.00159264
16 4 34 563153 0.02867508 0.14221382 1.0321846 
16 4 34 615383 -0.05588722  0.00745964  0.9377327 
16 4 34 667806 -0.06776237 -0.20124245  0.98506737
16 4 34 721527  0.03114128 -0.15053177  0.98908806
16 4 34 767300 0.06306648 0.04193306 1.01861   
16 4 34 813452 0.00128555 0.16380119 1.00315666
16 4 34 864273 -0.08029366 -0.10888863  0.95628357
16 4 34 914174 -0.02272034 -0.16902161  1.01856613
16 4 34 967130  0.09272385 -0.10308838  0.9711895 
16 4 35 14992 0.03426552 0.08162689 0.9818573 
16 4 35 76746 -0.05121803  0.04985809  0.97899055
16 4 35 116369 -0.07181168 -0.15847969  1.01161957
16 4 35 165179  0.02787781 -0.13465118  1.00510979
16 4 35 217072  0.07421112 -0.00617409  0.98491096
16 4 35 267569 1.33514404e-05 1.45668030e-01 1.01558685e+00
16 4 35 319748 -0.0632515  -0.07355881  0.95408058
16 4 35 369522 -0.01970291 -0.14720726  1.00344849
16 4 35 413564  0.08655739 -0.12716293  0.96652031
16 4 35 465683 0.04966545 0.04601288 0.99223518
16 4 35 515342 -0.06183815  0.09552383  0.96244621
16 4 35 567150 -0.07857132 -0.13117981  0.97345924
16 4 35 618087  0.04179382 -0.1477108   1.00032234
16 4 35 672347  0.07965851 -0.04449844  0.9700737 
16 4 35 719703 0.01104927 0.14376068 0.99729729
16 4 35 764050 -0.07097626 -0.04822159  0.93694115
16 4 35 815590 -0.00728416 -0.14239502  1.00790024
16 4 35 865313  0.09862137 -0.15842438  0.97528458
16 4 35 919788 0.06401443 0.07322693 0.99131775
16 4 35 965402 -0.08047104  0.07822609  0.93952751
16 4 36 13010 -0.07056808 -0.14904785  0.97051048
16 4 36 76619  0.08165359 -0.17056465  0.97354507
16 4 36 110619 0.08444977 0.00360298 0.98740387
16 4 36 167780 -0.00293541  0.17564392  0.96816635
16 4 36 213818 -0.10857964 -0.08385086  0.96048546
16 4 36 266168  0.02786636 -0.18170357  0.96807289
16 4 36 316658  0.08340263 -0.07875824  1.02018738
16 4 36 364731 0.04973412 0.18166542 1.00491714
16 4 36 418953 -0.1052742  -0.00924873  0.89709473
16 4 36 466563  0.09981346 -0.13761902  1.00951385
16 4 36 517572 0.06785202 0.13472557 0.99987221
16 4 36 571247   0.12470245 -10.24975014  14.87854767
16 4 36 613072 -0.04475021 -0.19080162  0.97797966
16 4 36 664646  0.10027885 -0.17260551  0.99455833
16 4 36 716139   0.06824875   0.09718704 -13.62491226
16 4 36 767333 -0.09436226 -0.123209    0.98568153
16 4 36 814025 -0.03707695 -0.01721191  0.97636414
16 4 36 867434 -0.01159096 -0.08440399  0.91542816
16 4 36 915829 -0.05584908 -0.11150742  0.95552444
16 4 36 966177 -0.06254578 -0.01406479  0.99684334
16 4 37 15510 -0.02706718  0.00726509  0.9373703 
16 4 37 68102 -0.03704071 -0.1062603   0.89482117
16 4 37 116969 -0.10719299 -0.1456356   0.97028923
16 4 37 164729 -0.06236839 -0.03750992  0.95272636
16 4 37 212761 -0.02299309 -0.07309151  0.90567017
16 4 37 264022 -0.03986168 -0.08974075  0.93438148
16 4 37 312457 -0.06674576 -0.0471077   0.97368431
16 4 37 365357 -4.06532288e-02 -9.28878784e-04  9.60985184e-01
16 4 37 415890 -0.02821732 -0.02630043  0.90130615
16 4 37 466658 -0.06212044 -0.11011696  0.90577888
16 4 37 514125 -0.09033585 -0.06955338  0.96600533
16 4 37 563842 -0.03726006  0.02647972  0.95056725
16 4 37 615561 -0.00827026 -0.08908081  0.89561653
16 4 37 666529 -0.05298615 -0.15069771  0.92224693
16 4 37 721837 -0.07024574 -0.01680756  0.97621727
16 4 37 765558 -0.03507996  0.02809525  0.93170357
16 4 37 811822 -0.02763748 -0.06958199  0.90664291
16 4 37 863727 -0.08739853 -0.15876579  0.93159866
16 4 37 913672 -0.08525085 -0.03939247  0.94639015
16 4 37 964771 -0.01892662  0.02000999  0.89724731
16 4 38 13650  0.00129318 -0.09496498  0.89928436
16 4 38 73938 -0.04377174 -0.12435341  0.97522736
16 4 38 114882 -0.05397224 -0.01878166  0.9927063 
16 4 38 164130 -0.02257919  0.01377106  0.92091751
16 4 38 215925 -0.02485275 -0.05995178  0.92028236
16 4 38 264284 -0.06567383 -0.14769745  0.94195557
16 4 38 320611 -0.06269073 -0.02695656  0.96199799
16 4 38 365822 0.00266647 0.06669044 0.95014572
16 4 38 413352 -0.00303841 -0.11940575  0.92339325
16 4 38 466649 -0.06469154 -0.18006516  0.96210861
16 4 38 515092 -0.05345154 -0.00697899  0.98323441
16 4 38 567209 -0.01745224  0.02490044  0.94118881
16 4 38 615027 -0.02259445 -0.08867073  0.91957283
16 4 38 674581 -0.06970978 -0.15906906  0.94831276
16 4 38 722764 -0.05601883 -0.02041245  0.97347832
16 4 38 766750 -0.01479721  0.00677299  0.95405006
16 4 38 819152 -0.00921631 -0.11254501  0.9516983 
16 4 38 868488 -0.04445267 -0.10296631  0.99705315
16 4 38 917558 -0.03515625 -0.00513077  0.98186111
16 4 38 969435 -0.01270103  0.01350212  0.9256897 
16 4 39 11849 -0.01740837 -0.06886673  0.94908714
16 4 39 76760 -0.0627327  -0.13782883  0.98586464
16 4 39 113316 -0.05541229 -0.03184891  0.9911747 
16 4 39 172533 -0.00647163  0.04607201  0.97493935
16 4 39 214029 -0.00588036 -0.11050797  0.94981766
16 4 39 266634 -0.05719376 -0.1703968   1.00094604
16 4 39 316569 -0.04811287 -0.02866173  1.02235413
16 4 39 364477 -0.015522    0.01173973  0.96873093
16 4 39 418240 -0.02206421 -0.08757591  0.95907402
16 4 39 468262 -0.07316589 -0.152174    0.98675728
16 4 39 519140 -0.05826759 -0.04819107  1.00807762
16 4 39 565296 -0.00621414  0.03442764  0.99305344
16 4 39 612219  0.00146103 -0.08962059  0.9917984 
16 4 39 664068 -0.04388237 -0.14582634  1.01964188
16 4 39 715914 -0.04528809 -0.04972649  1.02294159
16 4 39 771903 -0.02851105  0.0051651   0.98824692
16 4 39 813150 -0.00734711 -0.06087494  0.98924065
16 4 39 865387 -0.04623032 -0.12524986  0.99987411
16 4 39 916658 -0.07126236 -0.09229088  1.0151844 
16 4 39 965787 -0.03081512  0.06183815  1.03604317
16 4 40 18119 -0.00232887 -0.02207756  1.00434303
16 4 40 72216 -0.03988457 -0.18718529  1.00563812
16 4 40 121098 -0.06385231 -0.11202431  1.03165436
16 4 40 165468 -0.04057121  0.00591469  1.03195572
16 4 40 211517 -0.01247215 -0.01739693  0.99693489
16 4 40 263276 -0.04384804 -0.11218071  0.99310112
16 4 40 314361 -0.06985855 -0.13954163  1.02011299
16 4 40 367585 -0.06378174  0.00453758  1.05092239
16 4 40 415526 -3.21807861e-02  5.68389893e-04  1.01020050e+00
16 4 40 465401 -0.02996826 -0.10881996  1.01929283
16 4 40 518453 -0.05615807 -0.11793327  1.04389763
16 4 40 567670 -0.05433083 -0.04697418  1.05264473
16 4 40 616158 -0.02867889 -0.0144825   1.03805733
16 4 40 667461 -0.02869225 -0.06529617  1.01271057
16 4 40 722608 -0.06086731 -0.11023331  1.01254272
16 4 40 766315 -0.0766449  -0.09651756  1.04861069
16 4 40 813498 -0.05255127  0.05160713  1.05041885
16 4 40 866064 -0.01026344  0.00453186  0.99987602
16 4 40 917818 -0.0405674  -0.19220161  1.01558113
16 4 40 965715 -0.07569695 -0.13894081  1.04842377
16 4 41 16874 -0.05228996 -0.00668907  1.04994202
16 4 41 76398 -0.02036858 -0.01178551  1.0030899 
16 4 41 114360 -0.03967285 -0.10226822  1.00699615
16 4 41 163357 -0.08213806 -0.14114761  1.0226593 
16 4 41 215527 -0.08307838 -0.03326225  1.03421974
16 4 41 265467 -0.02806282  0.04405594  1.03134537
16 4 41 319241 -0.02126122 -0.08382797  1.02086067
16 4 41 365440 -0.05849838 -0.15817642  1.04445076
16 4 41 412688 -0.07395744 -0.0694294   1.04635048
16 4 41 463962 -0.04032135  0.0052681   1.02619171
16 4 41 514503 -0.02467728 -0.0457077   1.00681114
16 4 41 566575 -0.04805565 -0.11343575  1.0179863 
16 4 41 615320 -0.07964516 -0.11935043  1.02325439
16 4 41 672452 -0.06898689  0.03650093  1.03281212
16 4 41 717800 -0.00544167  0.07111549  1.02972984
16 4 41 762798 -0.01304054 -0.16379547  1.01307106
16 4 41 815473 -0.07535172 -0.19765091  1.03156471
16 4 41 863743 -0.06278992 -0.01168823  1.03851891
16 4 41 916341 -0.01971245  0.03395462  1.00874519
16 4 41 965107 -0.03717232 -0.08568573  0.99742699
16 4 42 11721 -0.07532501 -0.1701622   1.02663612
16 4 42 73464 -0.08498764 -0.06208229  1.03538322
16 4 42 110129 -0.03728294  0.04752731  1.00882339
16 4 42 167728 -0.00344086 -0.07250786  0.99263573
16 4 42 213707 -0.04375267 -0.14359474  1.04931831
16 4 42 269536 -0.07722092 -0.0785923   1.03223038
16 4 42 315298 -0.04417801 -0.00438881  1.0053196 
16 4 42 363707 -0.01728058 -0.04364014  1.00541496
16 4 42 416512 -0.04553032 -0.11341286  1.00310898
16 4 42 465321 -0.08172989 -0.12213326  1.01177025
16 4 42 516076 -0.06017494  0.00863647  1.02976036
16 4 42 565984 -0.00883484 -0.12527084  1.00285721
16 4 42 613287 -0.07427597 -0.15300751  1.01748276
16 4 42 664934  0.12475777 -8.37509537  1.00401688
16 4 42 716599 -2.13012695e-02  1.33514404e-05  1.00561714e+00
16 4 42 767556 -0.02393532 -0.07793236  0.98755836
16 4 42 814716  -0.0759964   -0.13376999 -13.50016212
16 4 42 865622  0.00384521 -0.08813858  0.98734093
16 4 42 913891 -0.05142403 -0.1533165   1.0032692 
16 4 42 963565 -0.05517006 -0.05423737  1.01357079
16 4 43 15683 -0.00487709  0.01999474  0.98997307
16 4 43 66968 -0.00399017 -0.0500927   0.97408104
16 4 43 118102 -0.04862404 -0.11097145  0.99190903
16 4 43 164729 -0.07715988 -0.09974289  0.99631119
16 4 43 212146 -0.02272606  0.05654716  0.99701118
16 4 43 263946 0.02431297 0.04128265 1.00260735
16 4 43 312976 -0.0229702  -0.18524551  0.98764229
16 4 43 364833 -0.07533073 -0.15500641  1.01759338
16 4 43 414407 -0.04479027  0.02174377  1.01978111
16 4 43 466908  0.00455475 -0.00116539  0.97404099
16 4 43 515612 -0.02122116 -0.08865547  0.9874115 
16 4 43 565905 -0.08805847 -0.12369537  0.99709129
16 4 43 616639 -0.06612778 -0.01047707  1.00758553
16 4 43 671806 0.011446   0.07244873 1.00130653
16 4 43 720222  0.0120163  -0.07979774  0.99354744
16 4 43 765722 -0.04928017 -0.16329193  1.02602959
16 4 43 813817 -0.06103134 -0.05184555  1.0239048 
16 4 43 863543 -0.01249313  0.02153969  0.98539162
16 4 43 915220  0.0048542  -0.0521183   0.97908211
16 4 43 967821 -0.04913139 -0.11140442  1.00780296
16 4 44 14354 -0.08210754 -0.07536125  1.01252747
16 4 44 75203 -0.02277756  0.06841469  1.01164436
16 4 44 115303 0.02659798 0.03066254 0.99200439
16 4 44 163713 -0.01861763 -0.19152832  0.98748398
16 4 44 216968 -0.07304382 -0.13690948  1.02455521
16 4 44 263880 -0.04266167  0.01329041  1.03203011
16 4 44 317435  0.0082283  -0.01097679  0.99016953
16 4 44 365556 -0.02505112 -0.09951019  0.98661613
16 4 44 413892 -0.08205223 -0.1253376   0.99807358
16 4 44 464133 -0.06445122  0.015131    1.03857803
16 4 44 515018 0.00825882 0.05490303 0.99059868
16 4 44 567170  0.004879   -0.10164452  0.98993683
16 4 44 614340 -0.05687332 -0.14559174  1.0344162 
16 4 44 672400 -0.0542469  -0.03849411  1.02501106
16 4 44 716977 -0.0129261   0.0033474   0.99193192
16 4 44 763898  0.00318718 -0.06289864  0.99052429
16 4 44 818460 -0.05644035 -0.11444283  1.01005554
16 4 44 865178 -0.08000374 -0.06978798  0.99633598
16 4 44 918396 -0.02340889  0.07457733  1.00651169
16 4 44 966781  0.01906013 -0.01232719  0.98949051
16 4 45 12510 -0.03081131 -0.17529106  0.98824501
16 4 45 73985 -0.07034492 -0.10606766  1.02171135
16 4 45 109596 -0.04100227  0.00788498  1.00166893
16 4 45 171656 -3.68118286e-04 -1.99298859e-02  9.77115631e-01
16 4 45 215277 -0.02479553 -0.09872246  0.98060608
16 4 45 265965 -0.09755516 -0.1338768   0.97928238
16 4 45 315234 -0.05999565 -0.00297546  1.03567696
16 4 45 365363 -0.01499557  0.02239037  0.97973061
16 4 45 417960 -0.0056057  -0.10058975  0.98375511
16 4 45 464692 -0.04896164 -0.11491966  1.03036308
16 4 45 516189 -0.05041313 -0.04965401  0.99563408
16 4 45 566271 -0.02286911 -0.02433777  0.96637344
16 4 45 612640 -0.00655937 -0.05867767  0.97654724
16 4 45 664120 -0.040308   -0.09700584  0.99572182
16 4 45 721008 -0.07656097 -0.10087204  0.98345184
16 4 45 767560 -0.04497528  0.01501465  0.99093056
16 4 45 813980 0.00685883 0.05434418 1.00930214
16 4 45 865575 -0.01392174 -0.10480881  0.99098778
16 4 45 914831 -0.06503296 -0.18027496  0.98677063
16 4 45 965283 -0.0640831  -0.05187798  0.99777031
16 4 46 16776 -0.02376747  0.01251602  0.98843765
16 4 46 70954 -0.01581383 -0.05775261  0.96190262
16 4 46 115803 -0.05311203 -0.10868454  0.98738861
16 4 46 165229 -0.07328796 -0.0918541   0.98030472
16 4 46 212576 -0.04518318  0.04085922  0.98685265
16 4 46 265267 0.0042057  0.03734589 0.98956299
16 4 46 314324 -0.01416588 -0.1128521   0.98687363
16 4 46 365493 -0.06644821 -0.15964317  0.99680138
16 4 46 416643 -0.05497551 -0.04563522  1.01167488
16 4 46 466739 -0.02209282  0.00793266  0.98208618
16 4 46 517662 -0.0145359  -0.04899216  0.98310089
16 4 46 565380 -0.041605   -0.09564018  0.98244476
16 4 46 616745 -0.07679176 -0.08856773  0.99062347
16 4 46 666216 -0.03789711  0.04405403  1.01807213
16 4 46 722756 0.0273819  0.07173538 0.98059464
16 4 46 765511 -0.01329803 -0.15235519  0.94512177
16 4 46 814219 -0.07615471 -0.19922447  0.99449921
16 4 46 862892 -0.0563221  -0.02874565  1.00926781
16 4 46 913148 -0.00121689  0.02456665  0.98052406
16 4 46 964855 -0.01178169 -0.0674839   0.96203041
16 4 47 12997 -0.06267166 -0.115345    0.98976898
16 4 47 75575 -0.08613777 -0.06916046  0.99251175
16 4 47 115221 -0.01748657  0.06527901  0.9863224 
16 4 47 162646 0.02977562 0.02392387 0.96956062
16 4 47 214897 -0.01211929 -0.15796852  0.97228813
16 4 47 264030 -0.07429314 -0.15517426  0.99168205
16 4 47 317269 -0.04225159 -0.00643921  0.99832726
16 4 47 364927 1.31607056e-02 3.03268433e-04 9.73312378e-01
16 4 47 411905 -0.01560974 -0.06690979  0.96369934
16 4 47 465669 -0.07288551 -0.11540794  0.96787834
16 4 47 513815 -0.06865883 -0.04425621  1.00210953
16 4 47 565472 0.00695038 0.11213303 0.99411011
16 4 47 616932  0.02326775 -0.03814125  0.94616699
16 4 47 673295 -0.04314804 -0.21883011  0.97668076
16 4 47 718342 -0.07853127 -0.0983181   1.01073837
16 4 47 767093 -0.0217495   0.02770615  0.98847198
16 4 47 815041  0.01312256 -0.03058815  0.96294212
16 4 47 864887 -0.0327282  -0.10636139  0.96931076
16 4 47 917084 -0.07567406 -0.09654427  0.97387314
16 4 47 965069 -0.03328705  0.03565407  0.98961639
16 4 48 11973 0.01960373 0.00789452 0.97200394
16 4 48 73702 -0.00491714 -0.10359383  0.97250748
16 4 48 108184 -0.05631638 -0.11212349  0.98371124
