10 25 10 480860 0.02256775 0.12039185 0.98801422
10 25 10 483511 0.02057457 0.12136841 0.98711014
10 25 10 486068 0.01733398 0.11462975 0.99383354
10 25 10 488423 0.01969528 0.11584282 0.99614525
10 25 10 490799 0.01822662 0.11713409 0.99640846
10 25 10 493256 0.01993179 0.11819267 0.98984146
10 25 10 496198 0.0207653  0.12128639 0.99496269
10 25 10 498872 0.02058601 0.11767387 0.99176025
10 25 10 501103 0.02077866 0.12210083 0.9865284 
10 25 10 503246 0.01518631 0.12036324 0.99375343
10 25 10 505277 0.0233078  0.11528587 0.99099159
10 25 10 507294 0.02078247 0.11478043 0.99484825
10 25 10 509671 0.02276611 0.11451912 0.99325752
10 25 10 512643 0.02057457 0.11213875 0.99144173
10 25 10 515377 0.01962662 0.1193409  0.99330139
10 25 10 517587 0.02244377 0.11435318 0.99561119
10 25 10 520133 0.020401   0.11789894 0.99776649
10 25 10 522119 0.02334595 0.11931038 0.99458122
10 25 10 524072 0.01939964 0.1122818  0.98818588
10 25 10 526372 0.01756096 0.12075424 0.99257469
10 25 10 528430 0.01923752 0.11809158 0.99994469
10 25 11 482432 0.0179882  0.11107254 1.00099373
10 25 11 486162 0.01882172 0.11832619 0.99497032
10 25 11 535320 0.02220726 0.11629295 0.99293137
10 25 11 584720 0.018713   0.11550331 0.98633003
10 25 11 633932 0.01733589 0.12092972 0.9912281 
10 25 11 683317 0.01886559 0.11524391 0.9930439 
10 25 11 736895 0.01709557 0.11401939 0.99521446
10 25 11 785471 0.02184868 0.1165123  0.99309158
10 25 11 834672 0.02358818 0.11980057 0.99587631
10 25 11 892371 0.02065659 0.11701775 0.99157143
10 25 11 942612 0.02334595 0.11923981 0.99390602
10 25 11 986253 0.02107048 0.11816978 0.99740982
10 25 12 35126 0.02455902 0.11821938 0.99509048
10 25 12 84488 0.02172852 0.11767006 0.99313354
10 25 12 137394 0.0221138  0.12345505 0.98773956
10 25 12 186844 0.02145958 0.11870956 0.98882294
10 25 12 235755 0.02080536 0.11843109 0.99206352
10 25 12 285731 0.02089882 0.11782646 0.99603653
10 25 12 334450 0.02176094 0.1164608  0.99361992
10 25 12 387272 0.02297401 0.11408615 0.99689674
10 25 12 436814 0.02207184 0.11506271 0.9879837 
10 25 12 485763 0.02044296 0.11916351 0.99060059
10 25 12 534783 0.02196503 0.12225533 0.99302483
10 25 12 588003 0.01740646 0.11690521 0.993536  
10 25 12 639127 0.01599693 0.11334991 0.99829102
10 25 12 686599 0.02337456 0.1181469  0.99414825
10 25 12 735773 0.01716995 0.11376762 0.99668503
10 25 12 784674 0.02296448 0.11939812 1.00047684
10 25 12 838012 0.01893616 0.1132679  0.98863792
10 25 12 887212 0.02338409 0.12044907 0.9886837 
10 25 12 938063 0.01875114 0.11721802 0.99623299
10 25 12 985539 0.02168274 0.11494255 0.98601151
10 25 13 38349 0.01854324 0.11528969 0.99183846
10 25 13 88118 0.02178764 0.11818695 0.9950161 
10 25 13 137042  6.86645508e-05 -5.37453270e+00 -1.04961128e+01
10 25 13 186406 0.0227375  0.11506081 1.00126839
10 25 13 239473 0.01544571 0.12435913 0.98025513
10 25 13 288650 0.01986504 0.12095833 0.98591995
10 25 13 337648 0.02031517 0.11705971 0.99090385
10 25 13 387043 0.02120399 0.11560631 0.99109268
10 25 13 440097 0.02565193 0.11600494 1.00027275
10 25 13 489289 0.01905441 0.11214828 0.99892616
10 25 13 538452 0.02074432 0.11615944 0.99990273
10 25 13 587534 0.02025795 0.11852264 0.99742889
10 25 13 636846 0.01881599 0.11629677 0.99067116
10 25 13 690090 0.01793671 0.1226387  0.98636627
10 25 13 738937 0.01310349 0.11658859 0.98545647
10 25 13 788283 0.01813507 0.12249565 0.9967804 
10 25 13 844237 0.0207634  0.11059761 1.00823402
10 25 13 893033 0.01937294 0.10778236 1.00091362
10 25 13 945678 0.02368164 0.11281395 0.99882317
10 25 13 988832 0.0194912  0.10824776 0.99486542
10 25 14 38227 0.02447891 0.11398315 0.99425888
10 25 14 87267 0.02085114 0.11218071 0.98831367
10 25 14 140497 0.02347183 0.11794281 0.98689842
10 25 14 195916 0.0227623  0.11514664 0.98581314
10 25 14 248725 0.02630997 0.11596298 0.98944855
10 25 14 294324 0.02159309 0.11733246 0.99476051
10 25 14 341012 0.02337074 0.12007141 0.99458313
10 25 14 390491 0.02506256 0.12003708 0.99843216
10 25 14 439373 0.01939201 0.12359619 0.99685669
10 25 14 488668 0.01956367 0.12409782 0.99478912
10 25 14 537818 0.01626778 0.12157249 0.98366737
10 25 14 590967 0.01951599 0.12293816 0.99288368
10 25 14 640411 0.01929855 0.1200161  0.99374962
10 25 14 689363 0.01426315 0.12309837 0.99920845
10 25 14 746764 0.02005386 0.11590576 0.99987602
10 25 14 791651 0.020895   0.1174469  1.00219727
10 25 14 840879 0.01753044 0.11361885 0.99466896
10 25 14 890048 0.02301788 0.11619949 0.9899292 
10 25 14 939349 0.01707077 0.12234497 0.97786903
10 25 14 988329 0.02013588 0.11706734 0.98195076
10 25 15 41463 0.02106857 0.11120224 0.98388672
10 25 15 91189 0.02117157 0.11064529 0.99883652
10 25 15 140011 0.01825142 0.10923195 1.00377083
10 25 15 189157 0.02200317 0.11437798 1.00389099
10 25 15 247478 0.02013016 0.11883736 1.00028419
10 25 15 297192 0.02140236 0.12245369 0.99318123
10 25 15 340766 0.02035713 0.11654472 0.99290848
10 25 15 390137 0.01633644 0.11846352 0.99482727
10 25 15 443030 0.01906013 0.11407471 0.99386215
10 25 15 492161 0.0198555  0.12121201 0.98891258
10 25 15 540992 0.0234375  0.11700821 0.9913826 
10 25 15 590427 0.02388191 0.1135807  0.9913826 
10 25 15 639990 0.01785278 0.11312675 0.99993324
10 25 15 700082 0.01908302 0.10892868 1.00416946
10 25 15 742455 0.01957321 0.11226845 0.99823952
10 25 15 791656 0.01543999 0.11316109 0.99263   
10 25 15 840157 0.01753235 0.11987114 0.98779297
10 25 15 889483 0.01840973 0.12407494 0.98571587
10 25 15 942468 0.0200634  0.11892128 0.98016548
10 25 15 991966 0.02223778 0.1257019  0.99532318
10 25 16 41104 0.0189743  0.11995316 1.00213051
10 25 16 90250 0.02013206 0.11968803 1.00026703
10 25 16 145046 0.0248661  0.12386322 0.99793816
10 25 16 198367 0.02179718 0.1172123  0.9939518 
10 25 16 246543 0.02064133 0.12163353 0.99102783
10 25 16 291607 0.01726723 0.12104034 0.98288918
10 25 16 340128 0.01480293 0.12722588 0.9942627 
10 25 16 392969 0.02350235 0.12759781 0.9955883 
10 25 16 442490 0.0208149  0.09619522 0.9985981 
10 25 16 500871 0.02518272 0.1174984  0.99479294
10 25 16 549450 0.02263832 0.11935234 0.98633194
10 25 16 594155 0.02344131 0.12075806 1.00142097
10 25 16 643218 0.0161972  0.11379433 0.99854279
10 25 16 692223 0.02207565 0.11649895 1.00276566
10 25 16 742140 0.01779366 0.11274529 0.98496819
10 25 16 790527 0.01597214 0.1277771  0.98342323
10 25 16 843661 0.01278305 0.11000252 0.97609138
10 25 16 893122 0.02004051 0.12754822 0.98428154
10 25 16 947584  0.01220703  8.37542534 -5.6211338 
10 25 16 998337 0.02505875 0.12748146 0.99742889
10 25 17 48577 0.02017403 0.10970879 0.99895668
10 25 17 99840 0.0250721  0.11258698 1.00566673
10 25 17 147347 0.02493668 0.10230064 0.99818039
10 25 17 200409 0.02870941 0.10808563 1.01141548
10 25 17 240988 0.03176117 0.10074234 1.00321579
10 25 17 289820 0.02697563 0.10250664 0.99896812
10 25 17 343218 0.02602577 0.10591125 0.98416138
10 25 17 392981 0.02498436 0.1118679  0.99903488
10 25 17 442366 0.02365303 0.10652733 1.00159073
10 25 17 494674 0.02403259 0.11934853 0.99624634
10 25 17 544388 0.01511765 0.11442375 0.98747635
10 25 17 593666 0.0256958  0.12038422 0.98242378
10 25 17 642626 0.02306366 0.12708282 0.99303436
10 25 17 696405 0.02120972 0.12371635 1.00654221
10 25 17 745306 0.02113342 0.12738419 1.0141201 
10 25 17 794118 0.02319336 0.12337875 1.01028633
10 25 17 843529 0.01464272 0.10334206 0.98171806
10 25 17 892451 0.02388    0.12132645 0.9591713 
10 25 17 945498 0.02369118 0.13252449 0.9968605 
10 25 17 994725 0.02286911 0.11281013 1.02574921
10 25 18 44072 0.02169418 0.10909271 1.00432968
10 25 18 93482 0.02430344 0.1232872  0.97484398
10 25 18 142409 0.02588463 0.11658859 0.96946144
10 25 18 196014 0.02373314 0.1266861  0.96615982
10 25 18 250531 0.01779747 0.12516975 0.97661781
10 25 18 293812 0.02047157 0.12412643 0.98857117
10 25 18 342784 0.021698   0.12091446 0.99267769
10 25 18 396379 0.01940536 0.11854172 0.9903698 
10 25 18 445305 0.02188492 0.12244987 0.9918766 
10 25 18 494588 0.02120209 0.11610794 0.9960804 
10 25 18 543836 0.02441978 0.11211205 0.9998951 
10 25 18 592766 0.02155495 0.10513687 0.99854088
10 25 18 646176 0.02446556 0.1093235  1.00856018
10 25 18 695305 0.02039909 0.10045624 1.00213432
10 25 18 744348 0.02391815 0.10862923 0.99476624
10 25 18 793453 0.01839066 0.11330605 0.99050331
10 25 18 846548 0.02468491 0.11367416 0.99442291
10 25 18 895996 0.01984596 0.11541939 1.00066948
10 25 18 953436 0.01948166 0.11055946 1.00483894
10 25 19 2569 0.02351952 0.1172142  0.99192619
10 25 19 47520 0.02332306 0.1169014  0.99194527
10 25 19 96789 0.02414703 0.11973763 0.9900856 
10 25 19 145978 0.02111053 0.12262726 0.99674416
10 25 19 195097 0.01699638 0.12613106 0.98671913
10 25 19 247925 0.01963806 0.13029671 0.97877502
10 25 19 297118 0.02576065 0.12504959 0.9871769 
10 25 19 346439 0.02212906 0.11000061 1.00603294
10 25 19 402295 0.01714897 0.11751175 1.00832367
10 25 19 452163 0.02071381 0.11674309 0.99555969
10 25 19 503466 0.02009583 0.12010384 0.9877739 
10 25 19 547552 0.02127647 0.12220192 0.98551559
10 25 19 596307 0.01454735 0.12699509 0.98856544
10 25 19 651859 0.0195694  0.11943436 0.98575783
10 25 19 707001 0.01965523 0.12038422 0.98805046
10 25 19 748553 0.02255821 0.12352753 0.98677635
10 25 19 797223 0.02128792 0.12252998 0.99180031
10 25 19 852588 0.02241516 0.12419891 0.99522018
10 25 19 902718 0.02119637 0.11679268 1.00512505
10 25 19 948332 0.02458763 0.12061882 1.00329208
10 25 19 997783 0.02184105 0.11599541 0.98372841
10 25 20 46964 0.02363777 0.11457443 0.98117065
10 25 20 96797 0.01904297 0.11023331 0.99102402
10 25 20 149310 0.02238083 0.10871124 1.00214195
10 25 20 198258 0.0163784  0.10686493 1.00598526
10 25 20 247583 0.02298737 0.10328484 1.00115204
10 25 20 296666 0.02018547 0.11211586 0.99759483
10 25 20 345912 0.0230484  0.10140228 1.00191307
10 25 20 399085 0.01878548 0.11060905 1.00546074
10 25 20 453918 0.02134132 0.11353683 0.99703598
10 25 20 497697 0.02013397 0.11791801 0.99615479
10 25 20 546471 0.01777458 0.12678719 0.98923874
10 25 20 595765 0.0158596  0.12473488 0.98526764
10 25 20 654394 0.02322006 0.1216507  0.99276352
10 25 20 700841  8.58306885e-05  1.08754635e+01 -2.74611092e+00
10 25 20 748154 0.0236187  0.12133789 0.99485779
10 25 20 796867 0.02229881 0.11301041 1.00927734
10 25 20 845808 0.02547836 0.11667252 0.99464607
10 25 20 899024 0.02078629 0.11780739 0.98687744
10 25 20 948060 0.02678299 0.11888123 0.98591995
10 25 20 997153 0.02219391 0.11438179 1.00261688
10 25 21 46410 0.0222702  0.10756111 1.01378632
10 25 21 105468 0.01979446 0.10913467 1.016222  
10 25 21 148766 0.01844788 0.11886597 1.01194763
10 25 21 198046 0.02389336 0.11713219 0.96775627
10 25 21 247583 0.01889992 0.12115288 0.96881104
10 25 21 306293 0.02424622 0.12701607 0.98303223
10 25 21 349148 0.01809311 0.1147728  1.00495911
10 25 21 398880 0.03066254 0.10126114 0.99391747
10 25 21 447658 0.02524948 0.11384392 0.99410057
10 25 21 496813 0.0213356  0.11096954 1.00681877
10 25 21 550420 0.01232529 0.11052322 0.99146843
10 25 21 599346 0.02693176 0.12162781 0.99584579
10 25 21 648243 0.0262394  0.11730576 0.98463058
10 25 21 697842 0.0205307  0.11903191 0.98751068
10 25 21 746962 0.01264763 0.12587929 0.97420311
10 25 21 799936 0.0195961  0.12508202 0.98366547
10 25 21 849184 0.02261925 0.12203407 0.99102783
10 25 21 898264 0.02354813 0.1178112  0.99918175
10 25 21 947568 0.02070808 0.12216377 1.00721169
10 25 22 740 0.01819992 0.12178993 1.00282288
10 25 22 55992 0.02359772 0.11297226 0.97896767
10 25 22 100371 0.02336502 0.11772537 0.97414017
10 25 22 148293 0.01891899 0.12512016 0.99445534
10 25 22 197733 0.01927567 0.11182022 0.99078751
10 25 22 250633 0.02507019 0.12230492 0.99367523
10 25 22 300110 0.03005981 0.12083817 0.99479675
10 25 22 348653 0.02121925 0.12002754 0.99675941
10 25 22 401761 0.02420425 0.12132072 1.00590515
10 25 22 451082 0.03048706 0.11088943 0.99983978
10 25 22 500538 0.01754379 0.11010551 1.00136948
10 25 22 549534 0.02203369 0.1242733  0.98727989
10 25 22 598501 0.02252197 0.11863327 0.9683857 
10 25 22 651705 0.02176857 0.1167202  0.98711205
10 25 22 706932 0.02416229 0.11758232 1.00937271
10 25 22 759868 0.02185631 0.1079483  1.01835251
10 25 22 807891 0.0228405  0.11019135 1.02041054
10 25 22 856885 0.01382256 0.111063   1.00459671
10 25 22 901816 0.01974869 0.11709785 0.98605156
10 25 22 950874 0.02018929 0.12182426 0.97842598
10 25 23 16 0.01768112 0.11962891 0.97391319
10 25 23 49719 0.02084923 0.11759758 0.97404861
10 25 23 98288 0.02227402 0.11647224 0.98694038
10 25 23 151469 0.01732254 0.12227058 0.99578667
10 25 23 200731 0.02427292 0.1272316  0.99983025
10 25 23 250634 0.02522278 0.1173687  1.00691795
10 25 23 299279 0.01947212 0.11421013 1.00039101
10 25 23 359455 0.01920509 0.11903954 0.98423386
10 25 23 402612 0.02231598 0.12709045 0.97949028
10 25 23 450643 0.02448273 0.12955666 0.97712898
10 25 23 503945 0.01818085 0.13008308 0.98356056
10 25 23 553202 0.02107048 0.12255669 0.98959732
10 25 23 602600 0.02419472 0.11869049 0.9984169 
10 25 23 651279 0.02069283 0.11527443 1.00662994
10 25 23 700574 0.01686096 0.11875343 1.0099678 
10 25 23 753344 0.01869011 0.11428261 1.00532341
10 25 23 803049 0.01730728 0.11911583 0.99332237
10 25 23 852116 0.01763153 0.12942886 0.97505569
10 25 23 907611 0.01396942 0.12747574 0.96352577
10 25 23 959988 0.0188694  0.12424469 0.98082733
10 25 24 3845 0.02175522 0.11436272 1.00048637
10 25 24 52739 0.02298546 0.1085968  1.0157032 
10 25 24 102016 0.02575493 0.11061478 1.00914574
10 25 24 151382 0.02336121 0.11385536 1.00912857
10 25 24 204317 0.02783585 0.11532211 1.01291656
10 25 24 253867 0.02025795 0.1148243  0.99816513
10 25 24 302708 7.62939453e-05 6.50045586e+00 1.58788357e+01
10 25 24 357925 0.02198982 0.11775589 0.97595787
10 25 24 401096 0.01953316 0.11994171 0.98680305
10 25 24 454122 0.020998   0.117033   0.99484062
10 25 24 503536 0.02498817 0.12667847 0.98983574
10 25 24 552422 0.02083206 0.1182785  0.9913578 
10 25 24 601889 0.02377129 0.12353325 0.98967171
10 25 24 654533 0.02420044 0.11974144 0.98873901
10 25 24 704167 0.02362251 0.10690689 0.99984169
10 25 24 753335 0.02314949 0.11767578 1.00030708
10 25 24 802459 0.01893997 0.11219025 1.00637817
10 25 24 851574 0.02575111 0.12755394 0.98631859
10 25 24 904040 0.02684021 0.11727142 0.97416306
10 25 24 953829 0.02519417 0.12864113 0.98935318
10 25 25 3370 0.02098656 0.11615181 0.99452972
10 25 25 52195 0.01889801 0.11034012 1.00213623
10 25 25 108779 0.02339745 0.11210632 1.00241852
10 25 25 154408 0.02419281 0.11002159 0.99148941
10 25 25 203807 0.023489   0.12138939 1.00011635
10 25 25 259815 0.01532745 0.11580086 0.99834824
10 25 25 308619 0.02755737 0.10989761 0.99827003
10 25 25 355309 0.01729202 0.11595535 0.99946785
10 25 25 404244 0.02570915 0.12090302 0.97130775
10 25 25 453597 0.01669884 0.10992622 0.98694038
10 25 25 502993 0.01959229 0.11663437 0.99707603
10 25 25 551896 0.01490402 0.09831047 1.01923561
10 25 25 605235 0.02385712 0.11353493 1.01122665
10 25 25 654392 0.0263443  0.12486267 0.98686981
10 25 25 703564 0.02148056 0.12326622 0.98045921
10 25 25 752707 0.01861191 0.12539101 0.98881912
10 25 25 802357 0.02005768 0.11650085 0.99603462
10 25 25 854761 0.02509117 0.11335373 0.98577881
10 25 25 910954 0.02493095 0.12114143 0.98942184
10 25 25 958766 0.01751137 0.12459755 0.98763847
10 25 26 2559 0.01912498 0.1217289  0.99516678
10 25 26 62203 0.02259445 0.11870003 0.99563026
10 25 26 110091 0.02271652 0.11669731 0.99616814
10 25 26 159977 0.02083015 0.11907387 0.99650383
10 25 26 204908 0.01906204 0.11834908 0.98967361
10 25 26 256225 0.02228165 0.12042999 0.98303032
10 25 26 305545 0.02033615 0.11642647 0.98064804
10 25 26 354650 0.02257347 0.11767006 0.99391747
10 25 26 410617 0.01566696 0.10829163 0.99379921
10 25 26 462085 0.02361488 0.10947418 0.99994659
10 25 26 511544 0.02361679 0.10931778 0.99438286
10 25 26 562138 0.02086258 0.11740112 1.0007515 
10 25 26 604842 0.01768684 0.11426926 1.00016403
10 25 26 653689 0.01519775 0.11645699 0.99089432
10 25 26 706861 0.02376747 0.11457062 0.9910717 
10 25 26 756071 0.02061272 0.11387825 0.99227333
10 25 26 805365 0.02300453 0.11603928 0.99018669
10 25 26 854260 0.02012062 0.10897636 1.00026894
10 25 26 903731 0.02258301 0.1150856  1.00343132
10 25 26 956721 0.02705193 0.1138916  0.99816895
10 25 27 6126 0.02186966 0.12363052 0.99698639
10 25 27 54621 0.01936722 0.11228371 0.98477936
10 25 27 104226 0.01963997 0.11288071 0.98912239
10 25 27 153201 0.02114296 0.11764526 0.98194695
10 25 27 206814 0.02367592 0.11643791 0.99559212
10 25 27 255686 0.01985168 0.12015533 1.00321007
10 25 27 304819 0.02238846 0.11423492 1.0001297 
10 25 27 357821 0.0193367  0.12002563 0.99346352
10 25 27 407303 0.02216148 0.12224197 0.98154831
10 25 27 456523 0.0173912  0.12018967 0.99651718
10 25 27 505832 0.02009773 0.11246681 0.99546242
10 25 27 554782 0.01405525 0.11424446 0.99746513
10 25 27 607662 0.01526642 0.11466599 0.98011017
10 25 27 656925 0.01873016 0.1288414  0.97943497
10 25 27 706440 0.01807213 0.12178993 0.99436569
10 25 27 755271 0.0212326  0.11320877 1.00413322
10 25 27 808559 0.02043533 0.10593987 1.01168442
10 25 27 857902 0.02023315 0.10713005 0.9993248 
10 25 27 913377 0.0215168  0.11568069 0.99508095
10 25 27 956181 0.02232552 0.11416817 0.9911499 
10 25 28 5470 0.02217674 0.11867714 0.99151039
10 25 28 58309  9.53674316e-05 -1.37456131e+00  8.37887955e+00
10 25 28 107793 0.02235222 0.11398506 0.99556351
10 25 28 156889 0.02402115 0.11516953 1.00305176
10 25 28 206126 0.02072525 0.11612511 1.00502205
10 25 28 259539 0.01963234 0.11797905 1.00361061
10 25 28 313981 0.02017975 0.11410332 0.9839592 
10 25 28 365947 0.01800537 0.12187958 0.9767189 
10 25 28 412469 0.02204704 0.12040138 0.99725723
10 25 28 464128 0.0237484  0.11689568 1.00362968
10 25 28 515073 0.02147484 0.11228561 0.99897575
10 25 28 558100 0.02418327 0.11391449 0.99132156
10 25 28 607622 0.02028275 0.12668991 0.98945999
10 25 28 656617 0.02022171 0.11271477 0.99938011
10 25 28 709728 0.01733589 0.11400604 0.99631691
10 25 28 759453 0.01839638 0.11294937 0.99497604
10 25 28 808352 0.0190239  0.11739159 0.98967361
10 25 28 857127 0.01459503 0.12149048 0.99128151
10 25 28 906454 -0.02419853  0.13459015  0.97744179
10 25 28 959829 0.0995369  0.19663429 0.8671608 
10 25 29 9028 0.01966095 0.00466728 1.03557205
10 25 29 57984 -0.00894165  0.12343788  1.19906998
10 25 29 107275 0.04699898 0.16043663 0.94963837
10 25 29 156293 0.01313591 0.02443504 0.94677925
10 25 29 209649 0.00835037 0.1552906  1.04364586
10 25 29 258612 0.03033066 0.15616035 0.94834518
10 25 29 308095 0.02759743 0.12111855 0.98866081
10 25 29 357169 0.01348495 0.10663795 0.9304924 
10 25 29 410674 0.0112896  0.15062523 0.97739601
10 25 29 459339 0.02383232 0.0904026  1.00226784
10 25 29 508674 0.02170753 0.10140228 1.02592087
10 25 29 557825 0.02789879 0.12991142 1.0565567 
10 25 29 607460 0.01498222 0.09486961 0.99126053
10 25 29 660097 0.02536774 0.11164856 1.00336838
10 25 29 709168 0.02430916 0.12934875 0.94376945
10 25 29 758400 0.02299118 0.11330605 0.96862221
10 25 29 807522 0.01960373 0.12390709 0.99342728
10 25 29 860404 0.0165062  0.11200523 0.98436165
10 25 29 909937 0.0163765  0.10716248 1.00996017
10 25 29 959040 0.02019882 0.12135315 0.99603081
10 25 30 8098 0.01625633 0.11935234 1.02297974
10 25 30 57380 0.02796364 0.10066795 1.01797485
10 25 30 110520 0.02327347 0.1118145  1.00164986
10 25 30 160162 0.01990128 0.12561798 0.97963905
10 25 30 208997 0.01311111 0.12680435 0.95296097
10 25 30 258162 0.01054573 0.12970161 0.96780396
10 25 30 318165 0.01438522 0.12287712 0.99217415
10 25 30 360369 0.01974869 0.11604691 1.00850296
10 25 30 409633 0.02656746 0.10966682 1.01068687
10 25 30 459192 0.02349854 0.10783005 1.02318001
10 25 30 508049 0.02207947 0.12075043 1.00595856
10 25 30 560939 0.029356   0.11822319 0.99264717
10 25 30 610352 0.01939583 0.12190437 0.98002434
10 25 30 659292 0.01820946 0.13402176 0.96897888
10 25 30 708914 0.01882553 0.12623215 0.9689045 
10 25 30 762101 0.01839447 0.11923409 0.96683311
10 25 30 811239 0.01977348 0.12390709 0.98709869
10 25 30 860242 0.02285767 0.11423874 1.01976204
10 25 30 909277 0.02618408 0.10802841 1.02597237
10 25 30 962319 0.027565   0.11273003 1.01572037
10 25 31 11660 0.02485847 0.11787415 0.99666023
10 25 31 61214 0.0195446  0.11921883 0.98522186
10 25 31 110154 0.01830101 0.12088585 0.97971535
10 25 31 163081 0.01527786 0.12119484 0.97594833
10 25 31 212359 0.01475143 0.1241188  0.98413849
10 25 31 261899 0.02133751 0.11580467 0.99165344
10 25 31 310957 0.01859665 0.10750198 1.00605965
10 25 31 359920 0.02255821 0.11531639 1.0065403 
10 25 31 418254 0.02403259 0.11264801 1.00242805
10 25 31 462452 0.02127647 0.116745   0.99574852
10 25 31 511390 0.02348709 0.1131115  0.99451828
10 25 31 560610 0.01919746 0.1177597  0.98644829
10 25 31 609884  5.34057617e-05 -2.99953079e+00  5.00378990e+00
10 25 31 663560 0.02032089 0.12350082 0.97315788
10 25 31 712149 0.01770592 0.12122536 0.99058342
10 25 31 761188 0.02342796 0.10900116 1.057127  
10 25 31 810838 0.02102661 0.12054253 0.99457932
10 25 31 859985 0.02028084 0.11904716 1.00079918
