14 25 44 591434  0.08126354 -0.0201807   0.99664474
14 25 44 613691  0.08132195 -0.01922297  0.99650645
14 25 44 617552  0.08374739 -0.02046204  0.99739146
14 25 44 638099  0.08311081 -0.02090979  0.99872661
14 25 44 661568  0.08420682 -0.01781464  0.99787164
14 25 44 692900  0.08277559 -0.02155018  1.0007205 
14 25 44 696080  0.08271694 -0.01833296  0.99737   
14 25 44 724703  0.08488655 -0.02117562  0.99753022
14 25 44 740775  0.08211255 -0.0241549   1.00237346
14 25 44 773378  0.08388734 -0.0176878   1.00017023
14 25 44 788281  0.08431292 -0.01972365  0.99758339
14 25 44 842433  0.08225465 -0.02044845  0.99655008
14 25 44 844972  0.08735967 -0.01712132  0.99788046
14 25 44 890034  0.08464956 -0.01890254  0.99978948
14 25 47 478984  0.08078957 -0.01736665  0.9992075 
14 25 47 526690  0.08482957 -0.01829886  0.99696708
14 25 47 575537  0.0853765  -0.0204258   0.99682951
14 25 47 628967  0.08229589 -0.0188067   0.99987245
14 25 47 678206  0.08239865 -0.01713634  1.0016284 
14 25 47 727867  0.08224273 -0.01737857  0.99966288
14 25 47 776329  0.08218741 -0.01924825  0.99819756
14 25 47 825731  0.08446026 -0.01817274  0.99627542
14 25 47 885024  0.08167005 -0.02084613  0.99902225
14 25 47 928446  0.08265162 -0.01789761  1.00085115
14 25 47 977232  0.08266044 -0.02049994  0.99749017
14 25 48 26223  0.08401537 -0.01935554  0.9981544 
14 25 48 79319  0.08482623 -0.02028489  0.99723101
14 25 48 128981  0.08467603 -0.01837325  0.99951744
14 25 48 177744  0.08551645 -0.02193975  1.0010035 
14 25 48 226980  0.08456707 -0.02287483  0.99639511
14 25 48 276015  0.08205652 -0.02076674  0.99653983
14 25 48 329242  0.08184004 -0.02071905  0.99668956
14 25 48 378462  0.08454299 -0.02151012  0.99945998
14 25 48 427753  0.08621264 -0.01989675  0.99715185
14 25 48 476897  0.08273816 -0.0205462   1.00002217
14 25 48 540912  0.08325529 -0.02023315  0.99774766
14 25 48 585763  0.08217335 -0.01808619  0.99749589
14 25 48 635049  0.08281755 -0.01942134  0.99814892
14 25 48 684617  0.08254981 -0.02342367  0.99461889
14 25 48 730799  0.08541369 -0.01839972  1.00020647
14 25 48 786965  0.08480096 -0.01945305  0.99930453
14 25 48 835854  0.08372641 -0.02055454  0.9988451 
14 25 48 877813  0.08407211 -0.01914191  0.99921799
14 25 48 939336  0.08295393 -0.02031422  0.9989686 
14 25 48 986967  0.08386302 -0.01967025  0.99717665
14 25 49 29975  0.08461666 -0.01790619  0.99893856
14 25 49 78870  0.08522749 -0.0200851   0.99825144
14 25 49 128081  0.08065128 -0.01695848  0.99771714
14 25 49 181124  0.08501911 -0.01558065  0.99811625
14 25 49 230722  0.08344698 -0.01864409  0.99539971
14 25 49 279438  0.08561516 -0.02082849  0.99698186
14 25 49 328756  0.08239126 -0.02000761  0.99802709
14 25 49 377726  0.08352733 -0.01922703  0.99802685
14 25 49 431264  0.08383846 -0.01847744  0.99589491
14 25 49 480239  0.0849669  -0.01797795  0.99886847
14 25 49 529759  0.0840683  -0.01976657  0.99755454
14 25 49 578449  0.08217621 -0.01733708  1.00106621
14 25 49 627746  0.084764   -0.02098894  0.99662566
14 25 49 680995  0.08141112 -0.01729727  0.9991188 
14 25 49 730403  0.08460712 -0.01868868  0.9998889 
14 25 49 779573  0.08390999 -0.01976991  0.99587965
14 25 49 832721  0.08373737 -0.02299953  0.9982729 
14 25 49 881516  0.08539963 -0.01852536  0.99596286
14 25 49 931274  0.0849278  -0.02030683  0.99942541
14 25 49 979853  0.08137274 -0.02176809  0.9981463 
14 25 50 29266  0.08437681 -0.01889324  0.99825287
14 25 50 82223  0.08457208 -0.0170691   0.99794865
14 25 50 131454  0.08438468 -0.01925731  0.99698019
14 25 50 180547  0.08385825 -0.01926255  0.99942398
14 25 50 239761  0.08381844 -0.0183866   1.00018501
14 25 50 289555  0.0835824  -0.01851845  0.99961019
14 25 50 333388  0.08682442 -0.02266526  0.9985106 
14 25 50 381160  0.08317661 -0.02025771  0.99841309
14 25 50 430649 0.00032949 0.14055085 0.19139886
14 25 50 479652  0.08454537 -0.01968718  1.00057769
14 25 50 533350  0.08729386 -0.0226109   0.99625731
14 25 50 581959  0.08398628 -0.02073574  0.9975481 
14 25 50 631265  0.08463764 -0.01936173  0.99889421
14 25 50 680169  0.0817802  -0.01761603  0.9967587 
14 25 50 729904  0.08336163 -0.02030945  0.99748087
14 25 50 790231  0.08422279 -0.02142692  0.99764919
14 25 50 833046  0.08188581 -0.0210011   0.99944353
14 25 50 880787  0.082304   -0.02151322  0.99882507
14 25 50 934232  0.0818727  -0.01821375  0.99866939
14 25 50 983358  0.08689666 -0.02031112  0.99591494
14 25 51 33491  0.08158994 -0.02072215  1.00195265
14 25 51 81640  0.08201027 -0.02045655  0.99766731
14 25 51 131089  0.08604407 -0.02104807  1.00085187
