14 25 44 592833 9

14 25 44 614655 0 22609

14 25 44 618478 0 22659

14 25 44 638955 0 22709

14 25 44 662449 0 22759

14 25 44 693808 0 22809

14 25 44 696952 0 22859

14 25 44 725476 0 22909

14 25 44 742040 0 22959

14 25 44 774333 0 23009

14 25 44 789077 0 23059

14 25 44 843224 0 23109

14 25 44 845717 0 23159

14 25 44 891234 0 23209

14 25 47 479791 

14 25 47 527490 0 22559

14 25 47 576264 0 22609

14 25 47 629874 0 22659

14 25 47 679117 0 22709

14 25 47 729024 0 22759

14 25 47 777104 0 22809

14 25 47 826596 0 22859

14 25 47 888292 0 22909

14 25 47 929435 0 22959

14 25 47 978217 0 23009

14 25 48 27011 0 23059

14 25 48 80193 0 23109

14 25 48 129902 0 23159

14 25 48 178621 0 23209

14 25 48 228080 0 1999

14 25 48 276877 0 2049

14 25 48 330108 0 2099

14 25 48 379347 0 2149

14 25 48 428605 0 2199

14 25 48 477779 0 2249

14 25 48 550312 0 2299

14 25 48 589111 0 2349

14 25 48 639608 0 2399

14 25 48 687527 0 2449

14 25 48 731964 0 2499

14 25 48 790091 0 2549

14 25 48 840872 0 2599

14 25 48 878662 0 2649

14 25 48 942933 0 2699

14 25 48 989956 0 2749

14 25 49 30868 0 2799

14 25 49 79726 0 2849

14 25 49 128904 0 2899

14 25 49 182000 0 2949

14 25 49 231612 0 2999

14 25 49 280265 0 3049

14 25 49 329657 0 3099

14 25 49 378497 0 3149

14 25 49 432088 0 3200

14 25 49 481115 0 3250

14 25 49 530949 0 3300

14 25 49 579302 0 3350

14 25 49 628560 0 3400

14 25 49 681863 0 3450

14 25 49 731546 0 3500

14 25 49 780507 0 3550

14 25 49 833631 0 3600

14 25 49 882418 0 3650

14 25 49 932158 0 3700

14 25 49 980681 0 3750

14 25 50 30288 0 3800

14 25 50 83122 0 3850

14 25 50 132210 0 3900

14 25 50 181350 0 3950

14 25 50 245234 0 4000

14 25 50 293032 0 4050

14 25 50 334596 0 4100

14 25 50 381923 0 4150

14 25 50 431487 0 4200

14 25 50 480529 0 4250

14 25 50 534214 0 4300

14 25 50 582773 0 4350

14 25 50 632140 0 4400

14 25 50 681021 0 4450

14 25 50 730806 0 4500

14 25 50 794173 0 4550

14 25 50 834102 0 4600

14 25 50 881521 0 4651

14 25 50 935088 0 4701

14 25 50 984196 0 4751

14 25 51 34540 0 4801

14 25 51 82577 0 4851

14 25 51 131920 0 4901

