16 7 44 591948  0.02368593 -0.05690241 -0.01554108
16 7 44 594468  0.00961542 -0.04987431 -0.01658726
16 7 44 668841  0.0141592  -0.0518856  -0.01019859
16 7 44 713232  0.02583218 -0.05955648 -0.0085597 
16 7 44 759372  0.01889277 -0.05633736 -0.01070166
16 7 44 811724  0.01139069 -0.05062056 -0.01063585
16 7 44 864497  0.01702499 -0.05352116 -0.00868416
16 7 44 915215  0.0177846  -0.05423737 -0.00656271
16 7 44 961227  0.01882648 -0.05444193 -0.00724697
16 7 45 8135  0.01732826 -0.05408049 -0.01181889
16 7 45 67817  0.00742245 -0.04769468 -0.01159811
16 7 45 110215  0.00973797 -0.04777861 -0.0087018 
16 7 45 161238  0.01585007 -0.05131388 -0.00767422
16 7 45 210243  0.01262522 -0.04969358 -0.0078907 
16 7 45 262199  0.00831127 -0.04584694 -0.00893736
16 7 45 312594  0.00831223 -0.04509687 -0.00798082
16 7 45 362529  0.00758219 -0.04316616 -0.00546217
16 7 45 420078  0.00834846 -0.04297018 -0.0051384 
16 7 45 461174  0.01246595 -0.044312   -0.00862169
16 7 45 513039  0.00035095 -0.03778934 -0.01331091
16 7 45 563095 -0.00583696 -0.03279257 -0.01021385
16 7 45 609117  0.00640488 -0.03808308 -0.00539351
16 7 45 660431  0.00890827 -0.03854132 -0.00548744
16 7 45 711632 -0.00125122 -0.03125048 -0.00803947
16 7 45 763996 -0.00264025 -0.0284276  -0.00598717
16 7 45 814596  0.00036335 -0.02889252 -0.00342941
16 7 45 862118 -0.00105143 -0.0261116  -0.00225163
16 7 45 911362  0.00187778 -0.0253787  -0.00516367
16 7 45 959878 -0.00693655 -0.02048492 -0.00839758
16 7 46 13537 -0.01315308 -0.01477528 -0.00577974
16 7 46 63976 -0.00285149 -0.01776695 -0.0045619 
16 7 46 112728 -0.00358772 -0.01527643 -0.00460672
16 7 46 161329 -0.00944042 -0.009058   -0.00412369
16 7 46 209683 -0.00849676 -0.00871372 -0.00413322
16 7 46 260102 -0.01047707 -0.00552225 -0.00326204
16 7 46 309784 -0.01251078 -0.00140762 -0.00213003
16 7 46 360866 -0.0092721  -0.00052214 -0.00106859
16 7 46 410394 -0.00658655  0.00014544 -0.00472403
16 7 46 462515 -0.0172267   0.00728893 -0.0093956 
16 7 46 511221 -0.02192211  0.01220369 -0.00707245
16 7 46 562661 -0.01123571  0.00886345 -0.00123262
16 7 46 614223 -0.00699568  0.00954771 -0.00125694
16 7 46 663521 -0.01674795  0.01744032 -0.00323725
16 7 46 714647 -0.01843071  0.02166128 -0.00201941
16 7 46 761276 -0.01312685  0.02053595  0.00015879
16 7 46 809261 -0.01500988  0.0243392   0.00114822
16 7 46 862036 -0.01452923  0.02738094 -0.00026178
16 7 46 909629 -0.01691437  0.0289588  -0.00490379
16 7 46 961932 -0.02610731  0.03574896 -0.00597572
16 7 47 11144 -0.0199399   0.03637552 -0.0029726 
16 7 47 70999 -0.01330376  0.03470278 -0.00088644
16 7 47 106994 -0.01839495  0.04052305 -0.00124168
16 7 47 162268 -0.0214591   0.04409313 -0.00192165
16 7 47 212428 -0.01804256  0.04530907 -0.0006032 
16 7 47 261616 -0.01974535  0.04910707 -0.00035286
16 7 47 314686 -0.0196743   0.05000925  0.00104666
16 7 47 361022 -0.01506948  0.04940367 -0.00188112
16 7 47 409229 -0.02121925  0.05344439 -0.00814199
16 7 47 460914 -0.03139496  0.06081867 -0.00792313
16 7 47 509112 -0.02193737  0.05719185 -0.00200033
16 7 47 560422 -0.01257086  0.05277586 -0.00068331
16 7 47 610432 -0.02054501  0.05980349 -0.00379229
16 7 47 668870 -0.02427006  0.06558895 -0.00346994
16 7 47 714902 -0.01687479  0.0618782  -0.00183392
16 7 47 760419 -0.01755095  0.06466103 -0.0008707 
16 7 47 812240 -0.01678801  0.06476545 -0.00142813
16 7 47 860895 -0.0185132   0.0641408  -0.00647211
16 7 47 913071 -0.02976465  0.06926394 -0.00798035
16 7 47 963737 -0.0253582   0.06938601 -0.00541401
16 7 48 8635 -0.01539326  0.06580734 -0.00201416
16 7 48 70043 -0.01488304  0.06449509 -0.00296545
16 7 48 105901 -0.02428389  0.07092524 -0.00422287
16 7 48 159313 -0.02105427  0.07047606 -0.00360537
16 7 48 211431 -0.01527262  0.06780148 -0.00214911
16 7 48 262051 -0.01661539  0.06982279 -0.00165606
16 7 48 311954 -0.01432705  0.0664897  -0.00571632
16 7 48 361373 -0.02310944  0.06775999 -0.00919104
16 7 48 411888 -0.0277276   0.07136631 -0.00715685
16 7 48 462760 -0.01521587  0.06535816 -0.00432968
16 7 48 513046 -0.00989819  0.06161261 -0.00457811
16 7 48 562178 -0.0187211   0.06639194 -0.00636721
16 7 48 609068 -0.01806545  0.06517649 -0.00676107
16 7 48 660458 -0.01367378  0.06216478 -0.00532579
16 7 48 713720 -0.01452208  0.06282616 -0.00287294
16 7 48 765681 -0.00925398  0.05765104 -0.00538778
16 7 48 809646 -0.01598692  0.05674934 -0.01061821
16 7 48 861428 -0.0252924   0.06107092 -0.01000738
16 7 48 911699 -0.0123539   0.05362701 -0.00792599
16 7 48 960740 -0.00578642  0.04878283 -0.007761  
16 7 49 11109 -0.01163435  0.05046892 -0.00870752
16 7 49 66597 -0.01105213  0.04611063 -0.00959444
16 7 49 113056 -0.00950861  0.04308653 -0.00966167
16 7 49 165077 -0.01148558  0.04170465 -0.00859022
16 7 49 208295 -0.0074358   0.03591013 -0.00749493
16 7 49 262329 -0.00294256  0.02924013 -0.01011801
16 7 49 310926 -0.0114994   0.02996826 -0.0170598 
16 7 49 364420 -0.01984644  0.02985525 -0.01746225
16 7 49 410135 -0.00763035  0.02017546 -0.01023579
16 7 49 461815  0.00416327  0.00982094 -0.00911665
16 7 49 514229 -0.00350857  0.01116753 -0.01220131
16 7 49 563224 -0.00778961  0.01083326 -0.01235771
16 7 49 615438 -0.00082016  0.0029006  -0.01091766
16 7 49 665733 -0.00039196 -0.00077295 -0.00917912
16 7 49 714536  0.00133038 -0.00519848 -0.00980091
16 7 49 762181  0.00125885 -0.01035404 -0.01501131
16 7 49 812924 -0.00899696 -0.00697899 -0.0166111 
16 7 49 863531 -0.0044713  -0.01176786 -0.01280785
16 7 49 915056  0.00844574 -0.02176857 -0.0118351 
16 7 49 966063  0.00688601 -0.02138948 -0.01303291
16 7 50 12867  0.00202942 -0.0210433  -0.01384497
16 7 50 73343  0.00625467 -0.02642441 -0.01297283
16 7 50 107503  0.00611925 -0.02788401 -0.01115465
16 7 50 163303  0.00694132 -0.03060293 -0.01021099
16 7 50 213450  0.01210022 -0.03663969 -0.01339579
16 7 50 263510  0.00547934 -0.03653812 -0.01775694
16 7 50 315915 -2.81333923e-05 -3.33719254e-02 -1.60965919e-02
16 7 50 363443  0.01152277 -0.04049301 -0.01247644
16 7 50 411085  0.01926231 -0.04742098 -0.01221371
16 7 50 462947  0.01247025 -0.04411221 -0.01430082
16 7 50 513826  0.01051712 -0.04422331 -0.01421309
16 7 50 563125  0.0157156  -0.04900217 -0.013237  
16 7 50 613377  0.01671696 -0.0502286  -0.01090002
16 7 50 668958  0.02045441 -0.05397558 -0.01212549
16 7 50 715873  0.01724386 -0.05528116 -0.01578999
16 7 50 760180  0.00731659 -0.05003643 -0.01584721
16 7 50 813748  0.02302933 -0.05942059 -0.01228857
16 7 50 864002  0.01840401 -0.0575099  -0.01264715
16 7 50 914129 0.01869345 0.03102398 1.21870136
16 7 50 961712  0.02011871 -0.05923367 -0.01161146
16 7 51 9778  0.01941776 -0.05872202 -0.0109272 
16 7 51 68771  0.02146053 -0.06120682 -0.00929785
16 7 51 110998  0.00656033 -0.00837088  0.05629635
16 7 51 164800  0.00011444 -0.04097271  0.05255795
16 7 51 210254  0.00276899 -0.00999689  0.05365038
16 7 51 261729  0.00673628 -0.04020786  0.05540657
16 7 51 312191 -0.00092506 -0.01142883  0.05142641
16 7 51 364495  0.01742792 -0.04449224  0.05634117
16 7 51 413598 -0.00599098 -0.0172019   0.05048037
16 7 51 462729  0.02177858 -0.03838444  0.05874968
16 7 51 515660 -0.00858545 -0.02651405  0.04916477
16 7 51 563552  0.02451563 -0.03568077  0.05982351
16 7 51 608429 -0.00747442 -0.03589392  0.0493722 
16 7 51 669542  0.02403021 -0.02738428  0.06082726
16 7 51 711782 -0.00380659 -0.04440451  0.04967117
16 7 51 764609  0.0215106  -0.02282524  0.06026888
16 7 51 814299 -0.00214624 -0.04830742  0.0522089 
16 7 51 862650  0.01356745 -0.01972103  0.05923176
16 7 51 911564  0.00157976 -0.05052805  0.05504465
16 7 51 962413  0.00707769 -0.0193758   0.05737162
16 7 52 13742  0.00676489 -0.04897261  0.05826807
16 7 52 69468  0.00059891 -0.01777363  0.05552769
16 7 52 112805  0.01483011 -0.04587507  0.06091547
16 7 52 162668 -0.00755262 -0.02045918  0.05390215
16 7 52 209402  0.01784515 -0.03762531  0.06410885
16 7 52 260210 -0.01265287 -0.02472878  0.05407381
16 7 52 311769  0.01988268 -0.03177118  0.06495094
16 7 52 362383 -0.01095581 -0.02943897  0.0542388 
16 7 52 410179  0.01841974 -0.02118826  0.06342602
16 7 52 462364 -0.00915384 -0.0334096   0.05403566
16 7 52 511719  0.01253653 -0.01241159  0.06165934
16 7 52 559958 -0.00488424 -0.03824806  0.05600071
16 7 52 612160  0.00428629 -0.00673294  0.05864859
16 7 52 665355 -0.002244   -0.03505373  0.05800533
16 7 52 718461 -0.00068998 -0.00566483  0.05632973
16 7 52 764186  0.00644779 -0.03337002  0.05888653
16 7 52 811449 -8.19730759e-03 -1.47819519e-05  5.36656380e-02
16 7 52 862368  0.01068783 -0.0269804   0.05960941
16 7 52 913400 -0.01362467 -0.00523663  0.0509553 
16 7 52 963107  0.014534   -0.01751423  0.0597105 
16 7 53 9885 -0.01832819 -0.00736094  0.04882002
16 7 53 69966  0.01165724 -0.00779152  0.0593524 
16 7 53 112107 -0.01402378 -0.01406288  0.04881287
16 7 53 163051 0.01273823 0.0020318  0.05729151
16 7 53 214818 -0.01241302 -0.01512909  0.0494523 
16 7 53 264297 0.01006317 0.00731134 0.05478382
16 7 53 315465 -0.00588989 -0.01798344  0.0512743 
16 7 53 364002 0.00287104 0.01433468 0.05091333
16 7 53 410764  0.00353861 -0.01823378  0.05093861
16 7 53 463271 -0.00385475  0.01652622  0.04812717
16 7 53 512053  0.01336813 -0.01651049  0.05101252
16 7 53 563491 -0.00775099  0.01646328  0.04560471
16 7 53 613969  0.01624012 -0.00863552  0.05295277
16 7 53 670426 -0.00759602  0.0080924   0.04311562
16 7 53 714817  0.02107239 -0.00163651  0.05251074
16 7 53 763668 -0.00935221  0.00269604  0.04145575
16 7 53 815486 0.02342081 0.00586033 0.05123425
16 7 53 862926 -0.00623369 -0.0048728   0.04127359
16 7 53 915283 0.02296495 0.01220608 0.04877377
16 7 53 964356 -0.0021162  -0.00954628  0.04173565
16 7 54 12175 0.01652384 0.01598787 0.04633188
16 7 54 71494  0.0054307  -0.01463366  0.04398441
16 7 54 111888 0.00850201 0.01804543 0.04502392
16 7 54 161360  0.01308775 -0.01684332  0.04584312
16 7 54 212866 0.001441   0.01482582 0.04345322
16 7 54 264498  0.02073622 -0.01240015  0.04910851
16 7 54 313649 -0.00188732  0.01066589  0.04095984
16 7 54 363490  0.02510881 -0.00823498  0.04961729
16 7 54 415518 -0.00362921  0.00637674  0.04088831
16 7 54 462519  0.02784348 -0.00334883  0.05111504
16 7 54 513988 -0.0021944  -0.00325346  0.04205227
16 7 54 564214 0.02687025 0.0043416  0.05241299
16 7 54 612119  0.00034571 -0.01173162  0.04477358
16 7 54 668271 0.02438545 0.01104736 0.05197906
16 7 54 713506  0.00666809 -0.01731205  0.04646826
16 7 54 766113 0.01730824 0.01446915 0.05034828
16 7 54 811791  0.01152754 -0.01762295  0.05017471
16 7 54 864503 0.00994873 0.01576662 0.04910135
16 7 54 917071  0.01990604 -0.01757812  0.05260658
16 7 54 962583 0.00254869 0.01370335 0.04805565
16 7 55 12505  0.02522755 -0.01187372  0.05560684
16 7 55 65243 -0.00067663  0.00777292  0.04760838
16 7 55 114269  0.02696133 -0.00661659  0.05627012
16 7 55 163923 -0.00175381  0.00033855  0.04816294
16 7 55 210802 0.02631187 0.00316715 0.05785131
16 7 55 262706  0.00186634 -0.0094142   0.04754782
16 7 55 310965 0.0259757  0.00749207 0.05587006
16 7 55 364638  0.00226641 -0.01091051  0.05184889
16 7 55 413908 0.02031803 0.0118804  0.05387068
16 7 55 463142  0.01285696 -0.02086782  0.05219984
16 7 55 514579 0.01185369 0.01396513 0.053123  
16 7 55 563463  0.01748562 -0.02014303  0.0557251 
16 7 55 613799 0.00713587 0.01000023 0.05075645
16 7 55 664675  0.02472258 -0.01954079  0.0571332 
16 7 55 717183 0.0007925  0.0048852  0.05133629
16 7 55 765359  0.02834129 -0.01389122  0.0600667 
16 7 55 809560  0.00159025 -0.00792789  0.04942131
16 7 55 862348  0.02790594 -0.00907612  0.06072664
16 7 55 912925  0.001297   -0.01522684  0.05214071
16 7 55 961689  0.02853489 -0.00504017  0.05946636
16 7 56 12219  0.00237083 -0.02559757  0.05201292
16 7 56 72599  0.02283716 -0.00226593  0.05819559
16 7 56 111189  0.00759172 -0.03107643  0.05545092
16 7 56 159971  0.01523447 -0.00117826  0.05739927
16 7 56 211697  0.01463366 -0.03835344  0.05750942
16 7 56 260829  0.00916767 -0.00566912  0.05560493
16 7 56 313750  0.01679659 -0.03373528  0.06016445
16 7 56 361219  0.00030756 -0.01077795  0.05421352
16 7 56 408483  0.02478456 -0.03708172  0.06118059
16 7 56 463790 -0.00505304 -0.01858234  0.05307674
16 7 56 509148  0.02165508 -0.02830887  0.06280565
16 7 56 561695 -0.00585222 -0.03052425  0.05216742
16 7 56 612884  0.02205276 -0.02726555  0.0618577 
16 7 56 669013 -0.00888634 -0.03823042  0.05380106
16 7 56 716150  0.01468611 -0.02046347  0.06079865
16 7 56 760738 -0.00529671 -0.04820919  0.05447531
16 7 56 813655 -0.0001936  -0.04799461  0.056458  
16 7 56 863871  0.00183058 -0.01849174  0.05520535
16 7 56 916256  0.00783682  0.03105307 -0.43727779
16 7 56 963747 -0.00724649 -0.02100992  0.05254889
16 7 57 10158  0.01437759 -0.04496098  0.05816126
16 7 57 71759 -0.0154705  -0.02606773  0.05097771
16 7 57 105460 -0.00742769  0.07142591  0.09345341
16 7 57 163546 -0.0072484   0.07075882  0.09328508
16 7 57 210462 -0.00804186  0.07117176  0.09742594
16 7 57 263399 -0.00409651  0.06707191  0.09864235
16 7 57 312621 -0.00206614  0.06382179  0.09342813
16 7 57 360579 -0.02144575  0.0716939   0.0951004 
16 7 57 412376 -0.01180267  0.06507444  0.10289049
16 7 57 462025 0.00353622 0.0562377  0.10324907
16 7 57 513740 -0.00743437  0.06404448  0.09968805
16 7 57 561776 -0.01083803  0.06452036  0.10002565
16 7 57 608202 -0.00461245  0.06176424  0.10460377
16 7 57 666361 -0.00111389  0.05572844  0.10429668
16 7 57 712192 -0.00976562  0.05828476  0.10192537
16 7 57 764174 -0.0138998   0.05954218  0.10564375
16 7 57 809946 -0.00283241  0.05406237  0.10804987
16 7 57 861579 -0.003654    0.05368853  0.10710764
16 7 57 911415 -0.00786972  0.05457211  0.1059227 
16 7 57 960738 -0.00782204  0.05249977  0.10766077
16 7 58 13636 -0.00835037  0.05159664  0.11019135
16 7 58 67618 -0.00306177  0.0480957   0.10856438
16 7 58 115060 -0.01167202  0.04951763  0.10551357
16 7 58 161648 -0.01585054  0.0494585   0.11014223
16 7 58 209456 -0.00084782  0.04160881  0.11540604
16 7 58 261792 0.00126028 0.03995895 0.11280012
16 7 58 312488 -0.00521183  0.04443884  0.11130524
16 7 58 361763 -0.00319767  0.04187536  0.11398077
16 7 58 410414 0.00104523 0.03749752 0.11716557
16 7 58 461955 0.00495195 0.03301859 0.11383438
16 7 58 510791 -0.00543737  0.03633308  0.11088848
16 7 58 559556 -0.00512123  0.03501415  0.11663723
16 7 58 611276 0.00945759 0.02793455 0.11948586
16 7 58 663281 0.00769281 0.02798891 0.11636734
16 7 58 717913 -0.00059414  0.03138828  0.11632776
16 7 58 761320 0.00033379 0.02815056 0.11925936
16 7 58 809257 0.00628948 0.02393866 0.12110758
16 7 58 860257 0.00872803 0.02179527 0.11643028
16 7 58 910610 -0.00584316  0.0255723   0.11636066
16 7 58 962466 0.00069952 0.01980495 0.12256336
16 7 59 11595 0.01469469 0.01254797 0.12259531
16 7 59 70606 0.00773525 0.01690912 0.11883831
16 7 59 113105 0.00403357 0.01825523 0.11902428
16 7 59 161035 0.00847149 0.01277685 0.12302017
16 7 59 215869 0.01279449 0.00942993 0.12342501
16 7 59 263988 0.00539207 0.0103569  0.12193727
16 7 59 314967 0.00446129 0.01006651 0.12558556
16 7 59 365279 0.01710224 0.0021596  0.12768221
16 7 59 411073 0.01732635 0.00247002 0.12686062
16 7 59 460870 0.01133442 0.00448751 0.12623978
16 7 59 513036 0.01266098 0.00098944 0.12706852
16 7 59 563754  0.01228428 -0.00031376  0.12948942
16 7 59 612982  0.01868296 -0.0043354   0.13004589
16 7 59 668183  0.01410341 -0.00466108  0.12536764
16 7 59 714926  0.00184107 -0.00154972  0.12701321
16 7 59 760285  0.01408339 -0.00882864  0.13282299
16 7 59 812045  0.02415133 -0.01389551  0.13091946
16 7 59 863607  0.01463127 -0.0091753   0.1280098 
16 7 59 915194  0.0100069  -0.00888157  0.12816191
16 7 59 963210  0.0127182  -0.01371622  0.13185024
16 8 0 11038  0.01674223 -0.0183506   0.13166904
16 8 0 69592  0.00843525 -0.01641464  0.1268034 
16 8 0 105651  0.0005312  -0.01544762  0.12832069
16 8 0 164485  0.00734043 -0.02107859  0.13209343
16 8 0 213115  0.01163292 -0.02338457  0.13100624
16 8 0 263082  0.00605822 -0.02073812  0.12877131
16 8 0 314794  0.0011549  -0.02036858  0.12873888
16 8 0 363600  0.00316238 -0.02405596  0.13147688
16 8 0 413339  0.0077796  -0.02705717  0.13077784
16 8 0 463297  1.24454498e-04 -2.52904892e-02  1.25784874e-01
16 8 0 515377 -0.00989437 -0.02407122  0.12806511
16 8 0 564213  0.00147963 -0.03010845  0.1317625 
16 8 0 610780  0.00722504 -0.03158283  0.12910032
16 8 0 666693  0.00133133 -0.02709436  0.12544823
16 8 0 714644 -0.00234318 -0.0276823   0.12611628
16 8 0 766425 -0.00195885 -0.02989864  0.12786913
16 8 0 812800  0.00104952 -0.03387594  0.12578773
16 8 0 863220 -0.00870371 -0.03009987  0.12315702
16 8 0 913086 -0.01004457 -0.02989817  0.12559414
16 8 0 964324 -0.00363159 -0.03518057  0.1252284 
16 8 1 14006 -0.00561714 -0.03439569  0.12200546
16 8 1 66887 -0.00911474 -0.03187466  0.1197958 
16 8 1 116903 -0.01055145 -0.03274727  0.11918068
16 8 1 162950 -0.01415491 -0.03505993  0.12037325
16 8 1 211563 -0.00871992 -0.03799915  0.11713505
16 8 1 262217 -0.01551437 -0.03547049  0.11088324
16 8 1 309476 -0.02631569 -0.03157282  0.11283064
16 8 1 361356 -0.01482344 -0.03762722  0.11733532
16 8 1 410379 -0.0064187  -0.04115009  0.11331844
16 8 1 463810 -0.01133871 -0.03455496  0.10805368
16 8 1 510663 -0.01757336 -0.03139782  0.10835791
16 8 1 559346 -0.0148859  -0.03715181  0.11078644
16 8 1 612102 -0.01159191 -0.0404253   0.10851192
16 8 1 663492 -0.01874208 -0.03673458  0.10371017
16 8 1 715695 -0.02422094 -0.03341007  0.105165  
16 8 1 761570 -0.01837158 -0.03730106  0.10643625
16 8 1 808826 -0.01542616 -0.03681231  0.10365629
16 8 1 861133 -0.01527309 -0.03477001  0.10014772
16 8 1 910885 -0.01804066 -0.03350592  0.09964085
16 8 1 963714 -0.0205617  -0.03355694  0.10137653
16 8 2 12912 -0.01188612 -0.03873587  0.09775496
16 8 2 71964 -0.01936626 -0.0338707   0.09156466
16 8 2 112634 -0.0279026  -0.02900934  0.09551144
16 8 2 161843 -0.01349258 -0.03800964  0.09848785
16 8 2 211897 -0.00728559 -0.0391593   0.09321022
16 8 2 260862 -0.01215315 -0.0305891   0.08997631
16 8 2 312717 -0.01518011 -0.03009033  0.09124899
16 8 2 363134 -0.00986767 -0.03623629  0.09405613
16 8 2 409770 -0.00793695 -0.03652143  0.09075212
16 8 2 462118 -0.01225758 -0.03138399  0.08959866
16 8 2 513733 -0.00801992 -0.0320363   0.09125662
16 8 2 563136 -0.00383377 -0.03343678  0.09018612
16 8 2 615235 -0.0030632  -0.03025579  0.08643246
16 8 2 669978 -0.00211716 -0.02915764  0.08397055
16 8 2 714235 -0.006567   -0.02802181  0.08487368
16 8 2 759844 -0.00382137 -0.02967262  0.08514261
16 8 2 815423  0.00172663 -0.0316186   0.07917547
16 8 2 866943 -0.00816631 -0.02491379  0.0768609 
16 8 2 913292 -0.00619316 -0.02464676  0.08062172
16 8 2 960810  0.00636673 -0.03087759  0.08032227
16 8 3 7609  0.00661945 -0.02642202  0.07563257
16 8 3 68177  0.00377226 -0.02199459  0.07380199
16 8 3 109694  0.00339031 -0.02280235  0.07516336
16 8 3 162035  0.00625563 -0.025527    0.07605743
16 8 3 211961  0.00733042 -0.02504158  0.07108784
16 8 3 263299  0.00180435 -0.02112913  0.07016325
16 8 3 313992 -0.0189991   0.00718403 -0.14034319
16 8 3 363699  0.01512671 -0.00364876 -0.1458745 
16 8 3 413560 -0.04274416 -0.00681782 -0.15626383
16 8 3 460459 -0.0143404   0.00390387 -0.14034224
16 8 3 512955  0.00876999 -0.0057745  -0.14923143
16 8 3 562153 -0.04555559 -0.0085578  -0.15622711
16 8 3 609379 -0.00714731  0.00098562 -0.13998127
16 8 3 667881 -0.00187826 -0.00793314 -0.15113974
16 8 3 712382 -0.05030012 -0.01149607 -0.15335035
16 8 3 763517 -0.00207567 -0.00159359 -0.13949537
16 8 3 810474 -0.01032257 -0.01058626 -0.15356541
16 8 3 861156 -0.04902458 -0.01253462 -0.15185308
16 8 3 912280  0.0055232  -0.00384188 -0.13974428
16 8 3 961124 -0.01986885 -0.01204109 -0.15419626
16 8 4 14438 -0.04442406 -0.01228809 -0.14879608
16 8 4 63930  0.01287889 -0.00614882 -0.13982868
16 8 4 115950 -0.02481031 -0.0154438  -0.15614939
16 8 4 164574 -0.04054785 -0.00985956 -0.14699984
16 8 4 208314  0.0132513  -0.00681067 -0.14011621
16 8 4 260159 -0.03081322 -0.01804447 -0.15658855
16 8 4 309841 -0.0340538  -0.00960159 -0.14365149
16 8 4 362911  0.01315498 -0.00878143 -0.14203405
16 8 4 412067 -0.03632641 -0.01937437 -0.15722942
16 8 4 462977 -0.02699471 -0.00654459 -0.14154387
16 8 4 512633  0.00832129 -0.00881624 -0.14343119
16 8 4 561917 -0.04418373 -0.01980305 -0.15625715
16 8 4 613828 -0.01780939 -0.0048418  -0.13840723
16 8 4 664645  0.00219584 -0.01049662 -0.14587736
16 8 4 715986 -0.04800653 -0.01889181 -0.15378523
16 8 4 764243 -0.00720263 -0.00321341 -0.13669062
16 8 4 812046 -0.00518322 -0.00964785 -0.14768696
16 8 4 863251 -0.04919577 -0.01693439 -0.15131092
16 8 4 913509  0.00136566 -0.00228548 -0.13559389
16 8 4 962275 -0.0112772  -0.01021671 -0.15020084
16 8 5 11669 -0.04620647 -0.01469898 -0.1487608 
16 8 5 65247  0.0113101  -0.00107384 -0.13542652
16 8 5 114242 -0.02201796 -0.01215839 -0.1522069 
16 8 5 161250 -0.0412035  -0.01079941 -0.14457417
16 8 5 212355  0.01699352 -0.00268459 -0.1364789 
16 8 5 263551 -0.02944326 -0.01108313 -0.15326118
16 8 5 316439 -0.03064585 -0.00688839 -0.14112997
16 8 5 364171  0.02131414 -0.00162649 -0.13791084
16 8 5 412356 -0.03574991 -0.00845337 -0.15234423
16 8 5 462242 -0.0199008  -0.00362682 -0.13740683
16 8 5 511871  0.02127886 -0.00182819 -0.13914776
16 8 5 563040 -0.03856754 -0.0076375  -0.15303373
16 8 5 611554 -0.01137018  0.00210094 -0.13511896
16 8 5 668363  0.01765156  0.00059605 -0.14003038
16 8 5 716505 -0.03740931 -0.00729465 -0.15067816
16 8 5 760897 -0.00031376  0.00776672 -0.13279486
16 8 5 814695  0.01410294  0.00250959 -0.14279366
16 8 5 864162 -0.03557491 -0.00469637 -0.14973688
16 8 5 911933  0.01085234  0.01204395 -0.13320303
16 8 5 964413  0.00735855  0.00481033 -0.14549303
16 8 6 8399 -0.03277016 -0.00054264 -0.1467185 
16 8 6 70097  0.01918459  0.01486492 -0.13308907
16 8 6 106961  0.00066757  0.00593996 -0.14777708
16 8 6 158510 -0.02686834  0.00424719 -0.14443827
16 8 6 211992  0.02900314  0.01792192 -0.13423634
16 8 6 263503 -0.00395107  0.00912857 -0.15038919
16 8 6 311458 -0.01928806  0.00919914 -0.14252567
16 8 6 360146  0.03481531  0.01976061 -0.13474846
16 8 6 415686 -0.00910282  0.01070833 -0.15183353
16 8 6 460470 -0.01131725  0.01432419 -0.1400013 
16 8 6 513014  0.04016018  0.02030087 -0.13661766
16 8 6 561694 -0.01219416  0.011693   -0.15231085
16 8 6 608494 -0.00189447  0.02059507 -0.13658476
16 8 6 666221  0.04062605  0.01971102 -0.13946486
16 8 6 714159 -0.01468658  0.01196909 -0.1537261 
16 8 6 763221  0.0085392   0.02429533 -0.13651371
16 8 6 809486  0.03919077  0.01938009 -0.14241219
16 8 6 861591 -0.01777029  0.01311779 -0.15141392
16 8 6 911493  0.01781607  0.02604437 -0.13487434
16 8 6 962144  0.03318453  0.01793194 -0.14574862
16 8 7 15697 -0.02241278  0.01481915 -0.15031242
16 8 7 64066  0.02526903  0.02761126 -0.13405466
16 8 7 112726  0.02342272  0.01606226 -0.1471343 
16 8 7 160632 -0.0220499   0.01555586 -0.14743567
16 8 7 209132  0.02862883  0.02905703 -0.13415146
16 8 7 259566  0.01003218  0.01431227 -0.14988899
16 8 7 314173 -0.01865053  0.01594687 -0.14443493
16 8 7 363778  0.03506565  0.02706051 -0.13478279
16 8 7 412285  0.000453    0.01229048 -0.15208721
16 8 7 461779 -0.01599169  0.01777506 -0.14200878
16 8 7 510402  0.03330851  0.0242877  -0.1360364 
16 8 7 560347 -0.00970984  0.0097909  -0.15259552
16 8 7 613178 -0.0132041   0.01778936 -0.13956976
16 8 7 663200  0.02874613  0.02248383 -0.13694477
16 8 7 714796 -0.01727867  0.00725508 -0.15093708
16 8 7 761806 -0.00675344  0.02066612 -0.13527727
16 8 7 808964  0.02423954  0.01812315 -0.13921022
16 8 7 862059 -0.02488708  0.00543213 -0.15006447
16 8 7 911382 -0.00304937  0.02225924 -0.13245869
16 8 7 964553  0.01856518  0.01517868 -0.14123058
16 8 8 12475 -0.03018188  0.00492811 -0.14837122
16 8 8 73464  0.00078344  0.02314711 -0.13053513
16 8 8 113132  0.01082563  0.0121212  -0.143713  
16 8 8 161942 -0.03666973  0.00666332 -0.14747143
16 8 8 214617  0.00558758  0.02461243 -0.12995625
16 8 8 261149  7.67707825e-05  9.36508179e-03 -1.45173073e-01
16 8 8 314118 -0.0362711   0.007195   -0.14415836
16 8 8 361542  0.00951385  0.02445221 -0.13055468
16 8 8 409017 -0.01206064  0.00843668 -0.14694118
16 8 8 464779 -0.03810358  0.00953722 -0.14304066
16 8 8 513757  0.01086044  0.02259254 -0.13178492
16 8 8 562302 -0.0229435   0.00773907 -0.14952707
16 8 8 612466 -0.03788757  0.01195478 -0.13969707
16 8 8 669874  0.01282978  0.02013874 -0.13302469
16 8 8 714992 -0.03500175  0.00869131 -0.14928722
16 8 8 760331 -0.03329277  0.01437044 -0.13656712
16 8 8 816056  0.01078081  0.01837015 -0.13389254
