11 22 24 174993 0.00574112 0.08980942 1.00265121
11 22 24 178233 -0.04598808 -0.1574707   0.89012718
11 22 24 244750 -0.11350632 -0.24222946  0.97318459
11 22 24 297820 -0.08249664 -0.04203224  1.0939827 
11 22 24 344647 -0.01873207  0.0225296   1.05023003
11 22 24 392320 -0.03582001 -0.10032272  0.87760162
11 22 24 443458 -0.11445999 -0.13426971  0.90420341
11 22 24 492349 -0.1006012  -0.05906677  1.06037521
11 22 24 543981 -0.0370121   0.05593681  1.08379364
11 22 24 616379 -0.01422501 -0.00691795  0.9529705 
11 22 24 682664 -0.05909348 -0.15492058  0.90116119
11 22 24 725043 -0.09909821 -0.13680649  1.02672386
11 22 24 771591 -0.06827927 -0.03050804  1.08730507
11 22 24 814662 -0.01868248 -0.04109573  0.98372269
11 22 24 866022 -0.0563736  -0.07219696  0.90211678
11 22 24 919463 -0.09864044 -0.11684799  0.93098068
11 22 24 972187 -0.09746361 -0.05525589  1.06189537
11 22 25 16311 -0.01876831  0.08034134  1.07135582
11 22 25 50446 -0.00271416 -0.02299309  0.93896103
11 22 25 93629 -0.08469009 -0.21397018  0.89080429
11 22 25 143660 -0.1015377  -0.13544655  1.04463196
11 22 25 193794 -0.04395103  0.01331711  1.09379387
11 22 25 244768 -0.0186348  -0.03842354  0.97655678
11 22 25 293933 -0.06720543 -0.10423279  0.88941193
11 22 25 343979 -0.11170387 -0.10811043  0.94319725
11 22 25 397924 -8.77780914e-02 -6.12258911e-04  1.08788109e+00
11 22 25 443976 -0.00512314  0.05258369  1.04742432
11 22 25 496106 -0.03036499 -0.09192085  0.91253281
11 22 25 544531 -0.08396912 -0.17213821  0.92839432
11 22 25 592378 -0.08028793 -0.08402824  1.05759048
11 22 25 643388 -0.03745842 -0.01589394  1.09085846
11 22 25 695789 -0.03456688 -0.07061768  0.97131348
11 22 25 745187 -0.07938576 -0.09585762  0.88994408
11 22 25 792924 -0.10940742 -0.08619308  0.9718895 
11 22 25 844631 -0.07070923 -0.00405502  1.08475304
11 22 25 898411 -0.01644516  0.0305481   1.03767204
11 22 25 942918 -0.04399872 -0.08506203  0.92900658
11 22 25 994584 -0.08003616 -0.15058136  0.95867729
11 22 26 46805 -0.07366371 -0.09878731  1.04275513
11 22 26 96383 -0.05050278 -0.01721382  1.08167839
11 22 26 145839 -0.04390526 -0.05090523  0.95710373
11 22 26 193087 -0.07149887 -0.09175682  0.89606667
11 22 26 243174 -0.10660362 -0.09967232  0.98216629
11 22 26 292343 -0.07559395 -0.03319931  1.07340622
11 22 26 346186 -0.01235771  0.08411407  1.03928757
11 22 26 394029 -0.03152275 -0.02972603  0.93511009
11 22 26 444491 -0.09011269 -0.2105484   0.93359566
11 22 26 494209 -0.09398079 -0.15699959  1.06037521
11 22 26 543430 -0.0424614   0.00711632  1.08063889
11 22 26 595392 -0.0357666  -0.02693176  0.96207047
11 22 26 643889 -0.07873154 -0.09533882  0.89836884
11 22 26 695484 -0.10784721 -0.12271118  0.98639107
11 22 26 744476 -0.0847683  -0.04418945  1.0850296 
11 22 26 791166 -0.0146656   0.08644485  1.05147171
11 22 26 843106 -0.02027702  0.00787354  0.93650436
11 22 26 892591 -0.08713531 -0.21671104  0.92506218
11 22 26 961973 -0.10403252 -0.17955399  1.06392479
11 22 26 993046 -0.03956223  0.0061245   1.0914402 
11 22 27 55184 -0.03356171 -0.00976944  0.96926689
11 22 27 91432 -0.08013725 -0.07857895  0.88233376
11 22 27 157940 -0.10354996 -0.12690163  0.98289871
11 22 27 207932 -0.09041977 -0.0441761   1.09589386
11 22 27 278491 -0.01347733  0.06039047  1.0490303 
11 22 27 322678 -0.02204514 -0.01543236  0.91691971
11 22 27 371430 -0.0863266  -0.1630249   0.92749405
11 22 27 413107 -0.08631134 -0.14873123  1.07837677
11 22 27 466024 -0.04734612 -0.02614212  1.08217621
11 22 27 518090 -0.02950478 -0.01859665  0.96677017
11 22 27 566946 -0.06721687 -0.07263184  0.88765717
11 22 27 593366 -0.10531998 -0.11922836  0.94970131
11 22 27 645074 -0.09010124 -0.06778145  1.09287453
11 22 27 695071 -0.01502991  0.09688187  1.06493378
11 22 27 743874 -0.01679802  0.01061249  0.94136238
11 22 27 798216 -0.08580589 -0.21857834  0.8843441 
11 22 27 843999 -0.1061554  -0.18354607  1.06103706
11 22 27 895640 -0.04188538  0.00919724  1.12042427
11 22 27 945091 -0.01286697 -0.00906754  0.99110222
11 22 27 992179 -0.08193779 -0.08461189  0.86277199
11 22 28 50604 -0.11222267 -0.11908722  0.94218826
11 22 28 92602 -0.09296417 -0.03640366  1.10455322
11 22 28 143817 -0.00556755  0.08243752  1.08949852
11 22 28 194568 -0.01347351 -0.02207375  0.93243027
11 22 28 244981 -0.09414291 -0.20668221  0.87282753
11 22 28 295036 -0.0984478  -0.14262009  1.05999565
11 22 28 342912 -0.03570938  0.00260544  1.11411285
11 22 28 395065 -0.01381683 -0.03761101  0.9848671 
11 22 28 443836 -0.07248497 -0.09519196  0.87064362
11 22 28 496138 -0.12225151 -0.09619904  0.94087982
11 22 28 544844 -8.48636627e-02  6.71386719e-04  1.10553741e+00
11 22 28 592710 0.0041256  0.04595757 1.05533028
11 22 28 643120 -0.03269958 -0.08805466  0.92253304
11 22 28 693181 -0.08874702 -0.17392921  0.92348289
11 22 28 743879 -0.08262253 -0.08055878  1.04656982
11 22 28 793507 -0.03569794 -0.0096302   1.0842514 
11 22 28 844994 -0.03416824 -0.06339073  0.96446419
11 22 28 893930 -0.08252716 -0.08819962  0.90356255
11 22 28 943225 -0.11557579 -0.08215904  0.95699883
11 22 28 995178 -0.06121445  0.01178169  1.07666206
11 22 29 47190 -0.00776482  0.04183197  1.03259659
11 22 29 96415 -0.04112625 -0.10611725  0.93601799
11 22 29 144935 -0.08613586 -0.18618965  0.94802475
11 22 29 191954 -0.07614708 -0.07729912  1.03979301
11 22 29 243383 -0.03807068 -0.00425148  1.07401848
11 22 29 293239 -0.03782654 -0.07144165  0.9414463 
11 22 29 344294 -0.09175301 -0.10195351  0.915205  
11 22 29 395189 -0.1004734  -0.085783    0.99769783
11 22 29 444636 -0.05840302  0.03279877  1.06892586
11 22 29 494101 -0.01106262  0.03389549  1.00171661
11 22 29 543818 -0.05160713 -0.14253807  0.9189949 
11 22 29 595251 -0.10178566 -0.16226196  0.99318314
11 22 29 643806 -0.07613945 -0.05020142  1.06293297
11 22 29 695598 -0.03722954 -0.02075768  1.0344944 
11 22 29 745079 -0.04262352 -0.07769585  0.92580032
11 22 29 792797 -0.08270645 -0.09529114  0.9308815 
11 22 29 843056 -0.09988594 -0.08318329  1.00897408
11 22 29 892330 -0.05700684  0.00434303  1.04933167
11 22 29 943812 -0.0119915   0.05740929  1.00318336
11 22 29 994284 -0.04793739 -0.09976578  0.92439651
11 22 30 59290 -0.09323883 -0.17846489  0.98003387
11 22 30 90961 -0.07164001 -0.09814262  1.0510006 
11 22 30 142014 -0.04776192 -0.00216293  1.04983711
11 22 30 195283 -0.04986572 -0.04432678  0.91961861
11 22 30 244203 -0.07762718 -0.09186363  0.90471458
11 22 30 296159 -0.10475159 -0.10703278  1.01218796
11 22 30 345612 -0.07176971 -0.03806877  1.05364609
11 22 30 393653 -0.03258705 -0.01018333  0.92686081
11 22 30 443330 -0.08998489 -0.22696304  0.94011879
11 22 30 492642  0.12464142  5.8742981  -0.12086105
11 22 30 544568 -0.04247093  0.01069832  1.06429672
11 22 30 595028 -0.04342079 -0.01987457  0.94034767
11 22 30 644869  -0.07608986  -0.08640671 -13.50003433
11 22 30 694525 -0.04017448 -0.12498093  1.02700424
11 22 30 745629 0.02334595 0.21453667 1.02194786
11 22 30 797633  0.10565567 -0.18169022  0.99513435
11 22 30 843784 0.05360794 0.05665016 1.04894829
11 22 30 897488  0.03134727 -0.09204865  0.93534279
11 22 30 950435 -0.00262451 -0.17241669  1.05421448
11 22 30 991547 0.0129509  0.21387672 1.05304909
11 22 31 50493  0.09373474 -0.14397812  0.94265556
11 22 31 92294 0.05560684 0.04028893 1.04487038
11 22 31 143498 0.02698517 0.01274109 0.96143723
11 22 31 193121  0.0399456  -0.23861313  1.10540962
11 22 31 246643 -0.00211906  0.14456749  0.98393822
11 22 31 294339  0.05234528 -0.13453865  0.92571068
11 22 31 344405 0.03465462 0.0013752  1.05428505
11 22 31 395069 0.06521034 0.14871979 0.98412514
11 22 31 443642  0.078619   -0.24273109  1.06213951
11 22 31 495889 0.01377678 0.08525467 0.97548676
11 22 31 544690  0.04486275 -0.11014557  0.88130379
11 22 31 591679 -0.03912354 -0.09633255  1.03813934
11 22 31 643482 0.01054001 0.18203926 1.03772163
11 22 31 692238  0.09820557 -0.23057556  1.00709152
11 22 31 743853 0.0520916  0.06502724 1.01521111
11 22 31 792944  0.02192879 -0.08071136  0.92190933
11 22 31 845434 -0.02688789 -0.14298439  1.04566383
11 22 31 894376 -5.77926636e-04  2.03172684e-01  1.02753448e+00
11 22 31 943124  0.08699989 -0.18041992  0.98296547
