11 22 24 174993 -0.05016494  0.02673507  1.05488491
11 22 24 178233 -0.01684213  0.0082674   0.99246597
11 22 24 244750 -0.05350423 -0.14079905  0.93854356
11 22 24 297820 -0.08306551 -0.17050505  0.99925733
11 22 24 344647 -0.06471062 -0.06295514  1.06019497
11 22 24 392320 -0.03934813 -0.03529811  1.0066309 
11 22 24 443458 -0.05158043 -0.0894475   0.93173051
11 22 24 492349 -0.08267832 -0.10955644  0.95474148
11 22 24 543981 -0.08590078 -0.04809141  1.04328489
11 22 24 616379 -0.04626584  0.01073408  1.04106283
11 22 24 682664 -0.02586389 -0.04497266  0.96728301
11 22 24 725043 -0.05772305 -0.12114     0.95262218
11 22 24 771591 -0.07782364 -0.11292887  1.02175999
11 22 24 814662 -0.05629802 -0.05508471  1.04816961
11 22 24 866022 -0.03712177 -0.05543756  0.98583412
11 22 24 919463 -0.05701017 -0.08287883  0.93952227
11 22 24 972187 -0.08554316 -0.09213138  0.9693265 
11 22 25 16311 -0.07623911 -0.03236079  1.03969908
11 22 25 50446 -0.03511643  0.02568674  1.03194404
11 22 25 93629 -0.0296042  -0.05908895  0.9589901 
11 22 25 143660 -0.06584454 -0.15508819  0.9549675 
11 22 25 193794 -0.0798161  -0.10902905  1.03429627
11 22 25 244768 -0.05139852 -0.0366025   1.05846667
11 22 25 293933 -0.03932571 -0.06092381  0.97991252
11 22 25 343979 -0.06598616 -0.09847736  0.93156219
11 22 25 397924 -0.09149718 -0.08697605  0.98420119
11 22 25 443976 -0.06969213 -0.01204109  1.04806709
11 22 25 496106 -0.02885318 -0.00552201  1.01890445
11 22 25 544531 -0.03767538 -0.09015369  0.95240951
11 22 25 592378 -0.07406831 -0.12447429  0.97360039
11 22 25 643388 -0.0727818  -0.08301306  1.04306507
11 22 25 695789 -0.04326439 -0.05354285  1.04719472
11 22 25 745187 -0.04193449 -0.07367039  0.97693872
11 22 25 792924 -0.07119489 -0.09197092  0.93806362
11 22 25 844631 -0.08807325 -0.07680011  0.99106526
11 22 25 898411 -0.06415343 -0.01545763  1.04754734
11 22 25 942918 -0.03297162 -0.01213098  1.01321006
11 22 25 994584 -0.04829431 -0.08592725  0.9609158 
11 22 26 46805 -0.07448649 -0.12119532  0.98508668
11 22 26 96383 -0.07139659 -0.08285165  1.04050994
11 22 26 145839 -0.05156732 -0.0529356   1.03835917
11 22 26 193087 -0.0479393  -0.06467199  0.97127962
11 22 26 243174 -0.07175064 -0.08505058  0.94245839
11 22 26 292343 -0.08839417 -0.09002686  0.99496675
11 22 26 346186 -0.06829286 -0.02231717  1.04270649
11 22 26 394029 -0.03390718  0.03029394  1.01894164
11 22 26 444491 -0.04016519 -0.06555057  0.96196294
11 22 26 494209 -0.07589817 -0.1622324   0.97904253
11 22 26 543430 -0.07878709 -0.11687922  1.04150939
11 22 26 595392 -0.04897761 -0.03911591  1.04877448
11 22 26 643889 -0.04553461 -0.0563798   0.96562409
11 22 26 695484 -0.06945968 -0.09772205  0.93673754
11 22 26 744476 -0.09154606 -0.10255241  0.99903154
11 22 26 791166 -0.07115889 -0.03063989  1.05341005
11 22 26 843106 -0.03509641  0.03669667  1.02352571
11 22 26 892591 -0.03549004 -0.04708076  0.95718765
11 22 26 961973 -0.07312703 -0.16249967  0.97231531
11 22 26 993046 -0.08011079 -0.12739968  1.04423356
11 22 27 55184 -0.04867506 -0.03866649  1.04813528
11 22 27 91432 -0.04055762 -0.04596305  0.96290088
11 22 27 157940 -0.06559944 -0.08733273  0.93183661
11 22 27 207932 -0.09065986 -0.10014534  1.00051165
11 22 27 278491 -0.0709908  -0.03321791  1.06270051
11 22 27 322678 -0.03526402  0.01392698  1.01966834
11 22 27 371430 -0.03501534 -0.04869533  0.95009613
11 22 27 413107 -0.06855726 -0.13359785  0.98062658
11 22 27 466024 -0.07500839 -0.11534166  1.04676056
11 22 27 518090 -0.05077267 -0.04869294  1.04663372
11 22 27 566946 -0.04199839 -0.0498991   0.96756673
11 22 27 593366 -0.06504965 -0.08144689  0.93371463
11 22 27 645074 -0.09099174 -0.10204029  0.99139237
11 22 27 695071 -0.07796288 -0.03892493  1.05974698
11 22 27 743874 -0.02834105  0.04052591  1.03309917
11 22 27 798216 -0.02874851 -0.043015    0.95384407
11 22 27 843999 -0.07142282 -0.16426945  0.95521235
11 22 27 895640 -0.08425903 -0.13093424  1.04556465
11 22 27 945091 -0.0507071  -0.03900886  1.06871963
11 22 27 992179 -0.04099989 -0.04997516  0.97785497
11 22 28 50604 -0.06603169 -0.09165716  0.9229939 
11 22 28 92602 -0.08934689 -0.09779906  0.98728967
11 22 28 143817 -0.07683349 -0.02690434  1.07157826
11 22 28 194568 -0.02822018  0.02082968  1.04416561
11 22 28 244981 -0.03104496 -0.06227136  0.95092607
11 22 28 295036 -0.07385659 -0.15179348  0.94971395
11 22 28 342912 -0.07523108 -0.10766125  1.04185224
11 22 28 395065 -0.04708314 -0.04134941  1.06331587
11 22 28 443836 -0.03785133 -0.06433034  0.98326111
11 22 28 496138 -0.06754112 -0.09535885  0.92156649
11 22 28 544844 -0.09492612 -0.08019137  0.98397589
11 22 28 592710 -0.06870699 -0.01118374  1.05849147
11 22 28 643120 -0.02735615 -0.00576758  1.03031421
11 22 28 693181 -0.03963804 -0.08848906  0.95858026
11 22 28 743879 -0.0755558  -0.12392354  0.97299314
11 22 28 793507 -0.07681727 -0.07857513  1.03784919
11 22 28 844994 -0.04789352 -0.04760242  1.04748559
11 22 28 893930 -0.04148936 -0.06902242  0.97873974
11 22 28 943225 -0.07184052 -0.09196258  0.94362783
11 22 28 995178 -0.09232545 -0.06889486  0.99273014
11 22 29 47190 -0.05978513 -0.00128317  1.0450213 
11 22 29 96415 -0.02939677 -0.00610709  1.01446366
11 22 29 144935 -0.04444528 -0.10371852  0.96257877
11 22 29 191954 -0.07146049 -0.13294816  0.98522162
11 22 29 243383 -0.0673418  -0.07469797  1.03656793
11 22 29 293239 -0.04281354 -0.04570246  1.02825189
11 22 29 344294 -0.04585862 -0.07531428  0.96706152
11 22 29 395189 -0.07616472 -0.10110736  0.94693565
11 22 29 444636 -0.0918808  -0.06936741  1.00244427
11 22 29 494101 -0.0567379   0.00597     1.03559589
11 22 29 543818 -0.03323841 -0.02299237  0.9929049 
11 22 29 595251 -0.0548861  -0.11764503  0.955796  
11 22 29 643806 -0.07395029 -0.12386656  1.00476456
11 22 29 695598 -0.06525588 -0.06383681  1.04384041
11 22 29 745079 -0.04579568 -0.05625176  1.00925374
11 22 29 792797 -0.05161762 -0.07507515  0.95487475
11 22 29 843056 -0.07501745 -0.08993983  0.9580307 
11 22 29 892330 -0.08910227 -0.07545018  1.00682735
11 22 29 943812 -0.05736279 -0.00637317  1.02686143
11 22 29 994284 -0.03069377 -0.00137377  0.99555469
11 22 30 59290 -0.04806089 -0.09521985  0.95947957
11 22 30 90961 -0.07622051 -0.1419847   0.99687958
11 22 30 142014 -0.07013464 -0.08764863  1.04089022
11 22 30 195283 -0.04815197 -0.04941988  1.01496029
11 22 30 244203 -0.04869127 -0.06254911  0.95037985
11 22 30 296159 -0.07278657 -0.08843732  0.94572616
11 22 30 345612 -0.09148455 -0.09538293  1.00489235
11 22 30 393653 -0.03124547 -1.73421574 -0.90232158
11 22 30 443330 -0.03832126 -0.05802083  0.95183945
11 22 30 492642  0.01532364  1.34306979 -0.65243483
11 22 30 544568 -0.07732224 -0.12493896  0.20718789
11 22 30 595028 -0.05058169 -0.03827715  1.03242111
11 22 30 644869 5.71727753e-04 3.90746593e-02 1.26361847e-05
11 22 30 694525  0.04545021 -0.10213733  1.00759959
11 22 30 745629  0.03030038 -0.0264852   1.0241375 
11 22 30 797633  0.04591703 -0.00444269  0.97216702
11 22 30 843784  0.03524303 -0.08622742  1.02284217
11 22 30 897488 0.025244   0.03003097 1.00648069
11 22 30 950435  0.04817772 -0.0835588   0.99247599
11 22 30 991547  0.03380013 -0.03916669  1.01657557
11 22 31 50493 0.03658175 0.00819993 0.98131418
11 22 31 92294  0.03754878 -0.09810305  1.01507163
11 22 31 143498 0.03213596 0.02423406 1.0125711 
11 22 31 193121  0.05239582 -0.05835938  0.98857188
11 22 31 246643  0.03788161 -0.06178498  1.02642727
11 22 31 294339 0.03172398 0.01913095 0.99248052
11 22 31 344405  0.03588796 -0.09384084  1.00846648
11 22 31 395069 0.03194761 0.02699661 1.01782799
11 22 31 443642  0.05325603 -0.02147603  0.97987127
11 22 31 495889  0.03816223 -0.08636713  1.03065109
11 22 31 544690 0.02683258 0.02549887 0.99779654
11 22 31 591679  0.04703164 -0.09247756  0.99452472
11 22 31 643482  0.02879024 -0.01887941  1.01541781
11 22 31 692238  0.0440855  -0.0230515   0.97557235
11 22 31 743853  0.03740025 -0.09828091  1.02561545
11 22 31 792944 0.02168298 0.0232935  1.00671124
11 22 31 845434  0.04529929 -0.08658195  0.98970771
11 22 31 894376  0.03033352 -0.03072071  1.01473737
11 22 31 943124  0.02736592 -0.00802779  0.9836309 
11 22 31 994883  0.02279305 -0.11184835  1.02639771
