10 20 8 650108 960
10 20 8 653451 -132253 26010
10 20 8 656288 -132253 26060
10 20 8 658778 -132253 26110
10 20 8 660850 -132253 26160
10 20 8 662915 -132253 26210
10 20 8 665493 -132253 26260
10 20 8 667705 -132253 26310
10 20 8 670098 -132253 26360
10 20 8 672548 0 1999
10 20 8 674567 0 2049
10 20 8 676609 0 2099
10 20 8 678744 0 2149
10 20 8 680828 20000
10 20 8 682705 0 3149
10 20 8 684649 12 3200
10 20 8 686515 168 3250
10 20 8 688422 748 3300
10 20 8 690301 1451 3350
10 20 8 692241 1825 3400
10 20 8 694461 2250 3450
10 20 8 696551 2855 3500
10 20 8 698809 3367 3550
10 20 8 701509 3780 3600
10 20 8 703531 4287 3650
10 20 8 705737 4851 3700
10 20 8 708265 5348 3750
10 20 8 710455 5822 3800
10 20 8 712923 6356 3850
10 20 8 715026 6865 3900
10 20 8 717197 7325 3950
10 20 8 720049 7836 4000
10 20 8 722404 8381 4050
10 20 8 724790 8858 4100
10 20 8 726953 9317 4150
10 20 8 729171 9845 4200
10 20 8 731326 10365 4250
10 20 8 733702 10859 4300
10 20 8 735649 11370 4350
10 20 8 737583 11877 4400
10 20 8 740170 12385 4450
10 20 8 742189 12883 4500
10 20 8 744189 13312 4550
10 20 8 746175 13714 4600
10 20 8 748615 14133 4651
10 20 8 751497 14517 4701
10 20 8 753598 14842 4751
10 20 8 756111 15152 4801
10 20 8 758212 15477 4851
10 20 8 760334 15775 4901
10 20 8 762690 16010 4951
10 20 8 765050 16226 5001
10 20 8 766984 16468 5051
10 20 8 769012 16715 5101
10 20 8 791248 16906 5151
10 20 8 800923 17060 5201
10 20 8 810021 17223 5251
10 20 8 812459 17420 5301
10 20 8 814402 17615 5351
10 20 8 832410 17730 5401
10 20 8 855301 17751 5451
10 20 8 858160 17758 5501
10 20 8 879424 17831 5551
10 20 8 903311 18093 5601
10 20 8 905561 18367 5651
10 20 8 927675 18376 5701
10 20 8 952675 18359 5751
10 20 8 955471 18359 5801
10 20 8 975653 18364 5851
10 20 8 998977 18381 5901
10 20 9 1197 18393 5951
10 20 9 27321 18429 6001
10 20 9 47057 18608 6051
10 20 9 49461 18891 6102
10 20 9 71840 18963 6152
10 20 9 94997 18921 6202
10 20 9 97372 18947 6252
10 20 9 119367 18960 6302
10 20 9 143146 18983 6352
10 20 9 145985 19021 6402
10 20 9 167293 19140 6452
10 20 9 190698 19292 6502
10 20 9 193140 19410 6552
10 20 9 215294 19406 6602
10 20 9 238667 19388 6652
10 20 9 240994 19373 6702
10 20 9 263587 19372 6752
10 20 9 287078 19369 6802
10 20 9 289520 19373 6852
10 20 9 311368 19385 6902
10 20 9 334581 19397 6952
10 20 9 337057 19408 7002
10 20 9 368803 19416 7052
10 20 9 382428 19429 7102
10 20 9 384649 19500 7152
10 20 9 407384 10 20 9 503388 10 20 9 505635 10 20 9 507837 10 20 9 510090 10 20 9 512217 10 20 9 514262 10 20 9 527999 10 20 9 530610 10 20 9 551381 10 20 9 577398 10 20 9 579863 10 20 9 599476 10 20 9 623109 10 20 9 625189 10 20 9 647798 10 20 9 671109 10 20 9 673503 10 20 9 695978 -20000
10 20 9 719130 20256 8152
10 20 9 721416 10 20 9 743735 20223 8202
10 20 9 745625 10 20 9 767335 10 20 9 791202 20075 8252
10 20 9 793464 10 20 9 815340 10 20 9 839195 19618 8302
10 20 9 841493 10 20 9 863386 10 20 9 886832 18922 8352
10 20 9 889051 10 20 9 911471 10 20 9 934684 18459 8402
10 20 9 937086 10 20 9 959267 10 20 9 982636 18050 8452
10 20 9 984612 10 20 10 8268 10 20 10 40473 17490 8502
10 20 10 50222 10 20 10 54677 10 20 10 78483 10 20 10 80659 16977 8552
10 20 10 103059 10 20 10 126582 10 20 10 129206 16529 8602
10 20 10 157368 10 20 10 174509 10 20 10 176897 10 20 10 199239 16020 8652
10 20 10 295721 15470 8702
10 20 10 298180 14970 8752
10 20 10 300402 10 20 10 302672 10 20 10 304651 10 20 10 306495 10 20 10 319081 10 20 10 320770 10 20 10 344301 14478 8802
10 20 10 346436 10 20 10 367317 10 20 10 391826 13977 8852
10 20 10 393645 10 20 10 415656 10 20 10 438939 13460 8902
10 20 10 441880 10 20 10 463282 10 20 10 486965 12970 8952
10 20 10 489164 10 20 10 511570 10 20 10 535493 12470 9003
10 20 10 538089 10 20 10 559010 10 20 10 587613 11943 9053
10 20 10 598602 10 20 10 607155 10 20 10 630688 11445 9103
10 20 10 632860 10 20 10 655016 10 20 10 678430 10 20 10 680729 10 20 10 702600 10947 9153
10 20 10 704760 10 20 10 736695 10409 9203
10 20 10 799390 9891 9253
10 20 10 801386 10 20 10 803221 10 20 10 833136 9410 9303
10 20 10 835726 10 20 10 889223 8888 9353
10 20 10 896613 10 20 10 940368 8364 9403
10 20 10 950043 10 20 10 976519 10 20 10 978802 10 20 11 24624 7887 9453
10 20 11 27180 10 20 11 72293 7392 9503
10 20 11 88257 6858 9553
10 20 11 120845 10 20 11 136251 6356 9603
10 20 11 184196 5855 9653
10 20 11 186237 10 20 11 232336 5339 9703
10 20 11 234347 10 20 11 280219 4814 9753
10 20 11 282280 10 20 11 328026 10 20 11 330276 4306 9803
10 20 11 376456 10 20 11 378545 3806 985310 20 11 423749 
10 20 11 425630 10 20 11 479878 3299 9903
10 20 11 493140 2779 9953
10 20 11 535633 2282 10003
10 20 11 537510 10 20 11 584299 1788 10053
10 20 11 587002 10 20 11 633037 1260 10103
10 20 11 635243 10 20 11 679369 710 20 11 681552 31 10153
10 20 11 727659 2410 20 11 730003 10 20 11 783298 0 10203
10 20 11 797863 -262 10253
10 20 11 831637 -774 10303
10 20 11 840931 10 20 11 881556 -1287 10353
10 20 11 889285 10 20 11 943220 -1780 10403
10 20 11 950295 10 20 11 983297 -2287 10454
10 20 11 985172 10 20 12 31105 -2814 10504
10 20 12 32972 10 20 12 79429 -3319 10554
10 20 12 81851 10 20 12 126736 10 20 12 128902 -3822 110 20 12 175367 0604
10 20 12 177825 10 20 12 223049 -4338 10654
10 20 12 225063 10 20 12 286794 -4858 10704
10 20 12 289182 -5362 10754
10 20 12 335616 -5872 10804
10 20 12 337214 10 20 12 382757 -6387 10854
10 20 12 384268 10 20 12 430729 -6896 10904
10 20 12 432938 10 20 12 479086 10 20 12 482058 -7398 10954
10 20 12 527000 10 20 12 529552 -7919 11004
10 20 12 574588 10 20 12 576803 10 20 12 629650 -8429 11054
10 20 12 638309 -8938 11104
10 20 12 670094 10 20 12 686595 -9442 11154
10 20 12 734430 -9957 11204
10 20 12 736517 10 20 12 782291 -10466 11254
10 20 12 784226 10 20 12 830408 -10942 11304
10 20 12 832762 10 20 12 878527 -11436 11354
10 20 12 880862 10 20 12 926214 -11910 20 12 928387 10 20 12 973960 67 11404
10 20 12 990239 -12469 11454
10 20 13 21621 10 20 13 37942 -12943 11504
10 20 13 69374 10 20 13 85866 -13387 11554
10 20 13 132904 -13799 11604
10 20 13 134687 10 20 13 181828 -14187 11654
10 20 13 184081 10 20 13 229507 -14552 11704
10 20 13 232342 10 20 13 277514 10 20 13 280182 -14882 11754
10 20 13 325071 10 20 13 327366 10 20 13 373288 -15208 11804
10 20 13 389062 -15518 11854
10 20 13 420620 10 20 13 422606 10 20 13 484899 -15783 11904
10 20 13 487262 -16022 11954
10 20 13 533161 -16263 12004
10 20 13 535895 10 20 13 581281 -16505 12054
10 20 13 584179 10 20 13 629013 -16729 1210410 20 13 631305 
10 20 13 676569 -10 20 13 679177 10 20 13 724184 16906 12154
10 20 13 727093 -10 20 13 772156 17061 12204
10 20 13 788035 -17242 12254
10 20 13 836047 -17460 12304
10 20 13 838136 10 20 13 883843 -17656 12354
10 20 13 885926 10 20 13 931762 -17745 12404
10 20 13 933760 10 20 13 979537 -17761 12454
10 20 13 981550 10 20 14 26976 10 20 14 29565 -17775 12504
10 20 14 82806 -17847 12554
10 20 14 92780 10 20 14 134155 -18075 12604
10 20 14 143064 10 20 14 187221 -18361 12654
10 20 14 189241 10 20 14 234995 -18420 12704
10 20 14 237857 10 20 14 283148 -18416 12754
10 20 14 285518 10 20 14 331023 -18446 12804
10 20 14 333068 10 20 14 379035 -18597 12854
10 20 14 381483 10 20 14 426711 -18764 12910 20 14 428816 10 20 14 474722 04
10 20 14 476848 10 20 14 538308 -18904 12954
10 20 14 540480 -18922 13004
10 20 14 586786 -18920 13054
10 20 14 589012 10 20 14 634234 -18918 13104
10 20 14 638180 10 20 14 682608 -18918 13154
10 20 14 684797 10 20 14 730167 -18918 13204
10 20 14 732052 10 20 14 789068 -18918 13254
10 20 14 796431 10 20 14 834665 -18922 13304
10 20 14 844453 10 20 14 883159 -18934 13355
10 20 14 890757 10 20 14 930992 -18966 13405
10 20 14 945647 10 20 14 970059 10 20 14 985878 -19060 13455
10 20 15 34157 -19229 13505
10 20 15 36349 10 20 15 93385 -19412 13555
10 20 15 100843 10 20 15 140158 -19434 13605
10 20 15 147578 10 20 15 177675 -1941910 20 15 179679  13655
10 20 15 225441 10 20 15 227429 10 20 15 289472 -19388 13705
10 20 15 291609 -19388 13755
10 20 15 321460 10 20 15 324355 10 20 15 385520 -19397 13805
10 20 15 387522 -19412 13855
10 20 15 433280 -19426 13905
10 20 15 435883 10 20 15 481364 -19433 13955
10 20 15 483409 10 20 15 530973 -19439 14005
10 20 15 532783 10 20 15 577315 -19443 14055
10 20 15 580227 10 20 15 625202 10 20 15 627486 -19449 1410510 20 15 672971 
10 20 15 675125 -10 20 15 736740 19467 14155
10 20 15 738652 -19540 14205
10 20 15 785072 -19620 14255
10 20 15 787589 10 20 15 833620 -19684 14305
10 20 15 836364 10 20 15 882633 -19740 14355
10 20 15 884445 10 20 15 928662 -19750 14405
10 20 15 930592 10 20 15 979267 -19750 14455
10 20 15 981452 10 20 16 24442 10 20 16 26477 10 20 16 79799 -19750 14505
10 20 16 88496 -19750 14555
10 20 16 142673 -19750 14605
10 20 16 152848 10 20 16 184481 -19750 14655
10 20 16 187088 10 20 16 232119 -19750 14705
10 20 16 234269 10 20 16 280353 -19750 14755
10 20 16 282504 10 20 16 328453 -19749 14806
10 20 16 330658 10 20 16 375838 -19749 110 20 16 377989 10 20 16 424062 4856
10 20 16 426431 10 20 16 494067 -19749 14906
10 20 16 502416 -19749 14956
10 20 16 531379 -19749 15006
10 20 16 543761 10 20 16 583662 -19749 15056
10 20 16 585784 10 20 16 631817 -19749 15106
10 20 16 634600 10 20 16 679982 -19749 15156
10 20 16 683016 10 20 16 734302 -19749 15206
10 20 16 744555 10 20 16 784837 -19749 15256
10 20 16 793924 10 20 16 838626 -19749 15306
10 20 16 840794 10 20 16 870894 10 20 16 886784 -19749 15356
10 20 16 941825 -19749 15406
10 20 16 949575 10 20 16 982669 -19749 15456
10 20 16 985309 10 20 17 30558 -19749 15506
10 20 17 32923 10 20 17 78093 -19749 15556
10 20 17 79953 10 20 17 126298 -197410 20 17 128735 9 15606
10 20 17 173652 10 20 17 189987 -19749 15656
10 20 17 221810 10 20 17 238431 -19749 15706
10 20 17 285150 -19749 15756
10 20 17 287082 10 20 17 334000 -19749 15806
10 20 17 336083 10 20 17 382233 -19749 15856
10 20 17 384474 10 20 17 429292 -19749 15906
10 20 17 431365 10 20 17 477415 -19749 15956
10 20 17 479352 10 20 17 525394 10 20 17 559750 -19750 16006
10 20 17 573229 10 20 17 589186 -19751 16056
10 20 17 621276 10 20 17 623586 10 20 17 685191 -19753 16106
10 20 17 687505 -19757 16156
10 20 17 732427 -19762 16206
10 20 17 734236 10 20 17 780524 -19766 16256
10 20 17 782569 10 20 17 829079 -19782 16306
10 20 17 831188 10 20 17 876726 -19783 16356
10 20 17 878723 10 20 17 924740 -1910 20 17 926894 10 20 17 972863 784 16406
10 20 17 974870 10 20 18 36292 -19785 16456
10 20 18 37806 -19786 16506
10 20 18 84327 -19795 16556
10 20 18 86445 10 20 18 132456 -19892 16606
10 20 18 134534 10 20 18 180203 -20028 16656
10 20 18 182193 10 20 18 228596 -20149 16706
10 20 18 230819 10 20 18 276042 -20162 16756
10 20 18 292407 10 20 18 324092 10 20 18 326632 -20132 16806
10 20 18 387899 -20107 16856
10 20 18 390041 10 20 18 435659 -20107 16906
10 20 18 437966 10 20 18 483705 -20107 16956
10 20 18 485798 10 20 18 532701 -20106 17006
10 20 18 534877 10 20 18 579598 -20102 17056
10 20 18 581502 10 20 18 628069 -20093 17106
10 20 18 630070 10 20 18 675420 -20079 171510 20 18 677268 6
10 20 18 723786 -10 20 18 739615 20069 17206
10 20 18 787368 -20069 17256
10 20 18 789522 10 20 18 835435 -20073 17306
10 20 18 837521 10 20 18 883264 -20092 17356
10 20 18 886108 10 20 18 931266 -20092 17406
10 20 18 933326 10 20 18 980281 -20092 17456
10 20 18 982289 10 20 19 27646 -20092 17506
10 20 19 29939 10 20 19 75423 -20092 17556
10 20 19 77440 10 20 19 123556 -20091 17606
10 20 19 138494 10 20 19 170934 10 20 19 193273 -20089 17656
10 20 19 235515 -20088 17707
10 20 19 237528 10 20 19 282934 -20088 17757
10 20 19 285097 10 20 19 330670 -20088 17807
10 20 19 332914 10 20 19 378760 -20086 17857
10 20 19 380764 10 20 19 428675 -20084 17907
10 20 19 430704 10 20 19 474265 10 20 19 476247 -20080 17957
10 20 19 522782 10 20 19 525557 -20063 18007
10 20 19 594477 -20059 18057
10 20 19 602303 10 20 19 642334 -20059 18107
10 20 19 651248 10 20 19 688855 -20058 18157
10 20 19 696026 10 20 19 730096 -20056 18207
10 20 19 732472 10 20 19 778667 -20054 18257
10 20 19 781880 10 20 19 826329 -20053 18307
10 20 19 828487 10 20 19 873923 -20050 18357
10 20 19 876201 10 20 19 937332 -20046 18407
10 20 19 939384 10 20 19 985163 -20043 18457
10 20 19 987844 10 20 20 32944 -20041 18507
10 20 20 35058 10 20 20 81264 -20039 18557
10 20 20 83400 10 20 20 128822 -20038 18607
10 20 20 130621 10 20 20 177132 -20036 18657
10 20 20 179199 10 20 20 224633 10 20 20 226624 -20035 18707
10 20 20 273117 10 20 20 288669 -20034 18757
10 20 20 336750 -20033 18807
10 20 20 338975 10 20 20 384513 -20031 18857
10 20 20 386394 10 20 20 443847 -20030 18907
10 20 20 451318 10 20 20 483166 -20028 18957
10 20 20 485047 10 20 20 528236 -20025 19007
10 20 20 530361 10 20 20 576001 -20023 19057
10 20 20 577910 10 20 20 623979 -20020 19110 20 20 626552 07
10 20 20 687542 -20020 19158
10 20 20 689761 10 20 20 719601 10 20 20 735550 -20020 19208
10 20 20 783590 -20020 19258
10 20 20 785799 10 20 20 840870 -20020 19308
10 20 20 885812 -20020 19358
10 20 20 896927 10 20 20 906545 10 20 20 928012 -20020 19408
10 20 20 931737 10 20 20 975556 -20020 19458
10 20 20 977780 10 20 21 22995 10 20 21 38915 -20020 19508
10 20 21 70817 10 20 21 86991 -20020 19558
10 20 21 135548 -20022 19608
10 20 21 138175 10 20 21 182772 -20022 19658
10 20 21 184856 10 20 21 232200 -20022 19708
10 20 21 234075 10 20 21 278838 -20023 19758
10 20 21 294571 10 20 21 326817 -20025 19808
10 20 21 329664 10 20 21 374354 -20027 10 20 21 390532 19858
10 20 21 422290 10 20 21 424210 10 20 21 470436 -20027 19908
10 20 21 486370 -20028 19958
10 20 21 534734 -20028 20008
10 20 21 536814 10 20 21 582470 -20028 20058
10 20 21 584662 10 20 21 630183 -20028 20108
10 20 21 632122 10 20 21 678218 -20028 20158
10 20 21 680519 10 20 21 725787 -20028 20208
10 20 21 727929 10 20 21 774048 -20028 20258
10 20 21 790032 10 20 21 821807 10 20 21 837509 -20028 20308
10 20 21 885750 -20028 20358
10 20 21 887677 10 20 21 933916 -20028 20408
10 20 21 936193 10 20 21 982321 -20028 20458
10 20 21 985168 10 20 22 29986 -20028 20508
10 20 22 32234 10 20 22 77739 -20028 20558
10 20 22 79875 10 20 22 125641 -20028 20608
10 20 22 128601 10 20 22 173549 -200210 20 22 175819 8 20658
10 20 22 237146 -20028 20708
10 20 22 239360 10 20 22 285315 -20028 20758
10 20 22 287202 10 20 22 333498 -20028 20808
10 20 22 335645 10 20 22 381552 -20028 20858
10 20 22 383394 10 20 22 436277 -20028 20908
10 20 22 443409 10 20 22 486393 -20027 20958
10 20 22 498477 10 20 22 526047 -20027 21008
10 20 22 528819 10 20 22 573041 -20027 21058
10 20 22 597109 10 20 22 627716 -20026 21108
10 20 22 644987 10 20 22 677941 -20026 21158
10 20 22 694747 10 20 22 744488 -20026 21208
10 20 22 753078 10 20 22 781023 -20025 21258
10 20 22 783268 10 20 22 828982 -20025 21308
10 20 22 831432 10 20 22 876899 -20024 21358
10 20 22 879330 10 20 22 924190 -20024 21408
10 20 22 940341 10 20 22 972613 10 20 22 988212 -20022 21458
10 20 23 20273 10 20 23 36260 -20022 21508
10 20 23 84887 -20022 21558
10 20 23 87318 10 20 23 132659 -20021 21608
10 20 23 135059 10 20 23 180385 -20021 21658
10 20 23 182713 10 20 23 227886 -20021 21708
10 20 23 229812 10 20 23 275773 -20020 21758
10 20 23 277812 10 20 23 323630 -20020 21808
10 20 23 325717 10 20 23 371833 -20020 21858
10 20 23 387157 10 20 23 435515 -20020 21908
10 20 23 438049 10 20 23 483713 -20020 21958
10 20 23 486262 10 20 23 531585 -20020 22008
10 20 23 533752 10 20 23 579300 -20020 22059
10 20 23 581441 10 20 23 626851 -20020 22109
10 20 23 629632 10 20 23 674651 -20019 22159
10 20 23 676861 10 20 23 722962 -20019 22209
10 20 23 725115 10 20 23 786610 -20019 22259
10 20 23 788699 10 20 23 834392 -20019 22309
10 20 23 836576 10 20 23 882134 -20019 22359
10 20 23 883986 10 20 23 930142 -20019 22409
10 20 23 932290 10 20 23 978053 -20019 22459
10 20 23 980252 10 20 24 25934 -20019 22509
10 20 24 28003 10 20 24 73403 -20018 22559
10 20 24 76061 10 20 24 137552 -20018 22609
10 20 24 139812 10 20 24 185376 -20018 22659
10 20 24 187233 10 20 24 233178 -20018 22709
10 20 24 235227 10 20 24 282095 -20018 22759
10 20 24 284721 10 20 24 337981 -20018 22809
10 20 24 347111 10 20 24 380089 -20017 22859
10 20 24 381947 10 20 24 425294 -20017 22909
10 20 24 427399 10 20 24 473085 -20017 22959
10 20 24 475191 10 20 24 543116 -20017 23009
10 20 24 551169 10 20 24 593536 -20017 23059
10 20 24 602214 10 20 24 633247 -20016 23109
10 20 24 635677 10 20 24 680758 -20016 23159
10 20 24 682646 10 20 24 728933 -20016 23209
10 20 24 731139 10 20 24 776612 -20016 23259
10 20 24 778653 10 20 24 824934 -20016 23309
10 20 24 826991 10 20 24 872959 -20015 2335910 20 24 888361 
10 20 24 920688 -10 20 24 937010 20015 23409
10 20 24 984302 -20015 23459
10 20 24 986145 10 20 25 32681 -20015 23510
10 20 25 34976 10 20 25 80390 -20015 23560
10 20 25 82407 10 20 25 128082 -20014 23610
10 20 25 129991 10 20 25 186431 -20014 23660
10 20 25 193787 10 20 25 234993 -20014 23710
10 20 25 248347 10 20 25 298302 -20014 23760
10 20 25 309633 10 20 25 336280 -20013 23810
10 20 25 338497 10 20 25 395728 -20013 23860
10 20 25 404851 10 20 25 445054 -20013 23910
10 20 25 457584 10 20 25 480299 -20013 23960
10 20 25 482470 10 20 25 528050 -20012 24010
10 20 25 530290 10 20 25 575745 -20012 24060
10 20 25 577838 10 20 25 623439 -20012 24110
10 20 25 626018 10 20 25 671265 10 20 25 673183 -20012 24160
10 20 25 735412 -20011 24210
10 20 25 737538 10 20 25 792510 -20011 24260
10 20 25 800166 10 20 25 838404 -20011 24310
10 20 25 849396 10 20 25 879751 -20010 24360
10 20 25 882111 10 20 25 928934 -20010 24410
10 20 25 931146 10 20 25 975100 -20010 24460
10 20 25 977084 10 20 26 23570 -20009 24510
10 20 26 25887 10 20 26 86887 -20009 24560
10 20 26 89125 10 20 26 134488 -20008 24610
10 20 26 136356 10 20 26 183081 -20008 24660
10 20 26 185085 10 20 26 230734 -20007 24710
10 20 26 232761 10 20 26 278984 -20007 24760
10 20 26 281043 10 20 26 335804 -20006 24810
10 20 26 343120 10 20 26 375050 -20005 24860
10 20 26 377172 10 20 26 422515 -20004 24910
10 20 26 438047 10 20 26 485781 -20003 24960
10 20 26 487682 10 20 26 533769 -20001 25010
10 20 26 535965 10 20 26 581798 -19999 25060
10 20 26 583654 10 20 26 630082 -19996 25110
10 20 26 632276 10 20 26 677833 -19995 25160
10 20 26 679938 10 20 26 725301 -19993 25210
10 20 26 727480 10 20 26 789498 -19992 25260
10 20 26 791546 10 20 26 822330 -19991 25310
10 20 26 837437 10 20 26 869798 -19990 2536010 20 26 885095 
10 20 26 933104 -19990 25410
10 20 26 934949 10 20 26 981489 -19989 25460
10 20 26 983640 10 20 27 29138 -19989 25510
10 20 27 31383 10 20 27 76959 -19989 25560
10 20 27 79873 10 20 27 125554 -19988 25610
10 20 27 140180 10 20 27 172428 -19988 25660
10 20 27 188128 10 20 27 220854 -19988 25710
10 20 27 236077 10 20 27 284158 -19988 25760
10 20 27 285993 10 20 27 332351 -19988 25810
10 20 27 334458 10 20 27 380028 -19988 25860
10 20 27 382223 10 20 27 428247 -19988 25910
10 20 27 431363 10 20 27 475897 -19988 25960
10 20 27 478334 10 20 27 523617 -19988 26010
10 20 27 525547 10 20 27 571556 -19987 26060
10 20 27 587421 10 20 27 645892 -19987 26110
10 20 27 654038 10 20 27 692607 -19987 26160
10 20 27 708399 10 20 27 741330 -19987 26210
10 20 27 750108 10 20 27 787578 -19987 26260
10 20 27 798719 10 20 27 827946 -19987 26310
10 20 27 830375 10 20 27 874925 -19987 26360
10 20 27 877160 10 20 27 923127 -19987 26411
10 20 27 925127 10 20 27 986943 -19987 26461
10 20 27 988932 10 20 28 35368 -19987 26511
10 20 28 38055 10 20 28 83695 -19987 26561
10 20 28 86505 10 20 28 130909 -19987 26611
10 20 28 132844 10 20 28 179725 -19987 26661
10 20 28 182287 10 20 28 233740 -19987 26711
10 20 28 254187 10 20 28 274413 -19987 26761
10 20 28 290290 10 20 28 338368 -19987 26811
10 20 28 340453 10 20 28 386549 -19987 26861
10 20 28 389386 10 20 28 434348 -19987 26911
10 20 28 436488 10 20 28 482296 -19987 26961
10 20 28 484154 10 20 28 530371 -19987 27011
10 20 28 532452 10 20 28 579448 -19987 27061
10 20 28 581875 10 20 28 626371 -19987 27111
10 20 28 628635 10 20 28 674171 -19987 27161
10 20 28 676878 10 20 28 722009 -19987 27211
10 20 28 737814 10 20 28 785813 -19987 27261
10 20 28 787815 10 20 28 833775 -19987 27311
10 20 28 835713 10 20 28 881965 -19987 27361
10 20 28 884067 10 20 28 929578 -19987 27411
10 20 28 931605 10 20 28 977944 -19987 27461
10 20 28 979989 10 20 29 35087 -19987 27511
10 20 29 43165 10 20 29 74159 -19987 27561
10 20 29 89199 10 20 29 121529 -19987 27611
10 20 29 137008 10 20 29 185495 -19987 27661
10 20 29 188024 10 20 29 233349 -19987 27711
10 20 29 235896 10 20 29 280900 -19987 27761
10 20 29 282972 10 20 29 329410 -19987 27811
10 20 29 331655 10 20 29 377342 -19987 27862
10 20 29 379630 10 20 29 424989 -19987 27912
10 20 29 426911 10 20 29 473013 -19987 27962
10 20 29 475097 10 20 29 536487 -19987 28012
10 20 29 538485 10 20 29 585313 -19987 28062
10 20 29 587469 10 20 29 632831 -19987 28112
10 20 29 635079 10 20 29 680531 -19987 28162
10 20 29 682809 10 20 29 728655 -19987 28212
10 20 29 730634 10 20 29 776360 -19987 28262
10 20 29 791908 10 20 29 833649 -19987 28312
10 20 29 846115 10 20 29 879802 -19987 28362
10 20 29 888494 10 20 29 935867 -19987 28412
10 20 29 938228 10 20 29 983890 -19987 28462
10 20 29 985791 10 20 30 31629 -19987 28512
10 20 30 33476 10 20 30 79552 -19987 28562
10 20 30 81492 10 20 30 127299 -19987 28612
10 20 30 129217 10 20 30 175712 -19987 28662
10 20 30 178057 10 20 30 224022 -19987 28712
10 20 30 226050 10 20 30 286895 -19987 28762
10 20 30 289163 10 20 30 334721 -19987 28812
10 20 30 336863 10 20 30 383260 -19987 28862
10 20 30 385548 10 20 30 430692 -19987 28912
10 20 30 432894 10 20 30 478875 -19987 28962
10 20 30 480995 10 20 30 527028 -19987 29012
10 20 30 529866 10 20 30 582333 -19987 29062
10 20 30 590541 10 20 30 631678 -19987 29112
10 20 30 649421 10 20 30 696836 -19987 29162
10 20 30 706043 10 20 30 744691 -19987 29212
10 20 30 757449 10 20 30 788956 -19987 29262
10 20 30 801753 10 20 30 830789 -19987 29312
10 20 30 833447 10 20 30 877505 -19987 29362
10 20 30 879556 10 20 30 933829 -19987 29412
10 20 30 941486 10 20 30 974843 -19987 29462
10 20 30 989466 10 20 31 21786 -19987 29512
10 20 31 36641 10 20 31 69552 -19987 29562
10 20 31 85316 10 20 31 133154 -19987 29612
10 20 31 135088 10 20 31 181239 -19987 29662
10 20 31 183121 10 20 31 238796 -19987 29712
10 20 31 245980 10 20 31 287212 -19987 29762
10 20 31 300116 10 20 31 335352 -19987 29812
10 20 31 345157 10 20 31 385173 -19987 29862
10 20 31 397008 10 20 31 431507 -19987 29912
10 20 31 440659 10 20 31 484907 -19987 29962
10 20 31 487072 10 20 31 532631 -19987 30012
10 20 31 534933 10 20 31 581021 -19987 30062
10 20 31 583772 10 20 31 628906 -19987 30112
10 20 31 630986 10 20 31 676701 -19987 30162
10 20 31 678815 10 20 31 724466 -19987 30212
10 20 31 726300 10 20 31 772661 -19987 30262
10 20 31 788375 10 20 31 836318 -19987 30312
10 20 31 838164 10 20 31 884441 -19987 30362
10 20 31 887080 10 20 31 932605 -19987 30412
10 20 31 934590 10 20 31 980755 -19987 30462
10 20 31 982645 10 20 32 28063 -19987 30512
10 20 32 29993 10 20 32 76383 -19987 30562
10 20 32 79408 10 20 32 124196 -19987 30612
10 20 32 126254 10 20 32 187937 -19987 30662
10 20 32 190721 10 20 32 235734 -19987 30712
10 20 32 237684 10 20 32 283788 -19987 30763
10 20 32 285686 10 20 32 331683 -19987 30813
10 20 32 333178 10 20 32 387450 -19987 30863
10 20 32 395937 10 20 32 427650 -19987 30913
10 20 32 429678 10 20 32 475806 -19987 30963
10 20 32 478198 10 20 32 523433 -19987 31013
10 20 32 539306 10 20 32 571429 -19987 31063
10 20 32 587273 10 20 32 619666 -19987 31113
10 20 32 634984 10 20 32 683543 -19987 31163
10 20 32 685886 10 20 32 731664 -19987 31213
10 20 32 733820 10 20 32 779689 -19987 31263
10 20 32 781643 10 20 32 827285 -19987 31313
10 20 32 829282 10 20 32 874990 -19987 31363
10 20 32 877819 10 20 32 922973 -19987 31413
10 20 32 938498 10 20 32 970784 -19987 31463
10 20 32 986536 10 20 33 34529 -19987 31513
10 20 33 36419 10 20 33 82840 -19987 31563
10 20 33 84947 10 20 33 132840 -19987 31613
10 20 33 135149 10 20 33 178476 -19987 31663
10 20 33 180609 10 20 33 226398 -19987 31713
10 20 33 228825 10 20 33 290329 -19987 31763
10 20 33 292484 10 20 33 322600 -19987 31813
10 20 33 325201 10 20 33 386103 -19987 31863
10 20 33 388265 10 20 33 433733 -19987 31913
10 20 33 435756 10 20 33 492752 -19987 31963
10 20 33 501484 10 20 33 529856 -19987 32013
10 20 33 532159 10 20 33 579543 -19987 32063
10 20 33 581408 10 20 33 625629 -19987 32113
10 20 33 627856 10 20 33 673573 -19987 32163
10 20 33 675809 10 20 33 737009 -19987 32214
10 20 33 739169 10 20 33 784880 -19987 32264
10 20 33 787323 10 20 33 832921 -19987 32314
10 20 33 835118 10 20 33 880825 -19987 32364
10 20 33 882901 10 20 33 928937 -19987 32414
10 20 33 931178 10 20 33 976593 -19987 32464
10 20 33 978635 10 20 34 24697 -19987 32514
10 20 34 26882 10 20 34 72160 -19987 32564
10 20 34 75020 10 20 34 135932 -19987 32614
10 20 34 138143 10 20 34 183642 -19987 32664
10 20 34 185438 10 20 34 232190 -19987 32714
10 20 34 234369 10 20 34 279996 -19987 32764
10 20 34 282934 10 20 34 328318 -19987 32814
10 20 34 330470 10 20 34 375807 -19987 32864
10 20 34 378923 10 20 34 431090 -19987 32914
10 20 34 438429 10 20 34 494144 -19987 32964
10 20 34 501405 10 20 34 541364 -19987 33014
10 20 34 551306 10 20 34 592971 -19987 33064
10 20 34 601628 10 20 34 642878 -19987 33114
10 20 34 651610 10 20 34 685868 -19987 33164
10 20 34 695331 10 20 34 735650 -19987 33214
10 20 34 746728 10 20 34 784391 -19987 33264
10 20 34 793999 10 20 34 838823 -19987 33314
10 20 34 841098 10 20 34 871017 -19987 33364
10 20 34 886927 10 20 34 934939 -19987 33414
10 20 34 936917 10 20 34 982971 -19987 33464
10 20 34 985572 10 20 35 30754 -19987 33514
10 20 35 33158 10 20 35 79103 -19987 33564
10 20 35 81421 10 20 35 126770 -19987 33614
10 20 35 128895 10 20 35 174526 -19987 33664
10 20 35 190122 10 20 35 222822 -19987 33714
10 20 35 237806 10 20 35 286244 -19987 33764
10 20 35 288057 10 20 35 334964 -19987 33814
10 20 35 337266 10 20 35 382104 -19987 33864
10 20 35 384285 10 20 35 437699 -19987 33914
10 20 35 450920 10 20 35 486514 -19987 33964
10 20 35 496082 10 20 35 526004 -19987 34014
10 20 35 528149 10 20 35 574226 -19987 34064
10 20 35 576515 10 20 35 622628 -19987 34114
10 20 35 625403 10 20 35 686004 -19987 34164
10 20 35 688274 10 20 35 733652 -19987 34214
10 20 35 735867 10 20 35 782002 -19987 34264
10 20 35 784150 10 20 35 841520 -19987 34314
10 20 35 849018 10 20 35 886978 -19987 34364
10 20 35 894550 10 20 35 935054 -19987 34414
10 20 35 943340 10 20 35 974008 -19987 34464
10 20 35 976366 10 20 36 37394 -19987 34514
10 20 36 39527 10 20 36 85037 -19987 34564
10 20 36 87070 10 20 36 133521 -19987 34614
10 20 36 135624 10 20 36 181788 -19987 34664
10 20 36 184249 10 20 36 229105 -19987 34714
10 20 36 230980 10 20 36 277376 -19987 34764
10 20 36 292826 10 20 36 325114 -19987 34814
10 20 36 327101 10 20 36 388560 -19987 34864
10 20 36 390730 10 20 36 420628 -19987 34914
10 20 36 436564 10 20 36 484057 -19987 34964
10 20 36 485824 10 20 36 532230 -19987 35014
10 20 36 534418 10 20 36 580628 -19987 35064
10 20 36 583435 10 20 36 635353 -19987 35115
10 20 36 644626 10 20 36 676553 -19987 35165
10 20 36 678764 10 20 36 723803 -19987 35215
10 20 36 739603 10 20 36 788419 -19987 35265
10 20 36 791120 10 20 36 835482 -19987 35315
10 20 36 837674 10 20 36 883403 -19987 35365
10 20 36 885183 10 20 36 931549 -19987 35415
10 20 36 933611 10 20 36 990921 -19987 35465
10 20 36 998339 10 20 37 37952 -19987 35515
10 20 37 45878 10 20 37 75515 -19987 35565
10 20 37 77722 10 20 37 123242 -19988 35615
10 20 37 138333 10 20 37 170642 -19988 35665
10 20 37 186533 10 20 37 234988 -19988 35715
10 20 37 237120 10 20 37 282612 -19988 35765
10 20 37 284510 10 20 37 330620 -19988 35815
10 20 37 332641 10 20 37 387239 -19988 35865
10 20 37 397077 10 20 37 434764 -19988 35915
10 20 37 446682 10 20 37 475133 -19988 35965
10 20 37 489877 10 20 37 522187 -19988 36015
10 20 37 525044 10 20 37 586080 -19988 36065
10 20 37 588047 10 20 37 633930 -19988 36115
10 20 37 635982 10 20 37 682148 -19988 36165
10 20 37 684394 10 20 37 738321 -19988 36215
10 20 37 745787 10 20 37 786427 -19988 36265
10 20 37 796792 10 20 37 826183 -19988 36315
10 20 37 841208 10 20 37 873346 -19988 36365
10 20 37 875309 10 20 37 937401 -19988 36415
10 20 37 939537 10 20 37 985596 -19988 36465
10 20 37 987610 10 20 38 33360 -19988 36515
10 20 38 35519 10 20 38 81584 -19988 36566
10 20 38 83702 10 20 38 129403 -19988 36616
10 20 38 131450 10 20 38 177349 -19988 36666
10 20 38 179566 10 20 38 225411 -19988 36716
10 20 38 227516 10 20 38 273855 -19988 36766
10 20 38 288844 10 20 38 336602 -19988 36816
10 20 38 338994 10 20 38 385289 -19988 36866
10 20 38 387540 10 20 38 432655 -19988 36916
10 20 38 434812 10 20 38 480772 -19988 36966
10 20 38 482779 10 20 38 529003 -19988 37016
10 20 38 531545 10 20 38 577225 -19988 37066
10 20 38 579807 10 20 38 624643 -19988 37116
10 20 38 627048 10 20 38 672746 -19988 37166
10 20 38 688510 10 20 38 720306 -19988 37216
10 20 38 736205 10 20 38 784600 -19988 37266
10 20 38 787409 10 20 38 832511 -19988 37316
10 20 38 834541 10 20 38 880684 -19988 37366
10 20 38 882745 10 20 38 928485 -19988 37416
10 20 38 930684 10 20 38 976170 -19988 37466
10 20 38 978217 10 20 39 24258 -19988 37516
10 20 39 40505 10 20 39 72148 -19989 37566
10 20 39 87622 10 20 39 143889 -19989 37616
10 20 39 151899 10 20 39 193300 -19989 37666
10 20 39 202142 10 20 39 232062 -19989 37716
10 20 39 234237 10 20 39 280266 -19989 37766
10 20 39 282940 10 20 39 328197 -19989 37816
10 20 39 330415 10 20 39 375871 -19989 37866
10 20 39 391608 10 20 39 423781 -19989 37916
10 20 39 439164 10 20 39 471595 -19989 37966
10 20 39 473585 10 20 39 535506 -19989 38016
10 20 39 537700 10 20 39 583605 -19989 38066
10 20 39 586293 10 20 39 631274 -19989 38116
10 20 39 633542 10 20 39 688223 -19989 38166
10 20 39 693894 10 20 39 729592 -19989 38216
10 20 39 731749 10 20 39 774826 -19989 38266
10 20 39 790650 10 20 39 823189 -19989 38316
10 20 39 825689 10 20 39 886505 -19989 38366
10 20 39 888568 10 20 39 934108 -19989 38416
10 20 39 935955 10 20 39 990397 -19989 38466
10 20 39 998185 10 20 40 33401 -19989 38516
10 20 40 35255 10 20 40 78140 -19989 38566
10 20 40 80216 10 20 40 125982 -19989 38616
10 20 40 127940 10 20 40 173860 -19989 38666
10 20 40 176210 10 20 40 237396 -19989 38716
10 20 40 240030 10 20 40 285590 -19989 38766
10 20 40 287464 10 20 40 341790 -19989 38816
10 20 40 349511 10 20 40 381401 -19989 38866
10 20 40 383292 10 20 40 429330 -19989 38916
10 20 40 431609 10 20 40 477048 -19989 38966
10 20 40 478914 10 20 40 525536 -19989 39016
10 20 40 528052 10 20 40 588790 -19989 39066
10 20 40 591063 10 20 40 620973 -19989 39116
10 20 40 636279 10 20 40 684317 -19989 39166
10 20 40 686339 10 20 40 732755 -19989 39216
10 20 40 735310 10 20 40 780547 -19990 39266
10 20 40 782736 10 20 40 828392 -19990 39316
10 20 40 830315 10 20 40 876813 -19991 39366
10 20 40 878944 10 20 40 924202 -19991 39416
10 20 40 939968 10 20 40 972192 -19991 39467
10 20 40 987901 10 20 41 20716 -19991 39517
10 20 41 35740 10 20 41 83848 -19991 39567
10 20 41 85629 10 20 41 132233 -19991 39617
10 20 41 134942 10 20 41 180294 -19991 39667
10 20 41 182127 10 20 41 227746 -19991 39717
10 20 41 229709 10 20 41 276006 -19991 39767
10 20 41 291476 10 20 41 333911 -19991 39817
10 20 41 344899 10 20 41 381273 -19991 39867
10 20 41 391688 10 20 41 445094 -19991 39917
10 20 41 453961 10 20 41 489607 -19991 39967
10 20 41 502581 10 20 41 531916 -19991 40017
10 20 41 534642 10 20 41 589191 -19991 40067
10 20 41 598536 10 20 41 635768 -19991 40117
10 20 41 643218 