15 26 34 279102 -1.91211700e-04 -8.81195068e-04  1.33514404e-05
15 26 34 301580  4.44412231e-04 -3.00407410e-05 -2.18868256e-04
15 26 34 306199  8.48770142e-05 -2.44140625e-04 -1.95503235e-04
15 26 34 325080 -0.00029182 -0.00013781 -0.00031519
15 26 34 349178 -0.00062895 -0.00021315 -0.00026941
15 26 34 383245 -5.14507294e-04 -8.24928284e-05 -3.95298004e-04
15 26 34 385287 -3.05175781e-05 -2.08854675e-04 -6.33716583e-04
15 26 34 470473 -0.00032854 -0.00094748 -0.00049973
15 26 34 475980 -0.00055552 -0.00083733 -0.00057936
15 26 34 479982 -0.00039959 -0.00132132 -0.00040817
15 26 34 482041 -0.00036478 -0.00073338 -0.00035334
15 26 34 528002  2.07424164e-04 -3.67164612e-05 -2.53677368e-04
15 26 34 531249  3.62396240e-05  3.95298004e-04 -2.05039978e-05
15 26 34 575310  4.13894653e-04  2.35557556e-04 -3.33786011e-05
15 26 34 577743 0.00073767 0.00051165 0.00027752
15 26 34 624441 0.00021315 0.0004797  0.000319  
15 26 34 628642 -1.26838684e-04  2.94685364e-04  9.01222229e-05
15 26 34 672183 -1.92165375e-04 -2.96592712e-04  1.43051147e-06
15 26 34 675553 -0.00019073  0.00038767  0.00017881
15 26 34 720275 -0.00036478  0.00057268  0.00037527
15 26 34 735699 -3.81469727e-05  8.99791718e-04  1.21116638e-04
15 26 34 768099 -0.00057793  0.00089407  0.00052023
15 26 34 783783 -1.04904175e-04  1.34134293e-03  6.19888306e-05
15 26 34 831334 -0.00026274  0.00129271  0.00015068
15 26 34 833762 -0.00047398  0.00103855  0.00024033
15 26 34 879018 -0.00025558  0.00061083  0.00015831
15 26 34 881451 -0.00010538  0.00057077  0.00046444
15 26 34 928047 -0.00021124  0.00063658  0.00038433
15 26 34 961071  0.00016212  0.00096703 -0.00025225
15 26 35 11272 -1.70230865e-04  8.50677490e-04  1.85966492e-05
15 26 35 63525  0.00012684  0.00049257 -0.00017214
15 26 35 112847 -2.81333923e-05  5.72204590e-05 -2.67028809e-04
15 26 35 161696 -1.14917755e-04 -5.76972961e-05 -2.75135040e-04
15 26 35 211623 -7.58171082e-05 -4.37259674e-04 -7.84873962e-04
15 26 35 260287  0.00035667 -0.00089693 -0.00017834
15 26 35 313866 -0.0002327  -0.00085735 -0.00036287
15 26 35 362251 -3.69071960e-04 -9.00268555e-04  1.52587891e-05
15 26 35 412769 -0.00010109 -0.00083351 -0.00035477
15 26 35 460816 -0.00027847 -0.00062895 -0.00028372
15 26 35 515570 -0.00022221 -0.0009222  -0.00035381
15 26 35 564755 -0.00014067 -0.00134277 -0.00013208
15 26 35 612566 -0.00055695 -0.00101042 -0.00021124
15 26 35 661426 -6.58035278e-05 -1.51634216e-03 -4.44412231e-04
15 26 35 715513 -6.96182251e-05 -1.30367279e-03 -1.49726868e-04
15 26 35 764234 -0.00023937 -0.00131178 -0.00025272
15 26 35 813500 -0.00043011 -0.00139952 -0.00059652
15 26 35 861940  6.67572021e-06 -3.37600708e-04 -3.16619873e-04
15 26 35 916840  0.0004077   0.00090981 -0.00025558
15 26 35 966253  1.41143799e-04  9.28401947e-04 -9.91821289e-05
15 26 36 14729 -5.86509705e-05  3.11374664e-04 -2.66075134e-04
15 26 36 62233 -4.48226929e-05 -5.72204590e-06 -1.57833099e-04
15 26 36 113258  1.20639801e-04  4.76837158e-07 -2.80857086e-04
15 26 36 165362 0.00021887 0.00097418 0.00026655
15 26 36 213965 -0.00016212  0.00059652  0.00024986
15 26 36 263371 -0.0001173   0.00089836  0.00048733
15 26 36 312734 -0.00017786  0.00117779  0.00046682
15 26 36 362826 -0.00015163  0.00113821  0.0007596 
15 26 36 416959 -0.00015688  0.00189161  0.00042343
15 26 36 463853 -0.00058985  0.00144863  0.00061417
15 26 36 513772 -0.00017214  0.00132418  0.00075197
15 26 36 562944 -0.0001936   0.00076675  0.00049353
15 26 36 612554 -0.00015068  0.00011301 -0.00012112
15 26 36 666144 -5.17845154e-04 -2.48432159e-04 -8.15391541e-05
15 26 36 714381 -0.00016308  0.00010061 -0.0002265 
15 26 36 762892 -2.37464905e-04  3.33786011e-05 -2.82287598e-04
15 26 36 817482  0.00028038  0.00020027 -0.00058985
15 26 36 867086  3.91006470e-05 -7.40528107e-04 -4.30107117e-04
15 26 36 915616  0.00025749 -0.00114489 -0.00036335
15 26 36 963575  0.00028229 -0.00080156 -0.00030041
15 26 37 18499 -2.26497650e-04 -1.42335892e-03 -1.71661377e-05
15 26 37 66888  5.10215759e-05 -1.38378143e-03 -4.83512878e-04
15 26 37 116503 -9.67979431e-05 -1.98173523e-03 -2.16484070e-04
15 26 37 163881 -0.00036001 -0.00136614 -0.00048399
15 26 37 214362 -0.00018454 -0.00118542 -0.000422  
15 26 37 266781 -0.00023127 -0.00106335 -0.00018644
15 26 37 317391 -0.00011015 -0.00043249 -0.00030613
15 26 37 366161 -3.27587128e-04 -8.44955444e-04 -1.33514404e-05
15 26 37 414152  3.52859497e-05 -1.02853775e-03 -1.42097473e-04
15 26 37 463338 -0.00033283 -0.00071716 -0.00014114
15 26 37 518362 -0.000278   -0.00033665 -0.00037193
15 26 37 567517 -0.00040865 -0.00013781 -0.00011015
15 26 37 615165  3.18527222e-04  3.26633453e-04 -8.10623169e-05
15 26 37 664132 0.00020552 0.00082493 0.00012112
15 26 37 715310 -0.00015545  0.00056505 -0.00010872
15 26 37 767912 2.43186951e-05 9.03606415e-04 2.27451324e-04
15 26 37 816627 0.00022316 0.00147724 0.00025797
15 26 37 864539 0.00032043 0.00140858 0.00056267
15 26 37 917995 -3.43322754e-05  1.42431259e-03  7.00473785e-04
15 26 37 966921 -0.00020075  0.00139856  0.00081253
15 26 38 17543 8.67843628e-05 7.29084015e-04 1.23023987e-04
15 26 38 67062 4.14848328e-05 8.00609589e-04 1.96933746e-04
15 26 38 115012 -0.00043344  0.00045204 -0.00026655
15 26 38 168215 -0.00032806  0.00069046 -0.00020742
15 26 38 218433 4.29153442e-05 5.95569611e-04 6.91413879e-05
15 26 38 266857 -0.00048113  0.0006876  -0.00049782
15 26 38 317137 -1.48773193e-04 -2.62260437e-05 -4.22954559e-04
15 26 38 368945 -0.00061274 -0.00050545 -0.00014448
15 26 38 419257  3.48091125e-05 -4.34875488e-04 -8.58306885e-05
15 26 38 466749  2.81333923e-05 -9.94682312e-04 -9.96589661e-05
15 26 38 517288 -6.86645508e-05 -1.25074387e-03  2.36511230e-04
15 26 38 565075  4.67300415e-05  3.12447548e-02 -2.62500000e+00
15 26 38 619589 -0.00012922 -0.00128937  0.00013494
15 26 38 667686 -0.00013208  0.00039148  0.00015688
15 26 38 718291 -4.93049622e-04  4.25815582e-04 -4.72068787e-05
15 26 38 766347 1.88827515e-04 8.43524933e-04 6.10351562e-05
15 26 38 819980 0.00017023 0.00020218 0.00027609
15 26 38 868542 -0.00040865  0.00017977  0.00010777
15 26 38 919870 0.00022507 0.00054359 0.00039244
15 26 38 967742 -0.00014448  0.00034857  0.00026226
15 26 39 20135 -5.24520874e-04  4.10556793e-04  8.44001770e-05
15 26 39 69129 -0.00010824  0.00047112 -0.0001173 
15 26 39 119538 -1.89781189e-04  5.67913055e-04  4.43458557e-05
15 26 39 168529 -3.40461731e-04 -5.38825989e-05 -1.86443329e-04
15 26 39 218512 0.0001049  0.00058079 0.00017023
15 26 39 270037  1.05381012e-04 -4.43935394e-04 -5.91278076e-05
15 26 39 319457 -5.19752502e-05 -9.29832458e-05  1.23977661e-05
15 26 39 367795 -2.04563141e-04 -3.88622284e-04  4.10079956e-05
15 26 39 418332  1.09672546e-05 -1.24931335e-04 -1.48296356e-04
15 26 39 466686 -0.0001812  -0.00024986 -0.00012875
15 26 39 520536 -7.10487366e-05 -3.33309174e-04 -1.84535980e-04
15 26 39 568975 -0.00020266 -0.0004425  -0.00034571
15 26 39 619678 -0.00012541 -0.00042009 -0.00026989
15 26 39 668337  9.91821289e-05 -2.69412994e-04  1.55925751e-04
15 26 39 717341  9.29832458e-05 -4.24385071e-04 -4.95910645e-05
15 26 39 770074  2.71797180e-04 -3.80992889e-04 -1.00135803e-05
15 26 39 819856  6.67572021e-05  7.15255737e-06 -6.29425049e-05
15 26 39 867803 -0.00010204 -0.00045109 -0.00037956
15 26 39 917916 -0.00030375 -0.00024986 -0.00023222
15 26 39 969732 -0.00011778 -0.00017405 -0.00026894
15 26 40 20689 -2.16960907e-04 -4.19616699e-05  4.87327576e-04
15 26 40 68020 -0.00026083 -0.00037813  0.00031853
15 26 40 118762 -1.88350677e-04  8.06808472e-04 -6.38961792e-05
15 26 40 172455 -0.00035954  0.00032282  0.0001297 
15 26 40 221429 -1.66893005e-04  4.91619110e-04  5.86509705e-05
15 26 40 269448 2.19345093e-05 7.06195831e-04 2.95162201e-04
15 26 40 319283 -1.76429749e-05  1.24835968e-03 -1.69277191e-04
15 26 40 368884  0.00032616  0.00080967 -0.00035858
15 26 40 421529  0.00018644 -0.00011396  0.00015974
15 26 40 469070  0.00023794 -0.00033426 -0.00031233
15 26 40 520488  0.00019503 -0.0004425  -0.00030375
15 26 40 569155  1.22070312e-04 -1.62601471e-04 -1.52587891e-05
15 26 40 618482 -2.43186951e-05 -3.05175781e-05 -9.05990601e-06
15 26 40 670772  2.00748444e-04 -1.65939331e-04 -1.81198120e-05
15 26 40 721215 -2.39372253e-04 -1.31607056e-04 -9.82284546e-05
15 26 40 769007 -7.15255737e-05 -3.10897827e-04  2.27451324e-04
15 26 40 819378 -0.00056553 -0.00022984 -0.00018406
15 26 40 872085 -0.00032854 -0.00026846  0.00047445
15 26 40 921368 -0.00055981 -0.00027657  0.00030041
15 26 40 969047 -0.00040054 -0.00028992  0.00066042
15 26 41 20108 -0.00081348  0.00013208  0.00015116
15 26 41 69002 -0.000453   -0.00056314 -0.0003705 
15 26 41 122430 -2.97069550e-04  2.38418579e-04  7.58171082e-05
15 26 41 169633 -3.88145447e-04  3.70025635e-04 -6.34193420e-05
15 26 41 220440 1.83582306e-04 4.76837158e-06 6.29425049e-05
15 26 41 273118 0.00023937 0.00022793 0.00012255
15 26 41 323473  0.00041914  0.0004487  -0.00026608
15 26 41 370734 -9.77516174e-05  4.72068787e-05  1.72615051e-04
15 26 41 420287  1.38282776e-05  4.44412231e-04 -2.06947327e-04
15 26 41 469379  7.10487366e-05  6.10828400e-04 -1.43527985e-04
15 26 41 523665  4.57763672e-05  4.83989716e-04 -5.67436218e-05
15 26 41 572067 -3.38554382e-05  1.15394592e-03  7.43865967e-05
15 26 41 622110 -0.00045109  0.00093031 -0.00010157
15 26 41 669838 -4.72068787e-05  6.68525696e-04  1.68323517e-04
15 26 41 725183 -0.000175    0.00039387  0.00022602
15 26 41 771535 -6.15119934e-04  9.48905945e-05  3.34262848e-04
15 26 41 821646 -4.28676605e-04 -1.62124634e-04  6.72340393e-05
15 26 41 870176  5.29289246e-05  1.98841095e-04 -4.89234924e-04
15 26 41 921554  1.38282776e-05  1.72615051e-04 -2.15530396e-04
15 26 41 973235 -0.00012684 -0.00031853 -0.00010729
15 26 42 23826 -0.00015545  0.00043249 -0.00016165
15 26 42 72113 -7.53402710e-05 -5.04970551e-04 -1.57833099e-04
15 26 42 120363  1.30653381e-04 -4.26292419e-04 -3.67164612e-05
15 26 42 169440  2.37464905e-04  3.12466621e-02 -3.40625095e+00
15 26 42 224149  3.43322754e-05 -5.32150269e-04  1.56879425e-04
15 26 42 272105 -9.01222229e-05 -7.91549683e-05 -4.68254089e-04
15 26 42 321379 -2.15530396e-04 -5.97476959e-04  8.34465027e-05
15 26 42 369632 -0.0002389  -0.0010438  -0.00039101
15 26 42 425099  5.72204590e-06 -9.45091248e-04 -4.48703766e-04
15 26 42 472825 -7.15255737e-04 -8.10623169e-06 -1.74522400e-04
15 26 42 523810 -0.00039291  0.00034094 -0.00037289
15 26 42 570574 -4.00543213e-05  3.88622284e-04 -2.12669373e-04
15 26 42 625109 -1.47819519e-04  5.14984131e-04  6.34193420e-05
15 26 42 673389 -1.50203705e-04 -5.19752502e-05 -3.62396240e-04
15 26 42 722966 -2.09808350e-05 -6.90460205e-04  3.65734100e-04
15 26 42 771573 -0.0003767  -0.00048256  0.00021744
15 26 42 824956 -0.00039291 -0.00026178  0.00036097
15 26 42 874281  1.61647797e-04 -6.00814819e-05 -7.15255737e-06
15 26 42 923808 8.10623169e-05 4.88281250e-04 5.29289246e-05
15 26 42 972761 -2.71797180e-05  3.23772430e-04  3.95774841e-05
15 26 43 21516 0.00028753 0.0006485  0.00020742
15 26 43 74622 0.00030041 0.00076628 0.0002718 
15 26 43 124873 -0.00010204  0.00083208 -0.00022316
15 26 43 174537 -0.00037289 -0.00010538  0.00015926
15 26 43 222256 -0.00063848 -0.00017452 -0.0002799 
15 26 43 272034 -0.00061846 -0.00066233 -0.00018692
15 26 43 324862 -0.00046396 -0.0001812  -0.00021315
15 26 43 375701 -0.00055313 -0.0001297  -0.00018263
15 26 43 422336 -6.32286072e-04  1.00755692e-03 -5.38825989e-05
15 26 43 477484 -0.00040817  0.00061083 -0.00032616
15 26 43 524804  0.00014687  0.00046873 -0.00018549
15 26 43 575181 -7.58171082e-05  1.56402588e-04  1.71661377e-04
15 26 43 624017  2.71797180e-05 -5.06877899e-04 -3.36170197e-04
15 26 43 673358  0.00013161 -0.00077105 -0.00012255
15 26 43 725739 -1.47819519e-04 -6.89029694e-04 -8.34465027e-05
15 26 43 775752 -0.00010824 -0.00067759 -0.00019884
15 26 43 824562  0.00014925 -0.00064135 -0.00022173
15 26 43 873506 5.57899475e-05 1.13487244e-04 8.29696655e-05
15 26 43 922433  0.00018215 -0.00027752 -0.00036144
15 26 43 976785  3.48091125e-05  1.44004822e-04 -2.05516815e-04
15 26 44 24725 -0.00010967 -0.00021124 -0.00036716
15 26 44 74449 -3.31878662e-04  2.28881836e-05 -1.42574310e-04
15 26 44 122878 -0.00043774 -0.00076389 -0.00012398
15 26 44 173377 -2.45571136e-04 -7.98225403e-04  1.43051147e-05
15 26 44 226056 -1.99794769e-04 -4.22000885e-04 -1.62124634e-05
15 26 44 274917 -7.96318054e-05 -7.96318054e-05 -5.86509705e-05
15 26 44 324360  0.00021648  0.00026417 -0.00011206
15 26 44 374098 -2.67505646e-04  3.16143036e-04  8.05854797e-05
15 26 44 422666  0.00015593 -0.00010967 -0.00011873
15 26 44 475500 -3.06129456e-04  4.72068787e-05  6.48498535e-05
15 26 44 525601  1.52587891e-04 -7.43865967e-05  1.28746033e-05
15 26 44 575741  4.82559204e-04 -2.64644623e-04 -8.67843628e-05
15 26 44 627214  0.00013351 -0.00060272 -0.00013781
15 26 44 676496 -4.43458557e-05  3.26156616e-04 -6.96182251e-05
15 26 44 725832  1.07288361e-04  3.94344330e-04 -6.72340393e-05
15 26 44 775875 3.52859497e-05 3.42845917e-04 2.86102295e-05
15 26 44 823902 -6.06536865e-04  6.15119934e-04 -3.00407410e-05
15 26 44 877748 -0.00063562  0.00075483  0.0001297 
15 26 44 926502 -0.0002594   0.0006876   0.00026703
15 26 44 976388  0.0002017  -0.00015545  0.00013304
15 26 45 24787 -0.00047684 -0.00024319  0.00074673
15 26 45 73957 -0.00047398 -0.00011635  0.00058794
15 26 45 127033 -0.00029087 -0.0001359   0.00018454
15 26 45 177315  3.81469727e-06 -4.81605530e-05  3.25679779e-04
15 26 45 225317 -0.0003233   0.0003643   0.00031424
15 26 45 273872  2.19345093e-05  3.95774841e-05 -2.14099884e-04
15 26 45 323624  5.7220459e-05 -1.3589859e-04  9.6321106e-05
15 26 45 377032 -1.43051147e-06 -2.33650208e-04  2.50339508e-04
15 26 45 425822 -4.97341156e-04  2.09808350e-05 -1.53541565e-04
15 26 45 474927 -0.00039864  0.00015688 -0.00013494
15 26 45 525376  0.00020456  0.00011969 -0.00042963
15 26 45 578002 -4.84943390e-04 -3.33786011e-05 -1.92642212e-04
15 26 45 626296  1.02043152e-04  4.05311584e-05 -4.01496887e-04
15 26 45 676096 -0.00055265 -0.00010061 -0.00020075
15 26 45 728147  2.19345093e-05 -1.90734863e-06  1.07765198e-04
15 26 45 779164 0.00010681 0.00019789 0.00013685
15 26 45 827325 -1.09672546e-05  1.12056732e-04 -4.67300415e-05
15 26 45 877484 -6.00814819e-05  2.15530396e-04  1.96933746e-04
15 26 45 925742 -6.19888306e-06  2.44140625e-04  3.62500095e+00
15 26 45 979175 6.43730164e-05 4.57763672e-05 2.85148621e-04
15 26 46 29330 -2.14576721e-04 -1.18732452e-04  7.96318054e-05
15 26 46 77709 -0.00042772 -0.00016737  0.00016212
15 26 46 126348 -0.00014162 -0.00031137  0.00016356
15 26 46 175934 -9.44137573e-05 -3.73363495e-04  2.06470490e-04
15 26 46 229168  1.09672546e-05 -2.14099884e-04  7.58171082e-05
15 26 46 279313 -0.00030327 -0.00045776  0.00017929
15 26 46 327301 -2.26497650e-04  9.20295715e-05  1.23977661e-04
15 26 46 375884 -3.57627869e-05 -2.66551971e-04  5.14507294e-04
15 26 46 425820 -1.69277191e-04  2.05039978e-05 -3.29017639e-04
15 26 46 478477  8.24928284e-05 -3.16143036e-04 -1.59740448e-04
15 26 46 528044 -1.04904175e-05 -2.55584717e-04 -1.65462494e-04
15 26 46 577278 -2.90870667e-04 -1.90734863e-06 -1.21593475e-04
15 26 46 625861 -3.31401825e-04 -8.86917114e-05  4.38690186e-05
15 26 46 680278  6.86645508e-05 -2.97546387e-04 -1.71184540e-04
15 26 46 728402 -0.00044489  0.00014639 -0.00023699
15 26 46 778988 -0.00028801  0.00020504 -0.00029755
15 26 46 826619 -1.79290771e-04  3.00407410e-05 -1.09195709e-04
15 26 46 881087 -6.24656677e-05 -5.76972961e-05 -3.29494476e-04
15 26 46 929077 -0.00049496  0.00018692 -0.00013256
15 26 46 978809 -0.00012445  0.00012398 -0.00039625
15 26 47 27649  9.91821289e-05  1.76906586e-04 -2.73227692e-04
15 26 47 82216 -1.28746033e-04  5.39779663e-04  2.47955322e-05
15 26 47 129609  2.64167786e-04  7.29560852e-05 -3.21388245e-04
15 26 47 178616  6.34193420e-05 -1.45435333e-04  1.21593475e-04
15 26 47 228659 4.38690186e-05 2.08854675e-04 1.00612640e-04
15 26 47 278127 3.33786011e-06 7.67707825e-05 2.92778015e-04
15 26 47 330391 -3.33309174e-04  4.29153442e-06  3.37123871e-04
15 26 47 380043 -1.74999237e-04 -6.48498535e-05  2.09331512e-04
15 26 47 429853 -0.00025272  0.00021124  0.00014305
15 26 47 477954 -7.05718994e-05  1.90734863e-06  2.15530396e-04
15 26 47 531594 -0.00023317  0.00022316 -0.00020456
15 26 47 580684 -0.0002985  -0.0005331   0.00016403
15 26 47 629650 -2.43186951e-05 -1.76429749e-04 -2.47955322e-04
15 26 47 680345 -0.0002079   0.00020409 -0.00026417
15 26 47 729065 -2.17914581e-04 -8.05854797e-05 -1.94549561e-04
15 26 47 781978 -0.00012207  0.00010538 -0.00066662
15 26 47 830510 -0.00055933  0.00020123 -0.00057697
15 26 47 880958 -0.00029325 -0.0001421  -0.00028372
15 26 47 929243  2.39849091e-04  6.24656677e-05 -6.38484955e-04
15 26 47 982674 -9.58442688e-05  6.72340393e-05 -1.63078308e-04
15 26 48 30559 -0.00013399 -0.0002389  -0.00038862
15 26 48 81817  1.69754028e-04 -3.05652618e-04 -7.77244568e-05
15 26 48 130765 -8.53538513e-05 -1.87397003e-04 -1.00135803e-05
15 26 48 180296 -0.0002079  -0.00031376  0.00032759
15 26 48 230925  2.00271606e-04 -6.81877136e-05 -2.86102295e-06
15 26 48 280731  8.96453857e-05 -1.61647797e-04  2.67505646e-04
15 26 48 330064 -2.20298767e-04 -1.81198120e-05  2.93731689e-04
15 26 48 380239 -4.62532043e-05 -3.85761261e-04 -1.82628632e-04
15 26 48 428125 -3.42845917e-04  8.34465027e-05  3.49998474e-04
15 26 48 482087 -0.00036287  0.00022268  0.00053024
15 26 48 530516 -9.29832458e-05 -8.34465027e-05  3.92913818e-04
