15 26 34 279102 -0.00995684 -0.05685902  1.00622296
15 26 34 301580 -0.00777912 -0.05526876  1.00395656
15 26 34 306199 -0.00987053 -0.05155921  1.00378752
15 26 34 325080 -0.01024079 -0.05758357  1.00128603
15 26 34 349178 -0.01141405 -0.05777717  1.00453973
15 26 34 383245 -0.00778365 -0.05330777  1.00161409
15 26 34 385287 -0.00363159 -0.05272865  0.99917698
15 26 34 470473 -0.00369596 -0.05481434  1.00034833
15 26 34 475980 -0.00227451 -0.0571146   0.99909925
15 26 34 479982 -0.00717235 -0.05518436  1.00250292
15 26 34 482041 -0.00775027 -0.05582547  1.00304055
15 26 34 528002 -0.0076642  -0.05626082  0.99976587
15 26 34 531249 -0.00683546 -0.05612183  1.00161648
15 26 34 575310 -0.00676894 -0.05755448  1.00225759
15 26 34 577743 -0.00735044 -0.05429101  1.00079632
15 26 34 624441 -0.00397301 -0.05588794  1.00202107
15 26 34 628642 -0.00189877 -0.05994773  0.99914646
15 26 34 672183 -0.00559711 -0.05988979  1.00254798
15 26 34 675553 -0.00707269 -0.05399108  1.00243759
15 26 34 720275 -0.00403523 -0.05684209  1.00149226
15 26 34 735699 -0.0070045  -0.05378151  1.00195456
15 26 34 768099 -0.00665498 -0.05092669  1.00564027
15 26 34 783783 -0.00660777 -0.05580831  1.00053835
15 26 34 831334 -0.00506043 -0.05276752  0.99897838
15 26 34 833762 -0.00581264 -0.05795979  0.99775147
15 26 34 879018 -0.00677943 -0.05541968  0.99806666
15 26 34 881451 -0.00482416 -0.05564404  0.99684143
15 26 34 928047 -0.0054419  -0.05465841  1.00030756
15 26 34 961071 -0.00985813 -0.05496788  1.00296164
15 26 35 11272 -0.01228237 -0.05393672  0.99786401
15 26 35 63525 -0.01132202 -0.05912852  0.99675322
15 26 35 112847 -0.01165295 -0.05467868  0.99544454
15 26 35 161696 -0.01343751 -0.05460143  0.9990685 
15 26 35 211623 -0.0149312  -0.0530045   0.99853897
15 26 35 260287 -0.00993299 -0.05300546  0.9992125 
15 26 35 313866 -0.01350474 -0.05753684  0.99980283
15 26 35 362251 -0.00887656 -0.05305099  1.0006032 
15 26 35 412769 -0.00791693 -0.05140638  1.00092196
15 26 35 460816 -0.00599194 -0.0559895   1.00632715
15 26 35 515570 -0.00673389 -0.05551934  1.0003829 
15 26 35 564755 -0.00393701 -0.05555439  0.99992561
15 26 35 612566 -0.00482249 -0.05607963  0.99972916
15 26 35 661426 -0.00853968 -0.05615497  1.00175905
15 26 35 715513 -0.00598216 -0.0552876   0.99848318
15 26 35 764234 -0.0092628  -0.0538218   1.00255227
15 26 35 813500 -0.00871396 -0.05325556  1.00216722
15 26 35 861940 -0.01071811 -0.05508494  1.00164366
15 26 35 916840 -0.00506783 -0.05645466  1.00097775
15 26 35 966253 -0.00980353 -0.05517936  1.00160217
15 26 36 14729 -0.00104117 -0.05750513  0.99634194
15 26 36 62233 -0.00191927 -0.05692649  0.99570227
15 26 36 113258 -0.00255704 -0.05780101  1.00225568
15 26 36 165362 -0.00145793 -0.05402398  1.00127602
15 26 36 213965 -0.00412846 -0.05202985  1.0013473 
15 26 36 263371 -0.00751925 -0.05324078  1.00341392
15 26 36 312734 -0.00593805 -0.05668044  1.00609064
15 26 36 362826 -0.00618839 -0.05527544  1.00263381
15 26 36 416959 -0.00570226 -0.05349422  1.0014565 
15 26 36 463853 -0.00886512 -0.0537622   1.00197101
15 26 36 513772 -0.00616026 -0.05395985  0.99749327
15 26 36 562944 -0.0084815  -0.05527663  0.99917674
15 26 36 612554 -0.01143646 -0.0550735   0.99847031
15 26 36 666144 -0.0127244  -0.05592108  0.99693418
15 26 36 714381 -0.01138544 -0.05432916  0.99791002
15 26 36 762892 -0.01282954 -0.05533314  1.00006413
15 26 36 817482 -0.01039195 -0.05307031  0.9983542 
15 26 36 867086 -0.01031208 -0.0556035   0.99783492
15 26 36 915616 -0.00616932 -0.05497956  0.99667239
15 26 36 963575 -0.00612974 -0.05592394  0.99785042
15 26 37 18499 -0.00627947 -0.05844831  0.9975841 
15 26 37 66888 -0.00390363 -0.05851769  1.00045037
15 26 37 116503 -0.00671196 -0.05747104  1.00112462
15 26 37 163881 -0.00838709 -0.05505133  1.00152254
15 26 37 214362 -0.00848579 -0.05169463  1.00459766
15 26 37 266781 -0.0103147  -0.0575912   1.00350881
15 26 37 317391 -0.00761247 -0.05381346  1.00429678
15 26 37 366161 -0.00809121 -0.05374336  1.00088334
15 26 37 414152 -0.00705171 -0.0526638   1.00251842
15 26 37 463338 -0.00566626 -0.05828905  0.99735117
15 26 37 518362 -0.00387526 -0.05413604  1.00271392
15 26 37 567517 -0.00563312 -0.05308008  1.00311685
15 26 37 615165 -0.00545526 -0.05697322  1.00301909
15 26 37 664132 -0.00288033 -0.05754137  0.99919677
15 26 37 715310 -0.00397372 -0.05615759  1.00277209
15 26 37 767912 -0.00536084 -0.05530739  1.00397134
15 26 37 816627 -0.00188923 -0.05561781  1.00044656
15 26 37 864539 -0.00426078 -0.05811262  1.00213504
15 26 37 917995 -0.00236201 -0.05447102  1.00224662
15 26 37 966921 -0.00778961 -0.05493259  1.00080752
15 26 38 17543 -0.00560522 -0.05630684  0.99855351
15 26 38 67062 -0.00671625 -0.0553534   1.00255752
15 26 38 115012 -0.01092172 -0.05651379  1.00137877
15 26 38 168215 -0.01225305 -0.05615926  0.9987452 
15 26 38 218433 -0.01029634 -0.0560472   0.99966216
15 26 38 266857 -0.01200128 -0.05498195  1.00160241
15 26 38 317137 -0.0094409  -0.05639482  1.00147653
15 26 38 368945 -0.01037979 -0.05680442  0.99908042
15 26 38 419257 -0.00919461 -0.05639315  0.99746275
15 26 38 466749 -0.0061481  -0.05671597  0.99676847
15 26 38 517288 -0.01558757  1.87477779 -0.33984423
15 26 38 565075 0.01559663 1.60916138 0.31640029
15 26 38 619589 -0.00694013 -0.05283117  1.00204825
15 26 38 667686 -0.00634193 -0.0566299   1.00173521
15 26 38 718291 -0.00586963 -0.05591941  1.00363207
15 26 38 766347 -0.00805235 -0.0552454   1.00371146
15 26 38 819980 -0.00960183 -0.05535793  1.00260282
15 26 38 868542 -0.00796509 -0.05532885  0.99597955
15 26 38 919870 -0.00671291 -0.05570388  1.00051212
15 26 38 967742 -0.00683379 -0.05529714  0.99818993
15 26 39 20135 -0.0063746  -0.05389428  1.00114536
15 26 39 69129 -0.0077858  -0.05291653  1.00391293
15 26 39 119538 -0.00712514 -0.055655    0.999614  
15 26 39 168529 -0.01000834 -0.05686736  0.9975121 
15 26 39 218512 -0.00650787 -0.05554461  0.99949408
15 26 39 270037 -0.00872421 -0.05460787  0.99826002
15 26 39 319457 -0.00622439 -0.05609417  1.000422  
15 26 39 367795 -0.00608706 -0.05430937  0.99923968
15 26 39 418332 -0.00626779 -0.05875182  0.99883318
15 26 39 466686 -0.00940681 -0.05732155  0.99675012
15 26 39 520536 -0.00857639 -0.05902243  0.99946642
15 26 39 568975 -0.00642991 -0.05371308  0.99824142
15 26 39 619678 -0.00387573 -0.05332327  0.99995708
15 26 39 668337 -0.00742602 -0.05699205  0.99843431
15 26 39 717341 -0.00765061 -0.05550218  1.00126457
15 26 39 770074 -0.00918508 -0.05771017  1.00093222
15 26 39 819856 -0.01063132 -0.05528283  1.00112104
15 26 39 867803 -0.00730658 -0.05518746  0.99989057
15 26 39 917916 -0.00619793 -0.05710697  1.00165439
15 26 39 969732 -0.00564671 -0.05586076  1.00291419
15 26 40 20689 -0.00695467 -0.0560708   1.00192904
15 26 40 68020 -0.00646091 -0.05672812  0.99812651
15 26 40 118762 -0.00628996 -0.0520556   1.00015211
15 26 40 172455 -0.00571299 -0.05738282  0.99845171
15 26 40 221429 -0.00525641 -0.05387783  1.00339723
15 26 40 269448 -0.00581598 -0.05543113  1.00235629
15 26 40 319283 -0.00636482 -0.05547762  0.99920273
15 26 40 368884 -0.0098443  -0.05379725  0.99882174
15 26 40 421529 -0.00707698 -0.05657196  0.9982059 
15 26 40 469070 -0.0064404  -0.05492997  0.99782181
15 26 40 520488 -0.00527    -0.05561948  1.00018239
15 26 40 569155 -0.01005244 -0.05688524  1.00132751
15 26 40 618482 -0.01045799 -0.05580997  1.0045445 
15 26 40 670772 -0.00742173 -0.05369735  1.00324821
15 26 40 721215 -0.0083313  -0.05757284  1.00260806
15 26 40 769007 -0.00651813 -0.05950975  1.00104356
15 26 40 819378 -0.0054276  -0.05712891  1.00080323
15 26 40 872085 -0.00540471 -0.0538168   1.00200891
15 26 40 921368 -0.00802493 -0.05765128  0.99933553
15 26 40 969047 -0.00937128 -0.05639362  0.99963832
15 26 41 20108 -0.00548673 -0.05644011  0.99818563
15 26 41 69002 -0.00704432 -0.05801368  0.99773717
15 26 41 122430 -0.00708461 -0.05642676  0.99838805
15 26 41 169633 -0.00449061 -0.05520678  0.99773407
15 26 41 220440 -0.00397158 -0.05502725  0.99758124
15 26 41 273118 -0.00232315 -0.05780005  0.99896359
15 26 41 323473 -0.00768161 -0.0547204   0.99899459
15 26 41 370734 -0.00685453 -0.05284548  0.99989152
15 26 41 420287 -0.00738955 -0.05526662  0.99909139
15 26 41 469379 -0.00544262 -0.05707669  1.00192165
15 26 41 523665 -0.00771165 -0.05953979  1.00169897
15 26 41 572067 -0.00531459 -0.05747128  0.99778295
15 26 41 622110 -0.00633073 -0.05574512  0.9988842 
15 26 41 669838 -0.00702882 -0.05695438  1.00273037
15 26 41 725183 -0.00759435 -0.05375218  1.0020473 
15 26 41 771535 -0.007972   -0.05365992  0.99866271
15 26 41 821646 -0.01273274 -0.05473399  1.001194  
15 26 41 870176 -0.01055694 -0.05558896  1.00238132
15 26 41 921554 -0.00830221 -0.05517197  0.99897289
15 26 41 973235 -0.00832582 -0.05790353  0.99684143
15 26 42 23826 -0.01093245 -0.05624604  0.99674058
15 26 42 72113 -0.01131058 -0.05515242  0.99744487
15 26 42 120363 -0.01559925  1.51540399 -0.55860257
15 26 42 169440  0.01558447 -0.62522244 -0.96484184
15 26 42 224149 -0.00637054 -0.0583961   1.00060296
15 26 42 272105 -0.00632191 -0.05349112  0.99935341
15 26 42 321379 -0.00859594 -0.05471373  0.99937987
15 26 42 369632 -0.00772905 -0.05584049  1.00012469
15 26 42 425099 -0.01085734 -0.05883193  1.0046072 
15 26 42 472825 -0.01175714 -0.05583334  1.00122762
15 26 42 523810 -0.00974202 -0.05207634  0.99975395
15 26 42 570574 -0.01007676 -0.05557132  1.00105095
15 26 42 625109 -0.00753641 -0.05507255  0.99970865
15 26 42 673389 -0.0029459  -0.05649352  0.99644494
15 26 42 722966 -0.00449491 -0.05480456  0.99709272
15 26 42 771573 -0.00276875 -0.0590384   0.99629331
15 26 42 824956 -0.00573254 -0.0562427   1.000808  
15 26 42 874281 -0.00774789 -0.05626965  1.0033536 
15 26 42 923808 -0.01232767 -0.05721545  1.00479698
15 26 42 972761 -0.00727415 -0.05511045  1.00399184
15 26 43 21516 -0.00620198 -0.05525017  1.00371265
15 26 43 74622 -0.00970697 -0.05629158  1.00160193
15 26 43 124873 -0.00514483 -0.05564809  0.99725342
15 26 43 174537 -0.00567102 -0.0556252   0.99850702
15 26 43 222256 -0.00689626 -0.05723763  0.99977612
15 26 43 272034 -0.01024556 -0.05548286  1.00034666
15 26 43 324862 -0.00931191 -0.05574107  1.00007296
15 26 43 375701 -0.01052451 -0.05354071  1.00144958
15 26 43 422336 -0.00825834 -0.05712366  1.00483847
15 26 43 477484 -0.00764823 -0.05467463  1.00204825
15 26 43 524804 -0.00627565 -0.05450845  1.00186157
15 26 43 575181 -0.00709105 -0.0562036   0.99839401
15 26 43 624017 -0.0070436  -0.05507088  0.99764657
15 26 43 673358 -0.00710058 -0.05542326  0.99651504
15 26 43 725739 -0.00592375 -0.05570936  0.99426079
15 26 43 775752 -0.00851297 -0.05561352  1.00037503
15 26 43 824562 -0.01026344 -0.05631948  0.9986968 
15 26 43 873506 -0.01111197 -0.05473542  0.99903107
15 26 43 922433 -0.01017761 -0.05748081  0.99930239
15 26 43 976785 -0.00929642 -0.05744505  1.00425458
15 26 44 24725 -0.00526786 -0.05401731  0.99885058
15 26 44 74449 -0.00251913 -0.05456328  0.99829745
15 26 44 122878 -0.00482011 -0.05599213  0.9973731 
15 26 44 173377 -0.00437403 -0.05564356  0.99922323
15 26 44 226056 -0.00740981 -0.05568981  1.00273967
15 26 44 274917 -0.00971079 -0.05713177  1.00002027
15 26 44 324360 -0.00609469 -0.05247593  1.00288033
15 26 44 374098 -0.0068593  -0.05386472  1.00306249
15 26 44 422666 -0.00683546 -0.05494642  1.00165963
15 26 44 475500 -0.00409436 -0.05828452  1.00172186
15 26 44 525601 -0.00792599 -0.05293489  0.99951601
15 26 44 575741 -0.00689721 -0.05376983  0.99804306
15 26 44 627214 -0.00746012 -0.05640149  1.00088406
15 26 44 676496 -0.01050973 -0.05494094  1.00100327
15 26 44 725832 -0.00872636 -0.05748391  0.9991138 
15 26 44 775875 -0.01052403 -0.0567975   1.00055075
15 26 44 823902 -0.00621152 -0.05600858  1.0018785 
15 26 44 877748 -0.00658202 -0.05433702  1.00064278
15 26 44 926502 -0.00672817 -0.05632567  1.00213861
15 26 44 976388 -0.0060513  -0.05739975  0.99736166
15 26 45 24787 -0.00499463 -0.05696201  1.00102377
15 26 45 73957 -0.0083952  -0.05312252  1.00098085
15 26 45 127033 -0.0087626  -0.05477118  1.00237799
15 26 45 177315 -0.00646758 -0.05300713  1.00032926
15 26 45 225317 -0.01010489 -0.05636048  1.00051761
15 26 45 273872 -0.01033902 -0.05749536  0.99936056
15 26 45 323624 -0.01112461 -0.05723333  1.00111508
15 26 45 377032 -0.01066637 -0.05576372  1.00122237
15 26 45 425822 -0.00886369 -0.0571723   0.99952173
15 26 45 474927 -0.01009035 -0.0549159   1.00273132
15 26 45 525376 -0.00855494 -0.05745983  0.9997232 
15 26 45 578002 -0.00745463 -0.0575707   0.99929905
15 26 45 626296 -0.0066433  -0.05825377  0.99997973
15 26 45 676096 -0.01059365 -0.05561829  1.0019958 
15 26 45 728147 -0.00603032 -0.056674    1.0004313 
15 26 45 779164 -0.00753045 -0.05562925  0.99965763
15 26 45 827325 -0.0084312  -0.056005    1.00200319
15 26 45 877484 -0.00599885  0.01541877 -0.38671541
15 26 45 925742  0.01559901  0.67165518 -0.49608874
15 26 45 979175 -0.00660491 -0.05583048  1.00147343
15 26 46 29330 -0.00703883 -0.05541468  0.99904156
15 26 46 77709 -0.01062393 -0.05505896  0.99702692
15 26 46 126348 -0.00681591 -0.05725694  1.00047708
15 26 46 175934 -0.00790977 -0.0555234   1.0012033 
15 26 46 229168 -0.01141238 -0.05135798  1.00279784
15 26 46 279313 -0.00760365 -0.05657816  0.99909997
15 26 46 327301 -0.00896049 -0.05544376  1.00146317
15 26 46 375884 -0.00840378 -0.05595803  1.00015664
15 26 46 425820 -0.00510263 -0.05729771  0.99980497
15 26 46 478477 -0.00609756 -0.05474997  0.99897027
15 26 46 528044 -0.00871372 -0.05460215  1.00204182
15 26 46 577278 -0.00399947 -0.05577564  1.00017571
15 26 46 625861 -0.00547099 -0.05501842  0.99849534
15 26 46 680278 -0.00750113 -0.05553842  1.00424361
15 26 46 728402 -0.00601625 -0.05626369  0.99967885
15 26 46 778988 -0.0077486  -0.05735421  1.00214958
15 26 46 826619 -0.00631976 -0.05741405  1.00576901
15 26 46 881087 -0.00774717 -0.05604386  1.00293732
15 26 46 929077 -0.00628114 -0.05571675  1.00091076
15 26 46 978809 -0.00758958 -0.05489492  0.99883723
15 26 47 27649 -0.00624156 -0.05777049  1.00115728
15 26 47 82216 -0.01034856 -0.0548377   0.99863243
15 26 47 129609 -0.00896001 -0.05874419  0.99909186
15 26 47 178616 -0.00651431 -0.05707359  1.00275326
15 26 47 228659 -0.0089519  -0.05671906  1.00069308
15 26 47 278127 -0.00857472 -0.05857205  0.99867249
15 26 47 330391 -0.00702786 -0.05330276  0.99769282
15 26 47 380043 -0.00808334 -0.05613184  1.00234962
15 26 47 429853 -0.00798607 -0.05519938  1.00214863
15 26 47 477954 -0.00752783 -0.05606365  0.99997473
15 26 47 531594 -0.00607991 -0.05502295  1.00074291
15 26 47 580684 -0.00836086 -0.05482554  0.99939346
15 26 47 629650 -0.00913787 -0.05599451  1.00285435
15 26 47 680345 -0.00788355 -0.05489302  1.00156856
15 26 47 729065 -0.00566411 -0.05390096  1.00041914
15 26 47 781978 -0.00740862 -0.05553007  0.99936175
15 26 47 830510 -0.00823188 -0.05464435  0.99889016
15 26 47 880958 -0.00539875 -0.05616236  0.99621081
15 26 47 929243 -0.00607133 -0.05748439  0.99644351
15 26 47 982674 -0.00720406 -0.05497742  1.00041103
15 26 48 30559 -0.00699043 -0.05789018  1.00112987
15 26 48 81817 -0.00756478 -0.05792999  1.00000477
15 26 48 130765 -0.00422573 -0.0566361   0.99871397
15 26 48 180296 -0.00958371 -0.0546174   0.99975681
15 26 48 230925 -0.0087471  -0.05543137  0.99888229
15 26 48 280731 -0.00733495 -0.05532694  1.00159192
15 26 48 330064 -0.00745273 -0.0571723   0.99932718
15 26 48 380239 -0.00809312 -0.05477166  1.00085139
15 26 48 428125 -0.00232887 -0.05713463  0.99793983
15 26 48 482087 -0.00651217 -0.05652428  0.99971366
15 26 48 530516 -0.00907445 -0.05344605  0.99831104
