15 40 36 239428  1.66893005e-05 -5.48362732e-04 -4.72068787e-05
15 40 36 261882 5.71727753e-04 7.72476196e-05 1.90734863e-06
15 40 36 345785  4.43458557e-05 -2.09808350e-04  2.01702118e-04
15 40 36 454520 -1.69277191e-04 -2.01702118e-04 -2.47955322e-05
15 40 36 563248 -7.29560852e-05  8.53538513e-05  1.52111053e-04
15 40 36 672188 -8.44001770e-05  1.95026398e-04  4.39167023e-04
15 40 36 780963 -9.67979431e-05 -1.29222870e-04  8.20159912e-05
15 40 36 889742 -0.00020027  0.00044441 -0.00016356
15 40 36 998448  2.50339508e-04  1.56879425e-04 -1.95503235e-05
15 40 37 107336  3.00407410e-05 -1.77860260e-04  2.84194946e-04
15 40 37 216175  1.63078308e-04 -4.96864319e-04  4.76837158e-06
15 40 37 325099 -3.83853912e-04 -3.78608704e-04 -9.29832458e-05
15 40 37 433813  2.52723694e-05 -6.86645508e-05 -8.96453857e-05
15 40 37 542679 -5.57899475e-05 -1.52587891e-05 -9.05990601e-05
15 40 37 651390 -0.00017929 -0.0001564  -0.00021172
15 40 37 760236 -3.35693359e-04  7.58171082e-05  1.16348267e-04
15 40 37 868931 0.00032425 0.00021648 0.00013304
15 40 37 939562  1.28269196e-04  1.02519989e-04 -9.77516174e-05
15 40 38 45267  1.99794769e-04 -6.72340393e-04 -5.29289246e-05
15 40 38 154499  0.00024891 -0.00056028 -0.0002346 
15 40 38 263265  5.57899475e-05 -3.97205353e-04 -2.09331512e-04
15 40 38 372087  6.86645508e-05 -5.70297241e-04 -1.04904175e-04
15 40 38 480865  1.33514404e-04 -1.38759613e-04 -7.29560852e-05
15 40 38 589598 -2.05516815e-04  2.05039978e-05 -4.76837158e-07
15 40 38 698452 1.04904175e-05 8.96453857e-05 2.63214111e-04
15 40 38 807330 -5.67436218e-05  7.67707825e-05  1.39236450e-04
15 40 38 915985  4.29153442e-05 -4.86373901e-05  4.86373901e-05
15 40 39 25193  0.00021458 -0.00023127  0.00032139
15 40 39 133622  4.29153442e-05 -2.27928162e-04  1.53064728e-04
15 40 39 242465  8.63075256e-05 -3.67164612e-04  3.14712524e-05
15 40 39 351202 -1.94549561e-04  3.33786011e-06 -3.35216522e-04
15 40 39 460081  8.53538513e-05 -1.69277191e-04 -7.86781311e-05
15 40 39 568788 -3.29494476e-04 -2.95639038e-05 -1.74045563e-04
15 40 39 677619  3.81469727e-05 -5.81741333e-05  7.62939453e-06
15 40 39 786382 -2.22206116e-04  6.29425049e-05 -1.28746033e-05
15 40 39 894721 -0.00031614  0.00045156 -0.0001502 
15 40 40 3962  1.10149384e-04  7.20024109e-05 -6.75678253e-04
15 40 40 112818  2.24113464e-05 -1.83105469e-04  1.74999237e-04
15 40 40 221520 -0.00026464 -0.00013304 -0.00079393
15 40 40 330381 -0.00042963 -0.00010681 -0.00024033
15 40 40 439145 -3.34739685e-04  1.71184540e-04 -4.05311584e-05
15 40 43 187537 -4.14848328e-05  1.22070312e-04  7.20024109e-05
15 40 43 289423 3.52859497e-05 1.72615051e-04 1.16348267e-04
15 40 43 398300 -8.39233398e-05  6.10351562e-05  1.16348267e-04
15 40 46 106274  1.20639801e-04  1.47819519e-05 -1.90734863e-05
15 40 46 209678  0.00035    -0.0002656   0.00023556
15 40 46 318385 -1.90734863e-05 -3.22818756e-04  3.39508057e-04
15 40 49 26873  0.0002861  -0.00074863  0.0001545 
15 40 49 130078  0.00046301 -0.0001626   0.00018787
15 40 49 238934  2.95639038e-05 -1.11579895e-04  2.48432159e-04
15 40 51 944110 -2.53200531e-04  7.34329224e-05  2.58922577e-04
15 40 52 46471 -1.57356262e-05 -4.91142273e-05 -4.06742096e-04
15 40 52 155165 -0.00017548 -0.00015402 -0.00029898
15 40 54 863694  5.67436218e-05 -2.98500061e-04 -1.67369843e-04
15 40 54 966643 0.00019646 0.0001483  0.00012112
15 40 55 75462 -0.00021744 -0.0004549  -0.00062561
15 40 57 783873  2.95639038e-05 -7.91549683e-05 -5.19752502e-04
