14 58 29 415750  0.04933167 -0.28525734  0.95802116
14 58 29 434629  0.04781914 -0.28210831  0.95517921
14 58 29 460613  0.05230522 -0.27996063  0.95926476
14 58 29 464509  0.0515995  -0.28469086  0.95832062
14 58 29 506863  0.05254364 -0.27860069  0.95267105
14 58 29 510159  0.04934502 -0.28294373  0.95567894
14 58 29 557064  0.04669762 -0.28239441  0.95327187
14 58 29 603595  0.04694176 -0.28253555  0.95248222
14 58 29 608132  0.0490303  -0.27926636  0.95191574
14 58 29 611132  0.05255508 -0.28315544  0.95611763
14 58 29 656722  0.05157661 -0.2847023   0.95823288
14 58 29 659967  0.05083275 -0.28201294  0.96011925
14 58 32 297061  0.05166817 -0.27855492  0.95838165
14 58 32 345280  0.05417633 -0.28111839  0.9567585 
14 58 32 398993  0.04797935 -0.28401184  0.9584446 
14 58 32 447762  0.05410576 -0.28501701  0.95915413
14 58 32 497003  0.04987335 -0.28638077  0.95820427
14 58 32 546208  0.050354   -0.28004646  0.95412254
14 58 32 607914  0.05208397 -0.28468132  0.95623779
14 58 32 659505  0.04960251 -0.28330803  0.95433807
14 58 32 707427  0.04972458 -0.28111076  0.95574188
14 58 32 757634  0.05399323 -0.28028107  0.95296288
14 58 32 805736  0.0531559  -0.28574753  0.95618057
14 58 32 858941  0.05286789 -0.28371239  0.95521355
14 58 32 908654  0.05118752 -0.28359795  0.95386505
14 58 32 959668  0.04957199 -0.28156853  0.95489883
14 58 33 5762  0.05300713 -0.28122711  0.95313454
14 58 33 49833  0.05123901 -0.28454018  0.95776558
14 58 33 99526  0.0457859  -0.28022766  0.95547867
14 58 33 148598  0.0518055  -0.28063202  0.9565506 
14 58 33 197558  0.04911804 -0.28333664  0.95898438
14 58 33 246469  0.05041122 -0.27950668  0.95455551
14 58 33 299720  0.05094337 -0.28307343  0.9595356 
14 58 33 349168  0.05360413 -0.28099632  0.95768929
14 58 33 398171  0.05103111 -0.28414536  0.95437813
14 58 33 446856  0.04957008 -0.28725052  0.95418739
14 58 33 500419  0.05142212 -0.28140068  0.95659828
14 58 33 549304  0.05217934 -0.2780838   0.95515442
14 58 33 599095  0.05425262 -0.28398705  0.95617104
14 58 33 647582  0.04940796 -0.2791748   0.95472145
14 58 33 701508  0.04982567 -0.28256226  0.95685005
14 58 33 750045  0.05129242 -0.27962303  0.96053696
14 58 33 799864  0.04934311 -0.28086662  0.9568634 
14 58 33 848905  0.04977226 -0.28076744  0.95702171
14 58 33 897922  0.05106163 -0.28555679  0.95526505
14 58 33 950210  0.04940414 -0.281353    0.9570694 
14 58 34 744  0.04958534 -0.28437042  0.95367241
14 58 34 49667  0.04968071 -0.28425407  0.95544434
14 58 34 98699  0.05068016 -0.2826252   0.95299339
14 58 34 153069  0.0470047  -0.28504753  0.95652962
14 58 34 201254  0.05270576 -0.28363991  0.95707893
14 58 34 249716  0.05222321 -0.28475761  0.95622826
14 58 34 308062  0.05300331 -0.28663635  0.95849991
14 58 34 352196  0.04822731 -0.28366661  0.95959854
14 58 34 401585  0.05109215 -0.28181648  0.9594059 
14 58 34 450527  0.05008698 -0.27976227  0.9554615 
14 58 34 500180  0.05061531 -0.28286934  0.95680809
14 58 34 558872  0.05132866 -0.27849007  0.95399857
14 58 34 614570  0.05271339 -0.28298569  0.95611763
14 58 34 651331  0.0542202  -0.28099632  0.95750999
14 58 34 700753  0.04981804 -0.28110504  0.95355034
14 58 34 749492  0.053545   -0.28316689  0.95544624
14 58 34 798852  0.05015182 -0.28106499  0.9573555 
14 58 34 852152  0.0511837  -0.28469086  0.95668602
14 58 34 901605  0.05330467 -0.27707481  0.95376396
14 58 34 950181  0.04695892 -0.28909683  0.95854187
14 58 34 999909  2.07901001e-04 -1.50011177e+01 -5.99626160e+00
14 58 35 52500  0.05123138 -0.28383446  0.95529175
14 58 35 102559  0.05125237 -0.28685188  0.95957947
14 58 35 151659  0.0504837  -0.28009987  0.95590973
14 58 35 204645  0.04708099 -0.28292847  0.96011353
14 58 35 260241  0.04916382 -0.28442574  0.95332527
14 58 35 315804  0.05073166 -0.28162384  0.9564991 
14 58 35 351557  0.05064774 -0.28253937  0.95497322
14 58 35 400109  0.04948425 -0.28657532  0.95499039
14 58 35 454000  0.04676437 -0.28225136  0.95561981
14 58 35 503390  0.0465889  -0.28218079  0.95735168
14 58 35 552850  0.05305099 -0.28311157  0.96202469
14 58 35 601279  0.04831314 -0.28462219  0.9602375 
14 58 35 660236  0.05328369 -0.28308868  0.95805931
14 58 35 703905  0.04888916 -0.28842545  0.9549408 
14 58 35 753355  0.05049706 -0.28421783  0.95426369
14 58 35 802394  0.04872894 -0.28131866  0.95454407
14 58 35 851549  0.05212402 -0.28383446  0.95288277
14 58 35 900687  0.049263   -0.28312492  0.9549942 
14 58 35 954269  0.05220985 -0.28411293  0.951437  
14 58 36 2927  0.05057907 -0.28279495  0.95440483
14 58 36 52527  0.04781914 -0.28359985  0.95555496
14 58 36 100968  0.05226898 -0.28767776  0.95490837
14 58 36 150737  0.05093956 -0.28367615  0.95993042
14 58 36 203390  0.04995537 -0.28461647  0.95507431
14 58 36 253292  0.05158424 -0.2819519   0.95862007
14 58 36 302715  0.0482235  -0.28154755  0.95866394
14 58 36 355392  0.04926682 -0.28387451  0.95927811
14 58 36 404267  0.05231667 -0.28193474  0.95970345
14 58 36 454051  0.0465374  -0.28408623  0.95337296
