14 58 29 415750 -4.53472137e-04 -4.72068787e-05 -9.87052917e-05
14 58 29 434629 -1.38759613e-04  5.43594360e-05 -1.38282776e-05
14 58 29 460613 -0.00051069  0.00027132 -0.00028515
14 58 29 464509 -0.0004878   0.00019264 -0.00027466
14 58 29 506863 -4.41551208e-04  8.15391541e-05 -3.23772430e-04
14 58 29 510159 -0.00037336  0.0001955  -0.0002532 
14 58 29 557064  8.91685486e-05  4.43458557e-04 -4.34398651e-04
14 58 29 603595  1.17778778e-04  3.86238098e-05 -6.26087189e-04
14 58 29 608132  4.76837158e-06  8.10623169e-06 -3.05175781e-05
14 58 29 611132 -0.00058937 -0.00024891  0.00038195
14 58 29 656722 -2.51770020e-04 -8.53538513e-05 -1.41143799e-04
14 58 29 659967 -0.0001111  -0.00017452  0.00010824
14 58 32 297061 -5.67436218e-05 -1.94549561e-04  1.85489655e-04
14 58 32 345280 -2.33650208e-05 -5.98430634e-04  4.65869904e-04
14 58 32 398993  0.00034428 -0.00031376  0.00055313
14 58 32 447762 -4.19616699e-05 -5.32150269e-04  2.98976898e-04
14 58 32 497003 -0.00014734 -0.00017595 -0.00012732
14 58 32 546208 -4.72068787e-05  7.58171082e-05 -2.05039978e-05
14 58 32 607914 -1.85966492e-04 -2.14576721e-05  3.48091125e-04
14 58 32 659505 -2.05039978e-05  4.56809998e-04 -4.21047211e-04
14 58 32 707427 -0.00017118  0.00032043  0.00011826
14 58 32 757634 -0.0002408   0.00016975 -0.00035906
14 58 32 805736 -2.46047974e-04 -7.15255737e-06 -6.49929047e-04
14 58 32 858941  0.00041533 -0.00021505 -0.00061607
14 58 32 908654  1.38282776e-05 -2.85625458e-04 -3.17096710e-04
14 58 32 959668 -2.80380249e-04  2.81333923e-05 -6.19888306e-04
14 58 33 5762 -4.72068787e-04 -1.66893005e-05 -3.04698944e-04
14 58 33 49833 -0.0003171  -0.00038815 -0.00042725
14 58 33 99526 -1.66416168e-04 -4.81605530e-05 -1.95503235e-05
14 58 33 148598 -7.00950623e-05 -2.88486481e-04  1.70707703e-04
14 58 33 197558 -0.00010347  0.00015497  0.00027752
14 58 33 246469 -9.87052917e-05  1.17778778e-04  1.50203705e-04
14 58 33 299720 -2.67028809e-05  2.02655792e-04  2.77042389e-04
14 58 33 349168  0.00027609 -0.00014257  0.00039291
14 58 33 398171 -7.24792480e-05 -4.62532043e-05  1.34468079e-04
14 58 33 446856 -0.00038242 -0.00021887  0.00049686
14 58 33 500419 -6.00814819e-05  2.86102295e-05  2.62260437e-04
14 58 33 549304  0.00010729 -0.00029898  0.00043678
14 58 33 599095 -5.59329987e-04 -1.24454498e-04  5.34057617e-05
14 58 33 647582  4.29153442e-06 -2.07424164e-04  1.81198120e-05
14 58 33 701508 -8.10623169e-06 -1.28746033e-05  1.39236450e-04
14 58 33 750045  1.96456909e-04  3.67164612e-05 -1.80721283e-04
14 58 33 799864 -0.00014877  0.00032282 -0.00034046
14 58 33 848905 -1.67846680e-04  7.72476196e-05 -4.35352325e-04
14 58 33 897922  3.19480896e-05  4.03404236e-04 -1.40666962e-04
14 58 33 950210 -4.36306000e-04  1.59263611e-04 -1.66893005e-05
14 58 34 744 -4.05788422e-04 -8.53538513e-05 -1.61170959e-04
14 58 34 49667  0.00020218  0.00013638 -0.0001626 
14 58 34 98699 -1.33037567e-04 -5.34057617e-05 -4.76837158e-05
14 58 34 153069  0.00012302 -0.00018549 -0.00046253
14 58 34 201254 -8.34465027e-05 -1.06811523e-04 -3.48091125e-05
14 58 34 249716 -3.33786011e-06  5.86509705e-05  1.72615051e-04
14 58 34 308062  3.60965729e-04 -1.70230865e-04 -2.38418579e-06
14 58 34 352196 0.0001502  0.0002532  0.00038004
14 58 34 401585 -3.33786011e-06 -1.52587891e-04  2.85625458e-04
14 58 34 450527 -1.09672546e-04  2.97069550e-04  5.38825989e-05
14 58 34 500180  9.53674316e-05  1.99794769e-04 -4.86373901e-05
14 58 34 558872  2.76565552e-04  1.74999237e-04 -9.05990601e-06
14 58 34 614570  2.76565552e-05 -3.51905823e-04 -1.24931335e-04
14 58 34 651331 -1.95503235e-05 -1.79767609e-04  1.25408173e-04
14 58 34 700753 -1.12056732e-04 -6.10351562e-05  1.00135803e-05
14 58 34 749492  0.00010204  0.00029087 -0.00013733
14 58 34 798852 -4.11987305e-04  1.50203705e-04  7.48634338e-05
14 58 34 852152 -0.00028515  0.00037527 -0.00015259
14 58 34 901605  4.76837158e-05 -1.66893005e-04 -4.29630280e-04
14 58 34 950181 -3.00407410e-05  2.14576721e-05 -5.18321991e-04
14 58 34 999909 -0.00019407  0.03124952 -0.12500048
14 58 35 52500 -4.11510468e-04  1.13010406e-04  4.00543213e-05
14 58 35 102559 -0.00056887  0.00041485 -0.00215006
14 58 35 151659 -0.00105381  0.00051212 -0.00158119
14 58 35 204645 -0.0009675   0.00067759 -0.00117922
14 58 35 260241 -7.66754150e-04 -8.77380371e-05 -7.17639923e-04
14 58 35 315804 -6.61373138e-04  9.34600830e-05  1.88350677e-04
14 58 35 351557 -0.00021791 -0.00051355  0.00042677
14 58 35 400109 -5.91278076e-05 -1.93119049e-04  1.32703781e-03
14 58 35 454000  0.00013447 -0.00095654  0.00134039
14 58 35 503390  0.000144   -0.00094223  0.00209951
14 58 35 552850  0.00044775 -0.00070524  0.00193739
14 58 35 601279  0.00063372 -0.00122023  0.00203323
14 58 35 660236  0.00051785 -0.00039101  0.00134706
14 58 35 703905  0.00033665 -0.00032377  0.00144815
14 58 35 753355 1.77383423e-04 7.62939453e-06 1.17254257e-03
14 58 35 802394  4.00543213e-05 -1.86920166e-04  3.49998474e-04
14 58 35 851549  0.00033808  0.00051546 -0.00048447
14 58 35 900687 -0.00011015  0.00014544 -0.00090408
14 58 35 954269 -0.00019789  0.00034189 -0.00166178
14 58 36 2927 -0.00026131  0.00047302 -0.0019207 
14 58 36 52527  0.00017548  0.00038433 -0.00213099
14 58 36 100968  8.34465027e-05  6.84261322e-04 -2.02178955e-03
14 58 36 150737 -0.00040436  0.0005374  -0.00199366
14 58 36 203390  4.19616699e-05  1.57356262e-04 -1.94454193e-03
14 58 36 253292 -0.00039244  0.0004735  -0.00115108
14 58 36 302715 -7.20024109e-05  1.33514404e-05 -8.60214233e-04
14 58 36 355392 -1.32560730e-04  1.23977661e-05 -2.47001648e-04
14 58 36 404267 0.00011921 0.00013065 0.00025797
14 58 36 454051 -0.00011969 -0.00035906  0.0007062 
