10 49 59 93576 -0.20334435 -0.05957794  0.9704628 
10 49 59 132277 -0.2009182  -0.05296135  0.967453  
10 49 59 186440 -0.20455742 -0.05375862  0.97054672
10 49 59 232488 -0.20467758 -0.05966568  0.9743576 
10 49 59 282376 -0.19737434 -0.05719185  0.97576523
10 49 59 334036 -0.20286942 -0.05927658  0.97107506
10 49 59 382324 -0.204916   -0.05909729  0.96679878
10 49 59 434116 -0.20334625 -0.06192017  0.96855736
10 49 59 482903 -0.20355415 -0.06180763  0.97087097
10 49 59 535187 -0.19901085 -0.0607357   0.97480774
10 49 59 583585 -0.20082283 -0.06238174  0.97424316
10 49 59 631356 -0.20286179 -0.06186485  0.96871185
10 49 59 683188 -0.20114326 -0.06118202  0.96466446
10 49 59 732420 -0.20153999 -0.05967331  0.97552681
10 49 59 798887 -0.19788742 -0.06265259  0.97630882
10 49 59 897952 -0.20407486 -0.0612278   0.97567749
10 49 59 933911 -0.20100212 -0.05517387  0.97706985
10 49 59 945920 -0.19706345 -0.06022072  0.97287941
10 49 59 983078 -0.20113373 -0.0588398   0.97324562
10 50 0 35650 -0.19586754 -0.05852127  0.9792881 
10 50 0 104706 -0.19581795 -0.05579567  0.97942162
10 50 0 176353 -0.20046806 -0.05777168  0.96953964
10 50 0 188131 -0.19620132 -0.05787849  0.97152519
10 50 0 231281 -0.19677544 -0.05600548  0.97129631
10 50 0 282655 -0.1993885  -0.05799103  0.97116852
10 50 0 332827 -0.19325829 -0.05899048  0.96534729
10 50 0 383607 -0.20996284 -0.07400513  0.97591209
10 50 0 433226 -0.19484138 -0.06541443  0.97936249
10 50 0 481982 -0.18235588 -0.06054688  0.99879837
10 50 0 533646 -0.1923275  -0.05562973  0.97219658
10 50 0 582353 -0.21152496 -0.05331802  0.95399857
10 50 0 634245 -0.2031498  -0.07417679  0.95068741
10 50 0 683633 -0.19942474 -0.0662365   1.03426933
10 50 0 735114 -0.204422   -0.07795525  0.98116684
10 50 0 786222 -0.21904564 -0.06792831  0.94108772
10 50 0 831140 -0.20230293 -0.05326462  0.93592644
10 50 0 884104 -0.1887207  -0.04569435  0.99151421
10 50 0 932465 -0.21742439 -0.06562614  0.97867393
10 50 0 983575 -0.20537949 -0.05897331  0.99909401
10 50 1 32386 -0.18797684 -0.05869293  0.94304657
10 50 1 84760 -0.23295403 -0.0735569   0.94301605
10 50 1 133612 -0.20587349 -0.05607605  0.96472359
10 50 1 181364 -0.18464851 -0.07961655  0.97661972
10 50 1 233923 -0.22585487 -0.08179474  0.9654007 
10 50 1 282320 -0.21423721 -0.07217979  0.95748711
10 50 1 335040 -0.19169235 -0.07510948  0.94414139
10 50 1 383390 -0.21524811 -0.07374191  0.9775238 
10 50 1 431351 -0.20960236 -0.0653286   0.9674015 
10 50 1 481845 -0.20124817 -0.06374741  0.98903275
10 50 1 533120 -0.2031517  -0.06938744  0.98071289
10 50 1 582900 -0.1928215  -0.05431175  0.98987007
10 50 1 631645 -0.20202637 -0.06235123  0.9772892 
10 50 1 682126 -0.19354439 -0.06266022  0.99849129
10 50 1 733045 -0.19281197 -0.05942154  1.00394249
10 50 1 785050 -0.19558334 -0.06564903  1.00562859
10 50 1 834892 -0.19931793 -0.05577469  0.99504089
10 50 1 883219 -0.20423889 -0.05128098  0.99368858
10 50 1 937540 -0.20290565 -0.0508728   0.99279022
10 50 1 983515 -0.20038223 -0.06366158  1.01376724
10 50 2 30334 -0.19550133 -0.05738068  1.0038166 
10 50 2 92266 -0.20337296 -0.05871391  0.99495697
10 50 2 133469 -0.20214844 -0.05620956  0.98170853
10 50 2 185084 -0.19389915 -0.05400848  0.9841404 
10 50 2 233794 -0.19416237 -0.05656624  0.99718094
10 50 2 281230 -0.19872284 -0.06052399  1.00174141
10 50 2 333264 -0.19538116 -0.05491829  0.98659706
10 50 2 382655 -0.2038002  -0.05459213  0.97327995
10 50 2 435537 -0.20244026 -0.05431175  0.98560715
10 50 2 482716 -0.19228172 -0.04968262  1.00223351
10 50 2 534672 -0.19496536 -0.04680443  1.00899696
10 50 2 586105 -0.19121361 -0.05330658  0.99226761
10 50 2 632184 -0.19558334 -0.05154037  0.98007774
10 50 2 682592 -0.19487953 -0.04617119  0.99084282
10 50 2 732200 -0.18696594 -0.05114555  1.00479889
10 50 2 783839 -0.18515968 -0.04891777  1.00753403
10 50 2 831757 -0.18739128 -0.04948807  0.99739838
10 50 2 881488 -0.18825722 -0.05370712  0.98516464
10 50 2 934096 -0.1885891  -0.05461121  0.99113655
10 50 2 982253 -0.18153572 -0.04737091  1.01065063
10 50 3 33453 -0.18418884 -0.04769707  1.00789261
10 50 3 85416 -0.19400406 -0.05172157  1.00436211
10 50 3 134435 -0.19228363 -0.04988861  0.99066544
10 50 3 183721 -0.18604469 -0.05505562  0.99735832
10 50 3 230080 -0.18890572 -0.0525589   1.00659561
10 50 3 281663 -0.18749237 -0.05488968  1.00365448
10 50 3 333100 -0.19874954 -0.05559349  0.99747276
10 50 3 395457 -0.19314766 -0.05070114  0.99464226
10 50 3 454207 -0.19229126 -0.05441666  0.99123764
10 50 3 500337 -0.20069885 -0.04578972  0.99997711
10 50 3 553036 -0.19406319 -0.04552841  1.00287819
10 50 3 608191 -0.19740677 -0.04545975  0.99349403
10 50 3 664142 -0.2041626  -0.04222679  0.99510002
10 50 3 703078 -0.20140076 -0.04893112  0.99581909
10 50 3 761612 -0.19808388 -0.05091095  1.00187111
10 50 3 807595 -0.2008667  -0.04321861  0.99289703
10 50 3 849193 -0.20096588 -0.04560661  0.98390961
10 50 3 895878 -0.20129967 -0.04184532  0.98460579
10 50 3 956419 -0.2015667 -0.0408783  0.9906292
10 50 3 996620 -0.19875526 -0.04008484  0.99382782
10 50 4 59576 -0.19878769 -0.0397644   0.98825645
10 50 4 113932 -0.20113945 -0.03861809  0.9858551 
10 50 4 173602 -0.19722176 -0.04382706  0.98071289
10 50 4 226239 -0.19877815 -0.04067421  0.98861885
10 50 4 285914 -0.19717407 -0.04013443  0.98962402
10 50 4 341419 -0.19237709 -0.03888512  0.98651886
10 50 4 396317 -0.1992321  -0.03461456  0.98034096
10 50 4 447233 -0.19557571 -0.03590202  0.98143768
10 50 4 499588 -0.1955986  -0.03904915  0.98208046
10 50 4 555455 -0.19371033 -0.04215431  0.9847908 
10 50 4 605056 -0.18967819 -0.03682899  0.98096657
10 50 4 647952 -0.1936779  -0.03884125  0.97441864
10 50 4 687091 -0.19717216 -0.04265976  0.97600174
10 50 4 724519 -0.19400215 -0.04184151  0.98283577
10 50 4 763219 -0.19405746 -0.04545021  0.98295021
10 50 4 805891 -0.19703484 -0.04540825  0.97722244
10 50 4 857627 -0.19670868 -0.04011154  0.97613525
10 50 4 908010 -0.19535828 -0.03783798  0.9744339 
10 50 4 955995 -0.19552994 -0.04290009  0.98339462
10 50 4 999847 -0.19734764 -0.03921127  0.98069763
10 50 5 32758 -0.19914436 -0.04009056  0.98076057
10 50 5 89119 -0.19411278 -0.03998566  0.98015594
10 50 5 132524 -0.19141579 -0.04131317  0.97974586
10 50 5 183706 -0.18736458 -0.0377636   0.97806358
10 50 5 232431 -0.1909771  -0.04103851  0.97370338
10 50 5 280822  0.12425804 -0.8751564   4.50378609
10 50 5 333488 -0.18904877 -0.04148674  0.97220039
10 50 5 382504 -0.19165802 -0.03914642  0.97207451
10 50 5 433629  -0.18812561  -0.04050827 -13.62486839
10 50 5 483191 -0.17458916 -0.01408005  0.98159599
10 50 5 534594 -0.17018127 -0.01243401  0.98474884
10 50 5 583943 -0.166996   -0.01424599  0.98064995
10 50 5 631218 -0.16389847 -0.01540565  0.98724556
10 50 5 681790 -0.16831017 -0.01697731  0.98041153
10 50 5 731396 -0.16566467 -0.01041412  0.98307037
10 50 5 789927 -0.16661644 -0.0124073   0.98200035
10 50 5 854185 -0.16607285 -0.01422882  0.979599  
10 50 5 897949 -0.16326141 -0.01618576  0.97883987
10 50 5 950349 -0.16384888 -0.01664925  0.97788811
10 50 5 983523 -0.16908455 -0.01355743  0.9809227 
10 50 6 34649 -0.16365242 -0.0202179   0.97855186
10 50 6 85089 -0.1692028  -0.01234055  0.98396873
10 50 6 136273 -0.17169189 -0.0173111   0.98272133
10 50 6 184590 -0.16751671 -0.01253319  0.98308563
10 50 6 230511 -0.16511536 -0.01019287  0.98304749
10 50 6 295142 -0.16674232 -0.01236534  0.98580742
10 50 6 348709 -0.16744232 -0.00896645  0.98236465
10 50 6 393804 -0.16605377 -0.00602913  0.98482323
10 50 6 448044 -0.16579247 -0.01240158  0.97785378
10 50 6 480768 -0.16955566 -0.00940323  0.98444176
10 50 6 533206 -0.16658974 -0.00867271  0.98016739
10 50 6 582964 -0.1662426  -0.00919342  0.98432159
10 50 6 632692 -0.16840744 -0.008255    0.983284  
10 50 6 681957 -0.17237473 -0.00859261  0.97709274
10 50 6 734176 -0.16961288 -0.01276016  0.97989464
10 50 6 788040 -0.17315865 -0.01033592  0.98147774
10 50 6 830821 -0.16618729 -0.01553917  0.98415184
10 50 6 883384 -0.16945648 -0.0097599   0.98294449
10 50 6 932122 -0.16664886 -0.01471329  0.97759819
10 50 6 983116 -0.17205429 -0.01519012  0.97797203
10 50 7 31798 -0.17454338 -0.01807213  0.97492981
10 50 7 83587 -0.17432976 -0.01353073  0.97285843
10 50 7 132298 -0.16905975 -0.0127182   0.98165321
10 50 7 181203 -0.16853333 -0.02036667  0.98052788
10 50 7 235489 -0.17083359 -0.01813126  0.97634888
10 50 7 300033 -0.17163467 -0.02053833  0.9854393 
10 50 7 362701 -0.17738152 -0.01643372  0.97510719
10 50 7 412068 -0.18835068 -0.01465607  0.96960449
10 50 7 450113 -0.18494606 -0.0088768   0.97986412
10 50 7 501420 -0.18590546 -0.00723267  0.99510765
10 50 7 548804 -0.18035316 -0.00941658  0.99644852
10 50 7 603193 -0.16826057 -0.01273155  0.97351265
10 50 7 659678 -0.18292046 -0.01759148  0.97496605
10 50 7 719501 -0.16198349 -0.01512527  0.98083496
10 50 7 780206 -0.1672802  -0.02052116  0.98082733
10 50 7 824452 -0.17892075 -0.01775169  0.98861122
10 50 7 862311 -0.17274857 -0.01320648  0.97770882
10 50 7 902614 -0.17274475 -0.01379395  0.98397636
10 50 7 953088 -0.17485619 -0.01424408  0.98753357
10 50 7 983052 -0.16985893 -0.01669693  0.98451424
10 50 8 30269 -0.17038345 -0.01762199  0.98815346
10 50 8 89040 -0.17493629 -0.02111626  0.98173714
10 50 8 131051 -0.17363358 -0.01766777  0.9852066 
10 50 8 182499 -0.17631721 -0.01577377  0.9883728 
10 50 8 232872 -0.17476082 -0.01835632  0.98213959
10 50 8 281977 -0.17052269 -0.02261925  0.98571396
10 50 8 332392 -0.17170334 -0.02051926  0.98060989
10 50 8 380565 -0.17027473 -0.01517677  0.98284149
10 50 8 432530 -0.16880608 -0.01797104  0.98163223
10 50 8 481267 -0.16873169 -0.01526833  0.98805618
10 50 8 533533 -0.1712513  -0.01471329  0.98102379
10 50 8 583365 -0.17312431 -0.0128994   0.98179054
10 50 8 630223 -0.16557503 -0.01099205  0.98142242
10 50 8 681059 -0.16963196 -0.01254082  0.98300934
10 50 8 731130 -0.17401886 -0.00785065  0.98608589
10 50 8 782958 -0.16805267 -0.00970078  0.98428154
10 50 8 830995 -0.16195488 -0.01375961  0.98020172
10 50 8 880991 -0.16998863 -0.01140976  0.98446846
10 50 8 930743 -0.16809845 -0.01123238  0.9864006 
10 50 8 981119 -0.17018127 -0.01013947  0.97959137
10 50 9 33565 -0.16661835 -0.01100731  0.98266411
10 50 9 85135 -0.16285515 -0.00868797  0.98603058
10 50 9 134113 -0.16722488 -0.00880814  0.9840374 
10 50 9 183351 -0.16986465 -0.01244736  0.98455238
10 50 9 232287 -0.16959    -0.00800705  0.98524666
10 50 9 281948 -0.16419411 -0.00856209  0.98151779
10 50 9 333545 -0.16341019 -0.00737381  0.98398018
10 50 9 382359 -0.16882515  0.00113297  0.97978401
10 50 9 431725 -0.16617393 -0.00438499  0.97735023
10 50 9 481410 -0.16739655 -0.01160812  0.97826576
10 50 9 535060 -0.1678772  -0.00658226  0.99082756
10 50 9 581371 -0.165308   -0.00278091  0.99064445
10 50 9 633257 -0.16887283 -0.01193237  0.98279953
10 50 9 682553 -0.16683388 -0.0114193   0.98352432
10 50 9 736958 -0.16808128 -0.00790215  0.98602867
10 50 9 785747 -0.16465378 -0.01811409  0.98678589
10 50 9 830013 -0.16474152 -0.01259422  0.98636055
10 50 9 886612 -0.16928482 -0.01963043  0.98506927
10 50 9 934092 -0.16582489 -0.01472664  0.98228645
10 50 9 982483 -0.16754913 -0.01592636  0.98391724
10 50 10 31670 -0.16891098 -0.02045059  0.98405457
10 50 10 82889 -0.16653633 -0.01585388  0.97982216
10 50 10 132595 -0.17344666 -0.01181221  0.98142624
10 50 10 182401 -0.17134666 -0.01509476  0.98169327
10 50 10 232548 -0.17264366 -0.01332283  0.98507118
10 50 10 284108 -0.17229462 -0.00993156  0.98732758
10 50 10 336051 -0.17178917 -0.00716782  0.9829483 
10 50 10 382554 -0.17140579 -0.01129723  0.98034096
10 50 10 429111 -0.176054   -0.00758934  0.9792881 
10 50 10 480854 -0.17033958 -0.00610161  0.98232079
10 50 10 550293 -0.17622757 -0.00660706  0.98220634
10 50 10 597224 -0.17564392 -0.00449562  0.9803791 
10 50 10 635355 -0.17750549 -0.00892067  0.9777565 
10 50 10 679895 -0.17713165 -0.00603294  0.98064613
10 50 10 732346 -0.17500877 -0.00510597  0.98617935
10 50 10 783888 -0.17852783 -0.00214005  0.98381042
10 50 10 833038 -0.17991829 -0.00275612  0.98643875
10 50 10 881794 -0.17797852 -0.00697517  0.98589706
10 50 10 936936 -0.1754303  -0.0066185   0.98352814
10 50 10 983191 -0.17925262 -0.00456429  0.98469543
10 50 11 31388 -0.174366   -0.00506783  0.98406792
10 50 11 93623 -0.17486763 -0.01059151  0.98456764
10 50 11 135845 -0.17571259 -0.00990868  0.98602486
10 50 11 183952 -0.17204475 -0.0128994   0.98812866
10 50 11 231948 -0.17051697 -0.01662827  0.9852066 
10 50 11 299374  0.12431717  4.74993896 -4.49615097
10 50 11 333019 -0.17025757 -0.01154518  0.98659706
10 50 11 381219 -0.17811203 -0.01074028  0.98616982
10 50 11 452872 -1.80761337e-01 -1.12113953e-02 -1.35000019e+01
10 50 11 508326 -0.16841888  0.00650215  0.98607063
10 50 11 555231 -0.16552544  0.00716972  0.99162102
10 50 11 601505 -0.16774559  0.00359726  0.98670578
10 50 11 646003 -0.17019272  0.00506783  0.9896431 
10 50 11 681773 -0.16521263  0.00722694  0.99113083
10 50 11 729904 -0.1681118   0.00650215  0.98925018
10 50 11 787119 -0.16316986  0.00539589  0.98851776
10 50 11 831490 -0.163517    0.0019722   0.99258041
10 50 11 880183 -1.70757294e-01  8.18252563e-04  9.88834381e-01
10 50 11 932093 -1.70061111e-01  4.61578369e-04  9.87396240e-01
10 50 11 981108 -0.16942978  0.00253868  0.98786163
10 50 12 32218 -1.69399261e-01 -9.19342041e-04  9.92719650e-01
10 50 12 84604 -0.16868591 -0.00113678  0.99067497
10 50 12 133529 -1.65653229e-01 -1.23977661e-04  9.86316681e-01
10 50 12 182386 -0.16749573  0.00126266  0.9876976 
10 50 12 228903 -1.65494919e-01  1.37329102e-04  9.80821609e-01
10 50 12 280723 -0.16817856  0.00624084  0.99175072
10 50 12 330377 -0.16756821  0.00362778  0.98883438
10 50 12 381830 -1.69580460e-01  3.81469727e-04  9.85139847e-01
10 50 12 432597 -0.17131424  0.00182724  0.98552132
10 50 12 480042 -0.16765213  0.00111198  0.98835754
10 50 12 548134 -0.17053986  0.00520706  0.99246407
10 50 12 584795 -0.17105675  0.00687218  0.98657227
10 50 12 633051 -0.16840172  0.00341034  0.98858452
10 50 12 683191 -0.17207146  0.00263786  0.9853878 
10 50 12 733819 -0.16646576  0.00439262  0.98882484
10 50 12 785720 -0.17056465  0.00433922  0.98745155
10 50 12 830638 -0.16499901  0.0045929   0.98650742
10 50 12 880863 -0.16399193  0.00405693  0.99143028
10 50 12 930462 -1.69683456e-01 -9.88006592e-04  9.90718842e-01
10 50 12 981853 -0.16757584  0.00637627  0.98444557
10 50 13 32046 -0.1677475   0.00515175  0.98538017
10 50 13 83196 -0.16655922  0.00632668  0.98591614
10 50 13 132166 -0.1676178   0.00447083  0.98529625
10 50 13 181582 -0.16753578  0.00177574  0.98654747
10 50 13 232847 -1.64157867e-01 -1.77383423e-04  9.86516953e-01
10 50 13 282061 -0.16750336  0.00527191  0.98333359
10 50 13 333450 -0.16470528  0.00562286  0.9854641 
10 50 13 383972 -0.1690197   0.0085125   0.98443222
10 50 13 430305 -0.16624832  0.00646782  0.98880959
10 50 13 481874 -0.17004395  0.00459862  0.98688316
10 50 13 530351 -0.16258621  0.00555611  0.97788239
10 50 13 581782 -0.16623306  0.00327301  0.98470688
10 50 13 631640 -1.66944504e-01  8.14437866e-04  9.89471436e-01
10 50 13 678909 -0.17003822 -0.001194    0.984478  
10 50 13 731944 -0.16809082  0.00133514  0.98608589
10 50 13 787720 -0.16299438  0.00474167  0.99109268
10 50 13 831895 -1.65433884e-01  5.03540039e-04  9.85414505e-01
10 50 13 881727 -1.65058136e-01  4.74929810e-04  9.89545822e-01
10 50 13 932756 -0.16275406  0.00257301  0.98700714
10 50 13 982026 -0.15986824  0.00402641  0.98970795
10 50 14 29023 -0.1625309   0.00599289  0.98439407
10 50 14 88227 -0.16352844  0.00571632  0.9899292 
10 50 14 130009 -0.15892601  0.00227928  0.98726463
10 50 14 181539 -0.16014099  0.0031662   0.9886055 
10 50 14 230679 -0.16679382  0.00101852  0.98218727
10 50 14 279470 -0.16210556  0.00103951  0.98945236
10 50 14 333280 -0.16282463  0.00400734  0.98671532
10 50 14 381404 -0.16110229  0.00349236  0.98513985
10 50 14 432585 -0.16365051  0.00363731  0.98416901
10 50 14 495117 -0.16529083 -0.00154686  0.9860363 
10 50 14 552962 -0.16381645  0.00755882  0.98312569
10 50 14 608303 -0.16426468  0.00528717  0.98351097
10 50 14 646501 -0.16285896  0.00576782  0.99342537
10 50 14 692251 -0.1614418   0.00359344  0.98329926
10 50 14 749236 -0.16089058  0.00268173  0.98514366
10 50 14 802494 -0.16249847  0.00163841  0.98368454
10 50 14 848170 -0.16262817 -0.00105476  0.98919106
10 50 14 894977 -0.16337585 -0.00382996  0.9808197 
10 50 14 954945 -0.16155052 -0.00643349  0.9866581 
10 50 15 6593 -0.16222    -0.00125885  0.98959732
10 50 15 52892 -0.16393661 -0.00162888  0.98682404
10 50 15 93110 -0.16322327 -0.00476837  0.98234558
10 50 15 134553 -0.16295433 -0.0039711   0.98224068
10 50 15 182508 -0.1617527  -0.00396729  0.98382568
10 50 15 229881 -0.16132164  0.0011673   0.98015404
10 50 15 280947 -0.16142082  0.0011692   0.98080254
10 50 15 330219 -0.16244888 -0.00364304  0.98028183
10 50 15 381620 -0.16121674 -0.0033989   0.98637009
10 50 15 432648 -0.16061211 -0.00111198  0.98571968
10 50 15 481229 -1.62723541e-01 -5.41687012e-04  9.84960556e-01
10 50 15 532235 -0.15940094 -0.00395203  0.98457718
10 50 15 580528 -1.64590836e-01  3.70025635e-04  9.81836319e-01
10 50 15 632374 -1.65081024e-01 -5.77926636e-04  9.81550217e-01
10 50 15 680724 -0.16057777  0.00555229  0.98261642
10 50 15 734982 -0.16481209 -0.00238037  0.98005676
10 50 15 786237 -1.62408829e-01 -8.16345215e-04  9.84781265e-01
10 50 15 828817 -0.16233635 -0.00498772  0.98556137
10 50 15 880037 -1.62237167e-01 -9.67025757e-04  9.85607147e-01
10 50 15 932399 -1.63825989e-01 -8.10623169e-04  9.85965729e-01
10 50 15 981441 -1.63513184e-01 -2.00271606e-04  9.87030029e-01
10 50 16 30422 -1.58946991e-01  7.24792480e-05  9.81649399e-01
10 50 16 82905 -0.16380501  0.00152969  0.98210335
10 50 16 130752 -0.16324806  0.0031395   0.9819088 
10 50 16 180065 -1.63173676e-01 -6.58035278e-04  9.86486435e-01
10 50 16 232465 -0.16130257  0.00286293  0.98459053
10 50 16 280840 -1.61979675e-01 -3.50952148e-04  9.83781815e-01
10 50 16 333344 -0.16388893 -0.00266266  0.98653793
10 50 16 382687 -1.64073944e-01 -2.80380249e-04  9.82816696e-01
10 50 16 428506 -0.16174507  0.00393867  0.98169327
10 50 16 480320 -0.1612072   0.00172424  0.98284531
10 50 16 529492 -0.16210747  0.00123596  0.98204422
10 50 16 582039 -1.65653229e-01 -8.96453857e-05  9.87781525e-01
10 50 16 661791 -0.16312027  0.00245667  0.98513031
10 50 16 694728 -0.15948677 -0.00148773  0.9815712 
10 50 16 731828 -0.1635704  -0.00592232  0.98343086
10 50 16 784679 -0.16252136 -0.00113297  0.9823513 
10 50 16 833255 -0.16302872 -0.00175858  0.98571205
10 50 16 881194 -0.16313744 -0.0043354   0.98756981
10 50 16 933526 -0.16507721 -0.00937271  0.98452568
10 50 16 982179 -0.16484833 -0.00409889  0.98889923
10 50 17 31186 -0.16070557 -0.00418663  0.98334122
10 50 17 89418 -0.16195679 -0.00682831  0.98464775
10 50 17 134229 -0.16399765 -0.0053215   0.99015617
10 50 17 182574 -1.65353775e-01  5.47409058e-04  9.86608505e-01
10 50 17 231552 -1.68792725e-01 -6.86645508e-04  9.84956741e-01
10 50 17 279348 0.12435532 8.12499809 7.50385094
10 50 17 331377 -1.67304993e-01 -8.50677490e-04  9.87861633e-01
10 50 17 380508 -1.63177490e-01  5.64575195e-04  9.84582901e-01
10 50 17 431830 -1.67814255e-01  1.97219849e-03 -1.35001049e+01
10 50 17 481314 -0.16214943  0.00170708  0.98518562
10 50 17 532320 -0.16719627 -0.00306702  0.9849453 
10 50 17 581698 -0.16044807 -0.00272179  0.98504639
10 50 17 630497 -0.16508675 -0.00406265  0.98730659
10 50 17 680728 -0.16674805 -0.00334549  0.99235916
10 50 17 730982 -0.16470528 -0.01029778  0.99150085
10 50 17 782965 -0.1648407  -0.00360298  0.9920063 
10 50 17 831016 -0.16564369 -0.00276947  0.98274803
10 50 17 879475 -1.70312881e-01  3.01361084e-04  9.85351562e-01
10 50 17 931377 -0.16533852  0.00481606  0.98311234
10 50 17 980159 -1.64840698e-01  9.65118408e-04  9.83709335e-01
10 50 18 32939 -1.71373367e-01 -9.47952271e-04  9.84024048e-01
10 50 18 83435 -1.70660019e-01  2.09808350e-04  9.82797623e-01
10 50 18 132593 -0.17046165 -0.00414658  0.98428726
10 50 18 182957 -0.17176628  0.00235939  0.98290443
10 50 18 231751 -0.16545296  0.00122643  0.98568726
10 50 18 280998 -0.16780663  0.00143242  0.98783493
10 50 18 329955 -1.67739868e-01  9.17434692e-04  9.84432220e-01
10 50 18 381108 -0.16628265 -0.00319481  0.98405075
10 50 18 430645 -0.1694603  -0.00109673  0.98721313
10 50 18 479692 -1.66406631e-01 -4.38690186e-04  9.80934143e-01
10 50 18 531638 -0.16748619 -0.00107956  0.98617172
10 50 18 581382 -1.64365768e-01 -3.05175781e-05  9.87276077e-01
10 50 18 633246 -0.16850281 -0.00390816  0.98339081
10 50 18 681746 -0.16817284 -0.00282669  0.98927307
10 50 18 733323 -0.16763878 -0.00494003  0.98684883
10 50 18 784556 -0.16504669 -0.00617599  0.98887634
10 50 18 828843 -0.16995049 -0.00667572  0.9817791 
10 50 18 880095 -0.16653633 -0.00293732  0.98510551
10 50 18 929647 -0.16563606 -0.00331688  0.9830246 
10 50 18 981301 -0.16892815 -0.004179    0.98426437
10 50 19 30518 -0.16944695 -0.004673    0.9845829 
10 50 19 82584 -0.17063713 -0.00754738  0.98805237
10 50 19 133075 -0.1709137  -0.00492096  0.9818058 
10 50 19 180488 -0.16860199 -0.00709724  0.98599243
10 50 19 231927 -0.17272758 -0.01042938  0.98041153
10 50 19 280161 -0.17090416 -0.01123619  0.98535347
10 50 19 332938 -0.17222023 -0.00746918  0.97941971
10 50 19 381663 -0.1724453  -0.01068878  0.98605347
10 50 19 429443 -0.17045593 -0.01086426  0.98405838
10 50 19 481332 -0.16930199 -0.01461029  0.98490906
10 50 19 529022 -0.16955376 -0.01300049  0.98457336
10 50 19 580404 -0.17454338 -0.00967216  0.98495865
10 50 19 630097 -0.167799   -0.00982094  0.98634529
10 50 19 679665 -0.17241669 -0.01201439  0.98599052
10 50 19 731100 -0.17552185 -0.01150894  0.98393059
10 50 19 782605 -0.17144775 -0.0135498   0.98491478
10 50 19 847752 -0.17167664 -0.01392365  0.98675728
10 50 19 880664 -0.17033386 -0.01498413  0.98866844
10 50 19 932605 -0.17281532 -0.01273727  0.98536682
10 50 19 982270 -0.16977882 -0.01329041  0.98330879
10 50 20 29316 -0.17852592 -0.01366425  0.98810577
10 50 20 102449 -0.17417908 -0.01490211  0.98464012
10 50 20 147631 -0.17158318 -0.0145359   0.98364639
10 50 20 191750 -0.17110252 -0.01133537  0.9841671 
10 50 20 259875 -0.1703701  -0.01574135  0.98969841
10 50 20 295383 -0.17103004 -0.01236153  0.98186493
10 50 20 348396 -0.17224121 -0.01439476  0.97995949
10 50 20 400099 -0.17249489 -0.01476479  0.98430443
10 50 20 454771 -0.17128944 -0.01316071  0.98057365
10 50 20 499024 -0.17373848 -0.01462555  0.97766685
10 50 20 555405 -0.17554474 -0.01211739  0.98222542
10 50 20 603370 -0.1738205  -0.01390648  0.98501396
10 50 20 640863 -0.17316818 -0.0116291   0.98037529
10 50 20 680185 -0.17388344 -0.01298904  0.98603439
10 50 20 729164 -0.17210197 -0.01945305  0.98485374
10 50 20 781706 -0.17206764 -0.0128231   0.98645401
10 50 20 830582 -0.17239189 -0.01375198  0.98383713
10 50 20 878982 -0.17619896 -0.01583862  0.98377609
10 50 20 931492 -0.1787529  -0.01441193  0.98716545
10 50 20 979396 -0.17316628 -0.01252174  0.98776627
10 50 21 33808 -0.17453194 -0.01707077  0.98758125
10 50 21 83362 -0.17444801 -0.01502991  0.98211861
10 50 21 132150 -0.17346191 -0.01161957  0.98060417
10 50 21 182292 -0.16998482 -0.02288818  0.99043655
10 50 21 228735 -0.17129707 -0.0220871   0.98825645
10 50 21 280662 -0.17046165 -0.02136421  0.98902702
10 50 21 329488 -0.17342377 -0.01254845  0.98472404
10 50 21 381331 -0.17416382 -0.01711464  0.98234367
10 50 21 433212 -0.17146492 -0.02272606  0.98451042
10 50 21 478965 -0.17478561 -0.02134132  0.987257  
10 50 21 530604 -0.17153358 -0.01828003  0.98275185
10 50 21 579341 -0.17620468 -0.0149765   0.98449326
10 50 21 631944 -0.17493248 -0.02033234  0.98181915
10 50 21 680648 -0.17227364 -0.01904106  0.98584938
10 50 21 733584 -0.17544556 -0.01745987  0.98385811
10 50 21 798682 -0.17708015 -0.02414513  0.97778511
10 50 21 849891 -0.17573166 -0.02113533  0.98152542
10 50 21 901602 -0.17489815 -0.01967239  0.98392868
10 50 21 948174 -0.17262268 -0.01976013  0.98266792
10 50 21 996456 -0.17133904 -0.02319336  0.98270035
10 50 22 49620 -0.17206573 -0.01936531  0.98931503
10 50 22 103460 -0.17305565 -0.02186394  0.98635101
10 50 22 132345 -0.17422676 -0.0226078   0.98173523
10 50 22 179602 -0.17200279 -0.02168846  0.98321152
10 50 22 231889 -0.17365074 -0.0209713   0.98834419
10 50 22 281608 -0.17295647 -0.02502632  0.98836136
10 50 22 334003 -0.17849731 -0.02213669  0.98757553
10 50 22 382029 -0.17622948 -0.02259827  0.98965073
10 50 22 429660 -0.17584419 -0.01977348  0.98776054
10 50 22 480028 -0.1735096  -0.02297592  0.98251724
10 50 22 529473 -0.17617416 -0.02433395  0.98426437
10 50 22 581274 -0.17071152 -0.02277374  0.98458099
10 50 22 630473 -0.17609978 -0.02451324  0.98565292
10 50 22 681477 -0.17402458 -0.0219326   0.98451233
10 50 22 730934 -0.17300415 -0.02421951  0.99050331
10 50 22 782087 -0.17402649 -0.023386    0.98754883
10 50 22 831003 -0.17366028 -0.02579498  0.98835182
10 50 22 880215 -0.17538071 -0.02158165  0.98392677
10 50 22 931947 -0.17492485 -0.02346802  0.98751259
10 50 22 981183 -0.17494965 -0.02650261  0.98495483
10 50 23 28385 -0.17368698 -0.02491951  0.98445129
10 50 23 87435 -0.1738987  -0.02350616  0.99026871
10 50 23 130001 -0.17832184 -0.02436638  0.98393631
10 50 23 182933 -0.1739769  -0.02067566  0.98807526
10 50 23 230593 -0.17296028 -0.02287674  0.98724365
10 50 23 278664 -0.17582893 -0.02627373  0.99088097
10 50 23 331226 -0.17768097 -0.02708435  0.98945999
10 50 23 380396 -0.17474365 -0.02453423  0.98352814
10 50 23 431932  -0.17368126  -0.03074265 -13.62496185
10 50 23 480867 -0.17102242  0.00975227  0.98661423
10 50 23 532613 -0.16785812  0.01131439  0.99098587
10 50 23 581982 -0.17022896  0.00652313  0.98939133
10 50 23 628135 -0.16799736  0.01022911  0.98729324
10 50 23 698064 -0.16954994  0.01391029  0.98834801
10 50 23 751099 -0.17333603  0.01317978  0.98967934
10 50 23 800344 -0.16732597  0.01604271  0.99095917
10 50 23 831654 -0.16973686  0.01161575  0.98948669
10 50 23 880879 -0.17421913  0.01166344  0.9855938 
10 50 23 929960 -0.17163849  0.01472473  0.98537827
10 50 23 980533 -0.16979599  0.01256561  0.99150658
10 50 24 34800 -0.17097855  0.0098114   0.99024582
10 50 24 83813 -0.17099953  0.01247215  0.98835373
10 50 24 132747 -0.17218781  0.01153374  0.98988914
10 50 24 182639 -0.16867828  0.00845909  0.98858261
10 50 24 227577 -0.1714077   0.01322365  0.98912048
10 50 24 279901 -0.1692028   0.01038933  0.9926548 
10 50 24 329240 -0.17115974  0.01290321  0.99034882
10 50 24 382395 -0.17044067  0.01291656  0.98865509
10 50 24 430000 -0.16661835  0.01433372  0.98924828
10 50 24 479183 -0.17161942  0.01230621  0.98767281
10 50 24 531250 -0.17030334  0.0102272   0.99447632
10 50 24 579604 -0.16938972  0.01078033  0.98948479
10 50 24 634305 -0.16886711  0.00731087  0.98660088
10 50 24 680710 -0.16492081  0.01343918  0.98979378
10 50 24 731911 -0.16773796  0.01163483  0.99185371
10 50 24 783984 -0.16872215  0.00984192  0.98910904
10 50 24 829756 -0.16533279  0.0097599   0.98932076
10 50 24 880518 -0.17312813  0.00720787  0.9895134 
10 50 24 928823 -0.16798973  0.01596069  0.98499298
10 50 24 981240 -0.17138672  0.00849724  0.99278069
10 50 25 29929 -0.170578    0.01310539  0.98769569
10 50 25 84346 -0.17363548  0.01364326  0.98940849
10 50 25 130600 -0.17264938  0.01474571  0.99259758
10 50 25 179653 -0.16872025  0.01313019  0.98995018
10 50 25 231478 -0.1707077   0.00997353  0.99140549
10 50 25 280775 -0.16708374  0.0165062   0.99180984
10 50 25 331907 -0.16884804  0.01138496  0.9890213 
10 50 25 380936 -0.16832352  0.01384735  0.98877525
10 50 25 428309 -0.16746521  0.01635933  0.98702431
10 50 25 479449 -0.16764259  0.01492119  0.99003983
10 50 25 528853 -0.16334534  0.01098251  0.98736572
10 50 25 580217 -0.16970825  0.01588631  0.98850632
10 50 25 630534 -0.16497421  0.01114655  0.99063683
10 50 25 680239 -0.16552734  0.01259995  0.98734474
10 50 25 730522 -0.16214752  0.01250076  0.98745537
10 50 25 781202 -0.1674118   0.01190948  0.98834991
10 50 25 831241 -0.16558266  0.01182556  0.98474693
10 50 25 880805 -0.16158485  0.01346588  0.98754692
10 50 25 932150 -0.1648941   0.00989532  0.98318863
10 50 25 981066 -0.16143417  0.016716    0.98867416
10 50 26 29344 -0.1641407   0.01257324  0.98694229
10 50 26 87505 -0.16298294  0.01119804  0.98509216
10 50 26 129062 -0.16119194  0.01062775  0.98566055
10 50 26 180635 -0.16559792  0.01067543  0.98957825
10 50 26 230400 -0.16384888  0.00828171  0.9853878 
10 50 26 280773 -0.16456604  0.00722885  0.98833656
10 50 26 337975 -0.16598129  0.01151848  0.9896965 
10 50 26 395448 -0.16142845  0.00424385  0.98844147
10 50 26 431377 -0.16148949  0.00518227  0.98654747
10 50 26 487396 -0.16356087  0.00924683  0.99266243
10 50 26 531697 -0.16324425  0.00397301  0.98821449
10 50 26 581031 -0.163414    0.00977325  0.98782539
10 50 26 627952 -0.16257477  0.00803566  0.98480034
10 50 26 679494 -0.16233444 -0.00164223  0.98535919
10 50 26 730727 -0.16090775  0.00195122  0.98249626
10 50 26 791123 -1.62683487e-01 -7.62939453e-06  9.86898422e-01
10 50 26 853134 -1.63633347e-01  9.19342041e-04  9.85317230e-01
10 50 26 917135 -0.15647697  0.00385666  0.98433495
10 50 26 954293 -0.15861893  0.00117302  0.98039627
10 50 26 998881 -0.15880775  0.00239944  0.98496819
10 50 27 31570 -0.15553284  0.00226593  0.98024368
10 50 27 83256 -0.16080666 -0.00166512  0.98621368
10 50 27 131695 -0.16138268 -0.00226021  0.98373032
10 50 27 182361 -0.15378761 -0.00226212  0.98220825
10 50 27 227467 -0.16097641 -0.00533867  0.98009872
10 50 27 279956 -0.15529251 -0.00653458  0.98261642
10 50 27 330585 -0.15524864 -0.00211716  0.98577309
10 50 27 380928 -0.16225433 -0.00552177  0.98368073
10 50 27 430112 -0.15688896 -0.00152588  0.98371887
10 50 27 478736 -0.15772057  0.00130653  0.98528862
10 50 27 530217 -1.59252167e-01  9.02175903e-04  9.87415314e-01
10 50 27 580481 -0.16086769  0.00243378  0.98990822
10 50 27 631228 -0.15894508 -0.00137711  0.9853878 
10 50 27 680264 -1.58052444e-01 -7.17163086e-04  9.87491608e-01
10 50 27 763317 -0.15458107 -0.00221252  0.98850632
10 50 27 783828 -1.57264709e-01 -2.53677368e-04  9.85359192e-01
10 50 27 828206 -0.15921021 -0.00118256  0.98627853
10 50 27 882161 -0.15958214 -0.00318909  0.9823761 
10 50 27 928912 -0.15304947 -0.00415421  0.98150826
10 50 27 981216 -0.15402031 -0.00377846  0.98655128
10 50 28 29475 -0.1568222  -0.00938797  0.98374557
10 50 28 81059 -0.15164757 -0.00673676  0.98557281
10 50 28 129876 -0.15029907 -0.010252    0.98377991
10 50 28 179219 -0.15595055 -0.0084095   0.98921013
10 50 28 230173 -0.15812111 -0.0088253   0.98462105
10 50 28 279617 -0.15578079 -0.01222229  0.98614311
10 50 28 331669 -0.16183472 -0.00573921  0.98425102
10 50 28 385920 -0.1616745  -0.00655556  0.98508644
10 50 28 449855 -0.15323067 -0.00846291  0.98678207
10 50 28 489190 -0.15807915 -0.00709343  0.98226547
10 50 28 549196 -0.15338707 -0.01024437  0.98221397
10 50 28 580152 -0.15084267 -0.01107788  0.98362923
10 50 28 629778 -0.1563015  -0.01267433  0.98960686
10 50 28 680106 -0.1564579  -0.0111084   0.98005295
10 50 28 730062 -0.15458488 -0.01402855  0.9786911 
10 50 28 781560 -0.15365219 -0.01246452  0.97640038
10 50 28 832663 -0.15155792 -0.01049995  0.97813988
10 50 28 880227 -0.15654182 -0.01461792  0.98198891
10 50 28 931747 -0.15500832 -0.01332474  0.97747993
10 50 28 980699 -0.15727234 -0.01533508  0.97563553
10 50 29 28991 -0.15842438 -0.01609802  0.97500992
10 50 29 87037 -0.1611042  -0.01955032  0.97751999
10 50 29 128322 -0.15875053 -0.01831627  0.97769547
10 50 29 181084 -0.16002083 -0.01966286  0.97663689
10 50 29 229937 -0.15903282 -0.02236176  0.97383308
10 50 29 280430   0.12436485 -13.37507057  14.87880516
10 50 29 343998 -0.1598587  -0.01865578  0.97525215
10 50 29 399393 -0.16508865 -0.02210617  0.97857857
10 50 29 449882  -0.15852165  -0.02195358 -13.5001564 
10 50 29 502839 -0.15760612  0.00979042  0.99662209
10 50 29 550422 -0.15909958  0.01139832  0.99084473
10 50 29 605982 -0.15815163  0.01469612  0.9931488 
10 50 29 644173 -0.16597748  0.0119915   0.99399567
10 50 29 693792 -0.1680088   0.01404381  0.99501419
10 50 29 749104 -0.16120529  0.01408577  0.99085426
10 50 29 799683 -0.16222191  0.01312065  0.9928112 
10 50 29 847313 -0.16338158  0.0145359   0.98930931
10 50 29 898965 -0.16532516  0.01729202  0.98876762
10 50 29 948943 -0.16102028  0.01913261  0.99436188
10 50 30 1004 -0.16067696  0.01364517  0.99513054
10 50 30 50335 -0.163311    0.01195908  0.99251747
10 50 30 98769 -0.1635437   0.01389122  0.9919014 
10 50 30 147843 -0.16350555  0.01160049  0.99158859
10 50 30 180573 -0.16033936  0.0122757   0.99339294
10 50 30 227922 -0.16501427  0.01379395  0.9854908 
10 50 30 282976 -0.16672707  0.01363373  0.98753548
10 50 30 328687 -0.16078949  0.01096916  0.98942947
10 50 30 379353 -0.16498947  0.00956154  0.99132156
10 50 30 430950 -0.16581535  0.00803947  0.99507523
10 50 30 478007 -0.16786957  0.01407242  0.99066162
10 50 30 555069 -0.16688919  0.01097679  0.99310493
10 50 30 598997 -0.16784668  0.00590134  0.99752045
10 50 30 650095 -0.16776466  0.01233864  0.99483681
10 50 30 697094 -0.16695404  0.00825882  0.98970413
10 50 30 755720 -0.16207123  0.01139069  0.99367523
10 50 30 805633 -0.1630764   0.01507378  0.99185753
10 50 30 847735 -0.16421318  0.01814079  0.9921093 
10 50 30 892416 -0.16415215  0.02049828  0.99502754
10 50 30 950641 -0.16268349  0.01875496  0.99119377
10 50 30 996514 -0.15879059  0.01498222  0.99564171
10 50 31 45586 -0.16290855  0.01758575  0.99263   
10 50 31 81195 -0.16476059  0.01890182  0.99621773
10 50 31 131643 -0.16410065  0.01807404  0.99545288
10 50 31 178909 -0.16930389  0.01617622  0.99825668
10 50 31 231036 -0.16321182  0.0097599   0.99645042
10 50 31 280040 -0.16337585  0.01057243  0.9985981 
10 50 31 332410 -0.16444397  0.01609993  0.991539  
10 50 31 380924 -0.1627655   0.01428223  0.98952675
10 50 31 427346 -0.16559792  0.01189804  0.99325371
10 50 31 479318 -0.16433907  0.01306725  0.99271393
10 50 31 528656 -0.16334152  0.01343346  0.99249077
10 50 31 579894 -0.16502953  0.01258278  0.98745918
10 50 31 629309 -0.16139793  0.01123047  0.9944458 
10 50 31 696745 -0.15781975  0.01293373  0.98891068
10 50 31 751545 -0.16473007  0.01493454  0.98604202
10 50 31 798552 -0.15892601  0.01433372  0.98974228
10 50 31 852759 -0.1597271   0.01435852  0.9834404 
10 50 31 902763 -0.16078568  0.01570702  0.9849987 
10 50 31 932180 -0.16431999  0.0103569   0.98702049
10 50 31 981349 -0.15983963  0.01251602  0.98493958
10 50 32 27114 -0.16407585  0.01019287  0.98243141
10 50 32 87013 -0.15945244  0.01148033  0.98733139
10 50 32 130141 -0.16116905  0.01023293  0.9832859 
10 50 32 191789 -0.15937042  0.01256561  0.99065018
10 50 32 229837 -0.16029549  0.00674438  0.978508  
10 50 32 278463 -0.16757011  0.00919151  0.98446655
10 50 32 330818 -0.1582737   0.0149231   0.98735237
10 50 32 379175 -0.16039276  0.01011848  0.98284912
10 50 32 430296 -0.16003036  0.0123558   0.98118401
10 50 32 479298 -0.15812111  0.01129341  0.97854996
10 50 32 531321 -0.1613884   0.01194572  0.97828484
10 50 32 581271 -0.16047478  0.01370621  0.98221207
10 50 32 636668 -0.1595459   0.01294899  0.98414612
10 50 32 678825 -0.15833855  0.00845337  0.98638916
10 50 32 728670 -0.16048813  0.01343155  0.98191261
10 50 32 780437 -0.15917206  0.01042747  0.98188591
10 50 32 831709 -0.1586895   0.01275635  0.98471832
10 50 32 897680 -0.16192436  0.01339149  0.98215103
10 50 32 930047 -0.15681267  0.01524162  0.98549271
10 50 32 979240 -0.16338921  0.01074409  0.98451424
10 50 33 34511 -0.16049385  0.0132637   0.98511314
10 50 33 82726 -0.16130447  0.01562881  0.97980309
10 50 33 132388 -0.16005325  0.00959778  0.98228836
10 50 33 182010 -0.15812683  0.01252365  0.98291779
10 50 33 237463 -0.15932655  0.01394081  0.97417831
10 50 33 297282 -0.16050911  0.01228905  0.98132324
10 50 33 350545 -0.1551075   0.00619507  0.97932625
10 50 33 396004 -0.16074753  0.01269913  0.98190689
10 50 33 448910 -0.16179085  0.01125145  0.98111725
10 50 33 498197 -0.16268158  0.01111794  0.98281288
10 50 33 547364 -0.16044426  0.01006126  0.97598267
10 50 33 595654 -0.16205597  0.0081749   0.98871422
10 50 33 650622 -0.16123772  0.01053619  0.9833622 
10 50 33 699745 -0.1590519   0.00944138  0.98060226
10 50 33 752173 -0.15827751  0.01039886  0.98292923
10 50 33 803281 -0.16300583  0.014534    0.98381233
10 50 33 845300 -0.15995026  0.01498604  0.98425484
10 50 33 903311 -0.16059685  0.01621819  0.98118973
10 50 33 945363 -0.15820694  0.01851273  0.97612953
10 50 33 984242 -0.16082573  0.01792908  0.97859955
10 50 34 29512 -0.16069221  0.01123047  0.98453331
10 50 34 80813 -0.1612339   0.01178932  0.98278236
10 50 34 149363 -0.16042137  0.01866722  0.98369408
10 50 34 203427 -0.16288948  0.01779175  0.98325729
10 50 34 248668 -0.16341782  0.01586151  0.97989655
10 50 34 280692 -0.16163063  0.0151844   0.9810276 
10 50 34 332473 -0.15672112  0.01263428  0.98227501
10 50 34 380726 -0.16066551  0.01180267  0.98228264
10 50 34 427836 -0.16091537  0.01074219  0.98590851
10 50 34 478809 -0.16570473  0.01251984  0.98483658
10 50 34 527873 -0.16314888  0.01297951  0.98259354
10 50 34 579604 -0.1585083   0.01187706  0.98198509
10 50 34 628872 -0.1622448   0.01417732  0.98299026
10 50 34 677984 -0.16626549  0.01371002  0.98575592
10 50 34 730494 -0.16574478  0.01463127  0.98021317
10 50 34 781564 -0.16152382  0.01345253  0.98291397
10 50 34 833439 -0.16333199  0.00803375  0.98291397
10 50 34 879693 -0.16216469  0.01292801  0.98616028
10 50 34 932467 -0.16506386  0.01293945  0.98696899
10 50 34 983764 -0.16156006  0.01434326  0.98531914
10 50 35 27290 -0.16199112  0.00684738  0.98779106
10 50 35 86947 -0.16202736  0.01574516  0.98244286
10 50 35 129545 -0.16341972  0.01521492  0.9847641 
10 50 35 181597 -0.16397476  0.01502991  0.98621368
10 50 35 230509 -0.16669846  0.01253891  0.98321533
10 50 35 278112  0.12436295  3.62506294 -7.12114334
10 50 35 329651 -0.16075325  0.00921249  0.98868752
10 50 35 379179 -0.16282082  0.01275826  0.98671532
10 50 35 431568 -1.63480759e-01  1.22261047e-02 -1.35001965e+01
10 50 35 480665 -0.15619659  0.00874901  0.99552155
10 50 35 531285 -0.15332603  0.01108742  0.98665619
10 50 35 580166 -0.15402794  0.00751114  0.98322296
10 50 35 626732 -0.15365028  0.00948524  0.98453712
10 50 35 678147 -0.15169334  0.00588226  0.99157333
10 50 35 729517 -0.14792252  0.01091385  0.99107933
10 50 35 785534 -0.15475464  0.00375557  0.99154663
10 50 35 828655 -0.15455055  0.00411224  0.99120712
10 50 35 876996 -0.15079117  0.00424385  0.98999214
10 50 35 929647 -1.54380798e-01  6.69479370e-04  9.90758896e-01
10 50 35 977983 -0.15251923  0.00738907  0.98902702
10 50 36 30990 -0.1501503   0.00404358  0.98872948
10 50 36 82325 -0.15516853  0.003479    0.9897995 
10 50 36 130617 -0.15432549  0.00660133  0.98554611
10 50 36 179286 -0.15408134  0.00468826  0.98576546
10 50 36 226609 -0.1550312   0.00442505  0.98651123
10 50 36 278495 -0.15287971  0.00251579  0.98710823
10 50 36 327845 -0.15407944  0.00377655  0.98775291
10 50 36 379458 -0.15338707  0.0037365   0.98612785
10 50 36 429163 -1.53491974e-01 -1.75476074e-04  9.82791901e-01
10 50 36 477319 -0.15631676  0.00178146  0.98648453
10 50 36 530707 -0.15195847  0.00538635  0.99345207
10 50 36 580563 -0.15716553  0.00809097  0.99528503
10 50 36 630381 -0.15550995  0.00796509  0.98825264
10 50 36 679753 -0.15633583  0.00122643  0.98467064
10 50 36 732143 -0.15501022 -0.00117874  0.98628807
10 50 36 782209 -0.15426636  0.00424004  0.98918915
10 50 36 827311 -0.16366577 -0.00485229  0.98789597
10 50 36 879123 -0.14548874 -0.00159264  0.96569061
10 50 36 930460 -0.1559639   0.01638794  0.9765873 
10 50 36 979433 -0.145298    0.02354622  0.99765015
10 50 37 28806 -0.15705872  0.00860596  1.0079155 
10 50 37 99976 -0.14863968  0.01434898  1.01666641
10 50 37 148465 -0.1584549   0.00821114  0.99508858
10 50 37 197674 -0.16524506  0.01035118  0.96850586
10 50 37 231458 -0.14201927  0.0058403   0.96280479
10 50 37 278341 -0.13437462  0.01384926  0.99711609
10 50 37 330499 -0.14682007  0.01264954  1.00273895
10 50 37 404127 -0.14990616  0.01138878  0.97624969
10 50 37 448728 -0.15539551  0.00161171  0.97780609
10 50 37 494612 -0.15901756  0.00609207  0.99682999
10 50 37 549298 -0.14726639  0.00410843  0.99341583
10 50 37 602099 -0.14638901  0.00146103  0.97957039
10 50 37 628189 -0.15757561  0.00926208  0.97820473
10 50 37 677971 -0.15218353  0.0130024   0.98443985
10 50 37 729287 -0.15425682  0.00922966  0.99153137
10 50 37 781788 -0.15720177  0.01015091  0.99584961
10 50 37 829677 -0.15331268  0.01421165  0.99126053
10 50 37 879592 -0.15003777  0.00432968  0.98903847
10 50 37 930493 -0.15332413  0.0106144   0.98687363
10 50 37 979759 -0.15287781  0.01143456  0.98313713
10 50 38 27170 -0.15543556  0.01875687  0.97622299
10 50 38 85684 -0.15028     0.01457977  0.98917007
10 50 38 127813 -0.15000534  0.01078033  0.99614716
10 50 38 179019 -0.15496635  0.00920105  0.99768257
10 50 38 228747 -0.15276909  0.0126152   0.98943329
10 50 38 276827 -0.15343857  0.00993347  0.98929214
10 50 38 328829 -0.1568203   0.00307465  0.99182701
10 50 38 379421 -0.15725708  0.01038933  0.98681641
10 50 38 429941 -0.16417694  0.01209259  0.98552895
10 50 38 479892 -0.15912819  0.01486588  0.98915672
10 50 38 531938 -0.16130638  0.01233482  0.98841476
10 50 38 580048 -0.16132736  0.01127815  0.98941803
10 50 38 627019 -0.1579628   0.00977135  0.9904747 
10 50 38 679036 -0.15795135  0.01613808  0.99187851
10 50 38 728338 -0.15831375  0.01161575  0.9840126 
10 50 38 780484 -0.15747643  0.01317406  0.98356628
10 50 38 831059 -0.15542793  0.01270485  0.98587799
10 50 38 877936 -0.1534977   0.0144558   0.98900032
10 50 38 930038 -0.15382004  0.01109123  0.99284744
10 50 38 978719 -0.15649414  0.01185226  0.99113846
10 50 39 33095 -0.15400887  0.00930595  0.98343849
10 50 39 84412 -0.15997314  0.01548386  0.98612595
10 50 39 133103 -0.1572113   0.01384735  0.99023438
10 50 39 179058 -0.15754318  0.0130825   0.99065208
10 50 39 226834 -0.15620613  0.00968361  0.99166298
10 50 39 278385 -0.15945435  0.01060867  0.98615265
10 50 39 328502 -0.15757561  0.00941086  0.98436928
10 50 39 379247 -0.15837097  0.01418114  0.98888588
10 50 39 428121 -0.15543938  0.01211929  0.9826107 
10 50 39 477556 -0.15620041  0.01031685  0.98831177
10 50 39 529548 -0.1564045   0.01409531  0.98826218
10 50 39 578058 -0.15514565  0.01357079  0.98561668
10 50 39 629966 -0.1539917   0.00933266  0.98492622
10 50 39 678634 -0.15611076  0.01239586  0.98506737
10 50 39 730612 -0.15637589  0.00494766  0.98461914
10 50 39 782734 -0.15931129  0.00625992  0.98199844
10 50 39 827147 -0.15515709  0.00288773  0.97878265
10 50 39 877904 -0.15568733  0.00644302  0.98512268
10 50 39 927522 -0.15882111  0.00981712  0.98910904
10 50 39 979404 -0.15905762  0.0046711   0.98264694
10 50 40 27882 -0.15710068  0.00663757  0.98330688
10 50 40 80207 -0.16014862  0.00764465  0.98622131
10 50 40 129690 -0.15615654  0.00937653  0.98683929
10 50 40 177860 -0.15471268  0.00967216  0.98609543
10 50 40 229589 -0.15676498  0.00798416  0.98046875
10 50 40 279871 -0.15545464  0.00273514  0.97960281
10 50 40 331552 -0.15259933  0.01160431  0.98208237
10 50 40 381073 -0.15663719  0.00738716  0.98602867
10 50 40 428286 -0.15418053  0.01607323  0.98449707
10 50 40 479207 -0.15306473  0.01076126  0.98529625
10 50 40 528745 -0.15776443  0.01332283  0.98685646
10 50 40 579829 -0.15812111  0.01274681  0.98399353
10 50 40 628399 -0.15409851  0.01423645  0.98488808
10 50 40 678175 -0.15482903  0.01144791  0.9849205 
10 50 40 729316 -0.15705109  0.01429939  0.98902893
10 50 40 780563 -0.1561203   0.01102829  0.98548889
10 50 40 832060 -0.16547966  0.00857544  0.98558426
10 50 40 879300 -0.16251945  0.01212311  0.98491859
10 50 40 931267 -0.15909576  0.00998878  0.98442841
10 50 40 980050 -0.16319847  0.01033592  0.9818306 
10 50 41 27133 -0.15992737  0.00948906  0.98324013
10 50 41 87418 -0.16312027  0.00764275  0.98548126
10 50 41 128012 -0.1622448   0.00932693  0.98166466
10 50 41 180617 -0.16389465  0.00990677  0.98940849
10 50 41 230088 -0.15832329  0.00668335  0.98584938
10 50 41 277494   0.12436676 -15.99996948 -12.87115288
10 50 41 328538 -0.16122818  0.00649452  0.991539  
10 50 41 377725 -0.16083908  0.00586128  0.98461151
10 50 41 430421 -1.60522461e-01  7.83157349e-03 -1.35001354e+01
10 50 41 479560 -0.16956329 -0.00919533  0.98659897
10 50 41 531142 -0.17201614 -0.00976944  0.98448944
10 50 41 580308 -0.17694855 -0.00445175  0.97822189
10 50 41 626804 -0.17363358 -0.00902748  0.9837532 
10 50 41 678129 -0.17146492 -0.00910568  0.98299789
10 50 41 727223 -0.17173386 -0.01042366  0.99038315
10 50 41 781671 -0.1727066  -0.00998497  0.98450661
10 50 41 828634 -0.17383575 -0.01428223  0.98047256
10 50 41 877176 -0.17042923 -0.01166725  0.98317337
10 50 41 927436 -0.17534065 -0.00881386  0.98550987
10 50 41 981132 -0.17317009 -0.01075935  0.98400688
10 50 42 32104 -0.17568016 -0.01252174  0.98192024
10 50 42 82509 -0.1732235  -0.00507927  0.98868561
10 50 42 130862 -0.17004395 -0.0108223   0.98157883
10 50 42 180744 -0.17329407 -0.01126862  0.98721123
10 50 42 227656 -0.16915321 -0.01097107  0.9896698 
10 50 42 278428 -0.1744175  -0.01008034  0.98683739
10 50 42 327703 -0.17038345 -0.00888824  0.97737312
10 50 42 379435 -0.16866875 -0.01353455  0.98670769
10 50 42 428623 -0.17088127 -0.01215553  0.98906517
10 50 42 477805 -0.166996   -0.01360703  0.98800468
10 50 42 529537 -0.1686573  -0.0060997   0.98694992
10 50 42 578020 -0.17442894 -0.00932693  0.97968102
10 50 42 630839 -0.17137909 -0.01140022  0.98070335
10 50 42 680374 -0.16924667 -0.01449203  0.98993301
10 50 42 731954 -0.16949654 -0.01041794  0.98595047
10 50 42 783843 -0.16943932 -0.01176643  0.98755264
10 50 42 826844 -0.16770554 -0.00897026  0.98453522
10 50 42 880763 -0.17339325 -0.01527405  0.98592186
10 50 42 928767 -0.17472839 -0.01113892  0.9811306 
10 50 42 980595 -0.16963196 -0.01299477  0.99107361
10 50 43 27821 -0.17045403 -0.01158333  0.98490906
10 50 43 81193 -0.16941643 -0.01272964  0.98392677
10 50 43 128258 -0.17201233 -0.01286316  0.97992897
10 50 43 183406 -0.17050552 -0.0083046   0.98838615
10 50 43 230427 -0.17197418 -0.01424789  0.98973656
10 50 43 279311 -0.17127228 -0.01525497  0.98250961
10 50 43 332425 -0.1731205  -0.01375008  0.98529434
10 50 43 379917 -0.16801834 -0.01266098  0.98541069
10 50 43 426677 -0.16735077 -0.01254654  0.98250771
10 50 43 478705 -0.16770363 -0.01394081  0.98671532
10 50 43 528263 -0.17218971 -0.0132885   0.98517799
10 50 43 578728 -0.16691017 -0.01868439  0.98814583
10 50 43 628082 -0.16819382 -0.0159626   0.98226357
10 50 43 677761 -0.16786385 -0.01288605  0.98961449
10 50 43 729520 -0.16856575 -0.01600075  0.98571587
10 50 43 780669 -0.16605949 -0.01344299  0.98386192
10 50 43 832053 -0.16739273 -0.01195145  0.98567963
10 50 43 878738 -0.16495323 -0.01388931  0.99065208
10 50 43 930427 -0.16805267 -0.01537323  0.98662949
10 50 43 980157 -0.16685104 -0.01283455  0.99434853
10 50 44 26442 -0.16683197 -0.01397133  0.99176216
10 50 44 86084 -0.16375542 -0.01198959  0.99206161
10 50 44 128228 -0.16245842 -0.01358032  0.98986816
10 50 44 180818 -0.1672039  -0.01385689  0.99256897
10 50 44 228242 -0.16476059 -0.01345825  0.99136734
10 50 44 278461 -0.16953659 -0.01966286  0.98942947
10 50 44 330029 -0.16594887 -0.0134964   0.98604202
10 50 44 381082 -0.16374016 -0.01640892  0.99202728
10 50 44 430388 -0.1655674  -0.01340485  0.98575592
10 50 44 479758 -0.16614342 -0.01583099  0.98833084
10 50 44 531506 -0.16902542 -0.01640129  0.98888969
10 50 44 581661 -0.16640282 -0.01490593  0.99038315
10 50 44 627217 -0.16597557 -0.01579285  0.98452759
10 50 44 680869 -0.16732979 -0.0143528   0.99331665
10 50 44 728813 -0.16579056 -0.01170921  0.9895668 
10 50 44 780496 -0.16911888 -0.00733185  0.98886681
10 50 44 828245 -0.16662216 -0.0098362   0.99331284
10 50 44 876575 -0.1619854  -0.01074409  0.98448944
10 50 44 929602 -0.16455841 -0.00604248  0.98727608
10 50 44 978576 -0.16932487 -0.00930786  0.98847198
10 50 45 29775 -0.16641426 -0.00946999  0.99066734
10 50 45 82250 -0.16592407 -0.01075554  0.9874649 
10 50 45 130204 -0.17442131 -0.01296616  0.98157501
10 50 45 178984 -0.16950989 -0.01025581  0.98862457
10 50 45 226335 -0.16585159 -0.01784134  0.99579811
10 50 45 277810 -0.1706028  -0.0189991   0.99282455
10 50 45 326932 -0.17118454 -0.01525497  0.98397064
10 50 45 378480 -0.17073059 -0.02004433  0.9797554 
10 50 45 427650 -0.17187119 -0.02120781  0.99158287
10 50 45 476546 -0.16791534 -0.01735497  0.99273109
10 50 45 528654 -0.16711998 -0.01687813  0.98815536
10 50 45 581334 -0.17312622 -0.01888275  0.98063278
10 50 45 629447 -0.16941261 -0.01481056  0.98052979
10 50 45 677682 -0.16691208 -0.01698875  0.98934937
10 50 45 728492 -0.16530228 -0.01528358  0.9891777 
10 50 45 782553 -0.1679039  -0.01308441  0.98234558
10 50 45 826273 -0.17014313 -0.01093483  0.9820385 
10 50 45 877589 -0.16662788 -0.0121479   0.99121094
10 50 45 927048 -0.16257858 -0.00250053  0.98730659
