15 27 25 672795 0.0001173  0.00022364 0.00010586
15 27 25 759494 -2.38418579e-06 -3.95774841e-04 -1.70707703e-04
15 27 25 846280  0.00040579 -0.00036812 -0.00029755
15 27 25 933737 -9.72747803e-05 -3.55243683e-04 -1.88827515e-04
15 27 26 20712 -6.15119934e-05  5.19752502e-05  3.14712524e-05
15 27 26 107230 -0.00020218 -0.00035477 -0.00024796
15 27 26 194432 -1.12533569e-04 -2.97069550e-04 -1.19209290e-05
15 27 26 281041  0.0004921  -0.00041771  0.00042534
15 27 26 368078  0.00021076 -0.00039291 -0.00015354
15 27 26 454902 -5.24520874e-05 -2.30789185e-04 -3.80992889e-04
15 27 26 541151 -7.15255737e-06  3.57627869e-05  2.95639038e-05
15 27 26 628619 -5.00679016e-05 -2.66075134e-04  2.23636627e-04
15 27 26 715759 -0.00016022 -0.00020647 -0.00011253
15 27 26 803185 -1.15394592e-04 -3.40461731e-04  4.52995300e-05
15 27 26 889648 -4.74929810e-04 -9.53674316e-07  2.36034393e-04
15 27 26 977330 -4.55379486e-04 -3.11374664e-04 -9.05990601e-06
15 27 27 64955 -0.00021601 -0.0005188   0.00018215
15 27 27 152019 -2.58922577e-04  5.37395477e-04 -2.19345093e-05
15 27 27 239154 -2.78472900e-04  1.33037567e-04 -8.10623169e-06
15 27 27 325843 6.67572021e-06 1.59740448e-04 4.76837158e-06
15 27 27 412939  5.43594360e-05  1.67369843e-04 -2.24590302e-04
15 27 27 500045  0.0002718   0.00036907 -0.00021887
15 27 27 586905 -0.00010824 -0.00025702 -0.00033283
15 27 27 673876  7.72476196e-05  3.35693359e-04 -3.71932983e-05
15 27 27 761407 -1.33991241e-04  7.39097595e-05  4.26769257e-04
15 27 27 848147 -3.57627869e-05  1.06811523e-04 -2.86102295e-05
15 27 27 935052  1.92642212e-04 -5.10215759e-05 -6.15119934e-05
15 27 28 22059 -0.00016642  0.00017357 -0.00032377
15 27 28 109001  0.00014257  0.00028706 -0.00015068
15 27 28 195565 -0.0002017  -0.00013304  0.00018406
15 27 28 282386 -1.82628632e-04  4.14848328e-05  9.72747803e-05
15 27 28 367756 -0.00015306 -0.00015211 -0.00016451
15 27 28 453677 -1.23977661e-04 -4.86373901e-04  9.15527344e-05
15 27 28 540821  2.76565552e-05 -3.87191772e-04 -1.97887421e-04
15 27 28 627601 -3.83377075e-04  1.29699707e-04 -4.38690186e-05
15 27 28 715062  8.58306885e-05 -2.22682953e-04  1.09195709e-04
15 27 28 802512 -5.53131104e-05 -1.96456909e-04  1.20162964e-04
15 27 28 888637  9.48905945e-05 -4.47750092e-04  1.25408173e-04
15 27 28 975828 -0.00030565 -0.00030231 -0.00015497
15 27 29 62424 -1.85966492e-05 -3.60965729e-04 -1.07288361e-04
15 27 29 149044 -0.00023317  0.00046968 -0.00026989
15 27 29 236103 -1.83105469e-04 -8.82148743e-05 -3.70025635e-04
15 27 30 322939 -0.00027037 -0.00022602  0.00013399
15 27 30 409107 -9.15527344e-05 -3.11851501e-04 -2.78472900e-04
15 27 30 495551 -0.00023413  0.00018024  0.00012493
15 27 31 585358 -0.00019932  0.00025749 -0.00044823
15 27 31 673213  2.29835510e-04  1.00135803e-04 -1.81198120e-05
15 27 31 760722 -2.70843506e-04  6.19888306e-06 -9.53674316e-07
15 27 32 850420 -3.21865082e-04  3.09944153e-05 -1.52587891e-04
15 27 32 936887  2.05516815e-04  6.67572021e-05 -5.57899475e-05
15 27 33 23388  3.43322754e-05 -9.44137573e-05  5.57899475e-05
15 27 34 112052 -0.00034714  0.00032091  0.00034571
15 27 34 198215 2.57492065e-05 3.70502472e-04 1.59263611e-04
15 27 34 285031 -0.00012541  0.0001111   0.00016403
15 27 35 373693 -2.33173370e-04  1.30653381e-04 -3.29017639e-05
15 27 35 460883 -0.00044203  0.00039577  0.00010872
15 27 35 547243 -5.67436218e-05  2.57015228e-04 -1.66893005e-05
15 27 36 635110 -2.50816345e-04 -4.57763672e-05  3.19480896e-05
15 27 36 722238  1.28269196e-04  6.43730164e-05 -3.86238098e-05
15 27 36 809685  1.06334686e-04  4.16755676e-04 -5.86509705e-05
15 27 37 896443  1.83582306e-04  7.15255737e-05 -4.18663025e-04
15 27 37 983864 -2.77042389e-04  9.82284546e-05 -4.41551208e-04
15 27 38 70853  6.53266907e-05 -2.47955322e-05 -2.81333923e-05
15 27 39 158314 -2.68936157e-04 -1.30653381e-04  3.52859497e-05
15 27 39 246287 -1.85489655e-04 -9.96589661e-05  7.91549683e-05
15 27 39 333374  7.15255737e-06 -2.04563141e-04  1.14440918e-04
