10 18 33 544229 117551
10 18 33 546687 11590 117601
10 18 33 549314 11590 117651
10 18 33 576164 11590 117701
10 18 33 591725 
10 18 33 623547 11590 117301
10 18 33 639260 11590 117351
10 18 33 671243 11590 117401
10 18 33 687129 11590 117451
10 18 33 735140 11590 117501
10 18 33 737334 11590 117551
10 18 33 783338 11590 117601
10 18 33 785496 11590 117651
10 18 33 831084 11590 117701
10 18 33 833999 0 1999
10 18 33 878896 0 2049
10 18 33 881164 0 2099
10 18 33 926765 0 2149
10 18 33 928760 10 18 33 974659 10 18 33 990612 10 18 34 33214 10 18 34 44483 10 18 34 70872 10 18 34 86168 10 18 34 141038 10 18 34 148644 10 18 34 182680 10 18 34 184929 10 18 34 230601 10 18 34 233018 10 18 34 278232 10 18 34 279849 10 18 34 326346 10 18 34 328560 10 18 34 374047 10 18 34 375989 10 18 34 422029 10 18 34 423865 10 18 34 485696 10 18 34 487520 10 18 34 533984 10 18 34 536605 10 18 34 589314 20000
10 18 34 597097 -12 3149
10 18 34 640022 -2 3200
10 18 34 648571 92 3250
10 18 34 685317 10 18 34 695892 455 3300
10 18 34 725193 10 18 34 727133 10 18 34 773590 1270 3350
10 18 34 789548 10 18 34 837527 1799 3400
10 18 34 839607 10 18 34 894726 2176 3450
10 18 34 904095 2700 3500
10 18 34 942787 3258 3550
10 18 34 952067 10 18 34 990373 376010 18 35 3738  3600
10 18 35 29180 10 18 35 30997 10 18 35 86172 4291 3650
10 18 35 93849 4816 3700
10 18 35 127892 10 18 35 129916 10 18 35 172850 5317 3750
10 18 35 189429 5818 3800
10 18 35 229994 10 18 35 243117 6328 3850
10 18 35 295700 6812 3900
10 18 35 303520 10 18 35 341904 7334 3950
10 18 35 354441 10 18 35 392441 7866 4000
10 18 35 403404 10 18 35 435594 10 18 35 449101 8358 4050
10 18 35 477638 10 18 35 480410 10 18 35 525034 8838 4100
10 18 35 540665 10 18 35 573146 9340 4150
10 18 35 597196 9851 4200
10 18 35 630542 10 18 35 641391 10355 4250
10 18 35 684610 10 18 35 687390 10 18 35 732399 10859 4300
10 18 35 734697 10 18 35 780801 11365 4350
10 18 35 783891 10 18 35 828054 11861 4400
10 18 35 830092 10 18 35 875665 12360 4450
10 18 35 877894 10 18 35 923760 12858 4500
10 18 35 925544 10 18 35 971856 13303 4550
10 18 35 973769 10 18 36 35579 13705 4600
10 18 36 37492 10 18 36 84055 14098 4651
10 18 36 86527 10 18 36 131630 14471 4701
10 18 36 133781 10 18 36 179478 14818 4751
10 18 36 181495 10 18 36 227102 15133 4801
10 18 36 229083 10 18 36 297379 15436 4851
10 18 36 307006 15724 4901
10 18 36 330949 10 18 36 341683 15988 4951
10 18 36 393798 16228 5001
10 18 36 401454 10 18 36 434397 10 18 36 436441 10 18 36 482887 16450 5051
10 18 36 485113 10 18 36 530371 16664 5101
10 18 36 533117 10 18 36 578283 16883 5151
10 18 36 580349 10 18 36 626188 17075 5201
10 18 36 628234 10 18 36 674616 17230 5251
10 18 36 677233 10 18 36 737727 17373 5301
10 18 36 739573 10 18 36 795150 17531 5351
10 18 36 805745 17727 5401
10 18 36 833383 10 18 36 835316 10 18 36 889594 17900 5451
10 18 36 897404 17972 5501
10 18 36 936760 10 18 36 948181 17976 5551
10 18 36 984933 10 18 37 21627 17985 5601
10 18 37 34703 10 18 37 45582 18057 5651
10 18 37 73680 10 18 37 75935 10 18 37 121754 18256 5701
10 18 37 136922 10 18 37 185083 18517 5751
10 18 37 188100 1859510 18 37 233112  5801
10 18 37 235297 10 18 37 280949 18585 5851
10 18 37 282776 10 18 37 328792 18583 5901
10 18 37 330711 10 18 37 377182 18583 5951
10 18 37 379094 10 18 37 425271 18585 6001
10 18 37 428220 10 18 37 472905 18591 6051
10 18 37 488793 10 18 37 520699 18600 6102
10 18 37 536137 10 18 37 591122 18651 6152
10 18 37 598451 18825 6202
10 18 37 641517 19054 625210 18 37 649445 
10 18 37 689386 10 18 37 698455 19117 6302
10 18 37 734437 10 18 37 748217 19082 6352
10 18 37 777431 10 18 37 779489 10 18 37 824067 19087 6402
10 18 37 840146 19101 6452
10 18 37 872173 10 18 37 887856 10 18 37 935798 19128 6502
10 18 37 937746 1910 18 37 984199 174 6552
10 18 37 986424 10 18 38 39534 19273 6602
10 18 38 47305 19361 6652
10 18 38 79527 10 18 38 81434 10 18 38 127795 19440 6702
10 18 38 130055 10 18 38 177220 19478 6752
10 18 38 179452 10 18 38 229871 19478 6802
10 18 38 236766 10 18 38 286973 19478 6852
10 18 38 289553 19477 6902
10 18 38 335019 10 18 38 337126 10 18 38 383515 19476 6952
10 18 38 385472 10 18 38 431545 19475 7002
10 18 38 433631 10 18 38 479332 19475 7052
10 18 38 481232 10 18 38 527037 19475 7102
10 18 38 529103 10 18 38 582610 19475 7152
10 18 38 590806 19475 7202
10 18 38 632090 10 18 38 642193 19475 7252
10 18 38 686489 10 18 38 688524 19475 730210 18 38 734265 
10 18 38 736301 10 18 38 783029 19475 7352
10 18 38 785435 10 18 38 830409 19475 7402
10 18 38 832545 10 18 38 878697 19476 7452
10 18 38 880616 10 18 38 926659 19479 7502
10 18 38 928919 10 18 38 974407 19497 7552
10 18 38 976425 10 18 39 22459 19588 7602
10 18 39 38516 10 18 39 85773 19717 7652
10 18 39 87552 10 18 39 133852 19845 7702
10 18 39 135938 10 18 39 182565 19862 7752
10 18 39 184686 10 18 39 229931 19846 7802
10 18 39 232100 10 18 39 277491 19818 7852
10 18 39 293835 19804 7902
10 18 39 325439 10 18 39 327727 10 18 39 389263 19805 7952
10 18 39 391515 19807 8002
10 18 39 443393 19810 8052
10 18 39 451986 10 18 39 475473 10 18 39 492669 19812 8102
10 18 39 544686 19814 8152
10 18 39 552679 10 18 39 581404 10 18 39 584153 10 18 39 628760 19818 8202
10 18 39 630712 10 18 39 676732 19821 8252
10 18 39 678690 10 18 39 725048 19827 8302
10 18 39 741394 19832 8352
10 18 39 788217 10 18 39 790477 19835 8402
10 18 39 821157 10 18 39 841790 19841 8452
10 18 39 884641 10 18 39 886843 19848 8502
10 18 39 932332 10 18 39 934515 10 18 39 980286 19851 8552
10 18 39 982508 10 18 40 28024 19853 8602
10 18 40 30258 10 18 40 75788 19855 8652
10 18 40 78346 10 18 40 123702 19857 8702
10 18 40 125661 10 18 40 171616 19859 8752
10 18 40 187428 19861 8802
10 18 40 235440 1986310 18 40 237835 10 18 40 283556  8852
10 18 40 285805 10 18 40 330807 19865 8902
10 18 40 332713 10 18 40 379225 19867 8952
10 18 40 381402 10 18 40 427377 19868 9003
10 18 40 429844 10 18 40 475725 19870 9053
10 18 40 478345 10 18 40 522936 19880 9103
10 18 40 524897 10 18 40 586707 19959 9153
10 18 40 589015 20043 9203
10 18 40 634261 10 18 40 636071 10 18 40 682409 20105 9253
10 18 40 684237 10 18 40 730478 20142 9303
10 18 40 732726 10 18 40 778974 20152 9353
10 18 40 781669 10 18 40 827821 20152 9403
10 18 40 829703 10 18 40 874096 20152 9453
10 18 40 876167 10 18 40 937778 20151 9503
10 18 40 939913 20150 9553
10 18 40 986317 2010 18 40 989304 148 9603
10 18 41 33879 10 18 41 35961 10 18 41 82156 20144 9653
10 18 41 84160 10 18 41 130377 20139 9703
10 18 41 132847 10 18 41 178053 20130 9753
10 18 41 180177 10 18 41 226138 20121 9803
10 18 41 228150 10 18 41 274104 20115 9853
10 18 41 298625 20106 9903
10 18 41 321867 10 18 41 337918 20105 9953
10 18 41 369631 10 18 41 385652 10 18 41 433787 20102 10003
10 18 41 436092 20099 1010 18 41 481601 053
10 18 41 483712 10 18 41 529419 20098 10103
10 18 41 531383 10 18 41 577952 20098 10153
10 18 41 580559 10 18 41 625972 20098 10203
10 18 41 628333 10 18 41 673426 20097 10253
10 18 41 689360 20092 10303
10 18 41 720931 10 18 41 736952 10 18 41 785100 20091 10353
10 18 41 787322 20086 10403
10 18 41 833062 10 18 41 835221 10 18 41 889890 20068 10454
10 18 41 898457 20057 10504
10 18 41 929033 10 18 41 930955 10 18 41 976818 20055 10554
10 18 41 978797 10 18 42 25278 20055 10604
10 18 42 27555 10 18 42 72902 20055 10654
10 18 42 74969 10 18 42 136972 20055 10704
10 18 42 139218 20056 10754
10 18 42 184916 200610 18 42 187078 10 18 42 232545 3 10804
10 18 42 234659 10 18 42 280603 20080 10854
10 18 42 282739 10 18 42 328809 20081 10904
10 18 42 330896 10 18 42 376583 20079 10954
10 18 42 378690 10 18 42 424466 20079 11004
10 18 42 426579 10 18 42 472221 20079 11054
10 18 42 474473 10 18 42 542537 20079 11104
10 18 42 545055 20079 11154
10 18 42 584235 10 18 42 586779 20077 11204
10 18 42 631847 10 18 42 634306 10 18 42 681141 20074 11254
10 18 42 683045 10 18 42 727704 20073 11304
10 18 42 729781 10 18 42 777139 20070 11354
10 18 42 779339 10 18 42 823111 20064 11404
10 18 42 824938 10 18 42 887010 20050 11454
10 18 42 889471 20048 11504
10 18 42 934638 210 18 42 936880 10 18 42 982830 0047 11554
10 18 42 984775 10 18 43 30699 20045 11604
10 18 43 32955 10 18 43 85665 20044 11654
10 18 43 92923 20042 11704
10 18 43 126655 10 18 43 128660 10 18 43 175064 20040 11754
10 18 43 177235 10 18 43 222759 20038 11804
10 18 43 238556 20036 11854
10 18 43 286395 20034 11904
10 18 43 288559 10 18 43 333826 10 18 43 335926 20032 11954
10 18 43 381525 10 18 43 384097 10 18 43 429823 20030 12004
10 18 43 432170 10 18 43 477827 20030 12054
10 18 43 479834 10 18 43 525991 20029 12104
10 18 43 528264 10 18 43 573337 20028 12154
10 18 43 601831 20028 12204
10 18 43 628911 10 18 43 636631 20027 12254
10 18 43 669375 10 18 43 685154 20027 123010 18 43 732927 4
10 18 43 734742 10 18 43 781702 20026 12354
10 18 43 784168 10 18 43 829682 20026 12404
10 18 43 831856 10 18 43 877197 20025 12454
10 18 43 879546 10 18 43 925089 20024 12504
10 18 43 928120 10 18 43 972345 20024 12554
10 18 43 988842 20023 12604
10 18 44 20854 10 18 44 36494 20023 12654
10 18 44 84594 10 18 44 86697 20022 12704
10 18 44 132551 10 18 44 134812 20021 12754
10 18 44 180270 10 18 44 182369 10 18 44 235762 20021 12804
10 18 44 243586 20020 12854
10 18 44 278279 10 18 44 280328 10 18 44 324656 20020 12904
10 18 44 326885 10 18 44 372315 20019 12954
10 18 44 374283 10 18 44 436318 20019 13004
10 18 44 438774 20018 13054
10 18 44 484204 20018 1310 18 44 486602 104
10 18 44 531986 10 18 44 534049 10 18 44 579794 20018 13154
10 18 44 581745 10 18 44 628165 20017 13204
10 18 44 630083 10 18 44 676416 20017 13254
10 18 44 679300 10 18 44 730089 20017 13304
10 18 44 737792 20017 13355
10 18 44 797692 20016 13405
10 18 44 806626 10 18 44 841365 20016 13455
10 18 44 855598 10 18 44 883375 10 18 44 885828 20016 1350510 18 44 931245 
10 18 44 933203 210 18 44 979364 0016 13555
10 18 44 981216 10 18 45 27457 20015 13605
10 18 45 30108 10 18 45 75099 20015 13655
10 18 45 77071 10 18 45 123333 20015 13705
10 18 45 139136 20015 13755
10 18 45 186776 20015 13805
10 18 45 189253 10 18 45 218666 10 18 45 235100 10 18 45 282741 20014 13855
10 18 45 284536 10 18 45 330976 20014 13905
10 18 45 333082 10 18 45 379332 20014 13955
10 18 45 381671 10 18 45 427515 20014 14005
10 18 45 430625 10 18 45 475157 20014 14055
10 18 45 477460 10 18 45 522701 20014 14105
10 18 45 538686 20014 14155
10 18 45 570473 10 18 45 586308 20014 14205
10 18 45 634334 20014 14255
10 18 45 636634 10 18 45 682537 20014 143010 18 45 684743 10 18 45 730460 5
10 18 45 732762 10 18 45 778660 20013 14355
10 18 45 781018 10 18 45 825940 20013 14405
10 18 45 828008 10 18 45 874075 20013 14455
10 18 45 899016 20013 14505
10 18 45 933360 20013 14555
10 18 45 940958 10 18 45 996838 20013 14605
10 18 46 6383 10 18 46 41336 20013 14655
10 18 46 54528 10 18 46 81645 10 18 46 85984 20013 14705
10 18 46 129144 10 18 46 131615 10 18 46 177321 20013 14755
10 18 46 179277 10 18 46 224950 20013 14806
10 18 46 226896 10 18 46 288921 20013 14856
10 18 46 291312 20013 14906
10 18 46 336666 20013 14956
10 18 46 339132 10 18 46 384394 20013 10 18 46 386420 10 18 46 432533 15006
10 18 46 434497 10 18 46 480512 20013 15056
10 18 46 482506 10 18 46 528384 20013 15106
10 18 46 530314 10 18 46 576333 20013 15156
10 18 46 578188 10 18 46 624644 20013 15206
10 18 46 627638 10 18 46 672060 20013 15256
10 18 46 674224 10 18 46 735462 20013 15306
10 18 46 737733 20013 15356
10 18 46 783679 10 18 46 785878 20013 15406
10 18 46 831656 10 18 46 833886 20013 15456
10 18 46 879344 10 18 46 881340 10 18 46 927461 20013 15506
10 18 46 929430 10 18 46 976314 20013 15556
10 18 46 978280 10 18 47 24475 20014 15606
10 18 47 39393 20015 15656
10 18 47 87296 20016 15706
10 18 47 89345 10 18 47 134769 20016 15756
10 18 47 136911 10 18 47 182892 200110 18 47 184718 10 18 47 231788 6 15806
10 18 47 234782 20016 15856
10 18 47 278733 10 18 47 280553 10 18 47 326982 20016 15906
10 18 47 328779 10 18 47 375212 20016 15956
10 18 47 377415 10 18 47 422680 20016 16006
10 18 47 438756 20016 16056
10 18 47 470766 10 18 47 486488 20016 16106
10 18 47 534811 20016 16156
10 18 47 536845 10 18 47 582780 20016 16206
10 18 47 585036 10 18 47 630734 10 18 47 633135 20016 16256
10 18 47 678255 10 18 47 680286 10 18 47 726587 20016 16306
10 18 47 728677 10 18 47 796788 20016 16356
10 18 47 807326 20016 16406
10 18 47 831153 10 18 47 843325 20016 16456
10 18 47 870352 10 18 47 885893 20016 16506
10 18 47 933969 20016 16556
10 18 47 935874 10 18 47 981956 210 18 47 983884 10 18 48 30390 0016 16606
10 18 48 32512 10 18 48 78313 20016 16656
10 18 48 80886 10 18 48 126302 20016 16706
10 18 48 130235 10 18 48 173535 20016 16756
10 18 48 175544 10 18 48 221838 20016 16806
10 18 48 223902 10 18 48 286012 20016 16856
10 18 48 288435 20016 16906
10 18 48 334178 20016 16956
10 18 48 336635 10 18 48 381570 20016 17006
10 18 48 383541 10 18 48 429306 10 18 48 431301 20016 110 18 48 484388 7056
10 18 48 492619 20016 17106
10 18 48 540065 20016 17156
10 18 48 549059 10 18 48 576571 10 18 48 578890 10 18 48 637042 20016 17206
10 18 48 639513 20016 17256
10 18 48 685481 20016 17306
10 18 48 687852 10 18 48 733193 10 18 48 735566 20016 17356
10 18 48 781118 10 18 48 783398 20016 17406
10 18 48 829215 10 18 48 831322 10 18 48 877183 20016 17456
10 18 48 879242 10 18 48 925045 20016 17506
10 18 48 926926 10 18 48 988414 20016 17556
10 18 48 990340 20016 17606
10 18 49 20592 10 18 49 44846 20016 17656
10 18 49 84073 20016 17707
10 18 49 86092 10 18 49 132507 20016 17757
10 18 49 134655 10 18 49 180357 20010 18 49 182539 10 18 49 228451 16 17807
10 18 49 231179 10 18 49 285780 20016 17857
10 18 49 294461 20016 17907
10 18 49 333694 20016 17957
10 18 49 339454 10 18 49 371983 10 18 49 387743 20016 18007
10 18 49 419534 10 18 49 435249 20016 18057
10 18 49 483467 20016 18107
10 18 49 485331 10 18 49 531966 10 18 49 534352 20016 18157
10 18 49 579254 10 18 49 581368 20016 18207
10 18 49 627127 10 18 49 629509 10 18 49 675245 20016 18257
10 18 49 677378 10 18 49 734442 20016 18307
10 18 49 743169 20016 18357
10 18 49 796758 20016 18407
10 18 49 804661 10 18 49 835261 20016 18457
10 18 49 837801 10 18 49 882893 20016 1850710 18 49 885090 
10 18 49 930541 10 18 49 932811 10 18 49 978645 20016 18557
10 18 49 980838 210 18 50 26214 0016 18607
10 18 50 28073 10 18 50 74143 20016 18657
10 18 50 76522 10 18 50 122933 20016 18707
10 18 50 125550 10 18 50 186182 20016 18757
10 18 50 188931 20016 18807
10 18 50 234133 20016 18857
10 18 50 236525 10 18 50 281837 20016 18907
10 18 50 283943 10 18 50 329710 10 18 50 331838 20016 18957
10 18 50 377546 10 18 50 379593 10 18 50 425999 20016 19007
10 18 50 428231 10 18 50 473597 20016 19057
10 18 50 475670 10 18 50 537656 20016 19107
10 18 50 540055 20016 19158
10 18 50 585264 20016 19208
10 18 50 587454 10 18 50 632943 20016 19210 18 50 634785 58
10 18 50 681288 10 18 50 684245 20016 19308
10 18 50 729058 10 18 50 731069 10 18 50 778235 20016 19358
10 18 50 780393 10 18 50 833139 20016 19408
10 18 50 841182 20016 19458
10 18 50 872991 10 18 50 875614 10 18 50 921695 20016 19508
10 18 50 937058 20016 19558
10 18 50 984410 20016 19608
10 18 50 986432 10 18 51 32652 20016 19658
10 18 51 34422 10 18 51 80951 20016 19708
10 18 51 83139 10 18 51 128569 10 18 51 130933 20016 19758
10 18 51 177219 10 18 51 180118 20010 18 51 224922 16 19808
10 18 51 227406 10 18 51 288804 20016 19858
10 18 51 291187 20016 19908
10 18 51 320755 10 18 51 336101 20016 19958
10 18 51 384137 20016 20008
10 18 51 386272 10 18 51 432089 20016 10 18 51 434843 20058
10 18 51 479989 10 18 51 482248 20016 20108
10 18 51 528480 10 18 51 530338 10 18 51 576185 20016 20158
10 18 51 578304 10 18 51 623819 20016 20208
10 18 51 625747 10 18 51 671783 20016 20258
10 18 51 687794 20016 20308
10 18 51 735870 20016 20358
10 18 51 737977 10 18 51 783576 20016 20408
10 18 51 785664 10 18 51 832093 20016 20458
10 18 51 834568 10 18 51 879462 20016 2050810 18 51 881291 10 18 51 927508 
10 18 51 929551 10 18 51 977317 20016 20558
10 18 51 979369 10 18 52 23283 20016 20608
10 18 52 25344 10 18 52 71719 20016 20658
10 18 52 73872 10 18 52 135449 20016 20708
10 18 52 137739 20016 20758
10 18 52 182833 20016 20808
10 18 52 184691 10 18 52 230638 10 18 52 232564 20016 20858
10 18 52 278552 10 18 52 281090 20016 20908
10 18 52 326600 10 18 52 328592 10 18 52 374591 20016 20958
10 18 52 376584 10 18 52 422610 20016 21008
10 18 52 424573 10 18 52 486266 20016 21058
10 18 52 488561 20016 21108
10 18 52 533952 20016 21158
10 18 52 536305 10 18 52 581966 20016 21208
10 18 52 584034 10 18 52 630532 20016 21258
10 18 52 633007 10 18 52 677999 20016 21310 18 52 680174 10 18 52 725863 08
10 18 52 727886 10 18 52 773725 20016 21358
10 18 52 789387 20016 21408
10 18 52 837362 20016 21458
10 18 52 839451 10 18 52 885469 20016 21508
10 18 52 887933 10 18 52 933480 20016 21558
10 18 52 935629 10 18 52 981357 20016 21608
10 18 52 983537 10 18 53 28918 10 18 53 31174 20016 21658
10 18 53 76683 10 18 53 78610 10 18 53 124747 20016 21708
10 18 53 126854 10 18 53 188293 20016 21758
10 18 53 190648 20016 21808
10 18 53 221069 10 18 53 236600 20016 21858
10 18 53 284366 20016 21908
10 18 53 286526 10 18 53 332200 20016 21958
10 18 53 334183 10 18 53 387929 20016 22008
10 18 53 395112 10 18 53 428051 20016 10 18 53 462860 22059
10 18 53 476736 10 18 53 479531 10 18 53 524188 20016 22109
10 18 53 540099 20016 22159
10 18 53 572279 10 18 53 587518 20016 22209
10 18 53 619748 10 18 53 650004 20016 22259
10 18 53 695672 20016 22309
10 18 53 705755 10 18 53 731709 20016 22359
10 18 53 733731 10 18 53 779574 20016 22409
10 18 53 781734 10 18 53 828936 20016 22459
10 18 53 831126 10 18 53 875256 10 18 53 877119 10 18 53 923562 20016 22509
10 18 53 925481 10 18 53 971436 20016 22559
10 18 53 973792 10 18 54 35499 20016 22609
10 18 54 37871 20016 22659
10 18 54 83415 20016 22709
10 18 54 85733 10 18 54 131489 20016 22759
10 18 54 134001 10 18 54 179053 20010 18 54 181139 16 22809
10 18 54 226837 10 18 54 228908 10 18 54 290691 20016 22859
10 18 54 293045 20016 22909
10 18 54 323024 10 18 54 325943 10 18 54 396249 20016 22959
10 18 54 406338 20016 23009
10 18 54 434491 20016 23059
10 18 54 436469 10 18 54 489729 20016 23109
10 18 54 497140 10 18 54 541875 20016 23159
10 18 54 550896 10 18 54 578712 20016 23209
10 18 54 580996 10 18 54 626118 10 18 54 628579 20016 23259
10 18 54 674634 10 18 54 677077 20016 2310 18 54 744470 309
10 18 54 753100 20016 23359
10 18 54 786069 20016 23409
10 18 54 788011 10 18 54 834012 20016 23459
10 18 54 836127 10 18 54 882415 20016 23510
10 18 54 883957 10 18 54 930487 20016 23560
10 18 54 932583 10 18 54 978395 10 18 54 981463 20015 23610
10 18 55 25891 10 18 55 28028 10 18 55 73737 20015 23660
10 18 55 76391 10 18 55 121626 20015 23710
10 18 55 137665 20015 23760
10 18 55 169877 10 18 55 185284 20015 23810
10 18 55 233823 20015 23860
10 18 55 235853 10 18 55 281712 20015 23910
10 18 55 284077 10 18 55 341808 20015 23960
10 18 55 349552 10 18 55 377420 2001510 18 55 379438 10 18 55 425129  24010
10 18 55 426974 10 18 55 473175 20015 24060
10 18 55 496370 20015 24110
10 18 55 531272 20015 24160
10 18 55 541411 10 18 55 585202 20015 24210
10 18 55 587695 10 18 55 632794 20015 24260
10 18 55 634658 10 18 55 680832 20015 24310
10 18 55 682876 10 18 55 728532 10 18 55 730754 20015 24360
10 18 55 777951 10 18 55 780284 20015 24410
10 18 55 824129 10 18 55 840369 20015 24460
10 18 55 872377 10 18 55 888075 20014 24510
10 18 55 936066 20014 24560
10 18 55 938045 10 18 55 984167 20014 24610
10 18 55 986046 10 18 56 32138 20014 24660
10 18 56 34512 10 18 56 79734 20014 24710
10 18 56 81829 10 18 56 128207 20014 24760
10 18 56 130088 10 18 56 175535 2010 18 56 177673 10 18 56 223446 014 24810
10 18 56 225507 10 18 56 286990 20014 24860
10 18 56 289091 20014 24910
10 18 56 334775 20014 24960
10 18 56 336913 10 18 56 382998 20014 25010
10 18 56 384965 10 18 56 431277 20014 25060
10 18 56 433491 10 18 56 478802 20014 25110
10 18 56 481529 10 18 56 526632 10 18 56 530237 20014 25160
10 18 56 574434 10 18 56 576608 10 18 56 622318 20014 25210
10 18 56 624340 10 18 56 686070 20014 25260
10 18 56 688339 20014 25310
10 18 56 734149 20014 25360
10 18 56 736208 10 18 56 783658 20013 25410
10 18 56 785814 10 18 56 829959 20013 25460
10 18 56 832212 10 18 56 877814 20013 2551010 18 56 879887 
10 18 56 925630 20013 2556010 18 56 927702 10 18 56 973534 
10 18 56 975533 10 18 57 21470 20013 25610
10 18 57 37961 20013 25660
10 18 57 91424 20013 25710
10 18 57 105741 10 18 57 133702 20013 25760
10 18 57 135890 10 18 57 181369 20013 25810
10 18 57 183333 10 18 57 229586 20013 25860
10 18 57 231523 10 18 57 278422 20013 25910
10 18 57 293692 10 18 57 327562 20013 25960
10 18 57 329556 10 18 57 373578 10 18 57 389228 20013 26010
10 18 57 421132 10 18 57 436857 20013 26060
10 18 57 468965 10 18 57 485102 20013 26110
10 18 57 532920 20013 26160
10 18 57 535672 10 18 57 581340 20013 26210
10 18 57 583650 10 18 57 628999 20013 26260
10 18 57 631216 10 18 57 676628 20013 2610 18 57 678575 310
10 18 57 724753 10 18 57 740660 20012 26360
10 18 57 788335 20012 26411
10 18 57 789865 10 18 57 820567 10 18 57 836428 20012 26461
10 18 57 891484 20012 26511
10 18 57 899008 10 18 57 932788 20012 26561
10 18 57 934842 10 18 57 980682 20012 26611
10 18 57 983199 10 18 58 28521 20012 26661
10 18 58 30561 10 18 58 76473 20012 26711
10 18 58 78545 10 18 58 124361 10 18 58 127256 20012 26761
10 18 58 172020 10 18 58 174089 2010 18 58 236321 012 26811
10 18 58 238659 20012 26861
10 18 58 283939 20012 26911
10 18 58 286036 10 18 58 331949 20012 26961
10 18 58 333957 10 18 58 383455 20012 27011
10 18 58 385297 10 18 58 438781 20012 27061
10 18 58 446575 10 18 58 478159 20012 27111
10 18 58 480100 10 18 58 523920 10 18 58 526289 10 18 58 594428 20012 27161
10 18 58 603327 20012 27211
10 18 58 634656 20012 27261
10 18 58 636680 10 18 58 683201 20012 27311
10 18 58 685138 10 18 58 731794 20012 27361
10 18 58 734505 10 18 58 789171 20012 27411
10 18 58 797119 10 18 58 827328 20012 27461
10 18 58 829549 10 18 58 875241 20012 275110 18 58 876886 10 18 58 922941 1
10 18 58 939208 20012 27561
10 18 58 992328 20012 27611
10 18 58 999698 10 18 59 30124 20012 27661
10 18 59 34651 10 18 59 83366 20012 27711
10 18 59 85833 10 18 59 130296 20012 27761
10 18 59 132544 10 18 59 178385 20012 27811
10 18 59 180494 10 18 59 225872 10 18 59 228178 20012 27862
10 18 59 274076 10 18 59 290172 20012 27912
10 18 59 322238 10 18 59 337807 20012 27962
10 18 59 369805 10 18 59 392810 20012 28012
10 18 59 433940 20012 28062
10 18 59 436313 10 18 59 481373 20012 28112
10 18 59 483193 10 18 59 529258 20012 28162
10 18 59 531144 10 18 59 577851 20003 28212
10 18 59 580406 10 18 59 625346 19960 210 18 59 628230 8262
10 18 59 673377 10 18 59 688962 19800 28312
10 18 59 721104 10 18 59 736531 19596 28362
10 18 59 784865 19605 28412
10 18 59 786912 10 18 59 832760 19619 28462
10 18 59 834669 10 18 59 880616 19597 28512
10 18 59 882690 10 18 59 928377 19604 28562
10 18 59 930336 10 18 59 975980 10 18 59 978050 19611 28612
10 19 0 24280 10 19 0 26663 19616 28662
10 19 0 72177 10 19 0 88135 19623 28712
10 19 0 136373 19644 28762
10 19 0 138313 10 19 0 183803 19695 28812
10 19 0 185901 10 19 0 231808 19695 28862
10 19 0 233675 10 19 0 279898 19686 28912
10 19 0 281846 10 19 0 327981 19676 28962
10 19 0 330458 10 19 0 377350 196710 19 0 379605 6 29012
10 19 0 423586 1967610 19 0 425500 10 19 0 471954  29062
10 19 0 474372 10 19 0 535459 19675 29112
10 19 0 537795 19668 29162
10 19 0 583792 19668 29212
10 19 0 586048 10 19 0 631732 19673 29262
10 19 0 633834 10 19 0 679532 19683 29312
10 19 0 681401 10 19 0 727357 19695 29362
10 19 0 729232 10 19 0 776166 19799 29412
10 19 0 778609 10 19 0 823028 10 19 0 825114 19967 29462
10 19 0 887161 20094 29512
10 19 0 889484 10 19 0 934685 20043 29562
10 19 0 936726 10 19 0 983123 20016 29612
10 19 0 985245 10 19 1 40938 20049 29662
10 19 1 48192 10 19 1 78840 20045 29712
10 19 1 80783 10 19 1 126969 20037 29762
10 19 1 129322 10 19 1 174461 210 19 1 176800 0022 29812
10 19 1 222404 10 19 1 238766 20022 29862
10 19 1 298480 20024 29912
10 19 1 306669 10 19 1 345592 20024 29962
10 19 1 361013 10 19 1 382476 20024 30012
10 19 1 384562 10 19 1 430173 20024 30062
10 19 1 432091 10 19 1 478253 20024 30112
10 19 1 480220 10 19 1 526295 20024 30162
10 19 1 528803 10 19 1 574292 20024 30212
10 19 1 590211 10 19 1 622245 10 19 1 624750 20024 30262
10 19 1 670726 10 19 1 685578 20024 30312
10 19 1 734204 20024 30362
10 19 1 736460 10 19 1 781753 20024 30412
10 19 1 784013 10 19 1 829799 20023 30462
10 19 1 831622 10 19 1 885938 20023 30512
10 19 1 893330 10 19 1 933216 20023 30562
10 19 1 944065 10 19 1 983903 20023 30612
10 19 1 994092 10 19 2 28062 20023 30662
10 19 2 42116 10 19 2 95624 20022 30712
10 19 2 106219 10 19 2 133205 20021 30763
10 19 2 135478 10 19 2 181163 20021 30813
10 19 2 183355 10 19 2 229196 20019 30863
10 19 2 231787 10 19 2 277671 20016 30913
10 19 2 280438 10 19 2 325016 20015 30963
10 19 2 327149 10 19 2 379836 20014 31013
10 19 2 390086 10 19 2 436440 20014 31063
10 19 2 438537 10 19 2 484337 20012 31113
10 19 2 486330 10 19 2 532393 20009 31163
10 19 2 534965 10 19 2 580442 20002 31213
10 19 2 582126 10 19 2 628092 20002 31263
10 19 2 629916 10 19 2 676167 20001 31313
10 19 2 678440 10 19 2 723838 10 19 2 726173 20001 31363
10 19 2 787662 20001 31413
10 19 2 789623 10 19 2 835762 20001 31463
10 19 2 838522 10 19 2 890231 20001 31513
10 19 2 897497 10 19 2 931182 20000 31563
10 19 2 933026 10 19 2 979661 20000 31613
10 19 2 981981 10 19 3 27201 20000 31663
10 19 3 29164 10 19 3 74998 20000 31713
10 19 3 76835 10 19 3 123069 20000 31763
10 19 3 138720 10 19 3 187029 20000 31813
10 19 3 189036 10 19 3 218445 10 19 3 234606 20000 31863
10 19 3 282363 20000 31913
10 19 3 319016 10 19 3 330483 20000 31963
10 19 3 332495 10 19 3 378716 20000 32013
10 19 3 380852 10 19 3 434831 20000 32063
10 19 3 451528 10 19 3 474389 20000 32113
10 19 3 476496 10 19 3 522517 10 19 3 546243 20000 32163
10 19 3 585708 20000 32214
10 19 3 587483 10 19 3 634333 20000 32264
10 19 3 636598 10 19 3 681886 20000 32314
10 19 3 684039 10 19 3 729613 19999 32364
10 19 3 731625 10 19 3 777792 19999 32414
10 19 3 779653 10 19 3 825517 19999 32410 19 3 827416 64
10 19 3 873600 19999 32510 19 3 889271 14
10 19 3 921468 10 19 3 924572 10 19 3 985577 19999 32564
10 19 3 987714 19999 32614
10 19 4 33494 19999 32664
10 19 4 35766 10 19 4 81433 19999 32714
10 19 4 83971 10 19 4 129667 19999 32764
10 19 4 131663 10 19 4 178037 19999 32814
10 19 4 179930 10 19 4 225187 19999 32864
10 19 4 227307 10 19 4 288892 19999 32914
10 19 4 291103 10 19 4 336698 19999 32964
10 19 4 339061 10 19 4 385136 19999 33014
10 19 4 387280 10 19 4 432789 19999 33064
10 19 4 434648 10 19 4 481376 19999 33114
10 19 4 483994 10 19 4 528961 19999 33164
10 19 4 531823 10 19 4 576657 19999 33214
10 19 4 579095 10 19 4 624526 19999 10 19 4 626564 33264
10 19 4 672791 10 19 4 675333 20002 33314
10 19 4 751665 20002 33364
10 19 4 773123 20002 33414
10 19 4 802107 10 19 4 817760 10 19 4 843939 20002 33464
10 19 4 855101 10 19 4 880506 20002 33514
10 19 4 883079 10 19 4 928280 20002 33564
10 19 4 930207 10 19 4 976336 20002 33614
10 19 4 978250 10 19 5 24227 20002 33664
10 19 5 26133 10 19 5 72303 20002 33714
10 19 5 87774 10 19 5 119941 10 19 5 135996 20002 33764
10 19 5 184414 20002 33814
10 19 5 187120 10 19 5 232009 20002 33864
10 19 5 234103 10 19 5 279868 20002 33914
10 19 5 281982 10 19 5 328136 20002 33964
10 19 5 330224 10 19 5 375783 20002 34014
10 19 5 377766 10 19 5 423639 20002 34064
10 19 5 439329 10 19 5 471581 10 19 5 487197 20002 34114
10 19 5 535845 20002 34164
10 19 5 538592 10 19 5 583368 20002 34214
10 19 5 585612 10 19 5 631310 20002 34264
10 19 5 633218 10 19 5 688329 20002 34314
10 19 5 699607 10 19 5 726793 20002 34364
10 19 5 729352 10 19 5 776401 20002 34414
10 19 5 790699 10 19 5 822890 20002 34464
10 19 5 825272 10 19 5 870454 20002 34510 19 5 872403 10 19 5 934085 14
10 19 5 936010 20002 34564
10 19 5 982035 20002 34614
10 19 5 983860 10 19 6 29589 20002 34664
10 19 6 31504 10 19 6 78492 20002 34714
10 19 6 81015 10 19 6 126241 20002 34764
10 19 6 128470 10 19 6 173592 20002 34814
10 19 6 175482 10 19 6 221703 210 19 6 224030 0002 34864
10 19 6 285776 20002 34914
10 19 6 288027 10 19 6 333186 20002 34964
10 19 6 335413 10 19 6 381422 20002 35014
10 19 6 383551 10 19 6 429399 20002 35064
10 19 6 431565 10 19 6 477034 20002 35115
10 19 6 479041 10 19 6 525149 20002 35165
10 19 6 527497 10 19 6 572654 20002 35215
10 19 6 574445 10 19 6 636692 20002 35265
10 19 6 638660 10 19 6 684791 20002 35315
10 19 6 687051 10 19 6 732386 20002 35365
10 19 6 734862 10 19 6 780757 20002 35415
10 19 6 782906 10 19 6 828424 20002 35465
10 19 6 830432 10 19 6 876175 20002 35515
10 19 6 878962 10 19 6 924128 20002 35565
10 19 6 925942 10 19 6 987834 20002 35615
10 19 6 989852 10 19 7 21855 20002 35665
10 19 7 36086 10 19 7 83873 20002 35715
10 19 7 85971 10 19 7 132022 20002 35765
10 19 7 133901 10 19 7 179577 20002 35815
10 19 7 181650 10 19 7 228410 20002 35865
10 19 7 230566 10 19 7 276197 20002 35915
10 19 7 278225 10 19 7 323799 20002 35965
10 19 7 339816 10 19 7 372084 20002 36015
10 19 7 387187 10 19 7 419477 20010 19 7 435779 02 36065
10 19 7 483229 20002 36115
10 19 7 485919 10 19 7 531518 20002 36165
10 19 7 533663 10 19 7 579287 20002 36215
10 19 7 581320 10 19 7 627978 20002 36265
10 19 7 630280 10 19 7 675064 20002 36315
10 19 7 676824 10 19 7 723343 20002 36365
10 19 7 725456 10 19 7 786821 20002 36415
10 19 7 788965 10 19 7 835152 20002 36465
10 19 7 837763 10 19 7 882896 20002 36515
10 19 7 885387 10 19 7 937909 20002 36566
10 19 7 946505 10 19 7 979121 20002 36616
10 19 7 981320 10 19 8 26936 20002 36666
10 19 8 29034 10 19 8 74962 20002 36716
10 19 8 77228 10 19 8 122921 20002 36766
10 19 8 125453 10 19 8 186773 20002 36816
10 19 8 189067 10 19 8 241851 20002 36866
10 19 8 250531 10 19 8 291342 20002 36916
10 19 8 293865 10 19 8 330503 20002 36966
10 19 8 332663 10 19 8 378627 20002 37016
10 19 8 380944 10 19 8 426832 20002 37066
10 19 8 429176 10 19 8 474575 20002 37116
10 19 8 477211 10 19 8 538050 20002 37166
10 19 8 540237 10 19 8 585643 20002 37216
10 19 8 587582 10 19 8 640481 20002 37266
10 19 8 648052 10 19 8 681229 20002 37316
10 19 8 684029 10 19 8 729578 20002 37366
10 19 8 731633 10 19 8 777760 20002 37416
10 19 8 779576 10 19 8 825429 20002 37466
10 19 8 827574 10 19 8 873074 20002 37516
10 19 8 874965 10 19 8 921619 20002 37566
10 19 8 937071 10 19 8 969044 10 19 8 984849 20002 37616
10 19 9 33064 20002 37666
10 19 9 35531 10 19 9 80922 20002 37716
10 19 9 83251 10 19 9 128408 20002 37766
10 19 9 130239 10 19 9 176676 20002 37816
10 19 9 178919 10 19 9 224270 20002 37866
10 19 9 226125 10 19 9 288300 20002 37916
10 19 9 290384 10 19 9 320710 20002 37966
10 19 9 335791 10 19 9 384123 20002 38016
10 19 9 386239 10 19 9 432070 20002 38066
10 19 9 434388 10 19 9 479804 20002 38116
10 19 9 481883 10 19 9 527615 20002 38166
10 19 9 529420 10 19 9 575782 20002 38216
10 19 9 579125 10 19 9 623587 20002 38266
10 19 9 639590 10 19 9 671813 20002 38316
10 19 9 686872 10 19 9 735072 20002 38366
10 19 9 736884 10 19 9 783245 20002 38416
10 19 9 785433 10 19 9 830424 20002 38466
10 19 9 832400 10 19 9 879023 20002 38516
10 19 9 881076 10 19 9 926780 20002 38566
10 19 9 928981 10 19 9 974873 20002 38616
10 19 9 990351 10 19 10 23167 20002 38666
10 19 10 26040 10 19 10 70743 20002 38716
10 19 10 85989 10 19 10 134555 20002 38766
10 19 10 136548 10 19 10 182572 20002 38816
10 19 10 184728 10 19 10 230371 20002 38866
10 19 10 232314 10 19 10 278048 20002 38916
10 19 10 279856 10 19 10 326450 20002 38966
10 19 10 329310 10 19 10 374403 20002 39016
10 19 10 376509 10 19 10 430858 20002 39066
10 19 10 441749 10 19 10 485718 20002 39116
10 19 10 487683 10 19 10 533949 20002 39166
10 19 10 536059 10 19 10 592321 20002 39216
10 19 10 600388 10 19 10 629832 20002 39266
10 19 10 632488 10 19 10 677796 20002 39316
10 19 10 679831 10 19 10 725622 20002 39366
10 19 10 727685 10 19 10 773981 20002 39416
10 19 10 776178 10 19 10 837578 20002 39467
10 19 10 839718 10 19 10 885318 20002 39517
10 19 10 887389 10 19 10 933647 20002 39567
10 19 10 935727 10 19 10 981564 20002 39617
10 19 10 983836 10 19 11 29457 20002 39667
10 19 11 31574 10 19 11 77479 20002 39717
10 19 11 79509 10 19 11 125425 20002 39767
10 19 11 127617 10 19 11 173267 20002 39817
10 19 11 189012 10 19 11 221225 20002 39867
10 19 11 244136 10 19 11 292447 20002 39917
10 19 11 300067 10 19 11 333296 20002 39967
10 19 11 335399 10 19 11 381059 20002 40017
10 19 11 383161 10 19 11 438655 20002 40067
10 19 11 446440 10 19 11 484663 20002 40117
10 19 11 491802 10 19 11 525296 20002 40167
10 19 11 527657 10 19 11 580372 20002 40217
10 19 11 588894 10 19 11 620712 20002 40267
10 19 11 623038 10 19 11 684743 20002 40317
10 19 11 686843 10 19 11 732535 20002 40367
10 19 11 734420 10 19 11 780593 20002 40417
10 19 11 782633 10 19 11 828347 20002 40467
10 19 11 830188 10 19 11 876546 20002 40517
10 19 11 878805 10 19 11 924463 20002 40567
10 19 11 926498 10 19 11 972266 20002 40617
10 19 11 974513 10 19 12 35938 20002 40667
10 19 12 38098 10 19 12 84512 20002 40717
10 19 12 86899 10 19 12 131828 20002 40767
10 19 12 133867 10 19 12 179433 20002 40817
10 19 12 181335 10 19 12 227517 20002 40867
10 19 12 229603 10 19 12 291011 20002 40918
10 19 12 293061 10 19 12 323754 20002 40968
10 19 12 325927 10 19 12 386656 20002 41018
10 19 12 388808 10 19 12 435139 20002 41068
10 19 12 437253 10 19 12 490938 20002 41118
10 19 12 498829 10 19 12 536466 20002 41168
10 19 12 539342 10 19 12 578147 20002 41218
10 19 12 580460 10 19 12 637027 20002 41268
10 19 12 648105 10 19 12 677250 20002 41318
10 19 12 679440 10 19 12 738000 20002 41368
10 19 12 740288 10 19 12 793891 20002 41418
10 19 12 802748 10 19 12 842878 20002 41468
10 19 12 850415 10 19 12 892935 20002 41518
10 19 12 900429 10 19 12 941552 20002 41568
10 19 12 953760 10 19 12 990353 20002 41618
10 19 13 8628 10 19 13 39963 20002 41668
10 19 13 51890 10 19 13 81387 20002 41718
10 19 13 90409 10 19 13 130363 20002 41768
10 19 13 145754 10 19 13 184922 20002 41818
10 19 13 187388 10 19 13 233203 20002 41868
10 19 13 279450 20002 41918
10 19 13 281499 10 19 13 283323 10 19 13 328877 20002 41968
10 19 13 331182 10 19 13 376834 20002 42018
10 19 13 378799 10 19 13 424690 20002 42068
10 19 13 426641 10 19 13 472841 20002 42118
10 19 13 488598 10 19 13 520623 20002 42168
10 19 13 535971 10 19 13 584754 20002 42218
10 19 13 586911 10 19 13 642531 20002 42268
10 19 13 650453 10 19 13 691168 20002 42318
10 19 13 698975 10 19 13 728936 20002 42368
10 19 13 731480 10 19 13 776183 20002 42418
10 19 13 778026 10 19 13 824326 20002 42468
10 19 13 840070 10 19 13 872027 20002 42518
10 19 13 887758 10 19 13 935725 20002 42568
10 19 13 937965 10 19 13 983951 20002 42618
10 19 13 985785 10 19 14 32224 20002 42668
10 19 14 34342 10 19 14 80322 20002 42718
10 19 14 82748 10 19 14 127943 20002 42768
10 19 14 129998 10 19 14 175766 20002 42818
10 19 14 178398 10 19 14 224021 20002 42868
10 19 14 226513 10 19 14 287304 20002 42918
10 19 14 289367 10 19 14 335309 20002 42968
10 19 14 337295 10 19 14 391292 20002 43018
10 19 14 398508 10 19 14 447242 20002 43068
10 19 14 461860 10 19 14 491227 20002 43118
10 19 14 505234 10 19 14 528380 20002 43168
10 19 14 531008 10 19 14 575724 20002 43218
10 19 14 577917 10 19 14 623879 20002 43268
10 19 14 625816 10 19 14 687163 20002 43318
10 19 14 689293 10 19 14 734986 20002 43368
10 19 14 738557 10 19 14 782569 20002 43418
10 19 14 784897 10 19 14 830823 20002 43468
10 19 14 833250 10 19 14 879204 20002 43518
10 19 14 881374 10 19 14 927370 20002 43568
10 19 14 930283 10 19 14 974667 20002 43618
10 19 14 976485 10 19 15 23339 20002 43668
10 19 15 38481 10 19 15 70404 20002 43718
10 19 15 86287 10 19 15 134813 20002 43768
10 19 15 139319 10 19 15 182542 20002 43819
10 19 15 184906 10 19 15 231011 20002 43869
10 19 15 233075 10 19 15 278186 20002 43919
10 19 15 294170 10 19 15 326803 20002 43969
10 19 15 329215 10 19 15 374011 20002 44019
10 19 15 389760 10 19 15 422223 20002 44069
10 19 15 437466 10 19 15 470676 20002 44119
10 19 15 486068 10 19 15 534124 20002 44169
10 19 15 536917 10 19 15 581913 20002 44219
10 19 15 583831 10 19 15 629604 20002 44269
10 19 15 631747 10 19 15 677471 20002 44319
10 19 15 679496 10 19 15 731896 20002 44369
10 19 15 741990 10 19 15 781459 20002 44419
10 19 15 787959 10 19 15 821110 20002 44469
10 19 15 836736 10 19 15 884656 20002 44519
10 19 15 886470 10 19 15 932471 20002 44569
10 19 15 934335 10 19 15 980627 20002 44619
10 19 15 982699 10 19 16 28645 20002 44669
10 19 16 30750 10 19 16 76556 20002 44719
10 19 16 78707 10 19 16 124449 20002 44769
10 19 16 126604 10 19 16 172664 20002 44819
10 19 16 174743 10 19 16 235919 20002 44869
10 19 16 238068 10 19 16 284062 20002 44919
10 19 16 286254 10 19 16 331624 20002 44969
10 19 16 333477 10 19 16 380490 20002 45019
10 19 16 382699 10 19 16 435069 20002 45069
10 19 16 436947 10 19 16 475506 20002 45119
10 19 16 477739 10 19 16 523530 20002 45169
10 19 16 525687 10 19 16 587023 20002 45219
10 19 16 589019 10 19 16 634794 20002 45270
10 19 16 637407 10 19 16 683034 20002 45320
10 19 16 685345 10 19 16 731198 20002 45370
10 19 16 733148 10 19 16 787000 20002 45420
10 19 16 794030 10 19 16 835323 20002 45470
10 19 16 842492 10 19 16 874673 20002 45520
10 19 16 876754 10 19 16 923085 20002 45570
10 19 16 938483 10 19 16 986197 20002 45620
10 19 16 988389 10 19 17 18365 20002 45670
10 19 17 34477 10 19 17 82329 20002 45720
10 19 17 84698 10 19 17 130322 20002 45770
10 19 17 132357 10 19 17 178290 20002 45820
10 19 17 180496 10 19 17 226386 20002 45870
10 19 17 228684 10 19 17 274665 20002 45920
10 19 17 290077 10 19 17 331079 20002 45970
10 19 17 337568 10 19 17 370325 20002 46020
10 19 17 385719 10 19 17 443370 20002 46070
10 19 17 456245 10 19 17 492670 20002 46120
10 19 17 501255 10 19 17 539378 20002 46170
10 19 17 548811 10 19 17 585555 20002 46220
10 19 17 595029 10 19 17 625889 20002 46270
10 19 17 628450 10 19 17 674139 20002 46320
10 19 17 689104 10 19 17 721840 20002 46370
10 19 17 724688 10 19 17 785307 20002 46420
10 19 17 787244 10 19 17 841368 20002 46470
10 19 17 853626 10 19 17 881689 20002 46520
10 19 17 883920 10 19 17 928822 20002 46570
10 19 17 930727 10 19 17 977281 20002 46620
10 19 17 979411 10 19 18 25769 20002 46670
10 19 18 28193 10 19 18 72692 20002 46720
10 19 18 74832 10 19 18 143759 20002 46770
10 19 18 154059 10 19 18 194262 20002 46820
10 19 18 202004 10 19 18 241852 20002 46870
10 19 18 249534 10 19 18 290227 20002 46920
10 19 18 300041 10 19 18 339694 20002 46970
10 19 18 349545 10 19 18 388117 20002 47020
10 19 18 397154 10 19 18 424831 20002 47070
10 19 18 427107 10 19 18 472763 20002 47120
10 19 18 474837 10 19 18 536406 20002 47170
10 19 18 538596 10 19 18 584677 20002 47220
10 19 18 587316 10 19 18 632680 20002 47270
10 19 18 634897 10 19 18 680258 20002 47320
10 19 18 682251 10 19 18 728241 20002 47370
10 19 18 730410 10 19 18 776357 20002 47420
10 19 18 785344 10 19 18 823813 20002 47470
10 19 18 825827 10 19 18 880528 20002 47520
10 19 18 893559 10 19 18 920040 20002 47570
10 19 18 944763 10 19 18 983514 20002 47620
10 19 18 985353 10 19 19 31476 20002 47670
10 19 19 33570 10 19 19 80248 20002 47720
10 19 19 82232 10 19 19 127260 20002 47770
10 19 19 129267 10 19 19 175770 20002 47820
10 19 19 178147 10 19 19 223060 20002 47870
10 19 19 238681 10 19 19 286643 20002 47920
10 19 19 289204 10 19 19 334704 20002 47970
10 19 19 336735 10 19 19 382737 20002 48020
10 19 19 384949 10 19 19 431033 20002 48070
10 19 19 433087 10 19 19 478784 20002 48120
10 19 19 481011 10 19 19 526561 20002 48171
10 19 19 528559 10 19 19 574209 20002 48221
10 19 19 598255 10 19 19 632854 20002 48271
10 19 19 641945 10 19 19 679435 20002 48321
10 19 19 692941 10 19 19 741706 20002 48371
10 19 19 749428 10 19 19 789062 20002 48421
10 19 19 797936 10 19 19 838175 20002 48471
10 19 19 847310 10 19 19 896274 20002 48521
10 19 19 905762 10 19 19 926161 20002 48571
10 19 19 928672 10 19 19 973283 20002 48621
10 19 19 976133 10 19 20 21640 20002 48671
10 19 20 24141 10 19 20 93236 20002 48721
10 19 20 101084 10 19 20 132916 20002 48771
10 19 20 135040 10 19 20 181131 20002 48821
10 19 20 183059 10 19 20 228981 20002 48871
10 19 20 232055 10 19 20 277138 20002 48921
10 19 20 279495 10 19 20 325414 20002 48971
10 19 20 327992 10 19 20 372737 20002 49021
10 19 20 374865 10 19 20 436500 20002 49071
10 19 20 438609 10 19 20 494581 20002 49121
10 19 20 503084 10 19 20 543635 20002 49171
10 19 20 551395 10 19 20 587969 20002 49221
10 19 20 597153 10 19 20 634639 20002 49271
10 19 20 643174 10 19 20 676711 20002 49321
10 19 20 679310 10 19 20 724134 20002 49371
10 19 20 726065 10 19 20 788254 20002 49421
10 19 20 790451 10 19 20 819841 20002 49471
10 19 20 845787 10 19 20 883535 20002 49521
10 19 20 885377 10 19 20 932293 20002 49571
10 19 20 934791 10 19 20 980421 20002 49622
10 19 20 982744 10 19 21 28181 20002 49672
10 19 21 30250 10 19 21 75866 20002 49722
10 19 21 78204 10 19 21 123688 20002 49772
10 19 21 139544 10 19 21 171654 20002 49822
10 19 21 188123 10 19 21 220386 20002 49872
10 19 21 235003 10 19 21 283407 20002 49922
10 19 21 286256 10 19 21 331480 20002 49972
10 19 21 334088 10 19 21 379355 20002 50022
10 19 21 381530 10 19 21 427374 20002 50072
10 19 21 429455 10 19 21 481393 20002 50122
10 19 21 492339 10 19 21 523412 20002 50172
10 19 21 525782 10 19 21 571378 20002 50222
10 19 21 586757 10 19 21 635202 20002 50272
10 19 21 637431 10 19 21 690296 20002 50322
10 19 21 697890 10 19 21 731426 20002 50372
10 19 21 733570 10 19 21 778918 20002 50422
10 19 21 782679 10 19 21 826788 20002 50472
10 19 21 828922 10 19 21 874558 20002 50522
10 19 21 876523 10 19 21 922565 20002 50572
10 19 21 924649 10 19 21 986559 20002 50622
10 19 21 988818 10 19 22 34298 20002 50672
10 19 22 36526 10 19 22 82292 20002 50722
10 19 22 84450 10 19 22 130223 20002 50772
10 19 22 132082 10 19 22 178165 20002 50822
10 19 22 180499 10 19 22 226306 20002 50872
10 19 22 229204 10 19 22 273856 20002 50922
10 19 22 289378 10 19 22 337357 20002 50972
10 19 22 339491 10 19 22 385063 20002 51022
10 19 22 386913 10 19 22 433002 20002 51072
10 19 22 434924 10 19 22 481029 20004 51122
10 19 22 483695 10 19 22 529202 20008 51172
10 19 22 531274 10 19 22 577144 20009 51222
10 19 22 579450 10 19 22 624689 20009 51272
10 19 22 626965 10 19 22 672715 20009 51322
10 19 22 674692 10 19 22 736456 20010 51372
10 19 22 738782 10 19 22 785045 20011 51422
10 19 22 788368 10 19 22 832480 20011 51472
10 19 22 834568 10 19 22 880671 20012 51522
10 19 22 882471 10 19 22 928345 20014 51572
10 19 22 930535 10 19 22 975991 20016 51622
10 19 22 977994 10 19 23 24023 20017 51672
10 19 23 26188 10 19 23 71821 20017 51722
10 19 23 87814 10 19 23 119756 20017 51772
10 19 23 135767 10 19 23 184120 20017 51822
10 19 23 186440 10 19 23 231590 20017 51872
10 19 23 233861 10 19 23 279664 20017 51922
10 19 23 282027 10 19 23 327494 20017 51972
10 19 23 329692 10 19 23 375549 20017 52022
10 19 23 377761 10 19 23 423298 20017 52072
10 19 23 439129 10 19 23 471339 20017 52122
10 19 23 493621 10 19 23 542458 20017 52172
10 19 23 550402 10 19 23 593069 20017 52222
10 19 23 605027 10 19 23 645906 20017 52272
10 19 23 659104 200110 19 23 679309 7 52322
10 19 23 681172 10 19 23 727060 20017 52372
10 19 23 729244 10 19 23 774694 20017 52422
10 19 23 801104 10 19 23 822783 20017 52472
10 19 23 825448 10 19 23 870427 20017 52523
10 19 23 886236 10 19 23 934439 20017 52573
10 19 23 936634 10 19 23 982435 20017 52623
10 19 23 984621 10 19 24 30602 20017 52673
10 19 24 32567 10 19 24 78274 20017 52723
10 19 24 80491 10 19 24 126429 20017 52773
10 19 24 129432 10 19 24 174721 20017 52823
10 19 24 177358 10 19 24 222428 20017 52873
10 19 24 224651 10 19 24 285933 20017 52923
10 19 24 288215 10 19 24 333561 20017 52973
10 19 24 335364 10 19 24 381919 20017 53023
10 19 24 383978 10 19 24 430343 20017 53073
10 19 24 432512 10 19 24 478037 20017 53123
10 19 24 480131 10 19 24 526586 20017 53173
10 19 24 529308 10 19 24 588211 20017 53223
10 19 24 596398 10 19 24 621586 20017 53273
10 19 24 637709 10 19 24 687066 20017 53323
10 19 24 689325 10 19 24 733940 20017 53373
10 19 24 736448 10 19 24 781590 20017 53423
10 19 24 783895 10 19 24 829395 20017 53473
10 19 24 831470 10 19 24 877139 20017 53523
10 19 24 879114 10 19 24 925354 20017 53573
10 19 24 928372 10 19 24 972933 20017 53623
10 19 24 988993 10 19 25 21130 20017 53673
10 19 25 36536 10 19 25 68982 20017 53723
10 19 25 84685 10 19 25 132757 20017 53773
10 19 25 134633 10 19 25 180904 20017 53823
10 19 25 183260 10 19 25 228837 20017 53873
10 19 25 230908 10 19 25 277791 20017 53923
10 19 25 280100 10 19 25 324709 20017 53974
10 19 25 326841 10 19 25 372399 20017 54024
10 19 25 388521 10 19 25 420556 20017 54074
10 19 25 453173 10 19 25 484197 20017 54124
10 19 25 487113 10 19 25 532112 20017 54174
10 19 25 534262 10 19 25 579771 20017 54224
10 19 25 581888 10 19 25 627770 20017 54274
10 19 25 629806 10 19 25 675812 20017 54324
10 19 25 678025 10 19 25 722942 20017 54374
10 19 25 725001 10 19 25 771539 20017 54424
10 19 25 787285 10 19 25 835239 20017 54474
10 19 25 837316 10 19 25 883334 20017 54524
10 19 25 885424 10 19 25 931119 20017 54574
10 19 25 933171 10 19 25 979008 20017 54624
10 19 25 980963 10 19 26 27037 20017 54674
10 19 26 29316 10 19 26 75200 20017 54724
10 19 26 77748 10 19 26 122601 20017 54774
10 19 26 124763 10 19 26 186495 20017 54824
10 19 26 188770 10 19 26 241970 20017 54874
10 19 26 250384 10 19 26 291875 20017 54924
10 19 26 307491 10 19 26 350597 20017 54974
10 19 26 361013 10 19 26 377956 20017 55024
10 19 26 380218 10 19 26 426312 20017 55074
10 19 26 429173 10 19 26 473902 20017 55124
10 19 26 511226 20017 55174
10 19 26 546792 10 19 26 556145 10 19 26 585365 20017 55224
10 19 26 587306 10 19 26 633057 20017 55274
10 19 26 634834 10 19 26 681306 20017 55324
10 19 26 683379 10 19 26 729269 20017 55374
10 19 26 731248 10 19 26 777540 20017 55424
10 19 26 779751 10 19 26 825260 20017 55474
10 19 26 827347 10 19 26 873169 20017 55524
10 19 26 875183 10 19 26 921642 20017 55574
10 19 26 937139 10 19 26 968943 20017 55624
10 19 27 881 10 19 27 48114 20017 55674
10 19 27 68366 20017 55724
10 19 27 93145 10 19 27 108152 20017 55710 19 27 141326 74
10 19 27 153682 10 19 27 177412 20017 55824
10 19 27 180391 10 19 27 225199 20017 55874
10 19 27 227866 10 19 27 288847 20017 55924
10 19 27 291046 10 19 27 320846 20017 55974
10 19 27 336126 10 19 27 384415 20017 56024
10 19 27 386487 10 19 27 432879 20017 56074
10 19 27 435101 10 19 27 480255 20017 56124
10 19 27 484194 10 19 27 528768 20014 56174
10 19 27 531235 10 19 27 576549 20014 56224
10 19 27 578663 10 19 27 624435 20014 56274
10 19 27 626965 10 19 27 673154 20014 56324
10 19 27 688033 10 19 27 750497 20014 56374
10 19 27 765694 20014 56424
10 19 27 807015 10 19 27 824650 20014 56474
10 19 27 839520 10 19 27 853411 10 19 27 888249 20014 56524
10 19 27 898499 10 19 27 950929 20014 56574
10 19 27 961615 20014 56624
10 19 27 980358 10 19 27 982333 10 19 28 23731 20014 56674
10 19 28 25613 10 19 28 71716 20014 56724
10 19 28 74346 10 19 28 135813 20014 56774
10 19 28 138569 10 19 28 183619 20014 56824
10 19 28 185667 10 19 28 231671 20014 56875
10 19 28 233441 10 19 28 279592 20014 56925
10 19 28 281426 10 19 28 327511 20014 56975
10 19 28 329829 10 19 28 375408 20014 57025
10 19 28 377660 10 19 28 423375 20014 57075
10 19 28 425621 10 19 28 486959 20014 57125
10 19 28 489004 10 19 28 519669 20014 57175
10 19 28 535103 10 19 28 590016 20014 57225
10 19 28 597196 10 19 28 631159 20013 57275
10 19 28 632928 10 19 28 685880 20012 57325
10 19 28 692813 10 19 28 726631 20012 57375
10 19 28 728684 10 19 28 774616 20011 57425
10 19 28 777434 10 19 28 838058 20011 57475
10 19 28 840078 10 19 28 870201 20011 57525
10 19 28 885847 10 19 28 934134 20011 57575
10 19 28 936407 10 19 28 981788 20011 57625
10 19 28 983614 10 19 29 29761 20011 57675
10 19 29 31761 10 19 29 79131 20011 57725
10 19 29 81259 10 19 29 133020 20011 57775
10 19 29 140415 10 19 29 174542 20011 57825
10 19 29 189500 10 19 29 221459 20011 57875
10 19 29 237044 10 19 29 285253 20011 57925
10 19 29 287369 10 19 29 342707 20011 57975
10 19 29 349832 10 19 29 381810 20011 58025
10 19 29 383319 10 19 29 429326 20011 58075
10 19 29 431949 10 19 29 476926 20011 58125
10 19 29 479375 10 19 29 533158 20011 58175
10 19 29 540925 10 19 29 572646 20011 58225
10 19 29 588147 10 19 29 620416 20011 58275
10 19 29 622616 10 19 29 684844 20011 58326
10 19 29 687174 10 19 29 731982 20011 58376
10 19 29 734166 10 19 29 780587 20011 58426
10 19 29 782724 10 19 29 829884 20011 58476
10 19 29 831977 10 19 29 876106 20011 58526
10 19 29 877578 10 19 29 924559 20011 58576
10 19 29 927618 10 19 29 971907 20011 58626
10 19 29 974060 10 19 30 36181 20011 58676
10 19 30 38337 