14 30 7 353438  0.01680183 -0.27238274  0.95628166
14 30 7 376740  0.01323509 -0.27496338  0.95949173
14 30 7 399638  0.01799393 -0.27915955  0.96038437
14 30 7 402903  0.01946831 -0.27397156  0.95726967
14 30 7 450348  0.01900673 -0.27200317  0.96170807
14 30 7 453569  0.01844788 -0.27190781  0.9638443 
14 30 7 502342  0.0151062  -0.26817131  0.96312332
14 30 7 506162  0.01532745 -0.27085876  0.96116829
14 30 7 551070  0.01786041 -0.26893044  0.95973587
14 30 7 553863  0.01779556 -0.2702713   0.9621582 
14 30 7 607754  0.02147484 -0.26681328  0.96337128
14 30 7 619959  0.01610374 -0.27139282  0.96180534
14 30 7 650452  0.01870346 -0.27270699  0.96222496
14 30 10 230612  0.01615334 -0.2720089   0.95997429
14 30 10 279824  0.01998901 -0.2722168   0.9600563 
14 30 10 328877  0.01842308 -0.26857376  0.95903206
14 30 10 382371  0.01969147 -0.27173424  0.95696068
14 30 10 431218  0.01775169 -0.27416992  0.96037102
14 30 10 480975  0.02043533 -0.27079391  0.95545387
14 30 10 529220  0.01800346 -0.27282143  0.95695496
14 30 10 578984  0.02077675 -0.27333069  0.95704269
14 30 10 640134  0.01863861 -0.27377892  0.95667076
14 30 10 692919  0.01794434 -0.27396011  0.95989418
14 30 10 730250  0.01905441 -0.27516174  0.95988083
14 30 10 781242  0.01541328 -0.27231979  0.95469666
14 30 10 828403  0.01625443 -0.27131462  0.96507835
14 30 10 878036  0.01678848 -0.26874161  0.96326828
14 30 10 930740  0.02060699 -0.27154732  0.96105385
14 30 10 980840  0.0193634  -0.27168655  0.96159554
14 30 11 29053  0.01992798 -0.26924133  0.95561409
14 30 11 78949  0.01775932 -0.27325249  0.95974541
14 30 11 131337  0.01983833 -0.26997757  0.95797348
14 30 11 181566  0.01892471 -0.27073479  0.96115494
14 30 11 229772  0.01542282 -0.27175522  0.95774651
14 30 11 279101  0.02164268 -0.27083588  0.9585495 
14 30 11 328136  0.01889038 -0.27441788  0.96332741
14 30 11 382009  0.01821327 -0.2718792   0.96240044
14 30 11 430502  0.01953316 -0.27275276  0.95992279
14 30 11 480832  0.01817894 -0.27140427  0.96210289
14 30 11 528731  0.02176857 -0.2681675   0.96177292
14 30 11 581933  0.02037048 -0.27366447  0.95968056
14 30 11 631299  0.0208931  -0.27246857  0.96287727
14 30 11 680585  0.01264763 -0.2710762   0.96126556
14 30 11 729434  0.01886559 -0.268507    0.96279526
14 30 11 778683  0.0157795  -0.27228165  0.96105194
14 30 11 827823  0.01875877 -0.26760483  0.95667458
14 30 11 882029  0.01609039 -0.27406502  0.95500565
14 30 11 929899  0.01831627 -0.27632523  0.96032715
14 30 11 979648  0.01867104 -0.27404022  0.95738411
14 30 12 36535  0.02105713 -0.27412224  0.95239067
14 30 12 78439  0.01762772 -0.27938461  0.95516014
14 30 12 130896  0.01569748 -0.2753334   0.95606995
14 30 12 180306  0.01521492 -0.27005005  0.96292686
14 30 12 228991  0.01597595 -0.26791191  0.9650116 
14 30 12 278637  0.01990891 -0.27064514  0.96824455
14 30 12 327478  0.01807022 -0.26989555  0.9628582 
14 30 12 381249  0.01449776 -0.2771759   0.96234131
14 30 12 430004  0.01171303 -0.27283859  0.96772385
14 30 12 479442  0.02061653 -0.27720451  0.96466255
14 30 12 528026  0.01914215 -0.27499962  0.95560074
14 30 12 581642  0.01775932 -0.27456665  0.96073151
14 30 12 629988  0.01334572 -0.27277946  0.96174049
14 30 12 688821  0.01164818 -0.27285194  0.95867157
14 30 12 729040  0.01817894 -0.2719574   0.96550179
14 30 12 778582  0.01964951 -0.26750565  0.95908928
14 30 12 826938  0.01901627 -0.26652527  0.95866966
14 30 12 880870  0.02160454 -0.26181412  0.96051788
14 30 12 929428  0.01584435 -0.2672348   0.96339417
14 30 12 979140  0.01985741 -0.26676941  0.96091843
14 30 13 28476  0.0129528  -0.26895523  0.9632206 
14 30 13 81624  7.05718994e-05  2.99895859e+00 -1.41212368e+01
14 30 13 130347  0.01605415 -0.26353645  0.96612358
14 30 13 179673  0.01905251 -0.2751236   0.96096992
14 30 13 228558  0.01717186 -0.27484322  0.96549416
14 30 13 278170  0.01595688 -0.26821709  0.96250153
14 30 13 331345  0.01745224 -0.27016068  0.95556259
14 30 13 390152  0.01751328 -0.27407265  0.95870972
14 30 13 442776  0.02005959 -0.27083588  0.95928955
