14 46 28 906218 -0.00010967  0.00029802  0.0002985 
14 46 28 910332 -4.90665436e-04 -3.20911407e-04 -4.76837158e-06
14 46 29 2717 -0.00014639 -0.0005827  -0.00046539
14 46 29 6598 1.17778778e-04 2.23636627e-04 2.86102295e-06
14 46 29 9746 -0.00033665 -0.00024366 -0.00040531
14 46 29 13361 -0.0002203  -0.00027037 -0.00034142
14 46 29 16661 -3.56197357e-04 -4.24385071e-05 -1.39236450e-04
14 46 29 67790 -0.00066614  0.00028038 -0.00029993
14 46 29 78438 -5.00679016e-05  3.67641449e-04 -4.31537628e-04
14 46 29 117743 0.00012159 0.00032902 0.0001502 
14 46 29 129107  1.84059143e-04  1.25408173e-04 -3.09944153e-05
14 46 29 160992  0.00050116 -0.00052643  0.0002861 
14 46 29 165165 -2.33650208e-05 -2.88963318e-04 -3.02314758e-04
14 46 29 207838 -1.62124634e-05  9.53674316e-06 -5.05447388e-05
14 46 29 210758  3.10897827e-04 -2.92778015e-04  5.24520874e-06
14 46 29 259377  3.17573547e-04 -2.38895416e-04 -9.67979431e-05
14 46 29 262301  2.07424164e-04 -8.39233398e-05  1.69277191e-04
14 46 29 306326 7.77244568e-05 3.89099121e-04 1.47342682e-04
14 46 29 309487 -1.81198120e-04 -4.76837158e-07 -1.02996826e-04
14 46 29 358763 -0.00035048  0.00026941  0.00014544
14 46 29 361861 -9.63211060e-05 -9.01222229e-05 -2.90870667e-05
14 46 29 407734 -5.38825989e-05 -1.30176544e-04 -7.39097595e-05
14 46 29 410788  2.49385834e-04 -5.91754913e-04  5.48362732e-05
14 46 31 783120 -0.00021839  0.00019217 -0.00045252
14 46 31 842242 -2.49385834e-04 -6.15119934e-05  2.86102295e-06
14 46 31 889473 -0.00031519  0.00022697 -0.00038004
14 46 31 933506 -4.47750092e-04  4.73022461e-04  6.67572021e-06
14 46 31 983146 -0.00019693 -0.00060225 -0.00012922
14 46 32 32837 -0.00054789  0.00016546 -0.00019884
14 46 32 81578 -1.95980072e-04 -5.96046448e-05  1.00135803e-04
14 46 32 130093 -3.91483307e-04 -1.88827515e-04 -7.39097595e-05
14 46 32 183845 -0.00031281  0.00015783  0.00025797
14 46 32 232831 -1.30176544e-04 -2.36988068e-04 -7.58171082e-05
14 46 32 282106 -8.03470612e-04 -3.33786011e-06  4.70161438e-04
14 46 32 331023 -0.00016117  0.00029564 -0.00026226
14 46 32 384854  4.55379486e-04  4.21047211e-04 -9.53674316e-07
14 46 32 433393  0.00023222 -0.00028753  0.00016165
14 46 32 482965  2.19821930e-04 -6.48498535e-05 -5.24520874e-06
14 46 32 542359  1.00135803e-05  3.67164612e-05 -1.49250031e-04
14 46 32 590031 -1.66893005e-04 -4.24385071e-04  8.05854797e-05
14 46 32 645340  0.00018024 -0.00012064 -0.00010824
14 46 32 691184  8.77380371e-05 -1.58309937e-04 -1.08242035e-04
14 46 32 732337  1.18255615e-04  9.15527344e-05 -2.69889832e-04
14 46 32 782433  0.00010061  0.00020742 -0.00017166
14 46 32 835494 -2.43186951e-05  4.51564789e-04 -3.74794006e-04
14 46 32 884284 4.19616699e-05 1.39236450e-04 1.20639801e-04
14 46 32 933169 -8.63075256e-05  2.31266022e-04 -4.76837158e-04
14 46 32 991716 -9.01222229e-05  2.88486481e-04 -2.38895416e-04
14 46 33 35346  9.44137573e-05  1.47342682e-04 -2.63214111e-04
14 46 33 85265  2.10762024e-04  8.44001770e-05 -3.19004059e-04
14 46 33 133514 -5.13553619e-04 -1.26838684e-04  9.10758972e-05
14 46 33 183515 -1.01089478e-04  9.34600830e-05  3.81469727e-05
14 46 33 236068  1.81198120e-05 -4.27246094e-04  3.76224518e-04
14 46 33 285868 0.00024223 0.00034237 0.00030136
14 46 33 334987 -1.89304352e-04  6.00814819e-05 -7.15255737e-05
14 46 33 383960 -1.56879425e-04  1.07765198e-04  5.43594360e-05
14 46 33 432566 -0.00013733 -0.00034809  0.00019073
14 46 33 486239 -0.00027895 -0.00010109  0.00023746
14 46 33 535615 -4.33921814e-05 -2.96592712e-04  4.11987305e-04
14 46 33 584780 -2.68936157e-04 -3.91006470e-05  7.05718994e-05
14 46 33 633493 6.48498535e-05 9.01222229e-05 3.25202942e-04
