12 34 24 507747 -0.04181218 -0.02063131  1.00671792
12 34 24 510085 -0.02229786 -0.02958536  1.00574636
12 34 24 529722 -0.02596641 -0.10841298  0.99422383
12 34 24 532249 -0.03819156 -0.11432433  0.98645282
12 34 24 534739 -0.04246736 -0.06723762  0.98896027
12 34 24 557074 -0.038445   -0.06254101  0.99675417
12 34 24 598281 -0.02978015 -0.08307409  0.98996353
12 34 24 649907 -0.03587341 -0.09512401  0.97772026
12 34 24 699259 -0.0534544  -0.11226654  0.97566652
12 34 24 747920 -0.05600381 -0.06226563  0.99902344
12 34 24 799533 -0.02798891  0.02781773  1.02575684
12 34 24 848648 -0.01478934 -0.03274417  1.00204682
12 34 24 900352 -0.03557587 -0.16867495  0.97949529
12 34 24 949547 -0.05136704 -0.15166116  0.9768281 
12 34 24 996624 -0.04006386 -0.04965425  1.0024507 
12 34 25 59901 -0.02978516 -0.04316497  0.99832869
12 34 25 99848 -0.0355525  -0.10960197  0.98350716
12 34 25 151860 -0.05308771 -0.13124871  0.96641469
12 34 25 198734 -0.06037998 -0.07459378  0.99072766
12 34 25 269622 -0.03627157 -0.00682735  1.01230454
12 34 25 326253 -0.01907349 -0.04269385  1.00788999
12 34 25 388269 -0.03003693 -0.1221385   0.99133897
12 34 25 436176 -0.04171824 -0.11633921  0.9828248 
12 34 25 480142 -0.04190183 -0.06928277  0.99682212
12 34 25 501586 -0.03538823 -0.0616765   1.00201178
12 34 25 549001 -0.02958107 -0.08996248  0.98897338
12 34 25 597600 -0.04136467 -0.1024394   0.97646451
12 34 25 647640 -0.05667901 -0.10368562  0.98127937
12 34 25 697349 -0.05125809 -0.02527142  1.01338005
12 34 25 748967 -0.00921226  0.05688548  1.025105  
12 34 25 798276 -0.01897454 -0.07287574  0.9865036 
12 34 25 849847 -0.04734874 -0.20956635  0.97917891
12 34 25 899510 -0.04805374 -0.13207269  0.98287153
12 34 25 948698 -0.031358   -0.00871801  1.01031494
12 34 26 240 -0.03036332 -0.04778028  0.99150705
12 34 26 51830 -0.03998947 -0.14176178  0.98519039
12 34 26 103230 -0.05897713 -0.13012958  0.98464537
12 34 26 149382 -0.04800844 -0.02598786  1.0108335 
12 34 26 195854 -0.02555513 -0.00213742  1.0033412 
12 34 26 247802 -0.01877832 -0.09563613  1.00202227
12 34 26 297080 -0.0364759  -0.13288331  0.99555206
12 34 26 348512 -0.04062843 -0.07816768  1.00207114
12 34 26 398790 -0.03552341 -0.05256534  1.00152016
12 34 26 449867 -0.03137541 -0.07213306  0.99707246
12 34 26 499926 -0.03962183 -0.10085535  0.99021459
12 34 26 549519 -0.05745912 -0.11263967  0.9895196 
12 34 26 599614 -0.05443692 -0.06794477  1.00625014
12 34 26 648460 -0.02671766  0.02198172  1.02565694
12 34 26 700703 -0.01740456 -0.02553606  1.00363469
12 34 26 749022 -0.0454793  -0.16821241  0.99655581
12 34 26 797487 -0.05038524 -0.14831543  0.99404693
12 34 26 847969 -0.04057407 -0.04260063  1.00824928
12 34 26 897236 -0.03138137 -0.03188086  0.99880123
12 34 26 948925 -0.03474188 -0.10802245  0.99876928
12 34 26 997812 -0.05536008 -0.13205743  0.99045157
12 34 27 60143 -0.06017423 -0.07637286  1.0089457 
12 34 27 102274 -0.03598309 -0.0037725   1.01578975
12 34 27 147605 -0.01975322 -0.04959798  1.01316309
12 34 27 200199 -0.0299921  -0.12645864  1.00731659
12 34 27 248418 -0.0429666  -0.1077311   1.00780392
12 34 27 300729 -0.03831196 -0.06110954  1.01477861
12 34 27 349708 -0.03616524 -0.06493163  1.01445627
12 34 27 396957 -0.03159618 -0.08733034  1.00114799
12 34 27 447949 -0.04627037 -0.09943247  0.99191475
12 34 27 500532 -0.06141186 -0.11084032  1.0006969 
12 34 27 548572 -0.05167103 -0.04153204  1.0358572 
12 34 27 598308 -0.01589704  0.05462193  1.03970814
12 34 27 652046 -0.02036524 -0.06282043  0.9986403 
12 34 27 699736 -0.05130124 -0.20649934  0.99432039
12 34 27 748596 -0.05676985 -0.14063001  1.00367022
12 34 27 799971 -0.04105043 -0.01980758  1.0302372 
12 34 27 849406 -0.03510475 -0.04348707  1.00802207
12 34 27 901231 -0.04251456 -0.13000059  0.99904251
12 34 27 950051 -0.06473255 -0.12894678  0.99295878
12 34 27 996360 -0.05881619 -0.04648042  1.02328515
12 34 28 57740 -0.0327251  -0.00726628  1.02990127
12 34 28 100211 -0.02234864 -0.07257557  1.02179646
12 34 28 151207 -0.03626275 -0.12711978  1.0065825 
12 34 28 197936 -0.05276155 -0.09918642  1.00967002
12 34 28 249389 -0.04325986 -0.06149197  1.01988149
12 34 28 310946 -0.03749752 -0.07053208  1.01550674
12 34 28 368197 -0.03649092 -0.09323812  1.00152206
12 34 28 417408 -0.05493546 -0.10589695  0.99411964
12 34 28 474276 -0.06692743 -0.09319377  1.01005745
12 34 28 504056 -0.04372954 -0.00171471  1.03871918
12 34 28 550470 -0.01912332  0.02105021  1.02994704
12 34 28 596750 -0.03080797 -0.11859226  1.00769615
12 34 28 648356 -0.05488133 -0.18374395  0.99103928
12 34 28 698100 -0.05185103 -0.09079695  1.00961518
12 34 28 748974 -0.0403564  -0.01701665  1.01576471
12 34 28 798475 -0.03331208 -0.0787909   1.01401377
12 34 28 849480 -0.04605556 -0.13335347  0.99347711
12 34 28 901736 -0.06902885 -0.103302    0.99805713
12 34 28 977570 -0.05339336 -0.01853132  1.01933241
12 34 29 26363 -2.22911835e-02  3.11613083e-04  1.02939963e+00
12 34 29 66684 -0.019804   -0.093256    1.01898122
12 34 29 125705 -0.04470301 -0.14484715  1.00175023
12 34 29 181192 -0.05504394 -0.0942409   1.00382781
12 34 29 235689 -0.04131079 -0.04967833  1.01596856
12 34 29 284105 -0.03105688 -0.07240486  1.0098412 
12 34 29 332092 -0.03873038 -0.10806417  0.99556494
12 34 29 368262 -0.0614779  -0.10778785  0.99530411
12 34 29 397904 -0.06193185 -0.05525255  1.01685882
12 34 29 454258 -0.0295682   0.03041673  1.03606582
12 34 29 499620 -0.01940536 -0.02815008  1.01522207
12 34 29 547605 -0.04178429 -0.17008305  0.99491405
12 34 29 599769 -0.05130792 -0.14646578  0.99516821
12 34 29 648791 -0.04082537 -0.0373733   1.01516342
12 34 29 700588 -0.03517365 -0.03154039  1.00273919
12 34 29 750348 -0.03400946 -0.11081719  0.99985385
12 34 29 797614 -0.05518866 -0.12837577  0.98937654
12 34 29 847688 -0.06129885 -0.06074858  1.00562954
12 34 29 897943 -0.03794312  0.01116586  1.02107549
12 34 29 948860 -0.01931834 -0.03695679  1.01472807
12 34 29 998405 -0.03851461 -0.13338065  0.99698663
12 34 30 61379 -0.05170584 -0.12898397  0.99490118
12 34 30 102301 -0.04806972 -0.06414914  1.00693965
12 34 30 149319 -0.03726721 -0.05471683  1.00461841
12 34 30 200378 -0.03658533 -0.09563351  0.99666429
12 34 30 249393 -0.05541348 -0.11582541  0.98557091
12 34 30 300399 -0.06754875 -0.08184123  0.99482584
12 34 30 349464 -0.04568863  0.00333548  1.02230406
12 34 30 396888 -0.01931095  0.00511146  1.01046681
12 34 30 450084 -0.03098512 -0.1318922   0.9932487 
12 34 30 497517 -0.05010629 -0.1685288   0.98423362
12 34 30 549116 -0.05241919 -0.07390642  1.00318384
12 34 30 598423 -0.03592706 -0.02439833  1.01050282
12 34 30 649536 -0.03307557 -0.0887413   0.99509096
12 34 30 700513 -0.04989767 -0.13323402  0.97949672
12 34 30 748179 -0.0666008  -0.09190607  0.99239469
12 34 30 800097 -0.04436731 -0.01235986  1.00953794
12 34 30 849467 -0.02327847 -0.02875662  1.01280451
12 34 30 901895 -0.02949357 -0.10586405  0.99873161
12 34 30 949657 -0.0448432  -0.11887479  0.99276471
12 34 30 996833 0.01543903 1.84345579 0.64453268
12 34 31 58300 -0.03895235  0.01539063  1.06642342
12 34 31 99173 -0.02834439 -0.07917476  0.99092364
12 34 31 152647 0.01545739 0.2183497  1.92569304
12 34 31 197828 -0.06160069 -0.10702109  0.96878576
12 34 31 250015 -0.05419469 -0.03825617  1.00906348
12 34 31 298705 -0.03186035  0.40026855 -1.32250977
12 34 31 348880  0.0627532  -0.01663613  0.99120831
12 34 31 400019 -0.00381589 -0.15303493  0.94844627
12 34 31 448562  0.06703568 -0.1179297   1.03845787
12 34 31 500712 0.06424975 0.00421929 0.99026346
12 34 31 550364 -0.00445747 -0.14645338  0.94148445
12 34 31 596607  0.06919885 -0.12695527  1.04480243
12 34 31 648355  0.06066537 -0.02122235  0.98541045
12 34 31 697341 -0.00233507 -0.16217923  0.9415226 
12 34 31 767384  0.07004237 -0.11581612  1.04016924
12 34 31 798420  0.06021976 -0.00721622  0.98306251
12 34 31 849420  0.00254369 -0.16313767  0.94531465
12 34 31 898738  0.07467914 -0.11620975  1.03741503
12 34 31 975817  0.05060816 -0.0277319   0.97834754
12 34 32 25564 -0.00163412 -0.16653132  0.94506669
12 34 32 70432  0.07691193 -0.09510899  1.04383874
12 34 32 124716  0.05179167 -0.02150059  0.97513795
12 34 32 151739  0.00374484 -0.17468214  0.94582367
12 34 32 196538  0.08000302 -0.0951736   1.03999162
12 34 32 248156  0.04675269 -0.02019     0.97738862
12 34 32 299247  0.00996208 -0.17282391  0.93822575
12 34 32 348794  0.0822978  -0.08303547  1.0431087 
12 34 32 400015  0.03466225 -0.03517675  0.97031903
12 34 32 450481  0.00830793 -0.17757893  0.94997239
12 34 32 498746  0.08403373 -0.06963396  1.04219627
12 34 32 552334  0.03519487 -0.04007173  0.96584797
12 34 32 600981  0.01300049 -0.18616509  0.95063972
12 34 32 648892  0.08393812 -0.06697512  1.04774141
12 34 32 701444  0.03326654 -0.04333329  0.95938277
12 34 32 749955  0.01314092 -0.18229055  0.95466542
12 34 32 796788  0.08655238 -0.05213428  1.04854894
12 34 32 848217  0.02604628 -0.06444883  0.95892358
12 34 32 897740  0.01798391 -0.17587256  0.96561885
12 34 32 949376  0.08692408 -0.03205466  1.04380059
12 34 32 998500  0.02111268 -0.06712699  0.95549965
12 34 33 59099  0.02383256 -0.17951226  0.98099899
12 34 33 100541  0.09020329 -0.03296351  1.04314923
12 34 33 151104  0.01071024 -0.07528687  0.95627093
12 34 33 199257  0.0295074  -0.16871095  0.99274158
12 34 33 248835  0.09101772 -0.01633787  1.0397737 
12 34 33 300607  0.01062942 -0.07906961  0.95227146
12 34 33 349449  0.03073597 -0.17325306  1.00853682
12 34 33 424050  0.08307981 -0.02461839  1.03351736
12 34 33 447986 -0.0100944  -0.10855222  0.95502377
12 34 33 497137  0.03486896 -0.14904571  1.01868939
12 34 33 549480 8.96492004e-02 2.71558762e-04 1.03149915e+00
12 34 33 607391 -0.00337505 -0.09949231  0.95424652
12 34 33 652131  0.03225803 -0.15828562  1.02998877
12 34 33 699207  0.08138371 -0.00880599  1.02215838
12 34 33 766353 -0.00739264 -0.10827136  0.95682502
12 34 33 825579  0.03776884 -0.14721847  1.03884602
12 34 33 851481  0.08325624 -0.00735283  1.02332282
12 34 33 901271 -0.01287532 -0.12079883  0.95396638
12 34 33 971896  0.03658891 -0.14323497  1.03387642
12 34 33 996812 0.08068204 0.00393558 1.02438021
12 34 34 58343 -0.00921273 -0.10569239  0.95293975
12 34 34 100129  0.03527045 -0.15065122  1.04043555
12 34 34 172236  0.07270002 -0.01233935  1.02346826
12 34 34 219003 -0.01579046 -0.1181097   0.95746589
12 34 34 270830  0.0403049  -0.13660979  1.038167  
12 34 34 320647  0.07763648 -0.00157881  1.0159688 
12 34 34 368421 -0.01467729 -0.11454964  0.95787787
12 34 34 418421  0.03490067 -0.14365172  1.04062438
12 34 34 468550  0.07372475 -0.00481224  1.01675749
12 34 34 520565 -0.01254106 -0.11982489  0.96106696
12 34 34 569758  0.04015303 -0.14357781  1.04148412
12 34 34 629698  0.07126021 -0.00873423  1.01246691
12 34 34 785630 -0.015872   -0.13002777  0.95480013
12 34 34 835362  0.03962469 -0.13287115  1.04014826
12 34 34 879337  0.07163572 -0.00149536  1.01787162
12 34 34 925077 -0.01743507 -0.13479161  0.95830965
12 34 34 977050  0.0369916  -0.14435792  1.04161882
12 34 35 20485  7.01730251e-02 -1.70707703e-04  1.01020241e+00
12 34 35 64299 -0.01147461 -0.1186111   0.96535921
12 34 35 105645  0.03942966 -0.14094806  1.04744196
12 34 35 149713 7.17597008e-02 9.17196274e-04 1.01766491e+00
12 34 35 190328 -0.01079321 -0.12038803  0.96634054
12 34 35 235475  0.03584218 -0.14471984  1.04350758
12 34 35 278805  0.06521964 -0.00444055  1.00574446
12 34 35 322224 -0.01467299 -0.13123751  0.95547009
12 34 35 363813  0.03837729 -0.13759661  1.05009794
12 34 35 401182  0.06867862 -0.00225616  1.011549  
12 34 35 437980 -0.01249695 -0.13817167  0.95814276
12 34 35 473879  0.04387474 -0.13186455  1.04486489
12 34 35 499705 6.16228580e-02 8.48770142e-05 1.00856662e+00
12 34 35 547529 -0.01393056 -0.14053488  0.95891261
12 34 35 598980  0.0487895  -0.12590408  1.05695963
12 34 35 648542  0.06360579 -0.00158525  1.00372791
12 34 35 717675 -0.01572347 -0.15754128  0.95961595
12 34 35 766731  0.04874873 -0.11693978  1.05127215
12 34 35 815463  0.0568006  -0.00189805  0.99369907
12 34 35 855692 -0.01490188 -0.16187406  0.95277429
12 34 35 918960  0.05562925 -0.10167956  1.05787778
12 34 35 962699  0.0491569  -0.00391483  0.99455428
12 34 36 18231 -0.01943779 -0.17391396  0.95919561
12 34 36 59593  0.05970836 -0.09114313  1.05805159
12 34 36 101144  0.05189681 -0.0100286   0.99055648
12 34 36 147445 -0.01166224 -0.18328118  0.95703816
12 34 36 199375  0.0653832  -0.08083892  1.05542946
12 34 36 248009  0.04624701 -0.00734138  0.99044371
12 34 36 300990 -0.00848675 -0.18102574  0.96000695
12 34 36 350215  0.0622077  -0.08001208  1.05431032
12 34 36 396002  0.03025484 -0.03146553  0.97981095
12 34 36 448710 -0.00521088 -0.1797328   0.95048499
12 34 36 497240  0.0628531  -0.04960179  1.06149387
12 34 36 552025  0.02860689 -0.02757215  0.98223567
12 34 36 598261  3.81469727e-04 -1.92312717e-01  9.58899021e-01
12 34 36 649755  0.0645895  -0.05104899  1.05288839
12 34 36 700124  0.02081752 -0.04482484  0.97295141
12 34 36 747524  0.00932622 -0.18229747  0.96322846
12 34 36 800729  0.06825376 -0.03808236  1.06530142
12 34 36 850402  0.01778626 -0.04484797  0.97382069
12 34 36 900967  0.01306486 -0.17886877  0.97385836
12 34 36 949533  0.07110476 -0.0340898   1.05232   
12 34 36 997516  0.00869393 -0.08103418  0.96698928
12 34 37 63052  0.06255507 -1.06251287  1.84787512
12 34 37 100077  0.01182246 -0.08007932  0.97171664
12 34 37 151465  9.27448273e-05 -1.28188491e+00 -1.98041582e+00
12 34 37 198312  0.06988478 -0.00604248  0.23844743
12 34 37 249783 -0.00562406 -0.11319757  0.96823072
12 34 37 298276 1.95312500e-03 6.52997494e-02 4.05311584e-06
12 34 37 347798  0.03521824 -0.11804032  1.01867104
12 34 37 399520 0.06058812 0.01863194 1.01582217
12 34 37 448179  0.05123663 -0.02148557  0.99243188
12 34 37 500356  0.03700876 -0.09914422  1.01218462
12 34 37 549461 0.07357025 0.06842566 0.98625636
12 34 37 595892  0.0335536  -0.08060789  1.01665163
12 34 37 647418  0.04652262 -0.0468812   1.0185504 
12 34 37 698804 0.06322837 0.02464247 0.97263908
12 34 37 750747  0.02419877 -0.12603402  1.00909352
12 34 37 797020 0.05946708 0.03829312 1.01611543
12 34 37 853983  0.05781484 -0.01979852  0.9901576 
12 34 37 899129  0.03693533 -0.09934497  1.02879047
12 34 37 947295 0.07380652 0.05204725 0.99387264
12 34 37 999998  0.02920938 -0.10292745  1.01845264
12 34 38 51779  0.0414803  -0.02236605  1.00789857
12 34 38 103315 0.0701108  0.02831793 0.97080469
12 34 38 149728  0.0266571  -0.11345506  1.03143525
12 34 38 196282 0.0678637  0.04218626 1.020473  
12 34 38 247567  0.05438209 -0.03919578  0.99858689
12 34 38 296769  0.03516078 -0.08164835  1.01322913
12 34 38 348593 0.06382704 0.04561186 0.97480583
12 34 38 401241  0.02444053 -0.10875559  1.03071475
12 34 38 449101 0.05089688 0.0029974  1.03207254
12 34 38 501144 0.06581068 0.01139927 0.98586416
12 34 38 547397  0.02369094 -0.10768366  1.03238273
12 34 38 601384 0.06864548 0.06211758 1.01139712
12 34 38 648313  0.04948068 -0.05054975  1.01564837
12 34 38 701360  0.04122663 -0.05082321  1.04074144
12 34 38 748928 0.08486295 0.04838896 0.9872787 
12 34 38 795955  0.03173852 -0.10885835  1.02991915
12 34 38 847671 0.05228877 0.02172995 1.02930665
12 34 38 896792  0.05938387 -0.00758791  0.99129581
12 34 38 948507  0.03684807 -0.08741927  1.03339577
12 34 38 997885 0.07679462 0.0684011  1.00025129
12 34 39 59831  0.03649688 -0.07903337  1.01822186
12 34 39 102048  0.04292178 -0.0379343   1.01831841
12 34 39 167374 0.07391047 0.02666569 0.97641277
12 34 39 217682  0.02897859 -0.10620141  1.04021621
12 34 39 266549 0.06783843 0.04693103 1.03155756
12 34 39 314827  0.05703115 -0.0246768   1.00332189
12 34 39 349388  0.04187298 -0.05361485  1.0271945 
12 34 39 396487 0.07365298 0.06618309 0.98553467
12 34 39 447645  0.03897262 -0.09174895  1.03501701
12 34 39 498142 0.05662823 0.01228309 1.05202198
12 34 39 560357 0.06422043 0.01604748 0.99125743
12 34 39 619791  0.03519845 -0.07928324  1.03587985
12 34 39 665943 0.07186508 0.07570219 1.01434183
12 34 39 716803  0.04900837 -0.05820847  1.02947617
12 34 39 748326  0.05219817 -0.02285838  1.05841303
12 34 39 799444 0.07517028 0.04506302 0.99136877
12 34 39 848037  0.03427458 -0.08724427  1.03020096
12 34 39 899907 0.06412077 0.05931926 1.03713512
12 34 39 949947  0.06231093 -0.0220542   1.01249981
12 34 39 996331  0.04932618 -0.05072212  1.05098724
12 34 40 57802 0.07352495 0.07281303 1.00480676
12 34 40 99865  0.03489566 -0.08849192  1.02288461
12 34 40 151073 0.05107307 0.01116371 1.03741002
12 34 40 197372 0.05819249 0.00629044 0.99460673
12 34 40 249365  0.03675771 -0.08326387  1.03082085
12 34 40 298917 0.06714177 0.07669973 1.01166701
12 34 40 350040  0.04598546 -0.04917288  1.00685263
12 34 40 399516  0.04148006 -0.03172803  1.01819491
12 34 40 449167 0.06402278 0.04977655 0.98501086
12 34 40 500951  0.02798676 -0.0931406   1.03033757
12 34 40 549533 0.05766511 0.04946041 1.0415616 
12 34 40 596242  0.04946589 -0.00640583  0.99941278
12 34 40 647822  0.03210211 -0.06712461  1.02580452
12 34 40 696832 0.06573248 0.07946372 0.99886298
12 34 40 748539  0.03696322 -0.08254647  1.01742864
12 34 40 798003  0.03829813 -0.01637793  1.03838897
12 34 40 849540 0.05921125 0.0216012  0.98245955
12 34 40 899708  0.02754426 -0.09350848  1.02481103
12 34 40 947655 0.05651164 0.0574472  1.02904367
12 34 40 999907  0.03833079 -0.05548692  1.00900912
12 34 41 51679  0.03871632 -0.05373025  1.01606274
12 34 41 105727 0.06308103 0.05859113 0.98583794
12 34 41 149960  0.02116132 -0.10169315  1.02053213
12 34 41 202236 0.05166364 0.01727819 1.03684282
12 34 41 248662  0.05542231 -0.0051825   0.98684955
12 34 41 298457  0.02903581 -0.08878756  1.02359152
12 34 41 349655 0.06402731 0.06169438 0.99993753
12 34 41 398247  0.02642608 -0.07029915  1.00092077
12 34 41 449387  0.04446173 -0.01794839  1.00673985
12 34 41 498756 0.06990123 0.05223203 0.96773028
12 34 41 547818  0.02181029 -0.1101656   1.01256847
12 34 41 601322 0.04945588 0.04014134 1.017205  
12 34 41 649507  0.04835677 -0.00251627  0.97369027
12 34 41 700429  0.03094435 -0.07075167  1.00776815
12 34 41 754725 0.06787229 0.07125878 0.9787612 
12 34 41 796217  0.02622986 -0.08513498  1.00648689
12 34 41 847821  0.03971052 -0.02418733  0.99032855
12 34 41 896965 0.06080818 0.0364337  0.95029879
12 34 41 949272  0.02101851 -0.10344291  1.0081687 
12 34 41 999426 0.06026793 0.0527904  1.01795435
12 34 42 60052  0.04349613 -0.01703191  0.99635768
12 34 42 102224  0.03161359 -0.07642388  1.00746894
12 34 42 147528 0.07763338 0.08236694 0.97549391
12 34 42 200841  0.04381013 -0.06650639  1.01114583
12 34 42 249267  0.04322004 -0.02189803  1.02191782
12 34 42 300456 0.05464339 0.02716041 0.97166324
12 34 42 349392  0.02671885 -0.09555387  1.00987148
12 34 42 397475 0.06703043 0.07252884 1.01409054
12 34 42 448109  0.04316711 -0.00403428  0.99380136
12 34 42 497756  0.03217173 -0.07100677  1.00792503
12 34 42 548964 0.06687856 0.06939888 0.97704148
12 34 42 598451  0.0272646  -0.08274102  1.0081985 
12 34 42 649314  0.04980683 -0.00406289  0.99084687
12 34 42 699435 0.06214333 0.03813696 0.96232462
12 34 42 748214  0.02217913 -0.10218     1.00153351
12 34 42 799967 0.06538129 0.05625224 1.00449157
12 34 42 848392  0.04354596 -0.02927017  0.99333811
12 34 42 900845  0.03436852 -0.06772423  0.99930501
12 34 42 949265 0.06780982 0.06740427 0.96668816
12 34 42 996285  0.03088045 -0.09606266  1.00288153
12 34 43 57210  0.04908156 -0.00333571  1.00759506
12 34 43 100948 0.06386518 0.02586675 0.96621442
12 34 43 151052  0.03368855 -0.10103106  1.00635242
12 34 43 198529 0.06358886 0.06103182 0.99368238
12 34 43 249363  0.0394299  -0.0415976   0.99084973
12 34 43 298717  0.04664922 -0.05472279  0.98773456
12 34 43 347663  2.93731689e-04 -4.37218666e-01  8.18884373e-02
12 34 43 399744  0.02672982 -0.10933828  0.66020727
12 34 43 448672 5.06820679e-02 8.86440277e-04 1.00781369e+00
12 34 43 503757  2.59160995e-04 -4.67672348e-02 -5.58734655e-01
12 34 43 550673  0.03630996 -0.09231424  1.01049805
12 34 43 597878 0.07213187 0.0689249  0.99999452
12 34 43 648321  0.01029849 -0.00831389  0.03842354
12 34 43 698085  0.02734089 -0.01479006  1.01903605
12 34 43 749183  0.0399189  -0.06137109  1.01474118
12 34 43 798354 0.05455613 0.09435368 1.03169179
12 34 43 849456  0.02906799 -0.08608389  1.01031089
12 34 43 898860 0.05495167 0.03081179 1.03164983
12 34 43 948203 0.05215955 0.02472687 1.01355171
12 34 44 369  0.04078603 -0.08297515  1.02631187
12 34 44 51323 0.0550518  0.07806897 1.04915071
12 34 44 117463  0.02973127 -0.09034395  1.01099372
12 34 44 179615  4.82480526e-02 -2.80141830e-04  1.01599717e+00
12 34 44 220075 0.03900099 0.01691222 1.00196505
12 34 44 263825  0.03897738 -0.10545182  1.01536012
12 34 44 318345 0.05983043 0.07708693 1.04976559
12 34 44 366683  0.03426027 -0.07247615  1.00889421
12 34 44 419019  0.05023408 -0.0179131   1.01207232
12 34 44 464530 0.04265451 0.02206564 1.0053153 
12 34 44 516336  0.03909922 -0.11951756  1.01345682
12 34 44 569116 0.05703068 0.06308746 1.05666804
12 34 44 626212  0.03401375 -0.07647347  1.00841689
12 34 44 666730  0.05381155 -0.04594469  1.00593829
12 34 44 719558 0.05353332 0.04659748 0.99792767
12 34 44 766237  0.03739882 -0.12282705  1.01088929
12 34 44 815963 0.0577898  0.05076623 1.05639482
12 34 44 861572  0.04053879 -0.05531955  1.00079656
12 34 44 918331  0.04405737 -0.06123948  1.0089469 
12 34 44 963382 0.05203795 0.03546977 0.99627972
12 34 45 17653  0.03249288 -0.13276744  0.99872851
12 34 45 59217 0.05276752 0.03618813 1.04158115
12 34 45 104202  0.03521824 -0.05751634  0.99678159
12 34 45 149390  0.0423553  -0.0746944   0.99265718
12 34 45 201533 0.05676031 0.04580975 0.99274564
12 34 45 248483  0.03442097 -0.13310409  0.99132466
12 34 45 300545 0.05012321 0.01611733 1.04261255
12 34 45 349407  0.03555155 -0.05993605  0.99473548
12 34 45 396616  0.04129481 -0.08298326  0.99163246
12 34 45 447810 0.05792427 0.03647256 0.99266982
12 34 45 497899  0.03519988 -0.1429472   0.98455334
12 34 45 548563 0.05775595 0.01195788 1.024122  
12 34 45 598286  0.03268051 -0.06330109  0.98320627
12 34 45 649453  0.03980684 -0.09434104  0.97798467
12 34 45 698960 0.04978967 0.03328276 0.98187971
12 34 45 747780  0.02229857 -0.15492702  0.9792757 
12 34 45 799650 0.05068564 0.00710249 1.00808382
12 34 45 848620  0.02485037 -0.06838202  0.98108912
12 34 45 900601  0.04394984 -0.10366178  0.96855569
12 34 45 949184 0.05901384 0.05128169 0.98109055
12 34 45 997716  0.03150558 -0.13608289  0.9819212 
12 34 46 53986  0.05522132 -0.00406575  1.01048279
12 34 46 99060  0.04241872 -0.04427648  0.97384644
12 34 46 150857  0.0469172  -0.10786581  0.97247529
12 34 46 198504 0.05186343 0.03701401 0.9878366 
12 34 46 249666  0.02761936 -0.13972974  0.98292327
12 34 46 299149 0.05699158 0.00651217 0.98898363
12 34 46 350973  0.04223776 -0.03177667  0.97873545
12 34 46 399878  0.04092288 -0.10945654  0.98154712
12 34 46 448798 0.05109406 0.04893208 0.98933578
12 34 46 500888  0.02801514 -0.12281394  0.98317814
12 34 46 549927 0.05483961 0.01025605 0.98168373
12 34 46 596521  0.03489685 -0.03822422  0.97511864
12 34 46 647960  0.04327989 -0.09670091  0.97380376
12 34 46 697892 0.06003046 0.06657124 0.98659062
12 34 46 750502  0.03257251 -0.12141538  0.98669434
12 34 46 798123 0.05548382 0.0057776  0.9885788 
12 34 46 849520  0.0427258  -0.0374527   0.97922325
12 34 46 900507  0.05283022 -0.09233093  0.97917986
12 34 46 947765 0.06050348 0.05595469 0.98696446
12 34 47 186  0.03341579 -0.12211895  0.97935534
12 34 47 52598 0.06414104 0.02333856 0.98492527
12 34 47 102975  0.04277921 -0.02433777  0.98804188
12 34 47 149631  0.04749179 -0.08494473  0.98751926
12 34 47 196408 0.05179739 0.05740571 0.98893833
12 34 47 247800  0.03125644 -0.12294722  0.98656702
12 34 47 299953 0.0628078  0.03833985 0.99553847
12 34 47 348676  0.04353929 -0.03244448  0.9924221 
12 34 47 399118  0.04729319 -0.07898045  0.98586345
12 34 47 450057 0.05686784 0.06118035 0.98797536
12 34 47 499584  0.0377171  -0.12085724  0.99271941
12 34 47 548553 0.06106544 0.03491211 0.99663138
12 34 47 599810  0.04468894 -0.04499054  0.99366379
12 34 47 648713  0.05435872 -0.05925894  0.98530865
12 34 47 700612 0.05160666 0.04905915 0.98387027
12 34 47 750342  0.03760195 -0.12391925  0.99412513
12 34 47 796839 0.07169437 0.050807   1.00938797
12 34 47 848693  0.04189324 -0.04871464  1.00540686
12 34 47 897247  0.05083966 -0.05313134  0.99105787
12 34 47 948910 0.05710506 0.04129338 0.98196507
12 34 47 998574  0.0467844  -0.11607718  1.00046897
12 34 48 58872 0.06955457 0.05978918 1.02543831
12 34 48 100747  0.04525018 -0.05428052  1.00615311
12 34 48 155738  0.058002   -0.03087449  0.99088264
12 34 48 217629 0.04928708 0.03090429 0.99172902
12 34 48 264083  0.04014611 -0.11636829  1.00712848
12 34 48 317213 0.07126451 0.05811715 1.02499151
12 34 48 370289  0.04002261 -0.08106923  1.00657225
12 34 48 417257  0.05114198 -0.03351665  0.99393177
12 34 48 449543 0.04512715 0.00549722 0.99169445
12 34 48 500010  0.04441547 -0.11857414  1.00950193
12 34 48 550445 0.07070565 0.05781507 1.03709984
12 34 48 600221  0.04044771 -0.10259366  1.01903057
12 34 48 651898  0.05703306 -0.03051734  1.01010942
12 34 48 700187  0.04738927 -0.00639105  1.00034189
12 34 48 748299  0.04975533 -0.11560392  1.01864386
12 34 48 803055 0.06650352 0.05741191 1.02906489
12 34 48 849017  0.03562093 -0.11301541  1.00345826
12 34 48 901374  0.04991961 -0.01880646  1.01481771
12 34 48 949161  0.04204726 -0.02327108  0.99829578
12 34 48 997042  0.04156089 -0.11189055  1.00919032
12 34 49 54386 0.06126785 0.05705118 1.02138543
12 34 49 99727  0.03529572 -0.12185192  1.00790477
12 34 49 150877  5.26082516e-02 -2.96115875e-04  1.02982473e+00
12 34 49 198929  0.03873158 -0.04551005  1.00892758
12 34 49 249330  0.05358291 -0.09286809  1.01487064
12 34 49 299845 0.06152821 0.04994249 1.01305366
12 34 49 347228  0.02853608 -0.13155627  1.00320077
12 34 49 405396  0.04688001 -0.87519765 -0.12103772
12 34 49 449201  0.04783535 -0.079669    1.01850057
12 34 49 501087  2.05755234e-04  1.29703784e+00 -9.96094227e-01
12 34 49 550271  0.03590369 -0.12884521  0.98829651
12 34 49 600549 0.05849266 0.0447793  1.05001998
12 34 49 648192  7.69996643e-03 -3.34479809e-02  3.55243683e-05
12 34 49 698818  0.04035974 -0.13530946  0.97310019
12 34 49 750436  0.05534887 -0.16518784  1.03823185
12 34 49 798462  0.04376554 -0.04558158  1.01058865
12 34 49 849710  0.03671169 -0.22799611  0.97494578
12 34 49 899489  0.04760909 -0.05546927  1.05014205
12 34 49 947810  0.04689384 -0.15619063  0.96175265
12 34 50 8569  0.05386734 -0.15454531  1.04174256
12 34 50 64862  0.05381846 -0.0745573   0.97976422
12 34 50 122963  0.03848743 -0.23867798  0.9921093 
12 34 50 174912  0.05799079 -0.04287839  1.02929878
12 34 50 199664  0.05225468 -0.16912007  0.95964622
12 34 50 248784  0.06145597 -0.1250577   1.02915883
12 34 50 298214  0.06276631 -0.07426071  0.96067095
12 34 50 349902  0.04982018 -0.20496678  0.98708153
12 34 50 402248  0.05814528 -0.03122973  1.00701046
12 34 50 449544  0.04701734 -0.18360257  0.94730091
12 34 50 499349  0.06037903 -0.10622239  1.01147938
12 34 50 548190  0.05760241 -0.11116076  0.94311738
12 34 50 599433  0.04898715 -0.20159888  0.9891994 
12 34 50 649119  0.06466722 -0.0260365   0.98625755
12 34 50 701717  0.05303335 -0.20514536  0.94709563
12 34 50 749549  0.05735612 -0.09859967  1.01427722
12 34 50 796413  0.06357741 -0.12201238  0.95045567
12 34 50 849187  0.0568819  -0.19964218  1.00689673
12 34 50 897236  0.06121731 -0.0436461   0.98821521
12 34 50 948718  0.04470348 -0.21875     0.96765685
12 34 50 997982  0.05833888 -0.07783365  1.00919151
12 34 51 59133  0.05727887 -0.13906932  0.95937777
12 34 51 101679  0.05072546 -0.17095089  1.00538397
12 34 51 148097  0.06719351 -0.02762771  0.97601962
12 34 51 199077  0.05381536 -0.21441627  0.96623254
12 34 51 248911  0.0661993  -0.06671047  1.01623154
12 34 51 300728  0.05865097 -0.16286039  0.97137022
12 34 51 349809  0.05883288 -0.15555453  1.00965905
12 34 51 396398  0.07237649 -0.0411849   0.97425604
12 34 51 447933  0.04315448 -0.22274947  0.96283698
12 34 51 498588  0.05628443 -0.04974651  1.01646256
12 34 51 548956  0.05755687 -0.15629196  0.96978617
12 34 51 598137  0.05029368 -0.13231874  1.01300311
12 34 51 650332  0.04956889 -0.05995035  0.97233677
12 34 51 699011  0.03361893 -0.20749164  0.96596146
12 34 51 747892  0.05531454 -0.02092171  1.02112508
12 34 51 798789  0.05262446 -0.16781092  0.97843456
12 34 51 849372  0.05018163 -0.11582685  1.01781225
12 34 51 901043  0.05861306 -0.07970762  0.96724606
12 34 51 949874  0.05600095 -0.20203471  0.98170805
12 34 51 999577  0.06945276 -0.02090359  1.01089191
12 34 52 59225  0.06288862 -0.19897604  0.96705723
12 34 52 100849  0.0578959  -0.10248756  1.021523  
12 34 52 151658  0.06467438 -0.11238503  0.96073198
12 34 52 198243  0.05118465 -0.19627786  1.00380731
12 34 52 249615  0.05944252 -0.04490805  1.00289607
12 34 52 299535  0.05080652 -0.22103667  0.97082639
12 34 52 348660  0.05069876 -0.06670308  1.02862692
12 34 52 400569  0.05323267 -0.11716866  0.96299696
12 34 52 450265  0.05043554 -0.16558242  1.01436234
12 34 52 500583  0.06283259 -0.02623701  0.99358892
12 34 52 548799  0.05173969 -0.20430923  0.9783721 
12 34 52 598119  0.0517993  -0.05038738  1.04524803
12 34 52 648601  0.04733658 -0.13119507  0.98288083
12 34 52 697867  0.05546021 -0.13380766  1.02728224
12 34 52 749862  0.06404495 -0.0287931   0.99770045
12 34 52 799079  0.04392123 -0.19600487  0.99090481
12 34 52 849939  0.04425287 -0.02870202  1.03680277
12 34 52 899315  0.03632045 -0.15196872  0.97871232
12 34 52 947581  0.05054569 -0.11135125  1.02521062
12 34 53 582  0.04906082 -0.06942177  0.96803713
12 34 53 53096  0.03928208 -0.21651864  0.98965526
12 34 53 103234  0.05355    -0.02551889  1.02426481
12 34 53 148703  0.04119277 -0.17980576  0.95849252
12 34 53 197098  0.04111195 -0.10534906  1.03142357
12 34 53 247461  0.0571897  -0.08788753  0.95158052
12 34 53 298818  0.04613876 -0.20064235  0.9961369 
12 34 53 349024  0.05096841 -0.03006887  1.01076198
12 34 53 400778  0.03805757 -0.21473622  0.95893717
12 34 53 449888  0.0533042  -0.08484888  1.01573133
12 34 53 498370  0.05402541 -0.12284184  0.94809461
12 34 53 548190  0.06022239 -0.18428111  1.00700116
12 34 53 599120  0.06857514 -0.02987337  0.99301744
12 34 53 648155  0.04603982 -0.2250855   0.9658041 
12 34 53 700189  0.05145454 -0.07794166  1.01451159
12 34 53 749852  0.05892253 -0.15927911  0.94805145
12 34 53 795846  0.05726433 -0.17546511  1.00031734
12 34 53 849843  0.05797172 -0.06375337  0.9670279 
12 34 53 903379  0.03530049 -0.24684358  0.95480442
12 34 53 949823  0.0530889  -0.05911112  1.00860715
12 34 53 998350  0.0480125  -0.17606902  0.95055676
12 34 54 60817  0.04908776 -0.15660715  1.00660324
12 34 54 101166  0.06195688 -0.07632208  0.95445108
12 34 54 147342  0.03095865 -0.23891044  0.96881318
12 34 54 199533  0.05662322 -0.04505634  1.00733685
12 34 54 247952  0.04212523 -0.19518757  0.96147895
12 34 54 301653  0.05170321 -0.13657618  1.01204443
12 34 54 349719  0.06600165 -0.08488941  0.95118928
12 34 54 395891  0.03725266 -0.22467709  0.97044969
12 34 54 447617  0.05855441 -0.03748274  0.99303961
12 34 54 497636  0.04389238 -0.19626665  0.95997286
12 34 54 565249  0.05542684 -0.11014843  0.99936223
12 34 54 625262  0.05740428 -0.10180497  0.96285462
12 34 54 672417  0.04669881 -0.20259809  0.98348331
12 34 54 719283  0.06710124 -0.01855969  1.00014663
12 34 54 766460  0.04415393 -0.19829106  0.97676063
12 34 54 799386  0.04816914 -0.09886885  1.01913619
12 34 54 848694  0.05889034 -0.10864234  0.97467804
12 34 54 900044  0.04230928 -0.19278932  1.00330687
12 34 54 949806  0.05707455 -0.0315156   1.00799251
12 34 54 997166  0.03708458 -0.21128726  0.98461199
12 34 55 57427  0.04676819 -0.06922197  1.03254867
12 34 55 101924  0.0596447  -0.11035419  0.98083377
12 34 55 151626  0.04792666 -0.17162371  1.02895284
12 34 55 197426  0.05530906 -0.04395413  1.00876212
12 34 55 250156  0.03971267 -0.21525717  0.99841666
12 34 55 299404  0.04949999 -0.04277015  1.05186772
12 34 55 347387  0.0486207  -0.12296605  0.99970269
12 34 55 401059 1.83105469e-04 1.64002943e+00 2.38457918e-01
12 34 55 449653  0.05977511 -0.03440762  0.98441458
12 34 55 500668  0.03612518 -0.20851398  0.99993491
12 34 55 549176  1.58309937e-04  1.57795954e+00 -1.40212536e+00
12 34 55 596751  0.04288507 -0.14344192  0.99336386
12 34 55 648679  0.03826714 -0.12906671  1.03855276
12 34 55 700832  0.0318954  -0.00043511 -0.00663543
12 34 55 749577  0.04488683 -0.02628303  1.01596785
12 34 55 797655  0.06417704 -0.03966236  0.98080134
12 34 55 852254  0.03039098 -0.13836837  1.00397563
12 34 55 898064  0.06231475 -0.00176668  0.99623227
12 34 55 947912  0.0415709  -0.15444803  0.9884584 
12 34 55 999284  0.05077052 -0.02513552  1.02374864
12 34 56 52862  0.04917312 -0.10156369  0.98257661
12 34 56 103501  0.03433919 -0.1172955   0.99467659
12 34 56 149706  0.05871272 -0.02088451  0.96593332
12 34 56 196845  0.03001237 -0.17251158  0.97993541
12 34 56 250259  0.05250645 -0.0051496   1.00884748
12 34 56 298363  0.04143596 -0.13744569  0.98198199
12 34 56 348722  0.03389144 -0.0921874   0.99885702
12 34 56 398721  0.05555654 -0.05599904  0.96611428
12 34 56 449938  0.03051186 -0.16231966  1.0033071 
12 34 56 498455 0.06633711 0.01013803 1.003479  
12 34 56 547104  0.03674436 -0.16438079  0.99155951
12 34 56 599471  0.04159832 -0.05600953  1.00912952
12 34 56 648116  0.05085444 -0.09027243  0.97187614
12 34 56 699835  0.03853798 -0.12610745  1.00385094
12 34 56 749403 0.06941414 0.00272083 0.98735785
12 34 56 797004  0.03369856 -0.16761684  0.99767685
12 34 56 849037  0.05089045 -0.01397514  1.01330137
12 34 56 896889  0.04967141 -0.09973693  0.97649908
12 34 56 948567  0.04160929 -0.08488822  1.00216579
12 34 56 997455  0.06068659 -0.02449417  0.97583413
12 34 57 59197  0.03095913 -0.1550262   1.00116706
12 34 57 101128 0.05697346 0.01457548 1.01640582
12 34 57 148522  0.03229427 -0.13445973  0.99913931
12 34 57 199524  0.04219866 -0.03869939  1.00755763
12 34 57 249078  0.05436921 -0.05766058  0.98480129
12 34 57 299861  0.03608871 -0.12685609  1.00180697
12 34 57 349254 0.0639565  0.00605583 0.99353004
12 34 57 396949  0.03639293 -0.15351415  0.99474478
12 34 57 448072  0.05106091 -0.00149775  1.02381301
12 34 57 496489  0.04629207 -0.09602499  0.98612237
12 34 57 548359  0.04377413 -0.0855391   0.99479842
12 34 57 597544  0.06391525 -0.03028488  0.97493386
12 34 57 649179  0.03027248 -0.16684294  0.99141192
12 34 57 698704 6.50587082e-02 9.00030136e-04 1.00812793e+00
12 34 57 747168  0.04228544 -0.15231657  0.98415875
12 34 57 800193  0.03985476 -0.07935596  1.00639796
12 34 57 847943  0.04712129 -0.09031653  0.97345757
12 34 57 899835  0.0323143  -0.14234662  0.99434805
12 34 57 950186 0.06100416 0.00408244 0.99304676
12 34 57 996141  0.03324699 -0.16742158  0.9879446 
12 34 58 56403  0.05409169 -0.01810098  1.02511191
12 34 58 99809  0.04845548 -0.10092068  0.98845077
12 34 58 151812  0.03981996 -0.09962702  1.00227356
12 34 58 198568  0.06258011 -0.02695179  0.98196363
12 34 58 249604  0.04001498 -0.15966773  1.00223494
12 34 58 299398 0.06329346 0.00786328 1.02549291
12 34 58 350131  0.0363791  -0.13686419  1.00727081
12 34 58 399817  0.03671217 -0.06101489  1.01130795
12 34 58 449780  0.0533483  -0.05439019  0.98284864
12 34 58 501430  0.02911901 -0.1411531   1.01728177
12 34 58 549905  0.06202078 -0.00399303  1.00481153
12 34 58 597146  0.02690196 -0.16259909  1.00829506
12 34 58 647961  0.04510069 -0.01852059  1.02437401
12 34 58 697647  0.05096555 -0.08883381  1.00095248
12 34 58 748605  0.04301906 -0.10298467  1.02481675
12 34 58 798350  0.06511354 -0.01356053  0.99072528
12 34 58 849804  0.02777839 -0.16487479  1.01331806
12 34 58 899014 5.48832417e-02 6.56366348e-04 1.02428842e+00
12 34 58 948458  0.04656744 -0.12327051  1.00319386
12 34 58 999696  0.04364896 -0.06434536  1.01328945
12 34 59 51493  0.06093574 -0.04221964  0.98072696
12 34 59 103421  0.03336191 -0.14088225  1.00860834
12 34 59 149437  6.20005131e-02 -7.88450241e-04  9.99925137e-01
12 34 59 197600  0.02730155 -0.15266442  1.00639033
12 34 59 247915  0.04641366 -0.01596427  1.02706265
12 34 59 297493  0.05018806 -0.07692981  1.00038958
12 34 59 348930  0.03450179 -0.12300849  1.01983356
12 34 59 398581  0.0536747  -0.01481223  0.99209356
12 34 59 458464  0.03137183 -0.14977598  1.00461292
12 34 59 526482 0.06768036 0.01333642 1.03079796
12 34 59 565731  0.04989123 -0.11109495  1.00300407
12 34 59 624361  0.0436604  -0.07626057  1.01222777
12 34 59 668726  0.06443405 -0.01772904  0.97443271
12 34 59 718723  0.03426981 -0.145329    1.00605845
12 34 59 751499  6.47919178e-02 -2.63690948e-04  1.01002526e+00
12 34 59 796852  0.03215599 -0.16360426  0.99970317
12 34 59 848254  0.04019141 -0.05498242  1.01504993
12 34 59 897761  0.05342364 -0.06179214  0.98066306
12 34 59 948665  0.0337863  -0.13939691  1.00347447
12 34 59 998918  0.05770898 -0.00424218  0.98948264
12 35 0 57953  0.02847838 -0.16272688  0.99652624
12 35 0 102836  0.04665375 -0.01979113  1.0200882 
12 35 0 149819  0.03883529 -0.09562182  0.98606253
12 35 0 199640  0.03803444 -0.10092974  0.99830461
12 35 0 249340  0.06571007 -0.01445246  0.97277737
12 35 0 302047  0.03135848 -0.17274141  1.00229335
12 35 0 349684  0.05585265 -0.00643444  1.00611067
12 35 0 397496  0.04557419 -0.13022256  0.97920585
12 35 0 449225  0.04346776 -0.07184172  1.00176859
12 35 0 501032  0.06083322 -0.05758905  0.96666908
12 35 0 549138  0.03612018 -0.15356803  1.00522017
12 35 0 598928 0.06944418 0.00783038 0.99441028
12 35 0 652188  0.03475404 -0.16345596  0.99116087
12 35 0 700800  0.05020595 -0.04034376  1.01660371
12 35 0 748648  0.05828619 -0.09695148  0.9729526 
12 35 0 800371  0.03661799 -0.12460232  1.01369929
12 35 0 849484  0.06909132 -0.00209713  0.97670937
12 35 0 901968  0.02841187 -0.16316915  0.99357033
12 35 0 950433  0.03913522 -0.0055058   1.01669741
12 35 0 999908  0.03736973 -0.11133122  0.98222351
12 35 1 59576  0.03169107 -0.0739193   1.01053953
12 35 1 102865  0.05468416 -0.02571869  0.97080469
12 35 1 153018  0.02369022 -0.14266849  1.00026202
12 35 1 198694 0.05982304 0.02868152 1.00784469
12 35 1 249792  0.04221082 -0.12330055  1.0033288 
12 35 1 299583  0.03562117 -0.0343256   1.02007008
12 35 1 348768  0.04746199 -0.05804157  0.98534966
12 35 1 403866  0.03816724 -0.11883736  0.99732447
12 35 1 449311  0.05674767 -0.00270653  0.98737502
12 35 1 500911  0.03503227 -0.17178702  0.99663568
12 35 1 554195  0.05112267 -0.02383876  1.02671075
12 35 1 597640  0.04524136 -0.1141994   0.99843168
12 35 1 648169  0.03958082 -0.10458922  1.00248146
12 35 1 698705  0.0563035  -0.04212546  0.98287416
12 35 1 749031  0.03966641 -0.17023301  1.00727868
12 35 1 798490  0.06297207 -0.00601244  1.02790403
12 35 1 850990  0.04096866 -0.15441942  0.99299145
12 35 1 900321  1.47342682e-04 -1.48473334e+00 -1.74608827e+00
12 35 1 948483  0.05553031 -0.07877326  0.98283863
12 35 2 821  0.04610467 -0.15716124  1.01096654
12 35 2 52037  2.52723694e-04 -1.18754888e+00  1.39455390e+00
12 35 2 103302  0.02740598 -0.17539454  0.99152279
12 35 2 150842  0.04966497 -0.0297606   1.00859761
12 35 2 197069 0.05786037 0.16522217 0.93994141
12 35 2 249503  0.04154468 -0.10812378  0.98632121
12 35 2 297762  0.03736782 -0.11880875  1.00310493
12 35 2 350434  0.05880427 -0.00921535  0.98218417
12 35 2 401020  0.03279543 -0.17058659  0.99014282
12 35 2 449625  0.0585084  -0.00157189  1.02100897
12 35 2 500572  0.03705335 -0.12585831  0.99672318
12 35 2 550073  0.03364944 -0.08325529  1.01424527
12 35 2 601698  0.0540967  -0.03397298  0.98587489
12 35 2 650372  0.03662968 -0.15458941  0.99861431
12 35 2 701705 0.06276155 0.01935458 1.02104473
12 35 2 750646  0.03855777 -0.14665365  0.99330735
12 35 2 797688  0.03715205 -0.04514909  1.01761842
12 35 2 848419  0.04695606 -0.06057715  0.9742794 
12 35 2 898970  0.04063249 -0.13033032  0.99526358
12 35 2 949226 0.05571318 0.00155306 0.99356341
12 35 3 60  0.03098059 -0.17012215  0.98474765
12 35 3 63655  0.04314375 -0.0152719   1.0087688 
12 35 3 102417  0.03642392 -0.11297011  0.98303699
12 35 3 154773  0.0435884  -0.10159326  0.99419999
12 35 3 200477  0.05125713 -0.03366804  0.98807263
12 35 3 249705  0.02940536 -0.18151069  0.99171281
12 35 3 301151 0.05698872 0.00913644 1.01958084
12 35 3 352620  0.03716373 -0.14701509  0.98863816
12 35 3 398856  0.04334235 -0.07976246  1.0126493 
12 35 3 449140  0.05143738 -0.07728314  0.97467256
12 35 3 499718  0.03665948 -0.16184592  0.99315906
12 35 3 550881  0.06125236 -0.00137901  1.00272775
12 35 3 600242  0.03330493 -0.18038416  0.99519253
12 35 3 650949  0.04820251 -0.04541397  1.0178628 
12 35 3 700633  0.04362392 -0.10094285  0.98348093
12 35 3 749488  0.03814054 -0.13307524  1.00749993
12 35 3 800827  0.06057692 -0.01807761  0.98161244
12 35 3 850576  0.03251791 -0.17686486  0.99950695
12 35 3 902433  0.05276322 -0.00790596  1.03189516
12 35 3 950008  0.04304814 -0.13081503  0.99736524
12 35 3 996722  0.04212213 -0.08883071  1.01436448
12 35 4 58244  0.05751228 -0.03013253  0.97836232
12 35 4 100799  0.03444028 -0.15620089  0.99926567
12 35 4 151521 0.06426835 0.01303101 1.0126698 
12 35 4 199111  0.04162288 -0.14697337  0.99405169
12 35 4 250537  0.03890514 -0.05231595  1.02396035
12 35 4 301470  0.05197024 -0.06140995  0.97678065
12 35 4 349279  0.03638554 -0.12401414  1.00588655
12 35 4 402465 0.059654   0.01637292 0.99474955
12 35 4 449502  0.03113008 -0.15680957  1.00156641
12 35 4 503076  0.03676915 -0.00969958  1.02440715
12 35 4 553248  0.03297305 -0.09691715  0.99054885
12 35 4 601132  0.03431964 -0.07841277  0.99347186
12 35 4 649200  0.05443048 -0.00533104  0.97558713
12 35 4 698794  0.02656603 -0.16228962  0.99931097
12 35 4 749720 0.05372381 0.02352643 1.0200398 
12 35 4 799544  0.05013299 -0.10329223  0.99399877
12 35 4 850688  0.03643584 -0.05787849  1.01866174
12 35 4 900445  0.04988265 -0.05777907  0.98383594
12 35 4 950775  0.0352149  -0.13621998  1.01774359
12 35 5 460 0.06225085 0.02333212 1.01138997
12 35 5 52696  0.03577638 -0.14807248  0.99760699
12 35 5 105475  0.04575777 -0.02262378  1.0263083 
12 35 5 150533  0.05910015 -0.07826734  0.97922897
12 35 5 197836  0.04610395 -0.10872841  1.0198226 
12 35 5 251962 0.06997848 0.00597811 0.98515034
12 35 5 298581  0.03685975 -0.15496802  1.00273657
12 35 5 348995 0.05658937 0.00691104 1.02418184
12 35 5 398880  0.04654455 -0.11309505  0.99335432
12 35 5 451251  0.04490161 -0.07901192  1.01332641
12 35 5 499668  0.06024742 -0.02917433  0.9700346 
12 35 5 548843  0.03065872 -0.14493394  0.99403501
12 35 5 601203 0.0626874  0.02168822 1.00123334
12 35 5 649424  0.03845048 -0.14289284  0.99396443
12 35 5 702099  0.04828143 -0.03778338  1.01127195
12 35 5 750327  0.05124164 -0.06516433  0.9800806 
12 35 5 799487  0.03826618 -0.13102722  0.99011707
12 35 5 849753  0.06418037 -0.00564861  0.97986698
12 35 5 898713  0.03130817 -0.1751852   0.98148274
12 35 5 949179  0.05101109 -0.01240277  1.01149964
12 35 5 999609  0.04410458 -0.10420442  0.98344851
12 35 6 56697  0.04160476 -0.097651    0.98772454
12 35 6 102287  0.06210279 -0.0101192   0.96881914
12 35 6 148713  0.03549552 -0.16683149  0.98813915
12 35 6 201720 0.06298828 0.00116372 1.00631046
12 35 6 250011  0.0412569  -0.13818431  0.97868967
12 35 6 301031  0.0440011  -0.0724678   0.98279405
12 35 6 350362  0.05388403 -0.06794691  0.96272635
12 35 6 397647  0.04695582 -0.16263866  0.99116135
12 35 6 448322  0.06342363 -0.00417733  0.99336314
12 35 6 499289  0.02881384 -0.18449903  0.97585869
12 35 6 549144  0.05140567 -0.02869511  1.01749873
12 35 6 599458  0.04774523 -0.10152221  0.98285866
12 35 6 650032  0.04512167 -0.11908674  1.00721836
12 35 6 700029  0.06087494 -0.00658917  0.9858892 
12 35 6 748134  0.02843523 -0.16541529  0.97582912
12 35 6 800218 5.16700745e-02 5.62906265e-04 1.01112103e+00
12 35 6 852712  0.03873396 -0.12233424  0.97975302
12 35 6 903457  0.04670763 -0.07485414  0.99702191
12 35 6 949441  0.0510025  -0.02556467  0.97695518
12 35 6 996813  0.03539085 -0.1538887   0.97781396
12 35 7 58266 0.05774331 0.00651193 1.00480103
12 35 7 100142  0.03566527 -0.15832448  0.98799944
12 35 7 150991  0.04910207 -0.04788566  1.01361227
12 35 7 198094  0.05278468 -0.06696057  0.97752976
12 35 7 250109  0.03815413 -0.14186168  0.9870522 
12 35 7 300141  6.18245602e-02 -6.75201416e-04  9.91425753e-01
12 35 7 347708  0.04099226 -0.16669774  0.9838233 
12 35 7 401607  0.0480423  -0.02398849  1.02230382
12 35 7 449702  0.0391376  -0.11029315  0.98498726
12 35 7 501990  0.043751   -0.09567261  0.98493624
12 35 7 550966  0.05527592 -0.0177834   0.97543025
12 35 7 598778  0.03364968 -0.16329956  0.99612832
12 35 7 650082 0.05125475 0.00508022 1.02411604
12 35 7 700355  0.03401518 -0.1399312   0.99378586
12 35 7 750169  0.0362649  -0.06099725  1.01037717
12 35 7 802376  0.04322958 -0.06751227  0.98849845
12 35 7 850142  0.03597212 -0.14333296  1.00678158
12 35 7 903368 0.03125286 1.37435746 0.84766436
12 35 7 947609  0.05287337 -0.02312255  1.0294466 
12 35 8 677  2.02894211e-04 -1.71908712e+00 -2.14871883e-01
12 35 8 51694  0.0450995  -0.10577393  1.0352397 
12 35 8 103116  0.06805372 -0.01121759  0.99485087
12 35 8 149312 7.27438927e-03 2.89225578e-03 1.19209290e-05
12 35 8 197361  0.01860404 -0.15029955  0.98213935
12 35 8 248494  0.03392887 -0.09194827  1.00912762
12 35 8 301093  0.04416966 -0.04787612  0.98177099
12 35 8 349483  0.02325654 -0.18662119  0.98889923
12 35 8 399431 0.05387688 0.00327611 1.03170061
12 35 8 450875  0.02639866 -0.12860823  0.98488116
12 35 8 499584  0.03155994 -0.10924459  1.00491929
12 35 8 550734  0.04188561 -0.03682375  0.98332167
12 35 8 600913  0.01834631 -0.17798781  0.98528838
12 35 8 650935 0.0466733  0.00776458 1.04365158
12 35 8 703136  0.03167105 -0.10144091  0.98706865
12 35 8 752931  0.03082108 -0.11680698  1.00710654
12 35 8 799098  5.32171726e-02 -3.08990479e-04  9.86096859e-01
12 35 8 849980  0.02174926 -0.17493725  0.98358774
12 35 8 898492  0.04321122 -0.0203557   1.04526925
12 35 8 949172  0.03794837 -0.08042288  0.98368859
12 35 8 998924  0.02781606 -0.13248158  0.99721265
12 35 9 60097 0.05896425 0.01407099 0.98977065
12 35 9 102569  0.02296925 -0.16780996  0.97767949
12 35 9 150131  0.0390656  -0.03460741  1.02768612
12 35 9 200833  0.04420638 -0.05235076  0.97818518
12 35 9 251025  0.03047204 -0.13370037  0.99343348
12 35 9 301300 0.06042767 0.01987195 1.00086451
12 35 9 350837  0.01762033 -0.14361978  0.98074579
12 35 9 400150  0.03810716 -0.0431571   1.01543307
12 35 9 449476  0.04203463 -0.0380559   0.97095227
12 35 9 499075  0.02196169 -0.15224695  0.98026586
12 35 9 551413 0.05167222 0.01707149 1.00089765
12 35 9 600916  0.01396751 -0.13622832  0.97374678
12 35 9 650691  0.02718472 -0.0684979   1.0037055 
12 35 9 700467  0.04163361 -0.01564479  0.96954703
12 35 9 748448  0.02050424 -0.15512872  0.97466016
12 35 9 799746 0.05296111 0.02124405 1.01037717
12 35 9 849711  0.0302546  -0.1041429   0.96784711
12 35 9 900450  0.03510094 -0.09508157  0.9899137 
12 35 9 949967  0.04931378 -0.01490879  0.96662164
12 35 9 997349  0.02274227 -0.17072988  0.96499777
12 35 10 59024  0.04291248 -0.00305438  1.01811695
12 35 10 100627  0.03298044 -0.09794545  0.96659803
12 35 10 150739  0.03782868 -0.10625148  0.98357463
12 35 10 199722  0.05164909 -0.00477886  0.96838689
12 35 10 250207  0.02629352 -0.16463232  0.96553087
12 35 10 302008  0.04889512 -0.00405359  1.01612139
12 35 10 350268  0.03961229 -0.08078861  0.96760273
12 35 10 399819  0.03206348 -0.12114525  0.98417521
12 35 10 449903  5.10940552e-02 -7.18593597e-04  9.75003958e-01
12 35 10 501486  0.01479769 -0.17360091  0.96524286
12 35 10 549905  0.04127741 -0.02074814  1.01424766
12 35 10 598088  0.04493141 -0.05169582  0.9665482 
12 35 10 648914  0.03110838 -0.14205003  0.98919821
12 35 10 698793 0.05523396 0.00963688 0.99617076
12 35 10 749677  0.02557659 -0.1501224   0.97312975
12 35 10 798216  0.03811026 -0.04582906  1.01644588
12 35 10 849330  0.03443217 -0.05427718  0.97490025
12 35 10 899640  0.02386379 -0.14902806  0.98675919
12 35 10 947960 0.04733658 0.01791859 1.00278211
12 35 11 1491  0.01541448 -0.14620614  0.97519493
12 35 11 51794  0.02942705 -0.0674901   0.99625659
12 35 11 103723  0.03280401 -0.04045558  0.97182465
12 35 11 151134  0.01699901 -0.1642127   0.98898196
12 35 11 196843 0.05040455 0.01611781 1.02751112
12 35 11 247872  0.02905321 -0.12866259  0.99204779
12 35 11 298134  0.03120661 -0.10283637  1.01584554
12 35 11 348924  0.03910351 -0.04699636  0.99265981
12 35 11 399693  0.01924109 -0.18206835  0.99191189
12 35 11 450188 0.04948211 0.00581551 1.03592801
12 35 11 499801  0.02762341 -0.11742878  0.9921248 
12 35 11 547755  0.02994156 -0.12069607  1.00742745
12 35 11 599540  0.04410291 -0.01350451  0.9986968 
12 35 11 648643  0.01511598 -0.18436837  0.99148059
12 35 11 700610  0.04119444 -0.02160692  1.04286265
12 35 11 749866  0.02984619 -0.10150957  0.99553084
12 35 11 796100  0.03391027 -0.13716364  1.01297712
12 35 11 847634  0.05311394 -0.00773382  1.00939393
12 35 11 897523  0.01794314 -0.1929183   0.99361014
12 35 11 948774  0.03711247 -0.05270791  1.03805876
12 35 11 999655  0.03098083 -0.09256339  1.00084496
12 35 12 61444  0.02775645 -0.13550615  1.01488471
12 35 12 102170 0.05132723 0.01200175 1.02122021
12 35 12 148274  0.01023459 -0.16854143  1.00049925
12 35 12 199824  0.03402781 -0.04185438  1.04229832
12 35 12 249756  0.03547478 -0.05901361  0.99832559
12 35 12 301187  0.01482916 -0.14613199  1.01748395
12 35 12 350780 0.04857302 0.01656318 1.02387118
12 35 12 397072  0.01102448 -0.1499269   1.00663853
12 35 12 448058  0.02967215 -0.05878067  1.0387938 
12 35 12 498164  0.03223753 -0.02911806  1.00232649
12 35 12 564692  0.01611829 -0.14095521  1.01144385
12 35 12 619489 0.04365277 0.0281167  1.03477788
12 35 12 673842  0.01295137 -0.12692928  1.00646567
12 35 12 725773  0.026824   -0.07469797  1.03183174
12 35 12 772061  0.0345099  -0.01653838  0.99116588
12 35 12 824162  0.00874138 -0.16884804  1.00017381
12 35 12 871558 0.03997397 0.00439763 1.03722692
12 35 12 923157  0.02024245 -0.12102103  1.0024519 
12 35 12 969481  0.02509737 -0.10224652  1.02426147
12 35 13 18872  0.04854918 -0.01031733  0.9903996 
12 35 13 73601  0.02095127 -0.17682505  0.9960525 
12 35 13 122255  0.04484487 -0.00691342  1.03981614
12 35 13 175288  0.03677106 -0.111341    0.99100423
12 35 13 217222  0.03509951 -0.11259747  1.02062178
12 35 13 265444  0.05507255 -0.01767492  0.98807311
12 35 13 319435  0.01783562 -0.17673349  0.98803139
12 35 13 363522  0.04778337 -0.00366282  1.03335571
12 35 13 420460  0.02919245 -0.10232639  0.98332882
12 35 13 473393  0.02410793 -0.12439823  1.00724649
12 35 13 530728 0.05648351 0.00247264 0.98383117
12 35 13 572000  0.01644874 -0.17875862  0.97491813
12 35 13 619509  0.03343821 -0.03962564  1.02839828
12 35 13 666172  0.03313255 -0.10188603  0.97107625
12 35 13 698156  0.02747035 -0.14239931  1.00132751
12 35 13 749079 5.20095825e-02 1.88350677e-04 9.87786770e-01
12 35 13 801504  0.01219082 -0.1831038   0.96896338
12 35 13 851066  0.03432083 -0.04105711  1.02867246
12 35 13 901670  0.01564765 -1.07865906  0.72263551
12 35 13 947972 0.04758644 0.01053762 0.99555302
12 35 14 1410  3.38554382e-05 -1.81316566e+00 -9.02466059e-01
12 35 14 52065  0.02925968 -0.05023193 -0.80854273
12 35 14 103677  0.02138472 -0.06508541  0.97173953
12 35 14 149980  0.00736332 -0.0042994   0.01561332
12 35 14 197551  0.02727079 -0.16679168  0.98415709
12 35 14 248722 0.05555701 0.00495911 1.00551295
12 35 14 299819  0.01705766 -0.15706325  0.96876192
12 35 14 349552  0.04233575 -0.06154108  1.01469779
12 35 14 399481  0.05081224 -0.0245924   0.96473193
12 35 14 450363  0.01742077 -0.18004656  0.97358012
12 35 14 499851 0.05000639 0.00666809 1.01409841
12 35 14 550198  0.02514577 -0.12081003  0.96705198
12 35 14 601615  0.03385496 -0.10001326  1.01013494
12 35 14 650711  0.04482293 -0.03609681  0.96700978
12 35 14 700792  0.01176381 -0.19617772  0.96380067
12 35 14 749976  0.04361534 -0.00843167  1.02258849
12 35 14 796916  0.02174211 -0.12341356  0.96933365
12 35 14 847801  0.02976918 -0.11516738  1.00440168
12 35 14 897810  0.0475955  -0.01944757  0.97421861
12 35 14 948959  0.01638174 -0.18988729  0.96612477
12 35 14 998659  0.04328823 -0.02129197  1.02454782
12 35 15 60419  0.01828003 -0.10879016  0.97654295
12 35 15 103001  0.02630615 -0.11581516  0.99684763
12 35 15 148608 0.05233645 0.0020237  0.98719954
12 35 15 199733  0.01226711 -0.19023156  0.97092819
12 35 15 249365  0.04214072 -0.03523636  1.02668619
12 35 15 300948  0.02796435 -0.07342052  0.97694254
12 35 15 350329  0.02751827 -0.13778782  0.99130392
12 35 15 400398  0.0542624  -0.0014596   1.00042009
12 35 15 449880  0.01238489 -0.18159151  0.97463965
12 35 15 502131  0.03281116 -0.04998302  1.03398061
12 35 15 549992  0.03095722 -0.05660582  0.98067093
12 35 15 599493  0.02725673 -0.14364386  0.9820118 
12 35 15 651991 0.05192089 0.00988865 1.01484966
12 35 15 700208  0.01158905 -0.16150451  0.97778726
12 35 15 748512  0.03062773 -0.06016922  1.03418922
12 35 15 800202  0.03975844 -0.02792144  0.98305225
12 35 15 849014  0.02157092 -0.16864872  0.98848748
12 35 15 930663 0.05183148 0.00539684 1.03528953
12 35 15 956858  0.02337503 -0.13581347  0.98909235
12 35 15 997057  0.0300529  -0.09293103  1.03954864
12 35 16 60380  0.04819369 -0.01910615  0.98567557
12 35 16 100739  0.01757336 -0.18008161  0.98759174
12 35 16 152072  0.04929328 -0.00502014  1.04034758
12 35 16 200174  0.02774119 -0.10883999  0.9964149 
12 35 16 250053  0.02636337 -0.10586739  1.02579141
12 35 16 299651  0.03744173 -0.00614381  0.99331737
12 35 16 350335  0.00621414 -0.17537451  0.98769617
12 35 16 400113  0.03399062 -0.00953341  1.04368114
12 35 16 449146  0.01281834 -0.09312034  0.9996736 
12 35 16 502392  0.01979208 -0.10811186  1.01537991
12 35 16 550188 0.03973675 0.01714659 1.00358176
12 35 16 601047  0.00668311 -0.16740227  0.98535299
12 35 16 648599  0.03150678 -0.02522111  1.04433632
12 35 16 700876  0.03289795 -0.06424332  1.00058508
12 35 16 748928  0.02915168 -0.12928796  1.02953005
12 35 16 800603 0.05865407 0.01362371 1.0280261 
12 35 16 849390  0.01889992 -0.17022896  0.98905492
12 35 16 900950  0.03580475 -0.06569815  1.04346728
12 35 16 949730  0.03958797 -0.06407571  0.99259138
12 35 17 30  0.01877403 -0.16756344  1.00825834
12 35 17 53219  0.04768586 -0.00445771  1.03461576
12 35 17 104018  0.01216507 -0.16032338  0.99080563
12 35 17 150149  0.02923131 -0.07456374  1.03524613
12 35 17 197118  0.04438543 -0.03257513  0.98803449
12 35 17 249794  0.02288842 -0.17793369  1.00282097
12 35 17 297767  0.05374646 -0.01782751  1.04355073
12 35 17 348830  0.01391792 -0.15837169  0.98904133
12 35 17 398110  0.03040838 -0.10074759  1.02460265
12 35 17 449676  0.05346012 -0.0198772   0.98873115
12 35 17 500136  0.01449466 -0.19593644  0.98991871
12 35 17 549697  0.04396629 -0.02566004  1.04321527
12 35 17 602258  0.0266273  -0.11435699  0.9820888 
12 35 17 650019  0.02807617 -0.12402344  1.01397085
12 35 17 702283  0.05367804 -0.00767064  0.99162555
12 35 17 750953  0.01138878 -0.19554329  0.97772884
12 35 17 799032  0.04066372 -0.04314947  1.03504825
12 35 17 848511  0.02995896 -0.09656072  0.98101521
12 35 17 898785  0.02574325 -0.14728594  0.99310398
12 35 17 949363  0.04956913 -0.00321627  0.99328279
12 35 17 998327  0.01198602 -0.18110871  0.96937323
12 35 18 61566  0.03510547 -0.04588294  1.03067279
12 35 18 102357  0.02230406 -0.06810546  0.98344731
12 35 18 150353  0.0214076  -0.15208769  0.98270512
12 35 18 201711 0.04978275 0.00824094 1.01085925
12 35 18 254364  0.0058794  -0.17227459  0.9752388 
12 35 18 302003  0.02505183 -0.06777859  1.02979708
12 35 18 350786  0.02350402 -0.06723332  0.98294497
12 35 18 397993  0.01625896 -0.17559195  0.97353792
12 35 18 449525 0.04837298 0.01172209 1.02301002
12 35 18 504698  0.00746751 -0.16112876  0.98202944
12 35 18 570923  0.03119659 -0.09047174  1.01885962
12 35 18 624815  0.03144455 -0.04969049  0.98546028
12 35 18 667178  0.00859523 -0.18405223  0.96862745
12 35 18 720918 0.05137324 0.01037621 1.02752376
12 35 18 774846  0.01786542 -0.12479353  0.97727704
12 35 18 823461  0.027565   -0.11707783  1.01691437
12 35 18 879943  0.03484797 -0.02397156  0.99407101
12 35 18 926522  0.00849295 -0.17847919  0.97473574
12 35 18 972610  0.04596329 -0.00502348  1.03589344
12 35 19 16821  0.02842188 -0.09634042  0.97535396
12 35 19 82746  0.02739406 -0.13051271  0.99637103
12 35 19 121278 0.04798794 0.00260234 0.99450421
12 35 19 176318  0.0177319  -0.17417955  0.97459602
12 35 19 219166  0.03634    -0.03151798  1.02717137
12 35 19 249698  0.01947474 -0.08770609  0.98069906
12 35 19 299576  0.01978683 -0.1293757   0.98533773
12 35 19 348383 0.0463655  0.02860308 1.0067277 
12 35 19 401555  0.01149225 -0.16589975  0.97870541
12 35 19 449838  0.03098178 -0.05442023  1.02189469
12 35 19 502274  0.03012514 -0.06232476  0.97898746
12 35 19 553333  0.02553463 -0.13761282  0.98682356
12 35 19 597692 0.06094861 0.02755785 1.01232719
12 35 19 648436  0.02034307 -0.14492536  0.97634411
12 35 19 698221  0.03271174 -0.06459641  1.01529646
12 35 19 749207  0.0445807  -0.02432299  0.97560692
12 35 19 799085  0.0140748  -0.15191293  0.98552346
12 35 19 850359 0.04312682 0.02883458 1.02359915
12 35 19 901282  0.01567388  1.34345293 -1.964854  
12 35 19 948225 0.03701258 0.00384021 0.97523594
12 35 20 2224  4.45842743e-05  4.36882257e-01 -1.19934487e+00
12 35 20 52756  0.0408299   0.01654053 -0.46472335
12 35 20 103891  0.02523708 -0.07033253  0.99213076
12 35 20 151208 0.00631285 0.01430559 0.01561904
12 35 20 198911  0.02547836 -0.1572957   0.98498011
12 35 20 248939  0.02828884 -0.08757734  1.02742982
12 35 20 298771  0.04469228 -0.0517714   0.97183013
12 35 20 349105  0.01675463 -0.16975331  0.98197055
12 35 20 398947 0.06225204 0.01474118 1.01824784
12 35 20 450472  0.02651453 -0.13910437  0.98075986
12 35 20 504339  0.02638102 -0.10927963  1.02168679
12 35 20 548425  0.04030108 -0.03543186  0.97751594
12 35 20 601596  0.0138433  -0.18362164  0.97752976
12 35 20 649189  0.05013013 -0.00589776  1.02154827
12 35 20 701164  0.01618385 -0.13639235  0.98371291
12 35 20 750086  0.0239141  -0.11342764  1.01013613
12 35 20 796632  0.03567076 -0.02887321  0.98786259
12 35 20 851233  0.00383973 -0.18269157  0.97798896
12 35 20 897921 0.04552698 0.01390195 1.03770494
12 35 20 949210  0.02959609 -0.06805968  0.99287534
12 35 20 998358  0.01720691 -0.13437271  1.01163268
12 35 21 62955 0.04456925 0.00271034 0.99798226
12 35 21 103270  0.00664687 -0.17332125  0.97831917
12 35 21 151563  0.03316402 -0.03929138  1.03366232
12 35 21 201058  0.03039289 -0.07233644  0.99024272
12 35 21 249448  0.0130918  -0.16391039  1.00226903
12 35 21 301878 0.05384612 0.01351714 1.0168488 
12 35 21 351266  0.00954342 -0.1586144   0.98270559
12 35 21 397245  0.02828598 -0.08587766  1.02420497
12 35 21 448697  0.03255224 -0.06150866  0.99012589
12 35 21 499181  0.012043   -0.16918254  0.99928522
12 35 21 553453 0.06105185 0.02398562 1.03516316
12 35 21 598736  0.02694488 -0.11975527  0.99080086
12 35 21 649784  0.02454686 -0.12538409  1.02231812
12 35 21 699890  0.05181074 -0.01835823  0.9904232 
12 35 21 749385  0.01233745 -0.17452312  0.99794745
12 35 21 801819  0.0471313  -0.01259089  1.04888129
12 35 21 851822  0.03976631 -0.08202982  0.99120426
12 35 21 902207  0.02387047 -0.14170218  1.01324368
12 35 21 950554 0.06307149 0.0112505  1.00049019
12 35 21 998090  0.02317739 -0.15513301  0.99239063
12 35 22 60065  0.04151869 -0.04216623  1.03540158
12 35 22 100825  0.04838443 -0.05136323  0.98154974
12 35 22 153466  0.02159715 -0.15724659  1.00394464
12 35 22 198748 0.06225657 0.00947261 1.01389527
12 35 22 252199  0.02627945 -0.15398955  0.98327756
12 35 22 301355  0.02801967 -0.091187    1.02419949
12 35 22 349634  0.04191804 -0.05212879  0.97388148
12 35 22 400907  0.01532388 -0.18857074  0.99118447
12 35 22 451022  0.05738068 -0.00916028  1.02217484
12 35 22 501403  0.0259161  -0.14429617  0.97255754
12 35 22 550342  0.02522898 -0.12667537  1.01718402
12 35 22 597256  0.04852128 -0.03341365  0.98267913
12 35 22 648588  0.01105022 -0.19824553  0.97746825
12 35 22 698165  0.04174662 -0.02758932  1.02671409
12 35 22 750281  0.02616501 -0.114784    0.97491455
12 35 22 799059  0.01964092 -0.1375463   1.00023103
12 35 22 850973  0.04404569 -0.01755667  0.98420453
12 35 22 900224  0.00351119 -0.20011544  0.97007823
12 35 22 949544  0.03286147 -0.04031944  1.02758765
12 35 23 1561  0.03092027 -0.09444928  0.97514129
12 35 23 52584  0.01544118 -0.14865685  0.99805665
12 35 23 103767  0.04677415 -0.01152635  0.98773313
12 35 23 150740  0.01212096 -0.19019818  0.9757266 
12 35 23 197318  0.03998852 -0.05573058  1.02982879
12 35 23 248549  0.0341692  -0.08530927  0.98268366
12 35 23 298305  0.01683497 -0.167063    0.99033117
12 35 23 350015 0.06301045 0.00845504 1.00069308
12 35 23 398899  0.01799583 -0.17309308  0.98344374
12 35 23 450155  0.02451086 -0.09661317  1.03347015
12 35 23 500859  0.03333759 -0.07308125  0.9818871 
12 35 23 548508  0.00521111 -0.18020988  0.98871112
12 35 23 601252 0.04646754 0.00294495 1.01915669
12 35 23 650173  0.00800419 -0.15452719  0.98024297
12 35 23 703318  0.0229435  -0.10749388  1.01722312
12 35 23 750314  0.05065227 -0.02365613  0.98279595
12 35 23 797302  0.00908208 -0.19236302  0.98132062
12 35 23 848354  0.04762006 -0.02556586  1.0280776 
12 35 23 899874  0.03629375 -0.10749078  0.97160554
12 35 23 950337  0.02555609 -0.13137293  1.01317739
12 35 24 938  0.05045438 -0.01391888  0.99296546
12 35 24 59664  0.00757384 -0.18888092  0.98509598
12 35 24 103000  0.03515863 -0.03772283  1.02972937
12 35 24 148902  0.02892828 -0.08541107  0.97584915
12 35 24 199684  0.01124215 -0.15341449  0.99589825
12 35 24 249290  0.04290128 -0.01266265  0.98861861
12 35 24 301484 -0.00383472 -0.19032741  0.97382188
12 35 24 350139  0.02958822 -0.05141068  1.01580501
12 35 24 397026  0.03359103 -0.05082893  0.97281075
12 35 24 449910  0.0111196  -0.17301798  0.99079299
12 35 24 498842  0.05574036 -0.00363493  0.99991369
12 35 24 549861  0.00685501 -0.16501808  0.97619152
12 35 24 598882  0.0207293  -0.10100508  1.01167774
12 35 24 650803  0.04303432 -0.05050349  0.96762967
12 35 24 701826  0.00627875 -0.20053005  0.9754231 
12 35 24 749000  0.04902458 -0.02292323  1.01450849
12 35 24 800206  0.0099504  -0.15372944  0.97663188
12 35 24 850075  0.0245297  -0.1257503   1.00340509
12 35 24 902914  0.04202008 -0.03478551  0.97423363
12 35 24 949251  8.22067261e-04 -1.97432518e-01  9.69303608e-01
12 35 24 997480  0.04068041 -0.02395701  1.02322149
12 35 25 55640  0.01775455 -0.12771511  0.976197  
12 35 25 101370  0.02138209 -0.14049292  0.9984026 
12 35 25 151738  0.04135609 -0.0155592   0.97603369
12 35 25 199611  0.00306988 -0.19639897  0.97102666
12 35 25 249647  0.03725004 -0.04979444  1.03349042
12 35 25 302501  0.02371669 -0.10676551  0.98740864
12 35 25 348975  0.01229572 -0.15748811  1.01045704
12 35 25 401681  0.04904509 -0.01234984  0.99887419
12 35 25 452232  0.00464249 -0.19269347  0.97842026
12 35 25 501825  0.03225279 -0.07652521  1.02886009
12 35 25 549810  0.02860045 -0.08647943  0.98849273
12 35 25 598136  0.01648784 -0.17531323  1.00366235
12 35 25 649139  6.59246445e-02 -1.69515610e-04  1.01306415e+00
12 35 25 698659  0.01220274 -0.17245007  0.97659349
12 35 25 749719  0.02886963 -0.10742807  1.03368211
12 35 25 798322  0.05352068 -0.04882073  0.98432779
12 35 25 849752  0.01770639 -0.20226336  1.00303173
12 35 25 900465  0.03125644  1.14009285 -0.76182175
12 35 25 949027  0.03127742 -0.1279645   1.01910925
12 35 25 999676  2.38895416e-04 -7.34471321e-01 -2.46152163e-01
12 35 26 51798  0.02076411 -0.19256592  1.62889981
12 35 26 103133  0.04967618 -0.03268576  1.03592873
12 35 26 149369 0.00742769 0.00486279 0.0156014 
12 35 26 198534 -0.02571106  0.05748701  1.04208851
12 35 26 248432 -0.07251263 -0.13256431  0.95109677
12 35 26 299904 -0.02986193 -0.22844481  0.9755106 
12 35 26 350451  0.03350496 -0.01660848  1.03768921
12 35 26 399251 -0.0115416   0.07750845  1.03557158
12 35 26 450141 -0.07243085 -0.09069896  0.98641181
12 35 26 501005 -0.03575253 -0.23273754  0.9509306 
12 35 26 548980  0.03046894 -0.04586601  1.03734994
12 35 26 601094 -0.00398421  0.07560253  1.03058481
12 35 26 649417 -0.07624483 -0.07479119  1.00927019
12 35 26 701265 -0.04516459 -0.23602533  0.93039513
12 35 26 750135  0.02369666 -0.07629442  1.0293529 
12 35 26 797915 0.00886726 0.07980776 1.02904344
12 35 26 849369 -0.0624342  -0.02750707  1.02861452
12 35 26 898602 -0.05004787 -0.21948552  0.91896844
12 35 26 949739  0.00640035 -0.13186693  1.02153707
12 35 26 999415 0.01105475 0.06125045 1.02855873
12 35 27 59992 -0.05831242 -0.01103425  1.0391798 
12 35 27 102842 -0.05920601 -0.21169686  0.911273  
12 35 27 148606 -0.00420117 -0.15684676  1.01006675
12 35 27 199546 0.02614474 0.06260157 1.02398205
12 35 27 250673 -0.03685498  0.02989936  1.04306054
12 35 27 301865 -0.06074762 -0.18090129  0.91979933
12 35 27 354683 -0.01738977 -0.1954298   1.00938487
12 35 27 397285 0.03365779 0.03551364 1.02872109
12 35 27 459664 -0.02622414  0.04551244  1.04164052
