10 3 26 583378 -0.02132797  0.09327507  1.0053463 
10 3 26 622991 -0.01516533 -0.04148674  0.98868752
10 3 26 670672 -0.0474968  -0.12652588  0.99950218
10 3 26 716194 -0.06417465 -0.05444908  1.02193642
10 3 26 760494 -0.04405212  0.00294685  0.99791718
10 3 26 810136 -0.04288864 -0.020401    0.99409294
10 3 26 853457 -0.0491848  -0.06395149  0.98866463
10 3 26 890229 -0.06516075 -0.07972336  0.98020363
10 3 26 941873 -0.07787514 -0.0599308   0.98410416
10 3 26 992006 -0.04861069  0.09027863  1.02649498
10 3 27 50744 -0.00991631  0.08937263  1.00980186
10 3 27 92608 -0.02532387 -0.12538719  0.97071075
10 3 27 139552 -0.06924438 -0.18343735  1.00043678
10 3 27 191296 -0.06540871 -0.02650452  1.02470398
10 3 27 242032 -0.04945374  0.04022217  1.00428963
10 3 27 293726 -0.03883743 -0.07029152  0.97436333
10 3 27 342731 -0.05071068 -0.09963989  0.99054146
10 3 27 389691 -0.07976913 -0.07097054  0.98573494
10 3 27 442611 -0.07325935  0.01562691  0.99514008
10 3 27 490246 -0.02305222  0.11488724  1.02726936
10 3 27 542360 -0.00826073 -0.00686646  0.98837662
10 3 27 591047 -0.04304314 -0.18858528  0.97223282
10 3 27 643039 -0.07653046 -0.10038185  1.01892281
10 3 27 692359 -0.05072594  0.03262329  1.01268387
10 3 27 740903 -0.0353241  -0.01089478  0.99533272
10 3 27 793288 -0.04084969 -0.09215355  0.98325729
10 3 27 843578 -0.06962776 -0.08559036  0.97811127
10 3 27 894196 -0.08222961 -0.01640511  1.00737762
10 3 27 948375 -0.04359436  0.11762428  1.03145981
10 3 27 989718 -0.01039696  0.0225544   1.00099564
10 3 28 50950 -0.03532982 -0.15908241  0.98373222
10 3 28 86885 -0.07130241 -0.1287632   1.00496864
10 3 28 139758 -0.0625267   0.01524353  1.02381325
10 3 28 191610 -0.03260803  0.0024395   0.98197746
10 3 28 243241 -0.0389595  -0.07833099  0.99064255
10 3 28 294856 -0.05824471 -0.09094238  0.98355865
10 3 28 341598 -0.08140373 -0.05335426  0.98958397
10 3 28 393256 -0.05086136  0.08433151  1.02160835
10 3 28 442100 -0.01211548  0.06070328  0.99946785
10 3 28 494102 -0.01960182 -0.10172653  0.97084427
10 3 28 542755 -0.06187439 -0.13879013  1.00668716
10 3 28 590031 -0.06724548 -0.03529358  1.0263176 
10 3 28 643084 -0.04224014  0.02729225  1.00386238
10 3 28 690821 -0.03402328 -0.05316544  0.97747421
10 3 28 742025 -0.04937553 -0.08680153  0.98878479
10 3 28 791196 -0.08011818 -0.07878113  0.98265457
10 3 28 844303 -0.07588577  0.01652336  1.00935936
10 3 28 892170 -0.02202225  0.09441948  1.02250862
10 3 28 941836 -0.02077484 -0.04645729  0.98691368
10 3 28 993338 -0.04652405 -0.12287903  0.99634171
10 3 29 45466 -0.06068611 -0.06415367  1.01407623
10 3 29 94353 -0.05959511 -0.0089283   1.00694847
10 3 29 141995 -0.04538155 -0.03031349  0.98900604
10 3 29 190063 -0.03635406 -0.05135536  0.99791718
10 3 29 241579 -0.05593681 -0.06378555  0.97985077
10 3 29 291182 -0.07566071 -0.07954788  0.98266411
10 3 29 342921 -0.06019974  0.05555916  1.03034592
10 3 29 391226 -0.02332306  0.10257339  1.0130825 
10 3 29 443462 -0.02269936 -0.06646538  0.98786926
10 3 29 493109 -0.05209732 -0.15247726  0.99819565
10 3 29 541925 -0.06351662 -0.06449318  1.00945854
10 3 29 593092 -0.05323982 -0.00679588  0.99463844
10 3 29 642531 -0.04434395 -0.03497887  0.99943352
10 3 29 694091 -0.037714   -0.06391144  0.99048996
10 3 29 743155 -0.06282234 -0.0636158   0.98011971
10 3 29 789799 -0.07749939 -0.06111526  0.97431564
10 3 29 841054 -0.06214333  0.05134773  1.02764893
10 3 29 891632 -0.02333069  0.09426689  1.02347183
10 3 29 942453 -0.02775955 -0.05860329  0.99592209
10 3 29 992185 -0.05690002 -0.15350914  0.97985268
10 3 30 53268 -0.06278038 -0.06282043  1.01835442
10 3 30 92349 -0.05234909 -0.00684929  1.00671959
10 3 30 140261 -0.04460335 -0.03937531  0.99566841
10 3 30 192096 -0.03944016 -0.07068062  0.98959732
10 3 30 245007 -0.05121994 -0.05305099  0.98869324
10 3 30 294834 -0.08054543 -0.05365562  0.97912598
10 3 30 344199 -0.06674957  0.02529716  1.02711868
10 3 30 390420 -0.02862358  0.07518196  1.03641319
10 3 30 444593 -0.02896118 -0.06784248  0.98626518
10 3 30 490594 -0.05788994 -0.10763168  0.992733  
10 3 30 542392 -0.05993271 -0.04772377  0.9966011 
10 3 30 591687 -0.05405617 -0.02556992  0.9988575 
10 3 30 643764 -0.05288887 -0.04574394  1.00904274
10 3 30 691709 -0.04112625 -0.04086113  0.99954796
10 3 30 740525 -0.04635048 -0.0267067   0.98595238
10 3 30 793635 -0.06764412 -0.05427361  0.97399521
10 3 30 846484 -0.06939697 -0.05157089  1.01950264
10 3 30 893470 -0.04208374  0.08400345  1.05608368
10 3 30 943409 -0.00789452  0.11190033  1.01802635
10 3 30 990301 -0.02357483 -0.11425781  0.9481144 
10 3 31 50990 -0.08058357 -0.21118164  0.97365379
10 3 31 93943 -0.07401848 -0.0683403   1.015131  
10 3 31 144210 -0.04778862  0.01687241  1.01771355
10 3 31 190622 -0.03796196 -0.05725861  0.98856926
10 3 31 242824 -0.03747559 -0.08630753  0.98104286
10 3 31 291621 -0.06645393 -0.03243256  0.98745346
10 3 31 340549 -0.08251572 -0.00506592  1.01709557
10 3 31 392154 -0.03459358  0.0769825   1.04003525
10 3 31 442410 -0.00639534  0.04955482  1.01073456
10 3 31 493167 -0.03469658 -0.13632774  0.9429512 
10 3 31 542229 -0.08101082 -0.14439392  0.97966766
10 3 31 588985 -0.06114578 -0.02150536  1.01400757
10 3 31 640720 -0.04052162 -0.00102234  1.01537132
10 3 31 690089 -0.03096008 -0.07193756  0.97543716
10 3 31 741493 -0.05138016 -0.07147408  0.98836136
10 3 31 791577 -0.08183289 -0.02857971  1.00367165
10 3 31 847418 -0.06562233  0.06845665  1.03087425
10 3 31 892237 -0.01320457  0.0821743   1.02851868
10 3 31 941715 -0.01459503 -0.10095596  0.98481369
10 3 31 992600 -0.06602478 -0.17375565  0.98096275
10 3 32 50003 -0.07499123 -0.02570152  0.99018288
10 3 32 93416 -0.04766655  0.05545235  1.00496483
10 3 32 141155 -0.02993584 -0.06388092  0.98246002
10 3 32 189422 -0.04229546 -0.11732483  0.99809456
10 3 32 241933 -0.07328987 -0.06642342  0.99053192
10 3 32 291172 -0.07203865  0.08263016  1.01054573
10 3 32 342781 -0.02230453  0.1139698   1.02691269
10 3 32 391059 -0.0052433  -0.10492325  0.98344994
10 3 32 442824 -0.05056953 -0.20354843  0.99326515
10 3 32 492389 -0.07358932 -0.0379715   0.9985218 
10 3 32 540618 -0.04352951  0.07379532  0.99079514
10 3 32 592511 -0.03072548 -0.04881096  0.97741699
10 3 32 641427  0.12480354 -1.75050926  3.25390434
10 3 32 693251 -0.08107185 -0.0911293   1.00021362
10 3 32 742482 -0.06639481  0.07699776  1.01580048
10 3 32 789473 -0.02366829  0.0838871   0.99197388
10 3 32 841143 -0.01875496 -0.09476662  0.98521614
10 3 32 893379 -0.05709839 -0.1529026   1.00632858
10 3 32 942254 -0.05653381 -0.042799    1.01010704
10 3 32 992810 -0.03528976 -0.20121002  0.89076805
10 3 33 51741  0.16420937 -0.07269287  1.11739731
10 3 33 88004 -0.02621651  0.26744652  0.99301147
10 3 33 140713 -0.01506424 -0.34532166  0.94259644
10 3 33 193421 0.13858795 0.06093025 1.07825089
10 3 33 246509 -0.07171822  0.16130447  0.89679909
10 3 33 294194  0.03611565 -0.41896629  1.04524231
10 3 33 343648 0.12824821 0.12775803 1.01143646
10 3 33 392578 -0.06865692  0.00261879  0.85411072
10 3 33 441295  0.11404419 -0.37960052  1.03273201
10 3 33 493156 0.12150383 0.22602844 1.03020859
10 3 33 542420 -0.05113029 -0.09708786  0.89599609
10 3 33 591574  0.16242218 -0.22458076  1.07310104
10 3 33 644028 0.03812981 0.31972885 1.07595825
10 3 33 693394 -0.01210785 -0.25477982  0.90843964
10 3 33 742218  0.14374924 -0.03597069  1.1207428 
10 3 33 791965 -0.03698349  0.20734406  0.96211815
10 3 33 840941  0.0201149  -0.35876656  0.96304131
10 3 33 893727 0.12328148 0.09831047 1.03978539
10 3 33 943327 -0.08366585  0.05957603  0.86799431
10 3 33 990453  0.08239937 -0.3945713   1.03094482
10 3 34 51071 0.1332283  0.18208885 0.99894524
10 3 34 87322 -0.06399155 -0.05195808  0.89878654
10 3 34 140056  0.15027237 -0.27834702  1.06770325
10 3 34 190983 0.05817795 0.32082558 1.1043663 
10 3 34 243026 -0.03504753 -0.22311783  0.90731812
10 3 34 293042  0.14305496 -0.05713844  1.16314888
10 3 34 341579 -0.02655792  0.23428726  0.9649086 
10 3 34 393410 -1.69754028e-04 -3.52863312e-01  9.70127106e-01
10 3 34 441839 0.1291275  0.10976028 1.02939987
10 3 34 493886 -0.07466316  0.03154755  0.86031151
10 3 34 543684  0.08374977 -0.38040161  1.04850197
10 3 34 590137 0.13737106 0.21124458 0.99403191
10 3 34 641476 -0.05051231 -0.07487488  0.86495781
10 3 34 690783  0.15034485 -0.25337982  1.10266495
10 3 34 742257 0.03207207 0.30428123 1.03994751
10 3 34 791821 -0.035532   -0.26320076  0.93339539
10 3 34 843544 0.14437103 0.01101494 1.12406921
10 3 34 892488 -0.04481506  0.20649147  0.93608093
10 3 34 940820  0.01773071 -0.40366173  0.9928875 
10 3 34 992412 0.13415718 0.11985397 1.02352715
10 3 35 44693 -0.0605011   0.03424835  0.84681511
10 3 35 93415  0.10071945 -0.41641808  1.06816483
10 3 35 142008 0.12015724 0.23481941 0.99274635
10 3 35 189111 -0.03597832 -0.12471008  0.87018776
10 3 35 241059  0.15232849 -0.14359856  1.10586166
10 3 35 290360 0.00661659 0.31421471 1.02776146
10 3 35 342300 -0.0202446  -0.32649803  0.93483925
10 3 35 390900 0.12309647 0.05670547 1.09671974
10 3 35 442359 -0.04187965  0.13148117  0.87298775
10 3 35 491665  0.03470421 -0.43290901  1.03931427
10 3 35 540662 0.12937737 0.16251755 1.00160217
10 3 35 593313 -0.04885483 -0.04085732  0.85065842
10 3 35 642246  0.12641144 -0.3283596   1.11647415
10 3 35 693822 0.08367729 0.30245781 1.04106712
10 3 35 742073 -0.03208542 -0.21655655  0.9270649 
10 3 35 789244  0.15059662 -0.05216217  1.14139748
10 3 35 841524 -0.01529121  0.26730919  0.96486855
10 3 35 891322 -0.00196266 -0.37050819  1.01867676
10 3 35 941684 0.10913849 0.09233856 1.03526878
10 3 35 991840 -0.05858421  0.03183365  0.84824371
10 3 36 51007  0.10528564 -0.37187958  1.07929611
10 3 36 94109 0.11573601 0.23105812 0.99137115
10 3 36 139906 -0.0420208  -0.13652229  0.92601585
10 3 36 192784  0.15769768 -0.10071945  1.14259148
10 3 36 242025 0.01296425 0.34012604 1.02364922
10 3 36 293612 -0.00527763 -0.31220245  0.96765518
10 3 36 342402 0.09888268 0.0622673  1.1253643 
10 3 36 390327 -0.0409565   0.08723259  0.86398315
10 3 36 441882  0.07131004 -0.40188217  1.07574463
10 3 36 492454 0.1391449  0.19100952 0.98423004
10 3 36 542691 -0.01683235 -0.06111526  0.87289619
10 3 36 592099  0.14297867 -0.23016357  1.13611221
10 3 36 672273 0.03123093 0.32652473 1.02808952
10 3 36 692858 -0.02671432 -0.29468155  0.92877197
10 3 36 741780 0.12782288 0.03801918 1.13962746
10 3 36 793306 -0.04256058  0.16881752  0.84700775
10 3 36 841689  0.02635956 -0.41559792  1.0640049 
10 3 36 895307 0.1443615  0.16133118 0.99651146
10 3 36 942594 -0.03879929 -0.03269196  0.87370682
10 3 36 989969  0.13806725 -0.28871727  1.12048912
10 3 37 50746 0.07280731 0.33018494 1.05260086
10 3 37 86757 -0.02495193 -0.24966621  0.9505291 
10 3 37 139684 0.1288166  0.01037216 1.16079903
10 3 37 192408 -0.03851318  0.19216347  0.8938446 
10 3 37 244452  3.49044800e-04 -4.17114258e-01  1.05729866e+00
10 3 37 292108 0.12698174 0.15797234 1.02884102
10 3 37 341217 -0.04332352 -0.01704407  0.88552284
10 3 37 393074  0.11745644 -0.32139587  1.11963654
10 3 37 442638 0.09479713 0.28661156 1.02370834
10 3 37 494461 -0.05093384 -0.18904686  0.91528511
10 3 37 543263  0.12647629 -0.05263519  1.14318275
10 3 37 590231 -0.01511574  0.30412674  0.95557976
10 3 37 641905 -0.0357151  -0.34579468  0.99431419
10 3 37 690638 0.08943176 0.07662964 1.06888771
10 3 37 743707 -0.04008293  0.09318161  0.88315582
10 3 37 793482  0.05876541 -0.40568352  1.05748177
10 3 37 842895 0.10824013 0.19844437 0.98811913
10 3 37 893691 -0.04417419 -0.071661    0.8880558 
10 3 37 941099  0.14019012 -0.18971634  1.07824707
10 3 37 993756 0.01647186 0.31704712 1.0241127 
10 3 38 46594 -0.06715584 -0.32473183  0.92013359
10 3 38 93796 0.1132679  0.04335594 1.09778023
10 3 38 141797 -0.04175568  0.14644432  0.87625885
10 3 38 189647  0.00589561 -0.43304253  1.03165054
10 3 38 241095 0.1332531 0.1769371 1.0328064
10 3 38 302782 -0.05125809 -0.02926826  0.86353874
10 3 38 360363  0.10831833 -0.33323479  1.10743713
10 3 38 411323 0.07637596 0.29596138 1.01708031
10 3 38 452017 -0.03920364 -0.20064163  0.93519211
10 3 38 520636  0.12706566 -0.07294464  1.12410164
10 3 38 561646 -0.01905823  0.27769089  0.96047401
10 3 38 615424 -0.01603317 -0.37661743  0.98258018
10 3 38 656620 0.09132004 0.10860062 1.05955887
10 3 38 714603  0.1247406  12.25020981 -3.62160683
10 3 38 766919  0.05869865 -0.39803314  1.05771637
10 3 38 809250 0.10995293 0.21090698 0.98220062
10 3 38 855971   0.12475967   8.9995575  -14.6214695 
10 3 38 917668  0.1315136  -0.14038277  1.1241169 
10 3 38 967990 0.01249886 0.30750847 1.00351906
10 3 39 15601 -0.05345154 -0.32163429  0.88016319
10 3 39 77580 -0.09548378 -0.12336349  0.8109684 
10 3 39 117917  0.12916183 -0.12686539  1.09272003
10 3 39 162511 0.017519   0.34335327 0.99211311
10 3 39 214708 -0.0477562  -0.37161255  0.99302101
10 3 39 268024 0.10876846 0.13751602 1.04840469
10 3 39 306864 -0.07434464 -0.0562191   0.81524849
10 3 39 343704  0.11584091 -0.23537445  1.07760239
10 3 39 395432 0.0279789  0.38144875 1.05924797
10 3 39 441862 -0.07461357 -0.32718468  0.97767448
10 3 39 490168 0.10700989 0.09650612 1.09397507
10 3 39 542015 -0.06578445 -0.03983879  0.78824997
10 3 39 591268  0.10909081 -0.35681915  1.04480743
10 3 39 642738 0.0532608  0.33276749 1.03442574
10 3 39 692800 -0.13371277 -0.2928009   0.9951458 
10 3 39 740581 0.09420776 0.05454826 1.14689827
10 3 39 793482 -0.04158592  0.08959198  0.79857254
10 3 39 841481  0.01464272 -0.44338036  1.00844002
10 3 39 895203 0.06535339 0.21497345 1.02853966
10 3 39 960181 -0.09915733 -0.19154549  0.92821884
10 3 40 12591 0.10599899 0.00893784 1.19541359
10 3 40 61437 -0.00917816  0.21694756  0.85279846
10 3 40 86618 -0.01679039 -0.44858742  1.0584774 
10 3 40 140032 0.08331299 0.12622261 1.00977898
10 3 40 191376 -0.07707214 -0.11880302  0.82025909
10 3 40 243068  0.12308693 -0.1170311   1.14840317
10 3 40 292156 0.00841331 0.36514473 0.99902534
10 3 40 341124 -0.05283546 -0.40213203  1.01215744
10 3 40 392657 0.09501839 0.11782646 1.01667976
10 3 40 441727 -0.09487152 -0.09270096  0.78248024
10 3 40 495477  0.11857796 -0.17195892  1.11314011
10 3 40 542770 0.01777077 0.38594055 1.03806877
10 3 40 589349 -0.07996178 -0.33273125  0.95920372
10 3 40 641241 0.08347702 0.09750175 1.1059494 
10 3 40 690765 -0.07914162  0.00774193  0.78986359
10 3 40 742654  0.11445427 -0.34816742  1.0556488 
10 3 40 791122 0.04075813 0.34478569 1.05528069
10 3 40 844010 -0.06392097 -0.24694633  0.96920586
10 3 40 892373 0.0713768  0.0480938  1.19627953
10 3 40 941507 -0.05134964  0.0524807   0.81099319
10 3 40 993650  0.06003571 -0.39661026  1.01637077
10 3 41 44987 0.06105995 0.28579521 1.0396862 
10 3 41 93389 -0.10499763 -0.22105026  0.94690514
10 3 41 141679 0.09319878 0.04399109 1.20048714
10 3 41 189529 -0.01076317  0.1594162   0.80203819
10 3 41 242093  0.00682831 -0.41444588  1.0722332 
10 3 41 290348 0.08781242 0.20808601 1.02067757
10 3 41 343148 -0.09486961 -0.17771912  0.90944099
10 3 41 391257 0.10385895 0.0047245  1.14682961
10 3 41 443653 -0.0146904   0.23732567  0.9017868 
10 3 41 492210 -0.00198174 -0.45560646  1.05002403
10 3 41 542455 0.12717247 0.17180634 1.05489159
10 3 41 593174 -0.08847046 -0.15572548  0.82256126
10 3 41 646881  0.11653328 -0.09741211  1.14636612
10 3 41 693733 0.01398468 0.32518196 0.99206161
10 3 41 743176 -0.02802467 -0.41580772  1.00701523
10 3 41 789371 0.12416077 0.13400269 1.0247879 
10 3 41 842121 -0.05757332 -0.10495949  0.79281616
10 3 41 890992  0.13978004 -0.19318199  1.10977554
10 3 41 942316 0.00141335 0.32983589 1.03495789
10 3 41 992150 -0.05262947 -0.37238121  0.94607162
10 3 42 52882 0.13529778 0.11097717 1.06116295
10 3 42 87830 -0.03677368 -0.05780983  0.79139709
10 3 42 146055  0.13266563 -0.31374931  1.09875107
10 3 42 204017 0.0204792  0.32846832 1.0464859 
10 3 42 241293 -0.06773758 -0.303545    0.97499084
10 3 42 294132 0.12705231 0.09214211 1.07148743
10 3 42 342955 -0.03088188 -0.03585815  0.80764961
10 3 42 390534  0.10368538 -0.36061096  1.06090927
10 3 42 441950 0.02652168 0.32585716 1.04109764
10 3 42 491168 -0.10227776 -0.30285835  1.00915909
10 3 42 542549 0.11394691 0.05573654 1.11222076
10 3 42 590950 -0.04261971  0.05634689  0.79518127
10 3 42 645059  0.04232788 -0.42161179  1.04974747
10 3 42 691961 0.0592289  0.25944519 1.05525017
10 3 42 742101 -0.0937767  -0.24321365  0.9695015 
