10 3 26 583378 -0.05704975  0.01412177  1.00423884
10 3 26 622991 -0.02804422  0.03231144  1.0003655 
10 3 26 670672 -0.02627611 -0.04873919  0.99570894
10 3 26 716194 -0.0501833  -0.09081292  1.00612426
10 3 26 760494 -0.05516171 -0.05628347  1.01538706
10 3 26 810136 -0.05088973 -0.02598119  1.00642776
10 3 26 853457 -0.04213953 -0.04499173  0.99522972
10 3 26 890229 -0.04746795 -0.06388998  0.99059105
10 3 26 941873 -0.06451535 -0.08381319  0.98223495
10 3 26 992006 -0.06705236 -0.03881788  0.99994206
10 3 27 50744 -0.04689217  0.05690455  1.01938319
10 3 27 92608 -0.02461267  0.0247283   1.00466704
10 3 27 139552 -0.03480291 -0.10549045  0.99096107
10 3 27 191296 -0.05463099 -0.12292504  1.00661182
10 3 27 242032 -0.05479765 -0.03998327  1.01182103
10 3 27 293726 -0.04522347 -0.01628804  1.00099874
10 3 27 342731 -0.04537868 -0.06219673  0.99184561
10 3 27 389691 -0.05448484 -0.08257365  0.99094582
10 3 27 442611 -0.06880689 -0.06737971  0.99138618
10 3 27 490246 -0.05808854  0.01971912  1.00927711
10 3 27 542360 -0.03086329  0.06051683  1.01654339
10 3 27 591047 -0.01960063 -0.03509641  0.99545813
10 3 27 643039 -0.04412484 -0.12704635  0.99815845
10 3 27 692359 -0.05763865 -0.08500338  1.01697707
10 3 27 740903 -0.04745603 -0.01714063  1.01414132
10 3 27 793288 -0.03815722 -0.0406816   0.99329829
10 3 27 843578 -0.04361439 -0.07765746  0.98666239
10 3 27 894196 -0.06559992 -0.07696247  0.99036288
10 3 27 948375 -0.06549978 -0.00858951  1.00778532
10 3 27 989718 -0.0390873   0.06071138  1.01595664
10 3 28 50950 -0.021384   -0.0093317   0.99955916
10 3 28 86885 -0.03722787 -0.11154246  0.99639535
10 3 28 139758 -0.05899978 -0.09186029  1.0130713 
10 3 28 191610 -0.05374384 -0.0218854   1.01439977
10 3 28 243241 -0.03770471 -0.02749562  0.99798298
10 3 28 294856 -0.0402844  -0.07044792  0.99216318
10 3 28 341598 -0.05516458 -0.08511281  0.9867835 
10 3 28 393256 -0.07102656 -0.03530335  0.99980164
10 3 28 442100 -0.04527497  0.04527855  1.0138886 
10 3 28 494102 -0.02039099  0.01364636  1.0033381 
10 3 28 542755 -0.0305841  -0.08314562  1.00313616
10 3 28 590031 -0.05222511 -0.09641123  1.01178646
10 3 28 643084 -0.05421448 -0.04096937  1.01725698
10 3 28 690821 -0.0412221  -0.02417183  1.00192809
10 3 28 742025 -0.03785467 -0.05373859  0.99226165
10 3 28 791196 -0.04934168 -0.07936907  0.98927259
10 3 28 844303 -0.06710911 -0.06662107  0.99423766
10 3 28 892170 -0.06061649  0.01159763  1.01235676
10 3 28 941836 -0.03525662  0.03238869  1.00923824
10 3 28 993338 -0.02944922 -0.04364228  0.99754572
10 3 29 45466 -0.04617286 -0.08839083  1.00463891
10 3 29 94353 -0.05382776 -0.06081009  1.01238108
10 3 29 141995 -0.04961538 -0.03586078  1.00610232
10 3 29 190063 -0.04415441 -0.04071999  0.99667287
10 3 29 241579 -0.04256058 -0.05550671  0.9942944 
10 3 29 291182 -0.0569098  -0.07793689  0.9840138 
10 3 29 342921 -0.068753   -0.05677843  0.99662685
10 3 29 391226 -0.05197906  0.03495407  1.01838136
10 3 29 443462 -0.02676177  0.04049611  1.01307797
10 3 29 493109 -0.03125691 -0.06074262  0.99893451
10 3 29 541925 -0.05142498 -0.10688972  1.00222945
10 3 29 593092 -0.05689478 -0.06676102  1.0078299 
10 3 29 642531 -0.05178547 -0.03321218  1.00315452
10 3 29 694091 -0.04280066 -0.04345822  0.99750519
10 3 29 743155 -0.04506683 -0.06117964  0.99061704
10 3 29 789799 -0.05641055 -0.07083011  0.98131132
10 3 29 841054 -0.06978917 -0.04543495  0.99108434
10 3 29 891632 -0.05187607  0.03678346  1.02145553
10 3 29 942453 -0.02975392  0.03957748  1.01503301
10 3 29 992185 -0.03343439 -0.05338454  0.99965286
10 3 30 53268 -0.05027199 -0.10129285  0.99625635
10 3 30 92349 -0.05771089 -0.06778646  1.00140452
10 3 30 140261 -0.05185175 -0.03407407  1.00070643
10 3 30 192096 -0.04337621 -0.04818177  0.9968164 
10 3 30 245007 -0.04186392 -0.06021833  0.99200773
10 3 30 294834 -0.05335712 -0.05900764  0.98268557
10 3 30 344199 -0.07021356 -0.04812169  0.99029756
10 3 30 390420 -0.0554986   0.01983213  1.02352977
10 3 30 444593 -0.03158927  0.02393866  1.01601601
10 3 30 490594 -0.03782439 -0.0530231   0.99709749
10 3 30 542392 -0.04912519 -0.08153272  0.99803114
10 3 30 591687 -0.05199599 -0.0566442   0.99553323
10 3 30 643764 -0.05162477 -0.04606938  0.99667454
10 3 30 691709 -0.04930139 -0.04887104  1.00295281
10 3 30 740525 -0.04456425 -0.04456449  0.99579501
10 3 30 793635 -0.04845786 -0.04379916  0.98358321
10 3 30 846484 -0.05726457 -0.05641747  0.98635006
10 3 30 893470 -0.06388497 -0.02686477  1.01845622
10 3 30 943409 -0.0388093   0.06157994  1.04242873
10 3 30 990301 -0.01887035  0.04190207  1.01144052
10 3 31 50990 -0.03554273 -0.09788871  0.96988821
10 3 31 93943 -0.06202054 -0.1455667   0.97660422
10 3 31 144210 -0.05923271 -0.07333064  1.00403523
10 3 31 190622 -0.04703665 -0.0319469   1.00410342
10 3 31 242824 -0.04049182 -0.0647707   0.99281454
10 3 31 291621 -0.04571557 -0.0695262   0.98635936
10 3 31 340549 -0.0605979  -0.05342317  0.99613166
10 3 31 392154 -0.06558609 -0.00359869  1.01742101
10 3 31 442410 -0.03747702  0.04834294  1.02920508
10 3 31 493167 -0.01734185  0.00145555  0.99843049
10 3 31 542229 -0.0399375  -0.1060431   0.97238874
10 3 31 588985 -0.06293869 -0.10589504  0.98545384
10 3 31 640720 -0.05627418 -0.04071927  1.00791383
10 3 31 690089 -0.04054737 -0.03198957  1.00503016
10 3 31 741493 -0.03341937 -0.06484985  0.99282527
10 3 31 791577 -0.0525856  -0.06263494  0.99236465
10 3 31 847418 -0.07062984 -0.02177525  1.00276923
10 3 31 892237 -0.05489111  0.04843593  1.02494192
10 3 31 941715 -0.02369165  0.02977729  1.01806927
10 3 31 992600 -0.02646255 -0.08821154  0.99047494
10 3 32 50003 -0.05514598 -0.11548591  0.98738718
10 3 32 93416 -0.06213164 -0.03150988  0.9995141 
10 3 32 141155 -0.0438323  -0.00925565  0.99702454
10 3 32 189422 -0.03437805 -0.06393504  0.99417019
10 3 32 241933 -0.04730344 -0.09116149  0.99039364
10 3 32 291172 -0.06623507 -0.04367828  0.99671006
10 3 32 342781 -0.05554962  0.0506947   1.01261783
10 3 32 391059 -0.02397943  0.04152894  1.01160026
10 3 32 442824 -0.02186322 -0.09147358  0.99503732
10 3 32 492389 -0.0510323 -0.1323514  1.0024724
10 3 32 540618 -0.06233191 -0.03906202  1.00754523
10 3 32 592511 -0.04327393  0.00586772  0.98886776
10 3 32 641427 0.01547527 1.7341516  0.97258377
10 3 32 693251 -0.05151701 -0.10159588  0.9907589 
10 3 32 742482 -0.06989789 -0.0632205   1.00360012
10 3 32 789473 -0.05414534  0.03771663  1.00928187
10 3 32 841143 -0.03027391  0.02574444  0.99950528
10 3 32 893379 -0.02830982 -0.08142757  0.99433827
10 3 32 942254 -0.04864478 -0.0828228   0.47522283
10 3 32 992810 0.02223301 0.04849076 0.98112011
10 3 33 51741  0.03691602 -0.16729188  0.99288201
10 3 33 88004 8.41069221e-02 4.02927399e-05 1.03050685e+00
10 3 33 140713 0.00512266 0.01058555 0.97322631
10 3 33 193421  0.04893804 -0.16187835  1.01286292
10 3 33 246509 0.07497525 0.05427599 1.03105235
10 3 33 294194  0.01213503 -0.02773714  0.95849824
10 3 33 343648  0.06400132 -0.14174461  1.02187634
10 3 33 392578 0.04982257 0.0694921  1.01669931
10 3 33 441295  0.01675534 -0.08878779  0.96998215
10 3 33 493156  0.08044672 -0.09675622  1.02685261
10 3 33 542420 0.03430319 0.06674957 0.99441242
10 3 33 591574  0.02844334 -0.14921379  0.97991943
10 3 33 644028  0.08983707 -0.04510331  1.02749729
10 3 33 693394 0.0236733  0.04550099 0.97304916
10 3 33 742218  0.04842758 -0.17939401  0.99891591
10 3 33 791965 0.0847013  0.00323915 1.03672123
10 3 33 840941  0.01092005 -0.01112628  0.95681715
10 3 33 893727  0.0632956  -0.15838194  1.01364446
10 3 33 943327 0.06837106 0.05990601 1.02731133
10 3 33 990453  0.01279664 -0.06814289  0.96669054
10 3 34 51071  0.07412863 -0.12585735  1.02179551
10 3 34 87322 0.04132938 0.0642705  0.99649549
10 3 34 140056  0.01988888 -0.12636089  0.97312927
10 3 34 190983  0.08694053 -0.06401443  1.02661633
10 3 34 243026 0.03014994 0.05832624 0.98065543
10 3 34 293042  0.04198885 -0.16765356  0.99485064
10 3 34 341579 7.66136646e-02 7.48157501e-04 1.03646731e+00
10 3 34 393410  0.00844264 -0.00546527  0.95853519
10 3 34 441839  0.05751014 -0.14505696  1.01690722
10 3 34 493886 0.05783319 0.06464171 1.02135658
10 3 34 543684  8.13007355e-04 -8.12721252e-02  9.66648340e-01
10 3 34 590137  0.07388067 -0.1048491   1.03430128
10 3 34 641476 0.04175973 0.08000612 0.99203253
10 3 34 690783  0.02076101 -0.14469075  0.97991681
10 3 34 742257  0.08398533 -0.0590353   1.03336167
10 3 34 791821 0.02218413 0.03744483 0.9725821 
10 3 34 843544  0.04259086 -0.16175532  1.00877261
10 3 34 892488 0.07554889 0.02690792 1.03321481
10 3 34 940820  0.01139331 -0.02553844  0.95975399
10 3 34 992412  0.05740523 -0.14633393  1.02586079
10 3 35 44693 0.05597186 0.07713556 1.00516438
10 3 35 93415  0.01532149 -0.09074712  0.96752739
10 3 35 142008  0.0735538  -0.10305953  1.03777361
10 3 35 189111 0.03993273 0.06506205 0.98353887
10 3 35 241059  0.03069687 -0.15656018  0.99072647
10 3 35 290360  0.08138561 -0.02723169  1.0342772 
10 3 35 342300 0.01975584 0.02232814 0.96184468
10 3 35 390900  0.04812193 -0.16250467  1.01544309
10 3 35 442359 0.07124829 0.04532576 1.02787519
10 3 35 491665  0.01389408 -0.04575324  0.96332884
10 3 35 540662  0.06045747 -0.13701129  1.02928734
10 3 35 593313 0.04905391 0.07485056 1.00049257
10 3 35 642246  0.01859903 -0.11546469  0.9750483 
10 3 35 693822  0.07822323 -0.07274389  1.03841257
10 3 35 742073 0.03258204 0.06025314 0.97993517
10 3 35 789244  0.03816104 -0.16683149  1.00057912
10 3 35 841524 0.07404423 0.00421882 1.03390217
10 3 35 891322 0.01741982 0.00314069 0.96310163
10 3 35 941684  0.05792952 -0.15029359  1.03652811
10 3 35 991840 0.06104112 0.06372952 1.02089977
10 3 36 51007  0.01444888 -0.08948779  0.9706254 
10 3 36 94109  0.07286572 -0.09721208  1.0425477 
10 3 36 139906 0.04515362 0.07048702 0.98078799
10 3 36 192784  0.03215718 -0.15974641  0.99765992
10 3 36 242025  0.08543587 -0.02175546  1.040797  
10 3 36 293612 0.03530526 0.0339427  0.96721649
10 3 36 342402  0.06255293 -0.16132307  1.0257771 
10 3 36 390327 0.06719136 0.04527926 1.02465248
10 3 36 441882  0.01291609 -0.06886125  0.96792698
10 3 36 492454  0.07591176 -0.11162663  1.04523921
10 3 36 542691 0.04998207 0.08172536 0.98878479
10 3 36 592099  0.02559805 -0.14422655  0.9831934 
10 3 36 672273  0.08252335 -0.04872704  1.04179454
10 3 36 692858 0.02966475 0.03780723 0.96934152
10 3 36 741780  0.05072689 -0.16095352  1.01938891
10 3 36 793306 0.0737102  0.04850125 1.0300498 
10 3 36 841689  0.02148581 -0.02931976  0.96126318
10 3 36 895307  0.06663227 -0.12568164  1.03972316
10 3 36 942594 0.05479479 0.07809567 0.99833941
10 3 36 989969  0.02054524 -0.11993313  0.98204947
10 3 37 50746  0.0776968  -0.05370092  1.04605913
10 3 37 86757 0.03522229 0.06121063 0.97195268
10 3 37 139684  0.04583406 -0.15550447  1.01243711
10 3 37 192408 0.07481909 0.02942991 1.03043628
10 3 37 244452  0.01210427 -0.03186679  0.96564507
10 3 37 292108  0.05545592 -0.12880397  1.04211259
10 3 37 341217 0.04982734 0.07986307 0.9999342 
10 3 37 393074  0.00292206 -0.11755967  0.97636461
10 3 37 442638  0.06882119 -0.07255077  1.04717278
10 3 37 494461 0.0302763  0.07153106 0.97269464
10 3 37 543263  0.0213275  -0.16195107  1.00177479
10 3 37 590231 0.06758285 0.0051837  1.03594947
10 3 37 641905 0.01242256 0.01990104 0.96000957
10 3 37 690638  0.0422883  -0.15379834  1.03061414
10 3 37 743707 0.05495524 0.06513    1.01784873
10 3 37 793482  0.0057373  -0.06947303  0.96631575
10 3 37 842895  0.05540872 -0.11458874  1.03821921
10 3 37 893691 0.03533602 0.07581782 0.99077773
10 3 37 941099  0.0127914  -0.14145613  0.984442  
10 3 37 993756  0.06452942 -0.03958797  1.02921128
10 3 38 46594 0.01074314 0.02228785 0.96802711
10 3 38 93796  0.0314815  -0.16121173  1.01784682
10 3 38 141797 0.05914903 0.04656196 1.01730442
10 3 38 189647 -0.00435162 -0.04230642  0.96226978
10 3 38 241095  0.04445052 -0.13102412  1.03666663
10 3 38 302782 0.0401113  0.07826328 1.00260329
10 3 38 360363 -5.89847565e-04 -1.18911505e-01  9.76310730e-01
10 3 38 411323  0.05474782 -0.07689977  1.03821039
10 3 38 452017 0.02515197 0.07238436 0.97913837
10 3 38 520636  0.02309084 -0.16033626  0.99641967
10 3 38 561646  0.05717707 -0.00122714  1.02959418
10 3 38 615424 0.00769234 0.00130844 0.9611938 
10 3 38 656620  0.03550744 -0.15826797  1.01907372
10 3 38 714603  1.94549561e-04  1.72127724e-01 -1.71480179e+00
10 3 38 766919 0.00287104 0.01531982 0.95687294
10 3 38 809250  0.0528698  -0.10909963  1.03580666
10 3 38 855971  1.18017197e-04  4.22117710e-01 -1.74614835e+00
10 3 38 917668  0.01414347 -0.15474749  0.96880555
10 3 38 967990  0.06953359 -0.03221226  1.02569985
10 3 39 15601  1.61413574  1.03717041 -0.65625   
10 3 39 77580 0.02865458 0.06872272 0.99083066
10 3 39 117917  0.00203681 -0.15056157  0.97198391
10 3 39 162511  0.05323982 -0.00999331  1.041785  
10 3 39 214708 -0.00362515 -0.0029366   0.95834875
10 3 39 268024  0.03285456 -0.13869786  1.03667784
10 3 39 306864 0.03551602 0.06508374 1.01089263
10 3 39 343704 -0.00856447 -0.1262033   0.97219896
10 3 39 395432  0.04901695 -0.02974868  1.03808784
10 3 39 441862 0.00429201 0.01341748 0.9594748 
10 3 39 490168  0.02059412 -0.1544683   1.018574  
10 3 39 542015 0.03596807 0.04788446 1.01490188
10 3 39 591268 -0.02092099 -0.12680483  0.95909739
10 3 39 642738  0.04622293 -0.07505226  1.03061652
10 3 39 692800 0.00558734 0.01612616 0.95556855
10 3 39 740581  0.00808597 -0.17402744  1.01184058
10 3 39 793482 0.04754043 0.05940843 1.03940845
10 3 39 841481 -0.0054431  -0.05900884  0.95610404
10 3 39 895203  0.03567743 -0.11780453  1.0381217 
10 3 39 960181 0.01352262 0.04103255 0.97355294
10 3 40 12591  0.01014495 -0.15717435  0.99103951
10 3 40 61437 0.04865551 0.02885056 1.04374743
10 3 40 86618 -0.00801921 -0.03752041  0.9555974 
10 3 40 140032  0.03676033 -0.13317323  1.03452635
10 3 40 191376 0.02484488 0.06309915 0.98135614
10 3 40 243068  5.55515289e-04 -1.44830227e-01  9.75646496e-01
10 3 40 292156  5.08701801e-02 -8.69035721e-04  1.04530787e+00
10 3 40 341124 -0.00539041 -0.00345731  0.95488524
10 3 40 392657  0.02500081 -0.14000463  1.03236938
10 3 40 441727 0.02847528 0.05451632 0.99983644
10 3 40 495477 -0.01813936 -0.1359849   0.96985054
10 3 40 542770  0.0462091  -0.01519275  1.04226613
10 3 40 589349 -0.00210762  0.0335238   0.95237541
10 3 40 641241  0.02014232 -0.1517489   1.01672244
10 3 40 690765 0.03629923 0.0658989  1.01378274
10 3 40 742654 -0.01882386 -0.0935626   0.96224093
10 3 40 791122  0.04313993 -0.05747008  1.05032253
10 3 40 844010 0.01357388 0.05166626 0.96594763
10 3 40 892373  0.0234499  -0.15851831  1.00473142
10 3 40 941507 0.03733635 0.05075383 1.02986503
10 3 40 993650 -0.01416469 -0.07732749  0.96084499
10 3 41 44987  0.04171729 -0.08345151  1.04115725
10 3 41 93389 0.01207519 0.05731559 0.97076583
10 3 41 141679  0.00630665 -0.1538825   0.99271822
10 3 41 189529 0.04649019 0.04776669 1.04215336
10 3 41 242093 -0.00669765 -0.0369432   0.95896125
10 3 41 290348  0.03933811 -0.09704018  1.04526472
10 3 41 343148 0.02121925 0.06879544 0.98459411
10 3 41 391257  0.00974751 -0.14744925  0.9909482 
10 3 41 443653 0.05233622 0.02457571 1.04062223
10 3 41 492210 -0.01391244 -0.0476613   0.95662856
10 3 41 542455  0.03594542 -0.12925768  1.03349662
10 3 41 593174 0.03257847 0.06450415 0.98794937
10 3 41 646881  0.0056684 -0.1681087  0.9888854
10 3 41 693733  0.05265999 -0.00924754  1.04379845
10 3 41 743176 -6.35623932e-04 -2.52873898e-02  9.60415840e-01
10 3 41 789371  0.03216362 -0.13761139  1.03532982
10 3 41 842121 0.0347023  0.06826401 1.0005486 
10 3 41 890992  0.00124335 -0.1600852   0.97977328
10 3 41 942316  0.05162764 -0.04044461  1.04482317
10 3 41 992150 -0.00475955 -0.02563334  0.96248579
10 3 42 52882  0.02777505 -0.15297079  1.03221726
10 3 42 87830 0.04214287 0.07155228 1.01306653
10 3 42 146055  0.00107837 -0.13363576  0.97651839
10 3 42 204017  0.05310035 -0.05426764  1.04656744
10 3 42 241293 0.0092361  0.00178576 0.96414113
10 3 42 294132  0.02749991 -0.1490767   1.02178288
10 3 42 342955 0.04355383 0.06865764 1.02222347
10 3 42 390534 -0.0047462  -0.11187267  0.97291589
10 3 42 441950  0.05205107 -0.06389618  1.0445466 
10 3 42 491168 0.01070213 0.02616429 0.97072721
10 3 42 542549  0.01951289 -0.1712079   1.0148921 
10 3 42 590950 0.04809856 0.04878974 1.03631949
10 3 42 645059 -0.00795364 -0.08915305  0.9661653 
