11 56 25 699979 -0.01183891 -0.00452995  1.00272751
11 56 25 722051 -0.01145172 -0.00745583  0.99635124
11 56 25 744702 -0.00772476 -0.00142097  1.00105095
11 56 25 746416 -0.00151062 -0.00209808  1.00408554
11 56 25 769783  0.00292206 -0.00177765  1.00145721
11 56 25 794189  0.00548363 -0.01173401  1.00386047
11 56 25 796601 -0.00114059 -0.01077652  1.00138855
11 56 25 817116 -1.33514404e-05 -1.53102875e-02  1.00033569e+00
11 56 25 840638 -0.00706482 -0.01201248  0.99810028
11 56 25 842632 -0.00954819 -0.00814438  0.99885368
11 56 25 866815 -0.00895119 -0.0075798   0.9980278 
11 56 25 889119 -0.00965691 -0.00331688  1.0039711 
11 56 25 892081 -0.00444984 -0.0076561   1.00330544
11 56 25 914263 -0.0064373  -0.00816154  1.00003624
11 56 25 937457 -0.00183678 -0.0078392   1.00323868
11 56 25 940866 -0.00475883 -0.00512505  0.99822807
11 56 25 961886 -0.00370216 -0.00575829  1.00056076
11 56 25 985029 -0.00148392 -0.00850868  1.00162315
11 56 25 988161 -0.00553322 -0.01383018  0.99568558
11 56 26 10413 -0.00522995 -0.01327705  0.99952888
11 56 26 33412 -0.00258064 -0.01337242  1.00062752
11 56 26 37025 -0.00220299 -0.00575829  1.00005531
11 56 26 58569 -0.00403786 -0.00606155  1.0012207 
11 56 26 80773 -0.00859261 -0.00569344  1.00142288
11 56 26 84241 -0.01042938 -0.00907326  0.99530792
11 56 26 105435 -0.00894547 -0.00827408  0.99790955
11 56 26 129015 -0.0072155  -0.00723267  1.00026321
11 56 26 132402 -0.00469589 -0.00701141  1.0007515 
11 56 26 154300 -3.60488892e-04 -7.56454468e-03  1.00092697e+00
11 56 26 177282  0.00157738 -0.00800705  1.00039101
11 56 26 181246 -0.00241089 -0.00948906  1.00159645
11 56 26 202138 -0.00271606 -0.01363564  0.9994812 
11 56 26 297740 -0.00652122 -0.01300621  1.00181961
11 56 26 301026 -0.00735664 -0.00893784  1.00246239
11 56 26 304340 -0.00451851 -0.00626755  1.00107193
11 56 26 307641 -0.00786781 -0.00559235  0.99921799
11 56 26 311057 -0.00411034 -0.0057888   0.99525642
11 56 26 312963 -0.00278473 -0.0055027   1.00111771
11 56 26 321676 -7.05718994e-05 -9.35363770e-03  9.97880936e-01
11 56 26 324342  0.00159073 -0.01245689  1.00053787
11 56 26 346433  4.74929810e-04 -7.81822205e-03  1.00088882e+00
11 56 26 369695 -0.00307846 -0.00810814  0.99925041
11 56 26 373040 -0.00305367 -0.00695419  0.9986496 
11 56 26 393814 -0.00453186 -0.00764847  0.99687195
11 56 26 417839 -0.00641632 -0.00973892  1.00381279
11 56 26 421626 -0.00673866 -0.00988579  1.00115395
11 56 26 442536 -0.00832367 -0.00984001  1.00099945
11 56 26 465810 -0.00564384 -0.00663185  1.00037384
11 56 26 469708 -0.00829506 -0.00644302  0.99492836
11 56 26 490418 -0.00116158 -0.00509453  0.99666405
11 56 26 513523 -0.00230598 -0.0073204   0.99191475
11 56 26 517305 -9.97543335e-04 -1.96990967e-02  1.03385162e+00
11 56 26 537994 -0.00382996 -0.02123642  1.03758621
11 56 26 561379 -0.00443268 -0.01498413  0.97265434
11 56 26 563896 -7.66944885e-03 -3.81469727e-04  9.94235992e-01
11 56 26 586239 -0.00495148  0.00222206  0.99403   
11 56 26 609350 -0.0051384   0.00152588  0.99203682
11 56 26 611369 -0.00841713 -0.00345421  0.99584198
11 56 26 633916 -0.00335884 -0.0066452   0.99878311
11 56 26 637653 -0.00191689 -0.01381302  1.00060272
11 56 26 658240 -0.00273705 -0.01649475  1.00749397
11 56 26 681551 -0.00273132 -0.01511955  1.00712204
11 56 26 685233 -0.0011673  -0.00363731  0.99799728
11 56 26 706600 -8.08715820e-04  9.15527344e-04  9.97138977e-01
11 56 26 729518  0.00203133 -0.0013504   0.99756622
11 56 26 732431  4.06074524e-03 -1.46865845e-04  9.96368408e-01
11 56 26 754314 -0.00474167 -0.00679779  1.00656319
11 56 26 777629 -0.00227547 -0.00887489  1.00481987
11 56 26 781143 -0.00619125 -0.01187515  1.00095558
11 56 26 802380 -0.00693321 -0.0097599   0.99513245
11 56 26 825405 -0.00689888 -0.00181007  0.9900589 
11 56 26 829034 -0.00684357 -0.00905609  1.00070953
11 56 26 850692 -0.00574684 -0.00811386  1.00412369
11 56 26 873599 -0.00494957 -0.01778412  1.00608063
11 56 26 877016 -0.0014286  -0.00959778  1.00459862
11 56 26 898913  0.00328064 -0.00840759  1.0018692 
11 56 26 921326 -2.13623047e-04  1.06430054e-03  9.93837357e-01
11 56 26 924889 -0.00602341 -0.00637436  0.9985199 
11 56 26 946431 -0.0056839  -0.00741196  0.99473953
11 56 26 969408 -0.01060867 -0.0087738   1.00536919
11 56 26 973283 -0.00897789 -0.01075554  1.00047874
11 56 26 993690 -0.00499916 -0.01593208  1.00609589
11 56 27 17264 -0.00268555 -0.01832199  0.990839  
11 56 27 20966 -0.00518036 -0.01161003  1.00066757
11 56 27 42494 -6.29425049e-05 -6.67953491e-03  1.00650406e+00
11 56 27 65367  0.00109673 -0.00835419  1.00656319
11 56 27 68986  8.90731812e-04 -9.90867615e-03  9.99956131e-01
11 56 27 90236  0.00211525 -0.00871658  1.00192451
11 56 27 113290 -0.0057888  -0.00237465  0.98183632
11 56 27 116309  0.01665688 -0.01897049  1.03197479
11 56 27 137828 -0.00494766 -0.01246452  1.00700378
11 56 27 161190 -0.00759125 -0.01254463  1.0122776 
11 56 27 164309 -0.0118866  -0.02334023  1.00068092
11 56 27 186150 -0.01145935 -0.02043915  0.99946404
11 56 27 209041 -0.00603676 -0.01198959  0.99782372
11 56 27 212444 -0.00168991 -0.00927734  0.99825668
11 56 27 233324  0.00214195 -0.00390053  1.0029068 
11 56 27 256768  0.00179672 -0.00846672  0.99900436
11 56 27 259710 -4.59671021e-04 -1.28669739e-02  1.00195885e+00
11 56 27 355428 -0.00414467 -0.00920868  0.99746323
11 56 27 359339 -0.0031147  -0.00536919  0.99388313
11 56 27 363308 -0.00444031  0.00761986  1.00343323
11 56 27 364847 -0.00633621 -0.00371361  0.97953606
11 56 27 366361 -0.00494003 -0.00426483  1.01132393
11 56 27 368076 -0.00462151 -0.01667976  1.0026989 
11 56 27 377676 -0.00339127 -0.02016258  0.99417305
11 56 27 401873 -0.00128937 -0.0133152   0.99960327
11 56 27 404622 -0.00335693 -0.01162338  1.0075264 
11 56 27 426660 -0.00292587 -0.00205612  0.99424744
11 56 27 449759 -0.00482178 -0.00143051  1.00017548
11 56 27 452776 -0.00504875 -0.01015663  1.004179  
11 56 27 474708 -0.00890923 -0.01245308  1.00816345
11 56 27 497867 -0.00548363 -0.00819588  0.99848366
11 56 27 500909 -0.00411797 -0.01104927  1.0063076 
11 56 27 522406 -0.00233269 -0.00624847  1.00120354
11 56 27 546252 -0.00372314 -0.00653839  1.00163841
11 56 27 549218 -0.00382805 -0.00542831  1.0012722 
11 56 27 570482 -0.00237083 -0.01235962  0.99818039
11 56 27 572874 -0.00822258 -0.01106071  0.99537659
11 56 27 594140 -0.0063076  -0.01548576  1.00189781
11 56 27 617738 -0.00561905 -0.01197815  1.00069809
11 56 27 621657 -0.00147057 -0.00532722  1.00354385
11 56 27 642501 -0.00099754 -0.00278854  0.99753189
11 56 27 665770 -7.85827637e-04 -5.61523438e-03  1.00078773e+00
11 56 27 669653 -0.0017395  -0.008461    1.00223923
11 56 27 690139 -0.00494003 -0.00798035  0.9981842 
11 56 27 713667 -0.00778961 -0.00644302  1.0074234 
11 56 27 717283 -0.00752449 -0.01018906  1.00077629
11 56 27 738214 -0.00548935 -0.01383972  0.99703598
11 56 27 761874 -0.00736809 -0.0075531   0.99589539
11 56 27 764942 -0.00272751 -0.00969505  0.9990387 
11 56 27 786675 -0.00171661 -0.01080513  1.00373268
11 56 27 809110 -0.00242424 -0.00878525  1.0010643 
11 56 27 811729 -3.98635864e-04 -4.82749939e-03  1.00305939e+00
11 56 27 834216 -0.00239372 -0.00179863  0.99738503
11 56 27 857432 -0.00447655 -0.00834656  0.99985695
11 56 27 860306 -0.00704384 -0.00615501  0.99920654
11 56 27 881803 -0.00345039 -0.01222229  0.99803543
11 56 27 885588 -0.00445938 -0.01127434  0.99949837
11 56 27 906527 -0.00199509 -0.00930595  1.00030136
11 56 27 929272 -0.00182724 -0.00934792  0.99765968
11 56 27 932440 -0.00486374 -0.00862503  1.00475502
11 56 27 954512 -0.00507164 -0.00118828  0.99684525
11 56 27 977761 -0.00368118 -0.00856018  0.99889183
11 56 27 981245 -0.00599861 -0.008358    0.99799919
11 56 28 1612 -0.00354958 -0.00687218  0.99749756
11 56 28 25598 -0.00572586 -0.00523376  1.00402641
11 56 28 28825  4.57763672e-05 -7.05528259e-03  1.00359154e+00
11 56 28 50624  1.33514404e-04 -8.73565674e-03  1.00347137e+00
11 56 28 73636 -6.38961792e-04 -6.19697571e-03  1.00171280e+00
11 56 28 77931 -0.00357056 -0.00799179  0.99793243
11 56 28 98688 -0.00737381 -0.00500488  1.00072098
11 56 28 121420 -0.01167679 -0.00860977  0.99590492
11 56 28 125329 -0.004776   -0.01259995  1.00242996
11 56 28 146580 -0.00285339 -0.00815392  0.99489021
11 56 28 169303 -0.00348473 -0.00909424  1.00171089
11 56 28 172307 -0.00278282 -0.00843048  0.99614334
11 56 28 193234  4.73022461e-04 -4.34684753e-03  9.99790192e-01
11 56 28 196553 -0.00117111 -0.00271797  1.00047302
11 56 28 217990 -0.00483322 -0.0048275   0.99663353
11 56 28 241241 -0.00982285 -0.00839233  1.00159645
11 56 28 243819 -0.00615883 -0.00251961  0.99398804
11 56 28 265950 -0.0072403  -0.00887871  1.00040817
11 56 28 288846 -0.00419235 -0.00883484  1.00521088
11 56 28 291624 -7.43865967e-04 -9.62448120e-03  1.00179482e+00
11 56 28 313798 -0.00220871 -0.0133667   0.99884796
11 56 28 337359 -0.00201035 -0.00683594  0.99693298
11 56 28 341465 -0.00446129 -0.01273155  1.00352097
11 56 28 361575 -0.0112381  -0.01052475  1.01011658
11 56 28 384924 -0.00709724 -0.00470543  0.99010468
11 56 28 388204 -0.00964737 -0.00450134  0.99289131
11 56 28 409284 -0.00446129 -0.00277901  0.9988327 
11 56 28 411137 -0.0052166  -0.00370979  1.00196648
11 56 28 507424 -0.00519753 -0.00266457  1.00091362
11 56 28 511294 -0.00177383 -0.00123787  1.00232315
11 56 28 515330 -0.00119591 -0.01107979  0.99800873
11 56 28 516952 -0.00375557 -0.00759125  0.99734116
11 56 28 518564 -0.00369453 -0.01485062  0.99898911
11 56 28 520228 -0.00758171 -0.01198769  0.99973679
11 56 28 529521 -0.00620651 -0.01209641  0.99821854
11 56 28 553278 -0.00477028 -0.00859261  0.99962234
11 56 28 555604 -0.00566673 -0.01037216  1.00205421
11 56 28 578310 -0.00506401 -0.00248337  0.99963951
11 56 28 602006 -0.00161743 -0.00683975  0.99924088
11 56 28 605105 -0.00134277 -0.00511932  1.00056076
11 56 28 626689 -0.00416756 -0.00137329  0.9987011 
11 56 28 649954 -0.0036068  -0.00526047  1.00204277
11 56 28 653310 -0.00398827 -0.0067997   1.00024033
11 56 28 674335 -0.00324059 -0.00567245  1.00067902
11 56 28 697506  5.22613525e-04 -8.50486755e-03  1.00234413e+00
11 56 28 700885 -0.00574875 -0.00710678  1.00358391
11 56 28 723065 -0.00231934 -0.00829315  0.99759674
11 56 28 745133 -0.0044117  -0.01176453  1.00513458
11 56 28 748100 -0.00932312 -0.01345253  1.00130272
11 56 28 770373 -6.98089600e-04 -1.23214722e-02  9.96875763e-01
11 56 28 793454 -0.00125694 -0.00611687  0.99994469
11 56 28 796126 -4.23431396e-04  5.07736206e-03  9.96017456e-01
11 56 28 819248 -0.00405312 -0.00403976  0.99876213
11 56 28 841200 -0.00423622 -0.01037979  0.99836159
11 56 28 843853 -0.00996208 -0.01374245  1.00013161
11 56 28 866113 -0.00411415 -0.01506996  1.00064659
11 56 28 889227 -0.00473022 -0.01156807  1.00243187
11 56 28 891781 -0.00116158 -0.00806046  1.00059319
11 56 28 914578 -0.00243759 -0.00555229  1.00178528
11 56 28 937036  6.77108765e-04 -3.90434265e-03  1.00419807e+00
11 56 28 939520 -0.0042305  -0.00713921  0.99585533
11 56 28 961274 -0.00380135 -0.01478767  1.00052261
11 56 28 985567 -0.00747299 -0.01185036  0.99945831
11 56 28 988197 -2.46047974e-04 -1.26590729e-02  1.00638962e+00
11 56 29 9508 -0.00271988 -0.00226021  0.99705696
11 56 29 34086 -0.00574493  0.00462723  0.99608231
11 56 29 37766 -0.0032711  -0.00645256  1.00587463
11 56 29 58462 -0.00147057 -0.00928688  1.00324059
11 56 29 81937  0.00301552 -0.01027489  1.00204277
11 56 29 85942  0.00133324 -0.01192474  1.0002346 
11 56 29 109402 -0.00458145 -0.01011467  0.9991188 
11 56 29 129174 -0.00529861 -0.00694084  0.99808311
11 56 29 140376 -0.00761032 -0.00871658  0.99446487
11 56 29 153563 -0.00487518 -0.0095005   0.99867249
11 56 29 176968 -0.00339699 -0.00609589  1.00360107
11 56 29 179048 -0.00363731 -0.00908279  1.00023651
11 56 29 202642 -6.98089600e-04 -7.90977478e-03  9.98636246e-01
11 56 29 225130  4.04357910e-04 -1.03664398e-02  9.99122620e-01
11 56 29 227687 -0.00697708 -0.01098633  0.99710464
11 56 29 250967 -0.00273514 -0.01217651  1.00013351
11 56 29 273015 -0.00558472 -0.01294708  1.00197601
11 56 29 275616 -0.00561523 -0.00795746  0.99767876
11 56 29 298450 -0.00306892 -0.00616455  1.00099373
11 56 29 320817 -0.00484276 -0.0073452   1.00205994
11 56 29 324199 -4.65393066e-04 -5.44166565e-03  1.00026321e+00
11 56 29 345846 -0.00492096 -0.00683403  1.00224304
11 56 29 369314 -0.0075264  -0.00127792  1.00163651
11 56 29 372122 -0.00821877 -0.00635338  0.99952888
11 56 29 394746 -0.00554657 -0.00916862  1.00154495
11 56 29 418222 -0.00550842 -0.01071739  1.00160599
11 56 29 421689 -0.00187111 -0.00622177  1.00137901
11 56 29 440640  7.57217407e-04 -1.15089417e-02  1.00407410e+00
11 56 29 442653 -9.15527344e-04 -4.60052490e-03  9.98611450e-01
11 56 29 466125 -0.0021553  -0.00805855  0.99552727
11 56 29 488337 -0.00233459 -0.01304436  0.9961338 
11 56 29 490512 -0.00447845 -0.01177406  1.00065613
11 56 29 513783 -0.0062561  -0.00891113  1.00130653
11 56 29 609836 -0.00691605 -0.009758    0.99952888
11 56 29 612976 -0.00805283 -0.0056591   0.99980164
11 56 29 616763 -0.00473595 -0.00745773  0.99826813
11 56 29 620137 -0.00314522 -0.00398636  0.99679756
11 56 29 625008 -0.00295067 -0.00292397  0.99884033
11 56 29 627338  0.00271988 -0.00980186  1.00753975
11 56 29 634636 -6.77108765e-04 -6.73675537e-03  9.99771118e-01
11 56 29 637950 -0.00427628 -0.00668144  0.99727058
11 56 29 657959 -0.00306129 -0.00583839  0.99871445
11 56 29 681458 -0.00675583 -0.00620079  0.99787521
11 56 29 684459 -0.00816154 -0.0045681   0.99687004
11 56 29 706249  0.00313759 -0.02174759  0.99952888
11 56 29 729963 -0.01469994  0.0035038   1.02007103
11 56 29 732844 -0.00572968  0.02227592  1.02306938
11 56 29 753926 -0.00629044 -0.00557518  1.00175667
11 56 29 777352 -0.00643158 -0.00535965  0.9485321 
11 56 29 779880 -0.00302887 -0.01460648  0.98553276
11 56 29 803013 -0.00690269 -0.01232719  1.00091934
11 56 29 825264 -0.00733566 -0.01379967  1.00521469
11 56 29 827536 -0.0057373  -0.00449562  1.00232887
11 56 29 850935 -0.00297737 -0.00527763  0.99179459
11 56 29 873738 -0.00431252 -0.0110817   0.99291992
11 56 29 876804 -0.002882   -0.00969887  1.00015259
11 56 29 897709 -0.00694084 -0.00918198  1.00309372
11 56 29 921258 -0.00922966 -0.00647545  1.00427818
11 56 29 923906 -0.0077076  -0.00167465  0.99771309
11 56 29 946652 -0.00392914 -0.00587845  1.00370407
11 56 29 969599 -0.00163269 -0.00888443  1.0031662 
11 56 29 972598  4.04357910e-04 -8.76998901e-03  1.00198174e+00
11 56 29 994418 -0.00255394 -0.00788879  0.99445343
11 56 30 17813 -0.00257683 -0.007761    0.99889183
11 56 30 21236  0.00253487 -0.01095581  0.99263382
11 56 30 41275 -0.00686455 -0.01175308  1.0155735 
11 56 30 65320 -0.00749588 -0.00683403  1.00789452
11 56 30 68322 -0.00861168 -0.01276588  0.99143219
11 56 30 90466 -0.00848579 -0.00919724  0.99511147
11 56 30 113656 -0.0050602  -0.00970268  1.00080872
11 56 30 117046  8.52584839e-04 -4.10079956e-03  9.99744415e-01
11 56 30 138797  0.00494957 -0.00724983  1.00206757
11 56 30 161434  0.0016346  -0.00432777  0.99124908
11 56 30 164841 -2.38418579e-04 -3.85665894e-03  9.97446060e-01
11 56 30 186190 -0.00476265 -0.01133537  1.00275612
11 56 30 209327 -0.00637817 -0.01275444  1.00543594
11 56 30 212707 -0.00662613 -0.01254654  0.99193573
11 56 30 234067 -0.00660324 -0.00663948  0.99817467
11 56 30 257557 -0.00847816 -0.01045036  1.00532913
11 56 30 261503 -0.00201225 -0.00263786  1.00338745
11 56 30 282334 -0.00430298 -0.00703239  0.99830246
11 56 30 305010 -0.00402451 -0.00934029  1.0005188 
11 56 30 307434 -0.00192642 -0.00631714  1.00161362
11 56 30 329761 -0.00485039 -0.00848007  1.00319099
11 56 30 353357 -0.00399399 -0.00167274  0.99813652
11 56 30 356964 -0.00761986 -0.00998116  0.99914169
11 56 30 378289 -1.14440918e-04 -1.26819611e-02  9.99290466e-01
11 56 30 401162 -0.0044899  -0.00914001  0.99797821
11 56 30 404381 -0.00331116 -0.00965118  1.00337219
11 56 30 426512 -0.002882   -0.01063728  0.99909973
11 56 30 449236 -4.52041626e-04 -4.56619263e-03  9.98773575e-01
11 56 30 452691 -0.00631905 -0.00871277  0.99924088
11 56 30 474335 -0.00720787 -0.00623894  0.99897575
11 56 30 496417 -0.00662231 -0.01121521  0.99835014
11 56 30 498231 -0.00413322 -0.00992012  1.00015259
11 56 30 520861 -0.00139809 -0.01032829  0.99873352
11 56 30 545217  8.75473022e-04 -5.94902039e-03  9.99994278e-01
11 56 30 548886 -5.53131104e-05 -7.51304626e-03  9.98275757e-01
11 56 30 570137 -0.00314713 -0.00812531  0.99915504
11 56 30 593137 -0.00341988 -0.01010132  1.00175476
11 56 30 596262 -0.005373   -0.008461    1.00369644
11 56 30 618209 -0.00574493 -0.00930595  1.00425529
11 56 30 714011 -0.00710297 -0.0086174   0.99944115
11 56 30 717052 -0.00673676 -0.00491333  0.99943161
11 56 30 719526 -6.10351562e-04 -6.76536560e-03  1.00006104e+00
11 56 30 721993 -0.00146294 -0.00564194  0.99949265
11 56 30 724442 -0.00153923 -0.00925827  1.00288773
11 56 30 727298 -0.00329781 -0.00634384  1.00164795
11 56 30 737941 -0.00339508 -0.01129913  0.99848747
11 56 30 741418 -0.00540161 -0.00876999  0.99775124
11 56 30 762888 -0.00384712 -0.00697899  1.00097656
11 56 30 785894 -0.00326347 -0.00785065  1.00234222
11 56 30 789145 -0.01023674 -0.01006126  1.00171471
11 56 30 810622 -0.00352478 -0.01227188  1.00449181
11 56 30 833842 -0.00248718 -0.0069294   0.99830055
11 56 30 837542 -0.00277901 -0.00491333  1.0012455 
11 56 30 858580  0.00152779 -0.00656509  1.00032043
11 56 30 882297 -0.00728035 -0.00754738  0.99752235
11 56 30 885643 -0.00532913 -0.00654602  0.99877548
11 56 30 906419  0.00208282 -0.00782776  1.00026131
11 56 30 930044 -0.0055275  -0.01023865  0.99908638
11 56 30 933798 -0.00571632 -0.00884819  1.00234795
11 56 30 953396 -0.00432014 -0.00603676  0.99467278
11 56 30 977477 -0.006567   -0.00217247  0.99640846
11 56 30 980346 -0.00606155 -0.00558662  1.00021744
11 56 31 2314 -0.00181198 -0.00649643  1.00201797
11 56 31 4810 -0.00263214 -0.01091003  1.00345612
11 56 31 26986 -0.00382805 -0.00975418  0.99594688
11 56 31 49828 -0.00202942 -0.00696564  1.0014782 
11 56 31 53855 -0.00206184 -0.00675011  1.00346756
11 56 31 74633 -0.00609207 -0.00465965  1.00041008
11 56 31 96979 -0.00208092 -0.00542831  0.9990387 
11 56 31 98799 -0.00522614 -0.00906754  0.99627876
11 56 31 121638 -0.00193405 -0.00914764  0.9991951 
11 56 31 144900 -0.00515747 -0.01040268  0.99672318
11 56 31 147040 -0.00481224 -0.01086044  1.0022831 
11 56 31 169902 -0.00228882 -0.00399017  1.00093269
11 56 31 192806 -0.00679398 -0.00737     1.0022316 
11 56 31 194648 -0.00108719 -0.0035305   0.99624062
11 56 31 217704 -0.00835609 -0.00857162  1.00188255
11 56 31 240928 -0.00481224 -0.00416183  0.99910545
11 56 31 243181 -0.00424957 -0.00560951  1.00346565
11 56 31 265720 -0.00123215 -0.01190567  1.0011692 
11 56 31 289398 -0.0039711  -0.00915337  1.00157547
11 56 31 293070 -0.00206375 -0.00946045  1.00514221
11 56 31 314804 -0.01287079 -0.01119232  1.0005722 
11 56 31 337305 -0.00484657 -0.00644493  0.99751091
11 56 31 340581 -0.00758362 -0.00760651  0.99707413
11 56 31 362475 -0.00756836 -0.00359535  0.99830818
11 56 31 385479 -0.0043335  -0.00577354  0.99750519
11 56 31 388806 -0.00192261 -0.00638199  0.99765968
11 56 31 410305 -0.00577927 -0.00931168  1.00014114
11 56 31 433678  0.0015831  -0.01285553  0.99490166
11 56 31 437031 -0.00568962 -0.01172256  1.00156021
11 56 31 457829 -0.00276375 -0.0069294   0.99891472
11 56 31 481371 -0.00766945 -0.00244522  1.0031414 
11 56 31 484815 -0.00275993 -0.01007271  0.9990406 
11 56 31 506431 -0.0036869  -0.0099144   0.99697304
11 56 31 529446 -0.00185394 -0.00762939  0.99985313
11 56 31 532951 -0.00439262 -0.01181793  0.99590111
11 56 31 554330 -0.00261688 -0.01420784  0.99839401
11 56 31 577257 -0.0020256  -0.00933456  0.99903107
11 56 31 580883 -0.00341797 -0.00728607  1.00665474
11 56 31 602113 -0.00726891 -0.00688744  1.00216675
11 56 31 624952 -2.91824341e-04 -5.45883179e-03  1.00127983e+00
11 56 31 627775 -0.0038929  -0.00882912  0.99843025
11 56 31 650041 -0.0037632  -0.00175095  0.99663734
11 56 31 672844 -0.00477791 -0.01189232  0.99772835
11 56 31 675904 -0.00609207 -0.0128727   0.99965477
11 56 31 698171 -0.00709534 -0.01106644  0.99863434
11 56 31 721540 -0.00368118 -0.00839806  1.0006237 
11 56 31 724912 -0.00653458 -0.00665474  1.00040627
11 56 31 746038 -0.00561142 -0.00426483  1.00078964
11 56 31 768776 -0.00527191 -0.00802612  1.00234985
11 56 31 770992 -0.00218582 -0.00815201  1.0023613 
11 56 31 865620 -0.00320244 -0.00634003  1.00197983
11 56 31 868720 -0.00284386 -0.00880241  0.99849701
11 56 31 872040 -0.00457954 -0.00819588  1.00001907
11 56 31 873868 -0.00366211 -0.00575066  0.99908066
11 56 31 875560 -0.00572014 -0.01208496  0.99833107
11 56 31 877269 -0.00809479 -0.00951767  1.00255203
11 56 31 889959 -0.0051384  -0.00863647  1.00538826
11 56 31 894081 -0.00230789  0.00504112  1.00208473
11 56 31 914162 -1.00135803e-03 -1.45721436e-03  1.00156593e+00
11 56 31 937969 -0.00466156 -0.00493431  0.99932671
11 56 31 940962 -0.00401878 -0.00879097  1.00036049
11 56 31 962227 -0.0030098  -0.01566505  1.0038929 
11 56 31 986189 -0.00233269 -0.01560402  1.00255585
11 56 31 989611  0.0017643  -0.01306152  1.0076561 
11 56 32 9430 -0.00208282 -0.00553703  1.00144196
11 56 32 33224 -0.00937843 -0.00836945  0.99933434
11 56 32 34569 -0.00579453 -0.01034737  1.00028229
11 56 32 57609 -0.00459862 -0.0096035   0.99525642
11 56 32 60616 -0.00545692 -0.01309013  1.00145531
11 56 32 82390 -0.00368309 -0.00929832  1.00510788
11 56 32 106295 -3.54957581e-03 -6.92367554e-04  9.99160767e-01
11 56 32 110598 -0.00336075 -0.00151443  1.00347519
11 56 32 130992 -3.53240967e-03 -7.17163086e-04  1.00210953e+00
11 56 32 153730 -0.00214958 -0.01313591  0.99878693
11 56 32 157352 -0.00281906 -0.01286316  0.99906158
11 56 32 178600 -0.0031395  -0.01460266  1.00457764
11 56 32 201360 -0.00721169 -0.01457596  1.00260162
11 56 32 204641 -0.00191498 -0.01033401  0.99913788
11 56 32 226247 -0.00894737 -0.00905609  0.99662399
11 56 32 249322 -0.0021019  -0.00284958  1.00309753
11 56 32 252215 -0.00458527 -0.01226807  1.00293159
11 56 32 274799 -0.00258827 -0.00953484  0.99938774
11 56 32 298149 -0.00218201 -0.00133705  1.00189209
11 56 32 301254 -0.00530052 -0.00423622  0.9950161 
11 56 32 321305 -0.00615692 -0.005373    0.99498558
11 56 32 344820 -0.00623131 -0.0020237   0.97761917
11 56 32 347104 -0.0045433  -0.01047516  0.97733498
11 56 32 369443  0.00506783 -0.01190186  0.99355507
11 56 32 393142 -0.00334549 -0.01379967  1.00328064
11 56 32 395968 -0.00429153 -0.01298523  1.00676537
11 56 32 418394 -0.00875282 -0.00857544  1.00218773
11 56 32 441244 -0.00435066 -0.00709915  0.99324799
11 56 32 443763 -0.00675774 -0.00917053  1.00411606
11 56 32 465677 -0.00869942 -0.00368881  0.99855804
11 56 32 490196 -0.00413513 -0.0068779   1.00123405
11 56 32 493076 7.01904297e-04 1.08146667e-03 9.98748779e-01
11 56 32 514370 -0.00134468 -0.00513649  1.00344849
11 56 32 537091 -0.01331329 -0.00965309  1.02125549
11 56 32 540337 0.02639198 0.00216675 0.99977684
11 56 32 562243  0.00493622 -0.02099609  0.98386955
11 56 32 585143 -0.01012421 -0.01029778  1.01434135
11 56 32 588369 -0.00966263 -0.01813507  1.00453377
11 56 32 609336 -0.00829124 -0.01051331  1.01005363
11 56 32 632837 -4.23431396e-04 -1.56593323e-03  1.01376534e+00
11 56 32 635271 -0.00233841  0.00515366  1.00090218
11 56 32 657795  7.72476196e-04 -3.89099121e-04  9.99351501e-01
11 56 32 681251 -0.00274658 -0.01203537  1.00306129
11 56 32 684590 -0.00392532 -0.01261139  1.00514603
11 56 32 705881 -0.00533485 -0.01085854  1.00316238
11 56 32 728999 -0.00157356 -0.00911331  1.0044651 
11 56 32 731774 -0.00264359 -0.00546837  0.99758148
11 56 32 755314 -0.0030899  -0.00118256  0.99442673
11 56 32 776691 -0.00414848 -0.00853729  0.99742889
11 56 32 779257 -0.00313568 -0.01314735  0.99690819
11 56 32 801115 -0.00281715 -0.01508713  1.00462341
11 56 32 825156  9.80377197e-04 -6.69860840e-03  9.99380112e-01
11 56 32 828735 -5.35964966e-04 -5.81359863e-03  1.00111580e+00
11 56 32 849164 -0.00300598 -0.0058403   0.99915504
11 56 32 873067 -0.01074409 -0.01183701  0.99315071
11 56 32 876342 -0.00543213 -0.01029968  0.98901749
11 56 32 970472  0.00115585 -0.01261902  1.00518799
11 56 32 973464  0.001297   -0.01077843  1.00304604
11 56 32 976343  0.00148773 -0.00786209  0.99852371
11 56 32 978901 -0.00439835 -0.00582123  1.00069427
11 56 32 981058 -0.00506973 -0.00679016  0.99812698
11 56 32 982734 -0.0068512  -0.01062012  0.99903107
11 56 32 993826 -0.00846672 -0.00784683  1.00047302
11 56 33 17636 -0.00841713 -0.00980377  1.00125122
11 56 33 20462 -0.00267792 -0.01238823  0.99856758
11 56 33 42126 -0.00239372 -0.00418282  0.99636459
11 56 33 65354  0.00178337 -0.00868416  0.99588013
11 56 33 67640 -8.37326050e-04 -3.17001343e-03  9.98945236e-01
11 56 33 90449 -0.00103378 -0.00233078  0.99882698
11 56 33 113362 -0.00659752 -0.00507736  0.99861717
11 56 33 115561 -0.00810623 -0.00725746  0.9936161 
11 56 33 137676 -0.0041523  -0.00966644  0.9973011 
11 56 33 161346 -0.00572586 -0.00797844  1.00030518
11 56 33 162999 -0.00514793 -0.01113319  1.00538445
11 56 33 185323 -0.00405693 -0.01015854  1.00165558
11 56 33 188053 -0.00753212 -0.0075016   0.99721718
11 56 33 210032 -0.00515938 -0.00722313  0.99480057
11 56 33 233146 -0.00231171 -0.00816345  0.99625969
11 56 33 235196 -0.00828743 -0.0098114   0.99875641
11 56 33 258546 -8.62121582e-04 -5.84983826e-03  9.99151230e-01
11 56 33 281391 -0.00537682 -0.00798225  1.00123978
11 56 33 284172  5.30242920e-04 -1.03187561e-02  1.00179100e+00
11 56 33 306621 -0.00297737 -0.0108757   0.9972744 
11 56 33 329426 -0.00574493 -0.00650978  1.00589943
11 56 33 332172 -0.00737381 -0.00392723  1.00144386
11 56 33 354381 -0.00664139 -0.00714874  1.00058365
11 56 33 377364 -0.00534058 -0.00695419  0.99993324
11 56 33 379992 -0.00521278 -0.01020813  0.99755478
11 56 33 402296 -0.00383186 -0.01112747  0.99596024
11 56 33 425079 -0.00227165 -0.01527786  1.00050545
11 56 33 427695 -0.00331497 -0.00868797  1.00164795
11 56 33 449782 -0.00419998 -0.01004982  1.0008297 
11 56 33 473249 -0.00349808 -0.00790215  0.99908066
11 56 33 476219 -0.00601768 -0.00362396  0.99946213
11 56 33 497843 -0.00132942 -0.0051384   0.99978065
11 56 33 521785 -0.00422859 -0.01203156  1.00272179
11 56 33 525323 -0.00291634 -0.01443863  1.00399208
11 56 33 546240 -0.00656128 -0.01039886  1.00129509
11 56 33 569281 -0.00590706 -0.01199341  1.00489998
11 56 33 572340 -0.00447655 -0.00856781  0.99968147
11 56 33 593954 -0.00456238 -0.010252    0.99655724
11 56 33 617353 -0.00509262 -0.00626564  0.99382401
11 56 33 620876 -0.00182915 -0.00657654  1.00294685
11 56 33 642342 -0.00461388 -0.00954247  1.00068474
11 56 33 665112 -0.00490761 -0.010746    1.00063324
11 56 33 667757 -0.0030098  -0.01020432  0.99729919
11 56 33 690000 -0.00182533 -0.00508881  0.99769783
11 56 33 713308 -0.00331306 -0.00570869  0.9971981 
11 56 33 716068 -0.00126266 -0.00212479  1.00109291
11 56 33 739568 -0.0096817  -0.00771332  1.00000381
11 56 33 741738 -0.00454712 -0.00762177  1.00237083
11 56 33 761519 -0.00531769 -0.00847626  1.00088882
11 56 33 785785 -0.00220871 -0.00948143  0.99665833
11 56 33 790978 -0.00107384 -0.00866699  0.99880981
11 56 33 809665 -0.00253296 -0.00597763  1.00224495
11 56 33 833403 -0.00150299 -0.00779533  0.99733925
11 56 33 837700 -0.00361824 -0.00917244  1.00143051
11 56 33 858434 -0.00313377 -0.00703239  1.00282669
11 56 33 860060 -0.00421143 -0.00929451  0.99945641
11 56 33 880901 -0.00847244 -0.00799751  1.00106621
11 56 33 905010 -0.00600052 -0.00610733  1.0012207 
11 56 33 907749 -3.49044800e-04 -1.02291107e-02  9.99002457e-01
11 56 33 929491 -0.00617218 -0.01070404  1.00229454
11 56 33 952976  7.38143921e-04 -6.57463074e-03  1.00015450e+00
11 56 33 955121 -0.00138474 -0.00481606  1.00123024
11 56 33 976969  8.75473022e-04 -1.09672546e-02  1.00362396e+00
11 56 33 979785 -0.00139236 -0.01180458  0.99511528
11 56 34 1143 -0.00831795 -0.00909233  0.99793053
11 56 34 24886 -0.00740433 -0.01055336  1.00193596
11 56 34 27704 -0.00160217 -0.00677681  0.99972534
11 56 34 122885 -0.00313568 -0.00730896  0.99894524
11 56 34 125809 -0.00324249 -0.00650406  1.0032692 
11 56 34 128193 -0.00536919 -0.00489426  1.00141716
11 56 34 130416 -0.00541878 -0.00890541  1.00308228
11 56 34 132957 -0.00486374 -0.00279808  1.00437355
11 56 34 135014 -0.0018959  -0.00693893  0.99998474
11 56 34 147025  0.00104523 -0.01166725  0.99942398
11 56 34 169616 -0.00432205 -0.00669861  0.99942207
11 56 34 172944 -0.00114632 -0.00907326  1.00090981
11 56 34 194093 -0.00110245 -0.00549316  0.99349022
11 56 34 218265 -0.01020813 -0.00433159  1.00107765
11 56 34 222604 -0.00917625 -0.00382042  1.00424194
11 56 34 242388 -0.00659752 -0.01107788  0.99972343
11 56 34 265439 -0.00695992 -0.00837898  0.9974575 
11 56 34 268053 -0.00581741 -0.00885391  1.00027466
11 56 34 291024 -0.00442886 -0.01140404  0.99812317
11 56 34 313682  0.00173378 -0.00354958  1.00186539
11 56 34 317074  0.00188065 -0.00365448  1.00159454
11 56 34 340451 -0.00389671 -0.00238228  0.97978401
11 56 34 362004  0.001894   -0.00385857  0.9928875 
11 56 34 365338 -0.00939751 -0.01263428  0.98913002
11 56 34 386449 -0.01164055 -0.00558853  1.01373291
11 56 34 409422 -0.00807953 -0.00509453  1.00170708
11 56 34 412324 -0.00525284 -0.00891304  1.00371742
11 56 34 434547 -0.00517273 -0.0056572   1.00099754
11 56 34 457863 -0.00300789 -0.00626564  0.99277687
11 56 34 461520 -0.00873756 -0.00969315  1.00180435
11 56 34 482313 -5.91278076e-04 -8.21495056e-03  1.00102234e+00
11 56 34 505472 -0.0013752  -0.00852394  1.01166344
11 56 34 509067 -0.00142479 -0.00627327  0.99993706
11 56 34 530230 -0.00277901 -0.00655174  0.99615288
11 56 34 553515 -4.69207764e-03 -8.54492188e-04  9.99673843e-01
11 56 34 557581 -0.00537872 -0.00934029  1.00091171
11 56 34 578496 -0.00786972 -0.00752068  1.00154114
11 56 34 601633 -0.00951385 -0.01337814  1.00465965
11 56 34 605249 -0.00592041 -0.00714493  0.99887085
11 56 34 626691 -0.00511742 -0.00615883  0.99732399
11 56 34 650174 -0.0050869  -0.00896072  0.99650192
11 56 34 653488 -0.00219727 -0.00847054  0.99892998
11 56 34 674768 -0.00211525 -0.01206207  1.00113106
11 56 34 697451 -0.00135994 -0.00617981  1.0031147 
11 56 34 700822 -5.49316406e-04 -8.00132751e-03  1.00048256e+00
11 56 34 722625 -0.00276566 -0.007967    1.00052261
11 56 34 745367 -0.00741768 -0.00840378  1.00034714
11 56 34 748534 -0.00121307 -0.01039696  0.99537086
11 56 34 770458 -0.00853729 -0.00867081  1.00166893
11 56 34 793403 -0.0045166  -0.00881958  1.00288963
11 56 34 796880 -0.00356483 -0.00547028  1.00104904
11 56 34 817662 -0.00408173 -0.0065937   0.99749565
11 56 34 841149 -0.00501633 -0.01017952  1.00170135
11 56 34 844140 -0.00146675 -0.00772667  1.00372124
11 56 34 866624 -0.00464058 -0.00625229  0.99943733
11 56 34 889381 -0.00153923 -0.0078392   0.99837494
11 56 34 892523 -0.00493813 -0.00838089  1.00333405
11 56 34 914524 -0.00661087 -0.00982857  0.99701118
11 56 34 936479 -0.0069561  -0.00823402  1.00252724
11 56 34 938244 -0.00671196 -0.00800133  0.99785805
11 56 34 962219 -0.00772095 -0.00616074  1.00094414
11 56 34 985550 -0.00447273 -0.0059433   1.00014687
11 56 34 988900 -0.00720406 -0.01164627  0.99755287
11 56 35 10490 -0.00339699 -0.01012421  0.99980736
11 56 35 32844 -0.00759506 -0.01096535  0.99788475
11 56 35 35693 -0.00223351 -0.00951385  0.99966812
11 56 35 57787 -0.00159264 -0.00562668  1.00053215
11 56 35 81092 -0.00248718 -0.00827599  0.99777412
11 56 35 84770  0.0010376  -0.00507545  0.99908066
11 56 35 106072 -0.00260162 -0.01059532  0.99794579
11 56 35 129096 -0.00502014 -0.00953674  1.00352859
11 56 35 132703 -0.00960159 -0.00708008  1.00154877
11 56 35 153602 -0.00586128 -0.0069828   1.00041199
11 56 35 249907 -0.0051403  -0.00952339  0.99826813
11 56 35 253482 -0.00599098 -0.01082611  0.99884796
11 56 35 257074 -0.00248909 -0.00710678  1.00584793
11 56 35 261157 -0.00228119 -0.00709534  0.99704552
11 56 35 264438 -0.0033989  -0.00912666  1.00094604
11 56 35 267442 -0.00130463 -0.01015663  1.00358772
11 56 35 274022 -0.00139046 -0.01002121  1.0044632 
11 56 35 276527 -0.00313568 -0.00948906  1.00059891
11 56 35 297676 -0.00231552 -0.01226997  1.00128746
11 56 35 321115 -0.00871277 -0.00847435  0.99851036
11 56 35 323081 -0.00803947 -0.00529671  0.99976349
11 56 35 345425 -0.00643158 -0.00404167  1.0010128 
11 56 35 369174 -0.00404167 -0.00396156  1.00041962
11 56 35 371253 -0.00487328 -0.01136589  1.0008049 
11 56 35 394798 -0.0063591  -0.01033592  1.00104523
11 56 35 417054 -0.00618744 -0.00872612  1.0006752 
11 56 35 419290 -0.00320625 -0.01127052  1.00230789
11 56 35 442661 -0.001194   -0.00619698  0.99795532
11 56 35 446915 -0.00361824 -0.00629044  1.00053024
11 56 35 465930  0.00195312 -0.00414467  0.99715233
11 56 35 489687 -0.00304413 -0.00518227  0.9996376 
11 56 35 492103 -0.00444412 -0.0069294   1.00128555
11 56 35 513480 -0.00825882 -0.00822067  1.00077438
11 56 35 537158 -0.00689507 -0.00948715  1.00332832
11 56 35 539341 -0.00352097 -0.0105896   0.99809647
11 56 35 561820 -0.00236893 -0.00515556  1.00217056
11 56 35 585028 -0.00484085 -0.00463295  1.00184441
11 56 35 587117 -0.002985   -0.00341034  0.9980011 
11 56 35 610692 -0.00336838 -0.00935745  0.9988842 
11 56 35 633652 -0.00326729 -0.0078907   1.00161362
11 56 35 635686 -0.00536346 -0.00883865  0.99667168
11 56 35 657397 -0.00489235 -0.01155663  1.00107002
11 56 35 681263 -0.00666046 -0.00434303  0.99418259
11 56 35 683961 -0.00663376 -0.00283432  0.99977684
11 56 35 705498 -0.0053196  -0.00812149  1.0001564 
11 56 35 728966 -0.00806236 -0.00958633  1.00073814
11 56 35 731107 -0.00442505 -0.00821114  1.00205612
11 56 35 753836 -0.00206184 -0.00740814  1.00334549
11 56 35 776871 -0.00545311 -0.01091194  1.00195694
11 56 35 778939 -0.00231743 -0.00783539  1.00229263
11 56 35 801294 -0.00245476 -0.00793839  1.00139999
11 56 35 826544 -0.0016098  -0.01083374  0.99601173
11 56 35 828813 -0.00702095 -0.00858116  0.99995232
11 56 35 849338 -0.00271606 -0.0081768   1.00255013
11 56 35 872726 -0.01055336 -0.00864792  1.00203896
11 56 35 874435 -0.00540924 -0.00632286  1.00279617
11 56 35 898206 -8.20159912e-04 -7.55882263e-03  1.00280762e+00
11 56 35 920707 -0.0016613  -0.00812721  0.99412918
11 56 35 922523 -0.00402451 -0.01218796  0.99996758
11 56 35 945212 -0.00203705 -0.00717735  0.9977932 
11 56 35 968593 -8.90731812e-04 -9.17816162e-03  1.00063515e+00
11 56 35 970205 -0.00201607 -0.00834274  0.99943161
11 56 35 993743 -0.00215149 -0.00930786  0.99973488
11 56 36 17111 -0.00600624 -0.00650215  0.99791145
11 56 36 19616 -0.00522232 -0.00792122  0.99929237
11 56 36 42308 -0.00289917 -0.00704765  0.99978828
11 56 36 65270 -0.00407219 -0.00813675  1.00555801
11 56 36 68406 -0.00538826 -0.00441742  0.99842262
11 56 36 90625 -0.00294685 -0.00930977  0.99797821
11 56 36 113054 -0.0031662  -0.01102257  0.99948502
11 56 36 115163 -0.00555038 -0.00769234  0.99962997
11 56 36 138264  4.17709351e-04 -9.84382629e-03  1.00502396e+00
11 56 36 140992 -0.00941658 -0.00512123  0.99907875
11 56 36 162529 -0.00587082 -0.00916481  1.00445938
11 56 36 185131 -0.00404167 -0.00785065  0.99905777
11 56 36 188872 -0.00610542 -0.00945282  0.99827194
11 56 36 210241 -0.00485802 -0.00955582  1.00061798
11 56 36 232794 -0.00401878 -0.01009369  0.99786186
11 56 36 235182 -0.00825882 -0.00795937  0.99884605
11 56 36 258266 -0.00228882 -0.00839806  0.99475098
11 56 36 281453 -0.00524139 -0.00947189  0.99967384
11 56 36 285214 -0.00338745 -0.00647736  0.99432945
11 56 36 306044 -0.0015564  -0.00989532  1.00462341
11 56 36 329164 -0.00371361 -0.00754356  1.00052071
11 56 36 332804 -0.00491524 -0.00691605  0.99836922
11 56 36 354111 -0.00107956 -0.00916862  1.00204277
11 56 36 450063 -1.04904175e-04 -1.32026672e-02  9.99813080e-01
11 56 36 453738 -0.00278664 -0.01063347  1.00230408
11 56 36 457587 -4.53948975e-04 -9.79995728e-03  1.00065613e+00
11 56 36 462143 -0.00809097 -0.01075554  1.00283432
11 56 36 464580 -0.00571442 -0.00737381  0.99883652
11 56 36 466317 -0.00945854 -0.00612068  0.9995594 
11 56 36 473191 -0.00584221 -0.00706673  1.00213242
11 56 36 474785 -9.28878784e-04 -6.44493103e-03  1.00066757e+00
11 56 36 498036 -0.0058651  -0.00667381  0.99990273
11 56 36 521844 -0.00734329 -0.00723648  0.99555969
11 56 36 525410 -0.00402069 -0.00987816  0.99523163
11 56 36 546664 -0.00104904 -0.00806808  1.00053978
11 56 36 569923  2.68936157e-04 -9.06372070e-03  9.99641418e-01
11 56 36 573456 -5.89370728e-04 -6.42204285e-03  1.00391960e+00
11 56 36 594295  0.00189972 -0.00808525  1.00197601
11 56 36 617955  8.44955444e-04 -5.91087341e-03  9.98826981e-01
11 56 36 620997 -0.00473595 -0.00814247  0.99495506
11 56 36 642109 -0.01074982 -0.01066399  0.99760056
11 56 36 665401  0.00120544 -0.00939751  1.00708961
11 56 36 667302 -0.00331116 -0.00697136  1.00349617
11 56 36 689862 -0.01076889 -0.0081768   1.00411224
11 56 36 693432 -0.00878143 -0.00799561  1.0022583 
11 56 36 714388 -0.0045929  -0.00942421  0.99556923
11 56 36 737736 -0.0066967  -0.00596046  0.99694633
11 56 36 741334 -0.00424576 -0.00712967  0.99511719
11 56 36 761834  0.00114632 -0.01046371  0.99992371
11 56 36 786082  0.00149536 -0.00974083  1.00338364
11 56 36 790036 -9.05990601e-04 -6.19125366e-03  1.00148582e+00
11 56 36 810660 -0.0051899  -0.00649261  1.00071335
11 56 36 833622 -0.00527954 -0.00642204  0.99682617
11 56 36 837437 -0.0025959  -0.00331879  1.00354767
11 56 36 858758 -0.00245857 -0.00284004  1.00311089
11 56 36 881690  0.00111771 -0.00588036  0.99726486
11 56 36 885528 -0.00572014 -0.0127697   1.00259781
11 56 36 906000 -0.00746918 -0.01268196  1.0014534 
11 56 36 929736 -0.00831413 -0.01141548  0.99816895
11 56 36 933153 -0.00430107 -0.00440216  1.0003643 
11 56 36 954684 -0.00490379 -0.00383186  0.99820518
11 56 36 977740  2.63214111e-04 -7.22885132e-04  1.00179482e+00
11 56 36 981259 -0.00215721 -0.00558472  0.99858093
11 56 37 2593 -0.00333977 -0.00785065  1.00391197
11 56 37 24812  7.85827637e-04 -1.31225586e-02  1.00702477e+00
11 56 37 26655  0.00226402 -0.00831985  0.99177361
11 56 37 50694 -0.01017952 -0.00691223  0.99376106
11 56 37 73303 -0.00155067  0.0014801   1.00153732
11 56 37 75794 -0.00878334 -0.00537491  1.0022068 
11 56 37 98545 -0.00795174 -0.00472641  1.00169373
11 56 37 121085 -0.00370979 -0.00874519  0.99799156
11 56 37 123554 -0.00634384 -0.01539612  1.00097084
11 56 37 145634  0.00154686 -0.01055717  0.99965668
11 56 37 169545  0.0014782  -0.00809288  1.00517273
11 56 37 173265 -7.83920288e-04 -6.91986084e-03  1.00216484e+00
11 56 37 194723 -0.0045433  -0.00320625  0.9903717 
11 56 37 217604 -0.00715065 -0.00834656  1.00036621
11 56 37 221070 -0.00351143 -0.00899506  1.00270462
11 56 37 241411 -0.00938416 -0.0091877   0.99846649
11 56 37 265490 -0.00184441 -0.00871468  1.00324631
11 56 37 269079 -0.00841904 -0.01015472  1.00392914
11 56 37 290272 -2.09808350e-04 -8.81195068e-04  9.94472504e-01
11 56 37 313338 -6.10351562e-04 -5.64956665e-03  9.89871979e-01
11 56 37 317239 -0.0092392  -0.00698853  0.99988747
11 56 37 338042 -0.00693893 -0.0148983   1.00453186
11 56 37 361413 -0.00407982 -0.00956345  1.00600815
11 56 37 363817 -7.19070435e-04 -1.61991119e-02  1.00460434e+00
11 56 37 385496 -0.00174141 -0.01463318  1.00374222
11 56 37 389318  0.00297546 -0.00646782  1.00010109
11 56 37 409457 -0.00341988 -0.00195885  0.9973793 
11 56 37 433218 -0.01000214 -0.00807571  0.99448395
11 56 37 437080 -0.01128578 -0.01016235  1.00523949
11 56 37 458319 -0.0051136  -0.00364494  0.99759102
11 56 37 481060  1.22070312e-04 -1.08242035e-02  9.99715805e-01
11 56 37 484537 -6.67572021e-05 -9.81521606e-03  1.00767136e+00
11 56 37 579586 -0.00434113 -0.00712204  1.00082779
11 56 37 583523 -0.00318336 -0.0072155   1.00239754
11 56 37 587423 -0.00780678 -0.00396919  0.99622345
11 56 37 591235 -0.0016613  -0.00905037  1.00553322
11 56 37 592814 -0.00314713 -0.00594711  1.00307465
11 56 37 594376 -0.00102425 -0.00336838  1.00001144
11 56 37 601609 -0.00489807 -0.00753021  1.00208855
11 56 37 625550 -0.00395393 -0.00665092  0.99578285
11 56 37 627906 -0.0065136  -0.01304054  0.99966049
11 56 37 649771 -0.00288773 -0.01250839  1.00312042
11 56 37 673889 -0.00341606 -0.00389671  1.00365257
11 56 37 677475 -0.00384903 -0.00401878  0.99646568
11 56 37 698793 -0.00100708 -0.0048275   1.00213623
11 56 37 721473 -0.00142288 -0.00772285  0.99890327
11 56 37 723967 -0.00185585 -0.01103783  1.00278854
11 56 37 746720 -0.00316429 -0.01250267  0.9986496 
11 56 37 770028 -0.00341034 -0.00810051  0.99942398
11 56 37 773669 -0.00469589 -0.01231766  1.00714111
11 56 37 795255 -0.00370407 -0.00398064  0.99983025
11 56 37 818068 -0.00301361 -0.00542068  0.99930954
11 56 37 821496 -0.00633812 -0.01032257  0.99826813
11 56 37 842963 -0.00434685 -0.00851631  1.00065804
11 56 37 865351 -0.00610924 -0.01094437  1.00258636
11 56 37 867740 -0.00135994 -0.00616837  0.99975204
11 56 37 890812 -0.00510597 -0.00673103  1.0018158 
11 56 37 914046 -0.00102615 -0.01127434  1.00058937
11 56 37 917753 -0.00302696 -0.00592041  0.99983788
11 56 37 938916 -0.0050869  -0.00657082  1.00279808
11 56 37 961767 -8.77380371e-04 -9.33265686e-03  1.00236511e+00
11 56 37 965379 -0.00790215 -0.01299286  0.99597549
11 56 37 986093 -0.00461769 -0.00453568  1.00207901
11 56 38 9753 -0.00720978 -0.00722122  0.99851608
11 56 38 13202 -0.00592804 -0.01052094  1.00113678
11 56 38 34742 -0.00266266 -0.00702858  1.00287247
11 56 38 57851 -0.00543785 -0.00564384  0.99555779
11 56 38 61506 -0.00652885 -0.01054382  0.9974556 
11 56 38 82813 -4.59671021e-04 -5.85365295e-03  1.00028992e+00
11 56 38 105477 -0.00640488 -0.01210403  1.00494766
11 56 38 108575 -0.00207329 -0.00653076  0.99483299
11 56 38 130365 -0.00211716 -0.00692177  1.00557709
11 56 38 153532 -0.00325775 -0.00863266  0.99967575
11 56 38 157090 -0.00549507 -0.00566673  0.99769783
11 56 38 178532 -0.00195694 -0.00844574  0.99673462
11 56 38 201495 -0.00605774 -0.00633049  1.00446129
11 56 38 205106 -0.00110054 -0.01031685  1.00191689
11 56 38 225783 -0.00520325 -0.01081467  1.00031281
11 56 38 249634 -0.0037384  -0.00786018  1.00719643
11 56 38 253154 -0.00387192 -0.00837326  1.00349617
11 56 38 274796 -0.00389481 -0.00492287  1.00509262
11 56 38 297292 -0.0020504  -0.00588608  0.99947166
11 56 38 299689 -6.29425049e-04 -5.55610657e-03  9.97432709e-01
11 56 38 321870 -0.00316238 -0.00692368  1.00398827
11 56 38 345506 -0.007864   -0.00636101  0.9991188 
11 56 38 348819 -0.00883293 -0.01107025  1.00019836
11 56 38 370232 -0.0051918  -0.00883865  1.00305176
11 56 38 372659 -0.00581741 -0.00644493  1.00137711
11 56 38 394374 -0.00454903 -0.00723076  0.9981842 
11 56 38 417474 -0.00513649 -0.00991631  0.99917603
11 56 38 420910 -0.00528526 -0.00796509  1.00008965
11 56 38 442038 -0.00238037 -0.00614166  0.99867821
11 56 38 465436 -0.00437927 -0.00543785  1.00125885
11 56 38 468752 -0.00570488 -0.01515579  0.99628067
11 56 38 490539 -0.00162506 -0.01102066  0.99982452
11 56 38 513470 -0.00546074 -0.0043602   1.00368881
11 56 38 517271 -0.00453377 -0.00661278  0.99786377
11 56 38 538447 -0.00328064 -0.00427437  1.00058556
11 56 38 561297 -0.00549698 -0.00797844  0.999897  
11 56 38 564916 -0.00595474 -0.0104084   1.00056839
11 56 38 585531 -0.00238419 -0.00907135  0.99973679
11 56 38 609341 -0.00309372 -0.01054382  0.99998283
11 56 38 612745 -0.00297165 -0.00791168  0.99578476
11 56 38 633991 -0.00383949 -0.00403404  1.00261497
11 56 38 730211 -0.00511932 -0.01122475  0.9967804 
11 56 38 733839 -0.00300026 -0.00746727  0.99886703
11 56 38 737666 -0.00547218 -0.00585747  1.00475883
11 56 38 740360 -0.00660324 -0.00404549  1.00092697
11 56 38 741978 -0.00549698 -0.00809479  1.00198746
11 56 38 743661 -0.00548744 -0.00903893  1.00041008
11 56 38 753446 -0.00464439 -0.01149178  0.99822426
11 56 38 755382 -0.01046181 -0.00908279  1.00464439
11 56 38 778320 -0.0015316  -0.00826454  1.00494003
11 56 38 802106 -0.00235939 -0.00483131  1.00332451
11 56 38 806007 -0.0024128  -0.00557518  0.99986839
11 56 38 827009 -0.00173759 -0.00649834  0.99999237
11 56 38 849685 -0.00248528 -0.00846863  0.99472618
11 56 38 853162 -0.00164795 -0.00973701  0.99338341
11 56 38 874748 -0.00911903 -0.0041275   1.00086403
11 56 38 897985 -0.00790787 -0.01049232  1.00263405
11 56 38 901734 -0.00241661 -0.00958633  1.00047112
11 56 38 921719 -0.00390434 -0.01039886  0.99203682
11 56 38 945796 -0.00515747 -0.01054955  0.99817276
11 56 38 949271 -0.00387192 -0.00393867  0.99679184
11 56 38 970808 -0.00589561 -0.00790215  1.00152969
11 56 38 993306 -0.00551987 -0.00885391  0.99521637
11 56 38 995538 -0.00219727 -0.00701523  1.0007    
11 56 39 17873 -0.00150871 -0.01085281  0.99934387
11 56 39 41956 -0.00108337 -0.00882149  1.00353622
11 56 39 45655 -0.00663567 -0.00956726  1.00144577
11 56 39 66484 -0.00479889 -0.00571823  0.99956131
11 56 39 89682 -0.00537491 -0.00876236  1.00176239
11 56 39 93392 -0.00465202 -0.00935936  1.00477982
11 56 39 114576 -8.75473022e-04 -6.61659241e-03  1.00127983e+00
11 56 39 137604 -0.00491333 -0.00618935  1.00144958
11 56 39 140958 -0.00302124 -0.00662231  0.99744034
11 56 39 163011 -0.00161934 -0.00537682  1.00035095
11 56 39 185794 -0.00281525 -0.00776672  0.99996567
11 56 39 189129 -6.44683838e-04 -4.31060791e-03  9.96461868e-01
11 56 39 210381 -0.0061245  -0.00618744  1.00178337
11 56 39 233249 -0.00324631 -0.00640106  1.0016346 
11 56 39 235695 -0.00477982 -0.00642967  0.99671936
11 56 39 257799 -0.00115204 -0.00822449  0.99842834
11 56 39 281717 -0.00561142 -0.00841331  1.00356102
11 56 39 284516 -0.00269318 -0.00688171  0.99946213
11 56 39 305192 -0.00457001 -0.01284027  0.99462128
11 56 39 329027 -0.00619316 -0.00671577  1.00330925
11 56 39 330657 -8.25881958e-04 -5.61141968e-03  1.00253296e+00
11 56 39 354647 -0.0019474  -0.00682831  1.00450897
11 56 39 377607 -0.00303078 -0.00511169  1.00453568
11 56 39 380999  7.32421875e-04 -6.91986084e-03  1.00055885e+00
11 56 39 402050 -0.00793648 -0.00796127  0.99887848
11 56 39 425228 -0.00261497 -0.00776482  1.00120735
11 56 39 428471 -0.00215721 -0.0064106   1.0008831 
11 56 39 450680 -0.00639725 -0.00245857  1.0002594 
11 56 39 473281 -0.00487518 -0.00976181  1.00122833
11 56 39 476206 -0.00177956 -0.01135063  0.99919891
11 56 39 498659 -0.00434113 -0.00722313  0.99684334
11 56 39 521512 -0.00657654 -0.00449753  0.99911499
11 56 39 524943 -0.00595284 -0.00384903  0.99939346
11 56 39 546428 -0.0018959  -0.00689888  0.99355316
11 56 39 569221 -0.00322533 -0.00969887  0.99834251
11 56 39 572021 -0.00236511 -0.00578117  1.00232697
11 56 39 593002 -3.39508057e-04 -5.23376465e-03  9.98508453e-01
11 56 39 616610 -0.00315285 -0.00525093  1.00201035
11 56 39 618247 -0.00614738 -0.00703049  1.00278282
11 56 39 642458 -0.00402641 -0.0056076   1.00375748
11 56 39 665304 -0.00507355 -0.00752068  1.00174332
11 56 39 668765 -0.0070591 -0.0067749  0.9984684
11 56 39 689334 -0.00481606 -0.01076508  1.00019836
11 56 39 713292 -0.00290298 -0.01010513  1.00289726
11 56 39 716654 -0.00719643 -0.00461006  0.99607277
11 56 39 738405 -0.00481987 -0.00969315  1.00321198
11 56 39 760750 -0.00351715 -0.01036263  1.0025177 
11 56 39 762813 -0.00497627 -0.00880432  1.00053406
11 56 39 785956 -0.00530052 -0.00669289  1.00006866
11 56 39 809361 -0.00492287 -0.00998497  0.99965096
11 56 39 812762 -0.00590515 -0.0107975   1.00039101
11 56 39 906707 -0.00333023 -0.00824738  1.00131226
11 56 39 909942 -0.00702667 -0.01267815  0.9979229 
11 56 39 912833  4.21524048e-04 -7.52258301e-03  1.00025177e+00
11 56 39 915700 -0.00315285 -0.00829887  0.9978714 
11 56 39 918547 -0.00290108 -0.00826645  0.99409294
11 56 39 920454 -0.00410652 -0.00518036  1.00593567
11 56 39 930501 -0.00269508 -0.00823021  0.99920654
11 56 39 953555 -0.00547791 -0.01011086  1.00304985
11 56 39 956436 -0.00411224 -0.00499916  1.00101662
11 56 39 978232 -0.00699043 -0.01088715  1.00279999
11 56 40 1669 -0.00597954 -0.0073185   1.00423241
11 56 40 3924 -0.00468445 -0.01224136  1.00324249
11 56 40 27462 -0.00473976 -0.01209831  1.00227165
11 56 40 50154 -0.00190735 -0.00721169  1.00143242
11 56 40 54130 -0.00322151 -0.00400352  0.99744034
11 56 40 74905 -0.00813293 -0.00860214  0.99737549
11 56 40 97878 -0.0045948 -0.0049572  1.0042572
11 56 40 101431 -0.00509453 -0.00913048  0.99905777
11 56 40 122957 -0.0037365  -0.00749016  0.99640465
11 56 40 145955 -0.00492477 -0.00512886  1.00154305
11 56 40 148541 -0.00480843 -0.00972748  0.99830627
11 56 40 169914 -0.00535202 -0.00502014  1.00639725
11 56 40 173575 -0.00317764 -0.00642014  1.00353813
11 56 40 194471 -0.00265121 -0.00524712  1.00408745
11 56 40 217961 -0.00366974 -0.00467682  0.99876022
11 56 40 221347 -0.0076313  -0.00859261  0.99938583
11 56 40 242047 -0.00477219 -0.01229286  0.99603844
11 56 40 265865 -0.00698853 -0.00813103  1.00465775
11 56 40 270155 -0.00416183 -0.00829887  1.00200081
11 56 40 290583 -0.00164032 -0.00947571  0.99974251
11 56 40 313797 -0.00311089 -0.01032448  1.00382423
11 56 40 316557 -0.00134087 -0.00821304  1.00132942
11 56 40 337611 -0.00787163 -0.00913239  0.99770164
11 56 40 341392 -0.00236893 -0.00859642  1.00207901
11 56 40 361785 -0.00151062 -0.00725365  1.00164986
11 56 40 385668 -0.00369835 -0.00550842  0.99970055
11 56 40 389429 -0.00477791 -0.00757027  0.99783325
11 56 40 410378 -0.00309944 -0.00953484  0.99785995
11 56 40 433390 -0.00377846 -0.0086689   0.99804688
11 56 40 435947 -0.0018158  -0.00771713  0.99816895
11 56 40 458736 -0.00315475 -0.00864983  0.99451828
11 56 40 481849 -0.0039463  -0.00614548  1.00301743
11 56 40 485825 -9.30786133e-04 -7.90596008e-03  1.00126839e+00
11 56 40 506614 -0.00569153 -0.01122856  1.00024033
11 56 40 529361 -0.00526237 -0.0084343   0.9987812 
11 56 40 532857 -0.00281525 -0.01015663  0.99842262
11 56 40 554358 -0.00405693 -0.00452805  0.99908447
11 56 40 577623 -0.00279617 -0.00752068  1.00386429
11 56 40 581836 -0.00403595 -0.0126667   1.00007248
11 56 40 601392 -0.00404739 -0.00919533  0.99855995
11 56 40 625512 -0.00499535 -0.01077461  0.99819946
11 56 40 629491 -0.00522232 -0.0118866   1.00094986
11 56 40 650497 -0.00580788 -0.00583458  1.00308418
11 56 40 673311 -0.00359917 -0.00546646  0.99748421
11 56 40 676811 -0.00155067 -0.00585365  1.00504112
11 56 40 698496 -0.00466919 -0.00810623  1.00119209
11 56 40 721580 -0.00531578 -0.00781441  0.99909973
11 56 40 725302 -0.00570488 -0.00610924  0.99178123
11 56 40 746626 -0.0050087  -0.01076508  1.00003433
11 56 40 768899 -0.0043087  -0.00964928  0.99982643
11 56 40 771112 -0.00749969 -0.0057106   1.00127983
11 56 40 794691 -0.00312614 -0.00543785  1.00174904
11 56 40 817306 -0.00544357 -0.00358009  0.99804688
11 56 40 820653 -0.00356483 -0.00744247  1.00207329
11 56 40 841757 -0.00453949 -0.0069046   1.00092506
11 56 40 865281 -0.0083828  -0.00942612  1.00275993
11 56 40 868597 -0.00415039 -0.00951576  1.00042725
11 56 40 890273 -0.00566864 -0.00930595  0.99998665
11 56 40 913220 -0.00661659 -0.00929832  1.00091362
11 56 40 916704 -0.00491905 -0.00971603  0.99691391
11 56 40 938021 -0.00484085 -0.00679588  1.00370407
11 56 40 961243 -0.00430489 -0.01114273  0.996521  
11 56 40 964704 -0.00144005 -0.01231384  1.00072479
11 56 40 986208  6.80923462e-04 -8.21876526e-03  1.00138092e+00
11 56 41 81889 -0.00546455 -0.00914574  1.00057411
11 56 41 85241 -0.00441933 -0.00896072  1.0004425 
11 56 41 88509 -0.00461769 -0.00752831  1.0003109 
11 56 41 91790 -0.0053997  -0.00984955  1.00504112
11 56 41 95135 -0.00206566 -0.008358    0.9995575 
11 56 41 96696 -0.00325394 -0.00980568  1.00554848
11 56 41 105248 -0.0055275  -0.01058769  0.99826813
11 56 41 107028  0.00196838 -0.00631523  0.99974251
11 56 41 130816  6.67572021e-05 -8.90159607e-03  1.00421333e+00
11 56 41 153992 -0.00146484 -0.00767136  0.99688148
11 56 41 157710 -8.88824463e-04 -4.89234924e-03  1.00650787e+00
11 56 41 178686  0.00170135 -0.01071358  1.00271225
11 56 41 180828 -0.00660133 -0.00605774  0.99794388
11 56 41 201996 -0.00162315 -0.00427246  1.00140572
11 56 41 225565 -0.00363731 -0.01046944  1.00022507
11 56 41 228737 -0.00501823 -0.00564766  1.00084114
11 56 41 251135 -0.00391769 -0.00967789  1.00118065
11 56 41 273785 -0.00507927 -0.00991058  1.00308609
11 56 41 277502 -0.001894   -0.01285172  1.00015831
11 56 41 297885 -0.00686836 -0.00516129  0.99654961
11 56 41 321271 -0.00508308 -0.00525856  0.99910164
11 56 41 323471 -0.00232887 -0.00951767  0.99920464
11 56 41 347255 -0.00336075 -0.00692558  1.00160027
11 56 41 370052 -0.0015316  -0.00993156  1.00040054
11 56 41 373576 -0.00205231 -0.00650597  0.99948692
11 56 41 394777 -0.00566483 -0.0080452   1.0039711 
11 56 41 417711 -0.00134087 -0.00619316  1.0021534 
11 56 41 421370 -0.00450325 -0.0061264   1.00158882
11 56 41 442792 -0.00312042 -0.00778198  1.00308418
11 56 41 465337 -0.00460052 -0.00967789  0.99909019
11 56 41 467989 -0.00435448 -0.0058651   0.99839783
11 56 41 489751 -0.00319672 -0.00852776  0.99967194
11 56 41 513966 -0.00590515 -0.00517845  1.00434685
11 56 41 517275 -0.0013237  -0.00382614  1.00045967
11 56 41 539005 -0.01090431 -0.00439453  1.00278473
11 56 41 561733 -0.00535393 -0.00118446  0.99853325
11 56 41 565490 -0.00426292 -0.00639915  0.99922752
11 56 41 585602 -0.00281334 -0.01026344  1.00398254
11 56 41 609586 -0.0057106  -0.0053215   1.00146103
11 56 41 613130 -0.00156021 -0.00928688  0.99732971
11 56 41 634587 -0.0020771  -0.00919533  1.00184822
11 56 41 657631 -0.00430679 -0.00340843  1.00201035
11 56 41 661362 -0.00455475 -0.00783539  1.0021534 
11 56 41 682738 -0.00324821 -0.0125885   1.00447083
11 56 41 705460 -0.00569534 -0.00746727  1.00040627
11 56 41 709095 -0.00406075 -0.00820541  0.9972229 
11 56 41 730684 -0.00377464 -0.00492859  0.99768639
11 56 41 753569 -0.00358391 -0.00799179  0.99682236
11 56 41 757224 -0.00502586 -0.00824547  0.99504852
11 56 41 778267 -0.01010895 -0.00671959  0.99826241
11 56 41 801239 -0.00877571 -0.0066967   0.99967957
11 56 41 804279 -0.00595093 -0.00475121  1.00863647
11 56 41 826637 -0.00580025 -0.00618744  1.00704765
11 56 41 849120 -0.00547218 -0.00751305  0.99872017
11 56 41 851502 -0.00664902 -0.00868034  0.99868202
11 56 41 874370 -0.00240517 -0.00143814  0.99451447
11 56 41 897452 -0.00631714 -0.00967407  1.00255013
11 56 41 901351 -0.00476646 -0.00815392  1.00378418
11 56 41 921185 -0.00461578 -0.00941658  1.0004673 
11 56 41 945371 -0.00635147 -0.01051331  0.99739075
11 56 41 949041 -0.00136566 -0.00691223  1.00410843
11 56 41 969323 -0.00525284 -0.00837135  1.00344467
11 56 41 993225 -9.53674316e-05 -8.12911987e-03  1.00406075e+00
11 56 41 996912 -0.00608253 -0.00703049  1.00275803
11 56 42 17676 -0.00555038 -0.00645447  0.99955177
11 56 42 40679 -0.00787926 -0.00908852  0.99920464
11 56 42 42816 -0.00308228 -0.00727272  0.99830246
11 56 42 138449 -0.00569725 -0.00527573  1.00182533
11 56 42 142162 -0.0026226  -0.00911522  1.00310135
11 56 42 145986 -9.82284546e-04 -8.10623169e-03  9.98640060e-01
11 56 42 150469 -0.00447273 -0.0106144   1.00045013
11 56 42 152426 -0.00494766 -0.00582504  0.99955368
11 56 42 153968 -0.00333023 -0.00675964  0.99830818
11 56 42 161642 -0.00277901 -0.01062202  0.99734306
11 56 42 186001 -0.00367165 -0.00465775  0.99842453
11 56 42 190022 -0.00489044 -0.00751114  1.00151634
11 56 42 209681 -0.00429535 -0.00452805  1.00260544
11 56 42 233469 -0.0049839  -0.01099586  0.99971008
11 56 42 235883 -0.00451088 -0.01223946  0.99730873
11 56 42 259461 -0.00497246 -0.00999451  0.99020004
11 56 42 281677 -0.00280952 -0.0102272   1.0022316 
11 56 42 285103 -0.00457001 -0.00792122  1.00131035
11 56 42 307014 -0.00332451 -0.00806427  0.9977951 
11 56 42 329791 -0.00699234 -0.00386429  1.00321388
11 56 42 333357 -0.00515556 -0.007761    0.99328423
11 56 42 355192 -0.00136757 -0.00918007  1.00196838
11 56 42 377806 -0.0017395 -0.0033741  0.9968853
11 56 42 380810 -0.00299263 -0.00991058  0.99777412
11 56 42 401919 -0.00175667 -0.00501442  1.00352097
11 56 42 425749 -0.00618362 -0.0104332   0.99913406
11 56 42 429378 -0.0039444  -0.01131248  0.99552917
11 56 42 450794 -1.14440918e-05 -8.96453857e-03  9.94628906e-01
11 56 42 473897 -6.16073608e-04 -5.90133667e-03  1.00458145e+00
11 56 42 477866 -0.00454521 -0.00691223  0.99852753
11 56 42 497657 -0.00187492 -0.00787735  1.00141907
11 56 42 521933 -0.00396919 -0.0068531   1.00340462
11 56 42 525325 -0.00291824 -0.00809669  0.9937458 
11 56 42 546778 -0.00793839 -0.0078907   0.99505424
11 56 42 569268 -0.00295448 -0.0100975   1.00322533
11 56 42 572054 -0.00471878 -0.00875282  1.0045414 
11 56 42 593646 -0.00496292 -0.00993538  1.00188637
11 56 42 617678 -0.00351334 -0.00770187  0.99595451
11 56 42 621278 -0.00612831 -0.00738335  1.00153732
11 56 42 641781 -0.00219345 -0.00939178  1.00579453
11 56 42 665638 -0.00396156 -0.0097065   1.00313377
11 56 42 669583 -0.00710869 -0.00946617  0.99849892
11 56 42 690477 -0.00832748 -0.00472641  1.00312996
11 56 42 713630 -0.00204468 -0.008461    0.99979019
11 56 42 717301 -0.00477219 -0.00889015  1.00073624
11 56 42 738066 -0.00353432 -0.00831032  1.00102806
11 56 42 761448 -0.00409698 -0.0085392   1.00070572
11 56 42 764849 -9.28878784e-04 -8.73374939e-03  9.97947693e-01
11 56 42 786289 -0.00484657 -0.00980186  0.9990406 
11 56 42 809592 -0.00444221 -0.01000595  0.99887657
11 56 42 813076 -0.00495529 -0.00879288  0.99903297
11 56 42 833281 -0.0035305  -0.0056324   0.99815178
11 56 42 836854 -0.00243568 -0.00802231  1.00261688
11 56 42 858216 -0.00154305 -0.01006699  1.00111008
11 56 42 881541 -6.77108765e-04 -7.52449036e-03  9.98020172e-01
11 56 42 884846 -0.00627136 -0.01067352  0.99853325
11 56 42 905698 -0.00174713 -0.00494766  0.99856758
11 56 42 929640 -0.00498962 -0.00523567  1.00194359
11 56 42 933270 -0.00498772 -0.00848007  0.99765205
11 56 42 954399 -0.0033741  -0.00774765  1.00072098
11 56 42 977187 -0.00283051 -0.00478172  1.0009594 
11 56 42 980337 -0.0071888  -0.01124573  0.99992371
11 56 43 2569 -0.00259399 -0.00779343  1.00286293
11 56 43 25156 -0.00108337 -0.00923157  1.00479126
11 56 43 28800 -0.00344849 -0.00694847  1.00346756
11 56 43 50266 -0.00278091 -0.00690079  0.99702644
11 56 43 73382 -0.00264359 -0.01318741  1.00317192
11 56 43 77144 -0.00720787 -0.00937271  0.99636841
11 56 43 98474 -0.00561523 -0.01063156  1.00124359
11 56 43 121479 -0.0030098  -0.00868225  0.99840355
11 56 43 125266 -4.42504883e-04 -1.16786957e-02  1.00337410e+00
11 56 43 146248 -0.00331306 -0.00732994  1.00069618
11 56 43 169211 -0.00320435 -0.00520134  1.00001144
11 56 43 173116 -0.00646019 -0.00469971  0.99915504
11 56 43 267118 -0.00358009 -0.00397491  1.00091362
11 56 43 270699 -0.0012722  -0.01172066  1.00042534
11 56 43 274364 -0.00359917 -0.00867653  0.99812508
11 56 43 276482 -0.00266266 -0.00624275  0.99559212
11 56 43 278003 -0.00490379 -0.00964546  1.00395203
11 56 43 279605 -0.00268745 -0.00780106  0.99682808
11 56 43 289637 -0.00423241 -0.0098877   0.99914742
11 56 43 314217 -0.00615311 -0.00940514  1.00305176
11 56 43 318105 -0.00489044 -0.00758362  0.99876022
11 56 43 337897 -0.00420189 -0.01015091  0.99920845
11 56 43 362155 -0.00471878 -0.00822639  0.99702835
11 56 43 366024 -0.00261879 -0.00663948  0.99912453
11 56 43 386679 -6.12258911e-04 -9.69886780e-03  1.00154114e+00
11 56 43 409692 -0.00316429 -0.0077877   0.99694443
11 56 43 413240 -0.00345421 -0.0067482   1.0008812 
11 56 43 434097 -0.00213432 -0.00809479  1.00014496
11 56 43 457933 -0.00670052 -0.00899887  0.99909019
11 56 43 461556 -0.00491714 -0.00704956  1.00012398
11 56 43 482384 -0.00107574 -0.00908279  0.99897957
11 56 43 505698 -0.00123596 -0.01224709  1.00513268
11 56 43 508536 -0.0057106  -0.00961304  0.99738884
11 56 43 530747 -0.00511932 -0.00737953  1.00135612
11 56 43 554152 -0.00337029 -0.01056671  0.99498367
11 56 43 557809 -0.00239182 -0.00913239  0.99910736
11 56 43 578973 -0.00139999 -0.00626564  1.0032959 
11 56 43 601805 -0.00462151 -0.00444412  1.00083351
11 56 43 605058 -0.00568199 -0.01091766  1.00255203
11 56 43 627068 -0.00245857 -0.00683212  1.00369644
11 56 43 648990 -0.00747681 -0.00886345  0.99683762
11 56 43 650613 -0.00574303 -0.00879478  0.99845505
11 56 43 674973 -0.00374985 -0.00917244  0.99966049
11 56 43 697694 -0.0048008  -0.01067162  1.00384331
11 56 43 701383 -0.00177002 -0.0121994   0.99946976
11 56 43 721893 -0.00337029 -0.00618172  1.00046539
11 56 43 744713 -0.00393677 -0.00860214  0.99899864
11 56 43 746363 -0.00563622 -0.00791359  1.00063705
11 56 43 769177 -0.0057354  -0.00378609  0.99713898
11 56 43 793305 -0.00553703 -0.00977325  1.00292587
11 56 43 796578 -0.00402832 -0.01224899  0.99882126
11 56 43 818516 -0.00352859 -0.00946426  0.99852753
11 56 43 841327 -0.0054512  -0.00500679  0.99951553
11 56 43 844634 -0.00437355 -0.00496864  1.00163269
11 56 43 866518 -0.00515556 -0.00941277  1.00345802
11 56 43 889033 -0.00464439 -0.00445557  1.0016098 
11 56 43 892077 -0.00312805 -0.00749779  1.00051689
11 56 43 913268 -0.00629997 -0.0075016   1.00059128
11 56 43 936978 -8.73565674e-04 -9.67216492e-03  9.92118835e-01
11 56 43 939091 -0.00489616 -0.00897408  1.00301552
11 56 43 962614 -0.0045433  -0.00585365  0.99897957
11 56 43 985407 -0.00486946 -0.0086441   1.00454712
11 56 43 988640 -0.00628853 -0.01076508  1.00415993
11 56 44 10161 -0.00526619 -0.00614166  1.00509834
11 56 44 33134 -0.00503922 -0.0028801   0.99309349
11 56 44 36325 -0.00533295 -0.00758934  1.00412941
11 56 44 58371 -0.0063858  -0.00641251  0.99670792
11 56 44 81216 -0.00601578 -0.00768661  1.00044632
11 56 44 84344 -0.00620461 -0.01040649  0.99486542
11 56 44 106477 -7.43865967e-05 -7.52067566e-03  9.97793198e-01
11 56 44 129519 -0.00812721 -0.00953484  1.00258636
11 56 44 133349 -0.00670815 -0.00896645  1.00216866
11 56 44 153284 -0.00146866 -0.00805473  1.00329971
11 56 44 177053 -0.00514793 -0.00527763  1.00110817
11 56 44 180456  0.002285   -0.00836563  1.00061989
11 56 44 274758 -0.00366592 -0.00677299  1.00004196
11 56 44 278538 -0.00117874 -0.00943184  1.00139618
11 56 44 281749 -0.00479126 -0.00779533  1.00192261
11 56 44 284775 -0.00389671 -0.01096725  1.00301933
11 56 44 287567 -0.00630188 -0.01047325  1.00476646
11 56 44 289115 -0.00589752 -0.00805664  1.00227547
11 56 44 297489 -0.00228119 -0.00379181  0.99434662
11 56 44 322111 -0.00148773 -0.00419998  1.00154114
11 56 44 325577 -0.00512123 -0.01118088  1.00064659
11 56 44 346040 -0.00559998 -0.01358795  0.99971771
11 56 44 369993 -0.00432014 -0.00897598  0.99584961
11 56 44 373976 -0.00188255 -0.01101303  1.00157547
11 56 44 395065 -0.00417328 -0.00936508  0.99699211
11 56 44 418128 -0.00240707 -0.007967    0.99618912
11 56 44 422094 -0.00226402 -0.00909233  1.00174904
11 56 44 442729 -0.00381088 -0.00331688  1.00106239
11 56 44 465401 -0.00404167 -0.0141716   1.00109291
11 56 44 467582 -0.00178146 -0.009655    1.00202942
11 56 44 490641 -0.00537491 -0.01086044  1.00171852
11 56 44 514050 -0.00227356 -0.00504303  0.99868202
11 56 44 517696 -0.00422096 -0.00688362  0.99877548
11 56 44 538880 -0.0021553  -0.0122261   1.00469017
11 56 44 561888 -0.00123405 -0.00948524  1.00451469
11 56 44 565085 -5.66482544e-04 -2.57492065e-03  9.97673035e-01
11 56 44 586409 -0.00189781 -0.01330757  1.00294876
11 56 44 609792 -0.00317192 -0.00868034  0.99962044
11 56 44 613406 -0.00700378 -0.01257515  0.9982872 
11 56 44 634850 -0.00391197 -0.00833511  0.99845505
11 56 44 657928 -0.00698471 -0.01205444  1.00039673
11 56 44 661600 -0.00401497 -0.00958443  0.99882507
11 56 44 682222 -2.78472900e-04 -1.68228149e-03  9.99294281e-01
11 56 44 705894 -7.99179077e-04 -7.71903992e-03  9.99963760e-01
11 56 44 709306 -4.19616699e-04 -7.25364685e-03  9.96829987e-01
11 56 44 731148 -0.00602531 -0.00736618  1.00489807
11 56 44 753734 -0.00224495 -0.0100174   1.001091  
11 56 44 757391 -0.00110435 -0.01405525  1.00168228
11 56 44 778596 -0.00842094 -0.00566101  0.98958969
11 56 44 801823 -0.00623512 -0.00395966  0.99224472
11 56 44 805497 -0.00875282 -0.00504684  0.99662781
11 56 44 826518 -0.00111771 -0.0100174   1.00364685
11 56 44 849395 -0.00626945 -0.01319122  1.00408363
11 56 44 852989 -0.0036335  -0.01007271  1.00584793
11 56 44 874652 -0.00489235 -0.00800514  1.00152397
11 56 44 897460 -0.00196266 -0.0060215   1.0002861 
11 56 44 901252 -6.67572021e-05 -4.01115417e-03  9.98796463e-01
11 56 44 922760 -0.00120354 -0.00385284  1.00120163
11 56 44 945252  0.00214577 -0.01010704  1.01294899
11 56 44 948075  0.00365829 -0.00949478  1.01078796
11 56 44 969889  0.00432396 -0.00973129  1.00359726
11 56 44 993426  0.00160789 -0.00876236  0.99764442
11 56 44 996998  0.00360298 -0.00957108  1.00195312
11 56 45 18743  0.00283813 -0.01167679  1.00819588
11 56 45 41378 -1.64031982e-04 -6.85501099e-03  1.00528908e+00
11 56 45 44868 -0.00572205 -0.01060486  1.00962067
11 56 45 66436 -0.00500679 -0.00951958  0.99465561
11 56 45 89260 -0.00592613 -0.00378609  0.99793434
11 56 45 92845 -0.00470924 -0.00938606  1.00451279
11 56 45 114127 -0.00527954 -0.00538635  1.00436211
11 56 45 137469 -0.00711632 -0.01011467  1.00541878
11 56 45 141198 -6.10351562e-04 -7.95745850e-03  1.00816154e+00
11 56 45 162327 -0.00516891 -0.01018143  0.99886703
11 56 45 185195 -0.00642014 -0.00922012  1.00000191
11 56 45 188766 -0.00388145 -0.00673103  0.99523163
11 56 45 210438 -0.00555801 -0.0064621   1.00884438
11 56 45 232941 -0.00242996 -0.00788498  1.00093842
11 56 45 235331 -0.00468254 -0.00871468  1.00859642
11 56 45 257535 -0.00452995 -0.01065826  0.99611282
11 56 45 281010 -0.00275803 -0.01195717  0.99821091
11 56 45 284228 -0.0048275  -0.00639915  0.99625397
11 56 45 378625 -0.00202179 -0.00773239  0.99698067
11 56 45 382410 -0.00411797 -0.00806808  1.00085258
11 56 45 385756 -0.00385094 -0.00432968  0.99786949
11 56 45 388132 -0.00491333 -0.01082802  1.00339127
11 56 45 389768 -0.00265312 -0.00662231  0.99774933
11 56 45 391423 -0.00823593 -0.01202011  1.0013485 
11 56 45 401686 -0.00524902 -0.00873184  1.0008564 
11 56 45 426062 -0.00766945 -0.00426865  1.0025177 
11 56 45 429654 -0.00382423 -0.00597954  0.99793243
11 56 45 450729 -0.00196075 -0.01235008  1.00059128
11 56 45 473786 -0.00362968 -0.00643349  1.00218582
11 56 45 476636 -0.00625801 -0.0050869   1.00300407
11 56 45 497584 -0.00566864 -0.00953484  1.00053024
11 56 45 521743 -0.00414276 -0.00556946  1.00191116
11 56 45 524790 -0.00323868 -0.00892639  1.00679207
11 56 45 546474 -0.00507355 -0.00938988  0.9973793 
11 56 45 570174 -0.00187492 -0.00778198  1.00229454
11 56 45 573692 -0.00140381 -0.01034164  1.00304222
11 56 45 594726 -0.00949287 -0.01327705  0.9952774 
11 56 45 617779 -0.00402451 -0.01125717  1.00682449
11 56 45 621070 -0.007061   -0.00787163  0.99662399
11 56 45 642634 -0.00315094 -0.00661659  1.00001907
11 56 45 665769 -0.00618362 -0.00846481  1.00119591
11 56 45 669168 -0.00482368 -0.00842667  0.99705505
11 56 45 690374 -0.00867271 -0.00627518  0.9989872 
11 56 45 713859 -0.00569916 -0.00655174  1.00055313
11 56 45 717281 -0.00529671 -0.00742149  0.99867249
11 56 45 738604 -0.00340843 -0.01096535  1.0002594 
11 56 45 761619 -0.00212669 -0.00743103  1.00060272
11 56 45 764482 -0.00291252 -0.00639153  0.99623489
11 56 45 786711 -0.00777626 -0.00959587  1.00090218
11 56 45 809260 -0.001791   -0.00688744  0.99954605
11 56 45 811763 -0.00408745 -0.00914192  0.99670601
11 56 45 833979 -0.00211525 -0.00738335  1.0046196 
11 56 45 857263 -0.00844955 -0.00247192  0.99918556
11 56 45 859997 -0.00272751 -0.00498009  1.00037766
11 56 45 882196 -0.00578117 -0.00387573  0.99868965
11 56 45 905884 -0.0036087  -0.0085659   0.99954987
11 56 45 910110 -0.00500488 -0.00486183  1.00304604
11 56 45 930871 -0.0031929  -0.01027107  0.99983025
11 56 45 953872 -0.0037384  -0.00998116  0.99868965
11 56 45 956973 -0.00327492 -0.00974655  0.99882698
11 56 45 979022 -0.00265694 -0.00932312  0.9979763 
11 56 46 1940 -0.00597    -0.00683403  0.99733353
11 56 46 5641 -0.0027504  -0.00846481  0.99931145
11 56 46 27000 -0.00580406 -0.01021957  1.00211716
11 56 46 49809 -0.00500679 -0.00818062  0.99496078
11 56 46 53714 -9.89913940e-04 -5.02967834e-03  1.00002098e+00
11 56 46 74658 -0.00690842 -0.01005363  0.99944115
11 56 46 97398 -0.00230789 -0.00787163  1.0046463 
11 56 46 100706 -0.00634956 -0.00886345  1.00266838
11 56 46 122458 -0.00299454 -0.0091095   1.00133705
11 56 46 145813 -0.00788498 -0.00858307  0.99967766
11 56 46 149543 -0.00458145 -0.00917816  0.99768257
11 56 46 170591 -0.00871277 -0.00768852  0.99729919
11 56 46 193729 -0.00352859 -0.00793457  0.99614334
11 56 46 196987 -0.00636292 -0.00836754  1.00437546
11 56 46 218032 -0.00414276 -0.01082993  1.00185585
11 56 46 241231 -0.00888634 -0.00539017  1.00072861
11 56 46 244729 -0.00950241 -0.00612068  0.99625015
11 56 46 266487 -0.00139046 -0.00928497  0.99458313
11 56 46 289652 -0.00533867 -0.00660133  1.00359154
11 56 46 293609 -0.00220299 -0.0079937   1.00255775
11 56 46 314599 -0.00264931 -0.01112747  1.00047493
11 56 46 337596 -0.00248146 -0.00674057  0.99913025
11 56 46 341210 -9.15527344e-04 -9.26399231e-03  9.98289108e-01
11 56 46 362345 -0.00515556 -0.01211166  0.99985504
11 56 46 385265 -0.00190353 -0.00634384  1.00002289
11 56 46 388602 -0.00203896 -0.00851631  0.99775314
11 56 46 409955 -0.00172806 -0.00839996  0.99954033
11 56 46 433196 -0.00628281 -0.00787544  1.00631523
11 56 46 436343 -0.00497055 -0.00954437  0.9989357 
11 56 46 458371 -0.0045929  -0.01198387  1.00021172
11 56 46 481418 -2.17437744e-04 -8.74710083e-03  1.00435829e+00
11 56 46 484903 -0.0058136  -0.00805283  1.00012398
11 56 46 506314 -0.00292587 -0.00825119  1.00029373
11 56 46 529435 -0.00292015 -0.00996017  1.00154114
11 56 46 532769 -0.00190544 -0.00683594  0.99968719
11 56 46 627563 -0.00135803 -0.00777054  0.99884605
11 56 46 631164 -0.0031147  -0.01080322  1.00021362
11 56 46 635205 -0.00163078 -0.0071125   0.99910736
11 56 46 639288 -0.00576591 -0.00858307  1.00329781
11 56 46 640834  5.53131104e-05 -8.65364075e-03  1.00189781e+00
11 56 46 642369 -0.00702286 -0.00873756  0.99856758
11 56 46 649741 -0.00350571 -0.01304436  1.00282288
11 56 46 673561 -0.00218773 -0.00755882  1.00223351
11 56 46 676128 -0.00848007 -0.00821114  1.0001545 
11 56 46 698428 -0.00448418 -0.00813675  1.0003624 
11 56 46 721969 -0.00349808 -0.00787926  0.99668503
11 56 46 725402 -0.00526047 -0.0098877   0.99957848
11 56 46 746676 -0.00547791 -0.01016426  1.00354767
11 56 46 769954 -4.55856323e-04 -8.61930847e-03  1.00231934e+00
11 56 46 773712 -0.00361061 -0.00722885  0.99981499
11 56 46 794186 -0.00649452 -0.00405502  0.99973488
11 56 46 817961 -0.00602913 -0.00677872  1.00038338
11 56 46 821191 -0.00405693 -0.01125336  0.99806976
11 56 46 842789 -0.00469589 -0.00919533  0.99891853
11 56 46 865929 -0.00231934 -0.01251984  1.00019836
11 56 46 869322 -0.00135994 -0.00940704  1.00452042
11 56 46 890472 -0.00173378 -0.01347542  0.99762154
11 56 46 893044 -0.00284195 -0.00945282  1.00091934
11 56 46 913821 -0.00184441 -0.0087471   0.99907875
11 56 46 937862 -2.65121460e-04 -7.01332092e-03  1.00027275e+00
11 56 46 943496 -0.00577164 -0.00742912  0.99917221
11 56 46 962876 -0.00759506 -0.00954247  0.99935913
11 56 46 985334 -0.00267601 -0.00965881  1.00003052
11 56 46 987593 -0.00831223 -0.00631523  1.00325394
11 56 47 10498 -0.00402069 -0.01013184  1.00036621
11 56 47 33784 -0.00461578 -0.00824356  1.00024986
11 56 47 37429 -0.00190544 -0.0078907   0.99824333
11 56 47 58732 -0.00445557 -0.0098381   1.00172424
11 56 47 81590 -0.00563812 -0.00755119  0.99859619
11 56 47 84984 -0.00100136 -0.00555229  0.99844742
11 56 47 105591 -0.00306511 -0.00629234  1.00160789
11 56 47 129049 -0.00530243 -0.01063156  1.0031395 
11 56 47 131137 -0.00396919 -0.01251793  1.00015259
11 56 47 154766 -0.00243568 -0.00941277  0.99792099
11 56 47 177726 -0.00385666 -0.00743675  0.99747276
11 56 47 181397 -0.00557137 -0.01124382  0.9999218 
11 56 47 201606 -0.00164986 -0.00652313  1.00041008
11 56 47 225104 -0.00193024 -0.00788116  0.99966431
11 56 47 227958 -0.00737953 -0.00719833  1.00216866
11 56 47 250611 -0.00538254 -0.00741196  1.00028038
11 56 47 273752 -0.00521088 -0.008255    0.99785233
11 56 47 277454 -0.00471115 -0.00984001  0.99850464
11 56 47 298111 -0.00185204 -0.00431824  1.00251007
11 56 47 321648 -0.00444221 -0.00665855  1.00167465
11 56 47 325566 -0.0048008  -0.00298309  0.99710655
11 56 47 346518 -0.00202179 -0.00976753  1.0014019 
11 56 47 369447 -0.00528145 -0.00527191  0.99668694
11 56 47 373197 -0.0015049  -0.00913048  1.00001717
11 56 47 394129 -0.00123787 -0.00457573  1.00399971
11 56 47 417256 -0.00229073 -0.01053047  0.99715042
11 56 47 420436 -0.0027504  -0.00805473  0.99698257
11 56 47 442398 -0.00622559 -0.00249672  1.00071907
11 56 47 465434 -0.00276947 -0.00456619  1.00226974
11 56 47 468894 -0.00228691 -0.01014137  1.00396156
11 56 47 490555 -0.00731277 -0.00714111  1.00144005
11 56 47 513926 -0.00684166 -0.0103302   1.00508499
11 56 47 517762 -0.00428581 -0.01428604  0.99668503
11 56 47 538522 -0.00406456 -0.0083065   0.99875832
11 56 47 561162 -0.00486374 -0.00824356  0.9995079 
11 56 47 564645 -0.00346947 -0.01148415  1.00314713
11 56 47 586919 -0.0021286  -0.00711441  1.0023613 
11 56 47 609398 -0.00481415 -0.01070976  1.00709534
11 56 47 613635 -0.00780678 -0.00766563  0.99750328
11 56 47 633217 -0.00255394 -0.0089016   1.00702858
11 56 47 636872 -0.00762367 -0.00767708  1.00024033
11 56 47 658447 -0.00358582 -0.01180267  0.99757385
11 56 47 681444 -0.00328636 -0.00724792  0.99912071
11 56 47 685041 -0.00351334 -0.00520134  0.99580574
11 56 47 706079 -0.00835037 -0.00839233  0.99741936
11 56 47 801973 -0.00568581 -0.00839615  1.00049591
11 56 47 805310 -0.00297546 -0.01083755  1.00400352
11 56 47 807534 -0.00860977 -0.00525093  0.99640846
11 56 47 809384 -0.00712013 -0.00653076  0.99908829
11 56 47 811245 -0.00480652 -0.00876427  1.00183105
11 56 47 813196 -0.00456047 -0.00789833  1.00251389
11 56 47 825283  2.34603882e-04 -5.23376465e-03  1.00099182e+00
11 56 47 827160 -0.00368118 -0.00750542  1.0018425 
11 56 47 850765 -0.00341415 -0.00329971  1.00124741
11 56 47 873781 -0.00247765 -0.00907707  1.00094223
11 56 47 876805 -0.0068512  -0.00920296  1.00043678
11 56 47 898500 -0.00355148 -0.00589752  0.995121  
11 56 47 921763 -0.00414276 -0.00674629  1.00089073
11 56 47 925096 -0.00226212 -0.00646782  1.00231361
11 56 47 947026 -1.86920166e-04 -6.66427612e-03  1.00121117e+00
11 56 47 969783 -0.00249481 -0.0091362   1.00004959
11 56 47 972270 -0.00380707 -0.00819206  1.0039978 
11 56 47 994162 -0.00369072 -0.00882339  1.00025368
11 56 48 18148 -0.00397682 -0.00683975  0.99944878
11 56 48 21936 -0.00456047 -0.00359726  1.00139618
11 56 48 43293 -0.00457573 -0.01125336  1.00050926
11 56 48 66025 -0.0024395  -0.00930595  1.00395393
11 56 48 70291 -0.00908279 -0.01217842  1.00066566
11 56 48 91186  3.14712524e-04 -1.16291046e-02  9.99061584e-01
11 56 48 113953 -0.00407219 -0.0095768   0.99906921
11 56 48 118419 -0.00394058 -0.00520706  1.00254059
11 56 48 138890 -0.00657463 -0.00433922  0.99783516
11 56 48 161828 -5.39779663e-04 -6.42013550e-03  9.97930527e-01
11 56 48 165486  9.04083252e-04 -8.74710083e-03  1.00212288e+00
11 56 48 186656 -0.00313187 -0.00556755  0.99895859
11 56 48 209668 -0.00620651 -0.01250839  0.99920654
11 56 48 212923 -0.00222015 -0.00622177  1.00237656
11 56 48 234229 -0.00304604 -0.00900841  0.99857521
11 56 48 257576 -0.00445366 -0.00816536  1.00273514
11 56 48 261290 -0.00486946 -0.00642776  1.00042152
11 56 48 282700 -0.00516891 -0.00740814  1.00169754
11 56 48 305569 -0.0052433  -0.01042938  1.00192451
11 56 48 308720 -0.00157166 -0.00981712  1.00425911
11 56 48 330324 -0.00571442 -0.01211548  1.00327492
11 56 48 353495 -0.00201797 -0.00823021  1.00068092
11 56 48 356781 -0.00941277 -0.008564    0.9988575 
11 56 48 378473 -0.005867   -0.01015282  0.99485588
11 56 48 401642 -0.00374222 -0.00788689  0.99886322
11 56 48 405296 -0.00213814 -0.00912666  1.00333595
11 56 48 426535 -0.00393295 -0.01140976  1.01059151
11 56 48 449173 -0.00579071 -0.00809097  0.99880409
11 56 48 451694 -0.00738335 -0.00553513  1.00422287
11 56 48 473717 -0.00267601 -0.00626755  0.9992218 
11 56 48 497514 -0.00562859 -0.00884056  0.99544144
11 56 48 501147 -0.00745964 -0.00959778  1.00046349
11 56 48 522639 -0.00667    -0.014925    1.00730324
11 56 48 545364 -0.00554276 -0.01166534  1.00436211
11 56 48 548759 -0.00486946 -0.01163483  1.00763321
11 56 48 569990 -0.00481796 -0.00995445  1.00164223
11 56 48 593542 -0.00616837 -0.00439644  0.99915123
11 56 48 597243 -0.00294304 -0.00555038  0.99955368
11 56 48 618292 -0.00423622 -0.00429344  0.98919678
11 56 48 641142 -0.00927544 -0.0100441   1.00998497
11 56 48 644412 -0.00556755 -0.00995827  0.98904037
11 56 48 666204 -0.00481606 -0.00971603  0.99350548
11 56 48 689473 -0.00382233 -0.00777435  0.99637794
11 56 48 693161 -0.00489616 -0.01021194  1.0039444 
11 56 48 714181 -0.00317764 -0.00690079  1.00290108
11 56 48 737200 -0.00145531 -0.00541115  0.9968853 
11 56 48 740332 -0.00769043 -0.00634766  0.99598694
11 56 48 762081 -0.00564384 -0.00859642  1.00232887
11 56 48 785169 -8.48770142e-04 -9.25254822e-03  1.00179100e+00
11 56 48 788657 -8.18252563e-04 -5.44548035e-03  9.97257233e-01
11 56 48 809962 -0.00298119 -0.00953293  1.00037003
11 56 48 833191 -0.00281143 -0.00924683  0.99986076
11 56 48 836265 -0.00545311 -0.00913811  0.99899101
11 56 48 931360 -0.00454521 -0.01161957  0.99841309
11 56 48 933947 -0.00184822 -0.00597382  0.99854851
11 56 48 937757 -0.00789642 -0.00784302  1.00128937
11 56 48 942407 -0.00236702 -0.00963974  1.00809479
11 56 48 944517 -0.00584221 -0.00974274  1.00082779
11 56 48 946054 -0.00276947 -0.00436401  1.0022068 
11 56 48 953701 -0.00237846 -0.00832176  0.99012184
11 56 48 956200  0.01817513 -0.00294685  1.13428116
11 56 48 978351  0.00460434 -0.00125504  0.94861794
11 56 49 1927 -0.00467873 -0.02355576  0.99355888
11 56 49 7426 -0.00533485 -0.0132618   1.04661942
11 56 49 26683 -0.00427437 -0.01075935  0.97960854
11 56 49 49911 0.00642586 0.00133896 0.99344254
11 56 49 53461 0.01008415 0.00443077 1.02622986
11 56 49 73666 0.00162125 0.00540733 0.97380638
11 56 49 97916 -0.00403023 -0.0063839   1.00866318
11 56 49 101568 -0.00327492 -0.00814629  1.00505829
11 56 49 123009 -0.00920486 -0.01206017  1.01159477
11 56 49 145961 -0.00137138 -0.0066967   1.00203514
11 56 49 149643 -0.00868034 -0.0031929   0.99033737
11 56 49 170055  0.00187111 -0.0062542   1.00347328
11 56 49 193916 -0.00823021 -0.00621033  0.99998093
11 56 49 197596 -0.00942039 -0.01015854  0.99092102
11 56 49 218442 -0.00152588 -0.00920486  1.00162125
11 56 49 241229 -0.00286102 -0.00987053  0.99702644
11 56 49 243364 -0.00670815 -0.016325    0.9901886 
11 56 49 266702 -9.04083252e-04 -1.78966522e-02  1.00022888e+00
11 56 49 290021 -2.38418579e-04 -1.51576996e-02  1.00446320e+00
11 56 49 293350 -0.00348091 -0.00496101  1.00502968
11 56 49 315990 -8.11767578e-03 -4.82559204e-04  1.00703430e+00
11 56 49 337857 -6.92367554e-04 -5.28335571e-04  1.00009537e+00
11 56 49 341199 -0.00765038 -0.00442886  0.99573135
11 56 49 362807 -0.00917816 -0.0058651   0.9991436 
11 56 49 385618 -0.0044651  -0.01010704  1.00449753
11 56 49 388783 -0.00485802 -0.00850677  1.00048065
11 56 49 410571 -0.00751686 -0.01382446  0.99852562
11 56 49 433225 -0.00774956 -0.00688934  0.996912  
11 56 49 435545 -0.00894928 -0.00800514  0.9591198 
11 56 49 458676  0.0092144  -0.00969505  0.99123001
11 56 49 481681  0.00306129 -0.02181435  0.98303413
11 56 49 485378  0.00133705 -0.02050591  1.0133152 
11 56 49 506666 -0.0018177  -0.01921463  1.02890778
11 56 49 529536 -0.00206757 -0.01021004  1.00063324
11 56 49 532814 -2.34222412e-03 -4.73022461e-04  1.00026512e+00
11 56 49 554288 -0.00837135  0.01093292  0.99939728
11 56 49 577547 -0.00583458  0.0138588   0.99315071
11 56 49 581182 -0.00677109  0.01439476  0.99930763
11 56 49 602330 -0.00605965  0.0049572   1.00136185
11 56 49 625751 -0.0055275  -0.01027489  1.00540733
11 56 49 629565 -0.00227547 -0.0233326   0.99976921
11 56 49 650205 -0.03299332 -0.01301765  1.02810669
11 56 49 673372 -0.00147438 -0.01291275  1.0092144 
11 56 49 677019  0.00400734 -0.0148983   0.99583626
11 56 49 698557 -7.38143921e-04 -8.25881958e-04  1.01369667e+00
11 56 49 721443 -0.00362587 -0.00124359  1.00004387
11 56 49 724979 -0.00516129 -0.00258827  1.00704384
11 56 49 746401 -0.00440216 -0.00318909  1.00213242
11 56 49 769519 -0.01025009  0.00387573  0.99629974
11 56 49 773088 -0.0053463  -0.00152779  1.00200081
11 56 49 794428 -8.90350342e-03  8.77380371e-05  9.99347687e-01
11 56 49 817361 -0.00320625  0.00403976  1.01416588
11 56 49 820686  0.00196838 -0.00877571  1.02924728
11 56 49 842032  5.53131104e-05 -1.38626099e-02  9.99631882e-01
11 56 49 865484  0.00361824 -0.02013397  0.9953537 
11 56 49 869110  0.00325203 -0.02158356  1.00155258
11 56 49 890479  5.03540039e-04 -2.05936432e-02  9.99765396e-01
11 56 49 913331 -0.00513458 -0.01014519  1.00283813
11 56 49 916849 -0.00590134 -0.01285934  1.00284767
11 56 49 937046 -0.01398087 -0.00720787  0.99578285
11 56 49 961496 -0.00878143 -0.0031662   0.99703979
11 56 49 964685 -0.00568581  0.01072693  1.01165009
11 56 49 985462 -0.00571632  0.01023674  0.99914742
11 56 50 82143 0.00348854 0.00157356 1.00129509
11 56 50 85738 -6.10351562e-04 -6.84928894e-03  1.00094414e+00
11 56 50 89987 -0.0054245  -0.01768303  0.99610138
11 56 50 92365 -0.00138283 -0.01826286  1.00668716
11 56 50 93923 -0.00592804 -0.03075981  1.00516129
11 56 50 95570 -0.00871086 -0.01851273  0.99651527
11 56 50 96763 -0.00712967 -0.01754189  1.00476837
11 56 50 105731 -2.46429443e-03 -2.40325928e-04  9.98548508e-01
11 56 50 129680 -6.33239746e-03 -2.19345093e-04  9.94258881e-01
11 56 50 132347 -0.00305176  0.00331497  0.99196815
11 56 50 154122 -0.00802612 -0.00380325  0.99208832
11 56 50 178010 -0.00259972 -0.01262856  1.00468063
11 56 50 181749 -0.00391006 -0.00294495  0.99580193
11 56 50 203008 -7.62939453e-04  5.73539734e-03  9.94195938e-01
11 56 50 226112 -0.00105476 -0.00130653  1.00014496
11 56 50 229996 -0.02400208  0.01340294  1.02391815
11 56 50 250799  5.55038452e-04 -1.22623444e-02  1.03970337e+00
11 56 50 273682 -0.00976562 -0.02831268  0.98238564
11 56 50 276589 -0.00798798 -0.03194809  0.99908447
11 56 50 298423 -0.00713348 -0.00450897  0.98809624
11 56 50 321965 -0.00829697  0.00619698  0.99390793
11 56 50 325446 -0.00261497  0.00808144  0.98962975
11 56 50 345850 -0.0022316  -0.00331497  0.99427223
11 56 50 369934 -0.00325203 -0.00524521  0.99372673
11 56 50 373563 -0.0010128  -0.01404381  1.00515938
11 56 50 394035 -0.00164223 -0.01067543  0.99688911
11 56 50 417818 -5.60760498e-04 -9.70458984e-03  9.97774124e-01
11 56 50 421500 -0.00571823 -0.00662231  0.9948082 
11 56 50 441944 -0.00784683 -0.00509834  0.9987011 
11 56 50 444095 -0.00932503 -0.00871277  0.99538994
11 56 50 466654 -0.0085659  -0.01247787  1.00271416
11 56 50 489572 -0.01049423 -0.00961494  1.0061245 
11 56 50 493056 -0.00409126 -0.00914001  1.00070572
11 56 50 514661 -0.00248337 -0.00592613  0.99872971
11 56 50 537072 -8.88824463e-04 -6.30378723e-03  9.94092941e-01
11 56 50 539176 -7.26699829e-04 -1.11846924e-02  1.00283813e+00
11 56 50 561405 -0.00112915 -0.01210213  0.99768639
11 56 50 584960 -0.00284195 -0.00541115  1.00739098
11 56 50 587258 -9.67025757e-04 -1.23977661e-03  1.00102234e+00
11 56 50 609253 -0.00185776 -0.00243378  1.00083351
11 56 50 632999 -0.00116539 -0.00625229  0.99405479
11 56 50 635703 -0.00406837 -0.00879288  0.99684906
11 56 50 657426 -0.00516701 -0.01527786  1.00564003
11 56 50 680945 -0.00653267 -0.02028084  1.00510216
11 56 50 683529 -0.01371384 -0.01696968  1.00135994
11 56 50 706219 -0.00933266 -0.00595665  0.99498749
11 56 50 728871 -0.00609398 -0.00170135  0.99422646
11 56 50 731214 2.02178955e-04 3.00025940e-03 9.97175217e-01
11 56 50 753543 -0.00238228 -0.01033401  0.99797058
11 56 50 777073 -0.00469971 -0.01400757  1.00309181
11 56 50 779727  0.00405693 -0.01134491  0.99658012
11 56 50 801300 -0.00138092 -0.00550461  1.00088501
11 56 50 824813 -0.00324821 -0.00407219  0.99797821
11 56 50 826987 -0.0045929  -0.01271057  0.99608994
11 56 50 849294 -0.00849152 -0.00922775  1.00230026
11 56 50 873097 -0.00606537 -0.01159668  0.99473953
11 56 50 875671 -0.01182365 -0.0108242   0.99748611
11 56 50 897519 -0.00680351 -0.01080132  1.00119019
11 56 50 920774 -0.00421906 -0.00753212  0.997118  
11 56 50 923400 -0.0027256  -0.00323677  1.0001812 
11 56 50 945191 -7.22885132e-04 -3.95584106e-03  1.00204849e+00
11 56 50 968824 -0.00240898 -0.00475311  1.00447655
11 56 50 971722 -0.00216484 -0.00306511  0.99695015
11 56 50 993746 -0.00353813 -0.00768471  1.00051117
11 56 51 16886 -0.0102787  -0.01115036  0.99327087
11 56 51 18795 -0.00376129 -0.0026989   1.00088501
11 56 51 40849  2.25067139e-04 -7.80296326e-03  1.00154305e+00
11 56 51 64357 -0.00366783 -0.01306725  1.00224495
11 56 51 65971 -0.0044899  -0.01137733  0.99512291
11 56 51 162417 -0.00226402 -0.00688362  1.00154495
11 56 51 165037 -0.00419998 -0.00787544  0.99694633
11 56 51 167213  0.00155067 -0.00799179  1.00163651
11 56 51 169415 -0.00415421 -0.00541115  0.9989624 
11 56 51 171732 -0.00222778 -0.00745773  0.99312782
11 56 51 174933 -0.00402451 -0.00682259  0.99643517
11 56 51 185819 -0.00242996 -0.00430298  0.99588585
11 56 51 209602 -0.00607109 -0.00637245  1.0001564 
11 56 51 211545 -0.01004028 -0.00739861  1.00163269
11 56 51 233846 -0.00359344 -0.01285553  0.99742699
11 56 51 257846 -0.0070343  -0.01091385  1.01011276
11 56 51 260706 -0.00763702 -0.00826263  1.01346397
11 56 51 281761 -0.00424004 -0.01052284  1.00100708
11 56 51 305457 -0.00481415 -0.00965881  0.99042892
11 56 51 307974  0.00111008 -0.01098442  0.99952507
11 56 51 329496 -0.00436974 -0.01279259  1.00152969
11 56 51 353492  7.30514526e-04 -1.05934143e-02  9.98138428e-01
11 56 51 355171 -0.00138855 -0.00575829  1.00835991
11 56 51 379857 -0.00409508 -0.01011658  1.00089645
11 56 51 401690 -0.00130272 -0.00523758  1.00152206
11 56 51 405563 -0.00300598 -0.00702286  0.99891281
11 56 51 425508 -0.00640106 -0.00618553  0.99979973
11 56 51 449381 -0.00626564 -0.01158524  0.99868584
11 56 51 451180 -0.00299644 -0.00947952  0.9934864 
11 56 51 473938 -0.00714302 -0.0078373   1.00415802
11 56 51 497816 -0.00244904 -0.00813866  0.99580765
11 56 51 501618 -0.00518036 -0.01259613  1.00057411
11 56 51 522685 -0.00555229 -0.00489998  1.00510216
11 56 51 545750  0.00204468 -0.01334     0.99705124
11 56 51 548963 -0.00699806 -0.00880432  0.99927902
11 56 51 570406 -0.00401688 -0.00780296  1.000103  
11 56 51 593691 -0.00342941 -0.00363922  0.99577141
11 56 51 596955 -0.01051331 -0.00349617  0.99453354
11 56 51 618672 -0.00453568 -0.00552368  1.0016098 
11 56 51 641841 -0.00420761 -0.01070595  0.9977169 
11 56 51 644980 -0.00251389 -0.00516319  0.99940681
11 56 51 667065 -0.00436592 -0.01062202  0.99547958
11 56 51 689716 -2.38418579e-04 -9.56726074e-03  9.96955872e-01
11 56 51 693330 -0.00410271 -0.01069641  0.99812508
11 56 51 714489 -0.00556946 -0.00832176  0.99806595
11 56 51 738018 -0.00109673 -0.00724411  1.00272751
11 56 51 741335 -0.00422478 -0.01280403  1.00201607
11 56 51 762112 -0.00172043 -0.00774765  1.00232887
11 56 51 785685 -0.00685692 -0.00841141  0.99173164
11 56 51 789276 -0.00742149 -0.00986099  1.00716972
11 56 51 810758 0.00138664 0.00141907 0.99079132
11 56 51 833649 -0.00903893 -0.00813675  1.00586128
11 56 51 837934  0.00303268 -0.00406647  1.00250816
11 56 51 858312 -0.00312805 -0.00760841  0.99336243
11 56 51 881334 -0.00538826 -0.00750732  0.99164391
11 56 51 884278 -2.47955322e-05 -1.03912354e-02  9.89744186e-01
11 56 51 906023  0.00207138 -0.01701546  1.00494385
11 56 51 929252  5.03540039e-04 -6.25228882e-03  1.00821686e+00
11 56 51 932668 -0.00628662 -0.01114082  1.00365639
11 56 51 954716 -0.0025444  -0.00471687  0.99531555
11 56 51 977177 -0.00396156 -0.01292038  1.00124741
11 56 51 979976 -0.00614738 -0.00984764  1.00435066
11 56 52 1711 -0.00566483 -0.01070213  1.00137329
11 56 52 25234 -0.0069809  -0.00504684  1.00858498
11 56 52 27874  0.00188065 -0.00609016  1.00187874
11 56 52 50160 -0.00666237 -0.00490379  1.0051651 
11 56 52 73078  0.00276375 -0.00416565  0.9979744 
11 56 52 76321 -0.00128365 -0.00899315  0.9944706 
11 56 52 97615 -0.00728798 -0.00756645  0.99539375
11 56 52 121346 -0.00408554 -0.00893402  0.99904251
11 56 52 125571 -0.00408173 -0.00650597  1.00058937
11 56 52 146374 -0.00840569 -0.00884247  1.00293159
11 56 52 169594 -0.00634766 -0.00627518  0.99969673
11 56 52 173763 -0.00413513 -0.01077843  1.00187492
11 56 52 193702 -0.00422668 -0.00704384  1.00097466
11 56 52 217182 -0.00376892 -0.00556183  1.00001717
11 56 52 220414 -0.00660133 -0.00699043  1.00297165
11 56 52 241974 -0.00612068 -0.0111351   0.99898911
11 56 52 265247 -0.00309372 -0.00946236  0.99996948
11 56 52 268626 -0.00343132 -0.00666046  0.99809837
11 56 52 361754 -0.00157928 -0.0073185   1.00191879
11 56 52 363918 -0.00547218 -0.0092392   0.99936104
11 56 52 366258 -0.00452232 -0.01088142  0.99970627
11 56 52 368090 -0.00432968 -0.00347328  0.99970436
11 56 52 369681 -0.0059433  -0.00947571  0.9979744 
11 56 52 371329 -0.00398254 -0.00828934  1.00392151
11 56 52 385573 -0.00272751 -0.00726318  1.00614738
11 56 52 409463 -0.00428581 -0.00445366  1.00201416
11 56 52 413740 -0.00511169 -0.00968742  0.99513435
11 56 52 433750 -6.00814819e-04 -5.25665283e-03  1.00054169e+00
11 56 52 457689 -6.17980957e-04 -1.10664368e-02  1.00014687e+00
11 56 52 461068 -0.00310707 -0.00997734  1.00587082
11 56 52 481279 -0.00378036 -0.00798607  0.99999428
11 56 52 483956  0.00214195 -0.01033401  0.99768257
11 56 52 506093  6.77108765e-04 -6.04057312e-03  9.98235703e-01
11 56 52 529245 -0.00289536 -0.01032448  0.99290657
11 56 52 531091 -0.00577736 -0.00813675  1.00706291
11 56 52 553876 -0.00180244 -0.00749588  0.9973526 
11 56 52 577250 -0.00703239 -0.00522995  0.99185562
11 56 52 579909 -0.00585747 -0.00588608  1.00751686
11 56 52 601623 -0.00557518 -0.00935555  0.99736786
11 56 52 625321 -7.49588013e-04 -7.88688660e-03  1.00502968e+00
11 56 52 627580 -0.00622559 -0.00786209  0.99632645
11 56 52 649811 -0.00347519 -0.01095009  1.00174141
11 56 52 673155 -0.0018177  -0.0089817   1.00512123
11 56 52 675762 -0.00307465 -0.00696564  1.00100899
11 56 52 697582 -0.00701714 -0.00920677  0.99902916
11 56 52 720988 -0.00929451 -0.01008034  0.99915314
11 56 52 723075 -0.00883675 -0.00956917  1.00009346
11 56 52 745439 -7.15255737e-04 -9.04273987e-03  1.00137329e+00
11 56 52 769362 -0.00320435 -0.0097599   1.00384521
11 56 52 772048 -0.00403023 -0.00908852  1.00025177
11 56 52 794227 -0.00278091 -0.0057888   0.99797249
11 56 52 817081 -0.00227356 -0.01006699  0.99581718
11 56 52 819143 -0.00707436 -0.01091766  0.99852371
11 56 52 842472 -0.00494766 -0.00933647  1.00049591
11 56 52 865735 -0.00120544 -0.00466728  1.00562286
11 56 52 868838 -0.00222778 -0.00679016  0.99858093
11 56 52 890259 -0.00478363 -0.00776482  0.99854851
11 56 52 913752 -0.00528145 -0.00752068  0.99936867
11 56 52 917668 -0.00393486 -0.01212311  1.00374985
11 56 52 938380 -0.00174141 -0.001688    1.00102043
11 56 52 961724 -0.0024147  -0.00675011  1.00083923
11 56 52 964886 -0.00456238 -0.00438881  0.99822998
11 56 52 986582  4.27246094e-04 -5.21850586e-03  1.00089073e+00
11 56 53 9515 -0.00555992 -0.00726509  1.00203705
11 56 53 12605 -0.00192261 -0.0113678   1.00014305
11 56 53 34272 -0.00240517 -0.01274681  1.00522614
11 56 53 57491 -0.0032711  -0.01081848  1.00332642
11 56 53 61059 -0.00618172 -0.00833893  0.99880409
11 56 53 81696 -0.0053215  -0.0043869   0.99571228
11 56 53 105163 -0.00416756 -0.0089283   0.99962425
11 56 53 107949 -0.00466156 -0.00979424  0.99884605
11 56 53 130456 -0.00576591 -0.00713539  1.0007    
11 56 53 153438  0.00195122 -0.0037117   0.99818802
11 56 53 156650 -0.00325584 -0.00670815  0.99635506
11 56 53 178210  0.00162888 -0.00671768  0.9989109 
11 56 53 201271 -5.47409058e-04 -9.63592529e-03  9.93326187e-01
11 56 53 204741 -0.00771141 -0.01629257  0.99769783
11 56 53 225916 -0.01290321 -0.01303673  1.0062027 
11 56 53 227836 -0.00186348 -0.01016808  1.00782013
11 56 53 249448 -0.00597572 -0.00309753  1.00445938
11 56 53 273346 -0.00289345 -0.00676727  1.00426102
11 56 53 276707  0.00221062 -0.00766945  0.99866104
11 56 53 297702 -0.00403214 -0.00451088  1.0032444 
11 56 53 321351 -0.001791   -0.00774956  0.99921799
11 56 53 325139 -0.00099945 -0.01364326  0.99904633
11 56 53 346139 -0.00682259 -0.00931168  0.99751663
11 56 53 368637 -6.12258911e-04 -6.69288635e-03  1.00006676e+00
11 56 53 370591 -0.00815773 -0.00419044  1.0003109 
11 56 53 392965 -0.0029068  -0.00672531  0.99925804
11 56 53 416560 -0.00427437 -0.00960541  0.99897385
11 56 53 418148  1.60217285e-04 -1.05590820e-02  1.00005150e+00
11 56 53 441050 -0.00402832 -0.011343    1.00087929
11 56 53 464397 -0.00487518 -0.00378418  0.99631691
11 56 53 466084 -0.00388336 -0.00367355  1.00058937
11 56 53 561886 -0.00444221 -0.00560188  0.99809647
11 56 53 563697 -0.00868988 -0.00845146  1.00075912
11 56 53 565322 -0.00367737 -0.00881577  1.00046349
11 56 53 567016 -4.48226929e-04 -1.25617981e-02  9.97509003e-01
11 56 53 568686 -0.0050354  -0.0096035   0.99789429
11 56 53 570325 -0.00582123 -0.00809097  1.00269318
11 56 53 585562 -0.00629807 -0.00455093  1.0041008 
11 56 53 609230 -0.00489235 -0.00848198  0.99917412
11 56 53 610970 -0.00215149 -0.00871086  1.00140381
11 56 53 633775 -0.00330925 -0.00467873  0.99743652
11 56 53 658504 -0.00172424 -0.00394249  0.99975395
11 56 53 662200 -0.00198174 -0.00269508  0.9989357 
11 56 53 682254 -0.00515747 -0.00372887  1.00564766
11 56 53 705592 -0.00439453 -0.0096302   0.99840355
11 56 53 708712 -0.00352287 -0.01245308  1.00243759
11 56 53 729960 -0.00964737 -0.01278496  1.00462341
11 56 53 753164 -0.00251007 -0.0044136   0.99359512
11 56 53 754992  4.38690186e-05 -4.94956970e-03  9.95702744e-01
11 56 53 778316 -0.00497437 -0.00410652  0.99910355
11 56 53 801360  3.54766846e-04 -8.07571411e-03  1.00127983e+00
11 56 53 803494 -0.00334549 -0.00482559  1.00247955
11 56 53 825780 -0.00302887 -0.01177216  1.00428581
11 56 53 849733 -0.00198746 -0.01373482  1.00167084
11 56 53 852646 -0.00225067 -0.0109005   1.00031281
11 56 53 873760 -0.00222206 -0.01339149  0.99890137
11 56 53 877525 -0.00408173 -0.00989532  1.00013161
11 56 53 898204 -0.00101662 -0.01249123  0.9979229 
11 56 53 921810 -0.00793076 -0.01066971  1.00564003
11 56 53 925461 -0.00547981 -0.0112381   1.00247955
11 56 53 946751 -0.00929451 -0.00625229  1.00026321
11 56 53 970052 -0.00607109 -0.0034008   0.99307442
11 56 53 973796 -0.00717354 -0.0044632   1.00128365
11 56 53 995072 -0.00342941 -0.00475502  0.99598694
11 56 54 17903 -0.00237465 -0.00772095  1.00569153
11 56 54 21536  8.37326050e-04 -8.60214233e-03  9.97180939e-01
11 56 54 42738 -0.00363541 -0.01042747  1.00126266
11 56 54 65745 -0.00363922 -0.00939178  1.00125885
11 56 54 68806 -0.00638008 -0.01169395  0.99894142
11 56 54 90779 -0.00594711 -0.00819969  0.99821281
11 56 54 113783 -0.00665665 -0.01181602  1.00469398
11 56 54 117695 -0.00858688 -0.00896072  0.99623299
11 56 54 138525 -0.00848389 -0.00509834  1.00265121
11 56 54 161402 -0.00654221 -0.00251007  1.00452042
11 56 54 164391 -0.00555801 -0.00255585  0.99661255
11 56 54 186658 -0.0012207  -0.01033974  1.01401711
11 56 54 209431 -0.00580978 -0.00626183  0.99379349
11 56 54 212562 -0.00206947 -0.00883293  0.9951458 
11 56 54 234787 -0.00562286 -0.00764084  0.99974251
11 56 54 257595 -0.00477409 -0.00865936  1.00322533
11 56 54 260522 -0.0080204  -0.01073647  0.99767876
11 56 54 282741 -0.00435638 -0.01084137  0.99915314
11 56 54 305457 -0.0026226  -0.00524521  0.98590279
11 56 54 308881 -0.00667    -0.00744247  0.99995041
11 56 54 330307 -0.00655937 -0.00761795  1.00546074
11 56 54 353121 -0.00965309 -0.01065254  0.99757004
11 56 54 356099 -0.00712395 -0.01141548  1.00160599
