9 48 48 340118 -0.01631045 -0.00529933  1.00321889
9 48 51 348768 -0.0076859  -0.00336218  1.00354981
9 48 54 355669 -8.31604004e-04 -7.83443451e-04  1.00389385e+00
9 48 56 682432 0.0022378  0.00165939 1.00314665
9 48 56 688278 -3.62038612e-03 -5.56468964e-04  1.00289249e+00
9 48 56 692041 -9.60564613e-03 -1.64508820e-05  1.00341225e+00
9 48 56 694663 -0.01250911  0.00265551  1.00208998
9 48 56 729551 -0.0127182  0.0015738  1.0019722
9 48 56 733476 -0.01050615 -0.00430226  1.00036693
9 48 56 777697 -0.0092833  -0.00680494  1.00434279
9 48 56 783430 -0.0084374  -0.01011133  0.99866247
9 48 56 825294 -0.00477195 -0.01055837  1.0019908 
9 48 56 830214 -0.00634575 -0.00552392  1.00434852
9 48 56 873260 -0.00506854 -0.00344801  1.00349879
9 48 56 878655 -5.22613525e-03  8.77380371e-04  1.00136375e+00
9 48 56 921116 -0.00956011  0.00523734  1.00700378
9 48 56 926002 -0.01061869  0.00467992  1.00095677
9 48 56 969324 -0.01541162  0.00571179  1.00399113
9 48 56 974653 -1.35378838e-02  6.55174255e-04  1.00190282e+00
9 48 57 16941 -0.00970984 -0.00314927  1.00040746
9 48 57 21918 -0.00950074 -0.00596786  0.99892783
9 48 57 80570 -0.00344706 -0.00684237  1.00139427
9 48 57 85942 -0.00798631 -0.00519633  1.00180936
9 48 57 128528 -0.00418234 -0.00380158  1.00316691
9 48 57 133451 -0.00336814 -0.00212431  1.0014143 
9 48 57 158246 -0.00373435 -0.00343871  1.00315428
9 48 57 176006 -0.00412226 -0.00129104  1.00018549
9 48 57 224930 -0.00585628  0.00206327  1.00397849
9 48 57 229352 -1.00915432e-02 -2.98500061e-04  1.00037622e+00
9 48 57 271523 -0.01234722  0.00285578  1.00027013
9 48 57 275091 -0.01239085 -0.00235295  1.00013733
9 48 57 320613 -0.01209188 -0.00110269  1.00173759
9 48 57 325099 -0.00870991 -0.0014143   1.00037694
9 48 57 367397 -0.00510788 -0.005867    1.0027554 
9 48 57 371905 -0.00570607 -0.00831747  1.00231814
9 48 57 415852 -0.00647593 -0.00622129  1.00101471
9 48 57 419823 -0.00302839 -0.00512695  1.00239635
9 48 57 462772 -0.00737548 -0.00548744  1.00281858
9 48 57 479937 -7.10630417e-03 -9.72747803e-05  1.00120616e+00
9 48 57 510497 -0.00961375  0.00264192  1.0059278 
9 48 57 526254 -0.00873971  0.00513625  1.00441408
9 48 57 576301 -1.12090111e-02  8.86440277e-04  1.00075245e+00
9 48 57 580691 -0.00970292 -0.00120187  1.00078321
9 48 57 623954 -0.00988865 -0.00651407  1.00013995
9 48 57 627650 -0.00816083 -0.00658894  0.99812889
9 48 57 671266 -0.00757527 -0.0050931   1.00342774
9 48 57 674873 -0.00711632 -0.00434804  1.00234771
9 48 57 718975 -0.00501466 -0.00314999  1.00244284
9 48 57 722763 -0.00416398 -0.00246882  1.00139356
9 48 57 766840 -0.00432968 -0.00158453  1.00167966
9 48 57 770665 -0.01137304  0.00142717  1.00220156
9 48 57 814457 -9.16028023e-03  6.75678253e-04  1.00117016e+00
9 48 57 831093 -0.00998068 -0.00124431  1.00157261
9 48 57 862964 -0.01044416  0.00147653  1.00288296
9 48 57 878722 -0.01026702 -0.00199819  0.99914575
9 48 57 927124 -4.74357605e-03 -4.13894653e-04  1.00175190e+00
9 48 57 931989 -4.86397743e-03 -2.21252441e-04  1.00250626e+00
9 48 57 975214 -0.00688171 -0.00204492  0.99982715
9 48 58 12905  0.01559663 -0.79688859  1.62891555
9 48 58 21926 -0.00656176 -0.00223303  1.00116634
9 48 58 25866 -0.006181   -0.00373483  0.00393319
9 48 58 70633  1.10937476 -0.421875    0.6406858 
9 48 58 76165 -0.00902724 -0.00326085  0.99985027
9 48 58 118426 -6.65974617e-03 -8.96453857e-04  1.00026822e+00
9 48 58 121982 -0.00641775 -0.00572538  1.00023484
9 48 58 166851 -0.00642824 -0.00157428  1.00184631
9 48 58 181242 -0.0064249  -0.00255275  1.00298977
9 48 58 228253 -8.24618340e-03 -3.12089920e-04  9.99688864e-01
9 48 58 232774 -0.00521016 -0.00166011  1.00189352
9 48 58 237149 -0.0103991  -0.00195885  1.00215077
9 48 58 276842 -1.14073753e-02 -8.82148743e-05  1.00392795e+00
9 48 58 281219 -0.00874996 -0.00164652  1.00190687
9 48 58 325198 -0.00771904 -0.00313807  1.00399303
9 48 58 330093 -0.01057029 -0.00413537  1.00142837
9 48 58 372568 -0.00853992 -0.00264096  0.99915504
9 48 58 376806 -6.62040710e-03 -9.42468643e-04  9.98291016e-01
9 48 58 421243 -0.00783634 -0.00247788  1.00150108
9 48 58 425506 -8.48269463e-03  3.80992889e-04  1.00311947e+00
9 48 58 469171 -0.00925541 -0.00458455  1.00134921
9 48 58 475405 -0.00365186 -0.00256944  1.00288701
9 48 58 516757 -0.00692534 -0.00122809  1.00348091
9 48 58 531810 -0.00815201 -0.0035007   0.99820065
9 48 58 563072 -0.00786543 -0.00439572  1.00136423
9 48 58 566076 -0.01032519 -0.00249362  1.00201583
9 48 58 626804 -0.0054996  -0.00723958  1.00059986
9 48 58 632343 -0.01176524 -0.00104547  1.00057578
9 48 58 676222 -0.0092833  -0.00411344  0.99974751
9 48 58 679946 -6.92915916e-03  5.28335571e-04  1.00394416e+00
9 48 58 724396 -0.00872159 -0.0017662   1.00120854
9 48 58 729030 -0.00779581 -0.00231171  1.00196815
9 48 58 771099 -0.00927305 -0.00319505  1.00541854
9 48 58 776290 -0.00788426 -0.00415349  1.00241685
9 48 58 820104 -0.00577784 -0.00341439  1.00205302
9 48 58 823993 -0.0093658  -0.00421548  1.0022943 
9 48 58 867921 -5.94234467e-03 -6.63042068e-04  1.00110602e+00
9 48 58 873421 -0.00483656 -0.00436068  1.00235105
9 48 58 915637 -6.70814514e-03  3.71932983e-05  1.00082850e+00
9 48 58 919683 -1.14169121e-02  4.22000885e-04  9.97269392e-01
9 48 58 962712 -0.00891352 -0.00432181  1.0024662 
9 48 58 967089 -0.00923705 -0.00333405  1.00016165
9 48 59 26618 -0.00727105 -0.00400114  1.00077391
9 48 59 30926 -9.02247429e-03 -7.79628754e-05  1.00101638e+00
9 48 59 74780 -0.00578833 -0.00209188  1.00126123
9 48 59 79390 -0.00927353 -0.00355911  1.00197053
9 48 59 122187 -0.00852609 -0.00762296  0.99983978
9 48 59 125620 -8.90254974e-03 -5.21898270e-04  1.00288415e+00
9 48 59 170585 -0.00561476  0.00124145  1.00008988
9 48 59 175313 -0.00678396 -0.00288177  1.00008988
9 48 59 219112 -0.01020455  0.00100899  1.00199914
9 48 59 222643 -1.18858814e-02 -3.54766846e-04  1.00195837e+00
9 48 59 266058 -0.01141143 -0.0027895   1.00013518
9 48 59 270229 -0.00542855 -0.00396514  0.99991345
9 48 59 313544 -0.00401473 -0.00482678  1.00315309
9 48 59 317155 -0.00846958 -0.00254488  1.00142884
9 48 59 378457 -0.00967789 -0.00265455  1.00037956
9 48 59 384046 -0.00832725 -0.00463367  1.00029325
9 48 59 426933 -0.00888014 -0.00308752  1.00596881
9 48 59 432080 -0.00680065 -0.00503087  1.00084662
9 48 59 473590 -0.00685239 -0.00352407  0.99931431
9 48 59 479485 -0.00451469 -0.00193715  0.9995029 
9 48 59 521612 -0.00885105 -0.00115108  1.00002456
9 48 59 527289 -6.88624382e-03 -7.98463821e-04  1.00242758e+00
9 48 59 570643 -0.00845098 -0.00301981  1.00441051
9 48 59 574102 -0.00772548 -0.00202656  1.00273037
9 48 59 617486 -5.90085983e-03  7.64846802e-04  1.00065494e+00
9 48 59 633280 -0.0046947  -0.00146937  0.99938035
9 48 59 666008 -0.00766778 -0.00280881  0.99995494
9 48 59 669380 -0.00416875 -0.00327015  1.00181937
9 48 59 729857 -0.01213694 -0.00503945  1.0035603 
9 48 59 735770 -0.01252866 -0.00264668  1.00274467
9 48 59 761504 -0.01004243 -0.00332713  1.001827  
9 48 59 776482 -0.00667286 -0.00268626  1.00379157
9 48 59 825537 -4.19664383e-03 -5.18083572e-04  1.00139761e+00
9 48 59 831774 -8.58640671e-03  1.10387802e-04  9.99832869e-01
9 48 59 873885 -9.85622406e-03 -5.00917435e-04  1.00262189e+00
9 48 59 879580 -0.01349115 -0.00394726  0.99985242
9 48 59 921700 -0.00919247 -0.0031693   1.00263739
9 48 59 926243 -5.77306747e-03 -2.32934952e-04  1.00174260e+00
9 48 59 969371 -0.00598073 -0.00231075  0.99944305
9 48 59 972905 -0.00606275 -0.00415015  1.00201988
9 49 0 16071 -0.00650525 -0.00484443  1.0010047 
9 49 0 21044 -0.01243854 -0.00344443  1.0020082 
9 49 0 63826 -0.0114789  -0.00109601  1.00135541
9 49 0 79845 -6.93082809e-03  9.96351242e-04  1.00324535e+00
9 49 0 129498 -5.13863564e-03 -6.75678253e-04  1.00079751e+00
9 49 0 134430 -0.00468087 -0.00186658  1.0022645 
9 49 0 176662 -6.10804558e-03 -9.15765762e-04  1.00093532e+00
9 49 0 182029 -1.07691288e-02 -7.66992569e-04  1.00053191e+00
9 49 0 224712 -0.01124501 -0.0027349   0.99944377
9 49 0 230548 -0.01174521 -0.00218534  1.00293088
9 49 0 272692 -8.03613663e-03 -8.23736191e-04  1.00115275e+00
9 49 0 278207 -0.00730824 -0.00150347  1.0003469 
9 49 0 320697 -0.0073185  -0.00246286  1.00140095
9 49 0 324819 -0.01012206 -0.002105    1.00027633
9 49 0 368357 -1.06792450e-02  2.28643417e-04  1.00051475e+00
9 49 0 372366 -0.00896144 -0.00118971  1.00151968
9 49 0 415869 -0.00856876 -0.00222063  1.0041678 
9 49 0 421079 -0.00681758 -0.00366402  1.00240684
9 49 0 464056 -0.00626111 -0.00264955  1.00058103
9 49 0 479173 -0.00789881  0.00145674  1.00194001
9 49 0 511311 -0.00498557 -0.00418472  1.00264263
9 49 0 526830 -0.01028013 -0.00162244  1.00194001
9 49 0 576351 -9.69505310e-03  4.35829163e-04  1.00259590e+00
9 49 0 580934 -0.00601864 -0.00360942  1.00144744
9 49 0 623747 -0.00765371 -0.00237322  1.00122237
9 49 0 627318 -0.00937819 -0.00243688  1.0007503 
9 49 0 671825 -0.01031709 -0.00520635  1.00200295
9 49 0 675137 -0.01038218 -0.00438786  0.99995685
9 49 0 720453 -0.00998425 -0.00317812  0.99997354
9 49 0 723786 -0.00661469 -0.0026238   1.00067711
9 49 0 767577 -0.00320172 -0.00404191  0.99876904
9 49 0 772205 -0.00737667 -0.0015378   1.00334597
9 49 0 815522 -0.01062083 -0.00111055  1.00446367
9 49 0 830219 -0.01374698 -0.00399804  1.00219107
9 49 0 863512 -0.00910401 -0.00235558  1.00080943
9 49 0 878623 -0.01017094 -0.00191188  1.0020082 
9 49 0 927012 -0.00766134 -0.00216532  1.00272274
9 49 0 931422 -0.00960374  0.00201654  1.00416303
9 49 0 975160 -7.49039650e-03  4.04357910e-04  9.99471664e-01
9 49 0 978643 -0.00763822 -0.00238061  1.00078368
9 49 1 23230 -0.00503922 -0.00336766  1.00004029
9 49 1 28250 -0.00816154 -0.00108099  1.00065255
9 49 1 69060 -0.00505233 -0.0060451   1.00119972
9 49 1 72017 -0.0097611  -0.00519991  1.00331926
9 49 1 118500 -0.00743008 -0.00160646  0.99966335
9 49 1 122610 -6.68358803e-03 -5.13553619e-04  1.00413418e+00
9 49 1 165871 -0.00820827  0.00130129  0.999084  
9 49 1 171306 -0.00977564  0.00117135  0.99938464
9 49 1 214970 -8.34608078e-03  1.78337097e-04  1.00091648e+00
9 49 1 220241 -0.00776625 -0.00457811  1.00060534
9 49 1 278271 -0.0097158  -0.00489306  1.00128865
9 49 1 282450 -0.00891113 -0.00210071  1.00080037
9 49 1 325510 -4.77671623e-03  8.62121582e-04  1.00129771e+00
9 49 1 328819 -0.00336719 -0.00507426  1.0023098 
9 49 1 374476 -0.00480747 -0.00159907  1.00076675
9 49 1 422554 -0.01559925 -1.60937619 -0.933599  
9 49 1 427496  0.01559305  1.81249738 -1.32421732
9 49 1 431252 -9.29665565e-03 -1.00231171e-03  1.00260639e+00
9 49 1 470666 -0.0081811  -0.00116658  0.99644017
9 49 1 474445 -0.0126543  -0.00303316  1.00055289
9 49 1 517544 -0.01069832 -0.00225449  0.99858642
9 49 1 522538 -0.01071787 -0.00308371  0.99864125
9 49 1 565881 -0.00645971 -0.00478411  0.9861815 
9 49 1 579522  4.57692146e-03 -8.90016556e-04  1.01936436e+00
9 49 1 613764 -0.00952125 -0.00132561  0.99634933
9 49 1 628689 -0.01480627 -0.00336456  0.99493432
9 49 1 677295 -0.01244879 -0.00494194  0.99965215
9 49 1 680670 -0.00757265 -0.00612831  0.99678922
9 49 1 725140 -0.00176764 -0.00158095  1.0055995 
9 49 1 729302  3.69787216e-04 -3.07917595e-03  1.00528097e+00
9 49 1 773475 -2.03347206e-03  7.65562057e-04  1.00364208e+00
9 49 1 778419 -0.01387525  0.00132513  0.99821043
9 49 1 821396 -0.0235033   0.00203729  1.00413704
9 49 1 826592 -0.018502    0.00171709  1.00107098
9 49 1 868904 -0.01108885  0.00130606  1.00051379
9 49 1 874167 3.78847122e-04 1.81436539e-04 1.00212741e+00
9 49 1 917456 -0.00372243 -0.00421834  1.00263476
9 49 1 921607 -0.00754952 -0.00540709  1.00447345
9 49 1 963241 -0.00496721 -0.00712371  1.00140762
9 49 1 967787 -0.00601125 -0.00467825  1.00106645
9 49 2 28427 -0.00543523 -0.00328612  0.99944282
9 49 2 34211 -4.93693352e-03 -6.18696213e-04  1.00630450e+00
9 49 2 76023 -0.00705075 -0.00268674  0.9971242 
9 49 2 80891 -0.0091238  -0.00190806  1.00146294
9 49 2 124285 -0.0126133  -0.00300217  1.00152302
9 49 2 128205 -0.01345587 -0.00186777  1.00267673
9 49 2 172556 -0.01064777  0.00171304  1.00085449
9 49 2 177882 -0.00720835  0.00414848  0.99958968
9 49 2 218281 -0.00712538  0.00176525  0.9979105 
9 49 2 222852 -1.01768970e-02 -5.51223755e-04  1.00678802e+00
9 49 2 266546 -0.00979996 -0.00312948  1.00397658
9 49 2 270175 -0.00686026 -0.00437284  1.00317097
9 49 2 315651 -0.00311637 -0.00566435  0.99899101
9 49 2 320103  6.70194626e-04 -5.52701950e-03  1.00505686e+00
9 49 2 379813 -0.00601387 -0.00146699  1.00182772
9 49 2 384507 -7.82656670e-03  4.31537628e-04  1.00369406e+00
9 49 2 427067 -1.26559734e-02 -3.54051590e-04  1.00294828e+00
9 49 2 431239 -0.01392365 -0.00151277  1.0007081 
9 49 2 476015 -0.01365566  0.00329638  1.00257325
9 49 2 479708 -0.01043868  0.00284052  1.00300026
9 49 2 524083 -3.95560265e-03  2.56776810e-04  1.00069785e+00
9 49 2 527612 -0.00577855 -0.00252366  1.00321078
9 49 2 571947 -0.00854659 -0.00285578  1.00021243
9 49 2 576468 -0.01115751 -0.00336647  1.00249624
9 49 2 620155 -0.01038814 -0.00449014  1.0025804 
9 49 2 633017 -0.00400472 -0.00644779  1.00375915
9 49 2 666014 -0.00270653 -0.00432301  1.00278831
9 49 2 669459 -0.00149512 -0.00400662  1.00287509
9 49 2 714576 -3.20577621e-03 -1.08718872e-04  1.00456548e+00
9 49 2 729741 -8.29529762e-03 -9.76562500e-04  1.00084448e+00
9 49 2 763849 -0.0126574  -0.00495267  0.99631453
9 49 2 779046 -0.0166595  -0.00235057  1.0005908 
