9 2 28 65628 -0.1456356   0.03157425  0.99206161
9 2 28 71662 -0.14737129  0.03406143  0.98308182
9 2 28 74883 -0.14596939  0.03328514  0.97864342
9 2 28 78197 -0.14818001  0.02999115  0.98336601
9 2 28 81164 -0.15081787  0.03166389  0.98829651
9 2 28 102384 -0.15281105  0.03457642  0.98724174
9 2 28 111911 -0.15482712  0.03421021  0.98601723
9 2 28 156119 -0.1466713   0.03540611  0.98987007
9 2 28 161129 -0.14618874  0.03275681  0.98926735
9 2 28 205472 -0.14829636  0.03417206  0.9872036 
9 2 28 209145 -0.14618301  0.03054428  0.99592781
9 2 28 258254 -0.14531326  0.02983475  0.99239731
9 2 28 262396 -0.14964485  0.03185272  0.98735809
9 2 28 307592 -0.14728737  0.02959824  0.99097824
9 2 28 311945 -0.14739227  0.028862    0.99217415
9 2 28 360960 -0.14962959  0.02863312  0.99156952
9 2 28 365521 -0.15060234  0.02626991  0.98828697
9 2 28 412850 -0.14784431  0.02765656  0.98800468
9 2 28 418641 -0.1487751  0.0275898  0.9900074
9 2 28 456882 -0.15132713  0.02972984  0.98210335
9 2 28 461323 -0.14866066  0.02838707  0.98951912
9 2 28 509846 -0.14575958  0.03034973  0.99108124
9 2 28 514190 -0.15065956  0.02910614  0.98329353
9 2 28 558622 -0.14593506  0.02845764  0.98705101
9 2 28 563321 -0.14979362  0.03363228  0.98678207
9 2 28 606188 -0.14377213  0.02627563  0.9916172 
9 2 28 610039 -0.14867783  0.03274536  0.99061203
9 2 30 891754 -0.15167046  0.03131294  0.99332047
9 2 30 937844 -0.14843941  0.03190041  0.99833679
9 2 30 987764 -0.14757919  0.02713203  0.98945999
9 2 31 36637 -0.14676857  0.02870941  1.0009594 
9 2 31 92626 -0.14779282  0.02817154  0.99591064
9 2 31 139487 -0.14817429  0.02768135  0.99194717
9 2 31 189011 -0.14586639  0.02700615  0.98962593
9 2 31 236571 -0.14388275  0.02973938  0.9860878 
9 2 31 293183 -0.15044022  0.02956963  0.98682594
9 2 31 340041 -0.14743996  0.03444862  0.9896698 
9 2 31 391687 -0.14849091  0.02636337  0.98391724
9 2 31 437052 -0.14818954  0.02723122  0.98945427
9 2 31 493681 -0.1465435   0.02795029  0.98875046
9 2 31 540799 -0.14960289  0.03057289  0.99026108
9 2 31 590405 -0.15350914  0.02370834  0.98900986
9 2 31 638070 -0.15024376  0.0281086   0.99189377
9 2 31 688235 -0.15003777  0.02671814  0.99435616
9 2 31 740607 -0.14673996  0.02946281  0.99596024
9 2 31 792332 -0.14587021  0.02625275  0.99172783
9 2 31 838025 -0.15231323  0.02840424  0.99343491
9 2 31 889276 -0.14612389  0.02119827  0.98799706
9 2 31 936476 -0.14649773  0.02401352  0.99294281
9 2 31 992951 -0.14085197  0.02662277  0.99155998
9 2 32 39865 -0.15007401  0.02839279  0.98624039
9 2 32 89756 -0.14607048  0.03032875  0.98406219
9 2 32 138266 -0.14810371  0.02955055  0.99284172
9 2 32 194087 -0.1497612   0.03383064  0.98937416
9 2 32 239694 -0.14533043  0.02899933  0.98838806
9 2 32 289825 -0.14508247  0.03141975  0.98722267
9 2 32 339631 -0.14847374  0.02590179  0.98980904
9 2 32 388820 -0.14795113  0.03219223  0.98330879
9 2 32 441559 -0.14782715  0.03143883  0.98291779
9 2 32 491342 -0.14578629  0.03230286  0.9865036 
9 2 32 539800 -0.14818192  0.02890205  0.99302483
9 2 32 595645 -0.14830971  0.03235245  0.99400711
9 2 32 642804 -0.14831924  0.03460884  0.9969368 
9 2 32 691584 -0.14879036  0.03186607  0.99359322
9 2 32 740215 -0.14686394  0.03218079  0.99776268
9 2 32 791944 -0.15035248  0.02952194  0.99223137
9 2 32 842453 -0.14994812  0.03006172  0.99383545
9 2 32 891964 -0.1473732   0.03433609  0.98950958
9 2 32 941060 -0.15104675  0.03639603  0.98818588
9 2 32 992091 -0.14917946  0.03121948  0.98596954
9 2 33 39559 -0.14728737  0.03179169  0.99260139
9 2 33 94165 -0.145895    0.0317955   0.98724556
9 2 33 141789 -0.15018463  0.03250694  0.99020004
9 2 33 191860 -0.15083504  0.02778625  0.98349953
9 2 33 239279 -0.14498329  0.02368546  0.98724556
9 2 33 290711 -0.14653587  0.02556038  0.98789215
9 2 33 341772 -0.14713478  0.02629662  0.98766327
9 2 33 391611 -0.14659691  0.02763176  0.9899292 
9 2 33 440770 -0.15023613  0.02077484  0.99156761
9 2 33 492259 -0.14481163  0.03218079  0.99094963
9 2 33 543081 -0.14307022  0.02778435  0.98313332
9 2 33 593024 -0.14994049  0.02101707  0.99017715
9 2 33 641593 -0.14901161  0.02671242  0.99659348
9 2 33 691722 -0.15032959  0.02791214  0.99232864
9 2 33 743025  0.124403    9.50011444 -7.99614334
9 2 33 793118 -0.14663506  0.02916527  0.99472618
9 2 33 841965 -1.51826859e-01  1.25885010e-04  1.33788986e+01
9 2 33 893998 -0.14964867  0.02673531  0.98812294
9 2 33 945291 -0.14513779  0.0294323   0.98712921
9 2 33 993776 -0.15330696  0.03149796  0.98736   
9 2 34 43270 -0.14540482  0.02891922  0.98882103
9 2 34 93801 -0.14678383  0.02746773  0.9888649 
9 2 34 141223 -0.14995193  0.03097153  0.98814964
9 2 34 194805 -0.14694405  0.02900696  0.98899841
9 2 34 244417 -0.14671135  0.02415848  0.9858799 
9 2 34 294596 -0.14806747  0.02637672  0.98910522
9 2 34 341360 -0.14720917  0.02339554  0.99497795
9 2 34 394757 -0.15095901  0.0229702   0.99552345
9 2 34 443445 -0.14971352  0.0218811   0.99492645
9 2 34 495683 -0.15268707  0.022686    0.99305916
9 2 34 543207 -0.14916611  0.0283947   0.99739265
9 2 34 593119 -0.15015602  0.03018761  0.99576187
9 2 34 644565 -0.15045166  0.02485275  0.99367714
9 2 34 694450 -0.15519905  0.02889442  0.98521996
9 2 34 743446 -0.14906883  0.02864838  0.98907471
9 2 34 795566 -0.14903069  0.03053093  0.99002838
9 2 34 841546 -0.14515114  0.03265381  0.98351669
9 2 34 895222 -0.15200233  0.03129959  0.98851776
9 2 34 943986 -0.14911079  0.03413582  0.98358536
9 2 34 994464 -0.1455307   0.0392189   0.98662376
9 2 35 41619 -0.14107513  0.03848839  0.98601723
9 2 35 97525 -0.14682961  0.03440666  0.99055672
9 2 35 145250 -0.14123535  0.03287506  0.98593521
9 2 35 195340 -0.14804459  0.03367996  0.99149132
9 2 35 246860 -0.14569092  0.03585815  0.98854065
9 2 35 296875 -0.14399719  0.03774834  0.99185181
9 2 35 345095 -0.14484406  0.03698349  0.99873543
9 2 35 397187 -0.1518116   0.03180695  0.99929619
9 2 35 444062 -0.14975548  0.03081131  0.99861336
9 2 35 497543 -0.15184975  0.03045654  0.99978256
9 2 35 545973 -0.15167618  0.03231239  0.99790573
9 2 35 597341 -0.15262604  0.03000641  0.99824142
9 2 35 648327 -0.15319633  0.03243065  0.98817635
9 2 35 694732 -0.1545887   0.02814293  0.99110413
9 2 35 746158 -0.15129089  0.02974319  0.98937225
9 2 35 797468 -0.15233994  0.02069855  0.98686409
9 2 35 846304 -0.14642906  0.02082253  0.98349571
9 2 35 897022 -0.15089798  0.02317429  0.98565865
9 2 35 942747 -0.14416885  0.0173912   0.98332214
9 2 35 999246 -0.14817047  0.02338028  0.9864254 
9 2 36 45493 -0.14032364  0.0202961   0.98971176
9 2 36 97287 -0.14059448  0.02540588  0.98625755
9 2 36 144124 -0.14451027  0.02447891  0.99120903
9 2 36 194462 -0.14374542  0.02882004  0.99296379
9 2 36 247634 -0.14894867  0.02379227  0.98449707
9 2 36 297356 -0.14330864  0.03144646  0.98978424
9 2 36 345549 -0.14745331  0.02747536  0.99285698
9 2 36 400009 -0.14857674  0.03022385  0.9923439 
9 2 36 446862 -0.15245628  0.03114319  0.99077225
9 2 36 499241 -0.15061188  0.03931236  0.99333   
9 2 36 547959 -0.15323448  0.03123856  0.99913979
9 2 36 596097 -0.15332031  0.03146744  0.99316406
9 2 36 649528 -0.14813423  0.03446388  0.99681473
9 2 36 699411 -0.14843178  0.03291321  0.99001694
9 2 36 746807 -0.14706993  0.03482628  0.98926544
9 2 36 797397 -0.1470089   0.03808784  0.98681259
9 2 36 843925 -0.15241623  0.03867912  0.98859406
9 2 36 900201 -0.14453316  0.03694534  0.99025726
9 2 36 947600 -0.14749718  0.03503799  0.99511528
9 2 36 998058 -0.14420509  0.03451538  0.98602295
9 2 37 45634 -0.14365768  0.02734566  0.98601723
