14 26 35 134801  0.000916    0.00064278 -0.00047731
14 26 35 158177  0.00047541 -0.00047302 -0.00077963
14 26 35 161778  1.16109848e-03  2.33173370e-04 -4.95910645e-05
14 26 35 201511 1.78337097e-03 2.22015381e-03 3.05175781e-05
14 26 35 219231 1.32989883e-03 1.74760818e-03 9.05990601e-06
14 26 35 239002  0.00058985  0.00123549 -0.00027418
14 26 35 241964 2.73704529e-04 1.93595886e-04 7.48634338e-05
14 26 35 287224 -2.66551971e-04 -4.38690186e-05 -2.39372253e-04
14 26 35 290662 -1.51157379e-04 -7.07149506e-04 -2.76565552e-05
14 26 35 352540 -0.0005002  -0.00122309 -0.00056458
14 26 35 362869  0.00016212 -0.00134897 -0.00029945
14 26 35 382372  3.94344330e-04 -2.38418579e-06 -1.30653381e-04
14 26 35 398969  0.00144005  0.00169992 -0.00038099
14 26 35 444557 7.12394714e-04 1.71327591e-03 7.15255737e-06
14 26 35 447407  3.07083130e-04  7.20024109e-04 -2.24113464e-05
14 26 35 492748  4.23097610e-03  8.90541077e-03 -2.47955322e-05
14 26 35 496835  3.99208069e-03  9.17482376e-03 -7.58171082e-05
14 26 35 524705 0.00126886 0.00298071 0.00052404
14 26 35 540213 -0.00174284 -0.00330305 -0.000278  
14 26 35 596683 -1.77669525e-03 -2.68745422e-03  7.96318054e-05
14 26 35 607448 0.00101185 0.00188446 0.00020552
14 26 35 650979  0.00099182  0.00173235 -0.00022221
14 26 35 668008 -0.00139475 -0.00164461  0.00024748
14 26 38 22813 -9.72270966e-04 -8.41140747e-04 -9.39369202e-05
14 26 38 73426  6.53743744e-04  1.83582306e-03 -2.95639038e-05
14 26 38 120770 6.67572021e-06 2.78472900e-04 7.13348389e-04
14 26 38 161231 -0.00071716 -0.00157404  0.0004487 
14 26 38 214430 -0.00034046 -0.00073338  0.00028467
14 26 38 263903  0.00104332  0.00115633 -0.00010252
14 26 38 313231 6.08444214e-04 3.12805176e-04 9.15527344e-05
14 26 38 362367 -7.48634338e-05 -8.08715820e-04 -3.24249268e-05
14 26 38 411285 8.04901123e-04 3.85761261e-04 9.01222229e-05
14 26 38 471707  2.47955322e-04  8.64028931e-04 -6.38961792e-05
14 26 38 521081  0.00025702 -0.00039339 -0.00012112
14 26 38 569746  1.70230865e-04 -9.40799713e-04 -3.29017639e-05
14 26 38 620541  6.78539276e-04  2.55107880e-04 -1.04904175e-05
14 26 38 661122  2.79903412e-04 -2.09808350e-05 -6.06536865e-04
14 26 38 725071  0.00026464 -0.00084448  0.0001297 
14 26 38 763582  3.44753265e-04 -3.94821167e-04 -3.43322754e-05
14 26 38 812998  7.45773315e-04 -2.52723694e-05  1.35898590e-04
14 26 38 861781  0.00069857  0.00089121 -0.00033998
14 26 38 911110 0.00068617 0.0004921  0.00018167
14 26 38 959997  0.00010252 -0.00025463  0.00029135
14 26 39 13644 0.00065708 0.0010519  0.00012207
14 26 39 62465 3.62062454e-03 6.68716431e-03 8.48770142e-05
14 26 39 111705 0.00402737 0.00753927 0.00027943
14 26 39 161130 0.00226212 0.00430965 0.0006156 
14 26 39 214207 0.00069475 0.00032759 0.00011349
14 26 39 263342 -0.0004921  -0.00125217  0.00066376
14 26 39 312671 0.00075769 0.00065231 0.00022364
14 26 39 361592 0.00150108 0.0017004  0.00037432
14 26 39 414936 1.83868408e-03 2.76899338e-03 5.29289246e-05
14 26 39 463966 0.00041962 0.0001955  0.00043249
14 26 39 513354  4.29153442e-06 -7.29560852e-04  5.23567200e-04
14 26 39 562577 -5.24520874e-05 -8.89778137e-04  2.30789185e-04
14 26 39 611584  0.00113058  0.00219917 -0.00030231
14 26 39 663880  0.00089502  0.00134134 -0.00054026
14 26 39 713749 -0.00043869 -0.00038242 -0.00020313
14 26 39 763053 -0.00020123 -0.0002799  -0.00029039
14 26 39 812265  0.00064707  0.00060749 -0.00056219
14 26 39 861453  0.00059462  0.00119352 -0.000278  
14 26 39 914396 -4.26769257e-04  3.71932983e-05 -4.48226929e-05
14 26 39 963548  0.0003686   0.00149107 -0.00017309
14 26 40 12706 -1.46389008e-04  8.44955444e-04 -4.76837158e-05
14 26 40 61953 -0.00115204 -0.00205612  0.00015879
14 26 40 111303 -0.0004282  -0.00075912 -0.00062752
14 26 40 160146 0.00027084 0.00086641 0.00035381
14 26 40 213405 -3.76701355e-05  1.65939331e-04 -2.20298767e-04
14 26 40 262549 -3.92436981e-04 -1.52111053e-04 -9.82284546e-05
14 26 40 311981 -0.00059986 -0.00022078  0.00037384
14 26 40 360938 -0.00087166  0.00021219  0.00011301
14 26 40 410131 -0.00048113  0.00063896  0.00028658
14 26 40 463251 -0.00080633 -0.00079203 -0.0002203 
14 26 40 519829 -0.0003314   0.00018501 -0.00038671
14 26 40 561835  1.59740448e-04  6.34193420e-04 -9.05990601e-05
14 26 40 611003 -0.00034809  0.00014782 -0.00074482
14 26 40 664363 -0.00064898  0.00016356 -0.00021648
14 26 40 713392 -0.00061417 -0.00026846 -0.00027037
14 26 40 762396 -5.48839569e-04  0.00000000e+00  6.24998093e-01
14 26 40 811668 -2.33650208e-05  7.10487366e-05 -3.38077545e-04
14 26 40 864705 -0.0019784  -0.00036097 -0.00031137
14 26 40 914091 -0.00137138  0.00068569 -0.00026321
14 26 40 963167 -0.00077057  0.00072479 -0.00084925
14 26 41 12155 -0.00100946 -0.00075483 -0.00129032
14 26 41 61232 -0.00107002  0.00061607 -0.00109768
14 26 41 110586 -0.00213289 -0.00071764 -0.00081587
14 26 41 163494 -0.00206184 -0.00091362 -0.00127459
14 26 41 213034 -4.83989716e-04  4.86373901e-05 -7.98702240e-04
14 26 41 261899 -0.0002718  -0.00050592 -0.0011282 
14 26 41 311227  0.0012784   0.00111151 -0.00037098
14 26 41 360265  0.00050831 -0.00065851  0.00026321
14 26 41 413502  0.00086927 -0.00048971  0.00050688
14 26 41 463410  1.95693970e-03 -8.24928284e-05  1.03235245e-03
14 26 41 511986  0.00166321 -0.00036573  0.00156689
14 26 41 560954 0.00238562 0.00113964 0.00136328
14 26 41 610035  0.00027466 -0.00103998  0.00111532
14 26 41 671502  0.00057125 -0.00269461  0.00105095
14 26 41 720666 0.00338936 0.00209951 0.00072145
14 26 41 774179 0.00179291 0.00075006 0.00043249
14 26 41 819783 -2.47001648e-04 -2.21395493e-03 -6.62803650e-05
14 26 41 859963 -0.0004797  -0.00132656 -0.00038147
14 26 41 913159 -0.00039482 -0.00177002 -0.00064659
14 26 41 962658  0.00130558  0.00210094 -0.00056648
14 26 42 11840  0.00013494  0.00043058 -0.00172472
14 26 42 60524 -0.00217199 -0.00159025 -0.00125742
14 26 42 109761 -0.00103045  0.00094986 -0.00189114
14 26 42 163137 -0.00141525  0.00226736 -0.00130796
14 26 42 212428 -2.69985199e-03  9.63211060e-05 -1.06048584e-03
14 26 42 261639 -0.00237465 -0.00021076 -0.00174522
14 26 42 310641 -0.00246525  0.00012541 -0.00054264
14 26 42 363820 -1.27744675e-03  1.45435333e-03 -5.72204590e-06
14 26 42 420532 -0.00094986  0.00217009  0.00017262
14 26 42 469698 -0.00206423  0.00041199  0.00078917
14 26 42 519337 -0.00144672  0.00035334  0.00080442
14 26 42 571704 -0.00049829  0.00070953  0.00122023
14 26 42 621078 -0.00033045  0.00026464  0.00166082
14 26 42 669960 -0.00051022 -0.00137806  0.00103712
14 26 42 719933  0.00020742 -0.00128269  0.0010004 
14 26 42 770933  0.00093794 -0.00131893  0.00091648
14 26 42 818539  0.0007596  -0.00099707  0.00110722
14 26 42 873038  0.000741   -0.00148773  0.00081921
14 26 42 920310  0.00101852 -0.00167942  0.00041342
14 26 42 969136  0.00169277 -0.00025654  0.00028992
14 26 43 19049  0.00160933 -0.00017452 -0.00021601
14 26 43 72464  0.00152397 -0.00066137 -0.00035191
14 26 43 117138  0.0015111  -0.00063753 -0.00086355
14 26 43 173409  0.00224876  0.00039482 -0.00130701
14 26 43 219956  0.00184011  0.00183725 -0.00186968
14 26 43 270933  0.00141144  0.00171328 -0.00187922
14 26 43 317533 -0.00020123  0.00078726 -0.00196362
14 26 43 371224 -0.00033045  0.00037909 -0.00188732
14 26 43 412270  0.00068521  0.00053024 -0.00173616
14 26 43 461590  0.00052595  0.00156832 -0.00187874
14 26 43 510805 -0.00205231 -0.00047779 -0.00078154
14 26 43 559561 -0.00308561 -0.00121784 -0.00034285
14 26 43 609026 -0.00179529  0.00041342  0.00042152
14 26 43 662014 -0.00111723 -0.00070906  0.00061083
14 26 43 711449 0.0001812  0.00031567 0.00149822
14 26 43 761249 -1.57356262e-05  1.40428543e-03  1.92260742e-03
14 26 43 809721 -0.00189877 -0.00068474  0.00221062
14 26 43 858590 -0.00228834 -0.00208998  0.00268269
14 26 43 911765 -0.00076151 -0.001091    0.00270176
14 26 43 961194 -0.0012207  -0.00091791  0.00261402
14 26 44 10202 -0.00091028 -0.00113821  0.00213909
14 26 44 59235 -0.00126076 -0.00150299  0.0011797 
14 26 44 112468 -0.00195599 -0.00183487  0.00031185
14 26 44 168722 -0.00052357  0.00145102 -0.00032663
14 26 44 216951 -8.05854797e-05  2.58970261e-03 -7.61985779e-04
14 26 44 271457  0.0005517   0.00084162 -0.001441  
14 26 44 317044  8.73565674e-04 -4.00543213e-05 -2.41613388e-03
14 26 44 369727  6.89029694e-04 -2.86102295e-06 -2.43043900e-03
14 26 44 419608 3.66687775e-04 3.12490463e-02 2.46873760e+00
14 26 44 460832  0.00082541  0.00074673 -0.00275517
14 26 44 510216  0.00119448 -0.00053501  0.00114298
14 26 44 558836 -0.00012732 -0.00191212  0.0001893 
14 26 44 608407 0.00140238 0.00084925 0.00014782
14 26 44 661398 -0.00029564 -0.0009737  -0.00027466
14 26 44 710622  0.00034142  0.00171566 -0.0007925 
14 26 44 770328 -0.00154877  0.00021839 -0.00115347
14 26 44 809129 -0.00250101 -0.00058126 -0.00210524
14 26 44 857937 -0.00289631  0.00086927 -0.00202703
14 26 44 911272 -0.00243425  0.00074911 -0.00272751
14 26 44 960175 -0.00276232  0.00055933 -0.00223064
14 26 45 9807 -0.00191069  0.00117874 -0.00160742
14 26 45 59378 -0.00311852 -0.00022411 -0.00149918
14 26 45 113592 -4.06932831e-03  1.90734863e-05 -7.36236572e-04
14 26 45 161004 -2.88867950e-03  2.05230713e-03 -8.10623169e-06
14 26 45 210495 -0.00281191  0.00167799  0.00116158
14 26 45 259552 -3.06415558e-03  6.24656677e-05  9.18388367e-04
14 26 45 308763 -0.00203085  0.00081968  0.00203753
14 26 45 357696 -0.00265169  0.00126314  0.00210762
14 26 45 411154 -0.00301695  0.00058508  0.00192881
14 26 45 460729 -0.00273228  0.00057936  0.00229073
14 26 45 509613 -0.00184488  0.00035954  0.00129747
14 26 45 558512 -0.00023651  0.00180101  0.00094986
14 26 45 607550 -0.00089979  0.00063944  0.0004921 
14 26 45 668709 -5.55515289e-04  5.96046448e-05  2.38418579e-05
14 26 45 717397  5.29289246e-05  9.58919525e-04 -8.65936279e-04
14 26 45 759141  2.33650208e-05 -3.46183777e-04 -1.07145309e-03
14 26 45 808105  0.00040483 -0.00042009 -0.00189924
14 26 45 861160  0.00191975 -0.0001688  -0.00146055
14 26 45 910470  0.00211525 -0.00015497 -0.00137472
14 26 45 960307  0.00240612 -0.00030708 -0.00085211
14 26 46 9280  1.83200836e-03  6.05583191e-05 -3.13282013e-04
14 26 46 57999  0.00187635 -0.00109053 -0.00036287
14 26 46 111452  0.00421333  0.00171661 -0.00088406
14 26 46 168627  0.0038352   0.00069237 -0.00064898
14 26 46 217348  0.00244808 -0.00197887 -0.00219536
14 26 46 258865  0.0046711   0.00225115 -0.00202894
14 26 46 307437  0.00355244  0.00263548 -0.00102568
14 26 46 357096 0.00075579 0.0003438  0.00024271
14 26 46 410125 -0.00120401 -0.00057077  0.00132799
14 26 46 459464 -0.00158644 -0.00166368  0.00180387
14 26 46 508394 0.00043726 0.00025606 0.00197315
14 26 46 558083 0.00061512 0.00221729 0.00091362
14 26 46 611125 -0.00416851 -0.0019021   0.0016613 
14 26 46 660501 -0.00637913 -0.0031724   0.00064468
14 26 46 709236 -3.09896469e-03 -6.48498535e-05 -6.72340393e-05
14 26 46 758808 -0.00152016  0.00127506  0.00060034
14 26 46 807701 -0.0030508   0.00107193  0.00034142
