14 26 35 134801  0.08482528 -0.01858902  0.9967072 
14 26 35 158177  0.08182192 -0.01962447  0.99931574
14 26 35 161778  0.08050489 -0.02288795  0.99905944
14 26 35 201511  0.08616281 -0.02151585  1.00004172
14 26 35 219231  0.08634281 -0.01849937  0.99657273
14 26 35 239002  0.07896781 -0.01886201  0.99593353
14 26 35 241964  0.07949233 -0.01932883  0.99728417
14 26 35 287224  0.08112955 -0.0184896   0.99777579
14 26 35 290662  0.08469701 -0.01861048  0.99828935
14 26 35 352540  0.08134151 -0.01839352  0.9979558 
14 26 35 362869  0.08481264 -0.01600504  0.99705887
14 26 35 382372  0.08426237 -0.01892304  0.99913311
14 26 35 398969  0.08457303 -0.01749325  1.00230646
14 26 35 444557  0.08558321 -0.01680684  0.99549818
14 26 35 447407  0.08153605 -0.01710844  0.99731731
14 26 35 492748  0.08373356 -0.01832414  1.0069828 
14 26 35 496835  0.08539033 -0.01731133  1.00046325
14 26 35 524705  0.08539081 -0.01922154  0.99213433
14 26 35 540213  0.08164549 -0.01695561  0.99181986
14 26 35 596683  0.07971144 -0.01972675  1.00044179
14 26 35 607448  0.08516073 -0.01937437  1.00119066
14 26 35 650979  0.08150554 -0.01960921  0.99815869
14 26 35 668008  0.08171606 -0.01936579  0.99363089
14 26 38 22813  0.08394933 -0.01801896  1.00041509
14 26 38 73426  0.0830617  -0.02066922  1.00065541
14 26 38 120770  0.08314419 -0.02094436  0.99729538
14 26 38 161231  0.07978439 -0.0203743   0.99728465
14 26 38 214430  0.08066702 -0.01799083  1.00164223
14 26 38 263903  0.08367729 -0.0200336   1.00292921
14 26 38 313231  0.08310533 -0.01958299  0.99884105
14 26 38 362367  0.08300686 -0.02011204  0.99515605
14 26 38 411285  0.08369946 -0.02270246  0.99980283
14 26 38 471707  0.08581781 -0.0217483   0.99441051
14 26 38 521081  0.08388758 -0.02256107  0.99570298
14 26 38 569746  0.08270288 -0.02045202  0.9965086 
14 26 38 620541  0.08178711 -0.01867843  0.99925947
14 26 38 661122  0.08276296 -0.0182929   0.9976356 
14 26 38 725071  0.08355641 -0.01625562  0.99970984
14 26 38 763582  0.08625722 -0.01736617  0.99732113
14 26 38 812998  0.08410358 -0.01628065  0.99930429
14 26 38 861781  0.08154988 -0.01730442  0.99988627
14 26 38 911110  0.08213568 -0.01735425  0.9960053 
14 26 38 959997  0.0803659  -0.02072215  1.00004721
14 26 39 13644  0.08550692 -0.01891732  0.99691939
14 26 39 62465  0.08077812 -0.02045012  1.00630212
14 26 39 111705  0.08234572 -0.01731086  0.99936438
14 26 39 161130  0.08388233 -0.0178349   0.99516058
14 26 39 214207  0.08336282 -0.01749516  0.99518847
14 26 39 263342  0.08250546 -0.01860762  0.99739695
14 26 39 312671  0.08242917 -0.01772523  0.99962449
14 26 39 361592  0.08424616 -0.01625395  0.99951673
14 26 39 414936  0.08300614 -0.01616549  0.99854374
14 26 39 463966  0.08199263 -0.01892591  0.99841833
14 26 39 513354  0.08259726 -0.01634336  0.99881673
14 26 39 562577  0.082443   -0.01485825  0.99623656
14 26 39 611584  0.0847075  -0.01559901  1.00009561
14 26 39 663880  0.0860014  -0.01949978  0.99656844
14 26 39 713749  0.08311415 -0.01818514  0.99395156
14 26 39 763053  0.08276892 -0.016716    0.99973011
14 26 39 812265  0.08152294 -0.01900935  0.99889421
14 26 39 861453  0.08142209 -0.01792121  0.99697471
14 26 39 914396  0.08165312 -0.0174613   0.99458003
14 26 39 963548  0.0823667  -0.02125573  0.99983191
14 26 40 12706  0.07911849 -0.0170126   0.99735522
14 26 40 61953  0.08135247 -0.01574111  0.99470854
14 26 40 111303  0.08150554 -0.01678467  0.99842477
14 26 40 160146  0.08191752 -0.01660085  1.00191736
14 26 40 213405  0.07951379 -0.01795888  0.99754405
14 26 40 262549  0.08123899 -0.01770902  0.99949241
14 26 40 311981  0.08014512 -0.01774287  0.99345827
14 26 40 360938  0.08000708 -0.01573229  0.99742842
14 26 40 410131  0.08189845 -0.01549292  0.99755001
14 26 40 463251  0.08104515 -0.01695395  0.99291921
14 26 40 519829  0.08042145 -0.01852465  1.00105548
14 26 40 561835  0.08266854 -0.01836681  0.99764323
14 26 40 611003  0.08213615 -0.01837349  0.99880147
14 26 40 664363  0.08245778 -0.02154422  0.99761319
14 26 40 713392 0.07813811 0.42179966 0.1914053 
14 26 40 762396  3.33786011e-04 -1.84383249e+00  3.89909744e-03
14 26 40 811668  0.0801928  -0.02116132  0.99782729
14 26 40 864705  0.0818398  -0.01034784  0.99879622
14 26 40 914091  0.08218622 -0.01827216  1.00459623
14 26 40 963167  0.07909846 -0.01946187  1.00407314
14 26 41 12155  0.07777023 -0.02024221  1.00086904
14 26 41 61232  0.08163404 -0.01838017  1.00148249
14 26 41 110586  0.0828383  -0.01966405  0.9979434 
14 26 41 163494  0.08109593 -0.02434087  1.00021148
14 26 41 213034  0.08204269 -0.02616143  1.00064015
14 26 41 261899  0.08109879 -0.02382493  1.00008726
14 26 41 311227  0.08311915 -0.02058816  1.00128436
14 26 41 360265  0.07797956 -0.02259064  0.99461722
14 26 41 413502  0.07909441 -0.0198369   0.99740434
14 26 41 463410  0.0804987  -0.02199149  0.99995613
14 26 41 511986  0.08059287 -0.02420044  1.00080943
14 26 41 560954  0.07883477 -0.0206964   0.99985075
14 26 41 610035  0.08195686 -0.01204419  0.99636126
14 26 41 671502  0.07880044 -0.02112722  1.00099468
14 26 41 720666  0.08439422 -0.02177906  1.00367618
14 26 41 774179  0.08366656 -0.01589155  0.99644589
14 26 41 819783  0.07924247 -0.01344562  0.99315119
14 26 41 859963  0.08467174 -0.01691675  0.99426985
14 26 41 913159  0.08260012 -0.01956296  0.99665523
14 26 41 962658  0.08208871 -0.01836681  1.00457191
14 26 42 11840  0.08150125 -0.01187634  0.98981428
14 26 42 60524  0.08358622 -0.00983262  0.98836136
14 26 42 109761  0.08593607 -0.01183152  0.99627447
14 26 42 163137  0.08346868 -0.01021218  0.99504423
14 26 42 212428  0.08236384 -0.01127839  0.99432564
14 26 42 261639  0.0772686  -0.01803255  0.99816704
14 26 42 310641  0.07900906 -0.01547742  0.99695969
14 26 42 363820  0.0818193  -0.01387048  1.0017457 
14 26 42 420532  0.07859254 -0.01953769  1.00291562
14 26 42 469698  0.07590652 -0.02043939  1.00189066
14 26 42 519337  0.07806349 -0.02179575  0.99954867
14 26 42 571704  0.08002567 -0.02679706  1.00625277
14 26 42 621078  0.07709599 -0.02455759  1.00548053
14 26 42 669960  0.07724571 -0.02706647  0.9990015 
14 26 42 719933  0.07969427 -0.0307312   1.00424886
14 26 42 770933  0.08251572 -0.02743602  1.00480247
14 26 42 818539  0.08326149 -0.02229643  0.99888229
14 26 42 873038  0.08262587 -0.02088737  0.99909711
14 26 42 920310  0.08240199 -0.02093363  0.99827385
14 26 42 969136  0.08096623 -0.02116227  0.99975705
14 26 43 19049  0.08427286 -0.02129793  0.99276114
14 26 43 72464  0.08376122 -0.01741552  0.98965549
14 26 43 117138  0.08241296 -0.01738071  0.99438667
14 26 43 173409  0.08811498 -0.01761436  0.99510479
14 26 43 219956  0.0833683  -0.01454091  0.99691629
14 26 43 270933  0.08403182 -0.01433611  0.9921627 
14 26 43 317533  0.08605266 -0.01158237  0.99431801
14 26 43 371224  0.08246922 -0.01371503  0.99921942
14 26 43 412270  0.07954645 -0.01801181  1.00170016
14 26 43 461590  0.07756662 -0.01133728  1.00059772
14 26 43 510805  0.07892799 -0.00960469  0.99052453
14 26 43 559561  0.07663965 -0.00998092  0.99710751
14 26 43 609026  0.07845378 -0.01383758  1.00675845
14 26 43 662014  0.07348394 -0.0175631   1.00466204
14 26 43 711449  0.07799983 -0.0156796   1.00539088
14 26 43 761249  0.07780361 -0.0123229   0.99751616
14 26 43 809721  0.07687068 -0.01192832  0.99710655
14 26 43 858590  0.078861   -0.02386165  0.99892855
14 26 43 911765  0.0830431  -0.02306867  1.0008707 
14 26 43 961194  0.08250356 -0.02306485  0.99297619
14 26 44 10202  0.07972836 -0.0227592   0.99631405
14 26 44 59235  0.07958746 -0.01997828  0.99127102
14 26 44 112468  0.08275938 -0.02180576  0.99021411
14 26 44 168722  0.08664513 -0.02224326  0.99684858
14 26 44 216951  0.08731937 -0.01998854  0.99754143
14 26 44 271457  0.08295512 -0.022506    0.9958446 
14 26 44 317044  0.08359218 -0.02222276  0.9946599 
14 26 44 369727  0.07815099 -0.65632486  1.36326909
14 26 44 419608 3.35454941e-04 1.09366894e+00 1.72264910e+00
14 26 44 460832  0.08026481 -0.0197556   1.00161004
14 26 44 510216  0.08452725 -0.00603294  0.98533511
14 26 44 558836  0.08030224 -0.00419497  0.99311113
14 26 44 608407  0.07956076 -0.00915575  1.00051284
14 26 44 661398  0.08445597 -0.00652242  0.99861789
14 26 44 710622  0.08167267 -0.00523639  1.00196791
14 26 44 770328  0.07948399 -0.00668716  0.99696231
14 26 44 809129  0.07801104 -0.009794    1.00053287
14 26 44 857937  0.08274555 -0.01115632  1.00089741
14 26 44 911272  0.07938313 -0.01190066  1.00054383
14 26 44 960175  0.07836366 -0.01321435  0.99988627
14 26 45 9807  0.07755733 -0.01429319  0.99649858
14 26 45 59378  0.07597733 -0.01200175  0.98933029
14 26 45 113592  0.08032203 -0.01309991  0.99090958
14 26 45 161004  0.076298   -0.01397896  0.99542069
14 26 45 210495  0.07688379 -0.0139308   0.99495459
14 26 45 259552  0.07283926 -0.01851225  0.99916792
14 26 45 308763  0.07735443 -0.01643896  1.00030494
14 26 45 357696  0.07516885 -0.01838303  0.99687529
14 26 45 411154  0.07785225 -0.01927257  0.99958658
14 26 45 460729  0.07751155 -0.02350116  1.00454354
14 26 45 509613  0.08012629 -0.02851605  1.00515962
14 26 45 558512  0.07738161 -0.02620435  1.00641632
14 26 45 607550  0.07635164 -0.02263165  1.00312066
14 26 45 668709  0.07664347 -0.02394962  0.99899364
14 26 45 717397  0.07738924 -0.02478242  1.00024104
14 26 45 759141  0.07945395 -0.02327847  0.99901223
14 26 45 808105  0.07666922 -0.02202702  1.00164986
14 26 45 861160  0.07721591 -0.02416277  1.00319815
14 26 45 910470  0.07510448 -0.0188992   1.00199986
14 26 45 960307  0.07623625 -0.01704383  0.99891877
14 26 46 9280  0.0781374  -0.01460576  1.00086689
14 26 46 57999  0.0797801  -0.0226078   0.99656582
14 26 46 111452  0.0782063  -0.02586484  1.00525498
14 26 46 168627  0.0809164  -0.02760959  0.99849129
14 26 46 217348  0.07886839 -0.02672529  0.99364591
14 26 46 258865  0.08203411 -0.01874352  0.99995255
14 26 46 307437  0.08129239 -0.00450706  0.99583888
14 26 46 357096 0.07654643 0.00802898 0.98925805
14 26 46 410125 0.07577682 0.01325107 0.99045205
14 26 46 459464 0.07542253 0.00286508 0.99802351
14 26 46 508394  0.07953978 -0.00513673  1.0093298 
14 26 46 558083  0.08520865 -0.00989604  1.00337672
14 26 46 611125  0.08134913 -0.00300193  0.98944926
14 26 46 660501  0.07848215 -0.01164818  0.99569511
14 26 46 709236  0.07492232 -0.0214572   1.00510979
14 26 46 758808  0.08013439 -0.02769613  1.00492692
14 26 46 807701  0.07783866 -0.01908422  0.99833965
