 0.00555563 -0.01294971  0.99841547
 0.00677347 -0.01160645  1.00260043
 0.00327182 -0.01082611  1.00930858
-0.00430369 -0.00705028  0.99201655
-0.0065701  -0.00885987  1.00325751
-0.00883102 -0.00943947  1.00300002
-0.01100969 -0.01058578  0.99738789
-0.00812483 -0.01503253  0.99743557
-0.00532556 -0.01560497  1.00233817
-0.00293064 -0.01098108  1.00562239
-5.14984131e-05 -1.34561062e-02  1.00323319e+00
 0.00583124 -0.00696397  1.00464845
 3.25393677e-03 -8.96215439e-04  1.00499701e+00
-0.00763345 -0.00346756  1.00049305
-0.01088691 -0.01269698  1.00492358
-0.01560998 -0.01310778  1.00089812
-0.01178145 -0.02167058  1.00334144
-0.01011992 -0.01650763  1.00560856
-0.00466514 -0.017802    1.00022006
-0.00872421 -0.0151217   0.99852943
-0.00994492 -0.00958419  1.0006721 
-0.00946355 -0.0096004   1.00210595
-0.00748634 -0.00534606  1.00380278
-0.00525737 -0.00689077  1.00354218
 0.00337124 -0.00323844  1.00502992
 0.00539875 -0.01282215  1.00466204
 0.00347161 -0.0133276   1.0043056 
 0.00536346 -0.01133585  1.00390005
 0.00138807 -0.01134801  1.00085974
-0.00215816 -0.00964308  1.00036311
-0.00811076 -0.00938892  1.0035634 
-0.01096392 -0.00887108  1.00062633
-0.01256132 -0.00834298  1.00238585
-0.01526761 -0.00537992  1.00512934
-0.00803566 -0.00780988  1.00145268
-0.00295568 -0.01016212  1.00248313
-0.00135589 -0.00894976  1.00693035
-0.00104165 -0.01472902  1.00169516
-4.81605530e-04 -1.64322853e-02  1.00462198e+00
-0.00146723 -0.01135015  1.00165105
-8.85009766e-04 -1.13475323e-02  1.00069022e+00
-0.00389004 -0.00928378  1.00174689
-0.00718951 -0.0105176   1.00551915
-0.00499988 -0.00946522  1.00322008
-0.00590825 -0.00988793  1.0003705 
-0.00518346 -0.00887609  1.00269842
-0.00790501 -0.00359273  1.00183868
-0.00847721 -0.00555325  0.99800849
-0.00865412 -0.00586414  1.00167847
-0.00783062 -0.00997376  0.99814677
-0.00705242 -0.01519918  1.00076938
-0.00648284 -0.01790547  1.00004625
 0.00196004 -0.01517153  0.99896932
-0.00158834 -0.01406002  1.00546169
 0.00207996 -0.01198483  0.99687982
-0.00142598 -0.01006031  1.00549388
-0.00250721 -0.00893259  1.00363946
-0.00580907 -0.00712872  1.00377488
-0.01071715 -0.00653791  1.00229335
