11 19 35 396490 0.01548624 0.01079988 0.00595665
11 19 35 445055  0.01140308  0.02256775 -0.00284052
11 19 35 494281 -0.00801373 -0.00985003 -0.00890541
11 19 35 545226  0.00337839 -0.0213995   0.00111866
11 19 35 595315  0.01799297 -0.00732946  0.00807953
11 19 35 643779 0.01836157 0.02241182 0.00167608
11 19 35 698478  0.00428152  0.01488018 -0.00186157
11 19 35 747253  3.61442566e-04 -1.81198120e-02  2.43186951e-05
11 19 35 798913  0.00540495 -0.01123714  0.00429773
11 19 35 843511 0.01056337 0.00689125 0.0048542 
11 19 35 893885  0.00652456  0.0233345  -0.00153065
11 19 35 944598 -0.00320339 -0.00712681 -0.00395155
11 19 35 993478  0.00565434 -0.01814938  0.0002389 
11 19 36 55088  0.01338577 -0.00440741  0.00184107
11 19 36 91324 0.01194668 0.01742601 0.00135517
11 19 36 144340  0.00430584  0.00935459 -0.00017452
11 19 36 194832 -0.00091219 -0.01301622 -0.00224638
11 19 36 243607 -0.00238132 -0.00928593 -0.00088263
11 19 36 297060 0.00929356 0.00605774 0.00515747
11 19 36 344508  0.00889587  0.01806831 -0.00157833
11 19 36 391359 -0.01054811 -0.00318384 -0.01233006
11 19 36 443656 -0.0043993  -0.01973057 -0.00452471
11 19 36 492760  0.01279831 -0.00901127  0.0056057 
11 19 36 544086 0.01443195 0.01646233 0.00027418
11 19 36 593994  0.00115967  0.01738501 -0.00508308
11 19 36 645265 -0.00440836 -0.01299667 -0.00405025
11 19 36 694257 -0.00335646 -0.01195574  0.00077724
11 19 36 743058 0.00158453 0.00161505 0.0022068 
11 19 36 794873  0.00352669  0.01897669 -0.00185204
11 19 36 844584 -0.01070213  0.00217009 -0.0099144 
11 19 36 896692 -0.00976181 -0.01777601 -0.00764894
11 19 36 946313  0.00330877 -0.01045179  0.00201797
11 19 36 996812 0.00667953 0.00983047 0.00060034
11 19 37 50806 -0.00197935  0.01521349 -0.00385761
11 19 37 92551 -0.00818872 -0.00872898 -0.00499678
11 19 37 145983 -0.01002502 -0.01128531 -0.00190496
11 19 37 194439 -0.0039196   0.00019979  0.00168514
11 19 37 244963  0.00594997  0.01569748 -0.00022793
11 19 37 294949 -0.00996065  0.00818825 -0.0134182 
11 19 37 343159 -0.02193785 -0.01642418 -0.01407862
11 19 37 395896 -0.00176716 -0.01783371  0.0025363 
11 19 37 444536 0.01082516 0.00455618 0.00280523
11 19 37 496692  0.00235176  0.02455091 -0.00774384
11 19 37 545211 -0.01519442 -0.00296259 -0.00756311
11 19 37 593929 -0.01132202 -0.01654291 -0.00109005
11 19 37 643002 -0.0034976  -0.00453997  0.00131512
11 19 37 693176 -0.00342369  0.0143795  -0.0043869 
11 19 37 744465 -0.01517344  0.01182508 -0.0087738 
11 19 37 794424 -0.01341772 -0.01417923 -0.00742054
11 19 37 846164 -0.0027709  -0.01328468 -0.00357151
11 19 37 894479  0.00052452  0.00362873 -0.00375319
11 19 37 945335 -0.00281429  0.01588631 -0.0046587 
11 19 37 995288 -0.00982237 -0.00274467 -0.00581789
11 19 38 47003 -0.01376772 -0.01171064 -0.00687647
11 19 38 95636 -0.00769186 -0.00234699 -0.00178862
11 19 38 143664  0.00078726  0.01149035 -0.00156641
11 19 38 192157 -0.01136541  0.00869846 -0.01217651
11 19 38 243209 -0.02119207 -0.01294518 -0.01416302
11 19 38 292325 -0.00463247 -0.01433706 -0.00234413
11 19 38 344292  0.00727367  0.0020647  -0.00174046
11 19 38 415135  0.00106621  0.01801109 -0.00744867
11 19 38 471818 -0.01295424 -0.00070667 -0.00879812
11 19 38 512805 -0.01266718 -0.01257849 -0.00599861
11 19 38 562947 -0.01018858 -0.0066309  -0.00316668
11 19 38 621891 -0.00230646  0.00807142 -0.00256634
11 19 38 662935 -0.00755167  0.01239014 -0.00944901
11 19 38 713743 -0.0184021  -0.00874329 -0.01435804
11 19 38 756236 -0.01006413 -0.01467228 -0.00762749
11 19 38 791569  0.00333691 -0.00324392 -0.00150061
11 19 38 843516  0.00367403  0.01386118 -0.00607395
11 19 38 892488 -0.00777292  0.00417185 -0.00882673
11 19 38 944403 -0.01206589 -0.01179028 -0.00887775
11 19 38 994231 -0.01102161 -0.00799751 -0.00496769
11 19 39 54495 -0.00188971  0.00416851 -0.00139761
11 19 39 94654  0.00072813  0.01225042 -0.00696898
11 19 39 142011 -0.01257515 -0.00187302 -0.01576567
11 19 39 195655 -0.01218319 -0.01492405 -0.01311016
11 19 39 244092  0.00313377 -0.00993586 -0.00191402
11 19 39 295630  0.00872755  0.00935793 -0.00432253
11 19 39 344727 -0.00080395  0.01131153 -0.00899553
11 19 39 392459 -0.00953674 -0.01019573 -0.010849  
11 19 39 443251 -0.00928783 -0.01181984 -0.00724936
11 19 39 493663 -0.00500584 -0.00134516 -0.00269461
11 19 39 544644  0.00490475  0.01170635 -0.00287819
11 19 39 595235 -0.00304317  0.00589323 -0.01293612
11 19 39 644984 -0.01561213 -0.01218367 -0.01779366
11 19 39 694586 -0.00418758 -0.01506662 -0.00718498
11 19 39 743011  0.00932837 -0.00022364 -0.00054741
11 19 39 795117  0.00939941  0.01739216 -0.00683165
11 19 39 844297 -0.00606966 -0.00078344 -0.01122189
11 19 39 901660 -0.00746155 -0.01449823 -0.00965643
11 19 39 944655 -0.00373936 -0.00723362 -0.00387764
11 19 39 991772  0.00470781  0.00819111 -0.00154972
11 19 40 50779  0.00975657  0.01288414 -0.00615406
11 19 40 92502 -0.00968409 -0.00251532 -0.01994419
11 19 40 144092 -0.01535273 -0.01734304 -0.01794052
11 19 40 193457  0.00346851 -0.01434231 -0.0005517 
11 19 40 244842  0.01581383  0.01011753 -0.00154114
11 19 40 294371  0.00596428  0.02113914 -0.01139307
11 19 40 345588 -0.01079988 -0.0124855  -0.01284742
11 19 40 395148 -0.00452709 -0.01590586 -0.00576878
11 19 40 443965  0.001266   -0.00236273 -0.00116062
11 19 40 496027  0.01251888  0.01849413 -0.00489616
11 19 40 544796  0.00041866  0.01075077 -0.01366711
11 19 40 591588 -0.0125227  -0.01538658 -0.01773643
11 19 40 643340 -0.00082016 -0.01550102 -0.00891018
11 19 40 692701  0.01072073  0.00043201 -0.00257015
11 19 40 744198  0.01247168  0.02084303 -0.00789356
11 19 40 793420 -3.63779068e-03  9.20295715e-05 -1.12671852e-02
11 19 40 845055 -0.00602818 -0.01603174 -0.01203108
11 19 40 894351 -0.00060797 -0.00647211 -0.00607729
11 19 40 943458  0.01015377  0.01065397 -0.00203514
11 19 40 995221  0.00948429  0.01622772 -0.00995779
11 19 41 46962 -0.01151705 -0.00668383 -0.02021599
11 19 41 96600 -0.00842333 -0.01784134 -0.01570511
11 19 41 143797  0.00846386 -0.00832462 -0.00287151
11 19 41 191965  0.01641273  0.01645994 -0.0060091 
11 19 41 243340  0.00530291  0.01590395 -0.01199436
11 19 41 292544 -0.00612593 -0.01331902 -0.01331377
11 19 41 344230 -0.00235891 -0.01173067 -0.01034212
11 19 41 393390  0.0040164   0.00118637 -0.00407696
11 19 41 445322  0.0168438   0.019907   -0.00449467
11 19 41 495167 -0.01562405 -0.01518154 -0.02492762
11 19 41 542992 -0.00333881 -0.01823282 -0.01177549
11 19 41 594940  0.01294851  0.03124571 -1.43750095
11 19 41 644201  0.01892757  0.02803373 -0.00906992
11 19 41 696309 -0.00197458  0.00631762 -0.01524591
11 19 41 744687 -0.00660992 -0.01989222 -0.01423979
11 19 41 792194 0.00963831 0.00087786 0.00202179
11 19 41 843611  0.01260805  0.0307169  -0.00813627
11 19 41 892568 -0.01252556  0.00379181 -0.01608849
11 19 41 944221 -0.01358271 -0.02055883 -0.01413393
11 19 41 993621 -0.0068593  -0.00949097 -0.00439119
11 19 42 55234  0.00360489  0.01207829 -0.002038  
11 19 42 91189  0.00944901  0.03087664 -0.01019859
11 19 42 142153 -0.02038193 -0.00402117 -0.02324915
11 19 42 195224 -0.02454138 -0.02379274 -0.02209187
11 19 42 244663 -0.00260258 -0.01484871 -0.00276327
11 19 42 295780  0.01009846  0.01757622 -0.00287151
11 19 42 344618  0.00094986  0.03382063 -0.01380348
11 19 42 391530 -0.01739025 -0.01527071 -0.01622581
11 19 42 443194 -0.00950909 -0.01870441 -0.01134348
11 19 42 492518  0.00071955 -0.0013833  -0.00295115
11 19 42 544358  0.01015425  0.02999496 -0.00808573
11 19 42 593473 -0.00945711  0.01772261 -0.01956844
11 19 42 644929 -0.02187395 -0.02409172 -0.02148533
11 19 42 694399 -0.00241232 -0.01955414 -0.00843859
11 19 42 743621  0.00670052  0.00339413 -0.00419617
11 19 42 794973  0.00652266  0.03621578 -0.01066208
11 19 42 847400 -0.00968456  0.00442123 -0.01299953
11 19 42 895738 -0.0089817  -0.02152157 -0.01248837
11 19 42 946173  0.00099802 -0.00712204 -0.0088644 
11 19 42 991876  0.00781107  0.01837778 -0.0071044 
11 19 43 50874 -0.00358343  0.02778769 -0.0165906 
11 19 43 92440 -0.01975107 -0.01542473 -0.01906252
11 19 43 146068 -0.00378609 -0.02012444 -0.01029348
11 19 43 194399  0.00656796 -0.00106144 -0.00801373
