11 19 35 396490 -0.07567525 -0.05269408  1.06654525
11 19 35 445055 -0.06649828  0.03422022  1.066957  
11 19 35 494281 -0.06998181 -0.01934338  0.92776227
11 19 35 545226 -0.07532597 -0.14184642  0.91448855
11 19 35 595315 -0.08334255 -0.1384201   1.02165008
11 19 35 643779 -0.06967449 -0.03302312  1.07818413
11 19 35 698478 -0.06526589 -0.02250624  1.02634263
11 19 35 747253 -0.0670743  -0.07693624  0.90723062
11 19 35 798913 -0.06941438 -0.11217976  0.97896361
11 19 35 843511 -0.08203793 -0.05458856  1.06753302
11 19 35 893885 -0.07177472  0.00722456  1.07044029
11 19 35 944598 -0.06962895 -0.04198289  0.93833256
11 19 35 993478 -0.07087016 -0.10837531  0.9222331 
11 19 36 55088 -0.07644701 -0.09223723  1.0240097 
11 19 36 91324 -0.0723691  -0.03886461  1.06331944
11 19 36 144340 -0.07114816 -0.03281808  1.00899339
11 19 36 194832 -0.06457758 -0.05601406  0.92069983
11 19 36 243607 -0.07004809 -0.08963299  0.96989775
11 19 36 297060 -0.07537198 -0.07878137  1.05162096
11 19 36 344508 -0.07219672  0.01194406  1.07787967
11 19 36 391359 -0.07116652  0.00197744  0.96987247
11 19 36 443656 -0.07350183 -0.11570072  0.90912938
11 19 36 492760 -0.07751322 -0.15465188  0.99234867
11 19 36 544086 -0.07102013 -0.05170012  1.06405544
11 19 36 593994 -0.06908369 -0.00483298  1.05039167
11 19 36 645265 -0.06645012 -0.05519462  0.92430401
11 19 36 694257 -0.06717491 -0.10458565  0.94468617
11 19 36 743058 -0.07385874 -0.08714557  1.03009772
11 19 36 794873 -0.06919742 -0.00297213  1.07756376
11 19 36 844584 -0.06841278  0.00721598  0.99147773
11 19 36 896692 -0.07759142 -0.09084487  0.9112277 
11 19 36 946313 -0.08041406 -0.14623904  0.97382164
11 19 36 996812 -0.06930733 -0.08030725  1.04754424
11 19 37 50806 -0.06467366 -0.02508044  1.04463553
11 19 37 92551 -0.06649399 -0.05246758  0.94761634
11 19 37 145983 -0.06695509 -0.09205413  0.94677663
11 19 37 194439 -0.06777453 -0.09818339  1.01339531
11 19 37 244963 -0.06714964 -0.01532078  1.07321262
11 19 37 294949 -0.06713223  0.05055475  1.02693963
11 19 37 343159 -0.07880592 -0.06615019  0.92035127
11 19 37 395896 -0.08391285 -0.18322039  0.94525838
11 19 37 444536 -0.07491994 -0.1121006   1.02939153
11 19 37 496692 -0.05865169  0.00428843  1.06880999
11 19 37 545211 -0.07331824 -0.03475881  0.97133517
11 19 37 593929 -0.07232213 -0.10523629  0.92507815
11 19 37 643002 -0.07208133 -0.10396314  1.0031271 
11 19 37 693176 -0.06580186 -0.0123837   1.06810999
11 19 37 744465 -6.11753464e-02  2.25782394e-04  1.02919364e+00
11 19 37 794424 -0.07785916 -0.0789988   0.92584658
11 19 37 846164 -0.08955956 -0.11695504  0.9658432 
11 19 37 894479 -0.07290554 -0.0712173   1.03407407
11 19 37 945335 -0.05889916 -0.03439665  1.03774166
11 19 37 995288 -0.06555939 -0.04455304  0.96620536
11 19 38 47003 -0.07378459 -0.071486    0.94894457
11 19 38 95636 -0.07886815 -0.09826446  1.00560093
11 19 38 143664 -0.06983685 -0.04175043  1.05596137
11 19 38 192157 -0.0643456   0.02567148  1.03132868
11 19 38 243209 -0.06769204 -0.04785204  0.93650985
11 19 38 292325 -0.08121037 -0.14446044  0.95295095
11 19 38 344292 -0.08310771 -0.10911965  1.02956772
11 19 38 415135 -0.06410456 -0.02216601  1.05671144
11 19 38 471818 -0.06064248 -0.02638793  0.9798398 
11 19 38 512805 -0.06608868 -0.07360911  0.934165  
11 19 38 562947 -0.07553411 -0.10967875  0.98958778
11 19 38 621891 -0.07579494 -0.05799985  1.05408597
11 19 38 662935 -0.0591414   0.00959229  1.03788519
11 19 38 713743 -0.06348848 -0.02224231  0.95082331
11 19 38 756236 -0.07899165 -0.11303258  0.94301653
11 19 38 791569 -0.08239388 -0.127918    1.01068306
11 19 38 843516 -0.07035756 -0.04931235  1.05311012
11 19 38 892488 -0.06360221 -0.02156401  1.0027914 
11 19 38 944403 -0.06372952 -0.05478573  0.94105554
11 19 38 994231 -0.06988716 -0.09392118  0.97389913
11 19 39 54495 -0.07618427 -0.0942328   1.03449368
11 19 39 94654 -0.06931019 -0.00844598  1.05553865
11 19 39 142011 -0.06249571  0.0151422   0.98792744
11 19 39 195655 -0.07488894 -0.07323742  0.93594861
11 19 39 244092 -0.08240342 -0.14394808  0.98138118
11 19 39 295630 -0.07691979 -0.08447456  1.03787088
11 19 39 344727 -0.06768823 -0.01762819  1.03262711
11 19 39 392459 -0.06608748 -0.03612494  0.94843149
11 19 39 443251 -0.06313682 -0.08450365  0.95819187
11 19 39 493663 -0.07202363 -0.10932732  1.01036501
11 19 39 544644 -0.07195902 -0.05523658  1.05920577
11 19 39 595235 -0.0667901   0.02623558  1.02524543
11 19 39 644984 -0.06855392 -0.0177927   0.95204806
11 19 39 694586 -0.07527351 -0.12964964  0.95370579
11 19 39 743011 -0.0776608  -0.13453698  1.01259542
11 19 39 795117 -0.06758261 -0.04258847  1.04739118
11 19 39 844297 -0.06935358 -0.02343392  0.98958635
11 19 39 901660 -0.06311631 -0.06322551  0.94438577
11 19 39 944655 -0.06497979 -0.10504913  0.98795533
11 19 39 991772 -0.06975365 -0.09367633  1.04169416
11 19 40 50779 -0.06740904 -0.00133896  1.0528214 
11 19 40 92502 -0.06406713  0.047575    0.98735309
11 19 40 144092 -0.07155967 -0.06503558  0.92866874
11 19 40 193457 -0.07726884 -0.17618918  0.96590567
11 19 40 244842 -0.07386494 -0.10426331  1.03476238
11 19 40 294371 -0.06104422 -0.00719404  1.0548315 
11 19 40 345588 -0.06809831 -0.04284358  0.9492383 
11 19 40 395148 -0.05821753 -0.10343194  0.95453095
11 19 40 443965 -0.07011724 -0.12165236  1.02554107
11 19 40 496027 -0.0675838  -0.04053855  1.06858945
11 19 40 544796 -0.06026506  0.02246094  1.02104378
11 19 40 591588 -0.06060147 -0.0295682   0.9261291 
11 19 40 643340 -0.07430887 -0.11671734  0.95927048
11 19 40 692701 -0.07821369 -0.12282729  1.02112961
11 19 40 744198 -0.06603312 -0.04118228  1.04980206
11 19 40 793420 -0.06664014 -0.03256655  0.97969532
11 19 40 845055 -0.06387854 -0.062428    0.94242477
11 19 40 894351 -0.06721044 -0.10781264  1.00140238
11 19 40 943458 -0.0722816  -0.08662868  1.0507381 
11 19 40 995221 -0.06450701  0.00658822  1.04845452
11 19 41 46962 -0.05848575  0.01643109  0.95774889
11 19 41 96600 -0.0686295  -0.08048034  0.93523026
11 19 41 143797 -0.07939363 -0.14744306  0.99640775
11 19 41 191965 -0.07355332 -0.077667    1.04610491
11 19 41 243340 -0.06281543 -0.01886559  1.03042579
11 19 41 292544 -0.0615449  -0.04786825  0.93330073
11 19 41 344230 -0.06219244 -0.09304309  0.97063351
11 19 41 393390 -0.07079458 -0.11643958  1.02873611
11 19 41 445322 -0.06742597 -0.05104327  1.06490588
11 19 41 495167 -0.07808042  1.01562262 -0.73074555
11 19 41 542992 -0.07715416 -0.13011789  0.95055723
11 19 41 594940  0.01531625 -0.12560415 -0.90226698
11 19 41 644201 -0.06643677 -0.04376221 -0.55836034
11 19 41 696309 -0.06811333 -0.0193758   0.99689698
11 19 41 744687 -0.01025105 -0.00551343  0.01558113
11 19 41 792194 -0.0861764  -0.17713022  1.02257442
11 19 41 843611 -0.06803679 -0.04489923  1.06379437
11 19 41 892568 -0.06820369 -0.01175165  0.9903903 
11 19 41 944221 -0.06473351 -0.06918597  0.92156887
11 19 41 993621 -0.06410241 -0.12594533  1.00192451
11 19 42 55234 -0.07331443 -0.08847976  1.06127501
11 19 42 91189 -0.0670855   0.01983929  1.07763624
11 19 42 142153 -0.06076956  0.04329157  0.94284487
11 19 42 195224 -0.07407522 -0.0804112   0.90210485
11 19 42 244663 -0.08336043 -0.17782497  0.98963118
11 19 42 295780 -0.07837319 -0.09576988  1.06245136
11 19 42 344618 -0.06083131 -0.0025003   1.0641675 
11 19 42 391530 -0.07249331 -0.04333091  0.91296363
11 19 42 443194 -0.06712937 -0.10402513  0.94758725
11 19 42 492518 -0.07465506 -0.10941291  1.04751348
11 19 42 544358 -0.06586266 -0.00380945  1.09353828
11 19 42 593473 -0.0619576   0.04303837  1.01424098
11 19 42 644929 -0.06470442 -0.06387711  0.87096334
11 19 42 694399 -0.07402325 -0.15827441  0.95974874
11 19 42 743621 -0.07609224 -0.10772467  1.06003547
11 19 42 794973 -0.05106831 -0.02262926  1.08246922
11 19 42 847400 -0.06075025 -0.04707074  0.95868421
11 19 42 895738 -0.06077671 -0.09300137  0.90154243
11 19 42 946173 -0.07202172 -0.10696054  1.02588606
11 19 42 991876 -0.07168436 -0.02457261  1.09056568
11 19 43 50874 -0.05974174  0.02472067  1.05329847
11 19 43 92440 -0.0623517  -0.05888152  0.87701488
11 19 43 146068 -0.07145596 -0.14671993  0.92055321
11 19 43 194399 -0.07692647 -0.11260176  1.04731417
