11 33 41 420886 -0.60074997  0.02942276  0.8069458 
11 33 41 423703 -0.60019684  0.02707672  0.79724693
11 33 41 442710 -0.59888649  0.03080368  0.79484367
11 33 41 449324 -0.6011219   0.03083801  0.79454613
11 33 41 497016 -0.5932827   0.03148842  0.78970528
11 33 41 548687 -0.59290504  0.02851295  0.79437447
11 33 41 599900 -0.59062195  0.02030373  0.79651642
11 33 41 652187 -0.5945015   0.01613045  0.79191971
11 33 41 700573 -0.59138298  0.01265335  0.7937088 
11 33 41 745752 -0.59519005  0.01503944  0.78556633
11 33 41 797849 -0.59692764  0.01540756  0.80017281
11 33 41 847421 -0.60051155  0.02033234  0.80505753
11 33 41 899366 -0.59859276  0.01693535  0.80954552
11 33 41 948008 -0.59609032  0.01657677  0.80630875
11 33 41 996406 -0.5945816   0.013937    0.81049347
11 33 42 48813 -0.60204315  0.01548958  0.81232262
11 33 42 100376 -0.60923004  0.01849937  0.81504822
11 33 42 149609 -0.6181469   0.02296448  0.82035065
11 33 42 198710 -0.60900688  0.01046371  0.82274437
11 33 42 249732 -0.6054554   0.00332832  0.82023048
11 33 42 299966 -0.60471153  0.00642014  0.8234787 
11 33 42 347001 -0.61210251  0.00886345  0.83320618
11 33 42 399952 -0.61678886  0.01841354  0.82896614
11 33 42 446828 -0.60308647  0.02222061  0.82395744
11 33 42 498037 -0.59258461  0.01092339  0.81889725
11 33 42 556024 -0.59174728  0.00630951  0.81660271
11 33 42 628377 -0.60684395  0.00735664  0.81864738
11 33 42 679918 -0.61149406  0.00095367  0.8255043 
11 33 42 733980 -0.60380363  0.00217056  0.8237133 
11 33 42 783623 -0.5900631   0.00450325  0.81360435
11 33 42 833071 -0.58120346 -0.00477409  0.80503464
11 33 42 866727 -0.58032227  0.00272751  0.79986382
11 33 42 899376 -0.58847427  0.00316238  0.80667686
11 33 42 947393 -0.59511948  0.00895882  0.81245422
11 33 42 998838 -5.86250305e-01  5.68389893e-04  8.06398392e-01
11 33 43 49294 -0.57863235  0.00306702  0.80471802
11 33 43 106601 -0.57872391  0.0038147   0.80270576
11 33 43 148142 -0.5899086   0.00814629  0.80870247
11 33 43 196495 -0.5924015   0.01057625  0.81794739
11 33 43 258387 -0.5877037   0.01318169  0.81441498
11 33 43 328322 -0.57685661  0.01325417  0.81038284
11 33 43 377911 -0.57330322  0.01644897  0.79993439
11 33 43 430604 -0.58141327  0.01962662  0.81058693
11 33 43 471608 -0.58676338  0.01943016  0.81600571
11 33 43 522899 -0.58347702  0.01439476  0.81834602
11 33 43 569261 -0.58312416  0.01029778  0.80630112
11 33 43 616061 -0.58300781  0.01037216  0.80576134
11 33 43 672691 -0.58356476  0.00848389  0.80371094
11 33 43 714327 -0.57971191  0.01467896  0.81221771
11 33 43 775099 -0.58174896  0.01469231  0.81078339
11 33 43 828993 -0.57434464  0.01597404  0.80903244
11 33 43 886864 -0.56889915  0.02638817  0.80363655
11 33 43 937824 -0.566576    0.02350616  0.80583763
11 33 44 9313 -0.57642174  0.02427101  0.80879021
11 33 44 60111 -0.57758713  0.02826118  0.80923462
11 33 44 110369 -0.57136917  0.01498985  0.81468391
11 33 44 160119 -0.5669899   0.01376724  0.8090744 
11 33 44 207777 -0.5758152   0.01795006  0.81100845
11 33 44 254278 -0.578722    0.01767921  0.80563545
11 33 44 304873 -0.57843971  0.01549149  0.80891037
11 33 44 355505 -0.57345581  0.02611923  0.80498505
11 33 44 410321 -0.57584381  0.02177238  0.8096199 
11 33 44 458946 -0.58150291  0.01989365  0.80674553
11 33 44 523291 -0.58221626  0.01881981  0.80397606
11 33 44 587372 -0.58098793  0.02370262  0.80835342
11 33 44 640952 -0.5873909   0.02357292  0.80507469
11 33 44 691921 -0.59103394  0.02505493  0.79896545
11 33 44 741216 -0.58598137  0.0268631   0.79162407
11 33 44 786757 -0.57878876  0.02622223  0.79282188
11 33 44 822425 -0.5822258   0.02235985  0.79447174
11 33 44 870664 -0.58490181  0.02215958  0.80540657
11 33 44 925888 -0.59054184  0.01499939  0.81232452
11 33 44 983047 -0.59659767  0.01599121  0.81384659
11 33 45 39807 -0.597229    0.01311874  0.81384468
11 33 45 93854 -0.5958271   0.01364136  0.81352997
11 33 45 143627 -0.60085487  0.02117348  0.82126617
11 33 45 202140 -0.60256004  0.01527023  0.82112312
11 33 45 258856 -0.60572815  0.01329231  0.823349  
11 33 45 301878 -0.60573959  0.01419449  0.82442665
11 33 45 341459 -0.60824966  0.01717377  0.82845306
11 33 45 384997 -0.61889267  0.01674271  0.82723427
11 33 45 432230 -0.61383629  0.01819801  0.83267021
11 33 45 466488 -0.6117382   0.016922    0.83454323
11 33 45 505217 -0.59931946  0.01161957  0.83115196
11 33 45 541522 -0.5983429   0.01600266  0.82842827
11 33 45 579682 -0.59865952  0.00817299  0.82245064
11 33 45 613461 -0.59749603  0.00603104  0.82614899
11 33 45 670618 -0.5948658   0.0033741   0.81993294
11 33 45 715177 -5.88294983e-01 -4.69207764e-04  8.16177368e-01
11 33 45 769219 -0.58666992 -0.00782967  0.81262589
11 33 45 817883 -0.58312988 -0.00460243  0.80901718
11 33 45 866811 -0.58799171 -0.00728226  0.81046104
11 33 45 917793 -0.58908463 -0.01022339  0.81270599
11 33 45 964928 -0.58724785 -0.00984955  0.81204605
11 33 46 19828 -0.57708359 -0.01044273  0.80434036
11 33 46 79288 -0.58065033 -0.01002693  0.8037796 
11 33 46 129478 -0.59008598 -0.0063343   0.80296516
11 33 46 180145 -0.58412552  0.00214195  0.80665588
11 33 46 224567 -0.58106422  0.00556183  0.8079071 
11 33 46 267161 -0.58211517  0.00529861  0.80109787
11 33 46 320553 -0.58108902  0.01159668  0.80135345
11 33 46 376666 -0.58720398  0.01576424  0.81328773
11 33 46 436785 -0.58474541  0.00878143  0.81781578
11 33 46 483512 -0.58434868  0.01346207  0.81483841
11 33 46 524353 -0.57975006  0.01676178  0.81672859
11 33 46 567172 -0.57747841  0.01083946  0.82167244
11 33 46 598058 -0.57992172  0.01089668  0.82203484
11 33 46 647452 -0.5760479   0.01024628  0.82251167
11 33 46 699460 -0.57115364  0.00852966  0.81639481
11 33 46 749117 -0.57143402  0.01016235  0.80773163
11 33 46 797294 -0.57757759  0.0038681   0.8101635 
11 33 46 849074 -0.58196259  0.00151443  0.81687355
11 33 46 898155 -0.58524895  0.00946426  0.81403732
11 33 46 950595 -0.58634758  0.00922394  0.80818748
11 33 46 998172 -0.57527351  0.00811577  0.81028748
11 33 47 51099 -0.57171249  0.01534843  0.8078022 
11 33 47 101989 -0.58432388  0.0155201   0.81603432
11 33 47 146112 -0.58543777  0.01783752  0.81366539
11 33 47 198671 -0.57320023  0.02057457  0.81762505
11 33 47 247088 -0.57332039  0.02510262  0.81790161
11 33 47 298461 -0.57410049  0.01996422  0.8121109 
11 33 47 348137 -0.56896591  0.01623154  0.81246758
11 33 47 400121 -0.5695076   0.01029396  0.8173275 
11 33 47 448760 -0.56828117  0.02024841  0.81689262
11 33 47 497850 -0.57065964  0.01676941  0.81273842
11 33 47 547777 -0.58293915  0.01390839  0.81502342
11 33 47 598013 -0.57709885  0.01011848  0.80680847
11 33 47 650137 -0.57437515  0.01479912  0.80690193
11 33 47 700031 -0.57678032  0.01779175  0.81507492
11 33 47 747645 -0.57840538  0.01707458  0.81750298
11 33 47 798546  0.12273598 -0.62492371 12.00318718
11 33 47 847957 -0.58304214  0.02894783  0.81578255
11 33 47 898516 -0.57506371  0.02974129  0.81989479
11 33 47 947744  -0.57423973   0.03078079 -13.50097084
11 33 47 997998 -0.55807304 -0.00478172  0.81725121
11 33 48 50645 -5.60863495e-01 -2.53677368e-04  8.17708969e-01
11 33 48 100864 -0.56287193  0.00350952  0.81826591
11 33 48 149955 -0.5685482   0.00409889  0.81769753
11 33 48 200180 -0.56414413  0.00822258  0.8217907 
11 33 48 251546 -0.55533028  0.00482941  0.82156181
11 33 48 299511 -0.55185318  0.0071125   0.83086395
11 33 48 346688 -0.55448723  0.01049614  0.82938194
11 33 48 398810 -0.56258392  0.0065403   0.83438492
11 33 48 447650 -0.56000519  0.00817871  0.83123016
11 33 48 498758 -0.56148529 -0.00178909  0.83330345
11 33 48 548715 -0.56404877 -0.00263977  0.83246994
11 33 48 600413 -0.57203102 -0.00447845  0.83206558
11 33 48 649630 -0.5750103  -0.00289536  0.83409882
11 33 48 699770 -0.57453156 -0.00266647  0.83641624
11 33 48 751916 -5.72257996e-01  6.61849976e-04  8.38758469e-01
11 33 48 799763 -0.57746696  0.00431442  0.83523178
11 33 48 849631 -0.57877159  0.00414467  0.83301353
11 33 48 899003 -0.57257652  0.01457214  0.83855247
11 33 48 946636 -0.57979965  0.01987457  0.84503555
11 33 48 998697 -0.58114815  0.01456451  0.84265137
11 33 49 47484 -0.57580185  0.01966667  0.84029579
11 33 49 108748 -0.57291985  0.01494789  0.84525299
11 33 49 149439 -0.57467651  0.01851463  0.84425926
11 33 49 197379 -0.5811348   0.02273369  0.84328842
11 33 49 249118 -0.58276939  0.01403427  0.83976936
11 33 49 298792 -0.5696106   0.00834274  0.8355999 
11 33 49 351813 -5.65412521e-01 -7.45773315e-04  8.33900452e-01
11 33 49 400809 -0.57745934 -0.00298309  0.83083153
11 33 49 450509 -0.58486938  0.00172806  0.82730103
11 33 49 500977 -0.57240295  0.00338745  0.834795  
11 33 49 547356 -5.69314957e-01  4.25338745e-04  8.28294754e-01
11 33 49 598226 -0.57147217 -0.00227928  0.82628441
11 33 49 647988 -0.56954193 -0.0042572   0.82482338
11 33 49 699715 -0.5728569   0.00245667  0.82224846
11 33 49 748340 -0.57528114  0.00875854  0.82928085
11 33 49 797870 -0.57163429  0.00733566  0.82529068
11 33 49 850319 -0.56677437  0.00762939  0.82071495
11 33 49 897586 -0.56292725  0.00800133  0.81714439
11 33 49 949761 -0.56064034  0.00496674  0.81341934
11 33 49 998451 -0.5659256   0.00696182  0.81646347
11 33 50 51090 -0.56117439  0.01010704  0.81921959
11 33 50 103059 -0.55953407  0.00178719  0.81942749
11 33 50 146677 -0.5552597   0.0028553   0.81139183
11 33 50 198101 -0.554533   -0.00370789  0.80938339
11 33 50 247070 -0.55896759 -0.00500679  0.81425285
11 33 50 298632 -0.55547142 -0.00523186  0.81929207
11 33 50 348047 -0.5618782  -0.00564766  0.81832695
11 33 50 400358 -0.5626545  -0.00946617  0.82003212
11 33 50 449030 -0.55752945 -0.01054764  0.81898117
11 33 50 498006 -0.56553268 -0.00246048  0.82275391
11 33 50 551008 -0.56867218 -0.00503922  0.82666016
11 33 50 599012 -0.57099724 -0.00276566  0.83456421
11 33 50 651300 -5.71340561e-01 -5.77926636e-04  8.37705612e-01
11 33 50 700392 -0.57480431 -0.0020256   0.83184242
11 33 50 747539 -0.57608032  0.00355148  0.83096313
11 33 50 798893 -0.57951736  0.00395203  0.82863045
11 33 50 847526 -0.58010674  0.00811577  0.83056068
11 33 50 899616 -0.57577324 -0.00358772  0.83037376
11 33 50 948435 -0.58069229 -0.00601196  0.83375931
11 33 50 997764 -0.58255005 -0.00872231  0.83512497
11 33 51 51809 -0.58002281 -0.00904465  0.82704353
11 33 51 100130 -0.57953835 -0.00979996  0.82581902
11 33 51 151557 -0.58034515 -0.00726891  0.82872009
11 33 51 197921 -0.57582474 -0.00492668  0.82274055
11 33 51 250840 -5.68923950e-01  3.94821167e-04  8.24165344e-01
11 33 51 299918 -0.56473923 -0.00182915  0.8243618 
11 33 51 347944 -0.56407166  0.00240135  0.81975555
11 33 51 399707 -0.56391907 -0.00260544  0.81541061
11 33 51 474682 -0.56225204 -0.0008831   0.8156414 
11 33 51 499064 -0.55872536  0.00380898  0.81451988
11 33 51 549698 -0.55786514  0.00432587  0.8110733 
11 33 51 597318 -5.62522888e-01 -3.33786011e-04  8.11456680e-01
11 33 51 653105 -0.55687332  0.00349617  0.81122589
11 33 51 699508 -0.55885315 -0.0012722   0.80939865
11 33 51 749686 -5.61412811e-01 -5.79833984e-04  8.19650650e-01
11 33 51 799393 -5.64893723e-01  6.33239746e-04  8.17119598e-01
11 33 51 852497 -0.56957245  0.00151443  0.82123947
11 33 51 899976 -0.57008171  0.0035038   0.81902885
11 33 51 946543 -0.56488419  0.00428391  0.82201958
11 33 51 998257 -0.56707573  0.00242043  0.8236084 
11 33 52 47603 -0.57167435  0.00560951  0.81917953
11 33 52 107947 -0.56370735  0.00478554  0.81352806
11 33 52 144621 -0.56568718  0.00685692  0.81216812
11 33 52 197198 -0.5628376   0.01018715  0.81528854
11 33 52 249288 -0.5621109   0.00765228  0.81028748
11 33 52 297974 -0.56085205  0.00643539  0.81004333
11 33 52 349822 -0.56372643  0.00545311  0.81537819
11 33 52 402118 -0.56847954  0.00729942  0.81755447
11 33 52 451089 -0.56652641  0.00187302  0.81290436
11 33 52 499345 -0.57254601  0.00244141  0.82016945
11 33 52 551260 -0.57608986  0.00443077  0.82369995
11 33 52 598049 -0.57773781  0.00844193  0.82305145
11 33 52 647307 -0.58257294  0.00619507  0.82765198
11 33 52 698884 -0.57775879  0.00822449  0.82627106
11 33 52 749158 -0.58201027  0.00945854  0.82581139
11 33 52 797041 -0.59011078  0.00758362  0.82829857
11 33 52 849285 -0.58840179  0.01159286  0.83134079
11 33 52 897864 -0.58686638  0.01077461  0.82729721
11 33 52 949965 -0.58970261  0.01583481  0.82335472
11 33 52 998515 -0.58745003  0.00735855  0.82417679
11 33 53 51656 -0.58245659  0.00496674  0.82747841
11 33 53 102413 -0.57513618  0.01060486  0.82092285
11 33 53 146682 -0.57884407  0.0060215   0.82668114
11 33 53 198366 -0.5790863   0.00196457  0.82554626
11 33 53 247756 -0.57300377  0.00292778  0.82593346
11 33 53 300073 -0.57130051 -0.00299835  0.82180214
11 33 53 348125 -0.5683651  -0.00145721  0.82240486
11 33 53 399191 -0.56801224 -0.00346184  0.8115921 
11 33 53 448033 -0.57095718 -0.00872231  0.80888748
11 33 53 497563 -0.57114601 -0.00359344  0.81165504
11 33 53 551301 -0.57485962 -0.00571251  0.80652809
11 33 53 603675 -0.57024193 -0.00132942  0.81007576
11 33 53 650954 -0.57282448 -0.00350761  0.80987549
11 33 53 701128 -0.58322144  0.00196838  0.81439781
11 33 53 748020 -0.58357048 -0.00404549  0.81857872
11 33 53 798751 -0.58301926 -0.00242996  0.82154846
11 33 53 847572 -0.58102226 -0.00142097  0.82452011
11 33 53 900646 -0.57846832 -0.00424004  0.82194328
11 33 53 949591 -0.58248138 -0.00622177  0.82038116
11 33 53 999866 -0.58101845  0.12496567  8.50322914
11 33 54 48804 -0.58942795 -0.00782013  0.82009125
11 33 54 101017 -0.58468819 -0.01118469  0.81618881
11 33 54 151178 -0.58095169 -0.01309013  0.75024986
11 33 54 199508 -0.57736778 -0.01075363  0.81629181
11 33 54 253116 -0.58485794 -0.01055145  0.81862259
11 33 54 302228 -0.58903122 -0.01019287  0.81323051
11 33 54 345815 -0.58664322 -0.00244331  0.81808662
11 33 54 405270 -0.58971405 -0.00159264  0.81061363
11 33 54 446935 -0.58420181 -0.00612068  0.81784439
11 33 54 498167 -0.58831596 -0.00606918  0.81938553
11 33 54 548570 -0.58298302 -0.0052433   0.8153019 
11 33 54 597789 -0.58808136 -0.00788498  0.81417847
11 33 54 650789 -0.58304024 -0.0043335   0.81418228
11 33 54 699146 -0.58071899 -0.00620651  0.81887054
11 33 54 750840 -0.58877373 -0.01309967  0.81236649
11 33 54 800433 -0.58433151 -0.01081276  0.81953621
11 33 54 852505 -0.58241463 -0.01540565  0.81149483
11 33 54 900421 -0.58670616 -0.01208115  0.81770325
11 33 54 947814 -0.58631516 -0.01593971  0.81565285
11 33 55 1361 -0.58278275 -0.0100708   0.81546021
11 33 55 47673 -0.58433723 -0.01596642  0.81278419
11 33 55 107794 -0.58396149 -0.0183506   0.82005882
11 33 55 149190 -0.58127975 -0.01044273  0.80569649
11 33 55 200010 -0.58528137 -0.01012993  0.81467056
11 33 55 250837 -0.5870018  -0.01492882  0.8182888 
11 33 55 300075 -0.5821743  -0.01050568  0.816185  
11 33 55 351441 -0.58602524 -0.01413155  0.81386375
11 33 55 403394 -0.58540344 -0.00469398  0.81458473
11 33 55 451679 -0.57999802 -0.01320648  0.81012917
11 33 55 500239 -0.58407021 -0.00719833  0.81103706
11 33 55 546596 -0.58703613 -0.0061779   0.81396484
11 33 55 598315 -0.58360481 -0.00457954  0.8127327 
11 33 55 647776 -0.58586502 -0.00559044  0.81090355
11 33 55 699863 -0.5831356  -0.00889969  0.80984879
11 33 55 751075 -0.58718109 -0.00626755  0.80550194
11 33 55 799098 -0.58613777 -0.00747681  0.81234932
11 33 55 849482 -0.5871067  -0.00417709  0.80914497
11 33 55 898231 -0.58778381 -0.00642586  0.81271172
11 33 55 951769 -0.58718109 -0.00815773  0.8048439 
11 33 55 999766 -0.5891304  -0.00763321  0.80952835
11 33 56 54398 -0.59071541 -0.0072155   0.81345367
11 33 56 108697 -0.58872986 -0.00856972  0.80670166
11 33 56 147857 -0.5915966  -0.01372719  0.80873108
11 33 56 199555 -0.59095001 -0.00880623  0.81471634
11 33 56 248527 -0.58950615 -0.00757027  0.81303978
11 33 56 299180 -0.58870888 -0.01172066  0.81103134
11 33 56 349434 -0.58924484 -0.01406097  0.81194496
11 33 56 399549 -0.59288216 -0.00707054  0.80707359
11 33 56 449240 -0.58881187 -0.01446152  0.8161068 
11 33 56 497037 -0.58640671 -0.01463127  0.80786133
11 33 56 550556 -0.58828163 -0.01317787  0.80739212
11 33 56 599814 -0.59269524 -0.01544189  0.80984879
11 33 56 650752 -0.5872364  -0.01151466  0.80830765
11 33 56 700646 -0.5900135  -0.01679039  0.80823898
11 33 56 747516 -0.58609772 -0.01284027  0.81137466
11 33 56 798626 -0.58973312 -0.01159859  0.80906868
11 33 56 849518 -0.58922577 -0.00966072  0.81315994
11 33 56 902536 -0.58981323 -0.01047134  0.81064224
11 33 56 949755 -0.58861542 -0.00995636  0.81033897
11 33 57 26 -0.58930588 -0.00135803  0.81463051
11 33 57 52393 -0.59132195 -0.00808525  0.81261253
11 33 57 100872 -0.59090805 -0.00922012  0.80818939
11 33 57 152371 -0.58600426 -0.00928497  0.80558205
11 33 57 226855 -0.59051514 -0.00513268  0.81250572
11 33 57 271286 -0.59003448 -0.00776291  0.80898285
11 33 57 310970 -0.58834457 -0.0094986   0.80739403
11 33 57 348050 -0.59012413 -0.00864792  0.80787086
11 33 57 400840 -0.58972359 -0.00982094  0.80692291
11 33 57 447973 -0.59377861 -0.01021194  0.80791473
11 33 57 498746 -0.59026527 -0.01361847  0.80886841
11 33 57 550189 -0.58986092 -0.01094627  0.81341553
11 33 57 597980 -0.59070396 -0.00910759  0.81176949
11 33 57 649105 -0.59251785 -0.01331711  0.80784416
11 33 57 697860 -0.58844376 -0.00961494  0.81305885
11 33 57 749547 -0.59095764 -0.01253128  0.81116295
11 33 57 798541 -0.59375    -0.0104599   0.80858612
11 33 57 849848 -0.58912277 -0.01200485  0.80771828
11 33 57 899899 -0.59204292 -0.01410294  0.80967903
11 33 57 946948 -0.59031487 -0.01189041  0.80399323
11 33 57 998591 -0.59014511 -0.01032639  0.808218  
11 33 58 47190 -0.58940125 -0.0135994   0.81105804
11 33 58 108637 -0.58535957 -0.01098251  0.81216812
11 33 58 144918 -0.5925827  -0.00856018  0.81550026
11 33 58 198638 -0.58947754 -0.01055336  0.81460762
11 33 58 248815 -0.58770943 -0.01009941  0.81629181
11 33 58 298662 -0.58821678 -0.00829506  0.81030846
11 33 58 350874 -0.59114265 -0.01084518  0.81151772
11 33 58 402229 -0.58696556 -0.00728798  0.81111717
11 33 58 450658 -0.58729172 -0.00902367  0.80800247
11 33 58 501328 -0.58748055 -0.00892067  0.80583   
11 33 58 546588 -0.59048462 -0.00808334  0.80921936
11 33 58 598138 -0.58811188 -0.01055527  0.8035965 
11 33 58 649112 -0.58719444 -0.01123047  0.80625916
11 33 58 698726 -0.58996582 -0.00316429  0.80460739
11 33 58 748685 -0.58900833 -0.0083065   0.80386353
11 33 58 796876 -0.59081841 -0.00794029  0.80602074
11 33 58 848753 -0.58958054 -0.00823593  0.81287384
11 33 58 897925 -0.58872032 -0.01049232  0.80685616
11 33 58 949909 -0.59328079 -0.00341034  0.80951118
11 33 58 999117 -0.59245872 -0.00775337  0.80791664
11 33 59 51836 -0.59377861 -0.00895691  0.80776215
11 33 59 104018 -0.59548759 -0.01209641  0.81251717
11 33 59 146067 -0.59692383 -0.00947952  0.81254005
11 33 59 198090 -0.5909729  -0.0125103   0.81033707
11 33 59 247383 -0.59107208 -0.00963402  0.81231499
11 33 59 298723 -0.59252739 -0.00942993  0.80714798
11 33 59 349339 -0.59012604 -0.0090332   0.81195831
11 33 59 400457 -0.59278107 -0.01254654  0.81425476
11 33 59 449518 -0.59019089 -0.01154518  0.80832481
11 33 59 497491 -0.59306717 -0.01208115  0.80815887
11 33 59 548443 -0.59596443 -0.00790405  0.81007957
11 33 59 599113 -0.59330559 -0.01102448  0.81022835
11 33 59 651054 -0.5935688  -0.00915718  0.80878067
11 33 59 699609 -0.59187508 -0.01139641  0.81053543
11 33 59 747079 -0.59279251 -0.00923729  0.80990791
11 33 59 799030 -0.591362   -0.00883293  0.80922508
11 33 59 847834 -0.59384346 -0.01038361  0.81128883
11 33 59 899313 -0.59384155 -0.01074028  0.81188965
11 33 59 949272 -0.58778572 -0.01326561  0.81248856
11 33 59 997066 -0.58917427 -0.01010323  0.81123352
11 34 0 49515 -0.59303856 -0.01259041  0.81100273
11 34 0 102083 -0.58995438 -0.00636482  0.8092308 
11 34 0 161455 -0.59053612 -0.01319695  0.80613518
11 34 0 225365   0.12269211  11.12495804 -15.99684334
11 34 0 275862 -0.58771706 -0.01125145  0.80960464
11 34 0 334600 -0.58867836 -0.01073074  0.80664825
11 34 0 375902 -5.87064743e-01 -7.79342651e-03 -1.35004597e+01
11 34 0 419747 -0.58072281 -0.01279831  0.81559753
11 34 0 467275 -0.57895851 -0.00867081  0.81753349
11 34 0 513486 -0.58056259 -0.01897812  0.8161869 
11 34 0 569909 -0.58686066 -0.02150917  0.81806183
11 34 0 622586 -0.58606911 -0.02026939  0.82089996
11 34 0 671542 -0.58549309 -0.02342033  0.82120705
11 34 0 699112 -0.58622932 -0.02058983  0.82305908
11 34 0 750779 -0.58652496 -0.02434349  0.82520485
11 34 0 800718 -0.58910942 -0.01747894  0.82310486
11 34 0 850689 -0.58787537 -0.0188446   0.82002449
11 34 0 899351 -0.59033394 -0.01546288  0.82730675
11 34 0 949786 -0.58523941 -0.01441383  0.83087921
11 34 0 999517 -0.58311653 -0.01284599  0.82414627
11 34 1 48488 -0.58584595 -0.01198578  0.822258  
11 34 1 108921 -0.58334732 -0.01369858  0.8258419 
11 34 1 149422 -0.58365059 -0.01161003  0.8229351 
11 34 1 197972 -0.5812645  -0.00772285  0.82326126
11 34 1 248535 -0.57714081 -0.00470543  0.81389999
11 34 1 298008 -0.57819557 -0.00972557  0.80834007
11 34 1 351271 -0.57570457 -0.00380898  0.81084251
11 34 1 402173 -0.57525444 -0.00556183  0.81394196
11 34 1 451736 -0.57910919 -0.00430107  0.81973839
11 34 1 498358 -0.5800972  -0.00162125  0.81275558
11 34 1 546540 -0.5717659  -0.0041523   0.81262016
11 34 1 598903 -0.57543182 -0.00541878  0.81401443
11 34 1 647075 -0.58160019 -0.00253868  0.81828117
11 34 1 699378 -0.57999039 -0.0022068   0.8168869 
11 34 1 748576 -0.57728386 -0.00636673  0.81427765
11 34 1 797103 -0.57190704  0.00355911  0.81685448
11 34 1 850346 -0.57017899 -0.00191307  0.81517601
11 34 1 898342 -0.57575035 -0.00345421  0.81810951
11 34 1 950182 -0.57268143 -0.00667191  0.81648064
11 34 2 2019 -0.57471848 -0.00955582  0.81954765
11 34 2 53360 -0.57394028 -0.00805855  0.82137489
11 34 2 103312 -0.56899261 -0.00993156  0.81701851
11 34 2 148665 -0.56908035 -0.00804901  0.81904221
11 34 2 199329 -0.57243347 -0.01250076  0.82422256
11 34 2 247497 -0.57050133 -0.01097298  0.82261086
11 34 2 301222 -0.57322693 -0.00871277  0.82345772
11 34 2 353183 -0.57032967 -0.01442337  0.82273865
11 34 2 400645 -0.56746864 -0.00635529  0.82473183
11 34 2 449018 -0.57086754 -0.00864029  0.82445526
11 34 2 497123 -0.57124901 -0.00455475  0.81588554
11 34 2 548342 -0.56611443 -0.0047493   0.81794739
11 34 2 598849 -0.56991005 -0.00545502  0.81277466
11 34 2 651449 -0.5711174  -0.00803757  0.80995941
11 34 2 700926 -0.56882286 -0.00507927  0.80925179
11 34 2 747594 -0.57098389 -0.00574875  0.80637169
11 34 2 798159 -0.57202339 -0.00940132  0.80540466
11 34 2 847682 -0.57232094 -0.00511551  0.80739975
11 34 2 901083 -0.57775307 -0.00129509  0.8122921 
11 34 2 948646 -0.58355522 -0.00875092  0.81428719
11 34 2 997425 -0.57899857 -0.00242424  0.81785011
11 34 3 52338 -0.57452774 -0.0017643   0.81734276
11 34 3 100896 -5.76906204e-01  6.10351562e-05  8.16978455e-01
11 34 3 149983 -0.57059669  0.00572205  0.82137871
11 34 3 199083 -0.57393456  0.00177383  0.82141685
11 34 3 251089 -0.58293915 -0.0025692   0.8251152 
11 34 3 300889 -0.5861969  -0.00614548  0.82063103
11 34 3 347564 -0.58018684 -0.00905228  0.82816887
11 34 3 399354 -0.5831871  -0.01360893  0.82484245
11 34 3 447510 -0.57476997 -0.01317024  0.82561874
11 34 3 499892 -0.587286   -0.01815796  0.82723427
11 34 3 549735 -0.58553505 -0.01826668  0.83208275
11 34 3 597392 -0.58842278 -0.01726341  0.83072472
11 34 3 649745 -0.58587646 -0.02547264  0.82494926
11 34 3 699488 -0.5789566  -0.02252388  0.82760048
11 34 3 750348 -0.57326698 -0.02245522  0.82744217
11 34 3 799898 -0.58541679 -0.02341652  0.83422089
11 34 3 852994 -0.58425713 -0.02898788  0.82858276
11 34 3 901363 -0.57780075 -0.02479362  0.82140923
11 34 3 947096 -0.58164787 -0.02770424  0.82790375
11 34 3 999491 -0.57934189 -0.01890755  0.83329391
11 34 4 49749 -0.57750511 -0.0194149   0.82786751
11 34 4 108979 -0.58207512 -0.01183128  0.82796669
11 34 4 144897 -0.58243561 -0.01531219  0.81964302
11 34 4 198509 -0.58193779 -0.01976967  0.8176899 
11 34 4 256423 -0.57878494 -0.01184082  0.81512833
11 34 4 299862 -0.57633972 -0.0093708   0.81770325
11 34 4 352001 -0.58691406 -0.00927162  0.82412529
11 34 4 402917 -0.58817863 -0.00946045  0.82117653
11 34 4 451153 -0.58532715 -0.00518608  0.81314468
11 34 4 500761 -0.5730896  -0.00150681  0.80595589
11 34 4 548387 -0.57572937 -0.00207329  0.808918  
11 34 4 599614 -5.82048416e-01  5.51223755e-04  8.08183670e-01
11 34 4 649520 -0.57954979  0.0014286   0.80731583
11 34 4 699558 -0.57902527 -0.00400543  0.80564499
11 34 4 749070 -0.57811737 -0.00479317  0.80970955
11 34 4 799902 -0.57385254 -0.00335693  0.81019974
11 34 4 849820 -5.77890396e-01 -3.98635864e-04  8.11004639e-01
11 34 4 897722 -5.86210251e-01  5.30242920e-04  8.16585541e-01
11 34 4 952219 -5.90433121e-01 -4.08172607e-04  8.23204041e-01
11 34 4 998720 -0.58325577 -0.00610924  0.82045364
11 34 5 51535 -0.58043098 -0.00411987  0.81887817
11 34 5 103579 -0.58318901 -0.0026741   0.81946754
11 34 5 147343 -0.59015465 -0.00694275  0.82674408
11 34 5 198369 -0.58837128 -0.00470924  0.81999207
11 34 5 247236 -0.58411789 -0.00755119  0.81952095
11 34 5 300259 -0.58218765 -0.01204681  0.81584167
11 34 5 348908 -0.58571815 -0.0124588   0.81634903
11 34 5 400362 -0.58797836 -0.00823593  0.82606506
11 34 5 448986 -0.59187889 -0.0080471   0.82719803
11 34 5 498614 -0.59185028 -0.00489616  0.82998085
11 34 5 550142 -0.58660126 -0.00853539  0.82888031
11 34 5 600221 -0.58228302 -0.00959015  0.82153702
11 34 5 651211 -5.76231003e-01 -8.01086426e-05  8.23314667e-01
11 34 5 700191 -0.57451057 -0.00641632  0.82421303
11 34 5 751157 -0.5786705  -0.00545692  0.82022476
11 34 5 798052 -0.58485794 -0.00082207  0.81284332
11 34 5 848994 -5.88506699e-01  6.25610352e-04  8.07294846e-01
11 34 5 899119 -0.58107567  0.00147057  0.80376625
11 34 5 950297 -0.5788784   0.00698471  0.80410385
11 34 5 998088 -5.79395294e-01  3.07083130e-04  7.99917221e-01
11 34 6 51244 -0.58314323  0.00292015  0.80628395
11 34 6 101883   0.12272263 -14.6249733    2.6281414 
11 34 6 152323 -0.5791111   0.00304031  0.80646324
11 34 6 200853 -0.5772438   0.00475502  0.80443573
11 34 6 253658  0.12272644 11.37501335 -8.74683952
11 34 6 300370 -0.58226204  0.00486755  0.80570602
11 34 6 350411 -0.58154106 -0.00197983  0.80578041
11 34 6 400076 -0.58316612 -0.00441742  0.80957794
11 34 6 451530 -0.57132912 -0.02060127  0.78327179
11 34 6 499989 -0.57270241 -0.00733757  0.80596542
11 34 6 550501 -0.5991497  -0.02637863  0.80581665
11 34 6 598263 -0.58650017 -0.01588821  0.78397751
11 34 6 650489 -0.5666256   0.00881195  0.78123093
11 34 6 698595 -0.58464241 -0.01052856  0.81866837
11 34 6 750308 -0.59893036 -0.04153061  0.8258667 
11 34 6 799756 -0.59970665 -0.00422478  0.80187416
11 34 6 851808 -0.57615089 -0.00481033  0.80719948
11 34 6 899948 -0.58892441 -0.00753212  0.82087517
11 34 6 947969 -0.59220505 -0.01295853  0.83625412
11 34 6 998902 -0.60334969  0.00367928  0.81583405
11 34 7 47733 -0.60471535 -0.01823807  0.81878281
11 34 7 109809 -0.61518097 -0.01364136  0.8139267 
11 34 7 144321 -5.98726273e-01  5.55038452e-04  8.17361832e-01
11 34 7 197750 -0.60036659 -0.00668144  0.81847954
11 34 7 248515 -6.17238998e-01 -1.35421753e-04  8.36393356e-01
11 34 7 300032 -0.6251297   0.00360489  0.82858849
11 34 7 350580 -0.61444092  0.00914955  0.7995472 
11 34 7 401395 -0.59218216 -0.01532936  0.80124664
11 34 7 451417 -0.60720062  0.00965309  0.82790375
11 34 7 501915 -0.62595177 -0.00610924  0.83912277
11 34 7 548276 -0.61871529  0.00526428  0.81905937
11 34 7 599294 -0.59991074 -0.00282288  0.82938004
11 34 7 647942 -0.59758377 -0.00471306  0.82804108
11 34 7 699113 -0.60183907 -0.0045948   0.80309296
11 34 7 749053 -0.59863472  0.01828575  0.77875519
11 34 7 797426 -0.58566284 -0.00867271  0.81716347
11 34 7 849709 -0.60853767 -0.0270443   0.83098793
11 34 7 899333 -0.60490799 -0.01724052  0.81703186
11 34 7 951504 -0.59801292 -0.02523422  0.77713013
11 34 8 374 -0.57678604  0.00595284  0.76473999
11 34 8 53558 -0.57639122  0.0248127   0.77598   
11 34 8 103664 -0.56033325 -0.00476837  0.78581429
11 34 8 147239 -0.5736599  -0.01582146  0.79096031
11 34 8 198184 -0.58827972  0.00877953  0.79460144
11 34 8 247646 -0.59957886 -0.00802994  0.78771591
11 34 8 299215 -0.59205818  0.01860428  0.77981377
11 34 8 349672 -0.55841064  0.01710892  0.79445839
11 34 8 400117 -5.89357376e-01  3.56674194e-04  8.17481995e-01
11 34 8 449070 -0.59178162 -0.01496506  0.80287552
11 34 8 497418 -0.58956337  0.00290298  0.76497459
11 34 8 548382 -0.59853172  0.02086258  0.78371429
11 34 8 598936 -0.59872246  0.00509071  0.79590797
11 34 8 651040 -0.59377098 -0.01652527  0.79726982
11 34 8 700081 -0.59065628  0.01119614  0.78675652
11 34 8 746900 -0.60653496  0.00573349  0.79899597
11 34 8 799415 -0.60264778  0.00271988  0.80348015
11 34 8 849217 -0.61075592  0.01537132  0.82820129
11 34 8 899544 -0.61374092 -0.00157356  0.83050728
11 34 8 949450 -0.61084557 -0.01357651  0.82941628
11 34 8 997363 -0.59655571 -0.01145172  0.82966995
11 34 9 52315 -0.60102081 -0.00211525  0.84620667
11 34 9 102038 -0.61805534  0.00324631  0.83363724
11 34 9 151275 -0.61336517 -0.01130486  0.83768272
11 34 9 200012 -0.62729454 -0.01628304  0.83477211
11 34 9 251856 -0.59921074 -0.00235558  0.82463455
11 34 9 300138 -0.58813667 -0.02067184  0.81895638
11 34 9 346511 -0.59576416 -0.00603104  0.80942345
11 34 9 399242 -0.56631279  0.01327896  0.79488564
11 34 9 447543 -0.57633209  0.00818825  0.80481339
11 34 9 517330 -0.59494781 -0.03985596  0.82717323
11 34 9 566089 -0.58167076  0.00136185  0.80853653
11 34 9 620645 -0.541399    0.00493813  0.79041481
11 34 9 665902 -0.56728554 -0.0285511   0.79407692
11 34 9 714525 -0.57373428 -0.01602936  0.79472733
11 34 9 772016 -0.56864357  0.01075745  0.79050446
11 34 9 820276 -0.59051514 -0.00411415  0.79249573
11 34 9 872462 -0.55677795 -0.01188469  0.79431915
11 34 9 917056 -0.54528999  0.00675964  0.76573372
11 34 9 966370 -0.55353165  0.00926781  0.76302719
11 34 10 8912 -0.5831356  -0.00550461  0.77693558
11 34 10 62855 -0.56757545 -0.00858307  0.78673553
11 34 10 109333 -0.58445358  0.02078438  0.79249573
11 34 10 148918 -0.56805229  0.01222801  0.78457642
11 34 10 197525 -5.80490112e-01 -7.43865967e-05  7.91397095e-01
11 34 10 249941 -0.59727478  0.01265144  0.79831886
11 34 10 299591 -0.59537315  0.01057243  0.79118538
11 34 10 351803 -0.59583855 -0.00230598  0.80772781
11 34 10 402439 -0.58581734 -0.00722313  0.83543777
11 34 10 450005 -0.60143471  0.00990486  0.8368988 
11 34 10 501731 -0.62514114 -0.00588036  0.83427048
11 34 10 548470 -0.63683128 -0.00397682  0.83141708
11 34 10 599413 -0.62686539  0.00588989  0.85031891
11 34 10 649147 -0.61664009  0.01210785  0.85484886
11 34 10 701099 -0.60481071 -0.02137375  0.84574318
11 34 10 750997 -0.62213898 -0.0009861   0.84583664
11 34 10 800313 -0.64255905  0.00559616  0.85602379
11 34 10 850628 -0.63783455  0.01788521  0.84685707
11 34 10 899954 -0.62647438  0.01319885  0.83056641
11 34 10 950446 -0.61009216  0.02063751  0.83076668
11 34 10 999287 -0.59782982 -0.02323341  0.82661247
11 34 11 54995 -0.61431313 -0.0087738   0.8419857 
11 34 11 104406 -0.61519623  0.00588989  0.8328495 
11 34 11 148204 -0.62971115 -0.00759506  0.84967804
11 34 11 199596 -0.61559486 -0.01926041  0.82691383
11 34 11 249172 -0.58073807  0.00303459  0.79770279
11 34 11 300136 -0.56616592 -0.00689316  0.77893257
11 34 11 348954 -0.56004143  0.00312233  0.78267097
11 34 11 400056 -5.72469711e-01  7.01904297e-04  7.79504776e-01
11 34 11 450219 -0.58228874 -0.00185966  0.78061485
11 34 11 498762 -0.57966042 -0.01499557  0.77665901
11 34 11 551533 -5.38425446e-01  4.94003296e-04  7.54718781e-01
11 34 11 602004 -5.40948868e-01 -3.43322754e-04  7.62454987e-01
11 34 11 650628 -0.54541206  0.01332855  0.76668167
11 34 11 701289 -0.55503082 -0.00687408  0.77308846
11 34 11 748050 -0.57560349 -0.00620651  0.77945518
11 34 11 799216 -0.55052757 -0.02236938  0.76105881
11 34 11 847894 -0.55046654  0.0051136   0.76453972
11 34 11 900369 -0.56091309 -0.01553154  0.78984261
11 34 11 951833 -0.57256508  0.00692368  0.78375435
11 34 11 997952 -0.57547188  0.0105896   0.77697182
11 34 12 52219 -0.58164215 -0.00767517  0.79044342
11 34 12 102324 -0.59200478 -0.03742599  0.81214523
11 34 12 152154  0.12273026 13.99990654 -0.37181282
11 34 12 199309 -5.95039368e-01 -2.76565552e-04  8.17325592e-01
11 34 12 254133 -0.60929298  0.01186752  0.81847763
11 34 12 301476 -0.60400391  8.62495232 12.12817383
11 34 12 348315 -0.59383774 -0.02122688  0.83341408
11 34 12 401786 -0.62067032 -0.01411629  0.84827995
11 34 12 448551 -0.63016891 -0.01672554  0.8453598 
11 34 12 500450 -5.90747833e-01 -7.62939453e-06  8.22189331e-01
11 34 12 548310 -0.62553978  0.00999641  0.81226921
11 34 12 597670 -0.6126709   0.01257706  0.80407143
11 34 12 650324 -0.61309052  0.00931549  0.81186676
11 34 12 698301 -0.63081551  0.01070976  0.83213615
11 34 12 750557 -0.61818886 -0.00618172  0.80640602
11 34 12 799219 -0.62899017  0.00167465  0.79732513
11 34 12 853044 -0.63196564  0.01080132  0.79500389
11 34 12 900045 -0.62264061  0.01402283  0.8093853 
11 34 12 974682 -0.6373558  -0.00270081  0.81095886
11 34 13 16149 -0.63099289 -0.01082039  0.80965805
11 34 13 65806 -0.62413979 -0.02539635  0.82674408
11 34 13 126331 -0.64314079  0.00551605  0.82279205
11 34 13 163876 -0.62661743  0.01296997  0.8086586 
11 34 13 219901 -0.59648323  0.00419235  0.80080032
11 34 13 266042 -5.83658218e-01  5.39779663e-04  8.07325363e-01
11 34 13 317589 -0.59998894 -0.01411629  0.79995728
11 34 13 372891 -0.62796211 -0.01291656  0.8177948 
11 34 13 417918 -0.63124084  0.01250076  0.80261612
11 34 13 466443 -0.5982914   0.01884842  0.77578735
11 34 13 521789 -0.60776711  0.01516151  0.78801727
11 34 13 561252 -0.58728409 -0.00870323  0.78093719
11 34 13 613592 -0.60181808  0.00132179  0.77171135
11 34 13 663712 -0.60618591  0.02033234  0.78798676
11 34 13 709668 -0.58908081  0.01142311  0.76666832
11 34 13 763974 -0.59331703 -0.00237656  0.79156876
11 34 13 812751 -0.60499382 -0.00704384  0.7950592 
11 34 13 860397 -0.59967804 -0.01282883  0.78502846
11 34 13 904081 -6.00955963e-01  2.84194946e-04  7.90960312e-01
11 34 13 952076 -0.58962631  0.00942802  0.77879524
11 34 14 1221 -5.91688156e-01  5.45501709e-04  7.88595200e-01
11 34 14 51343 -0.59140587 -0.0103569   0.78210258
11 34 14 102169 -0.57170105 -0.00844002  0.77477264
11 34 14 148558 -0.56646347  0.00953484  0.76461411
11 34 14 202490 -0.59490776 -0.01396751  0.77399445
11 34 14 248140 -0.61981964 -0.02334404  0.81484032
11 34 14 299768 -0.59633636 -0.0105381   0.82276344
11 34 14 349757 -0.58454132 -0.0138073   0.7902565 
11 34 14 400454 -0.59071922 -0.02065086  0.79688072
11 34 14 449474 -0.63069725 -0.00152588  0.8240509 
11 34 14 498216 -0.62020302 -0.01745796  0.83498001
11 34 14 549780 -0.61893272 -0.02380943  0.82575226
11 34 14 598835 -0.60831642 -0.00394249  0.81967926
11 34 14 651648 -0.60574913  0.0026722   0.81422424
11 34 14 699921 -0.61802673 -0.00765228  0.82325363
11 34 14 747710 -0.6259594  -0.00300789  0.8187027 
11 34 14 798871 -0.63002396 -0.00872803  0.82230377
11 34 14 848133 -0.59619904 -0.01813126  0.79485321
11 34 14 899502 -0.59782028 -0.0025692   0.80386734
11 34 14 950545 -0.60584259  0.00880241  0.80826187
11 34 14 996933 -0.59453964 -0.00893974  0.79515266
11 34 15 49634 -0.5694828  -0.00179291  0.78755379
11 34 15 101858 -0.5859108  -0.00310707  0.80134964
11 34 15 150932 -0.61469269 -0.01930046  0.79680824
11 34 15 199447 -0.60594368 -0.00397682  0.79140472
11 34 15 251465 -0.59849358 -0.01931572  0.79697037
11 34 15 300072 -0.57519722 -0.02588463  0.77802849
11 34 15 350092 -0.57165718 -0.01118279  0.77382851
11 34 15 401390 -0.6150322  -0.00164795  0.78251266
11 34 15 447940 -0.62386322 -0.02229691  0.78148079
11 34 15 499698 -0.59610748  0.01195145  0.75580406
11 34 15 549107 -0.5770607   0.00160217  0.76082039
11 34 15 599059 -0.58759117 -0.01984406  0.77728462
11 34 15 651034 -0.59584618  0.0055542   0.76106453
11 34 15 701644 -0.61839867  0.01099014  0.78158379
11 34 15 750452 -0.62433434 -0.00791168  0.79449654
11 34 15 799572 -0.58972549 -0.00671768  0.78564453
11 34 15 853714 -0.57931328  0.01385498  0.77911186
11 34 15 900662 -0.60760498 -0.00503731  0.80053711
11 34 15 948032 -0.61996841 -0.02100182  0.81567383
11 34 15 999210 -0.61610794 -0.00422287  0.80937004
11 34 16 50092 -0.61702538 -0.0121212   0.82358932
11 34 16 109616 -0.62726402 -0.0277977   0.80596161
11 34 16 146509 -0.616045   -0.00893402  0.80186272
11 34 16 199606 -0.62964439 -0.0030632   0.81191635
11 34 16 251236 -0.63849068 -0.00189972  0.81814384
11 34 16 299384 -0.6263237   0.00964737  0.80856705
11 34 16 351352 -0.63303947  0.01403046  0.81214905
11 34 16 404365 -0.6376152  -0.01160049  0.80241585
11 34 16 451152 -0.61368752  0.01534843  0.79878616
11 34 16 501108 -0.63449097  0.02476311  0.82158279
11 34 16 547528 -0.64873695  0.00489998  0.8352356 
11 34 16 599703 -0.62784958  0.00736809  0.80768585
11 34 16 649646 -0.63419724  0.01310349  0.81504631
11 34 16 700707 -0.62574387  0.00415802  0.80164146
11 34 16 749325 -0.60230446  0.013134    0.79838943
11 34 16 802935 -0.6121788   0.01722336  0.80862045
11 34 16 851193 -6.36468887e-01  6.40869141e-04  8.01267624e-01
11 34 16 900002 -0.61758995 -0.00207138  0.77933884
11 34 16 952112 -0.58569145  0.00626183  0.77441216
11 34 17 1306 -0.58585548 -0.00310135  0.78034019
11 34 17 53954 -0.60661507 -0.00214577  0.77939796
11 34 17 103470 -0.59638977  0.00152588  0.75954819
11 34 17 149625 -0.59589577 -0.01082611  0.78401947
11 34 17 199182 -0.58915329 -0.01407242  0.79444885
11 34 17 248102 -0.58877182 -0.00751305  0.78203011
11 34 17 299537 -0.59339905 -0.01806259  0.78320885
11 34 17 351422 -0.59416008 -0.00141525  0.8041687 
11 34 17 401479 -0.59378052 -0.00354576  0.79801178
11 34 17 450219 -0.5905056  -0.02851868  0.76961708
11 34 17 497938 -5.81594467e-01 -6.63757324e-04  7.64039993e-01
11 34 17 551309 -0.57861519  0.01665688  0.79016685
11 34 17 600266 -0.60030746 -0.02337265  0.81768036
11 34 17 652524 -0.60207748 -0.01926422  0.79641342
11 34 17 702700 -0.5990448   0.01094055  0.78220558
11 34 17 748605 -0.60210419 -0.00276566  0.80121803
11 34 17 799711 -0.59701538 -0.01971626  0.8137455 
11 34 17 849687 -0.58777618 -0.00720406  0.80888367
11 34 17 901505 -0.59022141 -0.00698662  0.81001663
11 34 17 949952 -0.60787964 -0.00494003  0.82275009
11 34 17 998950 -0.61203957  0.0009346   0.80932617
11 34 18 52897 -0.61649513  0.00403023  0.80678177
11 34 18 102728 -6.05051041e-01  2.40325928e-04  8.13837051e-01
11 34 18 151762 -0.58699417 -0.00876236  0.80932999
11 34 18 202905 -0.59041214 -0.01405144  0.80680275
11 34 18 252606 -0.64167976 -0.03975487  0.85572052
11 34 18 302166  0.12249565 13.24982643 -7.74670601
11 34 18 348689 -0.60165024 -0.00141144  0.80694199
11 34 18 403179 -0.56664467 -0.01055145  0.79844666
11 34 18 448144 -5.70423126e-01 -1.07231140e-02 -1.36246624e+01
11 34 18 500476 -0.63454437 -0.01511955  0.82393456
11 34 18 550233 -0.61504364 -0.02216721  0.81528664
11 34 18 598606 -0.62401199 -0.03129768  0.81839561
11 34 18 650490 -0.61214447 -0.02602768  0.82224846
11 34 18 698596 -0.61468124 -0.02005386  0.81687164
11 34 18 751592 -0.59939957 -0.03125763  0.79296303
11 34 18 800379 -0.58288193 -0.01873398  0.78417778
11 34 18 852506 -0.58212662 -0.0272541   0.78250122
11 34 18 901240 -0.5878315  -0.02851868  0.79795074
11 34 18 948052 -0.57295609 -0.03653908  0.77259445
11 34 18 998715 -0.55356979 -0.02821922  0.75952148
11 34 19 48141 -0.54816055 -0.03451347  0.73805428
11 34 19 107885 -0.55365753 -0.04365349  0.74725151
11 34 19 150750 -0.5590477  -0.04592323  0.75004768
11 34 19 199317 -0.56601906 -0.02759171  0.7563076 
11 34 19 249797 -0.54997444 -0.03507423  0.74759483
11 34 19 299743 -0.54903412 -0.0316143   0.75342751
11 34 19 351820 -0.55270386 -0.03579521  0.75832558
11 34 19 403341 -0.56105042 -0.03943825  0.77027321
11 34 19 453241 -0.5672226  -0.02676201  0.77923203
11 34 19 500057 -0.58500481 -0.01293182  0.78777504
11 34 19 547661 -0.57346916 -0.03625298  0.78450203
11 34 19 600502 -0.58189201 -0.04442596  0.80816269
11 34 19 650801 -0.59817886 -0.02992821  0.8183651 
11 34 19 701853 -0.60050774 -0.03479576  0.82289314
11 34 19 750722 -0.62339401 -0.02417755  0.81848526
11 34 19 798624 -0.61447334 -0.01888084  0.81374931
11 34 19 850529 -0.61621094 -0.02490997  0.82262421
11 34 19 898966 -0.61697006 -0.03565598  0.81387138
11 34 19 954002 -0.62418938 -0.02174377  0.81759834
11 34 20 659 -0.63077545 -0.00385475  0.81873703
11 34 20 74096 -0.63854027 -0.00974083  0.84413528
11 34 20 148405 -0.64398384 -0.0145359   0.84049034
11 34 20 211545 -0.6323719  -0.02786064  0.83255577
11 34 20 271681 -0.63282204 -0.01784325  0.84191895
11 34 20 317661 -0.63671112 -0.01134872  0.84764671
11 34 20 368227 -0.64743996  0.00243378  0.84918404
11 34 20 414286 -0.63916779 -0.00240898  0.82861137
11 34 20 456726 -0.59251404 -0.02173424  0.80471611
11 34 20 492891 -0.5946579  -0.01358223  0.81191444
11 34 20 529278 -6.06441498e-01  3.89099121e-04  7.95936584e-01
11 34 20 585167 -0.61728668 -0.01008034  0.78792572
11 34 20 639298 -0.60859871 -0.01267052  0.78416824
11 34 20 689433 -0.59148216 -0.02092361  0.79772568
11 34 20 728496 -0.57865143 -0.0262661   0.76813507
11 34 20 748245 -0.5772171  -0.03412437  0.76515961
11 34 20 800889 -0.58587837 -0.0152874   0.76978493
11 34 20 849213 -0.5742588  -0.03482246  0.76932526
11 34 20 899837 -0.57720757 -0.02900887  0.76312256
11 34 20 951747 -0.56530952 -0.02988243  0.75044823
11 34 21 2164 -0.56029701 -0.0266552   0.75312233
11 34 21 53272 -0.5788002  -0.02408409  0.76916695
11 34 21 102757 -0.57876778 -0.0405674   0.76376534
11 34 21 151004 -0.58617592 -0.02962494  0.75507355
11 34 21 202657 -0.56557846 -0.0212841   0.75434494
11 34 21 251491 -0.57431793 -0.01836395  0.76251221
11 34 21 306320 -0.58328056 -0.01837158  0.77851868
11 34 21 349914 -0.59249878 -0.02813721  0.79101944
11 34 21 400101 -0.60085106 -0.01692009  0.77700233
11 34 21 448385 -0.59820747 -0.00504494  0.79327011
11 34 21 499116 -0.61859322 -0.02677536  0.80703163
11 34 21 549582 -0.63415909 -0.03703499  0.82642174
11 34 21 599103 -0.64646912 -0.02074623  0.83211517
11 34 21 650845 -0.63846397 -0.02166748  0.82453156
11 34 21 699403 -0.62532043 -0.02714729  0.81574249
11 34 21 751960 -0.62446594 -0.0207119   0.81966782
11 34 21 799865 -0.63981247 -0.01194763  0.83561707
11 34 21 851524 -0.6562748  -0.02597046  0.83745956
11 34 21 900208 -0.6511116  -0.03371048  0.8415966 
11 34 21 948739 -0.65679359 -0.03510475  0.83728981
11 34 21 999491 -0.64510727 -0.01776695  0.83959198
11 34 22 51055 -0.64241791 -0.02327538  0.83602905
11 34 22 112876 -0.65019798 -0.03058815  0.85572433
11 34 22 145269 -0.63851166 -0.01052475  0.84521484
11 34 22 205997 -0.63922119 -0.01486588  0.83706474
11 34 22 252622 -0.62372398 -0.02157784  0.81510544
11 34 22 300833 -0.59096336 -0.01548195  0.80370903
11 34 22 352909 -0.58568001 -0.0090332   0.8128643 
11 34 22 404569 -0.60746193 -0.04310036  0.83473015
11 34 22 453298 -0.62036133 -0.03476906  0.83026505
11 34 22 501734 -0.59899139 -0.01573753  0.81401825
11 34 22 551856 -0.57707405 -0.02006149  0.78838158
11 34 22 600411 -0.57209015 -0.02695084  0.78180504
11 34 22 647918 -0.56128693 -0.0215683   0.77084351
11 34 22 700102 -0.54529762 -0.02625465  0.75727463
11 34 22 748945 -0.55635643 -0.02640724  0.75856209
11 34 22 798057 -0.56715584 -0.00447273  0.77139282
11 34 22 850183 -0.55844879 -0.02302361  0.75834656
11 34 22 898706 -0.55124283 -0.02793121  0.73558426
11 34 22 950813 -0.53976822 -0.01003265  0.74236679
11 34 23 4198 -0.54976845 -0.01000023  0.76350594
11 34 23 52644 -0.55812073 -0.01728439  0.77934265
11 34 23 103784 -0.56355667  0.00559425  0.77184296
11 34 23 149010 -0.56409264  0.00246811  0.76880455
11 34 23 200857 -0.56287575 -0.00634956  0.77767754
11 34 23 248209 -0.55802345 -0.01836777  0.78221893
11 34 23 300423 -0.57389641  0.0125351   0.78659439
11 34 23 349408 -0.59947586  0.01635742  0.79707336
11 34 23 401924 -0.61096764  0.00547028  0.81438065
11 34 23 449793 -0.61157227 -0.02006531  0.83208466
11 34 23 498734 -0.6161232   0.01178169  0.83024025
11 34 23 548933 -0.61241722  0.00300598  0.81530571
11 34 23 599889 -6.22589111e-01  1.90734863e-05  8.25271606e-01
11 34 23 653262 -0.62957001  0.00264931  0.84777832
11 34 23 700970 -0.63305855  0.00621605  0.84627151
11 34 23 747564 -0.63360786 -0.01508331  0.84187126
11 34 23 799333 -6.24032974e-01  4.29153442e-04  8.34959030e-01
11 34 23 850735 -0.6107254   0.0040226   0.83028603
11 34 23 900197 -0.63978004 -0.01380157  0.84223938
11 34 23 949507 -0.64031601 -0.02402878  0.84581184
11 34 24 363 -0.63703346 -0.01565742  0.85754204
11 34 24 51002 -0.61855316 -0.01827431  0.84429359
11 34 24 105102 -0.63253784 -0.01931763  0.82323265
11 34 24 152542 -0.60852432  0.00740242  0.81296158
11 34 24 202884 -0.60092926 -0.02569199  0.83929825
11 34 24 255983 -0.60887527 -0.00426292  0.81740952
11 34 24 303229  0.12256432 -8.37503052 -0.37185669
11 34 24 353932 -0.60924721 -0.03216553  0.81090546
11 34 24 402036 -0.5953064  -0.01424789  0.82238388
11 34 24 450891  -0.58111763  -0.01658249 -13.62434769
11 34 24 500560 -0.60481834 -0.03572083  0.78027534
11 34 24 549610 -0.57842636 -0.02471161  0.77090454
11 34 24 598345 -0.56847    -0.03743553  0.76216507
11 34 24 650827 -0.57366371 -0.00837898  0.75210953
11 34 24 700603 -5.91428757e-01 -6.67572021e-05  7.57621765e-01
11 34 24 753094 -0.61284637 -0.04243279  0.79038811
11 34 24 801507 -0.59669876 -0.041605    0.77337646
11 34 24 852268 -0.57697105 -0.01125526  0.76251602
11 34 24 901901 -0.5668087  -0.01226997  0.76527977
11 34 24 950125 -0.59144783 -0.01634026  0.79904556
11 34 25 84 -0.61782837 -0.01439667  0.81282616
11 34 25 49494 -0.61394501 -0.02549553  0.80426216
11 34 25 108326 -0.60455513 -0.0301609   0.80760574
11 34 25 151263 -0.59283066 -0.00728226  0.81310654
11 34 25 199749 -0.59242058 -0.01361084  0.83941841
11 34 25 251727 -0.61638069 -0.02586365  0.86614799
11 34 25 300311 -0.63343239 -0.04873657  0.86926079
11 34 25 354989 -0.6171627  -0.02240944  0.8426857 
11 34 25 404665 -0.60193253 -0.02023125  0.83949089
11 34 25 452803 -0.61116219 -0.03334808  0.84194565
11 34 25 500344 -0.61526489 -0.02916718  0.83399963
11 34 25 550280 -0.6075592  -0.02115059  0.83455849
11 34 25 600262 -0.62485123 -0.04473305  0.81867409
11 34 25 648392 -0.6207962  -0.03458405  0.8041153 
11 34 25 699552 -0.58296967 -0.01971436  0.78944778
11 34 25 749182 -0.59472275 -0.02635002  0.82045174
11 34 25 799178 -0.61344147 -0.03944969  0.81297874
11 34 25 849970 -0.58699989 -0.04356003  0.79208565
11 34 25 900573 -0.58148575 -0.03792     0.78639412
11 34 25 955438 -0.59188843 -0.03881264  0.81404114
11 34 26 1219 -0.58060455 -0.04247856  0.80106544
11 34 26 54839 -0.55790329 -0.03373718  0.77624893
11 34 26 105458 -0.56256676 -0.03038025  0.78408432
11 34 26 148624 -0.58273506 -0.03475571  0.77709961
11 34 26 200410 -0.57967377 -0.0318737   0.74803352
11 34 26 251227 -0.55932426 -0.03319168  0.74769974
11 34 26 301203 -0.57103348 -0.042799    0.75363922
11 34 26 350717 -0.57666016 -0.02278328  0.74077034
11 34 26 404286 -0.5747757  -0.01743317  0.754076  
11 34 26 452655 -0.59983253 -0.02484512  0.77138138
11 34 26 498379 -0.5919323  -0.01791763  0.77680397
11 34 26 549750 -0.59838295 -0.01747131  0.77911377
11 34 26 599634 -0.60683632 -0.03906822  0.79593086
11 34 26 651765 -0.6035347  -0.03510284  0.82046509
11 34 26 704195 -0.63019562 -0.01773834  0.83408165
11 34 26 751867 -0.63209915 -0.02139282  0.82885933
11 34 26 799803 -0.61762619 -0.02762032  0.81683731
11 34 26 885788 -0.60845566 -0.02319717  0.82507133
11 34 26 934131 -0.62190247 -0.04207611  0.82710266
11 34 26 977754 -0.64078331 -0.03938293  0.83627319
11 34 27 20790 -0.65633583 -0.02626991  0.82096481
11 34 27 72247 -0.64871788 -0.03782654  0.84044838
11 34 27 117009 -0.63563728 -0.06134605  0.83355331
11 34 27 168326 -0.63512421 -0.03114128  0.81828499
11 34 27 222023 -0.63815498 -0.02787971  0.82570648
11 34 27 274963 -0.65881729 -0.02910614  0.86813927
11 34 27 320265 -0.65785789 -0.04870796  0.86099815
11 34 27 362886 -0.63984108 -0.04096794  0.84458351
11 34 27 434718 -0.63383675 -0.03897858  0.82215309
11 34 27 477147 -0.62615967 -0.02420044  0.82883072
11 34 27 524787 -0.63765907 -0.02036476  0.83896828
11 34 27 574970 -0.62430191 -0.00759506  0.82324219
11 34 27 621556 -0.60992813 -0.02330208  0.80085373
11 34 27 669297 -0.59381676 -0.01668739  0.79886055
11 34 27 713626 -5.74104309e-01 -3.24249268e-05  7.69302368e-01
11 34 27 761245 -0.57782555 -0.00494576  0.7756443 
11 34 27 800942 -0.58080292 -0.02894974  0.77987671
11 34 27 852343 -0.56691742 -0.01309204  0.77926064
11 34 27 901814 -0.5650444  -0.01101875  0.76613045
11 34 27 948119 -0.57459068 -0.02305984  0.74717522
11 34 27 999493 -0.55612183 -0.03121758  0.73950005
11 34 28 53014 -0.55049324 -0.02154922  0.74978638
11 34 28 109288 -0.53340721 -0.03203392  0.74793625
11 34 28 145352 -0.55109215 -0.03024483  0.73749161
11 34 28 199292 -0.580616   -0.04582214  0.76086807
11 34 28 251259 -0.57935524 -0.03914452  0.78051949
11 34 28 300615 -0.57022285 -0.04134178  0.7621727 
11 34 28 353050 -0.56832123 -0.03278732  0.75848007
11 34 28 404307 -0.56856918 -0.01873207  0.77089119
11 34 28 453287 -0.5809803  -0.01658249  0.77759552
11 34 28 500491 -0.58926964 -0.00438118  0.78789139
11 34 28 549948 -0.58486366 -0.012537    0.80530739
11 34 28 601247 -0.61194992 -0.03559494  0.80112648
11 34 28 648293 -0.63322639 -0.03908539  0.81128311
11 34 28 714999 -0.6302433  -0.03278923  0.83359528
11 34 28 765113 -0.63253784 -0.01246452  0.84201813
11 34 28 823229 -0.62337303 -0.02428627  0.82621956
11 34 28 866935 -0.62828064 -0.02547836  0.82897568
11 34 28 916015 -0.64590073 -0.05224609  0.83791351
11 34 28 971124 -0.64430428 -0.04504395  0.83348846
11 34 29 29447 -0.64165497 -0.03796577  0.83106613
11 34 29 73804 -0.63734436 -0.0510006   0.79628944
11 34 29 122077 -0.6347332  -0.05827332  0.80283737
11 34 29 171552 -0.62907219 -0.03632355  0.83794022
11 34 29 216024 -0.64698982 -0.04994774  0.83161736
11 34 29 268810 -0.63232422 -0.03941536  0.79678726
11 34 29 321877 -0.61580086 -0.0206871   0.79889297
11 34 29 368113 -0.60192871 -0.04361153  0.78839493
11 34 29 426689 -0.5841198  -0.05731964  0.79155922
11 34 29 472671 -0.60793114 -0.02053452  0.79267693
11 34 29 521530 -0.62204361 -0.04912186  0.81060982
11 34 29 564923 -0.62525558 -0.0452404   0.80910492
11 34 29 625557 -0.59305    -0.03393364  0.79656601
11 34 29 673522 -0.59145164 -0.03169632  0.77575111
11 34 29 719026 -0.5824604  -0.04554367  0.77269363
11 34 29 763538 -0.59461403 -0.03118134  0.7685318 
11 34 29 812337 -0.60502625 -0.02586174  0.76891327
11 34 29 869763 -0.58237457 -0.04050636  0.7511158 
11 34 29 900549 -0.59349823 -0.04787827  0.75153732
11 34 29 949637 -0.59794998 -0.05320358  0.76420021
11 34 29 999031 -0.59602737 -0.04605293  0.77050209
11 34 30 51138 -0.58999634 -0.05416107  0.7730732 
11 34 30 102027 -0.60376167 -0.05119133  0.79989243
11 34 30 152322 -0.61244011 -0.05469894  0.78146744
11 34 30 200970 -0.60327148 -0.03962326  0.76664352
11 34 30 253401 -0.60910606 -0.05331993  0.78904533
11 34 30 302179 -0.58955956 -0.05126381  0.81315422
11 34 30 348603 -0.62993431 -0.02719307  0.81085205
11 34 30 401017 -0.62966537 -0.036623    0.80097008
11 34 30 452205 -0.62776184 -0.04379082  0.80548477
11 34 30 500586 -0.62495041 -0.02827454  0.80557632
11 34 30 550169 -0.6265564  -0.03033257  0.82437325
11 34 30 600218 -0.64038658 -0.03732681  0.82097816
11 34 30 652058   0.12247849 -11.50005913 -12.99673653
11 34 30 698539 -0.64186096 -0.01349068  0.82616806
11 34 30 752696 -0.62639427 -0.0376358   0.82170296
11 34 30 801322 -0.63348198 -0.02904701  0.81420326
11 34 30 853406 -0.64683723 -0.02929497  0.83175278
11 34 30 901313 -0.66503143 -0.02182198  0.84687805
11 34 30 948499 -0.63187981 -0.010149    0.85949135
11 34 31 1507 -0.608078    0.00663757  0.80354118
11 34 31 53685 -0.60077667  0.00566864  0.79095459
11 34 31 110007 -0.58970642  0.00464439  0.7946167 
11 34 31 153317 -0.58774567  0.01723671  0.77482986
11 34 31 202338 -0.577425    0.03281593  0.76499748
11 34 31 252047 -0.58061218  0.02382088  0.77014542
11 34 31 300756 -0.57258606  0.00708199  0.78653717
11 34 31 355583 -0.5864048   0.01991844  0.78177261
11 34 31 404363 -0.59752846  0.0124588   0.78359222
11 34 31 452627 -0.61288834  0.00518227  0.79294586
11 34 31 501768 -0.59456253  0.00827026  0.79385376
11 34 31 549869 -0.59123611  0.01524353  0.79776955
11 34 31 602249 -0.59252357  0.00820541  0.79574776
11 34 31 649096 -0.59832573  0.00780678  0.80077171
11 34 31 702389 -6.19112015e-01  3.10897827e-04  8.13451767e-01
11 34 31 750008 -0.61033821 -0.00340462  0.81182098
11 34 31 801499 -0.60583496 -0.00192833  0.81463051
11 34 31 852712 -6.14593506e-01 -1.37329102e-04  8.05433273e-01
11 34 31 901468 -6.14210129e-01  7.80105591e-04  8.02581787e-01
11 34 31 955123 -0.61767006 -0.01511574  0.8083725 
11 34 32 1551 -0.6141758  -0.00852585  0.80644608
11 34 32 53195 -0.5991497   0.00772476  0.80384064
11 34 32 103797 -0.60313797 -0.00092506  0.78264046
11 34 32 148311 -0.60359001 -0.00779724  0.79803467
11 34 32 203524 -0.59850502 -0.01315689  0.80371475
11 34 32 248869 -0.61149979 -0.01779938  0.81263161
11 34 32 299885 -0.6190815   0.00481415  0.80461121
11 34 32 349578 -0.61100197 -0.01053619  0.8099823 
11 34 32 401560 -0.60610008 -0.02090645  0.81607628
11 34 32 451862 -0.60022163 -0.01622391  0.80896759
11 34 32 500620 -0.6088047  -0.00731659  0.80105209
11 34 32 552481 -0.61762047  0.00275421  0.79538918
11 34 32 603299 -0.6258316   0.00251961  0.81045532
11 34 32 653061 -0.61223793 -0.00366592  0.80686378
11 34 32 700594 -0.61310387 -0.0168705   0.80050659
11 34 32 748947 -0.61685562  0.00199127  0.79659271
11 34 32 801586 -6.08676910e-01  3.24249268e-04  7.98250198e-01
11 34 32 849420 -0.62375259  0.00823593  0.81303024
11 34 32 901162 -0.63006783  0.0191555   0.80588722
11 34 32 950987 -0.60808945  0.00151253  0.80692863
11 34 33 1097 -0.58989334 -0.00442886  0.80033112
11 34 33 53314 -0.58934212  0.01313782  0.80534172
11 34 33 103026 -0.61620903  0.01358795  0.80291939
11 34 33 153560 -0.63364029  0.01172066  0.8253231 
11 34 33 203658 -0.6106472   0.00814438  0.82481194
11 34 33 254876 -0.5832901   0.01560974  0.81214714
11 34 33 302149 -0.59949303  0.00774002  0.79716873
11 34 33 348397 -0.59520531  0.01745224  0.79470253
11 34 33 400534 -0.61642838  0.01282883  0.81041718
11 34 33 448631 -0.61309624  0.02558327  0.80556297
11 34 33 499889 -0.58696175  0.02835655  0.79193497
11 34 33 550829 -5.98030090e-01  6.84738159e-04  7.98948288e-01
11 34 33 600139 -0.60274506  0.02502251  0.8012886 
11 34 33 652982 -0.60919762  0.03733444  0.79842567
11 34 33 708273 -0.60037041  0.02442932  0.80075073
11 34 33 774657 -0.58978271  0.01915359  0.79841995
11 34 33 818391 -0.57309532  0.03745651  0.80730629
11 34 33 869412 -0.58872223  0.01939201  0.79951859
11 34 33 924939 -0.60293961  0.02078819  0.81419182
11 34 33 965065 -0.58492088  0.03333664  0.80311394
11 34 34 12482 -0.57582092  0.02387238  0.80102921
11 34 34 57932 -0.56766701  0.01465225  0.80635262
11 34 34 112301 -0.58641052  0.00425148  0.8181057 
11 34 34 147082 -0.59368896  0.0183754   0.80696106
11 34 34 200008 -0.59907341  0.02923012  0.80109406
11 34 34 252172 -0.59339714  0.01907539  0.81299973
11 34 34 301066 -0.5785141   0.01051903  0.80451202
11 34 34 351413 -0.57524681  0.01472092  0.80065346
11 34 34 404377 -0.5921936   0.02180862  0.79498482
11 34 34 454972 -0.60362053  0.02286148  0.80501747
11 34 34 501371 -0.59502411  0.01582909  0.79948807
11 34 34 550108 -0.58665276  0.02671242  0.79919815
11 34 34 599935 -0.58495903  0.0160923   0.79528236
11 34 34 652026 -0.59513283  0.01914406  0.8059864 
11 34 34 706135 -0.58739471  0.02897835  0.81724739
11 34 34 750190 -0.58596992  0.02030945  0.81586838
11 34 34 798720 -0.59576225  0.02258301  0.82447433
11 34 34 852247 -0.59030533  0.02308083  0.81219673
11 34 34 899628 -0.58689499  0.01592064  0.80818176
11 34 34 951452 -0.56678391  0.01496887  0.80416679
11 34 35 1224 -0.58165932  0.02473259  0.79685974
11 34 35 53958 -0.58998489  0.02133179  0.79312897
11 34 35 106565 -0.57694054  0.00746918  0.79476738
11 34 35 148461 -0.58095169  0.01198006  0.7922821 
11 34 35 201145 -0.58580017  0.00766754  0.79711342
11 34 35 249601 -0.58298111  0.01003647  0.80463982
11 34 35 300863 -0.60391998  0.01784897  0.7931118 
11 34 35 350854 -0.59130669  0.0123539   0.80206871
11 34 35 402274 -0.5831356  -0.00606537  0.7894249 
11 34 35 452756 -0.57673454 -0.00633621  0.78926468
11 34 35 501315 -0.58608627  0.01075935  0.79358864
11 34 35 553553 -0.58813477  0.00248909  0.7877903 
11 34 35 601618 -0.60767746 -0.0033474   0.79175758
11 34 35 652112 -5.85624695e-01  3.81469727e-06  7.89682388e-01
11 34 35 702283 -0.58946991 -0.00469398  0.79961967
11 34 35 749799 -0.60728645 -0.00703621  0.80179977
11 34 35 801918 -0.60079193  0.00823975  0.81398392
11 34 35 850159 -0.61602783  0.01430702  0.81149292
11 34 35 901490 -0.60573387  0.01006126  0.80526352
11 34 35 950813 -0.60326004  0.00338554  0.80489731
11 34 36 1261 -0.59869385 -0.00477028  0.82496452
11 34 36 51359 -0.60615349  0.00549126  0.8221302 
11 34 36 103711 -0.61743355  0.01641273  0.82267189
11 34 36 153162 -0.62811852  0.01566505  0.83438683
11 34 36 202802 -0.61861038  0.00855637  0.83592415
11 34 36 253253 -0.60669899  0.01060867  0.82279587
11 34 36 303496 -0.60808182  0.00615692  0.81802177
11 34 36 347721 -0.6038723   0.01166534  0.8237381 
11 34 36 402318 -0.62901497  0.01924133  0.83377647
11 34 36 448565 -0.63040352  0.00584984  0.8325367 
11 34 36 500136 -0.60691452  0.00736427  0.81574249
11 34 36 549228 -0.58891869  0.01105118  0.81246758
11 34 36 598642 -0.59659958  0.00738335  0.8201313 
11 34 36 652956 -0.60606575  0.00886154  0.81808662
11 34 36 700973 -0.60313034  0.01268768  0.82202339
11 34 36 752665   0.12268257  13.25006866 -10.37185097
11 34 36 800664 -0.57745171  0.02195168  0.79332733
11 34 36 852559 -0.5833931   0.01250839  0.77990723
11 34 36 901033 -5.95403671e-01  1.02729797e-02 -1.35001049e+01
11 34 36 949073 -0.64421272 -0.02220726  0.77321053
11 34 36 999356 -0.64082146 -0.01651382  0.76154327
11 34 37 49833 -0.6444931  -0.02053642  0.75812531
11 34 37 108936 -0.6460762  -0.01594162  0.75479126
11 34 37 150291 -0.64183998 -0.01971817  0.76091194
11 34 37 199315 -0.64010048 -0.01415634  0.75803757
11 34 37 250601 -0.6448555  -0.00980759  0.76192284
11 34 37 300148 -0.64607048 -0.01159096  0.76040459
11 34 37 351887 -0.63449669 -0.00788116  0.74925613
11 34 37 403604 -0.63940239 -0.00931549  0.74733925
11 34 37 455946 -0.64536095 -0.01697731  0.74765587
11 34 37 501830 -0.64935112 -0.01442146  0.75728607
11 34 37 548197 -0.65369225 -0.01723862  0.7604351 
11 34 37 604016 -0.6552887  -0.02318954  0.76238823
11 34 37 650554 -0.64630127 -0.01598167  0.76050568
11 34 37 701530 -0.6498394  -0.01881409  0.76506615
11 34 37 752194 -0.6535778  -0.02092361  0.77553368
11 34 37 798933 -0.64916801 -0.02269173  0.77317047
11 34 37 851201 -0.65108681 -0.01967812  0.77420235
11 34 37 899920 -0.65015984 -0.0218792   0.77817917
11 34 37 951861 -0.64328003 -0.0208683   0.77847481
11 34 38 2271 -0.64534569 -0.02044296  0.78159523
11 34 38 52467 -0.64251137 -0.01659203  0.78165627
11 34 38 103437 -0.64525986 -0.01632118  0.77620125
11 34 38 150285 -0.65044594 -0.01600456  0.78250122
11 34 38 201014 -0.65215111 -0.0216465   0.78831863
11 34 38 250309 -0.6451416  -0.01869202  0.77923584
11 34 38 301228 -0.64567375 -0.01793289  0.77387238
11 34 38 351426 -0.64629173 -0.01690865  0.78035355
11 34 38 401861 -0.64110184 -0.01524353  0.78332138
11 34 38 451024 -0.6411438  -0.01249123  0.7790966 
11 34 38 499258 -0.63873482 -0.01632881  0.77764511
11 34 38 552739 -0.63723183 -0.01420021  0.77079582
11 34 38 600928 -0.63301659 -0.00894356  0.76810074
11 34 38 653292 -0.63285446 -0.00910759  0.76746941
11 34 38 700945 -0.62459755 -0.00820923  0.7684269 
11 34 38 748531 -0.62665367 -0.00485992  0.76793671
11 34 38 800158 -0.62625313 -0.00333977  0.76289177
11 34 38 849877 -0.62711716 -0.00209427  0.77182198
11 34 38 903119 -0.62749672 -0.00660515  0.7640152 
11 34 38 949310 -0.62619781 -0.00956726  0.7700386 
11 34 38 999249 -0.6225605  -0.01108551  0.76935005
11 34 39 50906 -0.6222496  -0.00604439  0.77001953
11 34 39 104710 -0.62222862 -0.0046196   0.76292992
11 34 39 151055 -0.62423897 -0.00124741  0.7716217 
11 34 39 199845 -0.62780762 -0.01107788  0.76851273
11 34 39 251751 -0.62300491 -0.00686073  0.76517487
11 34 39 300588 -0.61905861 -0.00881958  0.76608276
11 34 39 352020 -0.61316681 -0.00597382  0.76335526
11 34 39 400531 -0.61069298 -0.00428963  0.7711792 
11 34 39 449665 -0.61150932 -0.00445366  0.77147484
11 34 39 500246 -0.61820412 -0.00875854  0.78089523
11 34 39 549423 -0.62458992 -0.01489639  0.79178047
11 34 39 599385 -0.62099648 -0.01403427  0.78502655
11 34 39 650611 -0.61962318 -0.00813866  0.78481102
11 34 39 699411 -0.61517525 -0.0110569   0.78153038
11 34 39 751722 -0.62755013 -0.00327492  0.78002739
11 34 39 801780 -0.62399101 -0.00519943  0.79092407
11 34 39 852266 -0.62057304 -0.00842857  0.79421997
11 34 39 903584 -0.61885452 -0.00345612  0.79231834
11 34 39 948046 -0.62025642 -0.00265312  0.78674698
11 34 39 999366 -0.62067413 -0.00533676  0.78847694
11 34 40 51294 -0.62342453 -0.00581169  0.7950058 
11 34 40 110272 -0.62159538 -0.00798798  0.79785919
11 34 40 146380 -0.61968422 -0.00877762  0.80034256
11 34 40 202282 -0.61946869 -0.00376892  0.80254936
11 34 40 250674 -0.61829376 -0.00855637  0.79975891
11 34 40 300186 -0.62105942 -0.0041523   0.80032349
11 34 40 351675 -0.62566757 -0.01542664  0.80653   
11 34 40 407485 -0.62651443 -0.01097488  0.81078529
11 34 40 453164 -0.62683678 -0.0073204   0.80300522
11 34 40 503350 -0.62251663 -0.00800896  0.80258942
11 34 40 549447 -0.62395668 -0.0063343   0.79786873
11 34 40 601701 -0.6216259  -0.00789452  0.79945564
11 34 40 652418 -0.62819672 -0.01251411  0.79881477
11 34 40 702250 -0.62487221 -0.01160812  0.80132294
11 34 40 754329 -0.62358475 -0.01194572  0.79839897
11 34 40 801137 -0.6174202  -0.00699425  0.79310799
11 34 40 850679 -0.61556816 -0.0096302   0.79320717
11 34 40 899757 -0.61931801 -0.01242447  0.80048943
11 34 40 951748 -0.61725616 -0.0101757   0.80013657
11 34 41 1974 -0.61922836 -0.01206017  0.79328156
11 34 41 53260 -0.61120415 -0.01125336  0.79021263
11 34 41 106174 -0.60693169 -0.0099678   0.78339577
11 34 41 148312 -0.60417366 -0.01296806  0.78095055
11 34 41 200285 -0.61120415 -0.01653481  0.78483009
11 34 41 248840 -0.60876656 -0.01316643  0.77963829
11 34 41 301686 -0.61602974 -0.01054192  0.7811451 
11 34 41 350764 -0.6100769  -0.01541519  0.78149605
11 34 41 403441 -0.61105156 -0.0155983   0.77800369
11 34 41 453754 -0.61404991 -0.01590729  0.78941154
11 34 41 499745 -0.61555672 -0.01438332  0.7857666 
11 34 41 551068 -0.61961746 -0.01483917  0.78661537
11 34 41 601407 -0.61706543 -0.00394058  0.78706741
11 34 41 652517 -0.62215042 -0.00508881  0.79074287
11 34 41 702257 -0.62115288 -0.00209236  0.79603386
11 34 41 751925 -0.62112427 -0.00491905  0.79722404
11 34 41 799980 -0.61842728 -0.0069828   0.79310417
11 34 41 850845 -0.61185265 -0.00859642  0.79154968
11 34 41 901295 -0.62264633 -0.00469017  0.79351425
11 34 41 951582 -0.62335396 -0.01317596  0.80104256
11 34 41 999535 -0.63041496 -0.01157379  0.80286407
11 34 42 51948 -0.62286377 -0.01236725  0.80610466
11 34 42 105389 -0.62185097 -0.01330376  0.800951  
11 34 42 155903 -0.62127495 -0.01351929  0.79801941
11 34 42 204856 -0.62334442 -0.01335907  0.80249214
11 34 42 254071 -0.62727165 -0.01662636  0.80099297
11 34 42 301816 -0.62467575 -0.01660156  0.79434586
11 34 42 350824 -0.61967468 -0.01937294  0.78943443
11 34 42 400840 -0.61653709 -0.01314354  0.79528618
11 34 42 450536 -0.61582184 -0.01314163  0.78694534
11 34 42 502575 -0.62161446 -0.01155663  0.78270149
11 34 42 552759 -0.62888336 -0.00628853  0.79265213
11 34 42 601703 -0.62724686 -0.00987434  0.7988739 
11 34 42 652111 -0.6117363  -0.01656151  0.80006981
11 34 42 699958 -0.61304092 -0.01143837  0.79878044
11 34 42 752555 -0.61163139 -0.00112534  0.80002785
11 34 42 801465 -0.60958862  0.00172615  0.7969799 
11 34 42 853845 -0.60782051 -0.00119019  0.79330826
11 34 42 906251 -0.60720253 -0.00910759  0.78430557
11 34 42 949927   0.12262726 -14.00005913  -0.87193489
11 34 43 138 -0.61258698 -0.00856018  0.79265785
11 34 43 49794 -0.6157093  -0.00247192  0.78546906
11 34 43 109392 -0.62493706 -1.87501335 -6.24695396
11 34 43 169733 -0.60773659 -0.00619507  0.78260422
11 34 43 224068 -0.60710526 -0.01321602  0.78583717
11 34 43 251520 -0.60943794 -0.01840782  0.7819519 
11 34 43 301828 -0.74179459 -0.04131508  0.6817131 
11 34 43 352119 -0.74142075 -0.03595924  0.67750549
11 34 43 403279 -0.73462868 -0.03263474  0.67406082
11 34 43 452481 -0.73957253 -0.03253555  0.67548561
11 34 43 508056 -0.73770714 -0.03700066  0.67879677
11 34 43 548182 -0.74186516 -0.03522491  0.67525673
11 34 43 599601 -0.73959351 -0.03566742  0.67258644
11 34 43 649533 -0.73876381 -0.03703499  0.6744442 
11 34 43 700627 -0.73210526 -0.03343391  0.67569542
11 34 43 749914 -0.73656082 -0.03355026  0.67161369
11 34 43 800019 -0.7354393  -0.03371429  0.66873741
