11 33 41 420886 -0.60301948  0.02307439  0.80473232
11 33 41 423703 -0.60357738  0.02385449  0.80494237
11 33 41 442710 -0.59895825  0.02625537  0.80101347
11 33 41 449324 -0.59898901  0.02508307  0.80011535
11 33 41 497016 -0.59503722  0.02776814  0.79523444
11 33 41 548687 -0.59112835  0.02526617  0.79393888
11 33 41 599900 -0.58710861  0.02074432  0.79107523
11 33 41 652187 -0.5888896   0.01517439  0.79377818
11 33 41 700573 -0.59157777  0.01069355  0.79963923
11 33 41 745752 -0.59297848  0.01127219  0.79578042
11 33 41 797849 -0.59262395  0.01361036  0.79663539
11 33 41 847421 -0.59532619  0.01227331  0.80460572
11 33 41 899366 -0.59475732  0.01606965  0.80495095
11 33 41 948008 -0.59726214  0.01635933  0.80766225
11 33 41 996406 -0.59546304  0.01150584  0.80690026
11 33 42 48813 -0.59391975  0.00917387  0.80789304
11 33 42 100376 -0.59965467  0.00985694  0.81236649
11 33 42 149609 -0.61095214  0.01081181  0.8159039 
11 33 42 198710 -0.6133182   0.01271009  0.82427382
11 33 42 249732 -0.61006212  0.00906253  0.8241334 
11 33 42 299966 -0.60991907  0.00727439  0.82762051
11 33 42 347001 -0.60974145  0.00157571  0.83024335
11 33 42 399952 -0.61025381  0.00571442  0.83298159
11 33 42 446828 -0.61176491  0.01283836  0.82780433
11 33 42 498037 -0.60611367  0.0092063   0.82397032
11 33 42 556024 -0.5975368   0.00653195  0.82169652
11 33 42 628377 -0.59598994  0.002249    0.81572723
11 33 42 679918 -0.60417509  0.00132704  0.82436371
11 33 42 733980 -0.60991216 -0.0013485   0.83056545
11 33 42 783623 -0.60413241 -0.00208807  0.82436466
11 33 42 833071 -0.59089875 -0.00440431  0.81403422
11 33 42 866727 -0.5809927  -0.00517702  0.80557323
11 33 42 899376 -0.57775784 -0.00243497  0.80144906
11 33 42 947393 -0.58594489 -0.0017004   0.80714869
11 33 42 998838 -0.59042883 -0.001086    0.80879641
11 33 43 49294 -0.5840292  -0.00512815  0.80777383
11 33 43 106601 -0.58175564 -0.00428939  0.80578327
11 33 43 148142 -5.82415581e-01  7.37428665e-04  8.07736397e-01
11 33 43 196495 -0.58797383  0.0064764   0.81256199
11 33 43 258387 -0.59001541  0.00782371  0.81487894
11 33 43 328322 -0.58486366  0.0092504   0.81557012
11 33 43 377911 -0.58027101  0.00731063  0.81109786
11 33 43 430604 -0.57876205  0.00958252  0.81014252
11 33 43 471608 -0.5812397   0.01288772  0.81209898
11 33 43 522899 -0.58088994  0.01344609  0.81732106
11 33 43 569261 -0.58113003  0.00829864  0.81268573
11 33 43 616061 -0.58104825  0.00875187  0.80830789
11 33 43 672691 -0.58064675  0.00336146  0.80811048
11 33 43 714327 -0.58227706  0.00226116  0.80802107
11 33 43 775099 -0.57850075  0.00275898  0.81083798
11 33 43 828993 -0.58027673  0.00933266  0.81198239
11 33 43 886864 -0.57354975  0.01444507  0.8097353 
11 33 43 937824 -0.56449366  0.01977777  0.80813217
11 33 44 9313 -0.5649488   0.01860166  0.81032729
11 33 44 60111 -0.56711531  0.01779175  0.81102109
11 33 44 110369 -0.57033134  0.02019191  0.81537294
11 33 44 160119 -0.57194877  0.01434064  0.81370831
11 33 44 207777 -0.57013369  0.01238012  0.81274629
11 33 44 254278 -0.5739851   0.01546407  0.81154966
11 33 44 304873 -0.58081937  0.0150063   0.8123374 
11 33 44 355505 -0.57591033  0.0150013   0.8101871 
11 33 44 410321 -0.57348156  0.01629567  0.80828285
11 33 44 458946 -0.57871699  0.01289749  0.80659318
11 33 44 523291 -0.5819869   0.01547003  0.80761671
11 33 44 587372 -0.57940197  0.01591158  0.80595827
11 33 44 640952 -0.58227158  0.01365066  0.80753469
11 33 44 691921 -0.58460522  0.01640368  0.80348229
11 33 44 741216 -0.58336329  0.02005529  0.8017385 
11 33 44 786757 -0.58218789  0.02028131  0.79794693
11 33 44 822425 -0.57774472  0.01969314  0.79596114
11 33 44 870664 -0.57877445  0.02121449  0.79895759
11 33 44 925888 -0.58637428  0.02049232  0.80509448
11 33 44 983047 -0.59406996  0.01306105  0.81422687
11 33 45 39807 -0.5935595   0.01127434  0.816782  
11 33 45 93854 -0.59340477  0.01131773  0.81793952
11 33 45 143627 -0.5945344   0.01236868  0.82028604
11 33 45 202140 -0.60001922  0.01311326  0.82049251
11 33 45 258856 -0.60527563  0.01329422  0.82470536
11 33 45 301878 -0.60630202  0.00902057  0.82718134
11 33 45 341459 -0.60550213  0.00983095  0.82739568
11 33 45 384997 -0.60961914  0.01032639  0.83066344
11 33 45 432230 -0.61690235  0.01428747  0.8339479 
11 33 45 466488 -0.61554909  0.01428461  0.83557868
11 33 45 505217 -0.6134727   0.00952411  0.83768296
11 33 45 541522 -0.6046617   0.01407528  0.83731031
11 33 45 579682 -0.59829497  0.0097568   0.82617497
11 33 45 613461 -0.59715581  0.00766015  0.82525873
11 33 45 670618 -0.59352875  0.0035522   0.82547808
11 33 45 715177 -0.59211707 -0.0047729   0.8236258 
11 33 45 769219 -0.58820748 -0.01024461  0.82096386
11 33 45 817883 -0.58568573 -0.01080561  0.81315708
11 33 45 866811 -0.58649683 -0.01024866  0.81435347
11 33 45 917793 -0.59041333 -0.01364303  0.81184578
11 33 45 964928 -0.58648372 -0.01426363  0.81230259
11 33 46 19828 -0.58334827 -0.01366377  0.80798101
11 33 46 79288 -0.58019876 -0.01617503  0.80711436
11 33 46 129478 -0.58063722 -0.01442981  0.80679631
11 33 46 180145 -0.58573556 -0.01107407  0.80645633
11 33 46 224567 -0.58256936 -0.00500679  0.80727267
11 33 46 267161 -0.57974076 -0.00270367  0.80439496
11 33 46 320553 -5.78565598e-01 -4.81128693e-04  8.07734489e-01
11 33 46 376666 -0.58025932  0.00284481  0.80481005
11 33 46 436785 -0.58203006  0.00765944  0.81176543
11 33 46 483512 -0.58549094  0.00664616  0.81696916
11 33 46 524353 -0.58440781  0.00826406  0.81637502
11 33 46 567172 -0.57854009  0.00982618  0.8186419 
11 33 46 598058 -0.5779295   0.00566936  0.82096839
11 33 46 647452 -0.57752395  0.00361681  0.82330322
11 33 46 699460 -0.57295275  0.0055244   0.82322502
11 33 46 749117 -0.5698576   0.00604606  0.81765032
11 33 46 797294 -0.57142806  0.00481033  0.81691933
11 33 46 849074 -5.76105833e-01  1.17063522e-04  8.18382025e-01
11 33 46 898155 -0.57821608  0.00127983  0.81819963
11 33 46 950595 -0.58177614  0.00275493  0.81615019
11 33 46 998172 -0.57716966  0.00437593  0.81601858
11 33 47 51099 -0.57201314  0.00444913  0.81131244
11 33 47 101989 -0.57399321  0.00746918  0.81207943
11 33 47 146112 -0.57792187  0.00664282  0.81484246
11 33 47 198671 -0.57875109  0.01296329  0.81744289
11 33 47 247088 -0.57867503  0.01565504  0.82034302
11 33 47 298461 -0.5750761  0.0170505  0.8171494
11 33 47 348137 -0.5706923   0.01111078  0.81682301
11 33 47 400121 -0.56886172  0.01312208  0.81433678
11 33 47 448760 -0.56778288  0.01592517  0.8156867 
11 33 47 497850 -0.56687212  0.01166248  0.81533384
11 33 47 547777 -0.57387614  0.00880814  0.81468678
11 33 47 598013 -0.57671595  0.01042557  0.81727481
11 33 47 650137 -0.5786984   0.00731468  0.81328964
11 33 47 700031 -0.57810521  1.18753481  0.30005503
11 33 47 747645 -0.57660031  0.01074314  0.81748009
11 33 47 798546  0.01337194 -1.49995017 -0.10618401
11 33 47 847957 -0.57729363  0.0133667  -0.66868615
11 33 47 898516 -0.57468677  0.02278447  0.81917644
11 33 47 947744 -0.00464058  0.04803514  0.01535058
11 33 47 997998 -0.56199217 -0.01166654  0.82162356
11 33 48 50645 -0.5575707  -0.00988698  0.82005119
11 33 48 100864 -0.55959582 -0.00843549  0.82270861
11 33 48 149955 -0.56429648 -0.00298238  0.82234693
11 33 48 200180 -5.64580917e-01  4.38213348e-04  8.20592165e-01
11 33 48 251546 -0.55885005  0.00351501  0.82283211
11 33 48 299511 -0.5554235  -0.00166392  0.82705283
11 33 48 346688 -0.55467081  0.00268865  0.83129573
11 33 48 398810 -0.55709338  0.00422192  0.83284807
11 33 48 447650 -0.55826116  0.00089407  0.83380699
11 33 48 498758 -0.56014419  0.00095534  0.83605504
11 33 48 548715 -0.56239176 -0.00473523  0.83230424
11 33 48 600413 -0.56082249 -0.00650287  0.83307791
11 33 48 649630 -0.56710052 -0.00663948  0.8323071 
11 33 48 699770 -0.57037568 -0.00566721  0.83425117
11 33 48 751916 -0.57139015 -0.00508833  0.83830237
11 33 48 799763 -0.57697105 -0.00487757  0.83626986
11 33 48 849631 -0.57726693 -0.0008533   0.83708763
11 33 48 899003 -0.57571554  0.00206637  0.83896637
11 33 48 946636 -0.57443714  0.0058763   0.83888197
11 33 48 998697 -0.57869291  0.01297331  0.84472299
11 33 49 47484 -0.58182168  0.01173759  0.84463906
11 33 49 108748 -0.57476711  0.01512456  0.84609699
11 33 49 149439 -0.57403445  0.01363945  0.84426045
11 33 49 197379 -0.57763171  0.01513767  0.84617543
11 33 49 249118 -0.57744861  0.01062226  0.8450017 
11 33 49 298792 -0.57721591  0.00977373  0.8432169 
11 33 49 351813 -0.57136083  0.00515556  0.83867002
11 33 49 400809 -0.56333423  0.00095963  0.83713031
11 33 49 450509 -0.57126236 -0.00101519  0.83216238
11 33 49 500977 -0.57604718 -0.00229549  0.83165145
11 33 49 547356 -0.57334471 -0.00437307  0.82948041
11 33 49 598226 -0.5726037  -0.00509167  0.83246017
11 33 49 647988 -0.57111859 -0.0064435   0.82963133
11 33 49 699715 -0.56831551 -0.00820017  0.82607746
11 33 49 748340 -0.57136869 -0.00291348  0.82842469
11 33 49 797870 -5.70410252e-01 -3.51428986e-04  8.28475714e-01
11 33 49 850319 -0.56815815  0.00115538  0.82598829
11 33 49 897586 -5.69337368e-01 -7.80105591e-04  8.24617624e-01
11 33 49 949761 -0.56405735  0.00212288  0.82269311
11 33 49 998451 -0.56344271 -0.00172043  0.82109404
11 33 50 51090 -0.56318688 -0.00090981  0.82138371
11 33 50 103059 -0.56143737 -0.00194097  0.82328773
11 33 50 146677 -0.55544686 -0.00215364  0.81862903
11 33 50 198101 -0.55277085 -0.00390482  0.81493282
11 33 50 247070 -0.55475831 -0.00933862  0.81339431
11 33 50 298632 -0.55553508 -0.01005435  0.81530142
11 33 50 348047 -0.5599215  -0.01150727  0.82082438
11 33 50 400358 -0.55874777 -0.01328325  0.82330418
11 33 50 449030 -0.56007171 -0.01485467  0.82368279
11 33 50 498006 -0.55873585 -0.01249743  0.8194778 
11 33 50 551008 -0.56226563 -0.01053953  0.82380605
11 33 50 599012 -0.56698751 -0.00960779  0.82785821
11 33 50 651300 -0.56748343 -0.00742459  0.83251882
11 33 50 700392 -0.56945014 -0.00634789  0.83267808
11 33 50 747539 -0.57193279 -0.00318551  0.83331847
11 33 50 798893 -0.57346606 -0.0040338   0.83504391
11 33 50 847526 -5.72012424e-01 -5.05447388e-05  8.36391926e-01
11 33 50 899616 -0.57555771 -0.00175619  0.83698201
11 33 50 948435 -0.57889366 -0.00304413  0.83623791
11 33 50 997764 -0.58038616 -0.00760865  0.83442593
11 33 51 51809 -0.5832994  -0.0127182   0.83735132
11 33 51 100130 -0.58251047 -0.01190591  0.83647585
11 33 51 151557 -0.58140945 -0.01095963  0.83338904
11 33 51 197921 -0.57740784 -0.01329255  0.82943583
11 33 51 250840 -0.57116818 -0.00727868  0.82714581
11 33 51 299918 -0.5658927  -0.00608754  0.82521033
11 33 51 347944 -0.56401324 -0.00713849  0.82422256
11 33 51 399707 -0.5611794  -0.00705361  0.82195854
11 33 51 474682 -0.56159163 -0.00550771  0.82036185
11 33 51 499064 -0.55774236 -0.00530577  0.81788588
11 33 51 549698 -0.55557466 -0.00340986  0.81294894
11 33 51 597318 -0.5545702  -0.00427222  0.81301999
11 33 51 653105 -0.55466318 -0.00358176  0.81213284
11 33 51 699508 -0.55415797 -0.00294495  0.81167603
11 33 51 749686 -0.55595827 -0.00343943  0.81181931
11 33 51 799393 -0.55839729 -0.00406313  0.81356001
11 33 51 852497 -0.55891585 -0.0042901   0.81732392
11 33 51 899976 -0.56323504 -0.00093079  0.82174492
11 33 51 946543 -0.56129622 -0.00144744  0.82290268
11 33 51 998257 -5.63187361e-01  1.13964081e-04  8.22251797e-01
11 33 52 47603 -5.65818071e-01 -3.71217728e-04  8.21238995e-01
11 33 52 107947 -0.56810474  0.00209975  0.82345867
11 33 52 144621 -0.56591606  0.00184894  0.82007575
11 33 52 197198 -5.62157393e-01  6.27279282e-04  8.16194057e-01
11 33 52 249288 -0.56076503  0.0033443   0.81709576
11 33 52 297974 -0.56094313  0.0040853   0.8142786 
11 33 52 349822 -0.56019402  0.00432825  0.81450868
11 33 52 402118 -0.56436014  0.00097895  0.81599069
11 33 52 451089 -0.56466627  0.00492454  0.81640673
11 33 52 499345 -5.67101002e-01 -6.60657883e-04  8.20899010e-01
11 33 52 551260 -0.5714705  -0.00348735  0.8229692 
11 33 52 598049 -0.57485485 -0.00149322  0.82544041
11 33 52 647307 -0.57979107  0.00381303  0.82872844
11 33 52 698884 -0.58126092  0.00536513  0.83145356
11 33 52 749158 -0.58075476  0.0048449   0.83099389
11 33 52 797041 -0.58202362  0.00303674  0.83477449
11 33 52 849285 -0.59014583  0.00283718  0.83153319
11 33 52 897864 -0.58981276  0.00449538  0.83325052
11 33 52 949965 -0.58781147  0.00613594  0.82987928
11 33 52 998515 -0.5899601   0.01166987  0.82740068
11 33 53 51656 -0.58539319  0.00862956  0.82747149
11 33 53 102413 -0.58214045  0.00571632  0.82781386
11 33 53 146682 -0.58118939  0.00471377  0.82868719
11 33 53 198366 -0.58131766  0.00407338  0.83032703
11 33 53 247756 -5.77272177e-01  7.87019730e-04  8.28308582e-01
11 33 53 300073 -0.57693267 -0.00301433  0.82343483
11 33 53 348125 -0.57449698 -0.00762653  0.82043958
11 33 53 399191 -0.57344532 -0.00804114  0.81802368
11 33 53 448033 -0.56995106 -0.00756478  0.8136003 
11 33 53 497563 -0.56834674 -0.00613093  0.81059122
11 33 53 551301 -0.56752753 -0.01027513  0.81226516
11 33 53 603675 -0.57052445 -0.00898314  0.8101213 
11 33 53 650954 -0.56928539 -0.01065135  0.81362772
11 33 53 701128 -0.57454181 -0.00816822  0.81341457
11 33 53 748020 -0.58057952 -0.00559258  0.81629133
11 33 53 798751 -0.58090281 -0.00294352  0.82151055
11 33 53 847572 -0.58202505 -0.00341439  0.82400179
11 33 53 900646 -0.57989168 -0.00403142  0.82697034
11 33 53 949591 -0.57833481 -0.00782585  0.82838297
11 33 53 999866  0.01334834 -0.89066577 -1.74677324
11 33 54 48804 -0.58286428 -0.0113945   0.82374287
11 33 54 101017 -0.5836699  -0.01217246  0.8241694 
11 33 54 151178  0.01334524 -1.76568317  0.3000989 
11 33 54 199508 -0.5818944  -0.01732588  0.81905341
11 33 54 253116 -0.58384609 -0.01581979  0.81891418
11 33 54 302228 -0.58668351 -0.00988817  0.81770945
11 33 54 345815 -0.58565021 -0.01127839  0.81874657
11 33 54 405270 -0.58741736 -0.01004934  0.81651783
11 33 54 446935 -0.58744287 -0.01153135  0.81932092
11 33 54 498167 -0.58581948 -0.00905848  0.81697965
11 33 54 548570 -0.58500028 -0.01088262  0.81872869
11 33 54 597789 -0.58277512 -0.01044416  0.81849384
11 33 54 650789 -0.58131123 -0.01120353  0.81886578
11 33 54 699146 -0.58038235 -0.01028681  0.81636763
11 33 54 750840 -0.58144569 -0.01161981  0.81718302
11 33 54 800433 -0.58253169 -0.01511502  0.81684518
11 33 54 852505 -0.58374    -0.01638985  0.8170886 
11 33 54 900421 -0.58349133 -0.01888275  0.81493711
11 33 54 947814 -0.58544421 -0.01979518  0.81607008
11 33 55 1361 -0.58492923 -0.01843405  0.81459498
11 33 55 47673 -0.58480144 -0.01727796  0.81694651
11 33 55 107794 -0.58482122 -0.01681852  0.81690145
11 33 55 149190 -0.5841887  -0.01859403  0.81666327
11 33 55 200010 -0.58434296 -0.01666403  0.81766534
11 33 55 250837 -0.58299327 -0.01948929  0.81838465
11 33 55 300075 -0.5830071  -0.0173769   0.81867981
11 33 55 351441 -0.58131123 -0.0150435   0.81779099
11 33 55 403394 -0.58667326 -0.01550937  0.81563616
11 33 55 451679 -0.58422041 -0.01301861  0.81522441
11 33 55 500239 -0.57962847 -0.01572204  0.81474972
11 33 55 546596 -0.58349133 -0.01088762  0.81537271
11 33 55 598315 -0.58440685 -0.01508379  0.8133769 
11 33 55 647776 -0.58596349 -0.01091981  0.81445837
11 33 55 699863 -0.58868194 -0.0121212   0.81271172
11 33 55 751075 -0.58554554 -0.01430631  0.81070209
11 33 55 799098 -0.58404446 -0.0126555   0.81331944
11 33 55 849482 -0.58282757 -0.01127553  0.81515002
11 33 55 898231 -0.58252978 -0.01022029  0.81098127
11 33 55 951769 -0.58536339 -0.00850058  0.8129003 
11 33 55 999766 -0.58515167 -0.01243305  0.81182218
11 33 56 54398 -0.58567548 -0.01164198  0.81423354
11 33 56 108697 -0.58754563 -0.01371932  0.81608415
11 33 56 147857 -0.58533978 -0.01083302  0.81417203
11 33 56 199555 -0.58572221 -0.01357174  0.81542754
11 33 56 248527 -0.58734822 -0.01596928  0.81380582
11 33 56 299180 -0.58581805 -0.01477146  0.81423593
11 33 56 349434 -0.5863986  -0.01407003  0.81759739
11 33 56 399549 -0.58858776 -0.0135541   0.81357551
11 33 56 449240 -0.58717418 -0.01185989  0.81306148
11 33 56 497037 -0.58680582 -0.01378012  0.8166368 
11 33 56 550556 -0.5877862  -0.02007008  0.8153739 
11 33 56 599814 -0.58728576 -0.01858115  0.8145988 
11 33 56 650752 -0.5838697  -0.01739025  0.81231594
11 33 56 700646 -0.58422613 -0.02009082  0.81151438
11 33 56 747516 -0.5859251  -0.01913261  0.81118035
11 33 56 798626 -0.5866971  -0.01548743  0.81421447
11 33 56 849518 -0.58712912 -0.01564622  0.81239676
11 33 56 902536 -0.58661914 -0.01461887  0.81281137
11 33 56 949755 -0.58595538 -0.01499605  0.81251955
11 33 57 26 -0.58658504 -0.01516962  0.81365156
11 33 57 52393 -0.58488584 -0.01256371  0.81469655
11 33 57 100872 -0.58652067 -0.01033425  0.81170702
11 33 57 152371 -0.58763266 -0.00980783  0.81301713
11 33 57 226855 -0.5877142  -0.01262903  0.81188917
11 33 57 271286 -0.58636212 -0.01413274  0.81455255
11 33 57 310970 -0.58993101 -0.01106453  0.81360865
11 33 57 348050 -0.58882952 -0.01340175  0.8119998 
11 33 57 400840 -0.58599448 -0.01096296  0.81034184
11 33 57 447973 -0.58954406 -0.01242256  0.81402397
11 33 57 498746 -0.58907986 -0.01172256  0.81266952
11 33 57 550189 -0.58760166 -0.01442599  0.81239963
11 33 57 597980 -0.58800101 -0.01689124  0.81348562
11 33 57 649105 -0.59086204 -0.01407456  0.81226158
11 33 57 697860 -0.58625412 -0.01368713  0.81249237
11 33 57 749547 -0.58883953 -0.01523685  0.81381702
11 33 57 798541 -0.58658981 -0.01708508  0.81038928
11 33 57 849848 -0.58842587 -0.01736617  0.80950236
11 33 57 899899 -0.59141088 -0.01497388  0.81142926
11 33 57 946948 -0.59034657 -0.01734853  0.81077433
11 33 57 998591 -0.58943868 -0.01550984  0.81268477
11 33 58 47190 -0.58672857 -0.01266956  0.81531906
11 33 58 108637 -0.58825254 -0.0144484   0.81244802
11 33 58 144918 -0.58867693 -0.01617718  0.8157084 
11 33 58 198638 -0.58994865 -0.0165267   0.81488228
11 33 58 248815 -0.58639359 -0.01567101  0.81293917
11 33 58 298662 -0.58688569 -0.01587367  0.81036448
11 33 58 350874 -0.5875175  -0.01638985  0.81478167
11 33 58 402229 -0.58418274 -0.0181787   0.81059337
11 33 58 450658 -0.58539462 -0.01465249  0.81118369
11 33 58 501328 -0.58387017 -0.01287723  0.80818129
11 33 58 546588 -0.58597159 -0.01188803  0.80956388
11 33 58 598138 -0.58656049 -0.01197481  0.80820036
11 33 58 649112 -0.58684945 -0.01123142  0.80699635
11 33 58 698726 -0.58904076 -0.01370788  0.80669975
11 33 58 748685 -0.58752632 -0.00919747  0.80998087
11 33 58 796876 -0.58818126 -0.01107526  0.80979657
11 33 58 848753 -0.58948445 -0.01208949  0.80910015
11 33 58 897925 -0.58694935 -0.01191592  0.8100915 
11 33 58 949909 -0.58983278 -0.01285458  0.8085053 
11 33 58 999117 -0.59251928 -0.01348519  0.81087399
11 33 59 51836 -0.58897734 -0.01161575  0.81207895
11 33 59 104018 -0.5922749  -0.01369381  0.81169701
11 33 59 146067 -0.59378123 -0.01488423  0.81275725
11 33 59 198090 -0.59309888 -0.01609516  0.81309462
11 33 59 247383 -0.58982587 -0.01343989  0.81086993
11 33 59 298723 -0.58979249 -0.01429224  0.81099725
11 33 59 349339 -0.59275436 -0.01576638  0.80804706
11 33 59 400457 -0.59371519 -0.01550126  0.81094313
11 33 59 449518 -0.59249926 -0.0166204   0.81235981
11 33 59 497491 -0.5901134  -0.01513886  0.81040311
11 33 59 548443 -0.59302521 -0.01494312  0.81327844
11 33 59 599113 -0.59490871 -0.01306653  0.81248498
11 33 59 651054 -0.59270024 -0.01318121  0.81546354
11 33 59 699609 -0.59334946 -0.01616883  0.81346154
11 33 59 747079 -0.59301829 -0.01478124  0.81136656
11 33 59 799030 -0.59137845 -0.01328707  0.8129797 
11 33 59 847834 -0.59221745 -0.01449227  0.8134203 
11 33 59 899313 -0.59256935 -0.01678753  0.81314087
11 33 59 949272 -0.59300041 -0.01671076  0.81309342
11 33 59 997066 -0.59024596 -0.01625943  0.81212783
11 34 0 49515 -0.58877015 -0.01456451  0.81368423
11 34 0 102083 -0.59373021 -0.18755817 -1.62182784
11 34 0 161455 -0.58895779 -0.01654387  0.80953503
11 34 0 225365  0.01333189 -0.14068222  1.56565571
11 34 0 275862 -0.58627796 -0.01538086 -0.41871309
11 34 0 334600 -0.58801484 -0.01583958  0.80960703
11 34 0 375902 -0.00059819  0.01879907  0.01534295
11 34 0 419747 -0.57687068 -0.01143003  0.82038713
11 34 0 467275 -0.57660103 -0.0139153   0.81859517
11 34 0 513486 -0.5755291  -0.01576185  0.81864738
11 34 0 569909 -0.5803864  -0.02354932  0.81593013
11 34 0 622586 -0.57990932 -0.02387452  0.8200748 
11 34 0 671542 -0.58907509 -0.02480102  0.82191563
11 34 0 699112 -0.58676028 -0.02531958  0.82204318
11 34 0 750779 -0.5877552  -0.023206    0.82175756
11 34 0 800718 -0.58640885 -0.02552319  0.82539535
11 34 0 850689 -0.58883786 -0.0237      0.83241677
11 34 0 899351 -0.59162664 -0.02071404  0.82930374
11 34 0 949786 -0.58870196 -0.01741028  0.82933187
11 34 0 999517 -0.58588028 -0.017524    0.83146644
11 34 1 48488 -0.58183622 -0.01663661  0.82669878
11 34 1 108921 -0.58227777 -0.0149889   0.82139039
11 34 1 149422 -0.58345699 -0.0129776   0.82354093
11 34 1 197972 -0.58305502 -0.01301432  0.82552552
11 34 1 248535 -0.58185768 -0.01376724  0.82373524
11 34 1 298008 -0.57646966 -0.01129985  0.82062578
11 34 1 351271 -0.57572412 -0.01147008  0.81612086
11 34 1 402173 -0.57710743 -0.0099237   0.81834412
11 34 1 451736 -0.57594776 -0.00865364  0.81536889
11 34 1 498358 -0.57685494 -0.01027131  0.81414199
11 34 1 546540 -0.57686186 -0.00861788  0.81857634
11 34 1 598903 -0.57633233 -0.00663924  0.81703591
11 34 1 647075 -0.57834053 -0.00707722  0.81981707
11 34 1 699378 -0.57579899 -0.00648904  0.8176024 
11 34 1 748576 -0.57450485 -0.00624657  0.81954527
11 34 1 797103 -0.57482839 -0.00664425  0.81500602
11 34 1 850346 -0.57431746 -0.00593877  0.81528449
11 34 1 898342 -0.57710648 -0.00593829  0.81647539
11 34 1 950182 -0.57311773 -0.00816345  0.81654048
11 34 2 2019 -0.57372427 -0.01026797  0.81707859
11 34 2 53360 -0.57428956 -0.01364779  0.82101321
11 34 2 103312 -0.57453275 -0.01165032  0.8241384 
11 34 2 148665 -0.57320762 -0.01621175  0.82444382
11 34 2 199329 -0.57010913 -0.01620984  0.82635379
11 34 2 247497 -0.5712285  -0.01713848  0.82600188
11 34 2 301222 -0.57036209 -0.01669693  0.8243947 
11 34 2 353183 -0.56910467 -0.0168376   0.82726812
11 34 2 400645 -0.57024813 -0.01831841  0.82836461
11 34 2 449018 -0.56842875 -0.01425695  0.82752824
11 34 2 497123 -0.56792235 -0.01181793  0.82590866
11 34 2 548342 -0.56928086 -0.01073623  0.82091498
11 34 2 598849 -0.56829643 -0.01086712  0.81860828
11 34 2 651449 -0.56809044 -0.01245594  0.81317115
11 34 2 700926 -0.57059956 -0.01116204  0.81100965
11 34 2 747594 -0.56988001 -0.01101398  0.80972838
11 34 2 798159 -0.57327342 -0.01300502  0.80878234
11 34 2 847682 -0.56869769 -0.01392937  0.80482602
11 34 2 901083 -0.56975365 -0.01020598  0.80728722
11 34 2 948646 -0.57280517 -0.01135325  0.81171131
11 34 2 997425 -0.57668662 -0.01028538  0.81785965
11 34 3 52338 -0.57172036 -0.0114615   0.81720304
11 34 3 100896 -0.57211208 -0.0066781   0.82105875
11 34 3 149983 -0.5687077  -0.00729227  0.81671977
11 34 3 199083 -0.57237649 -0.00242186  0.81925035
11 34 3 251089 -0.57525849 -0.00415969  0.82312703
11 34 3 300889 -0.57792687 -0.0062604   0.82278228
11 34 3 347564 -0.58007717 -0.00664687  0.8227787 
11 34 3 399354 -0.57777691 -0.01348329  0.82535291
11 34 3 447510 -0.57999277 -0.01244664  0.82635665
11 34 3 499892 -0.58163023 -0.01383829  0.82834959
11 34 3 549735 -0.58442664 -0.02062702  0.83177876
11 34 3 597392 -0.58788037 -0.01943135  0.8307519 
11 34 3 649745 -0.58650613 -0.02363634  0.83033657
11 34 3 699488 -0.58316231 -0.02752209  0.82479453
11 34 3 750348 -0.57983851 -0.027174    0.83023167
11 34 3 799898 -0.57975292 -0.02962351  0.83290172
11 34 3 852994 -0.58380628 -0.02682281  0.83215857
11 34 3 901363 -0.58181787 -0.02789044  0.83037329
11 34 3 947096 -0.58016491 -0.02801228  0.83112431
11 34 3 999491 -0.57930541 -0.03084946  0.82986426
11 34 4 49749 -0.58152342 -0.02647448  0.83101296
11 34 4 108979 -0.5793488  -0.01948309  0.82741952
11 34 4 144897 -0.58006954 -0.02140951  0.82758307
11 34 4 198509 -0.58026719 -0.02203584  0.82176948
11 34 4 256423 -0.58191895 -0.01861405  0.82103992
11 34 4 299862 -0.5809629  -0.01697493  0.81798863
11 34 4 352001 -0.57722664 -0.01401234  0.82047606
11 34 4 402917 -0.58510947 -0.01198196  0.82403135
11 34 4 451153 -0.58456182 -0.01192546  0.82149053
11 34 4 500761 -0.57551575 -0.01125741  0.81391668
11 34 4 548387 -0.57727838 -0.00707531  0.81299114
11 34 4 599614 -0.57555342 -0.00490046  0.80860901
11 34 4 649520 -0.57793808 -0.00348616  0.80960917
11 34 4 699558 -0.58026171 -0.00441217  0.80514503
11 34 4 749070 -0.57728219 -0.00771976  0.80877113
11 34 4 799902 -0.57594633 -0.00898314  0.80899072
11 34 4 849820 -0.57527876 -0.00953889  0.81084347
11 34 4 897722 -0.57827258 -0.00594401  0.81716037
11 34 4 952219 -0.58417439 -0.00503039  0.82065558
11 34 4 998720 -0.58709335 -0.00461292  0.82296634
11 34 5 51535 -0.58201623 -0.00809288  0.82217336
11 34 5 103579 -0.57907081 -0.00943613  0.82146311
11 34 5 147343 -0.58446455 -0.00900578  0.82259417
11 34 5 198369 -0.58783174 -0.00769091  0.82358575
11 34 5 247236 -0.59023857 -0.01062179  0.82503176
11 34 5 300259 -0.58444834 -0.01148224  0.82375455
11 34 5 348908 -0.57894683 -0.01158357  0.8192153 
11 34 5 400362 -0.57930422 -0.01647544  0.82124734
11 34 5 448986 -0.58302212 -0.0138576   0.82407284
11 34 5 498614 -0.58851433 -0.01230025  0.82543755
11 34 5 550142 -0.58524942 -0.01036358  0.83033299
11 34 5 600221 -0.58777905 -0.01037812  0.828439  
11 34 5 651211 -0.58191013 -0.00811982  0.82624006
11 34 5 700191 -0.57683802 -0.006675    0.82346821
11 34 5 751157 -0.57938385 -0.01137733  0.82308364
11 34 5 798052 -0.58243275 -0.00615954  0.8234098 
11 34 5 848994 -0.58328891 -0.00604796  0.81682396
11 34 5 899119 -0.58174109 -0.00513506  0.81339526
11 34 5 950297 -0.57535529 -0.00170541  0.80725813
11 34 5 998088 -0.57672644  0.00113583  0.80545235
11 34 6 51244 -0.57865047 -0.00120831  0.80828953
11 34 6 101883  0.01337814  0.2187469  -1.43435526
11 34 6 152323 -0.57798958  0.00368285  0.80895996
11 34 6 200853 -5.76601267e-01  4.21524048e-04  8.07882547e-01
11 34 6 253658 0.01337337 0.53124571 0.4250381 
11 34 6 300370 -0.57719517  0.00200057  0.81099534
11 34 6 350411 -5.81593990e-01  6.72578812e-04  8.08146477e-01
11 34 6 400076 -0.58361578 -1.68751478  1.48438931
11 34 6 451530 -0.56313062 -0.02588916  0.78673887
11 34 6 499989 -0.56420946 -0.02634907  0.78998017
11 34 6 550501 -0.5778389  -0.0197072   0.80378342
11 34 6 598263 -0.58387589 -0.02450943  0.80202627
11 34 6 650489 -0.57958865 -0.01200676  0.79281688
11 34 6 698595 -0.57183218 -0.0026381   0.79632664
11 34 6 750308 -0.58053803 -0.01964426  0.81364298
11 34 6 799756 -0.59695983 -0.03017902  0.82033753
11 34 6 851808 -0.59245515 -0.01404524  0.81321239
11 34 6 899948 -0.58285499 -0.01437759  0.81616116
11 34 6 947969 -0.58216882 -0.01771069  0.82288599
11 34 6 998902 -0.59023976 -0.01346612  0.82448173
11 34 7 47733 -0.60153937 -0.00917411  0.82489896
11 34 7 109809 -0.61166072 -0.01651382  0.8238039 
11 34 7 144321 -0.60912848 -0.01576257  0.82110763
11 34 7 197750 -0.60158873 -0.01127243  0.82035732
11 34 7 248515 -0.60588765 -0.00840259  0.82828736
11 34 7 300032 -0.61641526 -0.00467873  0.83577633
11 34 7 350580 -6.16243362e-01 -2.38418579e-07  8.21500540e-01
11 34 7 401395 -0.61117172 -0.00407457  0.81193304
11 34 7 451417 -0.60145545 -0.00780511  0.81560922
11 34 7 501915 -6.11013412e-01 -7.89642334e-04  8.27090025e-01
11 34 7 548276 -0.61731768 -0.00136971  0.82993078
11 34 7 599294 -0.61023068 -0.00138712  0.82462358
11 34 7 647942 -0.6014533  -0.00577092  0.82785177
11 34 7 699113 -0.59633827 -0.01039505  0.81849575
11 34 7 749053 -0.60293746 -0.00134897  0.804039  
11 34 7 797426 -0.59223342 -0.00167966  0.79646826
11 34 7 849709 -0.59587908 -0.01621628  0.82151079
11 34 7 899333 -0.59978986 -0.01687574  0.82286119
11 34 7 951504 -0.60292625 -0.0218637   0.80992436
11 34 8 374 -0.59362745 -0.02813888  0.78410292
11 34 8 53558 -0.57898808  0.00310063  0.77229428
11 34 8 103664 -0.57220984  0.01010609  0.77951932
11 34 8 147239 -0.56297922 -0.00717306  0.79073048
11 34 8 198184 -0.57200313 -0.01072741  0.79619288
11 34 8 247646 -0.58535218 -0.00608397  0.78956008
11 34 8 299215 -0.59104395 -0.00846457  0.7837863 
11 34 8 349672 -0.57770419  0.00483847  0.78449321
11 34 8 400117 -0.56782389  0.0036552   0.79896808
11 34 8 449070 -0.58001804 -0.00725341  0.80774903
11 34 8 497418 -0.58373356 -0.00900435  0.79332304
11 34 8 548382 -0.58613205 -0.0016911   0.78583479
11 34 8 598936 -0.59175181  0.00519681  0.79222465
11 34 8 651040 -0.58850384 -0.00279593  0.798141  
11 34 8 700081 -0.58800864 -0.00371599  0.7966845 
11 34 8 746900 -5.93709230e-01 -5.68628311e-04  8.01808119e-01
11 34 8 799415 -0.60261917 -0.00307512  0.80425668
11 34 8 849217 -6.00142956e-01 -3.69787216e-04  8.15387487e-01
11 34 8 899544 -0.60887861  0.00373888  0.82240057
11 34 8 949450 -0.6105516  -0.0031054   0.82662845
11 34 8 997363 -0.60722423 -0.01083136  0.82844329
11 34 9 52315 -0.59481454 -0.01263666  0.83127594
11 34 9 102038 -6.06965303e-01 -2.02178955e-04  8.39669943e-01
11 34 9 151275 -0.60831594 -0.00821495  0.83568907
11 34 9 200012 -0.61389709 -0.01396132  0.83562708
11 34 9 251856 -0.61576724 -0.01448393  0.82985377
11 34 9 300138 -0.59996653 -0.00884128  0.82720232
11 34 9 346511 -0.59490609 -0.01848292  0.82932901
11 34 9 399242 -0.58742642 -0.01129222  0.81113052
11 34 9 447543 -0.57355762  0.00344944  0.80519271
11 34 9 517330 -0.57623005 -0.00688982  0.81054759
11 34 9 566089 -0.58159947 -0.0208528   0.81865621
11 34 9 620645 -0.56954408 -0.00557017  0.80677724
11 34 9 665902 -0.55448771 -0.0135982   0.79796839
11 34 9 714525 -0.56142616 -0.02649021  0.79629683
11 34 9 772016 -0.56366348 -0.01778173  0.79613018
11 34 9 820276 -0.56822729 -0.00555444  0.79625225
11 34 9 872462 -0.57459044 -0.0107348   0.79948711
11 34 9 917056 -0.55649686 -0.01511264  0.79197097
11 34 9 966370 -0.54954505 -0.0038619   0.77445364
11 34 10 8912 -0.55617237  0.0038991   0.77330136
11 34 10 62855 -0.56689882 -0.00977111  0.77392745
11 34 10 109333 -0.57133651 -0.00146675  0.78803039
11 34 10 148918 -0.57232356  0.00975728  0.78687906
11 34 10 197525 -0.56341076  0.0026052   0.78556561
11 34 10 249941 -0.57973742 -0.00213337  0.78999448
11 34 10 299591 -0.58738446  0.00916505  0.79576659
11 34 10 351803 -0.59377289  0.00479054  0.79853177
11 34 10 402439 -0.5927496  -0.00638127  0.81075859
11 34 10 450005 -0.5904696  -0.00582004  0.82746744
11 34 10 501731 -6.02408648e-01 -1.64031982e-04  8.33297491e-01
11 34 10 548470 -0.61919093 -0.00862765  0.83476901
11 34 10 599413 -0.63006735 -0.00272775  0.83744884
11 34 10 649147 -0.62750936  0.00289059  0.85120296
11 34 10 701099 -0.61719847  0.00184679  0.85180664
11 34 10 750997 -0.61622167 -0.01088715  0.8451128 
11 34 10 800313 -6.29259109e-01 -5.60998917e-04  8.47767591e-01
11 34 10 850628 -0.6378634   0.00218034  0.84988308
11 34 10 899954 -0.633816    0.01191902  0.84235716
11 34 10 950446 -0.62613654  0.00899482  0.83815527
11 34 10 999287 -0.61091185  0.00410819  0.83406281
11 34 11 54995 -0.60307312 -0.01048517  0.83402228
11 34 11 104406 -0.61241508 -0.01016021  0.83819246
11 34 11 148204 -0.61755705 -0.0041492   0.83936405
11 34 11 199596 -0.62418985 -0.00978088  0.83915377
11 34 11 249172 -0.61011052 -0.01494026  0.82623625
11 34 11 300136 -0.5867784  -0.00880289  0.80609941
11 34 11 348954 -0.56492305 -0.00800562  0.79164505
11 34 11 400056 -0.56343603 -0.00423908  0.78572059
11 34 11 450219 -0.56715846 -0.0058949   0.78109336
11 34 11 498762 -0.57384706 -0.01275277  0.78371668
11 34 11 551533 -0.56772852 -0.00933719  0.77058101
11 34 11 602004 -0.54742479 -0.01292062  0.76359034
11 34 11 650628 -0.54373074 -0.00486732  0.76544094
11 34 11 701289 -0.54133129 -0.00137067  0.76760077
11 34 11 748050 -0.55309963 -0.00567126  0.77389669
11 34 11 799216 -0.56142902 -0.01604772  0.7780962 
11 34 11 847894 -0.55153632 -0.01089239  0.76726723
11 34 11 900369 -0.55379367 -0.00982571  0.77398849
11 34 11 951833 -0.56602812 -0.01285696  0.78703475
11 34 11 997952 -0.57234859 -0.00478601  0.78588533
11 34 12 52219 -0.57695007  0.00177741  0.78735781
11 34 12 102324 -0.58158183 -0.0145905   0.79763126
11 34 12 152154 0.01335573 1.82801127 0.6594131 
11 34 12 199309 -0.58224773 -0.02399349  0.8147676 
11 34 12 254133 -0.59610486 -0.0074873   0.81542277
11 34 12 301476  0.01325679 -0.67187834  0.67506957
11 34 12 348315 -0.60312891 -0.01087332  0.826406  
11 34 12 401786 -0.60484147 -0.02245569  0.83609056
11 34 12 448551 -0.61593127 -0.0306046   0.00361347
11 34 12 500450 -0.58606005  0.00312066  0.81155205
11 34 12 548310 -0.60035467 -0.00086617  0.81430531
11 34 12 597670 -0.61160493  0.00288701  0.81494284
11 34 12 650324 -0.61315656  0.00671577  0.81537247
11 34 12 698301 -0.62124896  0.00781131  0.82360029
11 34 12 750557 -0.62398553  0.00687408  0.82192731
11 34 12 799219 -0.61890364 -0.00623369  0.80827713
11 34 12 853044 -0.63147044 -0.00291181  0.80673981
11 34 12 900045 -0.6264534   0.00819683  0.80455875
11 34 12 974682 -0.62526298  0.00262237  0.80705237
11 34 13 16149 -0.63335752 -0.00321198  0.81248116
11 34 13 65806 -0.62605381 -0.01823044  0.81805301
11 34 13 126331 -0.62881303 -0.0185864   0.82488322
11 34 13 163876 -0.63497233 -0.0044899   0.82353568
11 34 13 219901 -0.62164712  0.00525498  0.81188846
11 34 13 266042 -0.59918189  0.00383425  0.80849648
11 34 13 317589 -0.5958941  -0.00135064  0.81591964
11 34 13 372891 -0.60376501 -0.01669693  0.81069088
11 34 13 417918 -0.61360264 -0.01270056  0.8067677 
11 34 13 466443 -0.60899329  0.00297022  0.79269791
11 34 13 521789 -0.60733056  0.01052141  0.79013848
11 34 13 561252 -0.60317397 -0.00217342  0.7877574 
11 34 13 613592 -0.59088778 -0.00587177  0.77642465
11 34 13 663712 -0.59647918  0.00253057  0.77761483
11 34 13 709668 -0.59557533  0.00781584  0.77248859
11 34 13 763974 -0.59069204  0.00157762  0.78032303
11 34 13 812751 -0.59626198 -0.0059402   0.79060888
11 34 13 860397 -0.5937984  -0.0106082   0.79467702
11 34 13 904081 -0.59771347 -0.00994849  0.79230475
11 34 13 952076 -0.59646893 -0.00692177  0.7878778 
11 34 14 1221 -0.59170246  0.00142837  0.78920889
11 34 14 51343 -0.59047818 -0.00240684  0.78825235
11 34 14 102169 -0.58410716 -0.01423573  0.78315735
11 34 14 148558 -0.57410645 -0.01020503  0.77822423
11 34 14 202490 -0.57898712 -0.00506759  0.78389502
11 34 14 248140 -0.60032082 -0.01586747  0.80242991
11 34 14 299768 -0.5993948  -0.02056909  0.80341244
11 34 14 349757 -0.5892024  -0.01484179  0.80080533
11 34 14 400454 -0.58912778 -0.01862025  0.80086255
11 34 14 449474 -0.60045767 -0.01791406  0.80991101
11 34 14 498216 -0.6170423  -0.01143456  0.82394981
11 34 14 549780 -0.62317276 -0.01663542  0.83143759
11 34 14 598835 -0.61902213 -0.02029252  0.83032632
11 34 14 651648 -0.61190009 -0.01035094  0.82126975
11 34 14 699921 -0.6135149  -0.00608754  0.82065201
11 34 14 747710 -0.62048793 -0.01087904  0.82362938
11 34 14 798871 -0.62709093 -0.00614953  0.82710505
11 34 14 848133 -0.61955094 -0.01122618  0.81427622
11 34 14 899502 -0.60174751 -0.01774597  0.80473852
11 34 14 950545 -0.60546637 -0.00589919  0.80974483
11 34 14 996933 -0.60298181 -0.00648522  0.80787563
11 34 15 49634 -0.58940482 -0.01084685  0.79592013
11 34 15 101858 -0.57882929 -0.00819635  0.79467344
11 34 15 150932 -0.59263635 -0.01316857  0.80213356
11 34 15 199447 -0.60198903 -0.01701117  0.79691887
11 34 15 251465 -0.60182524 -0.0174067   0.7981205 
11 34 15 300072 -0.59056616 -0.02019548  0.79633522
11 34 15 350092 -0.57700849 -0.02560425  0.78020072
11 34 15 401390 -0.58088613 -0.01378894  0.78167319
11 34 15 447940 -0.60530233 -0.0148747   0.7854116 
11 34 15 499698 -0.60770965 -0.01606464  0.78072333
11 34 15 549107 -5.91104031e-01 -3.57389450e-04  7.65779257e-01
11 34 15 599059 -0.58202147 -0.01490045  0.77110147
11 34 15 651034 -0.5884974  -0.01756692  0.77465582
11 34 15 701644 -0.59704638 -0.00173664  0.7747941 
11 34 15 750452 -0.61190987  0.00118232  0.78449774
11 34 15 799572 -0.60811615 -0.01034069  0.7891202 
11 34 15 853714 -0.58839941 -0.00632095  0.78198123
11 34 15 900662 -5.87742329e-01 -5.39779663e-04  7.86715269e-01
11 34 15 948032 -0.60300398 -0.01100922  0.80087709
11 34 15 999210 -0.61132979 -0.01437545  0.80916619
11 34 16 50092 -0.61103606 -0.00880766  0.81482911
11 34 16 109616 -0.61886716 -0.01902795  0.81336713
11 34 16 146509 -0.62018347 -0.02475643  0.81267715
11 34 16 199606 -0.62232232 -0.01431203  0.81156611
11 34 16 251236 -0.63121438 -0.00859928  0.81771064
11 34 16 299384 -0.62881279 -0.00266194  0.8143816 
11 34 16 351352 -6.25276327e-01  5.22613525e-04  8.11957836e-01
11 34 16 404365 -0.63478065 -0.00171828  0.81400919
11 34 16 451152 -0.63074923 -0.00107193  0.80399823
11 34 16 501108 -0.61864567  0.00899267  0.80692911
11 34 16 547528 -0.63302636  0.00698805  0.82449198
11 34 16 599703 -0.63949943  0.00219703  0.82213163
11 34 16 649646 -0.63209891  0.00320077  0.8186729 
11 34 16 700707 -0.63491583  0.00207758  0.81526089
11 34 16 749325 -0.6235106   0.00179338  0.80854869
11 34 16 802935 -0.60971451  0.00697589  0.80580997
11 34 16 851193 -0.6200974   0.00480294  0.81052136
11 34 16 900002 -6.28715754e-01 -1.90973282e-04  8.02088261e-01
11 34 16 952112 -0.61077785 -0.00533795  0.78714156
11 34 17 1306 -0.59038901 -0.00524306  0.78063941
11 34 17 53954 -0.59194756 -0.01051855  0.77797103
11 34 17 103470 -0.59796429 -0.00654292  0.77722263
11 34 17 149625 -0.59600496 -0.00979805  0.77940774
11 34 17 199182 -0.59526205 -0.01063347  0.78461695
11 34 17 248102 -0.5908134  -0.01645374  0.78950882
11 34 17 299537 -0.5931251  -0.01769018  0.78622389
11 34 17 351422 -0.58940911 -0.01779675  0.79220033
11 34 17 401479 -0.59282756 -0.01095939  0.80459094
11 34 17 450219 -0.58972883 -0.01711321  0.79751348
11 34 17 497938 -0.58976412 -0.02336264  0.7815721 
11 34 17 551309 -0.57557178 -0.00221658  0.77454281
11 34 17 600266 -0.58054638 -0.0040307   0.79221439
11 34 17 652524 -0.59411812 -0.02010465  0.80886769
11 34 17 702700 -0.5941453  -0.01470733  0.80060291
11 34 17 748605 -0.59783387 -0.0021863   0.79397655
11 34 17 799711 -0.59331918 -0.00807428  0.8042922 
11 34 17 849687 -0.59640646 -0.01715183  0.81213713
11 34 17 901505 -0.59211421 -0.01343775  0.81729603
11 34 17 949952 -0.5978899  -0.01292849  0.81523919
11 34 17 998950 -0.60612726 -0.00895548  0.82086325
11 34 18 52897 -0.60841537 -0.00424623  0.81166053
11 34 18 102728 -0.60597301 -0.00081515  0.80780149
11 34 18 151762 -0.59416938 -0.00447106  0.80871558
11 34 18 202905 -0.59371161  1.89058137  1.69064856
11 34 18 252606 -0.59819055 -0.02046466  0.81958008
11 34 18 302166  0.0131588  -0.59389973  0.42516756
11 34 18 348689 -0.63440204 -0.03662109 -0.21546865
11 34 18 403179 -0.60184956 -0.0178535   0.82102776
11 34 18 448144  0.00393653 -0.02009463  0.01531291
11 34 18 500476 -0.64444089 -0.01938701  0.83680916
11 34 18 550233 -0.63169408 -0.01967978  0.82417774
11 34 18 598606 -0.62015343 -0.0248971   0.81904554
11 34 18 650490 -0.62108159 -0.03401995  0.82190681
11 34 18 698596 -0.61386538 -0.03064227  0.82284451
11 34 18 751592 -0.60958862 -0.03238392  0.81009555
11 34 18 800379 -0.59354377 -0.03313422  0.79816914
11 34 18 852506 -0.5869143  -0.03411436  0.78879499
11 34 18 901240 -0.5864408  -0.03564668  0.79534173
11 34 18 948052 -0.5835247  -0.0376215   0.78833842
11 34 18 998715 -0.56834435 -0.04060578  0.77391815
11 34 19 48141 -0.55731869 -0.03505063  0.75853133
11 34 19 107885 -0.54660845 -0.043226    0.74755549
11 34 19 150750 -0.55045795 -0.04975986  0.74734759
11 34 19 199317 -0.55581832 -0.04446173  0.75266767
11 34 19 249797 -0.5545783  -0.03676414  0.76003504
11 34 19 299743 -0.54809332 -0.04164982  0.75859857
11 34 19 351820 -0.54561567 -0.04020262  0.7537961 
11 34 19 403341 -0.54844689 -0.04477167  0.76443505
11 34 19 453241 -0.55711102 -0.04192042  0.77457213
11 34 19 500057 -0.56617594 -0.032511    0.78379798
11 34 19 547661 -0.57829022 -0.02884245  0.78729939
11 34 19 600502 -0.57420421 -0.03883982  0.79305553
11 34 19 650801 -0.58297467 -0.04221368  0.81043887
11 34 19 701853 -0.58938694 -0.04057169  0.81553555
11 34 19 750722 -0.60078001 -0.03278208  0.82224321
11 34 19 798624 -0.61257792 -0.0288558   0.81985593
11 34 19 850529 -0.61600113 -0.02810526  0.8245852 
11 34 19 898966 -0.61579895 -0.03174686  0.82063222
11 34 19 954002 -0.61764526 -0.03460646  0.81846189
11 34 20 659 -0.62383795 -0.02526331  0.82011223
11 34 20 74096 -0.63057017 -0.01537371  0.83020926
11 34 20 148405 -0.63677597 -0.01671648  0.83763266
11 34 20 211545 -0.6343255  -0.02526069  0.84070253
11 34 20 271681 -0.63672113 -0.02447033  0.839849  
11 34 20 317661 -0.63793039 -0.02186656  0.84433722
11 34 20 368227 -0.64071178 -0.01583648  0.85200691
11 34 20 414286 -0.64655256 -0.00616455  0.84739375
11 34 20 456726 -0.63074636 -0.00866246  0.83227324
11 34 20 492891 -0.60253406 -0.01949501  0.81729722
11 34 20 529278 -0.59478474 -0.01502895  0.8136003 
11 34 20 585167 -0.6062386  -0.0108974   0.80367589
11 34 20 639298 -0.61054921 -0.01396751  0.80325675
11 34 20 689433 -0.60544324 -0.01560473  0.7928071 
11 34 20 728496 -0.58790803 -0.02205205  0.789042  
11 34 20 748245 -0.57561374 -0.02981305  0.7764225 
11 34 20 800889 -0.58067131 -0.03205061  0.7764535 
11 34 20 849213 -0.58015871 -0.02901316  0.77169776
11 34 20 899837 -0.57652473 -0.03243351  0.76897359
11 34 20 951747 -0.57058811 -0.02986979  0.75899982
11 34 21 2164 -0.5626862  -0.03640223  0.75355053
11 34 21 53272 -0.55817771 -0.03243852  0.75862408
11 34 21 102757 -0.56644273 -0.03293109  0.76616096
11 34 21 151004 -0.57694459 -0.03955603  0.76861405
11 34 21 202657 -0.57397532 -0.03403854  0.76292038
11 34 21 251491 -0.56623149 -0.0306766   0.76212192
11 34 21 306320 -0.57202911 -0.02759218  0.77021241
11 34 21 349914 -0.57777691 -0.02479172  0.775419  
11 34 21 400101 -0.58318281 -0.02649808  0.77988863
11 34 21 448385 -0.59196091 -0.02546453  0.78103495
11 34 21 499116 -0.59953213 -0.02235198  0.79332733
11 34 21 549582 -0.61291742 -0.02779484  0.81273103
11 34 21 599103 -0.63026333 -0.03241444  0.8249588 
11 34 21 650845 -0.64117408 -0.03065228  0.82785153
11 34 21 699403 -0.6343472  -0.02866197  0.82249522
11 34 21 751960 -0.62547922 -0.02972984  0.81854916
11 34 21 799865 -0.62973881 -0.02071476  0.82256246
11 34 21 851524 -0.64535666 -0.01925921  0.83014774
11 34 21 900208 -0.65394497 -0.02781558  0.84100747
11 34 21 948739 -0.65436602 -0.03095484  0.84381366
11 34 21 999491 -0.6534431  -0.02969432  0.84012079
11 34 22 51055 -0.64819837 -0.02339292  0.83698559
11 34 22 112876 -0.65124822 -0.02867055  0.84669065
11 34 22 145269 -0.6492269  -0.02750492  0.85301733
11 34 22 205997 -0.64371395 -0.01558208  0.84960341
11 34 22 252622 -0.64092755 -0.02239656  0.84100294
11 34 22 300833 -0.61801076 -0.02484465  0.8219409 
11 34 22 352909 -0.59908319 -0.0193119   0.81042194
11 34 22 404569 -0.59666204 -0.02487135  0.8231473 
11 34 22 453298 -0.60351205 -0.03605461  0.83185005
11 34 22 501734 -0.605299   -0.03443074  0.82185221
11 34 22 551856 -0.5938797  -0.02601647  0.81263137
11 34 22 600411 -0.58048773 -0.03149462  0.80153203
11 34 22 647918 -0.56933069 -0.03230858  0.78690863
11 34 22 700102 -0.56058192 -0.02768683  0.77305913
11 34 22 748945 -0.54813409 -0.03438973  0.76681709
11 34 22 798057 -0.55174351 -0.02943993  0.76513553
11 34 22 850183 -0.55730462 -0.01984048  0.76407218
11 34 22 898706 -0.55355597 -0.02852559  0.75748849
11 34 22 950813 -0.5468173  -0.02723479  0.74731088
11 34 23 4198 -0.53890777 -0.0200913   0.75168824
11 34 23 52644 -0.54163814 -0.02464938  0.76894474
11 34 23 103784 -0.55035543 -0.01551628  0.77761674
11 34 23 149010 -0.55913591 -0.00256467  0.77570724
11 34 23 200857 -0.55537581 -0.00342631  0.77352405
11 34 23 248209 -0.5541625  -0.01153946  0.78049517
11 34 23 300423 -0.55661798 -0.01390815  0.78162789
11 34 23 349408 -0.56948137 -0.00255442  0.78880548
11 34 23 401924 -0.59445119  0.00772405  0.79973531
11 34 23 449793 -0.59891558 -0.00283098  0.80975413
11 34 23 498734 -0.60901427 -0.00289297  0.81970501
11 34 23 548933 -0.61266398 -0.0008316   0.82231641
11 34 23 599889 -0.61506057 -0.00702667  0.82561803
11 34 23 653262 -0.62313628 -0.00414133  0.83269882
11 34 23 700970 -0.62893987  0.0037477   0.84228301
11 34 23 747564 -0.63841224 -0.0070653   0.85020685
11 34 23 799333 -0.63176489 -0.00955844  0.84587812
11 34 23 850735 -0.62207532 -0.00287008  0.83767176
11 34 23 900197 -0.62217069 -0.00090384  0.83997536
11 34 23 949507 -0.63327789 -0.01451635  0.844203  
11 34 24 363 -0.64016938 -0.01849461  0.85072947
11 34 24 51002 -0.63451767 -0.0172956   0.85621095
11 34 24 105102 -0.62422633 -0.02328753  0.84720945
11 34 24 152542 -0.62983346 -0.01651907  0.83107781
11 34 24 202884 -0.60935616 -0.53133368 -1.44991255
11 34 24 255983 -0.59884095 -0.01999569  0.81777096
11 34 24 303229  0.0132668  -0.98442078 -0.77807379
11 34 24 353932 -0.60988116 -0.02001953 -0.26245522
11 34 24 402036 -0.60805416 -0.02527642  0.81330729
11 34 24 450891  0.00156379 -0.02850032  0.01533246
11 34 24 500560 -0.59587288 -0.04285741  0.76861477
11 34 24 549610 -0.59171963 -0.04068446  0.77248025
11 34 24 598345 -0.57882857 -0.03582668  0.76960325
11 34 24 650827 -0.56662512 -0.04034162  0.76555896
11 34 24 700603 -0.57407284 -0.02099895  0.76054788
11 34 24 753094 -0.58958435 -0.01810837  0.77415466
11 34 24 801507 -0.60370946 -0.03967953  0.78301239
11 34 24 852268 -0.59629726 -0.03941774  0.77306914
11 34 24 901901 -0.57406449 -0.0254848   0.76384616
11 34 24 950125 -0.56730247 -0.0221529   0.77441072
11 34 25 84 -0.58951569 -0.02020025  0.79570413
11 34 25 49494 -0.6020906  -0.02224278  0.80755591
11 34 25 108326 -0.60885143 -0.02623534  0.80982327
11 34 25 151263 -0.59723806 -0.0300653   0.81290221
11 34 25 199749 -0.59305334 -0.01942396  0.8222611 
11 34 25 251727 -0.59479141 -0.02192211  0.83967376
11 34 25 300311 -0.61531329 -0.03507853  0.86112881
11 34 25 354989 -0.62563205 -0.04150581  0.86398792
11 34 25 404665 -0.6168623  -0.02877092  0.85254169
11 34 25 452803 -0.61096478 -0.0289247   0.8495636 
11 34 25 500344 -0.6128459  -0.03320837  0.84351254
11 34 25 550280 -0.61111021 -0.03029871  0.84469414
11 34 25 600262 -0.61148334 -0.03426361  0.83838177
11 34 25 648392 -0.61998272 -0.03838825  0.82275701
11 34 25 699552 -0.60956788 -0.03803468  0.80788112
11 34 25 749182 -0.59087753 -0.0294373   0.80849957
11 34 25 799178 -0.60283351 -0.03855062  0.81786132
11 34 25 849970 -0.6028471  -0.04533768  0.81349802
11 34 25 900573 -0.58929133 -0.04507899  0.79854941
11 34 25 955438 -0.59017682 -0.04107285  0.80484486
11 34 26 1219 -0.58830047 -0.04343772  0.80633497
11 34 26 54839 -0.58124089 -0.04137683  0.79413843
11 34 26 105458 -0.56429768 -0.03784513  0.78793812
11 34 26 148624 -0.56416202 -0.04009581  0.78871942
11 34 26 200410 -0.57340765 -0.03744268  0.77398968
11 34 26 251227 -0.56577945 -0.04063916  0.75827098
11 34 26 301203 -0.56135964 -0.04162717  0.7552681 
11 34 26 350717 -0.56698489 -0.04498243  0.74888849
11 34 26 404286 -0.56377769 -0.03611374  0.7466433 
11 34 26 452655 -0.57408524 -0.02738595  0.75545025
11 34 26 498379 -0.59043765 -0.0299449   0.7694416 
11 34 26 549750 -0.59298229 -0.02769184  0.77381968
11 34 26 599634 -0.59717774 -0.03081846  0.78275204
11 34 26 651765 -0.59801817 -0.04026914  0.80368972
11 34 26 704195 -0.60698462 -0.03470206  0.81906319
11 34 26 751867 -0.6246438  -0.02400589  0.82689071
11 34 26 799803 -0.6287117  -0.02836061  0.82920003
11 34 26 885788 -0.61633182 -0.03111076  0.82639909
11 34 26 934131 -0.61430764 -0.02973676  0.82391906
11 34 26 977754 -0.62502861 -0.03727007  0.82799029
11 34 27 20790 -0.64577007 -0.03538346  0.83363891
11 34 27 72247 -0.64921999 -0.0303278   0.83695912
11 34 27 117009 -0.64995909 -0.03936172  0.84027839
11 34 27 168326 -0.63916373 -0.04713321  0.83512187
11 34 27 222023 -0.63646269 -0.04173994  0.82570338
11 34 27 274963 -0.64642763 -0.03472781  0.8350718 
11 34 27 320265 -0.65561676 -0.03646755  0.85695958
11 34 27 362886 -0.65437341 -0.04333901  0.85654163
11 34 27 434718 -0.6459744  -0.04671216  0.84558439
11 34 27 477147 -0.63197207 -0.04162359  0.83230019
11 34 27 524787 -0.63016057 -0.03197074  0.83533716
11 34 27 574970 -0.63540149 -0.02056408  0.83442211
11 34 27 621556 -0.62501955 -0.02192307  0.82573199
11 34 27 669297 -0.61031508 -0.02101541  0.8109498 
11 34 27 713626 -0.5916791  -0.01963615  0.79522896
11 34 27 761245 -0.57878733 -0.01302218  0.78588867
11 34 27 800942 -0.57658005 -0.01803041  0.78587008
11 34 27 852343 -0.57503271 -0.02190447  0.78321266
11 34 27 901814 -0.56667638 -0.01599264  0.77903438
11 34 27 948119 -0.56577826 -0.01890683  0.77025247
11 34 27 999493 -0.56547689 -0.02697945  0.7533896 
11 34 28 53014 -0.55240917 -0.03222871  0.74857235
11 34 28 109288 -0.54549193 -0.03108716  0.75249243
11 34 28 145352 -0.54228854 -0.03383279  0.75662303
11 34 28 199292 -0.55428505 -0.03755498  0.75409865
11 34 28 251259 -0.56193781 -0.04176283  0.75442338
11 34 28 300615 -0.56439495 -0.04317617  0.75734615
11 34 28 353050 -0.56279397 -0.04587555  0.76205373
11 34 28 404307 -0.55909777 -0.03894687  0.75838733
11 34 28 453287 -0.56291819 -0.03094625  0.76627731
11 34 28 500491 -0.57597804 -0.02277398  0.78016281
11 34 28 549948 -0.57817149 -0.01832342  0.78722906
11 34 28 601247 -0.58753633 -0.02370644  0.79273987
11 34 28 648293 -0.60884476 -0.03156614  0.80542278
11 34 28 714999 -0.62320399 -0.04014802  0.81998372
11 34 28 765113 -0.62975001 -0.03317285  0.83193088
11 34 28 823229 -0.6311667  -0.02833319  0.83709121
11 34 28 866935 -0.62379026 -0.02472329  0.83000207
11 34 28 916015 -0.63240886 -0.03312612  0.83245301
11 34 28 971124 -0.63923645 -0.04404926  0.83761287
11 34 29 29447 -0.6461606  -0.04173017  0.84123945
11 34 29 73804 -0.64752793 -0.04461384  0.8400979 
11 34 29 122077 -0.64353609 -0.05072236  0.82035971
11 34 29 171552 -0.62895441 -0.05445528  0.81013179
11 34 29 216024 -0.63622403 -0.04793429  0.82033491
11 34 29 268810 -0.64691448 -0.05276179  0.82261276
11 34 29 321877 -0.63174224 -0.04340267  0.80961967
11 34 29 368113 -0.61816216 -0.0349195   0.80178404
11 34 29 426689 -0.5993259  -0.0477674   0.79321885
11 34 29 472671 -0.59457922 -0.05093431  0.79020929
11 34 29 521530 -0.60694408 -0.04590917  0.79478168
11 34 29 564923 -0.61939812 -0.04884815  0.80823684
11 34 29 625557 -0.61230421 -0.04854226  0.80662966
11 34 29 673522 -0.59763646 -0.03708816  0.79402757
11 34 29 719026 -0.58995104 -0.04878926  0.78393316
11 34 29 763538 -0.57987881 -0.04236555  0.77384162
11 34 29 812337 -0.59097862 -0.03890014  0.7732563 
11 34 29 869763 -0.59593987 -0.0378015   0.7687273 
11 34 29 900549 -0.58588576 -0.04290795  0.76036239
11 34 29 949637 -0.58809781 -0.05102062  0.7587409 
11 34 29 999031 -0.59180379 -0.0578444   0.76525307
11 34 30 51138 -0.58985066 -0.05639553  0.76781821
11 34 30 102027 -0.5897398  -0.05161905  0.77592349
11 34 30 152322 -0.60276484 -0.05513144  0.78725982
11 34 30 200970 -0.60216284 -0.05632353  0.78239465
11 34 30 253401 -0.60464644 -0.05671453  0.78206134
11 34 30 302179 -0.598634   -0.0548563   0.79693794
11 34 30 348603 -0.60543799 -0.04518795  0.80667114
11 34 30 401017 -0.62166047 -0.0378449   0.80889177
11 34 30 452205 -0.62551451 -0.04381561  0.80438447
11 34 30 500586 -0.62501144 -0.04338074  0.805861  
11 34 30 550169 -0.62422943 -0.03280592  0.80927181
11 34 30 600218 -0.6300416  -0.04008055  0.82247043
11 34 30 652058 0.01313114 0.40610671 0.86260962
11 34 30 698539 -0.64208198 -0.02114463  0.83352828
11 34 30 752696 -0.63521767 -0.02768373  0.83262396
11 34 30 801322 -0.62940216 -0.03452754  0.82351708
11 34 30 853406 -0.63558006 -0.03215528  0.82015824
11 34 30 901313 -0.6493926  -0.02746725  0.83181095
11 34 30 948499 -0.65648031 -1.5624938  -1.81210923
11 34 31 1507 -0.59288883  0.00544167  0.79253554
11 34 31 53685 -0.60167885  0.0019238   0.79616427
11 34 31 110007 -0.59676719  0.00169778  0.79735136
11 34 31 153317 -0.58980036  0.00478745  0.79089355
11 34 31 202338 -0.58594012  0.01091313  0.78094649
11 34 31 252047 -0.58318353  0.0197289   0.77677417
11 34 31 300756 -0.57521749  0.0123322   0.77819467
11 34 31 355583 -0.57424402  0.00952983  0.78732228
11 34 31 404363 -0.57972598  0.01214838  0.78791118
11 34 31 452627 -0.59667897  0.00924587  0.79031706
11 34 31 501768 -0.60011673  0.00082302  0.79570603
11 34 31 549869 -0.59177828  0.00122404  0.79576302
11 34 31 602249 -0.59011269  0.00418925  0.80045128
11 34 31 649096 -0.58911252  0.00320959  0.79668736
11 34 31 702389 -0.6025486   0.00187421  0.80237174
11 34 31 750008 -0.61514568 -0.00240254  0.81126451
11 34 31 801499 -0.60841942 -0.00291657  0.81373763
11 34 31 852712 -0.6092968  -0.01176953  0.81304955
11 34 31 901468 -0.61271191 -0.00645471  0.80923796
11 34 31 955123 -0.61763048 -0.00767994  0.80816627
11 34 32 1551 -0.61812449 -0.01111484  0.80787349
11 34 32 53195 -0.60933924 -0.00623536  0.80454159
11 34 32 103797 -0.60250545 -0.00172186  0.7967658 
11 34 32 148311 -0.60196018 -0.00299525  0.78964448
11 34 32 203524 -0.60541201 -0.00897193  0.79849887
11 34 32 248869 -0.60138798 -0.01733112  0.80882215
11 34 32 299885 -0.61027098 -0.01332974  0.80936766
11 34 32 349578 -0.61235881 -0.01127386  0.80351353
11 34 32 401560 -0.60890007 -0.01632953  0.80752635
11 34 32 451862 -0.60737038 -0.02013731  0.81273007
11 34 32 500620 -0.60530376 -0.01627803  0.81356263
11 34 32 552481 -0.60974622 -0.01125169  0.80475235
11 34 32 603299 -0.61530304 -0.00640798  0.7988534 
11 34 32 653061 -0.61532807 -0.00439477  0.80578947
11 34 32 700594 -0.61066246 -0.01418781  0.80803514
11 34 32 748947 -0.61159372 -0.01638007  0.80547094
11 34 32 801586 -0.60969806 -0.00641203  0.79773259
11 34 32 849420 -0.60878468 -0.00168133  0.8011086 
11 34 32 901162 -0.62000155  0.00125098  0.8086071 
11 34 32 950987 -0.61919141  0.00798297  0.80993605
11 34 33 1097 -0.60526299 -0.00356078  0.80525661
11 34 33 53314 -5.94569445e-01 -5.14030457e-04  8.08152914e-01
11 34 33 103026 -0.59833312  0.00712967  0.80995512
11 34 33 153560 -0.61793828  0.01045179  0.81632376
11 34 33 203658 -0.62488842  0.01290751  0.8222096 
11 34 33 254876 -0.61028123  0.00860906  0.81875563
11 34 33 302149 -0.59060502  0.00534606  0.80637121
11 34 33 348397 -0.59242082  0.00957537  0.80210352
11 34 33 400534 -0.59646654  0.00872421  0.8026917 
11 34 33 448631 -0.60786176  0.01634932  0.80985165
11 34 33 499889 -0.60138273  0.01766229  0.80578756
11 34 33 550829 -0.59311247  0.01324296  0.80129981
11 34 33 600139 -0.59288168  0.00745821  0.79772234
11 34 33 652982 -0.60027456  0.02057576  0.8017292 
11 34 33 708273 -0.60362244  0.02551675  0.8037281 
11 34 33 774657 -0.59754062  0.02092695  0.80743837
11 34 33 818391 -0.58864164  0.02241635  0.80305672
11 34 33 869412 -0.57805228  0.02078557  0.80382323
11 34 33 924939 -0.58989382  0.02026463  0.80882788
11 34 33 965065 -0.59056735  0.01746607  0.80529261
11 34 34 12482 -0.58928823  0.02225256  0.80681825
11 34 34 57932 -0.57760978  0.01936054  0.80728769
11 34 34 112301 -0.57464147  0.01338124  0.81092215
11 34 34 147082 -0.58195901  0.0073216   0.81187034
11 34 34 200008 -0.59043717  0.01406217  0.809196  
11 34 34 252172 -0.59373999  0.01783204  0.80958581
11 34 34 301066 -0.58769989  0.01647425  0.8106637 
11 34 34 351413 -0.57813883  0.00948191  0.80292034
11 34 34 404377 -0.58224392  0.0143044   0.80165744
11 34 34 454972 -0.59265423  0.0173161   0.8011663 
11 34 34 501371 -0.59569573  0.01607823  0.8051362 
11 34 34 550108 -0.58897924  0.01995158  0.8034482 
11 34 34 599935 -0.58424878  0.02069116  0.8008554 
11 34 34 652026 -0.59061861  0.01725674  0.80503774
11 34 34 706135 -0.58866143  0.01444793  0.80734658
11 34 34 750190 -0.58455443  0.01808739  0.80739641
11 34 34 798720 -0.5907414   0.01621675  0.81462049
11 34 34 852247 -0.59496832  0.02148962  0.8214612 
11 34 34 899628 -0.58645606  0.01473784  0.81606936
11 34 34 951452 -0.58348393  0.01643801  0.81372929
11 34 35 1224 -0.57481837  0.0178721   0.80616999
11 34 35 53958 -0.58006382  0.02048826  0.80502748
11 34 35 106565 -0.57771492  0.01577926  0.80301523
11 34 35 148461 -0.57824492  0.00952125  0.7970829 
11 34 35 201145 -0.58097243  0.00799227  0.79570842
11 34 35 249601 -0.57913041  0.00266528  0.79642129
11 34 35 300863 -0.58618665  0.00436926  0.80055428
11 34 35 350854 -0.58943033  0.00722456  0.79925251
11 34 35 402274 -5.91623068e-01  5.26666641e-04  8.00605774e-01
11 34 35 452756 -0.57941651 -0.01194668  0.79249358
11 34 35 501315 -0.57962823 -0.00559783  0.79120922
11 34 35 553553 -0.58202124 -0.00109768  0.79174066
11 34 35 601618 -0.58976817 -0.00628233  0.79447222
11 34 35 652112 -0.59508681 -0.00406003  0.79468131
11 34 35 702283 -0.58675361 -0.00492215  0.79697633
11 34 35 749799 -0.59209681 -0.00920033  0.80081868
11 34 35 801918 -0.5989399  -0.00543642  0.80637002
11 34 35 850159 -0.60317087  0.00304675  0.81042075
11 34 35 901490 -0.61026382  0.00608015  0.80977583
11 34 35 950813 -0.60332251  0.00353265  0.80639267
11 34 36 1261 -0.59965944  0.00286222  0.81540298
11 34 36 51359 -0.60148716 -0.00439024  0.82305717
11 34 36 103711 -0.60534501  0.0032382   0.82363296
11 34 36 153162 -0.6184392   0.00793815  0.8277936 
11 34 36 202802 -0.62478781  0.00474381  0.83760023
11 34 36 253253 -0.61920619  0.00673151  0.83471489
11 34 36 303496 -0.61059976  0.00416732  0.82849813
11 34 36 347721 -0.60556221  0.00393081  0.8231163 
11 34 36 402318 -0.61020255  0.00789213  0.82755113
11 34 36 448565 -0.62359977  0.00957084  0.8327384 
11 34 36 500136 -0.62123609  0.00621963  0.8289392 
11 34 36 549228 -0.60242176  0.00485206  0.82270408
11 34 36 598642 -0.5964613   0.00790286  0.81940985
11 34 36 652956 -0.60937023 -1.32809353  0.1594677 
11 34 36 700973 -0.60699391  0.00746393  0.82042074
11 34 36 752665  0.0132761   1.4531548  -1.04368877
11 34 36 800664 -0.58762598  0.01171875  0.76878524
11 34 36 852559 -0.58385611  0.01527119  0.8029325 
11 34 36 901033 0.00367045 0.0031476  0.01530719
11 34 36 949073 -0.64274549 -0.021909    0.76399326
11 34 36 999356 -0.64456224 -0.02497506  0.76587439
11 34 37 49833 -0.64172173 -0.02483106  0.76294804
11 34 37 108936 -0.64126062 -0.02460003  0.76211143
11 34 37 150291 -0.64414835 -0.02433825  0.75905013
11 34 37 199315 -0.63563871 -0.02310038  0.7531755 
11 34 37 250601 -0.63583398 -0.02298093  0.75587273
11 34 37 300148 -0.64049983 -0.01735544  0.76026511
11 34 37 351887 -0.64002013 -0.01285172  0.75304985
11 34 37 403604 -0.63353324 -0.01545787  0.74949312
11 34 37 455946 -0.64203024 -0.01861835  0.75194263
11 34 37 501830 -0.64102721 -0.01860619  0.75633693
11 34 37 548197 -0.64592695 -0.01884961  0.7568047 
11 34 37 604016 -0.65209222 -0.02083755  0.75969791
11 34 37 650554 -0.64987183 -0.02052641  0.76247978
11 34 37 701530 -0.64784288 -0.02447867  0.76346278
11 34 37 752194 -0.64842844 -0.02412605  0.76577187
11 34 37 798933 -0.65011883 -0.02662349  0.77205896
11 34 37 851201 -0.64937425 -0.02490926  0.77231717
11 34 37 899920 -0.64473367 -0.02694702  0.77271414
11 34 37 951861 -0.64491582 -0.02697682  0.77676606
11 34 38 2271 -0.64485645 -0.02311873  0.78105855
11 34 38 52467 -0.64556432 -0.02251029  0.78255725
11 34 38 103437 -0.64619017 -0.02099919  0.78493166
11 34 38 150285 -0.64666128 -0.0212779   0.78471613
11 34 38 201014 -0.64675283 -0.02068424  0.78687906
11 34 38 250309 -0.65047002 -0.02111912  0.79010534
11 34 38 301228 -0.64494872 -0.02022982  0.78675628
11 34 38 351426 -0.64557171 -0.02327776  0.78503203
11 34 38 401861 -0.64113545 -0.02221298  0.78261399
11 34 38 451024 -0.64151573 -0.02078319  0.77862406
11 34 38 499258 -0.63801193 -0.02114582  0.78638935
11 34 38 552739 -0.64048648 -0.02234626  0.78072381
11 34 38 600928 -0.6345861  -0.01546907  0.7809546 
11 34 38 653292 -0.63005662 -0.01409435  0.77668571
11 34 38 700945 -0.62756491 -0.01259065  0.76945853
11 34 38 748531 -0.62628508 -0.0104785   0.77073359
11 34 38 800158 -0.62568808 -0.00835371  0.76823187
11 34 38 849877 -0.62293267 -0.00803566  0.77042603
11 34 38 903119 -0.62475419 -0.00734806  0.76653695
11 34 38 949310 -0.62547994 -0.01236176  0.76652408
11 34 38 999249 -0.62158704 -0.01278901  0.76883984
11 34 39 50906 -0.62124467 -0.01149464  0.77126217
11 34 39 104710 -0.62181401 -0.01040053  0.77296233
11 34 39 151055 -0.6216743  -0.00804305  0.77064276
11 34 39 199845 -0.62179279 -0.00966978  0.77073932
11 34 39 251751 -0.62239957 -0.01024628  0.77336192
11 34 39 300588 -0.62298751 -0.01219702  0.77268004
11 34 39 352020 -0.61725092 -0.01345181  0.76767445
11 34 39 400531 -0.60886931 -0.01007152  0.76808548
11 34 39 449665 -0.60817122 -0.01008081  0.77014422
11 34 39 500246 -0.608284   -0.01314402  0.77666497
11 34 39 549423 -0.61533022 -0.01308393  0.78452063
11 34 39 599385 -0.61802197 -0.01390362  0.78413224
11 34 39 650611 -0.61961508 -0.01590872  0.78974414
11 34 39 699411 -0.61773491 -0.01458144  0.78676581
11 34 39 751722 -0.61954808 -0.01138091  0.78611016
11 34 39 801780 -0.621804   -0.00693989  0.78851104
11 34 39 852266 -0.6203773  -0.01094437  0.79026437
11 34 39 903584 -0.62048078 -0.01516056  0.79066563
11 34 39 948046 -0.62150383 -0.00756288  0.79016614
11 34 39 999366 -0.617203   -0.00886607  0.79100657
11 34 40 51294 -0.6214509  -0.00730419  0.79488039
11 34 40 110272 -0.62317777 -0.0092926   0.79810619
11 34 40 146380 -0.62066221 -0.0118494   0.80009866
11 34 40 202282 -0.61603808 -0.01054668  0.80339289
11 34 40 250674 -0.6156745  -0.00751615  0.80339336
11 34 40 300186 -0.61529136 -0.00846434  0.8015368 
11 34 40 351675 -0.6181407  -0.01201272  0.80291843
11 34 40 407485 -0.6219759  -0.01418233  0.80455446
11 34 40 453164 -0.62501144 -0.01708221  0.80902576
11 34 40 503350 -0.62642288 -0.01501894  0.80576158
11 34 40 549447 -0.62095881 -0.01316953  0.79959559
11 34 40 601701 -0.62397456 -0.01593709  0.8014698 
11 34 40 652418 -0.62338519 -0.01517534  0.79991174
11 34 40 702250 -0.62203503 -0.01710057  0.79992247
11 34 40 754329 -0.62120008 -0.01582479  0.79821348
11 34 40 801137 -0.62127399 -0.01610994  0.79988694
11 34 40 850679 -0.61497855 -0.01440549  0.79569507
11 34 40 899757 -0.61417699 -0.01315451  0.79639173
11 34 40 951748 -0.61626053 -0.01731157  0.79613256
11 34 41 1974 -0.61700964 -0.01881194  0.79628229
11 34 41 53260 -0.61188579 -0.01765418  0.79743624
11 34 41 106174 -0.60911322 -0.01816797  0.79280162
11 34 41 148312 -0.60655236 -0.01639557  0.7840631 
11 34 41 200285 -0.60422468 -0.01624513  0.78444409
11 34 41 248840 -0.60358739 -0.01983094  0.7825942 
11 34 41 301686 -0.60561061 -0.01882815  0.78377438
11 34 41 350764 -0.61037159 -0.02027655  0.78256106
11 34 41 403441 -0.60697675 -0.02105951  0.78251076
11 34 41 453754 -0.60873079 -0.01863933  0.78615475
11 34 41 499745 -0.60801005 -0.0198679   0.7859683 
11 34 41 551068 -0.61340499 -0.02031946  0.79026175
11 34 41 601407 -0.61316442 -0.01745343  0.78883314
11 34 41 652517 -0.61819482 -0.01160884  0.79073095
11 34 41 702257 -0.61856079 -0.00931764  0.79582953
11 34 41 751925 -0.61834574 -0.01191688  0.79598808
11 34 41 799980 -0.61687374 -0.01110339  0.79807115
11 34 41 850845 -0.61621642 -0.01109982  0.79630899
11 34 41 901295 -0.61454582 -0.00898337  0.79861927
11 34 41 951582 -0.61641574 -0.01131058  0.79777431
11 34 41 999535 -0.62025404 -0.01296496  0.80465412
11 34 42 51948 -0.62182641 -0.01288891  0.80486798
11 34 42 105389 -0.61666703 -0.01433372  0.80509496
11 34 42 155903 -0.61716413 -0.01888537  0.8009882 
11 34 42 204856 -0.61754322 -0.02029204  0.80076766
11 34 42 254071 -0.62258148 -0.02140164  0.80415773
11 34 42 301816 -0.62422061 -0.02110434  0.80403376
11 34 42 350824 -0.62202358 -0.01924968  0.79906988
11 34 42 400840 -0.62289405 -0.02096748  0.79876375
11 34 42 450536 -0.61309695 -0.02102637  0.7940135 
11 34 42 502575 -0.61481261 -0.02142096  0.78918242
11 34 42 552759 -0.61623096 -0.01668406  0.79100227
11 34 42 601703 -0.6234355 -0.0135541  0.7954452
11 34 42 652111 -0.62111211 -0.01550841  0.79700994
11 34 42 699958 -0.61493516 -0.0202651   0.79831052
11 34 42 752555 -0.61176276 -0.01673579  0.79971123
11 34 42 801465 -0.6093998  -0.01277685  0.80021572
11 34 42 853845 -0.60860562 -0.00477505  0.80032086
11 34 42 906251 -0.60917044 -0.00733995  0.79319811
11 34 42 949927  0.01324105 -0.07817721 -0.46566081
11 34 43 138 -0.60722375 -0.01372409  0.79160953
11 34 43 49794 -0.61362195 -0.01221919  0.79420853
11 34 43 109392  0.01324558  0.12495828 -0.54381299
11 34 43 169733 -0.60668945 -0.01210523  0.78152514
11 34 43 224068 -0.60586619 -0.01346898  0.78750396
11 34 43 251520 -0.60482073  0.16528296 -0.02185059
11 34 43 301828 -0.74324989 -0.03575778  0.68418217
11 34 43 352119 -0.74010587 -0.03569698  0.68245053
11 34 43 403279 -0.73965955 -0.03969312  0.68041015
11 34 43 452481 -0.73894811 -0.0383513   0.68177772
11 34 43 508056 -0.73823714 -0.04056716  0.67821145
11 34 43 548182 -0.73603034 -0.04144549  0.67863703
11 34 43 599601 -0.73531556 -0.04101253  0.67813444
11 34 43 649533 -0.73812366 -0.04096437  0.67730689
11 34 43 700627 -0.74001765 -0.04277277  0.67519546
11 34 43 749914 -0.73415184 -0.04185486  0.67564321
11 34 43 800019 -0.73180103 -0.03752565  0.67278099
11 34 43 851343 -0.73296809 -0.03850007  0.67455888
11 34 43 900699 -0.73346496 -0.03797603  0.67506289
11 34 43 952815 -0.73333001 -0.03620625  0.67510533
