15 30 2 112304  0.00037432 -0.00026369 -0.00011921
15 30 2 285998 -1.85966492e-05 -7.82012939e-04 -9.05990601e-06
15 30 2 460267  3.22341919e-04 -3.52382660e-04  3.81469727e-06
15 30 2 633333  2.11238861e-04 -5.67913055e-04 -8.58306885e-06
15 30 2 806551 -1.76906586e-04  5.57899475e-05 -1.77860260e-04
15 30 2 980693 -0.00011253 -0.00010252 -0.00014973
15 30 3 154738  1.14440918e-05 -5.24520874e-06 -2.25067139e-04
15 30 3 410831 -0.00034189 -0.0001893  -0.00032043
15 30 3 666247 -0.00024176 -0.00032139 -0.00017691
15 30 3 922231 -0.00012302 -0.00020123 -0.00047588
15 30 4 178008  2.29358673e-04  2.14576721e-05 -3.54766846e-04
15 30 4 520618  7.72476196e-05 -6.77108765e-05 -1.29222870e-04
15 30 4 863827 -2.02178955e-04 -2.03609467e-04 -9.63211060e-05
15 30 5 207599 -6.43730164e-05  1.47819519e-04  2.84671783e-04
15 30 5 637914  4.57763672e-05  1.78813934e-04 -5.29289246e-05
15 30 6 68123 -0.00023794  0.00043058  0.00028086
15 30 7 578598 -1.79290771e-04 -4.57763672e-05  2.35557556e-04
15 30 8 177316 -0.00039339  0.00031757  0.00023937
15 30 8 857329 -0.00040674 -0.00012255  0.00033045
15 30 10 541040 -2.84671783e-04 -2.86102295e-05 -2.92301178e-04
15 30 11 395811 -1.04904175e-04  3.25679779e-04  3.14712524e-05
15 30 12 331630 -0.00013256  0.00011539 -0.00010729
15 30 14 356910  1.44481659e-04  7.71045685e-04 -2.86102295e-06
15 30 15 548838 -2.41279602e-04  1.85966492e-05  1.99794769e-04
15 30 16 827641 -3.45230103e-04  2.94208527e-04  2.62260437e-05
15 30 19 187200  0.00021029 -0.00021505  0.000144  
15 30 20 801930  6.58035278e-05 -1.17778778e-04 -3.43799591e-04
15 30 22 504684  2.94685364e-04 -8.67843628e-05  1.30653381e-04
