15 30 2 112304  0.01695514 -0.04471207  1.00110412
15 30 2 285998  0.01552749 -0.04569244  1.0001719 
15 30 2 460267  0.01928687 -0.04048204  0.99990511
15 30 2 633333  0.01445007 -0.04053426  1.00036573
15 30 2 806551  0.01627517 -0.04034066  1.00115228
15 30 2 980693  0.01625419 -0.04391766  0.99969292
15 30 3 154738  0.01888585 -0.0432651   1.00167441
15 30 3 410831  0.01744533 -0.04246831  1.00064826
15 30 3 666247  0.01387477 -0.04493976  1.00145411
15 30 3 922231  0.01859784 -0.04005003  1.0007422 
15 30 4 178008  0.01502824 -0.04374242  1.00405526
15 30 4 520618  0.01564193 -0.04254532  0.99821401
15 30 4 863827  0.01751542 -0.04483199  0.9982152 
15 30 5 207599  0.01504207 -0.04639792  1.00000334
15 30 5 637914  0.01417565 -0.04187489  1.00052071
15 30 6 68123  0.0164752  -0.04237938  1.00195432
15 30 7 578598  0.01811361 -0.04137158  0.99896264
15 30 8 177316  0.01976585 -0.04420257  0.99966502
15 30 8 857329  0.01834726 -0.04261875  1.00065756
15 30 10 541040  0.01545334 -0.04387307  1.00257397
15 30 11 395811  0.01696205 -0.04563451  1.00157404
15 30 12 331630  0.01547337 -0.04400039  1.00217533
15 30 14 356910  0.0130136  -0.04296112  1.00051498
15 30 15 548838  0.01573348 -0.04403591  1.00462413
15 30 16 827641  0.01796246 -0.04237223  1.00132513
15 30 19 187200  0.01481223 -0.04558134  1.00208402
15 30 20 801930  0.01221848 -0.04114866  1.00041199
15 30 22 504684  0.01465893 -0.04465461  1.00306916
