14 44 11 631997  0.04779816 -0.28758049  0.95648384
14 44 11 655690  0.04769516 -0.28182983  0.95876694
14 44 11 658756  0.04917908 -0.2809906   0.95765686
14 44 11 707240  0.04628944 -0.28189087  0.95656967
14 44 11 710254  0.05197906 -0.28444099  0.95699883
14 44 11 756317  0.04872894 -0.28140831  0.95204926
14 44 11 759377  0.04959488 -0.28323555  0.95394897
14 44 11 803417  0.04576874 -0.28199768  0.95753288
14 44 11 806940  0.05118752 -0.28246117  0.95399857
14 44 11 855500  0.04664993 -0.2840023   0.95900154
14 44 11 872217  0.05225945 -0.28195763  0.95448494
14 44 11 904602  0.05095291 -0.28712654  0.95752716
14 44 11 908066  0.0490303  -0.28525734  0.95753288
14 44 11 956662  0.04804802 -0.28536606  0.95334244
14 44 11 960004  0.0471077  -0.28645134  0.95859718
14 44 12 5089  0.05021477 -0.28371429  0.95604324
14 44 14 517994  0.05072021 -0.28360939  0.95665169
14 44 14 578375  0.04868317 -0.27986526  0.95893669
14 44 14 623290  0.05256653 -0.2847538   0.95264816
14 44 14 676740  0.05135345 -0.28159332  0.95619202
14 44 14 718145  0.05147362 -0.27773094  0.95435143
14 44 14 768514  0.04904556 -0.28522682  0.95487022
14 44 14 816495  0.04890251 -0.2822094   0.95048141
14 44 14 865801  0.04855919 -0.2847538   0.95627785
14 44 14 914916  0.05084038 -0.28492546  0.95482635
14 44 14 968701  0.05013275 -0.2814064   0.96046638
14 44 15 17067  0.05336952 -0.286129    0.95882225
14 44 15 66890  0.0507164  -0.28076363  0.95403481
14 44 15 115597  0.04910851 -0.28140068  0.95535469
14 44 15 164969  0.04876518 -0.28038406  0.95840836
14 44 15 218074  0.05082512 -0.28178978  0.95449257
14 44 15 267208  0.04754829 -0.28346825  0.9597187 
14 44 15 316082  0.04982185 -0.28330231  0.95802498
14 44 15 369822  0.0499382  -0.28456306  0.95428658
14 44 15 428668  0.0540905  -0.27867508  0.95615768
14 44 15 477432  0.04878807 -0.2854557   0.95472908
14 44 15 524117  0.0537281 -0.2842083  0.953825 
14 44 15 575643  0.05144501 -0.2846489   0.95310402
14 44 15 619491  0.0502491  -0.28287506  0.95757484
14 44 15 669048  0.05122375 -0.28307152  0.95451736
14 44 15 717993  0.0467701  -0.28452873  0.95620918
14 44 15 767230  0.04852486 -0.28230286  0.95478439
14 44 15 819754  0.04861832 -0.28578568  0.95952606
14 44 15 869419  0.04876137 -0.28492928  0.95698929
14 44 15 918665  0.04607582 -0.2859211   0.95157814
14 44 15 976767  0.04967117 -0.28149033  0.95242119
14 44 16 16644  0.04806519 -0.28501892  0.96055412
14 44 16 70193  0.0492115  -0.28611755  0.95604706
14 44 16 118907  0.05343819 -0.28406715  0.9590168 
14 44 16 168434  0.05016708 -0.28107643  0.95689011
14 44 16 217624  0.04950714 -0.28424072  0.95410728
14 44 16 270914  0.0492897  -0.27816963  0.95544624
14 44 16 319482  0.04926682 -0.282341    0.95977211
14 44 16 369320  0.04956436 -0.28221512  0.95650291
14 44 16 418368  0.0466423  -0.28502274  0.95438004
14 44 16 471610  0.0501976  -0.2808857   0.96005249
14 44 16 520755  0.04772949 -0.27985001  0.95738602
14 44 16 570064  0.04976845 -0.28203964  0.95459366
14 44 16 619715  0.05229378 -0.28220749  0.95445251
14 44 16 668280  0.04999733 -0.28533363  0.95796776
14 44 16 721202  0.05042648 -0.28208733  0.95296669
14 44 16 770682  0.04872322 -0.28242683  0.95552635
14 44 16 820459  0.05461311 -0.28043938  0.95989037
14 44 16 869194  0.04608536 -0.28280067  0.956213  
14 44 16 917543  0.04863739 -0.28548622  0.95848274
14 44 16 971257  0.04515839 -0.28853416  0.95315933
14 44 17 20230  0.05056572 -0.28416824  0.95374107
14 44 17 69772  0.04767036 -0.28209686  0.95421982
14 44 17 118216  0.04872131 -0.28497314  0.95564842
14 44 17 172060  0.04632187 -0.28509712  0.95863724
14 44 17 220614 2.13623047e-04 2.62390900e+00 5.12874603e+00
14 44 17 270381  0.0488472  -0.28824234  0.95310974
14 44 17 320060  0.05339241 -0.27623558  0.95305824
14 44 17 372829  0.04916191 -0.28643227  0.95499992
14 44 17 435419  0.04872704 -0.28109741  0.95851898
14 44 17 470985  0.04902267 -0.28232765  0.95883751
14 44 17 529706  0.05088806 -0.28374672  0.95269012
14 44 17 581728  0.05083466 -0.28343582  0.95810318
14 44 17 622755  0.04953957 -0.28176498  0.95378304
14 44 17 671817  0.04901886 -0.2844162   0.95471954
14 44 17 720159  0.05612373 -0.2834568   0.95973396
14 44 17 770089  0.04729462 -0.28123856  0.95558357
14 44 17 823115  0.04941177 -0.28658104  0.958992  
14 44 17 872473  0.05104256 -0.28528976  0.95656395
14 44 17 921218  0.04950714 -0.27828789  0.95771408
14 44 17 970561  0.05466461 -0.28660583  0.95292473
