14 44 11 631997 -4.36306000e-04 -1.83582306e-04  5.29289246e-05
14 44 11 655690 -1.72138214e-04 -2.39849091e-04  1.71661377e-05
14 44 11 658756 -0.00020981 -0.00058365  0.00047064
14 44 11 707240 -2.66075134e-04  9.96589661e-05  7.96318054e-05
14 44 11 710254 -1.28269196e-04  4.29153442e-06  1.38282776e-05
14 44 11 756317  0.00022078 -0.00017786  0.0004487 
14 44 11 759377 -4.62532043e-05 -5.81741333e-05  9.82284546e-05
14 44 11 803417 -4.51087952e-04  5.38825989e-05  2.28881836e-04
14 44 11 806940 -1.0137558e-03 -5.7220459e-06  2.1314621e-04
14 44 11 855500 -6.39915466e-04 -3.14712524e-05  4.67300415e-05
14 44 11 872217 -2.79903412e-04 -7.10487366e-05  1.31607056e-04
14 44 11 904602  5.96046448e-05  1.47819519e-05 -7.20024109e-04
14 44 11 908066  2.28881836e-05  9.39369202e-05 -2.01225281e-04
14 44 11 956662 -6.19888306e-05 -8.86917114e-05 -2.58922577e-04
14 44 11 960004 -1.43051147e-04 -8.86917114e-05 -2.49385834e-04
14 44 12 5089 -0.00044966  0.00034046 -0.00051737
14 44 14 517994  3.28540802e-04  3.33786011e-06 -4.52995300e-04
14 44 14 578375 -6.81877136e-05 -8.53538513e-05 -7.94887543e-04
14 44 14 623290 -1.77860260e-04 -7.86781311e-05 -4.02927399e-04
14 44 14 676740  4.38690186e-05 -2.25543976e-04  4.76837158e-06
14 44 14 718145  4.38690186e-04  6.00814819e-05 -3.96728516e-04
14 44 14 768514 0.00022125 0.00010395 0.00036669
14 44 14 816495 0.00014687 0.00014544 0.00013256
14 44 14 865801 0.00020933 0.00013256 0.0001812 
14 44 14 914916 -1.19209290e-05 -7.43865967e-05  2.69412994e-04
14 44 14 968701 1.84059143e-04 2.64644623e-04 5.00679016e-05
14 44 15 17067 0.00027227 0.00030231 0.00027466
14 44 15 66890  0.00028467 -0.00030041  0.00084352
14 44 15 115597 -5.62667847e-05 -8.15391541e-05  7.34329224e-05
14 44 15 164969 -0.00017691 -0.00039101 -0.00012255
14 44 15 218074 -7.53402710e-05  2.46524811e-04 -2.81333923e-05
14 44 15 267208 -2.29835510e-04 -2.02655792e-04 -5.67436218e-05
14 44 15 316082  2.47955322e-05 -2.49862671e-04 -2.62737274e-04
14 44 15 369822 -0.00048113  0.0001483  -0.00012779
14 44 15 428668 -9.49859619e-04  8.63075256e-05 -1.61170959e-04
14 44 15 477432 -3.91006470e-04  3.71932983e-05 -2.29835510e-04
14 44 15 524117 -9.75608826e-04  3.67164612e-05 -4.08649445e-04
14 44 15 575643 -4.95910645e-05  2.47478485e-04 -3.02791595e-04
14 44 15 619491 -0.00040483 -0.00012112 -0.00031185
14 44 15 669048 -3.56674194e-04 -2.11238861e-04 -7.72476196e-05
14 44 15 717993 -3.70025635e-04 -5.72204590e-05  9.63211060e-05
14 44 15 767230 -0.00018835  0.00021744 -0.00021744
14 44 15 819754  1.56879425e-04 -4.91142273e-05  1.71184540e-04
14 44 15 869419  5.72204590e-06  2.52246857e-04 -2.71797180e-05
14 44 15 918665  3.17096710e-04 -4.00543213e-05  1.65462494e-04
14 44 15 976767 -1.56879425e-04 -2.62260437e-05  4.98771667e-04
14 44 16 16644 -0.00032711 -0.00023317  0.00017405
14 44 16 70193  0.00040817 -0.0003643   0.00042391
14 44 16 118907  0.00031328  0.00020504 -0.00027943
14 44 16 168434  0.0003705  -0.00016212 -0.00012684
14 44 16 217624  5.29289246e-05 -3.79085541e-04 -2.02655792e-04
14 44 16 270914  0.00049448 -0.00014448 -0.00017977
14 44 16 319482  9.05990601e-06 -2.49862671e-04 -4.15325165e-04
14 44 16 369320  2.42233276e-04  2.67028809e-05 -4.89711761e-04
14 44 16 418368 -7.24792480e-05  3.64780426e-04 -1.05857849e-04
14 44 16 471610  1.98364258e-04  8.58306885e-06 -1.21593475e-04
14 44 16 520755 -2.88486481e-04 -4.67300415e-05 -1.71184540e-04
14 44 16 570064 -0.00061083  0.00014019 -0.00026274
14 44 16 619715 -0.000144    0.00020552 -0.00021458
14 44 16 668280 -3.02314758e-04  1.33514404e-05 -1.00135803e-04
14 44 16 721202 -0.00030041 -0.00035906  0.00024033
14 44 16 770682 -0.00033092 -0.0003624  -0.00011206
14 44 16 820459 -7.53402710e-05 -1.38282776e-05  8.15391541e-05
14 44 16 869194 8.53538513e-05 2.38418579e-04 1.36852264e-04
14 44 16 917543 -0.00033188 -0.00017357 -0.0002656 
14 44 16 971257 -0.000319   -0.00023079  0.00031996
14 44 17 20230 -8.03947449e-04 -1.42574310e-04 -2.09808350e-05
14 44 17 69772 -2.32696533e-04 -1.15871429e-04  9.67979431e-05
14 44 17 118216 -5.06877899e-04  1.42574310e-04  8.72612000e-05
14 44 17 172060 -1.43527985e-04 -4.33921814e-05 -2.57968903e-04
14 44 17 220614 -2.41279602e-04  3.12495232e-02 -2.93750048e+00
14 44 17 270381 -4.48226929e-05 -4.52995300e-05 -7.10487366e-05
14 44 17 320060 -1.88350677e-04 -6.19888306e-05 -3.81469727e-06
14 44 17 372829  0.00011826 -0.00011158 -0.00027037
14 44 17 435419  1.60694122e-04 -4.07695770e-04  1.04904175e-05
14 44 17 470985  1.92165375e-04 -2.71797180e-05  1.31607056e-04
14 44 17 529706  0.00037146 -0.00019026  0.00020552
14 44 17 581728 -2.94685364e-04  1.75476074e-04 -8.01086426e-05
14 44 17 622755  3.27587128e-04 -2.88963318e-04  5.29289246e-05
14 44 17 671817 -2.18391418e-04  4.07218933e-04  6.58035278e-05
14 44 17 720159 -0.00020456 -0.00010729  0.00034094
14 44 17 770089 -2.90870667e-05 -2.18868256e-04 -1.93595886e-04
14 44 17 823115  2.61306763e-04 -1.36375427e-04  4.10079956e-05
14 44 17 872473 -4.23908234e-04 -1.00135803e-05 -4.24385071e-05
14 44 17 921218 -0.00029659  0.00029469 -0.00037098
14 44 17 970561 -4.00543213e-05 -3.35693359e-04  2.38418579e-05
