14 46 28 907673 
14 46 28 911369 0 41268
14 46 29 3888 0 41318
14 46 29 7613 0 41368
14 46 29 10742 0 41418
14 46 29 14349 0 41468
14 46 29 17893 0 41518
14 46 29 71215 
14 46 29 81814 0 40867
14 46 29 121314 0 40918
14 46 29 135713 0 40968
14 46 29 162432 0 41018
14 46 29 166418 0 41068
14 46 29 208792 0 41118
14 46 29 211815 0 41168
14 46 29 260400 0 41218
14 46 29 263328 0 41268
14 46 29 307287 0 41318
14 46 29 310668 0 41368
14 46 29 359993 0 41418
14 46 29 362789 0 41468
14 46 29 408856 0 41518
14 46 31 779667 0 1999
14 46 31 829313 0 2049
14 46 31 878563 0 2099
14 46 31 931082 0 2149
14 46 31 980303 0 2199
14 46 32 29614 0 2249
14 46 32 78654 0 2299
14 46 32 127866 0 2349
14 46 32 180907 0 2399
14 46 32 230221 0 2449
14 46 32 279318 0 2499
14 46 32 328471 0 2549
14 46 32 381751 0 2599
14 46 32 430914 0 2649
14 46 32 480025 0 2699
14 46 32 529969 0 2749
14 46 32 578892 0 2799
14 46 32 632107 0 2849
14 46 32 681172 0 2899
14 46 32 729921 0 2949
14 46 32 779035 0 2999
14 46 32 832063 0 3049
14 46 32 881479 0 3099
14 46 32 930602 0 3149
14 46 32 980303 0 3200
14 46 33 32886 0 3250
14 46 33 82149 0 3300
14 46 33 131259 0 3350
14 46 33 180467 0 3400
14 46 33 233505 0 3450
14 46 33 282757 0 3500
14 46 33 331963 0 3550
14 46 33 381117 0 3600
14 46 33 430233 0 3650
14 46 33 483524 0 3700
14 46 33 532711 0 3750
14 46 33 581813 0 3800
14 46 33 630956 0 3850
